3.64389394716294e-08,1.94923620580086e-08,9.52466465865706e-09,2.98095163409592e-08,1.82947561792045e-08,2.78392814194239e-08,1.66419940117426e-08,7.6851623178334e-09,7.98444843287535e-09,1.52876447512928e-08,8.44768100331931e-09,1.56852000466652e-08,6.58411523720514e-09,6.75283517415062e-09,4.31151487714198e-09,7.22866360913323e-09,7.2572432772908e-09,7.62610109411918e-09,5.85043738109375e-09,3.69630255361928e-09,2.85209479281217e-09,6.32594592827487e-09,3.67902085442249e-09,6.33498969162603e-09,3.09439696671736e-09,2.53055777308403e-09,2.47965912185801e-09,3.07477945415476e-09,2.78433084048354e-09,3.35868043350281e-09,2.43897759026869e-09,2.38703556060278e-09,2.51346453891375e-09,2.70909670908292e-09,2.991865965884e-09,3.18671028823348e-09,2.00142658506035e-09,2.11694716732087e-09,1.62505626335287e-09,2.50851240283615e-09,2.25036730317038e-09,2.84589153728886e-09,1.8475600937507e-09,1.36036413108792e-09,1.25377573643519e-09,1.92017918425387e-09,1.47693958982342e-09,1.99702245557233e-09,2.25127355671328e-08,8.96077995272625e-09,4.37902241997323e-09,1.72422227745598e-08,9.26471805050585e-09,1.66699710680299e-08,7.66093744224834e-09,3.85174436649721e-09,4.73895863001674e-09,7.7871818719369e-09,4.81412141289813e-09,8.72906732280981e-09,3.38271593029649e-09,4.18634729599106e-09,2.6023689560202e-09,4.18892130453854e-09,4.74545292305042e-09,4.7386002002558e-09,3.56847461523917e-09,2.49596811186127e-09,1.69915331239566e-09,4.25227176233379e-09,2.25200136288685e-09,3.8428619453484e-09,2.02198893059987e-09,1.47039260070982e-09,1.18374718869159e-09,1.75387453398457e-09,1.22392634779288e-09,1.94395176230599e-09,1.36935266689841e-09,1.13667520298237e-09,1.2532675690489e-09,1.24536585183051e-09,1.38926382028666e-09,1.32595636452465e-09,1.06208085255764e-09,9.1361847907423e-10,1.09283707021907e-09,1.11652672310415e-09,1.03322720166964e-09,1.44728164249617e-09,7.07213571556112e-10,1.00961873665993e-09,8.96587586451545e-10,9.6850335869784e-10,8.18971824424607e-10,9.36747967802678e-10
1.94923620580086e-08,7.53165142744149e-08,1.97003701172157e-08,3.78467608494717e-08,6.31619126660327e-08,2.86678477964625e-08,6.43571940181774e-08,1.6400244464848e-08,9.93124461458985e-09,5.36390536654472e-08,1.62736143432633e-08,5.28647623553539e-08,1.32733844821688e-08,8.10888485996366e-09,1.04927392484021e-08,1.31523333173035e-08,9.33976154746967e-09,1.34948906728041e-08,6.61867640103785e-09,8.61249518000668e-09,4.15233013404025e-09,7.70616984830412e-09,8.3643293709432e-09,7.56272103941854e-09,7.45112813809144e-09,3.73950295989538e-09,3.32706042014766e-09,7.28366014775692e-09,4.2394494692189e-09,7.82277186139382e-09,3.26962050673195e-09,2.8848718435132e-09,2.99500700805592e-09,3.66748128227157e-09,3.66143227761467e-09,4.28992913768997e-09,2.49445381551411e-09,2.61778808859495e-09,2.18601954936825e-09,3.09344219472522e-09,2.95287898296149e-09,3.46784848595527e-09,2.60574187239756e-09,2.03936144146894e-09,1.61015424360616e-09,2.82846039709399e-09,2.161701611398e-09,2.80708082380356e-09,1.17844581804168e-08,2.94317094634971e-08,1.0896353406779e-08,2.13877265955195e-08,2.6330977758238e-08,1.74398828216353e-08,2.43330989352942e-08,9.43646832109962e-09,4.74820072700425e-09,2.2263627819184e-08,9.15673298397717e-09,2.12638845796488e-08,8.5385934767051e-09,3.9530839017351e-09,4.4591512240751e-09,7.771427290905e-09,4.5526766750941e-09,7.3523592224852e-09,3.26501752140824e-09,4.13496215677641e-09,1.95575420208579e-09,3.89113665984609e-09,3.44527713382661e-09,3.91372698734832e-09,3.77706329826313e-09,1.73072215942871e-09,1.95456991884176e-09,3.24069920692874e-09,2.16197966538754e-09,4.05038580885868e-09,1.31017082004219e-09,1.54094004342996e-09,1.47672633239587e-09,1.61400839553785e-09,1.98055926087634e-09,1.73721831693714e-09,1.43033460095038e-09,1.21120216251971e-09,1.39844356045883e-09,1.69738036354295e-09,1.391440620898e-09,1.90281854246366e-09,1.1256863830498e-09,1.4897086057451e-09,1.03583251289343e-09,1.37884810658659e-09,1.33707873342028e-09,1.32179214089199e-09
9.52466465865706e-09,1.97003701172157e-08,4.15585895486267e-08,1.63690882499837e-08,3.4491245430438e-08,2.99479523672528e-08,1.6413456054984e-08,3.32713196001616e-08,1.45561676173723e-08,2.73671178934848e-08,2.7404474392869e-08,2.28009908809776e-08,2.83568289767523e-08,1.23530575862431e-08,7.91373310718993e-09,2.34221188974283e-08,1.25646554119581e-08,2.23206731844486e-08,1.04903106873768e-08,6.55587948863281e-09,4.42411220134094e-09,1.06066643300194e-08,6.13519381679211e-09,1.00306923157287e-08,5.24028633670775e-09,3.9936882295768e-09,2.82974202390981e-09,4.89703020135348e-09,4.53102970859818e-09,4.71613367562433e-09,3.78499576560731e-09,2.7208646184939e-09,2.75559308772097e-09,4.25772747317973e-09,3.20415778747326e-09,4.69612830906385e-09,2.33773417237989e-09,2.35915539090512e-09,1.75236152210637e-09,2.8098232217479e-09,2.63693392587222e-09,2.92852664741729e-09,2.48432095486939e-09,1.66279535852829e-09,1.49551230160392e-09,2.73781047469743e-09,1.7511411225717e-09,2.66850548726051e-09,5.53117267944208e-09,9.57821808709367e-09,2.03941952414635e-08,9.68811895266184e-09,1.7233588240268e-08,1.60179005838698e-08,7.69731837040452e-09,1.74442216468221e-08,8.64694493314693e-09,1.39660761134189e-08,1.58864651323378e-08,1.26489676936193e-08,1.56483069572521e-08,7.35414015011785e-09,3.35931279024239e-09,1.37953427562856e-08,7.10477075064123e-09,1.24081803368672e-08,6.34037335808276e-09,2.82214137917262e-09,2.07434561160777e-09,6.18060771582018e-09,2.68402598487907e-09,5.58955150556776e-09,2.34747529015145e-09,1.77907823916102e-09,1.31269628479709e-09,2.30868517839555e-09,1.9589788695081e-09,2.51285185885568e-09,1.74479844615423e-09,1.25960339079157e-09,1.82261046886826e-09,1.86707774037312e-09,1.77464273915988e-09,1.62783022859895e-09,9.51872384713436e-10,1.33259150039365e-09,8.82444186098988e-10,1.4154491789585e-09,1.6685339441726e-09,1.64739728420865e-09,1.12530659406119e-09,9.88715177392392e-10,8.15532460806736e-10,1.4926183425871e-09,1.146749818289e-09,1.41709877354331e-09
2.98095163409592e-08,3.78467608494717e-08,1.63690882499837e-08,5.14158977127368e-08,2.85283685786345e-08,4.00541030522607e-08,3.16528320867788e-08,1.34871240013857e-08,8.74267972768869e-09,2.39612104107999e-08,1.34673201988695e-08,2.35434661242361e-08,1.13452281540156e-08,7.3826206384552e-09,9.44047328527323e-09,1.13816449628492e-08,7.90886230039435e-09,1.16206407653181e-08,6.0913099428115e-09,7.73544934974617e-09,3.3965457204875e-09,6.64706539699759e-09,7.40441459266366e-09,6.15316052478653e-09,6.81442386605079e-09,3.08246570572398e-09,2.94359341334197e-09,6.47563296847813e-09,3.6120649069889e-09,7.03598914615574e-09,2.93832722230254e-09,2.79835110830691e-09,2.84145992478176e-09,3.39456976328876e-09,3.48762063167366e-09,3.88704066951731e-09,2.35934392335806e-09,2.51697255159866e-09,1.92462267013739e-09,2.88474716366093e-09,2.69847848718125e-09,3.21263932564883e-09,2.27469204164706e-09,1.64118879555149e-09,1.48727187594729e-09,2.40334597027466e-09,1.94068718376561e-09,2.65225822139683e-09,1.86009443479671e-08,1.96904443346202e-08,9.00629536183082e-09,2.9140120856675e-08,1.58194844956737e-08,2.37917457495505e-08,1.60678542835366e-08,7.96672305358183e-09,4.88785423890895e-09,1.35844397244444e-08,7.81944871984786e-09,1.30357160911128e-08,7.19123859704541e-09,4.18960786115316e-09,4.36230630015158e-09,6.84396312936113e-09,5.01185289456095e-09,7.11186437168943e-09,3.61662147733e-09,4.06921029586962e-09,2.02307795093437e-09,4.45988655266684e-09,3.57116086944813e-09,4.15924243527652e-09,3.71341935419613e-09,1.77159149795065e-09,1.29892002841742e-09,3.42261190499437e-09,1.65388167063708e-09,3.60966171064854e-09,1.58294117357188e-09,1.1309632649743e-09,1.65191168805306e-09,1.43503607073284e-09,1.58106196919678e-09,1.72496997830337e-09,1.0546097937779e-09,1.37756927717364e-09,1.06514598643717e-09,1.25133561470476e-09,1.28662515412071e-09,1.36852108757503e-09,1.0829998202208e-09,1.152819802072e-09,1.15343389425099e-09,1.25071916467997e-09,1.21540514076405e-09,1.46317614291268e-09
1.82947561792045e-08,6.31619126660327e-08,3.4491245430438e-08,2.85283685786345e-08,8.68250442313213e-08,4.46120881034523e-08,5.36460746500639e-08,2.73542146567067e-08,1.49214028938811e-08,7.06184065643191e-08,2.32737486813067e-08,6.41339314946749e-08,2.23951564975954e-08,1.2203122719323e-08,8.54311150363644e-09,1.89244441499946e-08,1.31949601128716e-08,1.88234070669865e-08,1.02877114750995e-08,7.22369454504263e-09,5.99619634608362e-09,1.10380238310619e-08,6.90260976355772e-09,1.08517785557445e-08,5.95580641071839e-09,5.46173005899583e-09,3.73595859162357e-09,5.84786860942955e-09,6.29511251646034e-09,5.88595346970103e-09,4.84496393109513e-09,3.2627608751459e-09,3.36841937732158e-09,5.57089860770703e-09,4.10609960810497e-09,6.24510712242487e-09,3.00322342341909e-09,2.98860949572165e-09,2.51172666364764e-09,3.72595157349916e-09,3.41257501349209e-09,4.08265233206172e-09,3.2692733695603e-09,2.52001081874978e-09,2.08293468329539e-09,3.67018670016848e-09,2.49867152816798e-09,3.46705718423409e-09,1.06295446043509e-08,2.24811699957464e-08,1.7710730899794e-08,1.57308100583889e-08,3.62973251468011e-08,2.54960897468173e-08,1.86299693738017e-08,1.48192960773327e-08,7.87323198415116e-09,2.96623264120945e-08,1.36620809111794e-08,2.70739876641371e-08,1.32014485280788e-08,6.41018841661195e-09,3.49984484547991e-09,1.13763808196388e-08,6.76722173843983e-09,1.06182131324975e-08,5.41831308330371e-09,3.3068706184058e-09,2.83597523568083e-09,6.01540227080821e-09,2.68384000293583e-09,5.80696567509031e-09,2.96822088219682e-09,2.5846025962028e-09,1.81808498049827e-09,2.48708769117979e-09,3.18307750030616e-09,3.04382194687162e-09,2.14449508564046e-09,1.479258423016e-09,1.86149679545547e-09,2.53871476937154e-09,2.23526282085829e-09,2.38845938442965e-09,1.352061003976e-09,1.38567505052734e-09,1.40118768971695e-09,1.92946655061359e-09,1.55872574926252e-09,2.03417995444022e-09,1.26820661623233e-09,1.61089051443968e-09,1.11422540851086e-09,1.4690473515048e-09,1.58095508070327e-09,1.58310139348567e-09
2.78392814194239e-08,2.86678477964625e-08,2.99479523672528e-08,4.00541030522607e-08,4.46120881034523e-08,6.02751308001858e-08,2.40336884030039e-08,2.35104535266289e-08,1.32009298484517e-08,3.57478297874499e-08,1.98851203436477e-08,3.13439896811926e-08,1.97814278945097e-08,1.09532179740045e-08,7.77390563771241e-09,1.66625588733561e-08,1.15386139901906e-08,1.66243605940158e-08,9.30994985028341e-09,6.69362413952446e-09,5.42221263881779e-09,9.81024153339108e-09,6.23332638678964e-09,9.1644808541073e-09,5.46010539505249e-09,4.86899935537211e-09,3.3854752255541e-09,5.05253141432209e-09,5.67822323875627e-09,5.23306070999394e-09,4.62846544054769e-09,3.21961482616839e-09,3.55867020809996e-09,5.32213057458604e-09,3.9177928987166e-09,5.71619438707966e-09,2.99490789386429e-09,3.23398156154845e-09,2.33454413446886e-09,3.65140859001984e-09,3.49419115096248e-09,3.92573309024522e-09,3.11407379473584e-09,2.03679416864915e-09,1.96988734014759e-09,3.27336356302601e-09,2.28158023693952e-09,3.45055422001928e-09,1.67984281458149e-08,1.45074052530877e-08,1.48788294840006e-08,2.21230562831824e-08,2.44509503840895e-08,3.44683620363751e-08,1.1992316509413e-08,1.2759309466855e-08,7.75247763340027e-09,2.00902231864703e-08,1.14710467787817e-08,1.81799034961228e-08,1.14211813432177e-08,6.48682461440797e-09,3.41452106217271e-09,9.8619974964514e-09,7.22180762664782e-09,1.01207434248066e-08,5.4991641196591e-09,3.15319198719038e-09,2.79784216471126e-09,6.4672459983546e-09,2.28412239158237e-09,5.58583562850308e-09,2.76687666421774e-09,2.5312416570748e-09,1.3030775634171e-09,2.21343044421504e-09,2.6284324978131e-09,2.2444022209749e-09,2.41947803200335e-09,1.13936056201501e-09,2.3215746864874e-09,2.40188405269036e-09,1.93313130398237e-09,2.40460034258888e-09,1.18570711023014e-09,1.99718662508603e-09,1.07712893067433e-09,1.61594991475518e-09,1.79234593486935e-09,1.51505718839731e-09,1.53565695316271e-09,1.32090414723815e-09,1.21393298773418e-09,1.56440407899693e-09,1.48809416444307e-09,1.87312220471633e-09
1.66419940117426e-08,6.43571940181774e-08,1.6413456054984e-08,3.16528320867788e-08,5.36460746500639e-08,2.40336884030039e-08,7.89179791195752e-08,2.04217458822483e-08,1.19625621018994e-08,6.91156263552884e-08,2.0467073167191e-08,6.81561031082171e-08,1.66710704578733e-08,9.72023328174606e-09,1.21553026453039e-08,1.66935854210019e-08,1.14639539427161e-08,1.76486202422642e-08,8.07044439468697e-09,9.71278374200253e-09,4.66016698382672e-09,9.36246942536382e-09,9.45331716425801e-09,9.12090268343958e-09,8.4563089690311e-09,4.21245519871809e-09,3.77137524707694e-09,8.30292323724406e-09,4.93163373211319e-09,9.07957984574472e-09,3.70456078033151e-09,3.2267552982706e-09,3.55854956261584e-09,4.26708413411243e-09,4.21609705527137e-09,4.95860242223561e-09,2.7906958024628e-09,3.11594036440052e-09,2.49198252636714e-09,3.59462643267219e-09,3.46511577417789e-09,4.02463345315384e-09,2.94544696996524e-09,2.23635429093557e-09,1.94602993461272e-09,3.19561152768707e-09,2.38810152319594e-09,3.13245541625881e-09,1.01288826117361e-08,2.43348115544203e-08,9.43613150616392e-09,1.77628128055348e-08,2.22704981322497e-08,1.49784928028413e-08,3.05856981418951e-08,1.08646973944931e-08,5.64574292079376e-09,2.80377542754787e-08,1.14091358544126e-08,2.85945154071134e-08,9.93185306872184e-09,4.8426022501887e-09,4.58734346069937e-09,9.95405902597552e-09,5.92550087733584e-09,9.56212654035203e-09,4.06251084045598e-09,4.58069760810515e-09,2.32022089113683e-09,5.19924665949796e-09,3.78696519136667e-09,4.73868774435341e-09,4.20685714656923e-09,2.07854511689105e-09,2.2872881508892e-09,3.60164081006173e-09,2.49743543757999e-09,4.57748409064364e-09,1.63714750618489e-09,1.86866769298626e-09,1.8556278277876e-09,1.98577300514037e-09,2.30231832515424e-09,2.06112510803511e-09,1.63196558475048e-09,1.63004038827417e-09,1.55271993012975e-09,1.91877913783989e-09,1.90202553647893e-09,2.35572270987205e-09,1.29623954908195e-09,1.48619105066911e-09,1.1427766439413e-09,1.70308266270427e-09,1.43176227265603e-09,1.72133852536831e-09
7.6851623178334e-09,1.6400244464848e-08,3.32713196001616e-08,1.34871240013857e-08,2.73542146567067e-08,2.35104535266289e-08,2.04217458822483e-08,3.91978660273607e-08,1.74320339810226e-08,3.4094218814709e-08,3.24681785254075e-08,2.88273675080785e-08,3.34673628506555e-08,1.47533042428272e-08,8.8746164082834e-09,2.78108793042704e-08,1.46644134932574e-08,2.64283886999994e-08,1.2552591510914e-08,7.19212033920626e-09,5.50931808680183e-09,1.23651628281474e-08,6.95174586586925e-09,1.1704230405381e-08,5.73133945313314e-09,4.98398279568813e-09,3.53372780631811e-09,5.54347850752821e-09,5.51930415853869e-09,5.49546880472789e-09,4.67508571231461e-09,3.27515112315533e-09,3.18948611056318e-09,5.0933963133114e-09,3.86690998744737e-09,5.49784912068543e-09,2.85368977380084e-09,2.73628563135575e-09,2.02707550789891e-09,3.43864829128511e-09,2.89539864918922e-09,3.38238398577017e-09,2.49515370432306e-09,1.82450532651674e-09,1.50364763804431e-09,2.62133922804562e-09,1.81638742079263e-09,2.59838374394449e-09,4.61923457969587e-09,7.69463154907852e-09,1.74399774212142e-08,7.99603377033766e-09,1.39656412609283e-08,1.32574791229117e-08,9.958590996667e-09,2.07910008222278e-08,1.0213445816237e-08,1.80888382063047e-08,1.90735772651685e-08,1.65708733454697e-08,1.889096111462e-08,8.93979237523467e-09,3.80186561461733e-09,1.68983949800733e-08,8.84871929214577e-09,1.53170813429964e-08,7.80043459954408e-09,3.21256632940092e-09,2.73178076760169e-09,7.86897281912592e-09,2.99871343778679e-09,6.66370433643486e-09,2.63468886913347e-09,2.40888035453588e-09,1.80439080559496e-09,2.53805112080092e-09,2.57463390458736e-09,3.11490609439063e-09,2.28738995329418e-09,1.58918756793276e-09,1.95310694903393e-09,2.3953066535386e-09,1.95172504325326e-09,1.85207859198464e-09,1.28526005944607e-09,1.51947381797052e-09,9.14643088119612e-10,1.66814715734923e-09,1.8366461615636e-09,1.91150729579995e-09,1.26763378345701e-09,8.79179227302126e-10,8.56508570488091e-10,1.69746859125138e-09,1.13479994841125e-09,1.77144371868769e-09
7.98444843287535e-09,9.93124461458985e-09,1.45561676173723e-08,8.74267972768869e-09,1.49214028938811e-08,1.32009298484517e-08,1.19625621018994e-08,1.74320339810226e-08,4.51880915491803e-08,1.86346913613446e-08,3.46954914362336e-08,3.35471416080112e-08,1.47596081465939e-08,3.65759258476221e-08,1.74019408534322e-08,2.87103713156199e-08,3.02052294699015e-08,2.32463352072583e-08,3.02041145942385e-08,1.39592986452571e-08,7.03506829507959e-09,2.49462745629893e-08,1.27061649253691e-08,2.26068860039058e-08,1.09945435937643e-08,5.98030931253264e-09,6.07765926734448e-09,9.98751927158937e-09,6.00760702948434e-09,9.43229147896599e-09,5.08980583876238e-09,5.4029524071097e-09,3.66410171610464e-09,5.08714362712345e-09,6.19843658187888e-09,5.59173226742544e-09,4.7715784328481e-09,3.22445600520363e-09,2.77866077740636e-09,5.44553197728602e-09,3.6212364527966e-09,5.85441669800669e-09,2.8651333534275e-09,2.57585487007077e-09,1.82918756935284e-09,3.23876357940805e-09,2.2243319832138e-09,2.96982102079439e-09,5.14117746243222e-09,5.18224087615619e-09,7.28328268832215e-09,5.48385868181632e-09,7.9184172808707e-09,7.78406707053463e-09,5.93360932136738e-09,8.14428133466816e-09,2.56507833947036e-08,9.55751096889995e-09,1.87067029306807e-08,2.0071271507735e-08,7.5060729070213e-09,2.13769864259269e-08,9.29308732741324e-09,1.6426496391843e-08,1.82008281408061e-08,1.36371430989307e-08,1.84043850821329e-08,7.61933395888387e-09,3.3532489922409e-09,1.52084694655443e-08,6.1256300092214e-09,1.2626459404118e-08,6.00607682756573e-09,2.9250163026024e-09,3.3251471178237e-09,4.92080531972998e-09,3.16247093432075e-09,5.53890121574743e-09,2.60099981770895e-09,2.87778233183059e-09,2.23378246342320e-09,2.81625608694056e-09,3.13825350320402e-09,2.70855860067732e-09,2.54778965822442e-09,1.73956742647573e-09,1.47010085679153e-09,2.79511227847711e-09,2.15853483137652e-09,3.44938669079543e-09,1.50490520427838e-09,1.3585639469848e-09,1.03753081721277e-09,1.86788057252292e-09,1.28808649838736e-09,2.03928018302506e-09
1.52876447512928e-08,5.36390536654472e-08,2.73671178934848e-08,2.39612104107999e-08,7.06184065643191e-08,3.57478297874499e-08,6.91156263552884e-08,3.4094218814709e-08,1.86346913613446e-08,9.39504883006145e-08,2.93891124623275e-08,8.57407625372613e-08,2.82582530049879e-08,1.53218918586875e-08,1.04878874776173e-08,2.42259078495843e-08,1.62947628540525e-08,2.44271376659042e-08,1.31029943823095e-08,8.23644095174378e-09,7.23720474661831e-09,1.348397803859e-08,7.88308122367497e-09,1.30653269263231e-08,6.68099115344849e-09,6.63102486055249e-09,4.55390962548387e-09,6.58475608974917e-09,7.53905087615390e-09,6.76126064082603e-09,5.92971909333249e-09,3.97824766281996e-09,4.04112614164648e-09,6.67928835357382e-09,5.02577827491601e-09,7.2537293832713e-09,3.6530228711925e-09,3.55641931395522e-09,2.92277789103224e-09,4.59667023315858e-09,3.89427678283164e-09,4.8625274504863e-09,3.43756943775565e-09,2.75761625710285e-09,2.36533755195158e-09,3.7365401980586e-09,2.72221458540278e-09,3.55139822661845e-09,9.29882165715591e-09,1.86302141739252e-08,1.4816711631008e-08,1.35187119360478e-08,2.9668805282745e-08,2.13796974676276e-08,2.53678994374434e-08,1.71764815184988e-08,9.83764628387421e-09,3.94012411243001e-08,1.6618217641196e-08,3.90316536729464e-08,1.54798244531675e-08,8.55981479350972e-09,3.44276046910452e-09,1.44463623447108e-08,9.33273807268437e-09,1.30040990430235e-08,7.39515285695868e-09,3.97110528665091e-09,3.32147532935392e-09,8.44988887764662e-09,2.86636546650678e-09,7.28096831050469e-09,3.34318548216415e-09,3.23271782564202e-09,2.51240273516909e-09,2.6040255452911e-09,3.76488127497246e-09,3.67627507665653e-09,2.71713634936752e-09,2.13754830089369e-09,2.2075099236056e-09,3.07947067529682e-09,2.62344106978783e-09,2.41036454306236e-09,1.90900255060216e-09,1.85803725409027e-09,1.49560415122958e-09,2.30663560596624e-09,2.04307006021366e-09,2.70811597744006e-09,1.48192795521857e-09,1.48063808125359e-09,1.37770468221572e-09,1.78880478396946e-09,1.68390288791079e-09,1.91052414746732e-09
8.44768100331931e-09,1.62736143432633e-08,2.7404474392869e-08,1.34673201988695e-08,2.32737486813067e-08,1.98851203436477e-08,2.0467073167191e-08,3.24681785254075e-08,3.46954914362336e-08,2.93891124623275e-08,5.42162090335555e-08,4.74574608139978e-08,2.78145457150269e-08,2.87062242890553e-08,1.58580679898677e-08,4.56376397860066e-08,2.33889658956957e-08,3.78676158676261e-08,2.39863942506885e-08,1.28975327611517e-08,7.0220360775499e-09,1.95248366478708e-08,1.17692365880412e-08,1.76403298897639e-08,1.03328233032427e-08,5.97233327026067e-09,6.51621489395955e-09,9.44282286238863e-09,6.14032655158583e-09,9.08791183014254e-09,5.17897750082542e-09,5.9358792007835e-09,4.28965991884219e-09,5.32081494004721e-09,6.83948181640808e-09,5.9296790380155e-09,5.25436315228164e-09,3.73262815953359e-09,3.15489668012485e-09,6.05275017792260e-09,4.31206395129769e-09,6.71426530981323e-09,3.36418522317668e-09,2.9574459169944e-09,2.23730807803755e-09,3.85534928483097e-09,2.67606970383262e-09,3.644623113365e-09,5.53364427822099e-09,7.61318512012615e-09,1.51090285563472e-08,8.31652049899135e-09,1.24504442974921e-08,1.25112187890422e-08,1.00511885643885e-08,1.75609713221093e-08,1.97397586418293e-08,1.55953426360525e-08,2.99203557396224e-08,2.69550175900169e-08,1.60485414116715e-08,1.67871505350451e-08,7.57416251645501e-09,2.67469609236472e-08,1.41143825460931e-08,2.22687062842049e-08,1.4896837620497e-08,6.24473113496246e-09,3.63207284998992e-09,1.21626636617338e-08,5.64624353365537e-09,1.02015385306158e-08,5.24539132898368e-09,3.07070641145258e-09,3.23377992815743e-09,4.80065644175518e-09,2.99565219214614e-09,5.28854872221962e-09,2.74624395086664e-09,2.9235167670875e-09,2.21643246393032e-09,2.84690095169719e-09,3.10245873832793e-09,2.68316460515505e-09,2.51480921841007e-09,1.75299031621324e-09,1.60827514312086e-09,2.6591688866517e-09,2.14664612695021e-09,3.50280429523395e-09,1.40002349621936e-09,1.4691011775834e-09,1.24796691288501e-09,1.7972966029872e-09,1.56062317826149e-09,2.24842789853538e-09
1.56852000466652e-08,5.28647623553539e-08,2.28009908809776e-08,2.35434661242361e-08,6.41339314946749e-08,3.13439896811926e-08,6.81561031082171e-08,2.88273675080785e-08,3.35471416080112e-08,8.57407625372613e-08,4.74574608139978e-08,1.1405327801143e-07,2.37691388566058e-08,2.74298711131736e-08,1.56428224780745e-08,3.89515118152876e-08,2.37180489740569e-08,3.36415583443308e-08,2.28382138129606e-08,1.23468062674954e-08,7.66384593812283e-09,1.94703243761083e-08,1.16370642212995e-08,1.8329984409579e-08,9.65874626905884e-09,6.36502327885288e-09,7.49260814189445e-09,9.29918718403051e-09,6.83926666738627e-09,9.222228239174e-09,5.29768844619053e-09,6.630679237995e-09,4.96102117170707e-09,5.717750751081e-09,7.89140766687131e-09,6.48095602866319e-09,6.00202244317375e-09,4.39528772954621e-09,3.87765362648071e-09,7.11058171495191e-09,5.11797816850419e-09,7.99118078310691e-09,4.0980252506816e-09,3.64024034211093e-09,2.90789169670058e-09,4.70806059001499e-09,3.44199754300453e-09,4.42083816210748e-09,9.39606043311509e-09,1.79091846183922e-08,1.29828856228137e-08,1.36362368201116e-08,2.65621502245694e-08,1.90308918802167e-08,2.47440131595683e-08,1.466880803174e-08,1.82953543901757e-08,3.50145518389681e-08,2.59151006890081e-08,5.29414955984431e-08,1.32149429346855e-08,1.55361158765817e-08,7.35200352613461e-09,2.29198341071603e-08,1.45224285663207e-08,1.95140239772072e-08,1.36618722089353e-08,7.11399338309972e-09,3.52655516529415e-09,1.26287961328662e-08,5.39899546426107e-09,1.0699957957353e-08,5.51839114862459e-09,2.97628443405829e-09,3.45875934090972e-09,4.526409213252e-09,3.31766909918898e-09,5.72379785318244e-09,2.30074660019654e-09,3.08546767471069e-09,2.53498125344381e-09,2.73956029739495e-09,3.62559563613468e-09,2.61026012294165e-09,2.83490294680019e-09,2.16412089765687e-09,2.05480993685033e-09,3.29378291163287e-09,2.57902573820719e-09,4.35321001316213e-09,1.69199050114372e-09,1.87240880469629e-09,1.61795283372015e-09,2.10543671755165e-09,1.91604620553282e-09,2.39494447618216e-09
6.58411523720514e-09,1.32733844821688e-08,2.83568289767523e-08,1.13452281540156e-08,2.23951564975954e-08,1.97814278945097e-08,1.66710704578733e-08,3.34673628506555e-08,1.47596081465939e-08,2.82582530049879e-08,2.78145457150269e-08,2.37691388566058e-08,4.01840361260406e-08,1.7222045067074e-08,1.02845464811134e-08,3.35870401475586e-08,1.67540337951388e-08,3.16917157733457e-08,1.45713941977018e-08,8.42210281586606e-09,6.33359945872164e-09,1.41065890251916e-08,8.38202953253342e-09,1.35986852878235e-08,6.79892615356704e-09,5.57411406372662e-09,3.96114758819829e-09,6.76016890580901e-09,6.21604743727529e-09,6.50811167539203e-09,5.15896775394751e-09,3.68540897675728e-09,3.4735507635202e-09,5.66560301024806e-09,4.32151493376308e-09,6.15514524836505e-09,3.24910096575249e-09,2.96427730751761e-09,2.245694592834e-09,3.83478563921366e-09,3.13217305445181e-09,3.80137695582127e-09,2.60653206605314e-09,1.88034552075962e-09,1.69853850864171e-09,2.70739964054882e-09,1.99544553142041e-09,2.73662233100075e-09,4.18654004571971e-09,7.89995857401150e-09,1.56365556307291e-08,7.82204667415859e-09,1.27047134070688e-08,1.23931743657959e-08,9.62255019550736e-09,1.88869482931319e-08,8.93671365076486e-09,1.64278929570836e-08,1.68966111908499e-08,1.43129921325091e-08,2.24047373652938e-08,1.10224706133513e-08,5.48485308089788e-09,2.08440836951227e-08,1.02150165153713e-08,1.85284711476387e-08,9.61135456320197e-09,4.66929499650494e-09,3.08440944911904e-09,9.04273744213562e-09,4.67513706479426e-09,7.96706496014461e-09,3.84203620218062e-09,2.51713682371797e-09,1.84960004648236e-09,3.97358300775427e-09,2.67686366648518e-09,4.19128470405929e-09,2.30880694816771e-09,1.59467058121198e-09,2.07705256234949e-09,2.46761632055233e-09,2.05316661771085e-09,2.00579129753969e-09,1.35003329934682e-09,1.56552423347125e-09,9.21728690985479e-10,1.79847917029898e-09,1.78098611076721e-09,1.88091456627739e-09,1.25315600626407e-09,9.43297167291822e-10,9.46674340358265e-10,1.64350152699529e-09,1.09352493345167e-09,1.75368686002545e-09
6.75283517415062e-09,8.10888485996366e-09,1.23530575862431e-08,7.3826206384552e-09,1.2203122719323e-08,1.09532179740045e-08,9.72023328174606e-09,1.47533042428272e-08,3.65759258476221e-08,1.53218918586875e-08,2.87062242890553e-08,2.74298711131736e-08,1.7222045067074e-08,4.21667157580832e-08,2.00508686790082e-08,3.37015353085022e-08,3.46051976579667e-08,2.70400705900961e-08,3.47332282143742e-08,1.6127011978484e-08,8.2850387574234e-09,2.84878157867176e-08,1.48741807816323e-08,2.61379832144066e-08,1.2834190515385e-08,6.91405708203803e-09,6.78706960715674e-09,1.17933415914209e-08,6.8763831199806e-09,1.09123663026588e-08,5.62790290737542e-09,5.99058068288913e-09,3.94409402506908e-09,5.63654999712516e-09,6.88763125986764e-09,6.19007279710968e-09,5.37669530061653e-09,3.46955447758858e-09,3.16386710011634e-09,6.1248394050011e-09,4.06004116029294e-09,6.71396151003674e-09,3.04132103530189e-09,2.80550306370203e-09,2.28201126111308e-09,3.57138663266445e-09,2.68289413506947e-09,3.49588286731056e-09,4.54997929948625e-09,4.17681385512945e-09,6.50993416896245e-09,4.7813496774428e-09,6.96021915196746e-09,6.95752452861494e-09,4.78692623547562e-09,7.50124728257265e-09,2.13689409131119e-08,8.16774493886617e-09,1.6422178274376e-08,1.68794103070324e-08,8.90323753891875e-09,2.58542421134953e-08,1.18335014820908e-08,1.95566574705199e-08,2.12526409122765e-08,1.60439279567059e-08,2.22280500809895e-08,9.74639708956571e-09,4.03684201315553e-09,1.77666567983406e-08,8.40221982465513e-09,1.54625933402591e-08,7.85082924095468e-09,3.54566525873545e-09,3.69920707854238e-09,6.92310953298035e-09,3.76257560690888e-09,7.2344738492858e-09,2.76337584036785e-09,3.07463051736708e-09,2.32120131158542e-09,3.0112174403767e-09,3.32516021437138e-09,2.77682820934418e-09,2.77888656597735e-09,1.73613109352185e-09,1.65572017220745e-09,3.04154475579471e-09,2.07432898128088e-09,3.78259963177563e-09,1.51049991625902e-09,1.66858840863292e-09,1.44554239519086e-09,1.90555476779705e-09,1.71070096253028e-09,2.33580405432513e-09
4.31151487714198e-09,1.04927392484021e-08,7.91373310718993e-09,9.44047328527323e-09,8.54311150363644e-09,7.77390563771241e-09,1.21553026453039e-08,8.8746164082834e-09,1.74019408534322e-08,1.04878874776173e-08,1.58580679898677e-08,1.56428224780745e-08,1.02845464811134e-08,2.00508686790082e-08,5.43772373692946e-08,1.83647776065662e-08,4.07457492235622e-08,3.70560313587803e-08,1.61326104541673e-08,4.4046452823934e-08,1.72196266454832e-08,3.3123820230996e-08,3.22581987679099e-08,2.38616919366358e-08,3.64868045385111e-08,1.42350790512241e-08,8.20630285263456e-09,2.61119344516821e-08,1.31731854969533e-08,2.43015306348286e-08,1.12554052077839e-08,6.69570442086704e-09,8.88251645405908e-09,1.04098722658568e-08,6.91856601252033e-09,1.05162041979446e-08,5.74813728002096e-09,7.85995242077864e-09,4.1348353463183e-09,5.91243068314555e-09,8.42297788811845e-09,6.89346947061134e-09,7.04094254198507e-09,3.63432163106739e-09,2.45886980047812e-09,7.38604674546843e-09,3.69321782519176e-09,7.78946525727762e-09,3.09627400274249e-09,5.07293444244882e-09,3.69743821185841e-09,5.44498117701179e-09,4.5956688510037e-09,4.92013028757224e-09,5.65207190083422e-09,4.64460632849427e-09,9.93717255462670e-09,6.20529637759493e-09,8.6963922656371e-09,9.85461981787688e-09,5.49080596826837e-09,1.17845062118499e-08,2.76517914336426e-08,1.07942093736333e-08,2.04659130061595e-08,1.81831807322907e-08,9.93036852670014e-09,2.26622311734692e-08,8.81735860265052e-09,1.6729455957457e-08,1.66244434341675e-08,1.22834688133507e-08,1.86055643971558e-08,7.19795246281414e-09,4.58598526063387e-09,1.35715635541942e-08,7.38107288593367e-09,1.3766949126379e-08,5.28813235290756e-09,3.77288859464357e-09,3.99607646317256e-09,5.6274086137496e-09,3.59434701181115e-09,5.09530619281e-09,3.06189541136228e-09,3.22861634782505e-09,2.63629872744189e-09,3.06501259442676e-09,4.21898172230838e-09,3.98714958279751e-09,2.77338649754709e-09,2.529869500139e-09,1.74529050241465e-09,3.87992751313741e-09,2.49924456212652e-09,4.21755705681614e-09
7.22866360913323e-09,1.31523333173035e-08,2.34221188974283e-08,1.13816449628492e-08,1.89244441499946e-08,1.66625588733561e-08,1.66935854210019e-08,2.78108793042704e-08,2.87103713156199e-08,2.42259078495843e-08,4.56376397860066e-08,3.89515118152876e-08,3.35870401475586e-08,3.37015353085022e-08,1.83647776065662e-08,5.47724407202434e-08,2.70739035131193e-08,4.51832047823618e-08,2.80351100500833e-08,1.49234174649391e-08,8.17000583213008e-09,2.25102596395912e-08,1.38907025625021e-08,2.07222882295566e-08,1.20248259346487e-08,6.82709540722316e-09,7.2129881914533e-09,1.11706548898569e-08,6.97435052540416e-09,1.05012714684692e-08,5.73499754548337e-09,6.53883140775516e-09,4.54983626781252e-09,5.94614614780261e-09,7.59540708166161e-09,6.5979682849466e-09,5.88088226013257e-09,3.96237560764232e-09,3.47780926500641e-09,6.80320184523646e-09,4.68038445272305e-09,7.58143832994281e-09,3.50927734921789e-09,3.08317219152372e-09,2.56101034064712e-09,4.0857168272692e-09,2.98531825887288e-09,3.9908780411572e-09,4.78509586756031e-09,7.38532268360363e-09,1.33553960131111e-08,7.69557443490933e-09,1.09872589137861e-08,1.11196045814923e-08,9.21436596137954e-09,1.60430949454867e-08,1.6780445847211e-08,1.37151005326746e-08,2.67432759984823e-08,2.33432528251321e-08,1.92567275904443e-08,2.10431447337168e-08,9.90837164496627e-09,3.2576392092911e-08,1.65471903194924e-08,2.66590136693291e-08,1.85024183384971e-08,8.33315617117552e-09,4.14554431462911e-09,1.42882492137801e-08,8.06017200522192e-09,1.26181316468455e-08,6.96823805676444e-09,3.50912924023781e-09,3.40170869040486e-09,6.82528038461174e-09,3.2862616996907e-09,6.94227195416615e-09,2.82382554902122e-09,2.98657668636465e-09,2.23912042592115e-09,2.80291114852665e-09,3.32066136864834e-09,2.59048936824448e-09,2.61614720327125e-09,1.73764184848486e-09,1.59496300590810e-09,2.92893194184867e-09,1.99582990067492e-09,3.74667779182319e-09,1.40278736248707e-09,1.57391055264159e-09,1.49546188652898e-09,1.74563919714053e-09,1.78908666688987e-09,2.37664357400517e-09
7.2572432772908e-09,9.33976154746967e-09,1.25646554119581e-08,7.90886230039435e-09,1.31949601128716e-08,1.15386139901906e-08,1.14639539427161e-08,1.46644134932574e-08,3.02052294699015e-08,1.62947628540525e-08,2.33889658956957e-08,2.37180489740569e-08,1.67540337951388e-08,3.46051976579667e-08,4.07457492235622e-08,2.70739035131193e-08,6.05350670735164e-08,4.91220183636592e-08,2.84909980682595e-08,3.31196520174621e-08,1.61265558517786e-08,4.91455469666828e-08,2.40879509346768e-08,3.80759877747957e-08,2.71406779721702e-08,1.31108841751099e-08,8.06568701381861e-09,1.9143981405992e-08,1.2311073938372e-08,1.73997806094311e-08,1.02232324887589e-08,6.52353545835771e-09,8.91340651481701e-09,9.62863988563877e-09,7.03991539013395e-09,9.56528451573136e-09,5.63956955296878e-09,7.77420735547614e-09,4.25286679089652e-09,6.10009025453381e-09,8.26439447149495e-09,7.00910471065622e-09,6.86112162539472e-09,3.70831751801418e-09,2.61212687849113e-09,7.13443992771383e-09,3.34983269232941e-09,7.25372829212312e-09,5.21918430476028e-09,5.16506259997278e-09,6.72149027478175e-09,5.74330423344905e-09,7.72679519264304e-09,7.84280348256268e-09,5.984702677014e-09,8.05061005559213e-09,1.86898179508515e-08,1.00071235097062e-08,1.30488868070033e-08,1.50519767644264e-08,9.28017036238994e-09,2.22298650423134e-08,2.14175934206531e-08,1.61356512726348e-08,3.27062631955194e-08,2.54429972427269e-08,1.85340581555779e-08,1.83129770032327e-08,8.53143336000712e-09,2.7083634333308e-08,1.33528804745604e-08,2.18171398219099e-08,1.49547999367529e-08,7.19952316624598e-09,4.63148542082499e-09,1.06649054347518e-08,7.57543568220044e-09,1.1505407257271e-08,5.19180870669796e-09,3.69075312238981e-09,4.24289305040178e-09,5.63678051261056e-09,3.87286837657772e-09,5.16568390699313e-09,3.10449728619016e-09,3.41624041168075e-09,2.66123966073662e-09,3.42101732009774e-09,4.15317863782365e-09,4.13731545732855e-09,2.94632187184823e-09,2.50920900678158e-09,1.57886019006514e-09,3.7054136837167e-09,2.25051668188195e-09,3.73811586240799e-09
7.62610109411918e-09,1.34948906728041e-08,2.23206731844486e-08,1.16206407653181e-08,1.88234070669865e-08,1.66243605940158e-08,1.76486202422642e-08,2.64283886999994e-08,2.32463352072583e-08,2.44271376659042e-08,3.78676158676261e-08,3.36415583443308e-08,3.16917157733457e-08,2.70400705900961e-08,3.70560313587803e-08,4.51832047823618e-08,4.91220183636592e-08,7.1686890590169e-08,2.25067929731894e-08,3.00741181956484e-08,1.49937948102472e-08,3.99166597447212e-08,2.16985616696187e-08,3.02438275917325e-08,2.47452518422397e-08,1.21403625031583e-08,7.59958530905185e-09,1.73465472555257e-08,1.1354474424851e-08,1.55385012114818e-08,9.59031646755549e-09,6.31244977570343e-09,9.27123525841171e-09,9.01601812764802e-09,7.20629821190126e-09,9.43525294859424e-09,5.36869244123276e-09,8.16113699778149e-09,4.37419389079287e-09,6.21572886676242e-09,9.09554029456662e-09,7.15834392075823e-09,7.25017769000123e-09,3.73352432314612e-09,2.75705672244218e-09,7.79865041569376e-09,3.58149710767998e-09,7.8520043695888e-09,5.73064538761902e-09,8.05974084173835e-09,1.30743610571023e-08,8.77867181122748e-09,1.10889875762435e-08,1.17315710870875e-08,1.02324295618618e-08,1.59350795299742e-08,1.41945109654899e-08,1.46592280041917e-08,2.24781497150041e-08,2.07202588443165e-08,1.91306669481522e-08,1.72500131383728e-08,1.84372741138272e-08,2.79230795111935e-08,2.60754335255234e-08,3.91356330271051e-08,1.46992605281498e-08,1.57761509249662e-08,8.36112689493901e-09,2.20070333790313e-08,1.22730057214811e-08,1.69973627121441e-08,1.30237296599439e-08,6.81364676828969e-09,3.74688606054493e-09,1.00018691631438e-08,6.97293144889998e-09,1.0609781099161e-08,4.83106923272097e-09,3.10957378594697e-09,4.00168101857892e-09,5.30803146123491e-09,3.69825573702779e-09,5.08358695621040e-09,2.49662940391074e-09,3.19499201124378e-09,2.24845005129002e-09,3.069994478788e-09,3.82373122036158e-09,3.81084984799777e-09,2.6831035484809e-09,2.08188218766029e-09,1.5393907939808e-09,3.37937648149711e-09,2.08256282234965e-09,3.66933654660141e-09
5.85043738109375e-09,6.61867640103785e-09,1.04903106873768e-08,6.0913099428115e-09,1.02877114750995e-08,9.30994985028341e-09,8.07044439468697e-09,1.2552591510914e-08,3.02041145942385e-08,1.31029943823095e-08,2.39863942506885e-08,2.28382138129606e-08,1.45713941977018e-08,3.47332282143742e-08,1.61326104541673e-08,2.80351100500833e-08,2.84909980682595e-08,2.25067929731894e-08,4.10330883055696e-08,1.80641873048288e-08,9.39585754373838e-09,3.37965630622719e-08,1.6716039738531e-08,3.12799390470767e-08,1.42891582050529e-08,7.76079003996644e-09,7.82477036163856e-09,1.32668334891659e-08,7.79482871290477e-09,1.24238309349592e-08,6.37747338796277e-09,6.92915988489644e-09,4.41431020848269e-09,6.46332525054213e-09,7.84876640723941e-09,7.08145759382703e-09,6.10374200254636e-09,3.82221838765401e-09,3.65640888963775e-09,6.81843423734159e-09,4.71374827053463e-09,7.7462677850862e-09,3.21459006674704e-09,3.14096322635495e-09,2.61591482665683e-09,4.06884057299513e-09,3.03098996114586e-09,3.9797601020984e-09,4.031911140237e-09,3.63470927452409e-09,5.28049480295224e-09,4.34768733357747e-09,5.76243978487214e-09,5.93072438163431e-09,4.13974949864926e-09,5.96037991513433e-09,1.83818758051619e-08,6.71578034494178e-09,1.35950457114104e-08,1.42738276366437e-08,6.99734410391673e-09,2.222262398739e-08,9.74491414229439e-09,1.61767035742387e-08,1.77626387902772e-08,1.29971089031814e-08,2.5612281818635e-08,1.07649943680206e-08,4.02345493613124e-09,2.01139826640465e-08,8.91685777459768e-09,1.76331599332938e-08,8.55738327503976e-09,3.82770682008069e-09,4.46486207908975e-09,7.59262440909956e-09,4.13761111102556e-09,8.20296587534487e-09,3.14534805475054e-09,3.70895986195126e-09,2.63125997952297e-09,3.39568579615952e-09,3.97173891442785e-09,3.21270421378445e-09,3.35434178454569e-09,2.00465966730214e-09,1.97930354658217e-09,3.49497495948922e-09,2.46399726083505e-09,4.30733674160293e-09,1.6670803472819e-09,1.8723747006685e-09,1.6665228721271e-09,2.16666492455091e-09,2.00843185442904e-09,2.73573252577648e-09
