3.67381989263434e-08,2.10383776899021e-08,8.78218321595375e-09,3.03192155614659e-08,2.03225397035801e-08,2.91463843509606e-08,1.76628255050754e-08,7.22008921321843e-09,6.87616683675041e-09,1.72062114705899e-08,8.12616571970089e-09,1.82933181737557e-08,6.27635045007866e-09,5.70690228086435e-09,3.74374705092208e-09,6.86389006210688e-09,6.62202835943351e-09,7.64676973899564e-09,4.65304243793601e-09,2.70046326596998e-09,2.28432220740071e-09,5.11532032338034e-09,2.78680656806664e-09,5.18156252759245e-09,2.29183025967488e-09,2.01207547688801e-09,1.74293717013715e-09,2.41298377635438e-09,2.3310346083412e-09,2.77033280921213e-09,1.93421118877651e-09,1.68716504910343e-09,1.65087894469108e-09,2.18250819463745e-09,1.86974510853025e-09,2.49530394936496e-09,1.53514887796496e-09,1.49466583624477e-09,1.42026706203644e-09,1.65972126811933e-09,1.88205008391355e-09,1.87779010043713e-09,1.40630208983508e-09,1.32378806718025e-09,1.20635818513202e-09,1.73790439444739e-09,1.51033037361307e-09,1.91136078312968e-09,1.80504233945736e-08,9.79298097831549e-09,3.27507307761879e-09,1.47938793569676e-08,9.8487449919441e-09,1.51392831040693e-08,7.95247217356751e-09,2.91463097667785e-09,2.58596968535295e-09,8.2434923757183e-09,3.15732563147294e-09,7.59715877850574e-09,2.63855049964101e-09,2.32222698770671e-09,2.00251600558581e-09,2.98916416889467e-09,2.35578969790921e-09,2.56784603591798e-09,2.32963489794664e-09,1.37203789485888e-09,6.16999881230877e-10,2.45793175766597e-09,1.3554599477189e-09,2.41496985779937e-09,1.11998068730879e-09,4.61448650063499e-10,5.2945728811347e-10,1.04516086642415e-09,5.80066027833648e-10,1.32193742853505e-09,3.85570006912717e-10,4.34579783770899e-10,7.4268136519651e-10,6.70294988540372e-10,7.08192691160512e-10,9.06768180595781e-10,2.51634068061456e-10,7.62872227257696e-10,6.95494308221332e-10,5.8813191987199e-10,8.26591261033259e-10,5.50270178871262e-10,6.57995414305108e-10,7.08375599770103e-10,3.97688949553629e-10,8.12747929740583e-10,9.09960351033367e-10,9.16652660531428e-10
2.10383776899021e-08,8.49131910881438e-08,2.22723660139853e-08,4.34293153936121e-08,7.03331995850627e-08,3.30137510085398e-08,6.77893699584262e-08,1.82244880682229e-08,9.25022297687726e-09,5.62051338280513e-08,1.75766394514171e-08,5.70909977922e-08,1.60842470911325e-08,8.00734275573984e-09,1.01093716879007e-08,1.53063464210599e-08,9.58777550427047e-09,1.67239424798886e-08,6.3836045279972e-09,8.38913626771211e-09,4.27247807436763e-09,7.74584345735261e-09,8.3858617408576e-09,7.71927241719197e-09,6.78072961803384e-09,3.84839044639204e-09,3.32281864533309e-09,6.79147517962966e-09,4.33826936544067e-09,7.43111807342907e-09,3.56003828754453e-09,3.01464683251458e-09,2.91101723970195e-09,3.98784857684389e-09,3.268671829263e-09,4.24742196274445e-09,2.80960505985817e-09,2.60643597624019e-09,2.35557552174225e-09,2.89313002527936e-09,3.32148416378214e-09,3.44789627668686e-09,2.5025478149305e-09,2.00770206920965e-09,2.13887473291793e-09,3.05791431317084e-09,2.50609737692433e-09,3.11825306687795e-09,1.04688322451248e-08,2.9583666068264e-08,9.04657529499144e-09,2.19627917803903e-08,2.32445451555345e-08,1.6991526981397e-08,2.77029535433291e-08,9.06288015804731e-09,2.491105379304e-09,2.33880073245834e-08,8.40572969273662e-09,2.24342913299419e-08,7.88490122463095e-09,2.66014838098092e-09,4.08363277008967e-09,7.82413175800389e-09,3.12728314739154e-09,8.0520264776222e-09,2.1182985429447e-09,3.39921953691935e-09,1.15039606956215e-09,2.85420802751989e-09,3.42170049321255e-09,1.72312485668893e-09,2.76674134161039e-09,1.12838842739684e-09,1.16602996994301e-09,2.71232557362317e-09,9.64349001760863e-10,2.0619024926681e-09,1.0391787164812e-09,5.0463456503427e-10,8.15811875934775e-10,9.18284024707351e-10,9.15815866451983e-10,1.22041386614036e-09,5.08468979934491e-10,9.1456337049015e-10,1.21188013312768e-09,7.99243446396203e-10,1.54756488719434e-09,1.50602618654238e-09,9.04788640527831e-10,1.10847069376103e-09,8.77558672773938e-10,1.41781427059263e-09,1.16533473915198e-09,1.34729646486235e-09
8.78218321595375e-09,2.22723660139853e-08,5.00501640169921e-08,1.84162160780955e-08,4.05504023895857e-08,3.55923912756692e-08,1.82394380195614e-08,3.99112548633688e-08,1.62997818959249e-08,3.23384118001753e-08,3.15607064286869e-08,2.63590314097732e-08,3.46595469231077e-08,1.38989209483656e-08,7.85557511621358e-09,2.71538310816957e-08,1.4146142742492e-08,2.76639949482702e-08,1.07194306343299e-08,6.72299016294111e-09,6.79708673281515e-09,1.12265686196277e-08,6.72746204462444e-09,1.07385046283778e-08,5.37664610629444e-09,5.85383021513604e-09,2.87859910134111e-09,5.39076470755192e-09,6.64176612550857e-09,5.74915417603583e-09,5.36258667648651e-09,2.78810063135864e-09,3.20377741115247e-09,6.13292518899783e-09,2.84651057227178e-09,6.7316507050006e-09,2.43077215297296e-09,2.4851760919861e-09,1.8663126149844e-09,2.33265072544884e-09,2.81990515513635e-09,2.76928252194924e-09,2.38229928769426e-09,1.51493696717808e-09,1.74748209591962e-09,2.51072387035509e-09,1.75547702882083e-09,2.55590289784051e-09,4.84142710686775e-09,1.01845776986375e-08,2.06140604283893e-08,8.60677174889351e-09,1.75737997537974e-08,1.68196781228654e-08,8.56077079114116e-09,1.85312302449156e-08,6.27056445167297e-09,1.52817624193022e-08,1.39748766679422e-08,1.21716312418108e-08,1.53959912420345e-08,5.39156067937693e-09,3.40539290901654e-09,1.18682523813672e-08,5.24230534555096e-09,1.12453403827143e-08,4.44602991633632e-09,3.00132632770567e-09,3.07968175870249e-09,4.84084973185253e-09,3.52737619397262e-09,4.34306457775721e-09,2.56035456414964e-09,2.96046397890871e-09,9.23136231426437e-10,3.06718183558882e-09,3.64340339656028e-09,3.62589933145732e-09,2.80473526170599e-09,6.46200664483138e-10,1.24690736463367e-09,3.45855037395121e-09,1.21965344648358e-09,2.8875493084019e-09,4.69424859837693e-10,1.15875482584052e-09,8.17666883081487e-10,1.13495667658793e-09,1.11862704590445e-09,1.10453175908872e-09,1.26697275101823e-09,8.16111377724124e-10,6.0001159485513e-10,1.07794579807475e-09,9.10755243116515e-10,8.51419630573664e-10
3.03192155614659e-08,4.34293153936121e-08,1.84162160780955e-08,5.53876248355006e-08,3.34036986506681e-08,4.31625633078123e-08,3.63126474232628e-08,1.52993309774403e-08,8.21618754880262e-09,2.7932519794725e-08,1.43268621935321e-08,2.74805843707966e-08,1.33963303934704e-08,7.1725818158543e-09,9.83309802221732e-09,1.24216177281981e-08,8.44123914887088e-09,1.3453149729999e-08,5.33676213708764e-09,7.77786127245811e-09,3.27233958446144e-09,6.06266351769787e-09,7.70030660695132e-09,5.88260914734878e-09,6.4243037733796e-09,2.94201699918953e-09,2.41084739767479e-09,6.38716701038325e-09,3.23698929751053e-09,6.74603736140742e-09,2.86979742525408e-09,2.36172005069515e-09,2.23491742686214e-09,3.10607816956495e-09,2.50049754766276e-09,3.40605219348054e-09,2.20839049436271e-09,2.07291444070591e-09,1.96207697599125e-09,2.23376125359304e-09,2.80104548183659e-09,2.81846314471279e-09,2.00077515215359e-09,1.73563804627247e-09,1.74386919470293e-09,2.62887872956795e-09,2.15265329351325e-09,2.81595661193749e-09,1.53375407488136e-08,2.09904452547408e-08,8.22889371716118e-09,2.81420257061773e-08,1.59740532159253e-08,2.34663013722622e-08,1.80656966425153e-08,7.51084083170978e-09,2.90104163161441e-09,1.4244348261123e-08,6.08615411800236e-09,1.272616236811e-08,6.49014030174258e-09,2.91032447100718e-09,4.95883618566828e-09,5.58685229403263e-09,3.26785333695158e-09,5.85344663636292e-09,2.33604725028502e-09,4.34111975977778e-09,8.91844783702536e-10,2.58582391827335e-09,3.83705260292976e-09,1.80242477003493e-09,3.48100999441828e-09,9.31553228195606e-10,5.36753085444963e-10,3.20498947284608e-09,4.91407449315743e-10,2.58223045818252e-09,9.29524071287621e-10,3.75893221906566e-10,5.50402395222258e-10,5.89989103914242e-10,7.43336105231872e-10,1.30999935115357e-09,3.88536297339796e-10,6.68019076372642e-10,9.13528312423646e-10,6.03613333102267e-10,1.06881621827886e-09,9.62167806538397e-10,6.54234174797562e-10,1.0322734078811e-09,7.62975911845553e-10,1.26555458561163e-09,9.16550322561696e-10,1.26448091413976e-09
2.03225397035801e-08,7.03331995850627e-08,4.05504023895857e-08,3.34036986506681e-08,9.48379197646011e-08,5.21874994946563e-08,5.62109241058067e-08,3.23243035402189e-08,1.57579042130638e-08,7.58339352118029e-08,2.67027144357642e-08,6.88892489646629e-08,2.81168299897408e-08,1.36735989307375e-08,8.78673819332214e-09,2.31833001863462e-08,1.45952203256689e-08,2.38008224232359e-08,1.08920336936786e-08,7.62356137847976e-09,7.11937953800623e-09,1.20290413507562e-08,7.32968404724435e-09,1.17089953724994e-08,6.30795019083733e-09,6.33634694230461e-09,3.97355322483995e-09,5.95869861699642e-09,7.47370947596512e-09,6.57077777904924e-09,5.8222805156654e-09,3.72727100532885e-09,3.55824133418418e-09,6.90398011827967e-09,3.7680194910124e-09,6.88113470808485e-09,3.37477808477414e-09,2.84501906948025e-09,2.71056141755818e-09,3.19904345773508e-09,3.52297660102052e-09,3.79937203475592e-09,2.82164215199273e-09,2.18344527100797e-09,2.23190702547805e-09,3.20453893067396e-09,2.46440750327904e-09,3.24909745683843e-09,1.0126306610297e-08,2.14613026669227e-08,1.7526663652333e-08,1.5868810931143e-08,3.22535577260673e-08,2.56495242914015e-08,2.08071759653102e-08,1.56194934072748e-08,5.9240707755727e-09,3.01364137423153e-08,1.28938229984238e-08,2.86803884210326e-08,1.33613314143126e-08,5.42684584319874e-09,3.03095834533688e-09,1.15621649095866e-08,4.9209038438054e-09,1.08385303884153e-08,4.63163510209346e-09,2.87707164940291e-09,2.51182483523139e-09,4.74854807034863e-09,3.26174819995346e-09,4.02966114068427e-09,2.57330808192478e-09,2.33610896483068e-09,1.37980962184904e-09,2.70185296459922e-09,2.47388826144544e-09,2.6006260917232e-09,2.16697182659675e-09,8.46254906841291e-10,1.11778413058446e-09,2.49560865254935e-09,1.28122460154895e-09,2.77346221851038e-09,7.39998951542282e-10,1.15697801407383e-09,1.48828796301344e-09,1.26575235905422e-09,1.469481553212e-09,1.35850005980642e-09,1.32377254333829e-09,1.2938857124469e-09,4.81064286545304e-10,1.38687534544916e-09,1.18649357178505e-09,9.8907809915298e-10
2.91463843509606e-08,3.30137510085398e-08,3.55923912756692e-08,4.31625633078123e-08,5.21874994946563e-08,6.5952082638932e-08,2.77291577017274e-08,2.80761236788658e-08,1.3927894972402e-08,4.24178042426299e-08,2.22984603435287e-08,3.63362569096741e-08,2.41701706906036e-08,1.19578485313544e-08,7.84075743833712e-09,1.92125243518381e-08,1.29329111141526e-08,1.9747291848843e-08,9.18984142557917e-09,6.40890162577032e-09,6.26045333681524e-09,9.99734941895276e-09,6.42510500072454e-09,9.71286024413835e-09,5.3149969685541e-09,5.73304401990049e-09,3.11473313574487e-09,5.31111367081668e-09,6.41433882085049e-09,5.74590368698841e-09,5.44091844886886e-09,3.06395627496041e-09,2.9156569846561e-09,6.19638094657448e-09,3.0162509358075e-09,6.2705371965676e-09,2.7306258967446e-09,2.41420876230182e-09,2.33139303940597e-09,2.5573471006264e-09,3.0786081573678e-09,3.13837470979132e-09,2.43544313168082e-09,1.9111879978105e-09,2.04663457413827e-09,2.82741426688492e-09,2.2731944959433e-09,3.0257271392806e-09,1.4240088438192e-08,1.38914431532172e-08,1.56362390014391e-08,2.01498824582646e-08,2.3771135503629e-08,3.31367340421507e-08,1.20509198428915e-08,1.32554391661024e-08,6.16249826756573e-09,2.02957906423161e-08,1.01167332500269e-08,1.78384155152652e-08,1.12783277751474e-08,5.34727098333791e-09,2.96897005138698e-09,8.75761291593902e-09,4.96097632780514e-09,8.2446544061597e-09,4.4229661935215e-09,2.66548182053297e-09,2.09632863559097e-09,4.24166196432155e-09,2.81145460224978e-09,3.63455209561735e-09,2.28678953818293e-09,1.91392719110336e-09,9.68252984371039e-10,2.43070174648539e-09,2.21940329899665e-09,2.42135413211514e-09,1.89864884298557e-09,8.3504482313225e-10,8.61006527601613e-10,2.37175796348772e-09,1.24995345295058e-09,2.62430376902975e-09,6.69284381595384e-10,8.45448180629465e-10,8.68635454701912e-10,1.04496306016962e-09,1.00949934094886e-09,9.53017537759386e-10,9.83111371439649e-10,1.08171661193152e-09,6.74266945689962e-10,1.28747307851669e-09,9.09542389326848e-10,1.02822141640801e-09
1.76628255050754e-08,6.77893699584262e-08,1.82394380195614e-08,3.63126474232628e-08,5.62109241058067e-08,2.77291577017274e-08,8.67167326927943e-08,2.23995985199634e-08,1.12514477979133e-08,7.30698667381026e-08,2.20170241628784e-08,7.45052220259663e-08,1.9776401035819e-08,9.71121683512108e-09,1.14700676956323e-08,1.91687257926759e-08,1.14365165066658e-08,2.04565124689438e-08,7.84441980366585e-09,9.43344189280520e-09,5.06973954897215e-09,9.30595722996676e-09,9.62727856237758e-09,9.49581514613732e-09,7.72359930151911e-09,4.41208327720635e-09,3.75730670521234e-09,7.93346814498061e-09,4.86245631422454e-09,8.57041250560778e-09,4.01238890411361e-09,3.37974374181196e-09,3.11230824846084e-09,4.39933918699664e-09,3.59157850283266e-09,4.68014173922913e-09,3.03166274961967e-09,2.66612242021259e-09,2.53783875315032e-09,3.0328955849878e-09,3.39558473133841e-09,3.69389813130793e-09,2.48878164138455e-09,2.11964829933795e-09,2.32630858873775e-09,2.97376783920083e-09,2.77459872168164e-09,3.19676111648288e-09,8.84529267246827e-09,2.77106331540618e-08,9.05488295151141e-09,1.82778774696814e-08,2.33877092993339e-08,1.49048189902042e-08,3.53793497580916e-08,1.11185958808103e-08,3.61573474239919e-09,3.16842222854809e-08,1.0650710097189e-08,3.03987244879054e-08,9.66075811819898e-09,3.19248507263857e-09,3.49145608043276e-09,9.37833572065521e-09,3.92056101441035e-09,1.03074209272847e-08,2.51326232823858e-09,3.65334829693187e-09,1.33035731747108e-09,3.4587901712275e-09,3.85428651767814e-09,2.50079986110039e-09,2.87233574951878e-09,1.16870784907047e-09,1.28918754577432e-09,2.71590651423973e-09,1.17683768045523e-09,2.14709414335717e-09,9.71666237288594e-10,4.86482105491771e-10,7.56012729468728e-10,9.40440724876608e-10,9.49984034887382e-10,1.12246920699379e-09,4.83276740541376e-10,8.05099378284074e-10,1.37596652427259e-09,8.22696554146496e-10,1.64686870878469e-09,1.55741199707752e-09,8.89650904718785e-10,1.26884946256649e-09,8.60373663632376e-10,1.56629441229909e-09,1.3132449102528e-09,1.28617049883181e-09
7.22008921321843e-09,1.82244880682229e-08,3.99112548633688e-08,1.52993309774403e-08,3.23243035402189e-08,2.80761236788658e-08,2.23995985199634e-08,4.61527980878938e-08,1.87209335676912e-08,3.89552544867308e-08,3.69936347034871e-08,3.21661672600569e-08,3.9659184815103e-08,1.58627526855571e-08,8.86445584764191e-09,3.14671231894903e-08,1.6055895898404e-08,3.18298843675306e-08,1.22958206893929e-08,7.53378397013842e-09,7.45579707143376e-09,1.27409326884494e-08,7.5342298680206e-09,1.23327162161668e-08,6.07175572969405e-09,6.43385137772206e-09,3.34770859798954e-09,6.09070719030063e-09,7.38691438441889e-09,6.41358155508176e-09,5.88114273295288e-09,3.24190561112704e-09,3.61914412868751e-09,6.82669975356753e-09,3.35396170067425e-09,7.35204494044436e-09,2.75899287302884e-09,2.74159874359353e-09,2.29698801776639e-09,2.74075150213143e-09,3.14858649576676e-09,3.28116727115233e-09,2.43901217774856e-09,1.77387584636386e-09,1.95216785745864e-09,2.64883615202011e-09,1.9976064385228e-09,2.71233564607071e-09,4.05492299885967e-09,8.56083197583407e-09,1.85209608452334e-08,6.9651158907469e-09,1.52758755526511e-08,1.35256585361663e-08,1.08459447836838e-08,2.18013508998836e-08,7.62582097172244e-09,1.91246831695933e-08,1.74721121894416e-08,1.61789157712756e-08,1.79884469571137e-08,6.39955980335319e-09,3.87176019524004e-09,1.47378199161286e-08,6.00127811962117e-09,1.37911197937461e-08,5.1931400169568e-09,3.35356869757808e-09,3.14198465179539e-09,5.37423526148538e-09,4.07168813072724e-09,5.17638225222015e-09,2.79607861979497e-09,2.88136916574515e-09,9.49185949595851e-10,3.48628999292270e-09,3.63917565388894e-09,3.88116635929549e-09,2.67807401488427e-09,6.60974628247145e-10,1.28616049206166e-09,3.40521564340146e-09,1.41283987940716e-09,2.73656552805782e-09,3.60835105243927e-10,1.30265889331391e-09,1.19326944491342e-09,1.28748453764736e-09,1.46307435992191e-09,1.43293634446819e-09,1.16258679683346e-09,9.03199293098831e-10,6.86643925903853e-10,1.14245941423071e-09,9.78063690080383e-10,9.08738983936546e-10
6.87616683675041e-09,9.25022297687726e-09,1.62997818959249e-08,8.21618754880262e-09,1.57579042130638e-08,1.3927894972402e-08,1.12514477979133e-08,1.87209335676912e-08,4.81176265795272e-08,1.88904696928644e-08,3.70825430715258e-08,3.58317758450719e-08,1.5868355600169e-08,3.92010677136351e-08,1.78661556707218e-08,3.01278893736395e-08,3.26800378701624e-08,2.5197587955062e-08,3.13333274214962e-08,1.4666341144176e-08,7.43278843758095e-09,2.60672021559185e-08,1.3425328523553e-08,2.46881994796278e-08,1.18943942319913e-08,6.09606600447711e-09,5.783137803207e-09,1.07130513644429e-08,6.26965428142192e-09,1.05842729691057e-08,5.36391307063056e-09,5.42293228651525e-09,3.66995122733209e-09,5.49660255800402e-09,6.44530869110095e-09,5.80776601661739e-09,4.68617447444314e-09,3.22651913894501e-09,2.66033861276588e-09,5.75705402569986e-09,3.40778663271849e-09,5.48867902372422e-09,2.71349616805978e-09,2.14527671869261e-09,1.93185696422241e-09,2.90643618741044e-09,2.21853318489306e-09,3.04577357158305e-09,4.02294450069874e-09,4.67066703368332e-09,7.20365545488935e-09,3.81785662058948e-09,7.29120726275896e-09,5.84414081296713e-09,6.02738922110773e-09,7.84657714083825e-09,2.03728356895071e-08,9.26352140276696e-09,1.46765717741753e-08,1.51646604200886e-08,7.07698547683959e-09,1.86713729050696e-08,8.63817910421833e-09,1.40056389649936e-08,1.44812958766616e-08,1.10609710411812e-08,1.56855736660882e-08,7.06713327489328e-09,3.7234841094635e-09,1.23410419216549e-08,7.14379747158285e-09,1.2328936604684e-08,5.61455340134395e-09,2.97783877078584e-09,1.92931748468812e-09,6.00323980418608e-09,3.01001770068903e-09,5.2900445123356e-09,2.59681227970764e-09,1.52276823839111e-09,9.79002659388629e-10,2.67609694338513e-09,1.8511109817175e-09,1.6559441446566e-09,1.19574100309619e-09,1.32570560110427e-09,1.28054460954472e-09,2.07374836300175e-09,1.26767407499685e-09,1.81811997462685e-09,1.15999256185885e-09,1.1929225318352e-09,8.83834705609166e-10,1.30780414063695e-09,1.4266995620695e-09,1.47531307058084e-09
1.72062114705899e-08,5.62051338280513e-08,3.23384118001753e-08,2.7932519794725e-08,7.58339352118029e-08,4.24178042426299e-08,7.30698667381026e-08,3.89552544867308e-08,1.88904696928644e-08,9.77650968804294e-08,3.27656572050586e-08,8.93271938230916e-08,3.38969142629817e-08,1.63766024013562e-08,1.01246908663286e-08,2.85671917197495e-08,1.71663911923255e-08,2.89441685151317e-08,1.32478562045525e-08,8.87482222706874e-09,8.22589557896528e-09,1.43104128271011e-08,8.70040270481838e-09,1.42850393334533e-08,7.42766893393187e-09,7.27368476676835e-09,4.65376833898018e-09,7.201317471449e-09,8.43781909684786e-09,7.74733646083162e-09,6.61854127944142e-09,4.30669985508975e-09,3.97606071106916e-09,7.6986551124203e-09,4.41523638447774e-09,7.66320351867523e-09,3.71229521648308e-09,3.04229361407115e-09,2.93464328483995e-09,3.62568609407166e-09,3.68339687604141e-09,4.33518509527678e-09,2.84035152790727e-09,2.22061824155724e-09,2.62778408159132e-09,3.13284191260658e-09,2.76956309902782e-09,3.34775220755327e-09,8.82637437624122e-09,2.08144469067661e-08,1.56079689988419e-08,1.36743799049251e-08,3.01338524489809e-08,2.12944956463821e-08,2.87611846016339e-08,1.9079642107424e-08,7.20937546040002e-09,4.15850173805483e-08,1.61372623871854e-08,3.93020364372558e-08,1.65002890866755e-08,6.24492505997581e-09,3.20706801385827e-09,1.4169378614455e-08,5.69482876737495e-09,1.37374146198913e-08,5.33001532263717e-09,3.1718454459158e-09,2.82407667843804e-09,5.37175439070919e-09,3.78637104502738e-09,5.14306353555033e-09,2.8856858971859e-09,2.4783752581728e-09,1.69811302940119e-09,3.06993485567999e-09,2.97809638294463e-09,3.16962347991625e-09,2.15676387948095e-09,9.16466120407468e-10,8.05788929860037e-10,2.73322150285693e-09,1.63227961611073e-09,2.32398004013709e-09,6.80101511510989e-10,8.95008131628848e-10,1.71142823406521e-09,1.59323788960301e-09,1.66944513561297e-09,1.63303161259221e-09,1.04425406707777e-09,1.36053860622903e-09,3.63279797792197e-10,1.39125813209888e-09,1.1994439111695e-09,8.58618373058651e-10
8.12616571970089e-09,1.75766394514171e-08,3.15607064286869e-08,1.43268621935321e-08,2.67027144357642e-08,2.22984603435287e-08,2.20170241628784e-08,3.69936347034871e-08,3.70825430715258e-08,3.27656572050586e-08,6.11802106564856e-08,5.3607977414783e-08,3.14723173678052e-08,3.01258264435548e-08,1.54168734520308e-08,5.017175002838e-08,2.50376242450098e-08,4.31534699489312e-08,2.39845444306408e-08,1.27080074104172e-08,7.06903290304815e-09,2.02164087487132e-08,1.20911556437137e-08,1.927155900072e-08,1.01553764510887e-08,5.82436493536537e-09,6.17290996767617e-09,9.51737263745708e-09,6.54141555074589e-09,9.67490403607316e-09,5.13156564982183e-09,5.89755655843222e-09,4.12860175823459e-09,5.75475706292625e-09,6.74360772583546e-09,5.88810279616450e-09,5.2535233731e-09,3.4715483222735e-09,2.97300996503021e-09,6.05476440754072e-09,3.87033518313832e-09,5.95831429805929e-09,3.0116751696026e-09,2.31930685206912e-09,2.31940657702656e-09,3.23566194548698e-09,2.44610432648456e-09,3.4115891994731e-09,4.44548152513011e-09,8.13448268799809e-09,1.37470242005109e-08,6.8389137629398e-09,1.25850942352994e-08,1.08242624402521e-08,1.12642495274659e-08,1.64375689708124e-08,1.60826013950361e-08,1.65971840530595e-08,2.56560236136966e-08,2.48281597964175e-08,1.39799084373768e-08,1.41721088132254e-08,7.09537260213355e-09,2.29489752005777e-08,1.05125035724075e-08,1.92384244131774e-08,1.17964328828303e-08,5.89140249374999e-09,3.66136971145578e-09,9.04821114718845e-09,6.30677154066204e-09,9.31618695965526e-09,4.64706213211222e-09,2.68568397219409e-09,2.00602525360895e-09,5.16708146454623e-09,2.44729739423703e-09,4.31405746815371e-09,2.3092604857279e-09,1.58963350020467e-09,1.32453584320038e-09,2.1419509705138e-09,1.9983365899119e-09,1.91980305221676e-09,1.25757977370447e-09,1.54438861663315e-09,1.8154280462915e-09,2.12533944168261e-09,1.80088919298291e-09,2.00326235269705e-09,1.29274362153472e-09,1.47664121446552e-09,1.16766335527616e-09,1.55483386313016e-09,1.67202065032886e-09,1.50259852015229e-09
1.82933181737557e-08,5.70909977922e-08,2.63590314097732e-08,2.74805843707966e-08,6.88892489646629e-08,3.63362569096741e-08,7.45052220259663e-08,3.21661672600569e-08,3.58317758450719e-08,8.93271938230916e-08,5.3607977414783e-08,1.23608549267744e-07,2.80632625539368e-08,3.00300312324279e-08,1.69519990205379e-08,4.48707515902482e-08,2.64650526762809e-08,4.00247226708009e-08,2.46770163927998e-08,1.44977275672416e-08,8.59324750835263e-09,2.21632144484771e-08,1.39867959426832e-08,2.14435692189723e-08,1.1952260770787e-08,7.28202363946053e-09,7.41802208107682e-09,1.1316590785075e-08,8.0291822938389e-09,1.16077743735182e-08,6.33450567142296e-09,6.95218686214611e-09,5.03735519699656e-09,7.02810070746272e-09,7.66694405053514e-09,7.2964574636811e-09,6.1276513492519e-09,4.29973674873341e-09,3.97986801984969e-09,6.6760626021717e-09,5.12490013595224e-09,6.93047313051565e-09,3.9205521343112e-09,3.20456477257724e-09,2.86024290433903e-09,4.29312116889171e-09,3.18946393668692e-09,4.18482237832369e-09,9.76995587566641e-09,2.002447792421e-08,1.21969152424574e-08,1.37325201508552e-08,2.70245430385872e-08,1.88060183555674e-08,2.90333896207653e-08,1.48686854655126e-08,1.47071253913801e-08,3.79800348410163e-08,2.40076293397809e-08,5.12780228788492e-08,1.32140191969824e-08,1.34468407477244e-08,7.02755523792869e-09,2.21949421380169e-08,1.11070035419264e-08,1.93516664421613e-08,1.15292574697757e-08,6.45657001240114e-09,4.08560765407413e-09,9.97269526902842e-09,6.7763835561249e-09,9.46736747986987e-09,5.32871452278605e-09,3.11844497535742e-09,1.96563640529976e-09,5.41042478454985e-09,3.015504966047e-09,4.93550590216634e-09,2.46775432835907e-09,9.39774252785953e-10,1.26292577356194e-09,2.65148256490818e-09,1.42777258058942e-09,2.19729456055323e-09,5.78444438788646e-10,1.75014199925213e-09,2.30170533108435e-09,1.59633325737087e-09,2.42013580970525e-09,1.99802914767594e-09,1.74488182875886e-09,1.75146851852103e-09,8.59664121757703e-10,1.93771889000502e-09,2.09041609700569e-09,1.89352510252812e-09
6.27635045007866e-09,1.60842470911325e-08,3.46595469231077e-08,1.33963303934704e-08,2.81168299897408e-08,2.41701706906036e-08,1.9776401035819e-08,3.9659184815103e-08,1.5868355600169e-08,3.38969142629817e-08,3.14723173678052e-08,2.80632625539368e-08,4.67950498167895e-08,1.84442719264568e-08,1.03305782790103e-08,3.69242760243966e-08,1.86338792372504e-08,3.72086473682598e-08,1.43947297417268e-08,8.82123896133104e-09,8.4302279714457e-09,1.48356945624261e-08,8.77118530635483e-09,1.45886851086712e-08,7.14646424703683e-09,7.23065344260254e-09,3.75927143340238e-09,7.02102263697136e-09,8.34587042036384e-09,7.28934707991349e-09,6.56370181420975e-09,3.58025202551148e-09,3.99476984201325e-09,7.61259145566893e-09,3.74423567788776e-09,8.18260511122303e-09,3.0313029616102e-09,3.09549669457768e-09,2.59952938061652e-09,3.07057998762327e-09,3.53872933663586e-09,3.62582284135324e-09,2.73509658587318e-09,2.02623330722652e-09,2.24212891875512e-09,2.97228533383941e-09,2.39204153020839e-09,3.19808633100437e-09,3.72981876874942e-09,7.68374701708063e-09,1.53837097139659e-08,6.41339088578551e-09,1.32007566996328e-08,1.16838356614981e-08,1.00169732758342e-08,1.79902609357455e-08,6.39452837282491e-09,1.66181815080848e-08,1.47367961233787e-08,1.44084435667478e-08,2.17457071311123e-08,8.45355677126788e-09,5.06694661620539e-09,1.72513400754699e-08,7.94895785627565e-09,1.64543291024325e-08,6.66169930685865e-09,4.33563824325505e-09,3.85088469496149e-09,6.78005421490444e-09,5.11234151192539e-09,6.78657094829392e-09,3.56916686811599e-09,3.25816980718754e-09,1.22316172456458e-09,4.17072110816971e-09,4.41945212099614e-09,4.54192642252849e-09,2.99784538928613e-09,8.11126527539716e-10,1.53097869823939e-09,3.96122498794139e-09,1.45518330702041e-09,3.05208366596522e-09,5.13954738403007e-10,1.58147067817037e-09,1.43924685366117e-09,1.38492819397533e-09,1.62911438386973e-09,1.59886759964149e-09,1.31522367215473e-09,1.11506861040071e-09,7.9400183489608e-10,1.1618438557646e-09,1.20373784347567e-09,1.00259657358526e-09
5.70690228086435e-09,8.00734275573984e-09,1.38989209483656e-08,7.1725818158543e-09,1.36735989307375e-08,1.19578485313544e-08,9.71121683512108e-09,1.58627526855571e-08,3.92010677136351e-08,1.63766024013562e-08,3.01258264435548e-08,3.00300312324279e-08,1.84442719264568e-08,4.56382094065473e-08,2.07593597431138e-08,3.51114396552148e-08,3.77677557728325e-08,2.91092026525727e-08,3.65806162361382e-08,1.71256901718221e-08,8.48498028124929e-09,3.02035483289333e-08,1.60307537253291e-08,2.91691619776954e-08,1.38138608518012e-08,6.9006610431616e-09,6.3588894712818e-09,1.26990723855029e-08,7.01403475045557e-09,1.23571504677737e-08,6.04375588990233e-09,5.85501465120266e-09,4.0272506313655e-09,6.14510159888632e-09,6.8959561605819e-09,6.41977892950658e-09,4.99857603627936e-09,3.53650307232086e-09,2.94345068124327e-09,6.08696618717710e-09,3.77970864485163e-09,5.80912355085478e-09,2.98303277693333e-09,2.4265377872263e-09,2.19582381198695e-09,3.254333579263e-09,2.59949109747698e-09,3.57629482654518e-09,3.33703749344732e-09,3.90212053592402e-09,6.42958570540758e-09,3.28073554994365e-09,6.70668093372122e-09,5.31144054013282e-09,5.02713817883088e-09,7.07697425401034e-09,1.86625793418825e-08,8.34329529110935e-09,1.40035117693796e-08,1.41763393895547e-08,8.57615937545343e-09,2.26211570394039e-08,1.04126494677219e-08,1.7400881668215e-08,1.69001870157089e-08,1.34486284553515e-08,1.84542143470185e-08,8.70971171095269e-09,3.8987347073475e-09,1.42288748146404e-08,9.12625279190035e-09,1.50337986143697e-08,6.96614934479217e-09,3.02201516712733e-09,2.04827929154117e-09,7.6673957668696e-09,3.38012770317419e-09,6.97162917020102e-09,2.62782851458989e-09,1.58131166515731e-09,9.47394740625605e-10,3.08899965204417e-09,1.93844949186033e-09,1.89155576929874e-09,1.22578173949113e-09,1.41867910224018e-09,1.42245516312228e-09,2.10674587460685e-09,1.23833916079341e-09,1.78786597886788e-09,1.22521416379433e-09,1.35776980465928e-09,9.22630501322388e-10,1.30041748303738e-09,1.46147469644905e-09,1.43682603466705e-09
3.74374705092208e-09,1.01093716879007e-08,7.85557511621358e-09,9.83309802221732e-09,8.78673819332214e-09,7.84075743833712e-09,1.14700676956323e-08,8.86445584764191e-09,1.78661556707218e-08,1.01246908663286e-08,1.54168734520308e-08,1.69519990205379e-08,1.03305782790103e-08,2.07593597431138e-08,6.12489163358151e-08,1.80257043187944e-08,4.60752758635425e-08,4.14966863771034e-08,1.7128562269125e-08,4.92705449714977e-08,1.90786650232411e-08,3.69923082687906e-08,3.70017786479375e-08,2.71625052276587e-08,3.93315420912626e-08,1.51836147527638e-08,8.07209776149541e-09,2.86843602395837e-08,1.42976210958082e-08,2.7119186133347e-08,1.22815749700419e-08,6.6291273498754e-09,9.44499706779815e-09,1.16432603621087e-08,7.41492643948345e-09,1.18264087600783e-08,5.54935808552068e-09,8.22423689555815e-09,4.40225382725734e-09,6.01450833326877e-09,8.99165721641451e-09,6.35425249585572e-09,7.45259902572147e-09,3.76324769261442e-09,2.94698800488822e-09,8.03844229637229e-09,3.98905285225527e-09,8.475190202051e-09,1.09069888820991e-09,6.37418799865166e-09,3.46282518349816e-09,5.94052669381479e-09,3.11242102466479e-09,2.94715019201776e-09,6.387434004562e-09,3.78985195376295e-09,8.09933642108536e-09,3.5647227122282e-09,6.68478091070096e-09,7.75343104669190e-09,5.18434122627069e-09,1.07698007351448e-08,2.79086155197679e-08,9.13573142909215e-09,1.96572865038737e-08,1.76523672284144e-08,8.86780685280039e-09,2.40301505414172e-08,9.43113967050238e-09,1.73879331547458e-08,1.96817790363644e-08,1.45794800041368e-08,1.88188654498114e-08,7.71512427472008e-09,3.29214491803739e-09,1.58439761602261e-08,6.44326318740709e-09,1.39832469526118e-08,6.28254990779758e-09,2.85279130580933e-09,2.02542293003497e-09,5.34639220403466e-09,3.2093903360135e-09,5.28097558277851e-09,1.9919396541931e-09,2.32719773961151e-09,1.89297693692644e-09,2.44463696571895e-09,2.97791049978336e-09,3.3736111778725e-09,2.08542958252079e-09,1.8758777884005e-09,1.22415988657369e-09,2.76606151516834e-09,2.10191641034842e-09,3.06181381724315e-09
6.86389006210688e-09,1.53063464210599e-08,2.71538310816957e-08,1.24216177281981e-08,2.31833001863462e-08,1.92125243518381e-08,1.91687257926759e-08,3.14671231894903e-08,3.01278893736395e-08,2.85671917197495e-08,5.017175002838e-08,4.48707515902482e-08,3.69242760243966e-08,3.51114396552148e-08,1.80257043187944e-08,5.888397448991e-08,2.89595614199299e-08,5.03150891373292e-08,2.79026981364209e-08,1.48067036493459e-08,8.22850905561633e-09,2.32708244700485e-08,1.42649187660811e-08,2.25721710201888e-08,1.19083047891361e-08,6.72268955428167e-09,6.86438050948407e-09,1.12151998193036e-08,7.43195147020599e-09,1.12303951933111e-08,5.96361291283596e-09,6.47435795496273e-09,4.66620866907934e-09,6.58099085865073e-09,7.3386782350159e-09,6.62574843420606e-09,5.73859372353701e-09,3.96221581113523e-09,3.36014307517531e-09,6.56913936977716e-09,4.40800612185127e-09,6.47916115907395e-09,3.45285189376863e-09,2.66683843107211e-09,2.63652141515146e-09,3.72908532929501e-09,2.90701522675058e-09,4.05536771372142e-09,3.87344345044355e-09,7.20472941286123e-09,1.17373434964848e-08,6.14154429629694e-09,1.12919932550866e-08,9.6662404996578e-09,1.01140798801137e-08,1.39805659197715e-08,1.41621042301635e-08,1.48639910353208e-08,2.2946626236314e-08,2.25135569840649e-08,1.70649216708139e-08,1.76986713444562e-08,8.32182323375344e-09,2.74013397157652e-08,1.27665451450142e-08,2.30168513913877e-08,1.4278285576823e-08,6.90779964449393e-09,3.98495356404476e-09,1.07249946868708e-08,7.93325239660348e-09,1.15283205241738e-08,5.40120891274427e-09,2.77932378274604e-09,2.43902943681232e-09,6.23236352240257e-09,3.1808597603855e-09,5.50021518065167e-09,2.49044811562953e-09,1.83908479850151e-09,1.52335678123586e-09,2.72217115120637e-09,2.26713357072831e-09,2.40902101944131e-09,1.46922333122292e-09,1.81737613840699e-09,2.02821080736637e-09,2.42097965442487e-09,1.86499724583409e-09,2.22830706334077e-09,1.50553864659934e-09,1.69773178120278e-09,1.26634356859228e-09,1.62088304401678e-09,1.76552914058374e-09,1.51439640393135e-09
6.62202835943351e-09,9.58777550427047e-09,1.4146142742492e-08,8.44123914887088e-09,1.45952203256689e-08,1.29329111141526e-08,1.14365165066658e-08,1.6055895898404e-08,3.26800378701624e-08,1.71663911923255e-08,2.50376242450098e-08,2.64650526762809e-08,1.86338792372504e-08,3.77677557728325e-08,4.60752758635425e-08,2.89595614199299e-08,7.12391211154874e-08,5.73903505087072e-08,3.02062339200772e-08,3.69911216892734e-08,1.76828138315247e-08,5.66883702323605e-08,2.72251903101422e-08,4.39428272772027e-08,2.98547475591271e-08,1.40378109184442e-08,8.18444365448802e-09,2.12651042247128e-08,1.28868239407941e-08,1.99678077646715e-08,1.15119458928816e-08,6.80900762606881e-09,1.02792967094268e-08,1.06223086337955e-08,7.4465164750664e-09,1.0737877360432e-08,5.68745336270135e-09,8.74331758596723e-09,4.33935362963618e-09,6.12809024693671e-09,9.40216074179324e-09,6.6082816429669e-09,7.7254265516655e-09,3.64042394107296e-09,3.19645664387429e-09,8.30791354051157e-09,3.98895727165096e-09,8.75115058695706e-09,2.56829125885386e-09,4.3056931347821e-09,6.40282570711615e-09,3.74170604078102e-09,6.82497338507191e-09,5.88007290405986e-09,5.63103610699497e-09,7.02365216817702e-09,1.47248560411827e-08,8.25656831928499e-09,1.13528591102013e-08,1.32784892617424e-08,9.24314977804268e-09,1.87349390623351e-08,2.21775264400608e-08,1.48293788181874e-08,3.20026078308893e-08,2.66292852201114e-08,1.59491638166943e-08,1.80418316985734e-08,8.90535863025485e-09,2.78615602377793e-08,1.56252713911475e-08,2.40139459354728e-08,1.3727122308762e-08,7.09904312147767e-09,3.90646351144387e-09,1.24941786817713e-08,6.04303753416834e-09,1.07075468397074e-08,5.97316081563687e-09,3.18190364723533e-09,2.78427988983118e-09,5.23656295412148e-09,3.6937277840558e-09,4.72180904650704e-09,2.2391201669839e-09,3.13267344906885e-09,1.86619609462952e-09,2.96493784043598e-09,3.6929863772745e-09,3.42235215878867e-09,2.77021744482914e-09,1.77814510819226e-09,1.09965752746603e-09,3.46499628047477e-09,2.16105694426325e-09,3.8190568458013e-09
7.64676973899564e-09,1.67239424798886e-08,2.76639949482702e-08,1.3453149729999e-08,2.38008224232359e-08,1.9747291848843e-08,2.04565124689438e-08,3.18298843675306e-08,2.5197587955062e-08,2.89441685151317e-08,4.31534699489312e-08,4.00247226708009e-08,3.72086473682598e-08,2.91092026525727e-08,4.14966863771034e-08,5.03150891373292e-08,5.73903505087072e-08,8.45661483210944e-08,2.32479434262112e-08,3.36330526508424e-08,1.718625657976e-08,4.60470715858791e-08,2.4673495839342e-08,3.53338967844715e-08,2.7013701578293e-08,1.35432956420735e-08,8.61592487303828e-09,1.90868266047395e-08,1.28188731024385e-08,1.79804061062507e-08,1.12003928277936e-08,7.302067774133e-09,1.0825258414319e-08,1.06269630637844e-08,7.88558522487335e-09,1.07656916873772e-08,6.01832083148854e-09,8.9757248077268e-09,4.76995758982403e-09,6.34798148299611e-09,9.86909725747136e-09,7.13176772588096e-09,8.17574913356205e-09,3.98808777432778e-09,3.42353310894271e-09,8.91369847735836e-09,4.314711728593e-09,9.07014468578898e-09,3.89140247383326e-09,7.64045456146384e-09,1.19612934981094e-08,6.70679331968912e-09,1.13803802860857e-08,1.03141308438548e-08,1.04103537810664e-08,1.39130669864113e-08,1.0638697186555e-08,1.43764658461076e-08,1.90957657201986e-08,2.02450602512158e-08,1.77619287227611e-08,1.39138245905046e-08,1.93294106860729e-08,2.38466257942437e-08,2.69896910512118e-08,3.80511375591638e-08,1.15096452011403e-08,1.57954235799352e-08,9.00190769350288e-09,2.26646967002603e-08,1.37415524436776e-08,1.86443689463497e-08,1.23871158531279e-08,6.95139072251409e-09,4.06414572406048e-09,1.07913090018412e-08,6.24019714869811e-09,9.60196643145315e-09,5.87466705576054e-09,3.24335188298767e-09,3.05899046556003e-09,5.33701178360552e-09,4.09640519778223e-09,5.38897192098231e-09,2.24872999662538e-09,3.28568851587524e-09,2.32014487710208e-09,3.24933072714077e-09,3.97387763347687e-09,3.69519901038312e-09,2.76933829381578e-09,2.17382912805328e-09,1.61624714297595e-09,3.55770202743891e-09,2.71559105939684e-09,3.78753931731869e-09
4.65304243793601e-09,6.3836045279972e-09,1.07194306343299e-08,5.33676213708764e-09,1.08920336936786e-08,9.18984142557917e-09,7.84441980366585e-09,1.22958206893929e-08,3.13333274214962e-08,1.32478562045525e-08,2.39845444306408e-08,2.46770163927998e-08,1.43947297417268e-08,3.65806162361382e-08,1.7128562269125e-08,2.79026981364209e-08,3.02062339200772e-08,2.32479434262112e-08,4.4013801702369e-08,1.97964723418768e-08,9.966286700079e-09,3.63265347461837e-08,1.83904088003532e-08,3.46967835326549e-08,1.60798410731314e-08,8.21264372867611e-09,7.68674452465972e-09,1.46908697702014e-08,8.25789278733198e-09,1.44862604792001e-08,6.8752914769826e-09,6.98343735158241e-09,4.58590239332704e-09,6.90642650641922e-09,7.90784664546532e-09,7.47317889941238e-09,5.87117567413525e-09,4.01207799130864e-09,3.48564130505769e-09,6.89880222311465e-09,4.70086554812775e-09,7.06083134379878e-09,3.40924428906093e-09,2.67347798106507e-09,2.62963105246888e-09,3.68744642838756e-09,2.95333523386304e-09,4.12031129841383e-09,3.13244820076261e-09,3.33828723550847e-09,4.594151921887e-09,2.83771564472422e-09,4.96143290307176e-09,3.90433362014524e-09,4.6185359721481e-09,5.19701690212782e-09,1.56565625517136e-08,6.66489666325738e-09,1.13988896667011e-08,1.23242243321434e-08,6.44500963548419e-09,1.84457302186826e-08,8.70395537736706e-09,1.38659407774994e-08,1.42293546601652e-08,1.12217028462999e-08,2.32172087033524e-08,1.02253920746341e-08,4.66606143219717e-09,1.65881394017801e-08,1.11816210627396e-08,1.79356458269018e-08,8.52192732581175e-09,3.48648985647556e-09,2.79422318735158e-09,9.64309659246143e-09,3.78676039287963e-09,8.72043799483986e-09,2.97556559493105e-09,2.32812113568254e-09,1.19702986839576e-09,3.49122830113494e-09,2.68451907761051e-09,2.08407525250636e-09,1.32130458387939e-09,1.67771701357278e-09,1.46414077389153e-09,2.29210216193286e-09,1.6040625869712e-09,2.00979752753333e-09,1.37415589432223e-09,1.43842552050116e-09,1.16792262799655e-09,1.40653904133198e-09,1.55835479259889e-09,1.5676136560866e-09
