3.98129708974874e-08,1.92396940398194e-08,1.06954026318983e-08,2.93146615989074e-08,1.81829659488962e-08,2.79710536926687e-08,1.54100489836312e-08,8.47979555222219e-09,1.08212427368383e-08,1.48359719562444e-08,9.32904718751223e-09,1.5515597001449e-08,7.0788609289559e-09,8.95926433298028e-09,5.57544761348584e-09,7.56814460517636e-09,9.98677723021188e-09,8.91728843180765e-09,7.44479005516081e-09,4.43825743120181e-09,3.37077814187783e-09,8.25218385337034e-09,4.58176312531362e-09,8.44954339291106e-09,3.80559737479446e-09,2.88881664692167e-09,2.39615630755288e-09,3.93085476484447e-09,3.1175905127313e-09,4.09593499490338e-09,2.5260566299836e-09,2.09340327694513e-09,1.72874432795873e-09,2.72700886412979e-09,2.19905879975518e-09,3.0297099334337e-09,1.79728718632302e-09,1.48085299532305e-09,1.5846404365748e-09,1.80902884372371e-09,1.92557417076107e-09,2.00526592376927e-09,1.53215832683591e-09,1.56138970729412e-09,1.4143513064238e-09,1.98264743766453e-09,1.7213063970159e-09,1.92886111340829e-09,1.84817199571244e-08,8.61848768867538e-09,4.18398291225421e-09,1.39228661083642e-08,9.14624004061472e-09,1.31047646860358e-08,7.02929948828552e-09,3.7814911804809e-09,4.06856285794758e-09,7.2099600622894e-09,3.25274839334202e-09,5.45265226838978e-09,3.115082854981e-09,3.44742739607893e-09,2.24520600879111e-09,2.90736038369248e-09,3.26197107612371e-09,3.02288320931717e-09,3.09192564820284e-09,2.17105418518143e-09,1.06563191571109e-09,3.92172077939138e-09,2.22129863441906e-09,3.72994459585883e-09,1.86801483608354e-09,9.13797437389988e-10,6.2228365000851e-10,1.91409805717382e-09,5.83446466480448e-10,2.01660906004835e-09,8.03893761297854e-10,5.45582990696771e-10,7.65973409646121e-10,5.14643487294036e-10,9.49564236208896e-10,1.13304882036074e-09,4.6529350932725e-10,7.86374747699116e-10,6.44887336670951e-10,8.14846933334558e-10,5.82222272061952e-10,5.45735455759472e-10,8.12994591073418e-10,6.55315685348554e-10,-1.09398620218839e-10,7.59119757837845e-10,6.77490913791332e-10,5.29758185017295e-10
1.92396940398194e-08,9.4637669561261e-08,2.60640793496025e-08,4.42613838591858e-08,7.74967438907831e-08,3.22912112600254e-08,7.5287719435547e-08,2.04235479565811e-08,1.0991244421047e-08,6.08963009521918e-08,1.92699936840974e-08,6.03179688954011e-08,1.75001478982248e-08,9.44217594696918e-09,1.38778387009086e-08,1.61568715730691e-08,1.15660182354655e-08,1.78622816545593e-08,7.81299845651707e-09,1.14522446222129e-08,6.07912208895961e-09,9.41782853400165e-09,1.21088222455151e-08,9.6836123730986e-09,9.80198300139375e-09,5.20647337620722e-09,4.13390744342599e-09,1.03666273618273e-08,5.8075846010344e-09,1.07792848211037e-08,4.54847881313563e-09,3.60940288131666e-09,3.20587254566635e-09,5.07425100165369e-09,3.94034599113557e-09,5.45058695737486e-09,3.44820974763809e-09,2.82721602507676e-09,2.72549136051992e-09,3.5645773560629e-09,3.51557245989473e-09,4.01792697656677e-09,2.74711076605636e-09,2.80012436596475e-09,2.88783153099631e-09,3.36046526734159e-09,3.51000742401352e-09,3.62502960160426e-09,9.4330058370404e-09,3.30835730527e-08,1.2129952653761e-08,1.93459053451548e-08,2.85613788738595e-08,1.63132014737004e-08,2.87735410595417e-08,9.55438183820316e-09,3.68077707157708e-09,2.24436195825114e-08,7.97129885561255e-09,2.16989661594262e-08,8.09551542537748e-09,3.96312429394549e-09,5.34156453883755e-09,7.58245053003915e-09,4.73911304025271e-09,7.87316360636235e-09,3.24637222350199e-09,4.84934922822522e-09,2.08888334157131e-09,4.42425996582619e-09,5.46855529629836e-09,3.01564395318692e-09,4.16172574569837e-09,1.78937366074326e-09,-1.80793768508192e-11,4.69513375189285e-09,1.01879866941761e-09,3.55490696016947e-09,1.56989679779171e-09,-9.31219722948301e-12,8.62703179929923e-10,8.96804681390532e-10,1.20654698468353e-09,1.53595383350262e-09,3.63091717873284e-10,9.49329461119554e-10,9.37911926282293e-10,9.41020702055306e-10,1.18800380349993e-09,1.34097926097514e-09,9.87696614424324e-10,9.64074151828854e-10,1.01804371036858e-09,1.4237156794576e-09,1.18247182607873e-09,1.32276318725155e-09
1.06954026318983e-08,2.60640793496025e-08,6.35954863802176e-08,2.03912466128058e-08,4.85450046151792e-08,4.14415171116442e-08,2.04426164947026e-08,5.08529416979923e-08,1.79748714370216e-08,3.79512964289689e-08,3.69961886350174e-08,2.86453538082605e-08,4.34901774105607e-08,1.55399282289581e-08,1.02092137146914e-08,3.1604185378129e-08,1.56315396005023e-08,3.15409939818715e-08,1.28698193697278e-08,8.77314376001014e-09,1.08309766028777e-08,1.30486934823512e-08,9.45856959755727e-09,1.29984670651095e-08,7.51572330255584e-09,9.26430389875209e-09,4.35640769900105e-09,8.10518704141557e-09,1.00951714428425e-08,7.9975840356366e-09,8.07895661672593e-09,3.8035725975692e-09,3.86051241722719e-09,8.8047096625967e-09,3.83526959745664e-09,9.64694416879553e-09,3.41011534051959e-09,3.03310059001276e-09,2.50168920801692e-09,3.3182572284554e-09,3.52300678230887e-09,3.95308342817914e-09,3.36317845202019e-09,2.17767616927701e-09,2.48652622464568e-09,3.70444728380198e-09,2.68870179255399e-09,3.26214299309722e-09,5.31494032721359e-09,1.01829889830926e-08,2.64007294106273e-08,7.22371700029487e-09,2.17623477838694e-08,1.94892659774847e-08,9.37587243457847e-09,2.29817119949227e-08,8.19808873796418e-09,1.79154243760946e-08,1.61760975308297e-08,1.20691198394882e-08,1.88538002874984e-08,7.54825845067202e-09,4.00143678509408e-09,1.39979255630398e-08,7.35649144633438e-09,1.26110375953722e-08,6.37153089786990e-09,3.85255351789371e-09,5.1295199206944e-09,6.83295054518459e-09,5.00856365364892e-09,6.67271209490082e-09,3.31166897992749e-09,4.3857082759881e-09,9.58057413069071e-10,4.30361430979663e-09,4.82218431973494e-09,4.4368539090695e-09,3.8288506362856e-09,8.40043127912259e-10,1.58661808789234e-09,4.20553602517145e-09,2.05959714633614e-09,4.10332650532199e-09,8.6147013827982e-10,1.38394399205557e-09,1.23748979545252e-09,1.68811471772778e-09,8.22061702650533e-10,1.3813617006609e-09,1.62016199654144e-09,1.20233117436451e-09,9.54302637143026e-10,9.5833383779504e-10,8.31266984147061e-10,6.94758944339988e-10
2.93146615989074e-08,4.42613838591858e-08,2.03912466128058e-08,5.74472412587627e-08,3.17817282402883e-08,4.2271655093418e-08,3.58830403233994e-08,1.59698961641846e-08,9.79165346342175e-09,2.51309284038106e-08,1.47743031383324e-08,2.39184780992111e-08,1.34310693054102e-08,8.37330738179503e-09,1.38275802011406e-08,1.22195276565374e-08,9.72004866762992e-09,1.33126501921747e-08,6.75200365928983e-09,1.13832440089087e-08,5.14558219647706e-09,7.77323642602235e-09,1.1626024369407e-08,7.43657777443776e-09,9.7418949894302e-09,4.4086408649447e-09,3.26039224349484e-09,9.95304643071215e-09,4.56957072982587e-09,1.00263985633783e-08,3.85354979164105e-09,2.84894270779217e-09,2.32059439050417e-09,3.9963044161814e-09,2.99750307561823e-09,4.3627882319843e-09,2.62356255506874e-09,2.15677486249293e-09,2.06080084194166e-09,2.66105684625031e-09,2.84341978043152e-09,3.09630554318825e-09,2.13810137623657e-09,2.19596691220898e-09,2.06472088962194e-09,2.89631134004363e-09,2.65974359816059e-09,3.07070362594907e-09,1.38897235291777e-08,2.02558069763693e-08,9.24177484596759e-09,2.56932626823848e-08,1.59827935547047e-08,2.09826519995315e-08,1.80287123769349e-08,7.38132830229096e-09,4.18678783970386e-09,1.22218628904227e-08,5.49729777351409e-09,9.94380073517661e-09,6.1940303451738e-09,3.81576744821361e-09,5.52553055964491e-09,4.8019202250243e-09,3.50665567622066e-09,5.10000478070934e-09,2.97092833345979e-09,5.53842971242807e-09,1.84541854799293e-09,3.54640768306569e-09,5.37131636733122e-09,2.96467358472715e-09,4.74901375287316e-09,1.58121897514217e-09,3.04478357513395e-10,4.61084118387192e-09,8.59357250292572e-10,4.02971632654798e-09,1.38818589917986e-09,2.70941097202812e-10,5.14138221200984e-10,7.57603097794288e-10,9.4468549965567e-10,1.76793663261317e-09,3.78046515530651e-10,6.46942994812675e-10,7.54193731980701e-10,7.63238626975901e-10,6.73763648400107e-10,7.60349259886012e-10,7.04831933850804e-10,9.03769592505983e-10,4.31733348864463e-10,1.11777389033306e-09,1.01669887513398e-09,9.34046882011349e-10
1.81829659488962e-08,7.74967438907831e-08,4.85450046151792e-08,3.17817282402883e-08,1.12718350138735e-07,5.74843880702433e-08,6.09021056465772e-08,3.79317689730478e-08,1.78243083338573e-08,8.88690088689993e-08,2.84976063481416e-08,7.46479002367039e-08,3.23131674388532e-08,1.53442953653311e-08,1.08361463328663e-08,2.42003153552679e-08,1.64060510904273e-08,2.46102296325532e-08,1.26227258404664e-08,9.22635002812497e-09,1.14890186479809e-08,1.37158776502109e-08,9.49664510996066e-09,1.41284866665711e-08,7.90876160398207e-09,9.83021240230573e-09,5.39641105544753e-09,8.14481623254277e-09,1.11448130477415e-08,8.83188167321447e-09,8.57618549344434e-09,4.71162746573869e-09,4.23551153959719e-09,9.72343135853431e-09,5.00401211948449e-09,1.00402783656135e-08,4.34755348664908e-09,3.38551895545078e-09,3.47515168063266e-09,4.42805196597577e-09,4.24259949135778e-09,5.00166156553169e-09,3.31433425074058e-09,3.61942612609612e-09,2.97036420501581e-09,4.2588898467926e-09,3.62692096873537e-09,4.11228704332052e-09,9.80020873865193e-09,2.30775243279335e-08,2.1627130530413e-08,1.23092933388867e-08,4.13119236135224e-08,2.7466350586063e-08,2.07144121471768e-08,1.72684316066293e-08,9.05068743254553e-09,3.34591862574923e-08,1.29036449945663e-08,2.98266781468765e-08,1.46609165391939e-08,8.71727335694385e-09,3.15429738939551e-09,1.19802546958697e-08,7.42918006352514e-09,1.01242597997667e-08,7.17630832779041e-09,3.3765772837475e-09,3.84931512233568e-09,6.72254724740132e-09,3.9236168532087e-09,6.77741182917785e-09,2.91068092703538e-09,3.29417368072665e-09,7.31415730025535e-10,3.38388809577064e-09,3.15104328946056e-09,2.97561032158456e-09,2.88281475827183e-09,6.44523297120492e-10,1.13782162714024e-09,2.75463605336432e-09,1.63463405070535e-09,3.23016754966038e-09,9.90024459692774e-10,1.08184443522768e-09,1.52060650192257e-09,1.24019469208344e-09,1.1293408330163e-09,1.36598317167487e-09,1.33694665686349e-09,1.44559037810507e-09,7.26451807127996e-10,1.56860111177072e-09,1.46041636716712e-09,1.0640985065178e-09
2.79710536926687e-08,3.22912112600254e-08,4.14415171116442e-08,4.2271655093418e-08,5.74843880702433e-08,7.18353214847238e-08,2.54468615908442e-08,3.24170326820426e-08,1.55116128004849e-08,4.50658640125311e-08,2.28369363517771e-08,3.44218853929531e-08,2.73992545131725e-08,1.33344755923517e-08,9.96996972506076e-09,1.9279205005885e-08,1.36473233499341e-08,1.92387014829873e-08,1.07369839102982e-08,8.37257046133706e-09,1.06620982281442e-08,1.12393155402231e-08,8.71031887072892e-09,1.13976548428353e-08,7.17968919376927e-09,9.1241135075537e-09,4.3633006176174e-09,7.4733135937491e-09,9.81306778908760e-09,7.57559877149191e-09,7.96190831216943e-09,3.8129430629047e-09,3.26046396230292e-09,8.56494334281909e-09,3.99579452979025e-09,8.82345171823739e-09,3.29015353007067e-09,2.64574312664708e-09,2.83908855494834e-09,3.39445350990464e-09,3.40351933124148e-09,3.9996901032172e-09,2.77566277439263e-09,3.00619148524403e-09,2.36571438672266e-09,3.62855070981933e-09,2.94484057410448e-09,3.45096544740776e-09,1.33395138055974e-08,1.19220734564979e-08,1.80479680531495e-08,1.79583000238009e-08,2.64865202945043e-08,3.34851255944775e-08,1.10958302401238e-08,1.46755443514614e-08,8.20577297248947e-09,2.14482061721413e-08,9.40849999444949e-09,1.52049187230503e-08,1.23944565462368e-08,7.29356667416565e-09,3.4072002705301e-09,8.40139495965916e-09,6.03907237620208e-09,7.37170308276751e-09,5.85992673217642e-09,3.54514457319125e-09,3.44199425991226e-09,5.54210507185743e-09,3.4116569749843e-09,5.7246389441624e-09,3.05449067420889e-09,2.94637727036284e-09,1.07487423600947e-09,2.94664718169693e-09,3.20231001929172e-09,3.21715200372024e-09,2.58022683487657e-09,9.43234910320696e-10,8.33112156194742e-10,2.79917337405624e-09,1.66767626121637e-09,3.33883742886818e-09,8.99932293267129e-10,7.36291957410378e-10,9.94434612626898e-10,1.18483875728853e-09,4.4975920737981e-10,1.01343152031418e-09,1.02338872409188e-09,1.21083331120211e-09,1.38781163683969e-10,1.17930827336673e-09,8.48721046029817e-10,5.08708536251589e-10
1.54100489836312e-08,7.5287719435547e-08,2.04426164947026e-08,3.58830403233994e-08,6.09021056465772e-08,2.54468615908442e-08,1.04581235716297e-07,2.50597475716448e-08,1.36809430014057e-08,8.91514121292355e-08,2.49916723242815e-08,9.04122384661494e-08,2.12844432071963e-08,1.12906808524464e-08,1.58282675880869e-08,2.06755678482045e-08,1.36270539472403e-08,2.22183460882991e-08,9.29625716651332e-09,1.28107068369022e-08,6.72264978422805e-09,1.10853565252968e-08,1.38869346686135e-08,1.15575825323581e-08,1.09501203067964e-08,5.74807813132795e-09,4.38528011615258e-09,1.18710902248996e-08,6.16433225529153e-09,1.2085965336632e-08,5.00998783552367e-09,3.82143583838572e-09,3.18714989681233e-09,5.37355756309223e-09,4.14927005580417e-09,5.67370454598637e-09,3.55413367538978e-09,2.67271273443198e-09,2.97641976173209e-09,3.66022992788467e-09,3.40724256276106e-09,4.28384438795128e-09,2.45374927110291e-09,2.44274170246196e-09,2.60146200156865e-09,2.9442645711584e-09,3.2922209008473e-09,3.35226899478022e-09,7.7397636023915e-09,2.87722729445227e-08,9.54901758295557e-09,1.7835400785264e-08,2.24405874842697e-08,1.29634380355199e-08,3.80863041122346e-08,1.16827025359664e-08,4.42376319870899e-09,3.52403554724584e-08,1.07653104815312e-08,3.56945489056095e-08,8.92510334957026e-09,4.41527609073453e-09,4.61468979020141e-09,8.79930853431536e-09,5.47989145695936e-09,9.59352916556726e-09,3.64412977606196e-09,4.88154476756402e-09,2.07882252924041e-09,5.13031614076589e-09,5.5038233566073e-09,3.40839840776906e-09,4.17885825267001e-09,1.77792525461139e-09,-1.85014558550782e-12,4.71259808919361e-09,1.09719604601994e-09,3.76179737641923e-09,1.55342055370297e-09,1.70187503306873e-12,9.69338818571077e-10,9.59849118720961e-10,1.1751080072298e-09,1.45212825065015e-09,3.45908174700235e-10,8.93241919685475e-10,9.6658283869231e-10,9.56672514075678e-10,1.16146889995146e-09,1.29811934341167e-09,1.03243131690367e-09,1.09694834460462e-09,6.58729969396008e-10,1.36338400365812e-09,1.01894576852098e-09,8.73745321818895e-10
8.47979555222219e-09,2.04235479565811e-08,5.08529416979923e-08,1.59698961641846e-08,3.79317689730478e-08,3.24170326820426e-08,2.50597475716448e-08,5.67068344757434e-08,2.04227201340156e-08,4.49087258419794e-08,4.20688372526902e-08,3.54320277819495e-08,4.85666649571362e-08,1.76169372074553e-08,1.11670290670102e-08,3.59202149636196e-08,1.77315281175442e-08,3.56877369330904e-08,1.43618758817471e-08,9.57848057824699e-09,1.1682961183345e-08,1.45134057670802e-08,1.03911931223261e-08,1.45738006269005e-08,8.18939368019284e-09,9.98240428279969e-09,4.84825987876888e-09,8.88519415986623e-09,1.08541013911534e-08,8.64670837269633e-09,8.69216942036841e-09,4.22352588807685e-09,4.08232870484525e-09,9.45175820453227e-09,4.33387302231351e-09,1.02454272021334e-08,3.71405182518021e-09,3.14265966985108e-09,2.87610650156037e-09,3.74674251026579e-09,3.73668293415806e-09,4.47204406701532e-09,2.73874850024276e-09,2.36360379354833e-09,1.97703921602812e-09,3.16848414747684e-09,2.42757707206372e-09,3.1237758754581e-09,4.2804878906054e-09,9.36618164013333e-09,2.29761073967543e-08,7.17209235808776e-09,1.79049052481527e-08,1.61873675242423e-08,1.13009677980084e-08,2.53810588011026e-08,8.46536392340807e-09,2.11835533332806e-08,1.83600172636631e-08,1.59708417765299e-08,2.06892905789014e-08,7.83906681190009e-09,4.55583209474136e-09,1.57664009246203e-08,7.84342445222028e-09,1.45088391593271e-08,6.54842465898029e-09,4.26732004970877e-09,5.50173110599975e-09,7.06644196645503e-09,5.45468012759978e-09,7.02724572863807e-09,3.65347593055226e-09,4.70009811648967e-09,1.03760163439131e-09,4.66946228309967e-09,4.99376697974195e-09,4.65542016648189e-09,4.09455911500902e-09,9.05542213380977e-10,1.65053016768624e-09,4.34866010123912e-09,2.41606948492225e-09,4.39930066584563e-09,8.00181264143083e-10,1.53288968393497e-09,1.47703680325257e-09,1.97793342154101e-09,1.12019241328574e-09,1.7004218794961e-09,1.40604368600273e-09,1.17510090998471e-09,6.04071765803881e-10,8.74633100380431e-10,9.15849731612091e-10,7.86350160593991e-10
1.08212427368383e-08,1.0991244421047e-08,1.79748714370216e-08,9.79165346342175e-09,1.78243083338573e-08,1.55116128004849e-08,1.36809430014057e-08,2.04227201340156e-08,6.03442067139707e-08,2.18827518183077e-08,4.37121185595613e-08,4.34921465943081e-08,1.76207352731751e-08,5.07211592587038e-08,2.2416051358249e-08,3.67235936461597e-08,3.99083647943785e-08,2.90400237911237e-08,4.14754851537759e-08,1.86500256526298e-08,9.80255045039551e-09,3.28453896458091e-08,1.60854770336497e-08,2.95042193189601e-08,1.59405003707048e-08,8.3808992414437e-09,8.14312697149691e-09,1.37538313940828e-08,8.39544031772734e-09,1.312913440671e-08,7.30401496808293e-09,7.09279692134734e-09,4.08556260039744e-09,7.31875273619586e-09,7.86379251997757e-09,7.85437935206122e-09,6.29289130203126e-09,3.68071548075632e-09,3.08279761208777e-09,7.14509754346232e-09,4.31241380212377e-09,7.27417547517364e-09,3.05577492491964e-09,2.57462319598327e-09,1.88125062922055e-09,3.67467638956734e-09,2.40804934618639e-09,3.50033189999517e-09,5.11082670368684e-09,4.82315992052703e-09,8.28598134866648e-09,4.75177229533803e-09,7.71730483327352e-09,7.1207478322102e-09,6.38239021133308e-09,8.84769873440602e-09,2.27137096025433e-08,9.93140065938091e-09,1.3684753951193e-08,1.40470682986893e-08,7.6632254373023e-09,2.10794527222129e-08,1.00579549564775e-08,1.27944792076333e-08,1.89564296615793e-08,1.24514281701423e-08,1.70563630659263e-08,9.12620353323826e-09,4.86103257261183e-09,1.61397674941119e-08,8.40367196909714e-09,1.51134718760137e-08,7.80717974595707e-09,4.15452542169182e-09,2.01055643292681e-09,7.19368392863553e-09,3.92733018611211e-09,6.50463422605121e-09,3.62331475576328e-09,1.75340316653591e-09,1.09760050230787e-09,3.42366621671019e-09,2.55317276532329e-09,2.38807439422255e-09,1.39186736046127e-09,1.319937178477e-09,1.4261006659493e-09,2.45651007291695e-09,1.46457047178294e-09,1.69336203993429e-09,1.16478626537256e-09,1.46159848730165e-09,8.33912775876506e-10,1.58163909015807e-09,1.86905529022757e-09,1.94711088692886e-09
1.48359719562444e-08,6.08963009521918e-08,3.79512964289689e-08,2.51309284038106e-08,8.88690088689993e-08,4.50658640125311e-08,8.91514121292355e-08,4.49087258419794e-08,2.18827518183077e-08,1.23105513098458e-07,3.59603195227914e-08,1.09139642362738e-07,3.81776774527322e-08,1.83758071390885e-08,1.21025148512008e-08,3.02872238158606e-08,1.90498855443335e-08,3.04143206804522e-08,1.50710191777845e-08,1.03540005307356e-08,1.23662464322062e-08,1.59139531514096e-08,1.08945502843593e-08,1.66275444897307e-08,8.85471627286201e-09,1.05679220198289e-08,5.8761922740949e-09,9.31868401017086e-09,1.17612319491702e-08,9.7376486638081e-09,9.2040762397086e-09,5.1194401589739e-09,4.35108128656688e-09,1.02437932753796e-08,5.39644240092342e-09,1.04314768624651e-08,4.55903175380572e-09,3.30061160059373e-09,3.64063727149842e-09,4.679813353263e-09,4.11881904117892e-09,5.42724775562646e-09,2.98513748541283e-09,2.99177207955109e-09,2.8380258714591e-09,3.56119228188699e-09,3.40708774954601e-09,3.77752094482824e-09,7.95135480995774e-09,2.07101635173273e-08,1.7261232143485e-08,1.1601096424728e-08,3.3452879036304e-08,2.191479252344e-08,3.13926785996063e-08,2.01409820380045e-08,9.91975821264151e-09,4.89619955513009e-08,1.63189577558989e-08,4.66578256920619e-08,1.62249070506134e-08,9.33765828572791e-09,3.31083980986959e-09,1.39308180713708e-08,8.2605857360127e-09,1.22424387001842e-08,7.63638058036836e-09,3.64351019854533e-09,3.52201190718559e-09,7.41089578585558e-09,4.13876320302805e-09,7.40892836170313e-09,3.12369991258476e-09,3.01061709786938e-09,9.93620103463893e-10,3.54939859583891e-09,3.17606479701303e-09,3.60878235397131e-09,2.62680405971947e-09,8.68132938737446e-10,1.11071828183893e-09,2.76900230101224e-09,1.99182504802856e-09,2.62219326903834e-09,1.01848145740156e-09,1.0207694787378e-09,1.51008233734753e-09,1.5614725308458e-09,1.13258252221326e-09,1.45443851021367e-09,1.15441833464184e-09,1.40689537045588e-09,3.61259911846421e-10,1.02804777581117e-09,1.03145269569922e-09,3.77634433770104e-10
9.32904718751223e-09,1.92699936840974e-08,3.69961886350174e-08,1.47743031383324e-08,2.84976063481416e-08,2.28369363517771e-08,2.49916723242815e-08,4.20688372526902e-08,4.37121185595613e-08,3.59603195227914e-08,7.22160736326836e-08,6.1613112881271e-08,3.5923049651749e-08,3.67213827732129e-08,1.99276805968635e-08,6.03377504744165e-08,2.900045994454e-08,4.90657184393832e-08,2.97282782296205e-08,1.65879138192001e-08,9.66512702240738e-09,2.37625389052179e-08,1.48995174038824e-08,2.13956837687791e-08,1.4181536583086e-08,8.26466837735311e-09,8.9162903385522e-09,1.2743192224327e-08,8.85895362771331e-09,1.22521966252001e-08,7.20426178070885e-09,7.76623365156743e-09,4.55748269706595e-09,7.72346705882648e-09,8.49090682244380e-09,8.19339071257485e-09,6.98550313897303e-09,3.96623724319089e-09,3.60192904569394e-09,7.77502095239302e-09,4.71780484966555e-09,7.96610084186913e-09,3.38596484921543e-09,2.95404154997691e-09,2.33478668272708e-09,3.96310380333961e-09,3.09774246492505e-09,3.99697087538917e-09,4.75520128512748e-09,8.74369090240503e-09,1.62273004698701e-08,7.02219043624834e-09,1.29873748373226e-08,1.15268626699906e-08,1.15412811387497e-08,1.81061313786427e-08,1.61479406182075e-08,1.70876606030196e-08,2.64444272373478e-08,2.34460851409652e-08,1.49100419780423e-08,1.48335548224295e-08,8.64685429049755e-09,2.28896708768873e-08,1.36664655528111e-08,2.10073255240922e-08,1.16258395597556e-08,7.61205621782303e-09,4.16605188302585e-09,1.12042553270426e-08,7.4608660450429e-09,1.05170351233378e-08,6.51587261520963e-09,3.56156045801299e-09,2.01794473481433e-09,6.39050310457346e-09,2.9685199985533e-09,5.22660185930606e-09,3.1084610103534e-09,1.76026521231017e-09,1.66456503050097e-09,2.5904027397742e-09,3.26333027009793e-09,3.06783272292228e-09,1.48648887653109e-09,1.6761255155855e-09,1.915247974907e-09,3.02859643961007e-09,1.59063577925376e-09,2.06858992187064e-09,1.47886160042539e-09,1.6665628648798e-09,1.15651625366673e-09,1.46934747429631e-09,2.02126796917491e-09,1.66316797243774e-09
1.5515597001449e-08,6.03179688954011e-08,2.86453538082605e-08,2.39184780992111e-08,7.46479002367039e-08,3.44218853929531e-08,9.04122384661494e-08,3.54320277819495e-08,4.34921465943081e-08,1.09139642362738e-07,6.1613112881271e-08,1.52698353743283e-07,2.99010695545513e-08,3.62509764903745e-08,2.09734234641832e-08,5.08912994768786e-08,3.05244958573344e-08,4.31779286108431e-08,2.96644817079347e-08,1.78085541795672e-08,1.16967017746336e-08,2.55725025121344e-08,1.6785075178476e-08,2.40453394650335e-08,1.52243430753433e-08,9.99963007828692e-09,1.04928944222268e-08,1.43538046411219e-08,1.07311004497414e-08,1.41926758627564e-08,8.71387776987793e-09,9.13794598370908e-09,5.40752277237808e-09,9.35248548545713e-09,9.58958575035105e-09,9.79419087578954e-09,8.19913558907398e-09,4.63430838641921e-09,4.65492797990144e-09,8.59372318173245e-09,5.94760317720441e-09,9.21022841221772e-09,4.03528231909501e-09,3.90710306473461e-09,3.32677991280561e-09,4.9694442806234e-09,4.12165353964114e-09,4.85090226226166e-09,8.52842148834272e-09,2.00170543317831e-08,1.28830992177699e-08,1.15295544360484e-08,2.80147335365568e-08,1.7580593353405e-08,3.19314829017656e-08,1.670307836697e-08,1.54972465843919e-08,4.38543594340583e-08,2.33620143377232e-08,5.77596167339462e-08,1.33053855836291e-08,1.51751528202502e-08,8.08989757039347e-09,2.07683258407599e-08,1.46907459015272e-08,1.8420068207671e-08,1.16582539856346e-08,7.62559699615544e-09,6.1007172715134e-09,1.21642899997842e-08,7.42840914962612e-09,1.08731759285223e-08,6.52799827301232e-09,5.21351090178657e-09,1.51370394627507e-09,6.36348144353325e-09,4.80273109692847e-09,5.48412612301439e-09,4.54570538710783e-09,1.32183889812545e-09,1.51266802170670e-09,4.18610511517069e-09,2.23295198921037e-09,3.75599492533415e-09,1.2956301475311e-09,1.60112529145127e-09,2.07803001002774e-09,2.05459626348635e-09,2.17778996054753e-09,2.20182788534546e-09,1.66980564579249e-09,1.77276748102159e-09,8.181015319852e-10,1.88317387323159e-09,2.22104596148128e-09,1.81549168082996e-09
7.0788609289559e-09,1.75001478982248e-08,4.34901774105607e-08,1.34310693054102e-08,3.23131674388532e-08,2.73992545131725e-08,2.12844432071963e-08,4.85666649571362e-08,1.76207352731751e-08,3.81776774527322e-08,3.5923049651749e-08,2.99010695545513e-08,5.64028476866977e-08,2.05213494035071e-08,1.29585579788801e-08,4.19062723747406e-08,2.05421212582695e-08,4.12336891387769e-08,1.64925191752848e-08,1.10115901832338e-08,1.26131007242353e-08,1.662586653604e-08,1.14907449373648e-08,1.66737458981629e-08,9.40826433390255e-09,1.07733999342776e-08,5.22627001538204e-09,9.81848686009807e-09,1.18101475017165e-08,9.45772169321723e-09,9.3763367038274e-09,4.54966673387194e-09,4.7246806234027e-09,1.02789216161059e-08,4.92188506098855e-09,1.10874480022986e-08,3.93985758156085e-09,3.6252958024201e-09,3.32779863385618e-09,4.16028541554773e-09,4.30039676524014e-09,5.04010718357427e-09,3.12987239009203e-09,2.7296546635947e-09,2.26793834358721e-09,3.61131719775436e-09,2.91529502631282e-09,3.71952731077253e-09,3.67089249402606e-09,7.75310607782788e-09,1.88384504790305e-08,6.08425923622642e-09,1.49749499227992e-08,1.37736701206898e-08,9.35227018883572e-09,2.06891051086145e-08,7.83433635831265e-09,1.72297257054105e-08,1.57598956876162e-08,1.34695547433797e-08,2.57836651696609e-08,9.49574148833533e-09,5.7971830561486e-09,1.88907194243397e-08,8.73798764333483e-09,1.74334999554813e-08,7.93666104744577e-09,5.24063617998244e-09,6.17306822051808e-09,7.96141493449373e-09,6.37549083917719e-09,8.69697291768311e-09,4.4803211493497e-09,5.27212933610592e-09,9.87846734962954e-10,5.4505583441599e-09,5.7033472735845e-09,4.84028483246969e-09,4.58950076167134e-09,8.61018285440051e-10,2.04676503083515e-09,4.96379487539605e-09,2.35676710981682e-09,4.94428497658815e-09,6.92598574274857e-10,1.98512786559365e-09,1.5637137978841e-09,1.96506358570763e-09,1.313157152113e-09,1.69606073227811e-09,1.697001268077e-09,1.32307220753615e-09,5.6361214498577e-10,1.00003101783268e-09,1.12083466566378e-09,9.75430815515635e-10
8.95926433298028e-09,9.44217594696918e-09,1.55399282289581e-08,8.37330738179503e-09,1.53442953653311e-08,1.33344755923517e-08,1.12906808524464e-08,1.76169372074553e-08,5.07211592587038e-08,1.83758071390885e-08,3.67213827732129e-08,3.62509764903745e-08,2.05213494035071e-08,5.81390995721008e-08,2.51914559644246e-08,4.19988340549408e-08,4.5986689795869e-08,3.31390943499632e-08,4.74639706961259e-08,2.09682137913936e-08,1.07465022291253e-08,3.78277943572459e-08,1.85603571399077e-08,3.46905547472176e-08,1.79129932950763e-08,9.18231737451482e-09,8.69130909962293e-09,1.58589717168232e-08,9.21345002954845e-09,1.5051945210841e-08,7.99557064603577e-09,7.56579839988236e-09,4.87830433124637e-09,8.02392607635804e-09,8.61753391589106e-09,8.64629618256702e-09,6.60770944984841e-09,4.11144883644447e-09,3.53148978785902e-09,7.55557024495495e-09,4.97219894344863e-09,7.86143545128618e-09,3.45375796569058e-09,2.91860642574764e-09,2.1892781430199e-09,4.23457075566578e-09,2.774072535196e-09,4.05963802087052e-09,4.3651000786885e-09,4.22067477417009e-09,7.4678688925389e-09,4.17652111984468e-09,7.24278663285273e-09,6.90113867737582e-09,4.86439487134922e-09,7.66042607530907e-09,2.10726133819752e-08,8.14990791431497e-09,1.27860114755502e-08,1.24034772764964e-08,9.93592735535302e-09,2.52782888060316e-08,1.19756628456052e-08,1.69776612561735e-08,2.05780705243511e-08,1.46302261667395e-08,2.0522604027423e-08,1.07034647600569e-08,5.00052211072015e-09,1.77781902383e-08,1.04909502857338e-08,1.83175014426604e-08,9.1478543290197e-09,4.27197128383441e-09,2.24304248272531e-09,8.96848353873035e-09,4.26185962529336e-09,7.87745659834121e-09,3.72171142928629e-09,1.95383345588789e-09,7.6784217957439e-10,3.71167618762379e-09,2.85488339749329e-09,2.47012843188589e-09,1.42616052406535e-09,1.19988488320588e-09,1.77787811810116e-09,2.56520118625688e-09,1.51500646667515e-09,2.10384360805458e-09,1.02480086862436e-09,1.66896333643201e-09,8.1338807269545e-10,1.58194443928145e-09,1.87788287241773e-09,1.67505515793033e-09
5.57544761348584e-09,1.38778387009086e-08,1.02092137146914e-08,1.38275802011406e-08,1.08361463328663e-08,9.96996972506076e-09,1.58282675880869e-08,1.11670290670102e-08,2.2416051358249e-08,1.21025148512008e-08,1.99276805968635e-08,2.09734234641832e-08,1.29585579788801e-08,2.51914559644246e-08,8.38058339271438e-08,2.27650898835317e-08,6.30443865121395e-08,5.7653104642588e-08,2.09740605363012e-08,6.81981269238606e-08,2.51392147018554e-08,5.15423266127921e-08,4.71198511971218e-08,3.30982463095646e-08,5.82403562158663e-08,2.1472666172867e-08,1.15653273514235e-08,4.02462576776968e-08,1.97867808487542e-08,3.69706868577002e-08,1.86883556250331e-08,1.00673646437758e-08,1.37100362740941e-08,1.72235895167714e-08,1.09867558252159e-08,1.76739124809649e-08,8.34067314251829e-09,1.1877189002004e-08,5.27044430317808e-09,8.71630427453573e-09,1.2942714816663e-08,9.35557006342644e-09,1.04168063522804e-08,4.47093009088281e-09,3.32640378108457e-09,1.13437401858245e-08,4.59760056929531e-09,1.15813555215236e-08,6.78838432790514e-10,7.28607177018367e-09,5.9458690585581e-09,6.16757995860017e-09,4.40991434993149e-09,4.55441194234147e-09,6.66463829267085e-09,6.71244141772255e-09,8.57393824446429e-09,4.2751742761999e-09,7.51415734838094e-09,6.71766310260674e-09,7.96398135010895e-09,1.08592798165914e-08,3.27858677949906e-08,1.01141019491913e-08,2.49896445066642e-08,2.42278056801624e-08,9.28947763518888e-09,2.96363459556591e-08,1.40230758718739e-08,2.20518832978445e-08,2.34972341752653e-08,1.68695126308318e-08,2.5315196860136e-08,1.19760589597651e-08,3.62984887800837e-09,2.00763580321058e-08,9.27289947623459e-09,1.75078504366117e-08,1.04245128586998e-08,3.160896716207e-09,3.36741231755872e-09,8.07167424980955e-09,3.99259714536753e-09,8.34078389027506e-09,2.33068622410443e-09,2.9234206309657e-09,1.92752046817659e-09,3.03370201021305e-09,3.62584655446398e-09,3.99465500765406e-09,2.68056154310907e-09,1.85992410272783e-09,1.01272459819765e-09,3.60256790903649e-09,1.68065364249142e-09,3.4675339688272e-09
7.56814460517636e-09,1.61568715730691e-08,3.1604185378129e-08,1.22195276565374e-08,2.42003153552679e-08,1.9279205005885e-08,2.06755678482045e-08,3.59202149636196e-08,3.67235936461597e-08,3.02872238158606e-08,6.03377504744165e-08,5.08912994768786e-08,4.19062723747406e-08,4.19988340549408e-08,2.27650898835317e-08,6.9670878409502e-08,3.31255071434619e-08,5.6611073163324e-08,3.39244119426005e-08,1.88592055819976e-08,1.08390789056284e-08,2.69957443794713e-08,1.70907491847743e-08,2.47650070686307e-08,1.61122179200863e-08,9.26127194237334e-09,9.6199364401917e-09,1.46040870852247e-08,9.84288032850399e-09,1.40025974575936e-08,8.06414075527003e-09,8.3734581773837e-09,5.44569517862477e-09,8.57129189988117e-09,9.40531912162692e-09,9.05837409312679e-09,7.41492972132931e-09,4.55411007304406e-09,4.07190762723422e-09,8.37429394149349e-09,5.44042853271608e-09,8.68036890901950e-09,3.96614857548545e-09,3.3889648564934e-09,2.68509397205222e-09,4.66052914779287e-09,3.53199198063378e-09,4.69737581230149e-09,3.92054611037893e-09,6.96471216677945e-09,1.36484771261675e-08,5.70611371997913e-09,1.11012617081163e-08,1.02822407584891e-08,8.89088021436242e-09,1.49078447097306e-08,1.48256966570768e-08,1.36052528700428e-08,2.28795642502639e-08,1.97876276212209e-08,1.9967743931037e-08,1.80232408066728e-08,9.80951194825576e-09,2.85392683016877e-08,1.4915897493126e-08,2.51987677846819e-08,1.43732118401903e-08,8.58738440458596e-09,4.77476669614591e-09,1.24759130780195e-08,9.11584418799193e-09,1.29618442792248e-08,7.34105567379671e-09,4.07919246127058e-09,2.26320882079709e-09,7.79429473956108e-09,3.68321687947826e-09,6.08229338090707e-09,3.55395795525656e-09,1.97134022070164e-09,1.90727565743487e-09,3.20830814853584e-09,3.7437265368742e-09,3.6307131628478e-09,1.56014772600179e-09,1.9769264113683e-09,2.19996565506331e-09,3.34126569588127e-09,1.86654274494637e-09,2.49550186202163e-09,1.7070206774892e-09,1.96761166433922e-09,1.08353063760845e-09,1.79153621809551e-09,2.06617639061159e-09,1.66714478150594e-09
9.98677723021188e-09,1.15660182354655e-08,1.56315396005023e-08,9.72004866762992e-09,1.64060510904273e-08,1.36473233499341e-08,1.36270539472403e-08,1.77315281175442e-08,3.99083647943785e-08,1.90498855443335e-08,2.900045994454e-08,3.05244958573344e-08,2.05421212582695e-08,4.5986689795869e-08,6.30443865121395e-08,3.31255071434619e-08,9.63804050710596e-08,7.57121693427353e-08,3.7833633101428e-08,5.15406368955068e-08,2.23845398874486e-08,7.85639459450915e-08,3.30191591307886e-08,5.43630897256078e-08,4.4021425780749e-08,1.91227909149851e-08,1.18999452867376e-08,2.82108020338802e-08,1.75874100523384e-08,2.59843223897536e-08,1.66468915361298e-08,1.03601374937783e-08,1.46490942277512e-08,1.53134027234831e-08,1.1195656980431e-08,1.59993736101014e-08,8.59259486678478e-09,1.24190357974856e-08,5.40231038010991e-09,8.92690063502872e-09,1.40700237655955e-08,1.01243833783272e-08,1.08519178414541e-08,4.46767637089914e-09,3.43460554521546e-09,1.21657601031652e-08,4.31763985321277e-09,1.195090259033e-08,2.60595031675692e-09,3.8305748361618e-09,7.07287578120692e-09,4.45424975709781e-09,6.64156563244203e-09,6.40027914084944e-09,4.46467327754329e-09,8.01453763729366e-09,1.71382461521352e-08,7.32315198816502e-09,1.08754389345299e-08,1.1153898628988e-08,1.0508713545101e-08,2.10404847940002e-08,2.72039419046134e-08,1.49887684640507e-08,4.09339493080437e-08,3.33329129041146e-08,1.79756483832026e-08,2.39040062346944e-08,1.15119568021493e-08,3.55984505583113e-08,1.77285077726637e-08,2.80531751751684e-08,2.04236817553145e-08,9.83283734188079e-09,4.28065628725962e-09,1.51543714491145e-08,7.59639453721655e-09,1.3115446172322e-08,8.56200224621614e-09,3.72778345174994e-09,3.66137715382816e-09,6.61476396726424e-09,4.74290384231092e-09,6.43383576500453e-09,2.74046944743848e-09,3.53514020338206e-09,2.18623452148294e-09,3.76790795700173e-09,4.24773424921289e-09,4.48490564945515e-09,3.34786510070175e-09,2.0032474771487e-09,6.61597736698075e-10,4.23119098337526e-09,1.74798931883733e-09,3.98149508751596e-09
8.91728843180765e-09,1.78622816545593e-08,3.15409939818715e-08,1.33126501921747e-08,2.46102296325532e-08,1.92387014829873e-08,2.22183460882991e-08,3.56877369330904e-08,2.90400237911237e-08,3.04143206804522e-08,4.90657184393832e-08,4.31779286108431e-08,4.12336891387769e-08,3.31390943499632e-08,5.7653104642588e-08,5.6611073163324e-08,7.57121693427353e-08,1.07773301430494e-07,2.7013117264976e-08,4.72147225869458e-08,2.20187208166623e-08,6.1603653869377e-08,3.05574470582917e-08,4.14970920662446e-08,4.03283924139356e-08,1.88107141587425e-08,1.22049408855122e-08,2.61094667265507e-08,1.74240669010565e-08,2.36709338846841e-08,1.6375755387756e-08,1.06256423990927e-08,1.51005448389429e-08,1.51716830830729e-08,1.14728501567077e-08,1.59795386722594e-08,8.75027841801714e-09,1.2677797271029e-08,6.07139324840737e-09,9.14647213912789e-09,1.42874164335443e-08,1.04656944034617e-08,1.11609863419075e-08,5.0833091105791e-09,3.52945812776179e-09,1.25443104173938e-08,4.94848278615592e-09,1.2339295231801e-08,4.09603835208747e-09,6.67793070027838e-09,1.3138166355017e-08,6.39240223425165e-09,1.06569263086559e-08,1.00288351752468e-08,8.52008340512622e-09,1.52531153387665e-08,1.16289283106757e-08,1.30995871579891e-08,1.93865532859163e-08,1.76790716885038e-08,2.0174220092131e-08,1.46709086123923e-08,2.51145783826762e-08,2.53427055148861e-08,3.48545734191156e-08,4.72367643353868e-08,1.20278479048514e-08,2.12647677729123e-08,1.11762985150484e-08,2.87817884355426e-08,1.60826565728166e-08,2.16830108829784e-08,1.81706685210595e-08,9.54634941656158e-09,4.24029971050323e-09,1.37495752676762e-08,7.18124295979909e-09,1.12169578325465e-08,8.31302361533506e-09,3.69278187120134e-09,4.63960165041508e-09,6.25382723818347e-09,5.49182701474979e-09,7.29179614249672e-09,2.7862882702639e-09,4.26897443359086e-09,2.46085694515159e-09,4.33469248459965e-09,4.47885709674278e-09,4.27483331290187e-09,3.8710119875276e-09,2.15792788414309e-09,1.21392449317469e-09,4.29024382373987e-09,2.29051519681674e-09,4.26952786454469e-09
7.44479005516081e-09,7.81299845651707e-09,1.28698193697278e-08,6.75200365928983e-09,1.26227258404664e-08,1.07369839102982e-08,9.29625716651332e-09,1.43618758817471e-08,4.14754851537759e-08,1.50710191777845e-08,2.97282782296205e-08,2.96644817079347e-08,1.64925191752848e-08,4.74639706961259e-08,2.09740605363012e-08,3.39244119426005e-08,3.7833633101428e-08,2.7013117264976e-08,5.53844363936551e-08,2.28379570064284e-08,1.20407065895496e-08,4.39234211573968e-08,2.00316002704215e-08,4.03157095501808e-08,1.94987791823903e-08,1.02802137215468e-08,1.02838792519657e-08,1.71027447959957e-08,1.02030033994776e-08,1.64982509256699e-08,8.94186951592745e-09,8.94505784406907e-09,5.19512319446399e-09,8.87471092915802e-09,9.59999675577926e-09,9.53352902893822e-09,7.49974352098857e-09,4.33468896303727e-09,3.94675142253961e-09,8.30927195376828e-09,5.56529427338833e-09,8.99908146802502e-09,3.66547079867469e-09,3.07029394473363e-09,2.62921829691299e-09,4.43179822816376e-09,3.0356394799041e-09,4.39875368970727e-09,3.65741891342284e-09,3.48917947703005e-09,6.39810499545136e-09,3.33082722659948e-09,5.97403181390704e-09,5.67451140833131e-09,4.19306814725385e-09,6.51903975794675e-09,1.70280739925789e-08,6.85180016118606e-09,1.12226448532841e-08,1.10126037722515e-08,8.21054163363651e-09,2.0513292128371e-08,1.0699125365677e-08,1.4540868419278e-08,1.77760076374207e-08,1.30879485323556e-08,2.69402493643257e-08,1.17645693960172e-08,6.29600441319306e-09,2.1571355856676e-08,1.15073977723601e-08,2.22310043672608e-08,1.00444510323003e-08,5.37545454480243e-09,3.32556933636834e-09,9.82488092363182e-09,4.93369337580137e-09,8.54325474688965e-09,4.67564336991131e-09,2.89262537505885e-09,1.30435341043167e-09,4.29139350532613e-09,3.70374971307786e-09,3.07656518161486e-09,1.80422829312891e-09,1.50616784231665e-09,1.71772395363983e-09,2.96208063790872e-09,1.78830359804522e-09,2.32600599579495e-09,1.18025431184308e-09,1.74825298539098e-09,1.11661533149781e-09,1.68167947052999e-09,1.86456862599919e-09,1.70665909489407e-09
