2.40832903365737e-08,1.18684785778589e-08,5.65780294603409e-09,1.91601712511087e-08,1.08923984637254e-08,1.75691780116728e-08,9.77849359900803e-09,4.47418629462485e-09,4.36696455990974e-09,8.93326755781963e-09,4.67857941289511e-09,9.09913518481175e-09,3.71370420516081e-09,3.5405809479609e-09,2.32683774981354e-09,3.88497575064528e-09,3.73960673345395e-09,4.4495815596576e-09,3.02468684585978e-09,1.93146921953062e-09,1.25391062792906e-09,3.17179329925908e-09,1.89318692347876e-09,3.1601123816837e-09,1.74249981531498e-09,1.1779526726319e-09,1.0518393150205e-09,1.75155898150869e-09,1.21846093068455e-09,1.74121825752651e-09,1.15814966163988e-09,1.02295594650265e-09,9.1734242827892e-10,1.1768481750512e-09,1.19859322489085e-09,1.38915357553517e-09,9.06312882248831e-10,8.13794842724927e-10,9.36738085618438e-10,1.04185060764285e-09,1.11690521016293e-09,1.2602136147533e-09,8.08662060783924e-10,9.01351903253037e-10,8.46565260039915e-10,1.1164070357438e-09,9.48895325884836e-10,1.12193574413668e-09,1.12644086212377e-08,5.5593205765453e-09,1.70607784940055e-09,9.08677040121026e-09,4.97035819994446e-09,8.30897132922304e-09,4.110438853648e-09,1.57822129705962e-09,1.46956963786998e-09,3.67835689854877e-09,1.58734354392491e-09,3.27270008095129e-09,1.49685129136889e-09,1.27087026769733e-09,1.21770398440578e-09,1.34585466211955e-09,1.17773994308907e-09,1.24102397622914e-09,1.14010787767314e-09,1.02028394717047e-09,6.66847632359755e-10,1.03033761784605e-09,1.03714642286621e-09,1.07995003989266e-09,8.99806343057994e-10,6.94569077659765e-10,4.57123163021128e-10,9.47120233655549e-10,4.51838660825193e-10,8.9478298283159e-10,6.61956492980629e-10,4.10913912400215e-10,4.6569218173523e-10,4.87818632430454e-10,5.08243932197775e-10,6.88217051747505e-10,3.64363807186047e-10,4.11947768838634e-10,4.63517842459179e-10,4.09993670068863e-10,4.78361670455613e-10,4.32161447774027e-10,4.57838707964066e-10,4.33287016876769e-10,2.98429652842671e-10,5.06681883296916e-10,5.04020773337186e-10,5.3271661161865e-10
1.18684785778589e-08,5.30286435091979e-08,1.27865563086007e-08,2.47360719901954e-08,4.40073147601434e-08,1.80253693603115e-08,4.32318858731849e-08,1.02564016639054e-08,6.05945534524842e-09,3.60477992792966e-08,9.92844497525562e-09,3.61358957415364e-08,8.73158047394742e-09,5.12711057457149e-09,6.11419245006433e-09,8.35925029756767e-09,5.90830167360205e-09,9.29951741036142e-09,4.25710344503783e-09,5.15479759912464e-09,2.46791094604258e-09,4.8293999596315e-09,5.35132557542985e-09,4.67649008866059e-09,4.51530250859746e-09,2.25558715875763e-09,1.95762102706733e-09,4.69607640281465e-09,2.51392674359856e-09,4.88566631100619e-09,2.07377639386965e-09,1.62888790755526e-09,1.79120015072205e-09,2.15181880425752e-09,2.06018099799744e-09,2.665984910543e-09,1.49295185431266e-09,1.52484748624168e-09,1.41166690909014e-09,1.7868195006039e-09,1.93723580573107e-09,2.17762938062246e-09,1.45570946251066e-09,1.3136999719603e-09,1.38528256561367e-09,1.57406104104217e-09,1.64988870420033e-09,1.96778155537896e-09,5.5460145147201e-09,1.81206647810628e-08,4.74484035382874e-09,1.24449849574826e-08,1.35529627472232e-08,7.89286129037662e-09,1.43433805181536e-08,4.3515858290512e-09,1.94802346853779e-09,1.13785198322023e-08,3.72177057906174e-09,9.81113625087798e-09,3.84471258261129e-09,1.89098529016877e-09,2.9513808834212e-09,3.16232469569554e-09,2.35634221585777e-09,3.04850292660489e-09,1.62966403366916e-09,2.64784419327993e-09,1.29363272665579e-09,2.05751294489873e-09,3.17000442518983e-09,1.55624150339425e-09,2.31790772393283e-09,1.23142522315056e-09,8.36373564607269e-10,2.65173977779862e-09,1.06512222931714e-09,2.1168342045202e-09,1.11520088849117e-09,5.85446885417954e-10,7.62501028827252e-10,9.49926638896748e-10,1.01548518335088e-09,1.23629447965746e-09,5.69512617884209e-10,6.24829949757659e-10,6.64181843596009e-10,7.60579330879469e-10,1.05417841353923e-09,1.14983620208733e-09,6.63699747330876e-10,6.30594362700716e-10,6.55872226520284e-10,8.49418279138844e-10,9.67639104668981e-10,1.02851140697528e-09
5.65780294603409e-09,1.27865563086007e-08,3.04080258233693e-08,1.10736845343863e-08,2.32455812427724e-08,2.11108675547458e-08,1.02664772208541e-08,2.35600270782398e-08,9.75600805673444e-09,1.79292407474768e-08,1.85146666504299e-08,1.40745697064119e-08,1.96761459847705e-08,8.07449318422485e-09,4.84184406719861e-09,1.54288665809201e-08,8.30529856824855e-09,1.54528121872096e-08,6.58851393183417e-09,3.96667248730336e-09,3.64082748836617e-09,6.78266645339697e-09,3.98850141942142e-09,6.61699490143643e-09,3.2128165187575e-09,3.18588791262811e-09,1.86118321764053e-09,3.3014269788544e-09,3.64371718066177e-09,3.43585322756255e-09,2.76361670029619e-09,1.6295761774893e-09,1.49925384142626e-09,3.14761756431416e-09,1.73280238846132e-09,3.33717922512832e-09,1.46573339141639e-09,1.19306706861584e-09,1.08068588757479e-09,1.54133078486875e-09,1.38402119880368e-09,1.73306481760477e-09,1.34005647394891e-09,9.59152934065904e-10,1.2021094772056e-09,1.4797002126428e-09,1.30008625899461e-09,1.59974735179745e-09,2.86330333087965e-09,4.80211402777569e-09,1.11642346293797e-08,5.07690293361549e-09,8.46371433322841e-09,9.0058698643042e-09,3.67378723203096e-09,9.97768033927318e-09,3.6220364327694e-09,6.80889063661292e-09,7.43849662075944e-09,4.88162135152068e-09,8.50260157160128e-09,3.23247833362738e-09,2.16576816241105e-09,6.17484674051105e-09,2.81185114904496e-09,5.54042834581806e-09,2.81390766588018e-09,1.7973452362059e-09,1.33986365305239e-09,2.48860860863274e-09,1.78598838422265e-09,2.32685767220703e-09,1.35328084073495e-09,1.33301057160819e-09,7.00706941760077e-10,1.57375967604313e-09,1.448910235757e-09,1.48146781543754e-09,1.16194400520165e-09,6.81957690317172e-10,7.07635012735439e-10,1.28835436052249e-09,8.53439632520733e-10,1.31580961593675e-09,5.91966051281235e-10,5.89385485620267e-10,6.86777234658005e-10,7.13774904140474e-10,7.2043673774347e-10,8.17784786184372e-10,6.8061462129137e-10,5.94532186893365e-10,8.49383386265297e-10,7.13586248595442e-10,6.46695424379447e-10,8.53415459509917e-10
1.91601712511087e-08,2.47360719901954e-08,1.10736845343863e-08,3.49330448470488e-08,1.79682526228329e-08,2.60234476453846e-08,2.00510406416722e-08,8.98231274453015e-09,5.2486780804301e-09,1.46109430139846e-08,8.45035390227028e-09,1.40030013071206e-08,7.53519382050402e-09,4.39371989036679e-09,5.72252265513554e-09,7.05544979825732e-09,4.9674150364521e-09,7.71437498581156e-09,3.56619104436717e-09,4.74845701525358e-09,1.95946107024969e-09,3.99659469767694e-09,4.89531937069571e-09,3.78838115297666e-09,4.2621431786946e-09,1.81625681058966e-09,1.4949432915963e-09,4.39121189244156e-09,2.00070833877064e-09,4.46656036770044e-09,1.81966880958118e-09,1.4438365211443e-09,1.33214813690416e-09,1.94808075143813e-09,1.66337713798048e-09,2.16790889233022e-09,1.28465696834297e-09,1.19554932101827e-09,1.14092851613145e-09,1.45668704672921e-09,1.4653858685293e-09,1.71217600873193e-09,1.14457884209301e-09,1.13069551842765e-09,1.06403435834545e-09,1.39392632483636e-09,1.31013679624301e-09,1.61971904257562e-09,9.27631057213134e-09,1.1776935411244e-08,4.27160711803597e-09,1.70322814111913e-08,7.81515853092232e-09,1.26283258787552e-08,9.22657153439915e-09,3.89214504593641e-09,1.65707118466872e-09,6.21816898251293e-09,3.02885602318648e-09,5.17388018529326e-09,3.4708850375397e-09,1.55131109818777e-09,2.8979027004765e-09,2.59269066585349e-09,1.94271611263053e-09,2.87202432975396e-09,1.38877519763343e-09,2.57012946883849e-09,9.36749121884702e-10,1.60294523028457e-09,2.40996407124516e-09,1.25437253300936e-09,2.1959582581142e-09,9.27052665872724e-10,5.12074724067707e-10,2.14754870954928e-09,7.98109546075275e-10,1.95893182522754e-09,8.88384194375892e-10,4.69350378509079e-10,6.00163820631016e-10,7.56816793994723e-10,7.21405494533426e-10,1.09639578563164e-09,4.37191445027843e-10,5.3064612024029e-10,5.3206957250532e-10,5.17392346393936e-10,6.10800204820116e-10,5.9309877099392e-10,5.94122918025319e-10,5.41042995593572e-10,5.03753007654055e-10,7.17597279471519e-10,7.7270050334653e-10,8.6657227707637e-10
1.08923984637254e-08,4.40073147601434e-08,2.32455812427724e-08,1.79682526228329e-08,6.05105263106073e-08,2.92050094916054e-08,3.60509789940897e-08,1.7919645546822e-08,9.52606874452201e-09,4.85839209877521e-08,1.43742692357849e-08,4.36244407710205e-08,1.50321565960345e-08,7.92684177203067e-09,5.23630206216192e-09,1.19586054177165e-08,8.49955840587156e-09,1.26597579514591e-08,6.57744740787255e-09,4.39674330973594e-09,4.15591338158991e-09,6.99733418233009e-09,4.38423606214454e-09,6.86734890809848e-09,3.6444893444545e-09,3.79672137418628e-09,2.47500768969660e-09,3.77722613399327e-09,4.45482137144405e-09,3.99828617182273e-09,3.47452927121388e-09,2.08341957749829e-09,2.12928172398070e-09,3.80059442341221e-09,2.44993619581953e-09,4.24363620846125e-09,1.9136946798417e-09,1.67094631578616e-09,1.67885040674776e-09,2.13480762521589e-09,2.17919569736286e-09,2.59120486685186e-09,1.58760503608718e-09,1.5607708285778e-09,1.53751875423524e-09,1.83639863232326e-09,1.80549852633029e-09,2.19894947434071e-09,4.90332115028146e-09,1.19679866616344e-08,9.07837195353737e-09,7.41718324043603e-09,1.83627624686195e-08,1.20521119143817e-08,9.43498639006536e-09,7.68386278881427e-09,3.51191828650799e-09,1.50484980947851e-08,5.93832428859203e-09,1.32399180515223e-08,6.60856856322876e-09,3.239135529991e-09,1.83509507045224e-09,4.97452642177382e-09,2.68490185644516e-09,4.14376845038442e-09,2.77870699603785e-09,1.6715137964386e-09,1.49363411497462e-09,2.46549469251078e-09,2.03676668707794e-09,2.13653605219368e-09,1.51186530279378e-09,1.57323891017344e-09,9.7900786145719e-10,1.86391898195818e-09,1.59219722829186e-09,1.58882199667655e-09,1.39495398920394e-09,9.38249588286945e-10,9.25807961594966e-10,1.51768127980761e-09,1.00341765136012e-09,1.42448121893331e-09,8.5177846927818e-10,7.10475683895698e-10,8.17612294051959e-10,7.69457801449039e-10,1.26012692897639e-09,1.19792084091122e-09,7.44932870593268e-10,7.45073713848674e-10,7.88574344531709e-10,9.4677936701422e-10,1.11220270326641e-09,1.10912155134164e-09
1.75691780116728e-08,1.80253693603115e-08,2.11108675547458e-08,2.60234476453846e-08,2.92050094916054e-08,4.03564897813141e-08,1.47050746915707e-08,1.61463810659384e-08,8.25857828202098e-09,2.28774880355018e-08,1.22837413835144e-08,1.85671577709023e-08,1.34722907798161e-08,6.83721963281664e-09,4.5806655189322e-09,1.02458692957836e-08,7.22864507172679e-09,1.06494791666667e-08,5.67511199304608e-09,3.92524043972594e-09,3.69095196659713e-09,6.0332532878712e-09,3.87477510486543e-09,5.86688606768132e-09,3.21526685217243e-09,3.41633640965902e-09,1.93892478119889e-09,3.22690405752228e-09,3.7250168570781e-09,3.33420233408761e-09,3.22365682747226e-09,1.83976205330647e-09,1.59109746813823e-09,3.49149212558019e-09,1.96735015664481e-09,3.59631588258302e-09,1.62752685290787e-09,1.31178101992643e-09,1.30152697858014e-09,1.70134955267252e-09,1.59620094579321e-09,1.95912173766985e-09,1.26688871368723e-09,1.25100051196778e-09,1.18802079198779e-09,1.51590542510326e-09,1.42748664072242e-09,1.76558447539201e-09,8.41387530803295e-09,7.06885478386052e-09,7.91639976977273e-09,1.1075804869923e-08,1.21092976188982e-08,1.78206088569355e-08,5.58266369330466e-09,6.95947047893931e-09,3.08071027240376e-09,9.73546959992579e-09,4.54582929427138e-09,7.42806607875796e-09,6.08190771549438e-09,2.81181849522975e-09,2.02068885218703e-09,3.87968495089845e-09,2.54156879488681e-09,3.72669991258991e-09,2.47430886522032e-09,1.91327837575585e-09,1.29950798157535e-09,2.33985281943669e-09,1.62104694834699e-09,1.99277934375871e-09,1.45251136714729e-09,1.27746729727745e-09,6.14263188438299e-10,1.41631391444531e-09,1.47641234210634e-09,1.15605475246815e-09,1.21436879497735e-09,6.91194979407461e-10,7.85528211965108e-10,1.38907287675727e-09,6.49595801394168e-10,1.34464806410774e-09,5.72373895952477e-10,6.59860084009118e-10,5.42251725091593e-10,4.66041925363499e-10,7.41921335669494e-10,5.52459514935871e-10,7.06007197413781e-10,5.40738909064467e-10,6.10093134111606e-10,7.17159209888976e-10,8.67006562813731e-10,9.63812617355715e-10
9.77849359900803e-09,4.32318858731849e-08,1.02664772208541e-08,2.00510406416722e-08,3.60509789940897e-08,1.47050746915707e-08,5.8763622548241e-08,1.33954706800041e-08,7.4166547752649e-09,5.02430340475464e-08,1.31620417204731e-08,5.09614204231296e-08,1.13070631322994e-08,6.17983988279103e-09,7.28772290673906e-09,1.10809262003784e-08,7.06102229501113e-09,1.23311119506715e-08,5.13415454502107e-09,6.06671700014457e-09,3.12036309787113e-09,5.72064435304486e-09,6.38718244321386e-09,5.61645172345309e-09,5.31079393322238e-09,2.76669761293949e-09,2.31960801717133e-09,5.57378205670166e-09,2.99379061721693e-09,5.75736797757451e-09,2.49158671732425e-09,1.90990138204045e-09,2.12050536768434e-09,2.5401452746517e-09,2.4718746498871e-09,3.10354521602873e-09,1.73835339452006e-09,1.7978630066371e-09,1.76770051371895e-09,2.15799416095343e-09,2.27057745044874e-09,2.68939778492318e-09,1.60874095187493e-09,1.38077519392032e-09,1.44210214122146e-09,1.77622917923979e-09,1.77088172284396e-09,2.1878340315885e-09,4.72018398192427e-09,1.43584474742715e-08,4.34166239701702e-09,1.00345381941509e-08,1.13820868713051e-08,6.67540207180579e-09,2.01049498638218e-08,5.91102800861876e-09,2.60551975634045e-09,1.7682577425523e-08,5.07420901751836e-09,1.60580614800196e-08,4.91316342081829e-09,2.49774110421082e-09,3.00505814935078e-09,4.17913209855328e-09,2.72149174326334e-09,3.98919352941082e-09,2.06434410397805e-09,2.83011379498175e-09,1.7399389037127e-09,2.31985517056487e-09,3.46143529771427e-09,2.0189758940135e-09,2.52227324118256e-09,1.54081795272232e-09,1.06548221169399e-09,2.78722079172348e-09,1.50272012091973e-09,2.2545804921311e-09,1.39253829455923e-09,6.96155438688433e-10,8.47554060331833e-10,1.2114295431994e-09,1.10388619069459e-09,1.51050707697837e-09,7.17092309394397e-10,6.98788838068921e-10,8.96739883765446e-10,9.30383117824837e-10,1.29269576241074e-09,1.48337308455391e-09,7.2494551385077e-10,7.52055153049461e-10,5.85500377755079e-10,1.04900850802655e-09,9.90500648375981e-10,1.0744725297821e-09
4.47418629462485e-09,1.02564016639054e-08,2.35600270782398e-08,8.98231274453015e-09,1.7919645546822e-08,1.61463810659384e-08,1.33954706800041e-08,2.86025898252473e-08,1.16733522844459e-08,2.29471902637345e-08,2.27321302959758e-08,1.83536612702705e-08,2.35689830113881e-08,9.53393727801075e-09,5.7423412478204e-09,1.87513660847509e-08,9.71086294789532e-09,1.87899899519237e-08,7.68952473843148e-09,4.67058777869129e-09,4.32033796859013e-09,7.83772112363514e-09,4.70276532501156e-09,7.62324157902253e-09,3.81618060911636e-09,3.77185299760013e-09,2.17667518416205e-09,3.89383812783373e-09,4.27271884810386e-09,4.04427659261688e-09,3.32986515364438e-09,1.9251663647138e-09,1.77186707680257e-09,3.72468200629086e-09,2.09064745199314e-09,3.96801232656373e-09,1.73247954462006e-09,1.42683478171622e-09,1.3802486554458e-09,1.87728680685462e-09,1.68259675132863e-09,2.13576347357384e-09,1.21484973297425e-09,1.11996875240722e-09,1.13591141068522e-09,1.396349528028e-09,1.30977054874199e-09,1.69987685245331e-09,2.47214594154348e-09,3.6816580348946e-09,9.96914807847238e-09,4.19031925444495e-09,6.8093608576586e-09,7.54000954106099e-09,5.74590263477507e-09,1.26048172121551e-08,4.45451980022233e-09,9.91478523724926e-09,9.58592768297483e-09,7.64072197377383e-09,1.05146701376024e-08,3.9437854943692e-09,2.55385944714039e-09,7.777906644918e-09,3.30128501568709e-09,7.00621328799513e-09,3.26228680293318e-09,2.16295456403134e-09,1.76288906372353e-09,2.83869799823972e-09,2.06738539522854e-09,2.62224445124377e-09,1.61934500259526e-09,1.71967754657759e-09,8.62145734273309e-10,1.78413758805133e-09,1.87770345100083e-09,1.62586942671067e-09,1.5709973782101e-09,7.88189276968151e-10,7.86188367437575e-10,1.67616514020924e-09,1.07540777078248e-09,1.74650954288242e-09,6.71700489773462e-10,7.00545817389027e-10,8.93641242128722e-10,9.37315674693572e-10,9.55246416153922e-10,1.11358445680519e-09,6.14912139665803e-10,7.27611238026199e-10,7.32452657795173e-10,7.71104896147648e-10,7.05653891493962e-10,9.85987904743874e-10
4.36696455990974e-09,6.05945534524842e-09,9.75600805673444e-09,5.2486780804301e-09,9.52606874452201e-09,8.25857828202098e-09,7.4166547752649e-09,1.16733522844459e-08,3.03342160959266e-08,1.17841078710528e-08,2.27808548313004e-08,2.21362811518633e-08,9.53819414162156e-09,2.39013656385618e-08,1.10619152692002e-08,1.81337133722911e-08,2.0065350981059e-08,1.52171249805021e-08,1.93477367543174e-08,8.77361273421329e-09,4.08887248717533e-09,1.61130235228467e-08,7.84603001000434e-09,1.47658070353993e-08,6.83181638876602e-09,3.23934939278794e-09,3.58122134108258e-09,6.08747380777939e-09,3.40271782772391e-09,6.06752722157157e-09,2.60919059897076e-09,3.09309751915167e-09,1.68231938601679e-09,2.7299090918571e-09,3.34911020471585e-09,2.99662433703275e-09,2.7800797183617e-09,1.57686164177437e-09,1.3783112777177e-09,3.07581792244959e-09,1.97374588629245e-09,3.37439986267376e-09,1.35165037981946e-09,1.10017201828974e-09,9.33801950082003e-10,1.64192762016952e-09,1.10589819996173e-09,1.69828958408027e-09,2.27104818060776e-09,2.05564168724246e-09,3.67931256097213e-09,1.94581876096303e-09,3.74876462737859e-09,3.46900107236251e-09,2.69585496350243e-09,4.16950388168037e-09,1.24417040044898e-08,4.97060171263717e-09,8.34756175190012e-09,9.67522499586766e-09,3.48725265541179e-09,1.07221011962498e-08,5.23117000723766e-09,6.92870417864397e-09,8.37479072201286e-09,5.43268150476701e-09,8.92156462093554e-09,4.32837051660599e-09,1.85756524815803e-09,6.96719165470435e-09,3.76758554941486e-09,6.20726231086566e-09,3.30264779953047e-09,1.77353979021334e-09,1.43891170542901e-09,3.00009006049754e-09,1.6943615116739e-09,2.57777275537626e-09,1.51120693432652e-09,1.07768642884435e-09,7.33806061837626e-10,1.47302641937558e-09,1.39770000879567e-09,1.27592944906199e-09,8.54005091610246e-10,6.78727621886436e-10,9.09836379067871e-10,1.21107454988277e-09,1.15967286764032e-09,1.1061117457326e-09,6.19409137700446e-10,6.90199238916186e-10,5.89514583192222e-10,9.41518619587813e-10,7.99706796205611e-10,1.03153910729075e-09
8.93326755781963e-09,3.60477992792966e-08,1.79292407474768e-08,1.46109430139846e-08,4.85839209877521e-08,2.28774880355018e-08,5.02430340475464e-08,2.29471902637345e-08,1.17841078710528e-08,6.72520289931496e-08,1.8708833683421e-08,6.09854571526536e-08,1.9044073120705e-08,9.59230010998428e-09,6.35910033537032e-09,1.55077960124832e-08,1.00502095780724e-08,1.63417452654036e-08,7.96638023106191e-09,5.23788999002917e-09,5.31494192423014e-09,8.23112221468802e-09,5.30743236429644e-09,8.21619164597304e-09,4.31752939574865e-09,4.8056275412553e-09,2.88654392513854e-09,4.48367026887755e-09,5.30613956531597e-09,4.71778063089718e-09,4.42225065180861e-09,2.45269245657598e-09,2.48186951613596e-09,4.5529416768062e-09,2.9247765549265e-09,5.04108596964188e-09,2.21446464446034e-09,1.94247337143487e-09,2.03094242450413e-09,2.5463883589636e-09,2.56523832102061e-09,3.14084638958548e-09,1.72091893900314e-09,1.61284573471707e-09,1.70511832959544e-09,2.000177004437e-09,2.01779029865055e-09,2.48790844242979e-09,4.37017613671225e-09,9.45181894596112e-09,7.67171978986428e-09,6.25378241240654e-09,1.5052043469491e-08,9.9949923728354e-09,1.55547102098225e-08,9.80699362052612e-09,4.31575076786395e-09,2.35957519402174e-08,7.83147130735591e-09,2.1391701351996e-08,8.07091604126496e-09,4.07454239787613e-09,2.06200108824948e-09,6.4162659755376e-09,3.1937315189797e-09,5.20261633349026e-09,3.37808227678238e-09,2.14940114838011e-09,1.96892193692219e-09,2.89144580887084e-09,2.33274804312177e-09,2.66355884981975e-09,1.90045429522342e-09,2.04487284227382e-09,1.22346420030099e-09,2.0334860274303e-09,2.22100281672772e-09,1.91823637161871e-09,1.85592273124584e-09,1.10246775106276e-09,1.05087338712103e-09,1.98162846321949e-09,1.2462527842122e-09,1.77485846423032e-09,9.85375152434989e-10,8.66121268984102e-10,1.03476470466025e-09,1.05551390570333e-09,1.69540061710796e-09,1.51805655641513e-09,8.20193881460066e-10,8.80744904461793e-10,7.91148911933296e-10,1.15621029402991e-09,1.07873532987626e-09,1.16984106106688e-09
4.67857941289511e-09,9.92844497525562e-09,1.85146666504299e-08,8.45035390227028e-09,1.43742692357849e-08,1.22837413835144e-08,1.31620417204731e-08,2.27321302959758e-08,2.27808548313004e-08,1.8708833683421e-08,3.71859942185597e-08,3.13508402430715e-08,1.87544752040918e-08,1.81316557478387e-08,9.91273612657989e-09,3.00032633216679e-08,1.52000201283111e-08,2.57727083403137e-08,1.45785636798154e-08,7.79129735308909e-09,4.02686748662134e-09,1.21872278173306e-08,7.24219587779072e-09,1.11423070941125e-08,6.16714795925215e-09,3.29373620768869e-09,3.79268250765083e-09,5.73291432107403e-09,3.54841963032296e-09,5.68699845096238e-09,2.63791998809764e-09,3.3205026443195e-09,2.04837596801482e-09,2.81477821084784e-09,3.73296041835156e-09,3.19643164485281e-09,3.02999023488524e-09,1.80241521916185e-09,1.69290515563677e-09,3.42362873223619e-09,2.26492679787003e-09,3.77102867312043e-09,1.5218223140058e-09,1.34434709326063e-09,1.16811211468917e-09,1.79469064069635e-09,1.47194151898373e-09,1.9810717015555e-09,2.70383308330298e-09,3.3534570787478e-09,7.44072812689327e-09,3.83234247211642e-09,5.25367994922434e-09,5.70125122480865e-09,5.25765675023511e-09,9.40491805418251e-09,9.46949989348794e-09,7.93299939050463e-09,1.49238760837386e-08,1.38516435263663e-08,7.83054184071914e-09,8.08547874217588e-09,4.52608353198372e-09,1.18448560049562e-08,5.74721020626772e-09,9.56542462737904e-09,6.84098777264916e-09,3.74138675659102e-09,1.85477279786712e-09,4.97448977387775e-09,3.68186012571203e-09,4.71713980786047e-09,2.70814626101866e-09,1.62125313930381e-09,1.42926344762152e-09,2.73079898060142e-09,1.50021605547355e-09,2.17413765256331e-09,1.41791690777171e-09,1.08592807562987e-09,8.93298761594784e-10,1.31777193958543e-09,1.59539249715231e-09,1.3963345862087e-09,9.15226536179508e-10,7.80851369727895e-10,1.10396431316991e-09,1.4031556347478e-09,1.20679367036261e-09,1.28986591675273e-09,6.88559804513404e-10,8.02319234396201e-10,7.55967090049088e-10,9.05930385622192e-10,9.2085732629774e-10,1.146639847197e-09
9.09913518481175e-09,3.61358957415364e-08,1.40745697064119e-08,1.40030013071206e-08,4.36244407710205e-08,1.85671577709023e-08,5.09614204231296e-08,1.83536612702705e-08,2.21362811518633e-08,6.09854571526536e-08,3.13508402430715e-08,8.26661662627074e-08,1.52375795960598e-08,1.76664765640989e-08,1.01617297763756e-08,2.54301764611657e-08,1.53263622070232e-08,2.26505506354229e-08,1.44454900012509e-08,8.07255302353691e-09,4.95098566797816e-09,1.24308509314591e-08,7.7580126160811e-09,1.17033768645576e-08,6.44038907721256e-09,4.16763534657616e-09,4.69526288438168e-09,6.29681833080838e-09,4.46818910537379e-09,6.32456218143476e-09,3.53503045363385e-09,4.08501768315845e-09,2.75405114292957e-09,3.60771087764594e-09,4.61484208347558e-09,4.11014365277995e-09,3.71659612368418e-09,2.35230945925244e-09,2.40502953014857e-09,4.16902560132703e-09,3.23471936005365e-09,4.95392940068856e-09,2.0151743489583e-09,1.83724014730833e-09,1.74734418070802e-09,2.41824458168925e-09,2.16400676800368e-09,2.67791290582465e-09,4.30618961374304e-09,8.66217583530588e-09,5.37781017283506e-09,5.56905020787416e-09,1.34378031184319e-08,7.94890412288442e-09,1.42305054872917e-08,7.16453965086572e-09,8.84014994748687e-09,2.08216315229538e-08,1.28409111067405e-08,2.96560063381778e-08,5.9294412854789e-09,7.96990672605527e-09,4.35826312438875e-09,1.05159799977019e-08,5.73913514399954e-09,7.84996880736796e-09,6.78056620242659e-09,4.06860645291564e-09,2.39926191301221e-09,5.20779611698124e-09,4.31549269886682e-09,4.68587262984025e-09,3.2441945031749e-09,2.42428123907797e-09,1.93608118499657e-09,3.40038406575186e-09,2.17946947814452e-09,2.69549347303741e-09,2.21402358342896e-09,1.53578877226048e-09,1.11258587721219e-09,2.07347552575921e-09,1.67272329874082e-09,1.87238809321605e-09,1.38909163006738e-09,8.91651203240567e-10,1.30025634584358e-09,1.46960481439636e-09,1.81298389627634e-09,1.79951883804564e-09,8.9891387615671e-10,9.52993866552373e-10,7.7686853042143e-10,1.24841149225074e-09,1.2844842302352e-09,1.35964790450768e-09
3.71370420516081e-09,8.73158047394742e-09,1.96761459847705e-08,7.53519382050402e-09,1.50321565960345e-08,1.34722907798161e-08,1.13070631322994e-08,2.35689830113881e-08,9.53819414162156e-09,1.9044073120705e-08,1.87544752040918e-08,1.52375795960598e-08,2.94008517518504e-08,1.15748011312965e-08,6.73600076090721e-09,2.28056251407652e-08,1.16787351031786e-08,2.26501828753385e-08,9.3582914505688e-09,5.49880047001227e-09,5.38202211609204e-09,9.42320798712361e-09,5.65326228338649e-09,9.36703571833676e-09,4.39020939490028e-09,4.46462156934115e-09,2.60472856189069e-09,4.54635657947304e-09,5.02244810579964e-09,4.68784666775855e-09,3.85092365119055e-09,2.28465517144928e-09,2.21154109160759e-09,4.30270319934716e-09,2.5541344904881e-09,4.59138389582806e-09,2.03300216294147e-09,1.78519203663925e-09,1.65917130120838e-09,2.2603891048375e-09,2.0559981860829e-09,2.62309935744541e-09,1.51793245873462e-09,1.34472708513145e-09,1.3779850788286e-09,1.68395951140104e-09,1.68207483613887e-09,2.1629282266545e-09,1.93511170718507e-09,3.41016284283246e-09,8.49204429089712e-09,3.72293238563294e-09,5.96271512182988e-09,6.41037387235769e-09,5.10961560991397e-09,1.05163500987708e-08,3.94123676437053e-09,8.45470026364854e-09,7.7781683201274e-09,6.41701675145528e-09,1.23257625492014e-08,5.01957892904193e-09,3.39681718063642e-09,9.68980407365037e-09,4.42507963600396e-09,8.808657147181e-09,4.11446003366876e-09,2.77021281769375e-09,2.12831251828992e-09,3.68136191936688e-09,2.70479047470758e-09,3.42322931690104e-09,2.01903854150847e-09,2.02739944036294e-09,9.53271193706639e-10,2.1613415079275e-09,2.06319429386687e-09,1.78449292544148e-09,1.71504147335715e-09,8.81410103982804e-10,1.02660108120337e-09,1.83876889636795e-09,1.17191728064564e-09,1.79041433987777e-09,7.30020119866949e-10,9.32050772116604e-10,8.74728056641788e-10,1.04670808983431e-09,1.04303644527092e-09,1.21775069670205e-09,7.87430274245153e-10,7.42329331159518e-10,6.36147107258134e-10,8.24706184534794e-10,5.09232862626746e-10,8.94695925602132e-10
3.5405809479609e-09,5.12711057457149e-09,8.07449318422485e-09,4.39371989036679e-09,7.92684177203067e-09,6.83721963281664e-09,6.17983988279103e-09,9.53393727801075e-09,2.39013656385618e-08,9.59230010998428e-09,1.81316557478387e-08,1.76664765640989e-08,1.15748011312965e-08,2.90393537872201e-08,1.32578681844782e-08,2.21457830519995e-08,2.41470646798138e-08,1.85219109189763e-08,2.33462141407984e-08,1.04370446414373e-08,5.11342122864452e-09,1.92952822746384e-08,9.4435472817445e-09,1.79035750270955e-08,8.04510804202413e-09,4.01782019839914e-09,4.22880234684797e-09,7.29624065946535e-09,4.132991120702e-09,7.23930388717905e-09,3.18521828567163e-09,3.6063241190993e-09,2.18611680884318e-09,3.30418716164854e-09,4.00389460319286e-09,3.66353646750046e-09,3.20013959049486e-09,1.91832168253919e-09,1.63448521498859e-09,3.54674992805623e-09,2.34398614199245e-09,3.89231342553362e-09,1.67300086817813e-09,1.30625987794961e-09,1.10341781132629e-09,1.95704214439566e-09,1.36199783442987e-09,2.07640989639174e-09,1.88721043913716e-09,1.82633768470919e-09,3.11940697819477e-09,1.73534200632448e-09,3.35456928249423e-09,3.05733358526124e-09,2.22087702445922e-09,3.48801143243644e-09,1.07177048311635e-08,3.96601452245416e-09,6.92714414458259e-09,7.88004420778451e-09,4.25520026628493e-09,1.34049898391371e-08,6.38327555470288e-09,8.7523384699423e-09,1.05419433859269e-08,7.15484145026269e-09,1.05466338438144e-08,5.25419345795297e-09,1.99425408294165e-09,8.2699161018515e-09,4.93652627366922e-09,7.5626690306502e-09,3.94051039149605e-09,1.83581972030218e-09,1.59542075962111e-09,3.94089259308816e-09,1.70635230211542e-09,3.14899548751016e-09,1.46912016573452e-09,1.19061534846835e-09,8.34032399693567e-10,1.53704944336402e-09,1.66136585364478e-09,1.37384338736008e-09,9.0434725081974e-10,8.12174416642036e-10,1.08456955179684e-09,1.36117338307395e-09,1.25135318966694e-09,1.35133705561039e-09,7.47077608018491e-10,7.79801546230201e-10,6.73010603465587e-10,1.00103928934966e-09,8.57682082623612e-10,1.09575457775015e-09
2.32683774981354e-09,6.11419245006433e-09,4.84184406719861e-09,5.72252265513554e-09,5.23630206216192e-09,4.5806655189322e-09,7.28772290673906e-09,5.7423412478204e-09,1.10619152692002e-08,6.35910033537032e-09,9.91273612657989e-09,1.01617297763756e-08,6.73600076090721e-09,1.32578681844782e-08,4.16673893420421e-08,1.18776097214978e-08,3.11951593197702e-08,2.89875194035128e-08,1.04412314585954e-08,3.27522029282136e-08,1.29763104988389e-08,2.48008531913431e-08,2.41156697276591e-08,1.74443438901433e-08,2.60633472208352e-08,9.93893442704022e-09,5.95843520718022e-09,1.85810568957656e-08,9.52049092383003e-09,1.77723756832905e-08,7.35772915813419e-09,4.49751328031908e-09,6.05718105976918e-09,6.96983766904534e-09,4.62687695127726e-09,6.9544820008633e-09,3.80039051500307e-09,5.29073030303878e-09,2.22440109067818e-09,3.8782556377684e-09,5.64199489683007e-09,4.26410938205566e-09,4.5547870021744e-09,1.7625565935664e-09,1.59408586264048e-09,4.8050495695808e-09,2.03640858296242e-09,5.19354079257118e-09,1.28161575096269e-09,3.29334903532218e-09,1.87654838327906e-09,3.31517767375812e-09,2.05559390570553e-09,2.02192385646288e-09,3.62072055663318e-09,2.23679749609719e-09,4.1040670290041e-09,2.45602009870159e-09,3.32714031016812e-09,4.62643078083115e-09,2.73811322883025e-09,5.44085220522458e-09,1.92278907980478e-08,4.19919895013036e-09,1.35137520582016e-08,1.1499071295393e-08,4.14726350852004e-09,1.56938061402735e-08,6.49975793685892e-09,1.00112902551722e-08,1.21002805272812e-08,7.15414558193077e-09,1.21508114767184e-08,5.62958455944179e-09,2.60618263804128e-09,9.47148953787524e-09,5.12351429365451e-09,8.67624837919199e-09,4.57033695122179e-09,1.82453993159754e-09,2.31411523907498e-09,3.91615200814678e-09,2.47104377009161e-09,4.31186237273424e-09,1.43051413955714e-09,1.85225773703653e-09,1.28244002459415e-09,1.95978574511617e-09,2.18502751463165e-09,2.21024836278863e-09,1.60926848365479e-09,1.04522258248307e-09,7.93025576376167e-10,2.01171442493083e-09,9.78198609085534e-10,1.85628825141669e-09
3.88497575064528e-09,8.35925029756767e-09,1.54288665809201e-08,7.05544979825732e-09,1.19586054177165e-08,1.02458692957836e-08,1.10809262003784e-08,1.87513660847509e-08,1.81337133722911e-08,1.55077960124832e-08,3.00032633216679e-08,2.54301764611657e-08,2.28056251407652e-08,2.21457830519995e-08,1.18776097214978e-08,3.66904585953513e-08,1.83976053226672e-08,3.12402221649868e-08,1.77229451442131e-08,9.22701120172635e-09,5.00801082506824e-09,1.46644177417082e-08,8.64017831404459e-09,1.36411945226205e-08,7.23620293479395e-09,4.06524355409459e-09,4.45163287215561e-09,6.78825195454635e-09,4.29650274198705e-09,6.79480435615501e-09,3.25762532630103e-09,3.88181045392029e-09,2.57254262165056e-09,3.4475873217747e-09,4.47234660652714e-09,3.91164397686892e-09,3.47907370105591e-09,2.20159138192656e-09,1.98872414789878e-09,3.9914119677752e-09,2.69131566806539e-09,4.3995447883404e-09,1.91254286046702e-09,1.60707607380241e-09,1.39034445805963e-09,2.17442412080829e-09,1.77538633917704e-09,2.4574441010384e-09,2.17235912907327e-09,2.99285187588991e-09,6.36232768820743e-09,3.30343801434871e-09,4.69005415726054e-09,5.00349509417275e-09,4.5395926114488e-09,7.83190807136061e-09,8.08103576381975e-09,6.7177718143762e-09,1.1843843075448e-08,1.11778358742398e-08,9.63645550780543e-09,1.02171194226365e-08,5.49874241693176e-09,1.51207800039818e-08,7.49071438109734e-09,1.2407814765852e-08,8.18661025086565e-09,4.43772987194075e-09,1.93816368530411e-09,5.99769184240991e-09,4.58225127257739e-09,5.87670656408505e-09,3.14832298798977e-09,1.65694404492882e-09,1.52082672568812e-09,3.34246634996225e-09,1.43239840189083e-09,2.46312939655846e-09,1.39745795881954e-09,1.17199446368183e-09,1.1788320433884e-09,1.33302005439986e-09,1.92114747881627e-09,1.54335009155095e-09,9.69031242318475e-10,1.03375724894361e-09,1.18224478444635e-09,1.58884807259257e-09,1.31821086566006e-09,1.48822973239043e-09,9.18387339867164e-10,8.75527325331879e-10,8.42842406905106e-10,1.00173234271487e-09,9.16789919037815e-10,1.23432572024861e-09
3.73960673345395e-09,5.90830167360205e-09,8.30529856824855e-09,4.9674150364521e-09,8.49955840587156e-09,7.22864507172679e-09,7.06102229501113e-09,9.71086294789532e-09,2.0065350981059e-08,1.00502095780724e-08,1.52000201283111e-08,1.53263622070232e-08,1.16787351031786e-08,2.41470646798138e-08,3.11951593197702e-08,1.83976053226672e-08,4.77312990525196e-08,3.88358891592565e-08,1.92992797765791e-08,2.4799479541984e-08,1.17447018390727e-08,3.82223896413656e-08,1.74919743060787e-08,2.86890522150407e-08,1.97296569477204e-08,9.04845217314568e-09,6.18576021089361e-09,1.33331028172e-08,8.76834385447298e-09,1.27963233711953e-08,6.71074192640532e-09,4.87121912670227e-09,6.51810476936772e-09,6.46533830586804e-09,4.902875532259e-09,6.62159399189251e-09,4.10323704646398e-09,5.66779276463587e-09,2.48750501811065e-09,4.07371287172618e-09,6.17434647672569e-09,4.66308881510038e-09,4.85818973939558e-09,1.97710887130526e-09,1.84810903076778e-09,5.16918872696235e-09,2.17635288870206e-09,5.54472552247331e-09,1.98027566910443e-09,2.14203979632553e-09,2.96490272264651e-09,2.24784429681486e-09,3.58210322000764e-09,3.22936690921177e-09,2.71058033805569e-09,3.52345477973886e-09,8.41812964763397e-09,4.30038219506546e-09,5.579954534773e-09,7.12169123748106e-09,4.42762937652425e-09,1.07173805366543e-08,1.49641040767522e-08,7.07779535391684e-09,2.0884793698455e-08,1.56350053018175e-08,8.47385270086277e-09,1.1975408919153e-08,5.44674244589043e-09,1.60246726854254e-08,8.85853610200788e-09,1.22965881225189e-08,9.36366351159887e-09,4.84470598243639e-09,2.87889943721919e-09,7.12769269675995e-09,4.39236726260299e-09,6.4621738744259e-09,3.84117170225396e-09,2.13681162425535e-09,2.24576506827741e-09,3.35474271799078e-09,2.59035498332021e-09,3.54256564063849e-09,1.60387964600235e-09,1.91438277877153e-09,1.41970518662404e-09,2.02132763266591e-09,2.39563176045955e-09,2.4465786092754e-09,1.7471765735488e-09,1.16110185667704e-09,7.22665123395496e-10,2.2115752121759e-09,9.23713593994158e-10,2.02212736940629e-09
4.4495815596576e-09,9.29951741036142e-09,1.54528121872096e-08,7.71437498581156e-09,1.26597579514591e-08,1.06494791666667e-08,1.23311119506715e-08,1.87899899519237e-08,1.52171249805021e-08,1.63417452654036e-08,2.57727083403137e-08,2.26505506354229e-08,2.26501828753385e-08,1.85219109189763e-08,2.89875194035128e-08,3.12402221649868e-08,3.88358891592565e-08,5.61113384956083e-08,1.47432987523507e-08,2.29549693268186e-08,1.1492978457659e-08,3.11828929662004e-08,1.63174964609976e-08,2.30335321860384e-08,1.83980106222678e-08,8.92975042713458e-09,6.36830597082131e-09,1.2576126565323e-08,8.70607777776266e-09,1.21523800308351e-08,6.65373367007196e-09,4.98347745283303e-09,7.00872566296558e-09,6.38348665316964e-09,5.19486127157741e-09,6.69931255137039e-09,4.15464606316547e-09,6.03733862611043e-09,2.88891930293397e-09,4.29598107633396e-09,6.52221804560475e-09,5.05726829358745e-09,5.13607588603011e-09,2.23608269619421e-09,2.15188540498025e-09,5.4210747995709e-09,2.55265042275719e-09,5.98118563632431e-09,2.42868744873222e-09,3.35043540894357e-09,6.23901401503584e-09,3.90239878900220e-09,5.1419204249368e-09,5.37146239847845e-09,5.08629927142431e-09,7.87501832204397e-09,5.94745800606043e-09,7.15226479021957e-09,1.00418240318211e-08,1.00073422724318e-08,9.77341709407431e-09,7.74251322613829e-09,1.319758679839e-08,1.28627144204821e-08,1.64088714352423e-08,2.24334873652122e-08,6.13995023539067e-09,1.0624836316392e-08,5.17502999082983e-09,1.28267101080208e-08,8.51609870854347e-09,9.81391044926756e-09,8.27855662356293e-09,4.50441228778882e-09,2.69411524441349e-09,6.55327353403657e-09,3.76022036429365e-09,5.68591865681697e-09,3.67760100023585e-09,2.06083719557327e-09,2.47833600422375e-09,2.94992671070546e-09,2.67610786038249e-09,3.39000514965924e-09,1.65387915288284e-09,2.0485947782285e-09,1.46592134765935e-09,2.13841280472469e-09,2.36633433836195e-09,2.55515650707312e-09,1.78582828400307e-09,1.16107540745514e-09,1.04187558741623e-09,2.11359024177212e-09,1.05094964714057e-09,2.20191251054954e-09
3.02468684585978e-09,4.25710344503783e-09,6.58851393183417e-09,3.56619104436717e-09,6.57744740787255e-09,5.67511199304608e-09,5.13415454502107e-09,7.68952473843148e-09,1.93477367543174e-08,7.96638023106191e-09,1.45785636798154e-08,1.44454900012509e-08,9.3582914505688e-09,2.33462141407984e-08,1.04412314585954e-08,1.77229451442131e-08,1.92992797765791e-08,1.47432987523507e-08,2.87720246156798e-08,1.24987542012284e-08,6.18910091536891e-09,2.37719056626384e-08,1.13504930610554e-08,2.20456283238754e-08,9.6843701615953e-09,4.89559492104638e-09,5.17160448166692e-09,8.79802545531359e-09,4.93186632452434e-09,8.72334472285917e-09,3.83455097787995e-09,4.45350264178822e-09,2.62487219261334e-09,3.90629344187931e-09,4.79297681154343e-09,4.24626328779645e-09,3.82191911423132e-09,2.2761013253536e-09,1.96805381077409e-09,4.19609456871957e-09,2.78589948212505e-09,4.60117267828916e-09,1.91796859363818e-09,1.53331150515207e-09,1.32474869152604e-09,2.24383028331009e-09,1.58717905211394e-09,2.39785046329306e-09,1.59496381517458e-09,1.63485046603836e-09,2.44129418915994e-09,1.52966062461269e-09,2.72331472791093e-09,2.4302361707092e-09,2.0496689246665e-09,2.71017931740490e-09,8.91588548054618e-09,3.30845746262506e-09,5.86365872106399e-09,6.88910886245571e-09,3.28119988748236e-09,1.05475034480674e-08,5.25269972028097e-09,7.14956635360078e-09,8.27421012479881e-09,5.87231751731252e-09,1.34838928860273e-08,6.62922602750478e-09,2.62243427809751e-09,1.02776019893479e-08,6.10588892439948e-09,9.65448095848495e-09,5.188704365135e-09,2.13501841582449e-09,2.07240663405068e-09,4.90086365750277e-09,1.9571136023715e-09,4.07635805991814e-09,1.85853665641878e-09,1.62819752271863e-09,1.15677111956255e-09,1.74821189568087e-09,2.1149657990009e-09,1.52607930662472e-09,1.06956478664714e-09,1.07925601993018e-09,1.26126461874607e-09,1.63993357410026e-09,1.55137526233488e-09,1.54369046137026e-09,9.00159972264964e-10,9.56249660405512e-10,8.63111834655898e-10,1.2552122596732e-09,9.89138464789054e-10,1.34424328612127e-09
