1.89725425297145e-08,9.96761896080187e-09,4.45837540742276e-09,1.52235588429608e-08,9.72585128325283e-09,1.43854990856134e-08,8.76715986136327e-09,3.80370263135922e-09,4.03941290399877e-09,8.52577466890335e-09,4.14510706253405e-09,8.83708815043645e-09,3.2585076474855e-09,3.60158009518843e-09,2.76545502641602e-09,3.48169604639423e-09,4.21623314153656e-09,4.07593209585846e-09,3.17246416685893e-09,2.34099240398092e-09,1.88777905340134e-09,3.6028932039198e-09,2.25772336182135e-09,3.38078366921676e-09,2.14675192609218e-09,1.73743547355467e-09,1.36099511108523e-09,2.04732874143606e-09,1.89674767674766e-09,2.16776864648032e-09,1.65267806527998e-09,1.35365871388955e-09,1.33993507856778e-09,1.85154662765076e-09,1.58436767906284e-09,2.10079473396519e-09,1.26837706304702e-09,1.16565201703425e-09,1.09605142402389e-09,1.45082317850738e-09,1.45036685971152e-09,1.72642003705835e-09,1.13148737657851e-09,1.04114824836964e-09,9.75824030429051e-10,1.39870448156742e-09,1.23791760163174e-09,1.45285931540871e-09,1.19076789049053e-08,5.91941851521059e-09,2.81875894561211e-09,1.00040441404852e-08,6.01690722924846e-09,9.48466251015514e-09,5.32163688386137e-09,2.36500075953818e-09,2.17530683786949e-09,5.37873712528846e-09,2.25044938971483e-09,4.75000368231101e-09,1.91900184877375e-09,1.98403094392418e-09,1.6420676550359e-09,1.93252448262325e-09,2.00861249408828e-09,2.13263254569965e-09,1.82452322454168e-09,1.48873181658014e-09,9.85024489994524e-10,1.9282596886091e-09,1.45722678460127e-09,1.8044389270992e-09,1.34738125231206e-09,8.73772075069271e-10,6.03529072796807e-10,1.27763132669492e-09,8.60009694313188e-10,1.22051617272989e-09,8.31518297212286e-10,6.06135064992432e-10,8.4520073395427e-10,8.59979350004326e-10,8.8132923160827e-10,1.13738288287716e-09,6.18174623456544e-10,7.62662526863416e-10,7.50118277038505e-10,8.39879867327239e-10,9.14004538386377e-10,1.00379742196735e-09,7.27347260084602e-10,6.75015998886684e-10,7.08927219286382e-10,8.80862889523429e-10,1.01135361273923e-09,1.12074669364794e-09
9.96761896080187e-09,3.85131345421665e-08,1.07466564154221e-08,1.8896450588686e-08,3.31367317711205e-08,1.52336812281419e-08,3.36506393075681e-08,9.24115948914222e-09,5.09883179330347e-09,2.89262369657564e-08,8.66176104781801e-09,2.79460689129048e-08,7.80450226050323e-09,4.42156256179283e-09,5.23095546796483e-09,7.19673590673075e-09,5.05936719832035e-09,7.57077255403219e-09,3.83469201149132e-09,4.55458637379971e-09,2.66876392958927e-09,4.3402408523006e-09,4.61704961608097e-09,4.44328452860184e-09,3.92976052968661e-09,2.40912325664747e-09,1.89528557561491e-09,4.01945068321311e-09,2.78914513853457e-09,4.39840612954864e-09,2.29275829146538e-09,1.88280596770175e-09,2.03671517870174e-09,2.70351679329748e-09,2.34191414420848e-09,3.05935243260258e-09,1.62087043883463e-09,1.71787007033305e-09,1.56010120166819e-09,1.94425482453051e-09,1.98354184202848e-09,2.31028039151871e-09,1.62010340173816e-09,1.45995152549171e-09,1.39858132366363e-09,1.87838634635914e-09,1.80766538862753e-09,2.07819352391385e-09,6.54415153764802e-09,1.94237335976176e-08,6.62109478219923e-09,1.24299518207385e-08,1.73576517135889e-08,1.04686021578465e-08,1.71540275287095e-08,5.73192544721501e-09,2.30401638008482e-09,1.55275847969746e-08,4.55424617949225e-09,1.30757533899555e-08,4.88591266588739e-09,2.05451892540914e-09,2.44856919988459e-09,3.81706417256155e-09,2.4606788017427e-09,4.08506244389422e-09,1.70778638612415e-09,2.34326167502037e-09,1.43527567680744e-09,2.21039306207016e-09,2.41573951814626e-09,2.15277700661563e-09,2.07983458528946e-09,1.32546713546588e-09,1.08105856298387e-09,2.15229998998358e-09,1.5493409062508e-09,2.34895083648295e-09,1.25897552671593e-09,1.05910650077251e-09,1.17672417939033e-09,1.48202396725187e-09,1.31737026554453e-09,1.66414194279952e-09,8.33823930706387e-10,1.05230616248335e-09,1.00106214975164e-09,1.08405831501707e-09,1.24756586057613e-09,1.37235640822061e-09,9.1995930530389e-10,9.29694975283859e-10,8.27273594582231e-10,1.1439405824305e-09,1.20006136622639e-09,1.42577908163628e-09
4.45837540742276e-09,1.07466564154221e-08,2.29082501002444e-08,8.66581143622636e-09,1.94853074912166e-08,1.62625128228057e-08,9.24793697876187e-09,1.86911111361206e-08,8.27901622107615e-09,1.59355692376726e-08,1.47996192171886e-08,1.26782332408656e-08,1.60535711134188e-08,7.12951380837723e-09,4.50757920216084e-09,1.25282351097416e-08,7.1990405689024e-09,1.2227860856701e-08,5.985921846516e-09,3.71851994266668e-09,3.67009635892157e-09,5.97873937366087e-09,3.64168812283535e-09,5.64526512315931e-09,3.24195555901759e-09,3.36674566213636e-09,1.72414776548583e-09,3.16229023387173e-09,3.49853004006157e-09,3.3630096731212e-09,3.1202848757266e-09,1.66600133409707e-09,1.73029861296112e-09,3.24455204976572e-09,1.96841977593423e-09,3.63159678513849e-09,1.5302039886684e-09,1.45830694322166e-09,1.194983126119e-09,1.71497645466674e-09,1.67619032800441e-09,2.01305417399214e-09,1.39017447891617e-09,1.09677594710097e-09,1.24857654051841e-09,1.597915666417e-09,1.27890013094436e-09,1.71182238137427e-09,2.73242412820639e-09,5.82250456342296e-09,1.28356307262357e-08,5.19994650888891e-09,1.11868431282087e-08,9.90317075447427e-09,5.18261279464479e-09,1.0563686343821e-08,4.68729214028838e-09,9.64027459465784e-09,8.28578040383717e-09,7.23745996474358e-09,9.00574610947457e-09,4.06130499435809e-09,2.30085735632481e-09,7.03095064174767e-09,4.12703994222054e-09,6.73946163780344e-09,3.53339772777493e-09,2.10336106814662e-09,1.93178968562604e-09,3.71896529681734e-09,2.16855901802751e-09,3.41672708089462e-09,1.79023120888809e-09,1.79362605949789e-09,1.00935129397115e-09,1.90352417239026e-09,1.67906723106326e-09,2.03016407667512e-09,1.68950043900187e-09,9.57465095191762e-10,1.06778576605408e-09,1.61070983865469e-09,1.19326032978932e-09,1.64580686801838e-09,8.39030424298434e-10,9.27412674653402e-10,7.94018886445524e-10,9.94760306352016e-10,1.08792708257796e-09,1.20176678427301e-09,8.3277684342387e-10,7.55456451871804e-10,7.13698299245175e-10,1.03668869635268e-09,9.96793865815624e-10,1.311373835161e-09
1.52235588429608e-08,1.8896450588686e-08,8.66581143622636e-09,2.60759559513833e-08,1.50389159105976e-08,2.07360498565178e-08,1.64459595390954e-08,7.31509597788839e-09,4.53472244185007e-09,1.29872576470909e-08,7.04200813621314e-09,1.25012797998781e-08,6.24931283333828e-09,4.02350667982078e-09,5.17597647101717e-09,5.98048563352636e-09,4.62091792436323e-09,6.40327289359618e-09,3.38254960188975e-09,4.46363584760598e-09,2.40085858921113e-09,3.80359945066999e-09,4.52635463348928e-09,3.77718165362063e-09,3.96686555383922e-09,2.15631690997519e-09,1.57991495018036e-09,3.9926973855552e-09,2.36378986498615e-09,4.11023601920689e-09,2.10300502658375e-09,1.59384039594969e-09,1.53362429249157e-09,2.33606640224752e-09,1.81851431186933e-09,2.5646032499105e-09,1.4664259593027e-09,1.38184363825464e-09,1.21438714330235e-09,1.6471972890438e-09,1.67671372354402e-09,1.9883433133692e-09,1.33819888481935e-09,1.20535714662282e-09,1.20826041722353e-09,1.64417940167736e-09,1.54040893347905e-09,1.79619290980029e-09,9.69276714967635e-09,1.15517152217615e-08,5.34874695825733e-09,1.70024181235756e-08,9.63679765965256e-09,1.37250122828872e-08,1.01475273364607e-08,4.45774740816761e-09,2.43569861287554e-09,8.52040638013624e-09,3.74218265681379e-09,7.29250801458928e-09,3.77430435979927e-09,2.18697406209742e-09,2.64079245114713e-09,3.1682791961297e-09,2.33911001984079e-09,3.44771387085448e-09,1.83847507166957e-09,2.57529244744724e-09,1.3472790824622e-09,2.132135496604e-09,2.67680085077072e-09,2.11992749408492e-09,2.31384345748391e-09,1.21577985543584e-09,8.12958171035364e-10,2.41235239713117e-09,1.22163753392754e-09,2.35564597047021e-09,1.19662252288155e-09,8.06718999283562e-10,1.00094848491974e-09,1.20825222042318e-09,1.03022724513245e-09,1.41838952413081e-09,7.52507133423862e-10,9.3178437915474e-10,8.74120681700194e-10,9.75339854215679e-10,1.10053323548894e-09,1.20170957724443e-09,8.43090749655282e-10,8.27527187695397e-10,8.795208807278e-10,1.0712376135036e-09,1.28215480476796e-09,1.44772877033388e-09
9.72585128325283e-09,3.31367317711205e-08,1.94853074912166e-08,1.50389159105976e-08,4.75880564921701e-08,2.48498120915565e-08,2.89302537351128e-08,1.59297502799205e-08,8.29199883821358e-09,4.01602649004692e-08,1.27005795284959e-08,3.47461934985642e-08,1.34499169809465e-08,7.06558626447157e-09,4.98006489007792e-09,1.04970881540272e-08,7.70109338197209e-09,1.0755030994919e-08,5.95190386195929e-09,4.16102693041802e-09,4.19192232396689e-09,6.43707490431082e-09,4.15023277858686e-09,6.3961000461786e-09,3.6391472688326e-09,3.84437374762515e-09,2.25779271034878e-09,3.66688260340525e-09,4.22284077726207e-09,4.0134623233821e-09,3.57837645108484e-09,2.23810227007408e-09,2.38301669999971e-09,4.0028308702914e-09,2.75706464230462e-09,4.47186536552253e-09,1.98122489194787e-09,2.02987415864166e-09,1.85047505475681e-09,2.34645712191317e-09,2.39926480854787e-09,2.81432318169479e-09,1.97933889495854e-09,1.75996648707306e-09,1.74611169321372e-09,2.34974820049883e-09,1.98464316908389e-09,2.50052121308236e-09,6.46943598810145e-09,1.60155145978401e-08,1.14617441085854e-08,9.90134615964772e-09,2.49156193805249e-08,1.638547155144e-08,1.41307087659887e-08,9.77250802852942e-09,4.00251835146988e-09,2.16594584657008e-08,6.88338902098739e-09,1.66328063768465e-08,8.22092197551232e-09,3.3472327390305e-09,2.17805739249023e-09,5.66232729808502e-09,3.78536940734914e-09,5.91072700662973e-09,2.85075521256839e-09,2.03493220114327e-09,2.1474320794001e-09,3.41526495347792e-09,2.20543469481632e-09,3.4251569549707e-09,1.87153735919525e-09,1.94485936156771e-09,1.18239390027559e-09,2.04850710278878e-09,1.99361219595772e-09,2.22934841816991e-09,1.83575364478534e-09,1.19932118460411e-09,1.37705289440896e-09,1.97987758355565e-09,1.47666809635557e-09,2.0975819242533e-09,9.6735545789625e-10,1.19528071139841e-09,1.10275559057905e-09,1.18625698803078e-09,1.35384597749496e-09,1.39740552666151e-09,1.08720226693754e-09,1.05309641300197e-09,9.00122677815804e-10,1.34548353037726e-09,1.32426983491978e-09,1.65418787198036e-09
1.43854990856134e-08,1.52336812281419e-08,1.62625128228057e-08,2.07360498565178e-08,2.48498120915565e-08,3.19430179765671e-08,1.31013721907217e-08,1.30894414361875e-08,7.04315106854406e-09,2.05071229403522e-08,1.02838561551058e-08,1.70137008831497e-08,1.11626454036544e-08,6.05760094648839e-09,4.39933226019737e-09,8.62773590072929e-09,6.48765156566822e-09,8.8970767206335e-09,5.00522637368063e-09,3.62048598678262e-09,3.94055055819706e-09,5.2979575982323e-09,3.63206583454855e-09,5.15753439671966e-09,3.23038880723194e-09,3.6399540282263e-09,1.8671507086908e-09,3.19440580565791e-09,3.76425504061705e-09,3.34244128865837e-09,3.47592660820742e-09,1.89611609061032e-09,1.82818025485771e-09,3.62806089013728e-09,2.20308849210964e-09,4.03106927770526e-09,1.73037431903645e-09,1.61069508097394e-09,1.45330419929282e-09,1.98221828192571e-09,1.99327028090277e-09,2.42305536933111e-09,1.62234558538379e-09,1.43995259902869e-09,1.50330765286217e-09,2.00699861581541e-09,1.72813777397467e-09,2.17193713567897e-09,9.38539166045882e-09,8.8288043791524e-09,9.65025047656308e-09,1.3357842009001e-08,1.53812732762183e-08,2.0866163873974e-08,7.73043992999704e-09,8.10736239233007e-09,3.889399611283e-09,1.32052226524195e-08,5.62293632990283e-09,9.77623001068042e-09,6.79732353247517e-09,3.28363015019434e-09,2.06663945494921e-09,4.69420150510469e-09,3.46203215475311e-09,4.99179307802289e-09,2.80949068473135e-09,1.92018891814251e-09,2.19141511371483e-09,3.06751550805959e-09,2.03659600044083e-09,2.95724108345088e-09,1.77525409064609e-09,2.02208097039611e-09,9.18728281071713e-10,1.94818143160978e-09,1.88865182025101e-09,1.93229186493042e-09,1.94426956551386e-09,9.41426525097917e-10,1.24451351362853e-09,1.89795704168233e-09,1.32535446038758e-09,2.20293720496119e-09,8.78250625840601e-10,1.11643240696761e-09,9.67670352352246e-10,1.15770804270553e-09,1.30364223293946e-09,1.34695777706845e-09,1.01901119060419e-09,9.30274138655301e-10,9.70464577422409e-10,1.30075348426577e-09,1.36809240909257e-09,1.71896914808912e-09
8.76715986136327e-09,3.36506393075681e-08,9.24793697876187e-09,1.64459595390954e-08,2.89302537351128e-08,1.31013721907217e-08,4.2773782429381e-08,1.15024954002034e-08,6.19664591047701e-09,3.7332004985554e-08,1.11815012261345e-08,3.68321221995633e-08,9.6096387328789e-09,5.33558710679384e-09,6.06889986979537e-09,9.2362026584345e-09,5.99146122734616e-09,9.48098452241635e-09,4.46082463792447e-09,5.2321165826742e-09,3.0648353851959e-09,5.03534106150243e-09,5.30483481461201e-09,5.13942061470625e-09,4.53589927910914e-09,2.74731924343735e-09,2.30272926524892e-09,4.64237196630743e-09,3.26520152025834e-09,5.1507842748863e-09,2.60466338637592e-09,2.23462987926755e-09,2.21726954446588e-09,3.12972863313673e-09,2.64311147786247e-09,3.39631053065103e-09,1.92500360134185e-09,1.86372708364058e-09,1.77213681525772e-09,2.1657984923946e-09,2.19318566046681e-09,2.59355826844246e-09,1.71362920274315e-09,1.53709854088988e-09,1.44561253030645e-09,1.94159517737288e-09,1.89552766149628e-09,2.16404575799643e-09,5.76541627100959e-09,1.71588442934525e-08,5.73431744538855e-09,1.0758760690569e-08,1.5531512563286e-08,9.21757160419722e-09,2.20781144009817e-08,7.2729860727747e-09,2.94951733163187e-09,2.06596217859018e-08,6.24836709187853e-09,1.82751825344666e-08,6.22572077323019e-09,2.71653506379992e-09,2.70165380277147e-09,5.3276826102973e-09,3.12351807784978e-09,5.55667315520027e-09,2.08822079497686e-09,2.68583893082923e-09,1.56973391213453e-09,2.69740594208109e-09,2.65339636712525e-09,2.50514674957536e-09,2.42903010416392e-09,1.46956558172157e-09,1.3052544968982e-09,2.41783077162409e-09,1.82612553944851e-09,2.69098643061796e-09,1.38844202721216e-09,1.25087698676967e-09,1.2577898927778e-09,1.7501962041186e-09,1.50063148944922e-09,1.7545405666032e-09,9.90718435349258e-10,1.12910749664752e-09,1.15872738380291e-09,1.20904535040149e-09,1.45263379339232e-09,1.54384678096039e-09,1.00992181389144e-09,1.04868221916704e-09,9.23209723652937e-10,1.27225668106233e-09,1.36806821683605e-09,1.55013679051912e-09
3.80370263135922e-09,9.24115948914222e-09,1.86911111361206e-08,7.31509597788839e-09,1.59297502799205e-08,1.30894414361875e-08,1.15024954002034e-08,2.2144083403129e-08,9.67211906577048e-09,1.96369319973374e-08,1.75476204074172e-08,1.58486412740432e-08,1.88833905339592e-08,8.24080460327605e-09,5.14274435532134e-09,1.4782457339722e-08,8.33300411374311e-09,1.42495615982439e-08,6.86031795806464e-09,4.23549282550529e-09,4.31619450942488e-09,6.87089941847917e-09,4.15615424061935e-09,6.53581534595662e-09,3.71971437122286e-09,3.95078671232927e-09,2.10429499220771e-09,3.64817395671377e-09,4.16648881760012e-09,3.88565637153492e-09,3.64749366798488e-09,1.97721014069775e-09,1.93765326875232e-09,3.84401879423842e-09,2.25669339353275e-09,4.21117132987445e-09,1.77030017177141e-09,1.62805011989039e-09,1.36661006915192e-09,1.94081007381323e-09,1.89041767142517e-09,2.26029653541621e-09,1.4410798345867e-09,1.16229017974946e-09,1.19112021447244e-09,1.63154262211984e-09,1.37658262168268e-09,1.80254420642916e-09,2.31958916795841e-09,5.18523733870665e-09,1.05629094784919e-08,4.38860308114768e-09,9.64222873775719e-09,8.31012490526054e-09,6.86273377312078e-09,1.22158300040154e-08,5.60705196098545e-09,1.19540267786886e-08,1.0019065798455e-08,9.58016481504051e-09,1.0553724334949e-08,4.87029900485146e-09,2.86540264483063e-09,8.51093480027803e-09,4.82432576394393e-09,7.93611292587382e-09,4.06844953710568e-09,2.52193997122777e-09,2.3244231590836e-09,4.16689770270503e-09,2.56801830046739e-09,3.83709947773467e-09,2.17574384389809e-09,2.11925282812317e-09,1.1925448482395e-09,2.276905892812e-09,1.96099758430233e-09,2.42188469373285e-09,1.93454432153085e-09,1.09384899927099e-09,1.12609631057175e-09,1.88270380877352e-09,1.3578086145169e-09,1.88059561860325e-09,9.37763760224053e-10,1.00117556474276e-09,9.02683230413428e-10,1.13656123036873e-09,1.22797814658259e-09,1.34425918003517e-09,9.3446621317468e-10,8.2369356110128e-10,8.08146346799406e-10,1.14389308195034e-09,1.19382606180956e-09,1.53162409473405e-09
4.03941290399877e-09,5.09883179330347e-09,8.27901622107615e-09,4.53472244185007e-09,8.29199883821358e-09,7.04315106854406e-09,6.19664591047701e-09,9.67211906577048e-09,2.36618916285103e-08,1.00422126490559e-08,1.8573303662157e-08,1.77754971733288e-08,8.24285521420615e-09,1.99082111943441e-08,9.48086018660705e-09,1.53856897110592e-08,1.66207769732635e-08,1.28324072144409e-08,1.66126467516638e-08,7.69832081591791e-09,4.13491374571832e-09,1.36955532986706e-08,7.04700127226299e-09,1.2527068268859e-08,6.55203085000032e-09,3.53768462387421e-09,3.23660590730019e-09,5.92006220805737e-09,3.5865025311968e-09,5.88603482932385e-09,3.06783680186729e-09,3.02401279326452e-09,2.16953141508775e-09,3.11508237987248e-09,3.44703123676709e-09,3.44929041163154e-09,2.70647915392572e-09,1.8698066355266e-09,1.64181055009178e-09,3.06076627953278e-09,2.23497606132696e-09,3.3626841362463e-09,1.7089252645629e-09,1.4810663438868e-09,1.38323021297934e-09,2.04206499096086e-09,1.66259475218112e-09,2.2007519756003e-09,2.25710084486388e-09,2.7757923334187e-09,4.44845104857697e-09,2.52053417254041e-09,5.12160498228823e-09,4.48897150933518e-09,3.83358378124254e-09,5.10201322652746e-09,1.35255793450184e-08,6.64619037732562e-09,1.02720400167189e-08,1.11733512145185e-08,4.42292511025252e-09,1.1634044423776e-08,5.36912725740553e-09,8.78776072146767e-09,9.32456754652154e-09,6.87994991940705e-09,9.84577299168054e-09,4.74501509467475e-09,2.20080215167012e-09,8.08393320172766e-09,3.9962250724878e-09,6.88649783105202e-09,4.06233114248495e-09,1.91256990976705e-09,1.80490017405174e-09,3.57151401597905e-09,1.89987543175458e-09,3.7330711361438e-09,1.65602497440765e-09,1.59353016797854e-09,1.20643754859088e-09,1.74331904487737e-09,1.77566132715483e-09,1.64157858436166e-09,1.40812112409312e-09,1.14728857293475e-09,9.91071743264647e-10,1.63458117425635e-09,1.39986122683185e-09,1.87404568574334e-09,1.09725738529424e-09,9.5068202277889e-10,9.76922189376704e-10,1.35142854753504e-09,1.27700819429096e-09,1.77888236502155e-09
8.52577466890335e-09,2.89262369657564e-08,1.59355692376726e-08,1.29872576470909e-08,4.01602649004692e-08,2.05071229403522e-08,3.7332004985554e-08,1.96369319973374e-08,1.00422126490559e-08,5.12348209612985e-08,1.60698602175413e-08,4.53084131177943e-08,1.63785548252041e-08,8.47658990481241e-09,5.80081544712727e-09,1.32448912214046e-08,9.12001476490175e-09,1.33547479688514e-08,6.97284844074629e-09,4.83386963569154e-09,4.85984986452325e-09,7.50712870050024e-09,4.79838047766230e-09,7.45601469676851e-09,4.2640573310048e-09,4.42682010859811e-09,2.82295514660723e-09,4.27489450494104e-09,5.01243373793354e-09,4.76853255390487e-09,4.11822798251855e-09,2.72764817145971e-09,2.67523460704197e-09,4.71951047741207e-09,3.17878797561149e-09,5.05025000438874e-09,2.37539404473109e-09,2.26649259827318e-09,2.08960039000314e-09,2.64091530896392e-09,2.66333050155005e-09,3.12644097916702e-09,2.09181165635798e-09,1.81478943240496e-09,1.68572725106025e-09,2.37962975170445e-09,2.08733157111681e-09,2.60496580228274e-09,5.69996265811141e-09,1.41363997726692e-08,9.77410130982863e-09,8.52145627079706e-09,2.16639888818387e-08,1.39771914324951e-08,1.90421766791351e-08,1.20060950631491e-08,5.1570938192614e-09,2.83298580105566e-08,9.13966899259576e-09,2.32950346047801e-08,1.01700382161675e-08,4.50573359097534e-09,2.67474378596928e-09,7.69180869298996e-09,4.76242199414171e-09,7.68117346258403e-09,3.57762686966919e-09,2.44213109834641e-09,2.41480912885062e-09,4.05360058899344e-09,2.59571888197559e-09,4.07574303210965e-09,2.25319327222519e-09,2.21477860452258e-09,1.50495778245771e-09,2.42786591744408e-09,2.41594584604815e-09,2.72113508853593e-09,2.08327715537743e-09,1.4580487578661e-09,1.55006702264501e-09,2.39303739296604e-09,1.69971429355331e-09,2.34994062370425e-09,1.15721576076573e-09,1.3660866735054e-09,1.26536339564834e-09,1.30961804201281e-09,1.59751734815315e-09,1.52204121739242e-09,1.22366814352776e-09,1.15835638591741e-09,1.00115344591519e-09,1.44505923830655e-09,1.56542276656116e-09,1.86551572841611e-09
4.14510706253405e-09,8.66176104781801e-09,1.47996192171886e-08,7.04200813621314e-09,1.27005795284959e-08,1.02838561551058e-08,1.11815012261345e-08,1.75476204074172e-08,1.8573303662157e-08,1.60698602175413e-08,2.95043290206148e-08,2.61563229946607e-08,1.47843458939761e-08,1.53846914544011e-08,8.52864367271608e-09,2.43657481650624e-08,1.28864387690543e-08,2.06385477327483e-08,1.27613069910156e-08,6.8771001394919e-09,4.02683541117535e-09,1.05636201195532e-08,6.35933889337049e-09,9.69245959201695e-09,5.8941467625488e-09,3.44088311722175e-09,3.59344103891888e-09,5.39475280533944e-09,3.60753318954747e-09,5.52290669766166e-09,3.08381169474574e-09,3.35381583002932e-09,2.38850666941899e-09,3.18907942392335e-09,3.713159249563e-09,3.50766912043154e-09,2.98596117790628e-09,2.09175128974194e-09,1.89286374156051e-09,3.26203428342774e-09,2.47556520693225e-09,3.65104598806233e-09,1.87742737579985e-09,1.71929238211334e-09,1.55229752985793e-09,2.21756892888271e-09,1.87917946883798e-09,2.37167849867349e-09,2.58316942012685e-09,4.94492427052809e-09,8.41184686851319e-09,4.27750623383563e-09,8.07771714119041e-09,6.99282865862342e-09,6.83726844571697e-09,9.79682291782457e-09,1.03476372461067e-08,1.03671028852455e-08,1.63201213280561e-08,1.5628439046492e-08,8.43621136587537e-09,8.89731349767885e-09,4.74833562167721e-09,1.39735404332737e-08,7.43918831555888e-09,1.16230350875476e-08,7.48996007241104e-09,4.25121840716751e-09,2.31133113290978e-09,6.44934473197801e-09,3.78791502784026e-09,5.41981021205063e-09,3.52538844719346e-09,2.00566849044686e-09,1.85885763438393e-09,3.29020299207955e-09,1.84352632686555e-09,3.38769616248228e-09,1.78407592657499e-09,1.6429383376742e-09,1.38670267407779e-09,1.6835589310047e-09,1.80329784640291e-09,1.80193829973652e-09,1.40736565065615e-09,1.26128928306738e-09,1.37074953257269e-09,1.52993647279398e-09,1.67654777935269e-09,2.00770505778727e-09,1.15964325283183e-09,1.27421043826779e-09,1.14380817392707e-09,1.54902620581253e-09,1.53827968867004e-09,1.87483925404645e-09
8.83708815043645e-09,2.79460689129048e-08,1.26782332408656e-08,1.25012797998781e-08,3.47461934985642e-08,1.70137008831497e-08,3.68321221995633e-08,1.58486412740432e-08,1.77754971733288e-08,4.53084131177943e-08,2.61563229946607e-08,6.16255127564644e-08,1.30647439970298e-08,1.46081302479605e-08,8.529956184381e-09,2.12493685605398e-08,1.28127236773311e-08,1.86902761983142e-08,1.20430636192812e-08,6.99069627439994e-09,4.33703217449662e-09,1.05307965743775e-08,6.73453456509151e-09,1.01335122907671e-08,6.07266640797384e-09,3.74254667727204e-09,4.24018726791764e-09,5.82970668063974e-09,4.30850699183935e-09,6.13644752650549e-09,3.40238532484511e-09,4.06940383489768e-09,3.18155159512694e-09,3.93135645848811e-09,4.68738237508829e-09,4.41204485434905e-09,3.52331247618658e-09,2.68283440500779e-09,2.6316954182411e-09,3.92649957705552e-09,3.26771559555694e-09,4.52445540591123e-09,2.4781485109889e-09,2.36346940403468e-09,2.0715412415118e-09,2.95570168257654e-09,2.58237983269151e-09,3.147378578286e-09,6.08957405625594e-09,1.41314485861012e-08,8.07676443773539e-09,8.49482090856519e-09,1.94649166910514e-08,1.23775810880495e-08,1.95410303016821e-08,1.00540166893594e-08,9.28741550100845e-09,2.62839527845981e-08,1.43487918147179e-08,3.14066690944741e-08,8.45040442056659e-09,8.18235154965113e-09,4.42129146352059e-09,1.24026452563462e-08,7.25844205619429e-09,1.08741290968662e-08,6.65817912139079e-09,4.10189175097624e-09,2.32549941718218e-09,6.19101194762321e-09,3.81430714916818e-09,5.51707086579162e-09,3.49240773746161e-09,2.06144128891823e-09,2.01957342268089e-09,3.42257823623289e-09,2.36386753477146e-09,3.70994861095472e-09,1.85123551775828e-09,1.88598397314881e-09,1.79183945888657e-09,2.21383002586689e-09,2.07059024917542e-09,2.30149333794e-09,1.53315812588294e-09,1.61555760863543e-09,1.74602156977701e-09,1.66286445022437e-09,2.01254352178755e-09,2.15514738149058e-09,1.49931995655221e-09,1.59504795819368e-09,1.37304920618333e-09,1.83340288858819e-09,1.91855198692339e-09,2.24720327846961e-09
3.2585076474855e-09,7.80450226050323e-09,1.60535711134188e-08,6.24931283333828e-09,1.34499169809465e-08,1.11626454036544e-08,9.6096387328789e-09,1.88833905339592e-08,8.24285521420615e-09,1.63785548252041e-08,1.47843458939761e-08,1.30647439970298e-08,2.21680144476213e-08,9.49705319286553e-09,5.82968399919222e-09,1.73132104271066e-08,9.51254084965693e-09,1.66316311898731e-08,7.8216280429935e-09,4.81625835165365e-09,4.90922458728986e-09,7.80470321720201e-09,4.80848563302586e-09,7.52817861613153e-09,4.2341132823574e-09,4.37979980095765e-09,2.36570482884e-09,4.22417227411152e-09,4.5626505426599e-09,4.40766572064073e-09,4.06302963371383e-09,2.20922484784731e-09,2.14761874182123e-09,4.21530136834042e-09,2.55659978222109e-09,4.63479915337639e-09,1.98645255061983e-09,1.82004638182194e-09,1.57485235667529e-09,2.21529732362224e-09,2.07138714539505e-09,2.5212358656752e-09,1.58403437573645e-09,1.32135972408042e-09,1.31704085702593e-09,1.76819446364252e-09,1.53280339215607e-09,1.92631092646065e-09,2.04094746502968e-09,4.66880979627629e-09,9.00538551330878e-09,3.91914382042987e-09,8.27250075107079e-09,7.21061787232855e-09,6.03821996419479e-09,1.05538263455693e-08,4.86930247515107e-09,1.02928178682619e-08,8.51209742166825e-09,8.15904155995373e-09,1.2720611982694e-08,5.47824788473667e-09,3.26242035444416e-09,1.03042509287028e-08,5.46324561825441e-09,9.68880633375403e-09,4.56859809435727e-09,2.85628005669222e-09,2.57592842286501e-09,4.66741387007332e-09,2.90030001026294e-09,4.37780536593108e-09,2.46816534135905e-09,2.25856627337599e-09,1.3052813752625e-09,2.52889934802353e-09,2.17955682560842e-09,2.60145529090539e-09,2.07849676211965e-09,1.21060414600491e-09,1.26458645164327e-09,2.07675215052031e-09,1.54220140231189e-09,2.17405112837882e-09,1.05938012963444e-09,1.13018207846354e-09,1.05185249199545e-09,1.32402441623056e-09,1.31408895712547e-09,1.51219650501357e-09,1.05769394924787e-09,9.30898260374574e-10,8.42479943654925e-10,1.23720475103132e-09,1.28109321902287e-09,1.6423562383421e-09
3.60158009518843e-09,4.42156256179283e-09,7.12951380837723e-09,4.02350667982078e-09,7.06558626447157e-09,6.05760094648839e-09,5.33558710679384e-09,8.24080460327605e-09,1.99082111943441e-08,8.47658990481241e-09,1.53846914544011e-08,1.46081302479605e-08,9.49705319286553e-09,2.27496304581851e-08,1.06751942103323e-08,1.76069519459891e-08,1.90147175650115e-08,1.46912331035273e-08,1.88289035400651e-08,8.62973217946742e-09,4.5510928463581e-09,1.55954415425262e-08,7.97609665548202e-09,1.43676634083309e-08,7.34955339866157e-09,3.86201326373806e-09,3.4938711856612e-09,6.71934109595671e-09,3.88651890533654e-09,6.58827496643096e-09,3.32690472844068e-09,3.2440368968981e-09,2.34894175729175e-09,3.32851626316655e-09,3.75240206995484e-09,3.70866326686917e-09,2.89440565074424e-09,2.03718618030858e-09,1.8369094034355e-09,3.32657602426658e-09,2.46843737577928e-09,3.69378174687048e-09,1.86885890862468e-09,1.64079741142703e-09,1.52526997420103e-09,2.24954753613499e-09,1.81030641734976e-09,2.36788049038723e-09,2.05357516104473e-09,2.38037885404528e-09,3.84657920370257e-09,2.27026488998901e-09,4.48598300202577e-09,3.94504293692723e-09,3.3232191266794e-09,4.42240992923595e-09,1.16318449202235e-08,5.8405658485861e-09,8.78802082729425e-09,9.69130031798339e-09,5.23758324284099e-09,1.33542415773942e-08,6.2077862423731e-09,1.01451208297363e-08,1.07389439159989e-08,8.1218922785714e-09,1.11708273161686e-08,5.4738964906437e-09,2.28647188532185e-09,9.18605183689606e-09,4.60174297025506e-09,7.90010364214947e-09,4.69833131374568e-09,2.00145559177727e-09,1.97739621878638e-09,4.09529599961313e-09,2.02610167615162e-09,4.21157106526773e-09,1.65031795437289e-09,1.74825620749637e-09,1.35555918427275e-09,1.82940628686796e-09,2.01893917600075e-09,1.76220818203271e-09,1.55391958628384e-09,1.29850193571709e-09,1.16338998778337e-09,1.84530164180359e-09,1.55811358086239e-09,2.12952133646244e-09,1.24111270434859e-09,1.09183262610647e-09,1.06285747581978e-09,1.48937387114251e-09,1.39331067679055e-09,1.90014870123296e-09
2.76545502641602e-09,5.23095546796483e-09,4.50757920216084e-09,5.17597647101717e-09,4.98006489007792e-09,4.39933226019737e-09,6.06889986979537e-09,5.14274435532134e-09,9.48086018660705e-09,5.80081544712727e-09,8.52864367271608e-09,8.529956184381e-09,5.82968399919222e-09,1.06751942103323e-08,2.94818347961613e-08,9.65425236078884e-09,2.24957710042555e-08,2.02452594832797e-08,8.63239036359633e-09,2.36591983350205e-08,9.55706397252009e-09,1.77760165432269e-08,1.79610094811385e-08,1.31635053545766e-08,2.02668252104106e-08,8.09777083880167e-09,4.44391784261322e-09,1.51917023945714e-08,7.4680507242184e-09,1.41035063112597e-08,6.98300260279052e-09,3.9835119046958e-09,5.11453500330709e-09,6.43154567114677e-09,4.41950179949981e-09,6.68469129652259e-09,3.3410007022709e-09,4.35923274490766e-09,2.56628059448768e-09,3.54085528103554e-09,4.79099696198715e-09,4.15949975485418e-09,3.99058048397915e-09,2.3267117639751e-09,1.75346129712707e-09,4.32560636788853e-09,2.49142072387153e-09,4.46529166705875e-09,1.45280556064156e-09,2.83632299838736e-09,2.67354864798309e-09,2.80970197520173e-09,3.13089686697922e-09,2.70041321415792e-09,3.08610960534315e-09,2.97567873302494e-09,6.02259996050112e-09,3.6481102500085e-09,5.04291886979467e-09,5.55397601431016e-09,3.57130342954507e-09,6.8669525451151e-09,1.50480258828849e-08,5.88427827476465e-09,1.23918392415563e-08,1.0612350247523e-08,5.79086632136111e-09,1.28360754532418e-08,5.43119816529422e-09,1.06750988865158e-08,9.88748747641279e-09,8.03254556741433e-09,1.11279446968976e-08,4.73504287176351e-09,2.47432194554423e-09,8.7072064607229e-09,4.13830337259547e-09,7.75780236505853e-09,4.14193976563198e-09,2.27472480202844e-09,2.65117124320028e-09,3.83553701937349e-09,2.48087794925731e-09,3.81707291375564e-09,1.82439245047456e-09,2.3543645706397e-09,1.576534178817e-09,2.05749437101175e-09,2.64916856732043e-09,2.58905666290544e-09,2.27008931800629e-09,1.48858883329098e-09,1.26517423111921e-09,2.54019536698805e-09,1.86644784342403e-09,3.0547336202699e-09
3.48169604639423e-09,7.19673590673075e-09,1.25282351097416e-08,5.98048563352636e-09,1.04970881540272e-08,8.62773590072929e-09,9.2362026584345e-09,1.4782457339722e-08,1.53856897110592e-08,1.32448912214046e-08,2.43657481650624e-08,2.12493685605398e-08,1.73132104271066e-08,1.76069519459891e-08,9.65425236078884e-09,2.82668771099194e-08,1.47634968291697e-08,2.39656063982043e-08,1.44067023203852e-08,7.73019587320138e-09,4.44927074948705e-09,1.19664688757904e-08,7.23741338825918e-09,1.10856673723925e-08,6.62845136935757e-09,3.76842069396556e-09,3.85289825590571e-09,6.15761736323491e-09,3.94117087342556e-09,6.22579574005896e-09,3.34654697764752e-09,3.5883058351522e-09,2.59332221517058e-09,3.45590937182375e-09,4.04143404679329e-09,3.83646267778348e-09,3.20085444819497e-09,2.26541251112285e-09,2.08141353723192e-09,3.55358294972655e-09,2.67812975854806e-09,3.96316881447421e-09,2.05409350828703e-09,1.89842695281245e-09,1.72040288729173e-09,2.41357488646079e-09,2.04827541335583e-09,2.53837232909808e-09,2.21806051803618e-09,4.3484382884637e-09,7.08638975252342e-09,3.78437601003317e-09,6.81455870122834e-09,5.92780043817191e-09,5.97158686516326e-09,8.43578655856217e-09,8.89480269754487e-09,8.93065213747543e-09,1.39743459583416e-08,1.34923189585821e-08,1.02103759206226e-08,1.02451728838638e-08,5.38915357930103e-09,1.64586929414177e-08,8.60423912778589e-09,1.39105644468153e-08,8.51545385266435e-09,4.77650360188814e-09,2.39940652617185e-09,7.30802496431327e-09,4.34865969384014e-09,6.26715098417404e-09,3.99222555081699e-09,2.0457451069974e-09,2.05690442514906e-09,3.74003284066146e-09,1.99374795570088e-09,3.787941718289e-09,1.75530252964089e-09,1.82788380114596e-09,1.52877495638412e-09,1.77781173152277e-09,2.06792280602059e-09,1.92666420830545e-09,1.59348250478979e-09,1.39592439817499e-09,1.50159023981147e-09,1.78864718431273e-09,1.79339627617362e-09,2.26849110439364e-09,1.29212056585784e-09,1.39536797054905e-09,1.23554763577972e-09,1.68050229244286e-09,1.66062032087321e-09,2.02394568672147e-09
4.21623314153656e-09,5.05936719832035e-09,7.1990405689024e-09,4.62091792436323e-09,7.70109338197209e-09,6.48765156566822e-09,5.99146122734616e-09,8.33300411374311e-09,1.66207769732635e-08,9.12001476490175e-09,1.28864387690543e-08,1.28127236773311e-08,9.51254084965693e-09,1.90147175650115e-08,2.24957710042555e-08,1.47634968291697e-08,3.39515145588942e-08,2.72832226769261e-08,1.5597651830701e-08,1.7774666821612e-08,8.68074982967195e-09,2.72586726492378e-08,1.31125610174169e-08,2.10247217230908e-08,1.52818848824136e-08,7.27135035412126e-09,4.39255703477537e-09,1.10642618633264e-08,6.74301306017708e-09,1.02367264472389e-08,6.18787159637931e-09,3.87835640897059e-09,5.25124812487994e-09,5.72308875606465e-09,4.2914838628796e-09,5.94806591277242e-09,3.29427849294985e-09,4.43694061765698e-09,2.64760328667653e-09,3.49487795729827e-09,5.0783298668603e-09,4.16788129783526e-09,3.9969714325792e-09,2.35859525833237e-09,1.78972537899897e-09,4.53391250048713e-09,2.42655291829194e-09,4.56697704174234e-09,2.1026774593532e-09,2.77053871283165e-09,4.27105960805734e-09,2.60434745734611e-09,4.89845531710147e-09,4.17671507202272e-09,3.45575041027776e-09,4.90353527622301e-09,9.96044564017845e-09,6.19765764810334e-09,7.43021563947989e-09,8.36978431033057e-09,5.65080047150775e-09,1.13306620602105e-08,1.238003389758e-08,8.64377609432221e-09,1.87901330948107e-08,1.48222787342575e-08,9.46653354459449e-09,1.04861694728428e-08,4.69853446509226e-09,1.60738245416183e-08,7.64710585679243e-09,1.23570802311102e-08,9.13778480681863e-09,4.06939036479045e-09,2.42831436397383e-09,6.77956352861694e-09,3.57464202780967e-09,6.13006731389561e-09,3.50863337560702e-09,2.18284155146739e-09,2.67182295855113e-09,3.32619714510233e-09,2.4044032831071e-09,3.40496342126563e-09,1.77221306570415e-09,2.39826435089527e-09,1.61160062964734e-09,1.98189762360835e-09,2.77204546579358e-09,2.51173502158875e-09,2.30532963879302e-09,1.52064739112539e-09,1.19663546429256e-09,2.6732962067704e-09,1.78796780081968e-09,3.02163838769597e-09
4.07593209585846e-09,7.57077255403219e-09,1.2227860856701e-08,6.40327289359618e-09,1.0755030994919e-08,8.8970767206335e-09,9.48098452241635e-09,1.42495615982439e-08,1.28324072144409e-08,1.33547479688514e-08,2.06385477327483e-08,1.86902761983142e-08,1.66316311898731e-08,1.46912331035273e-08,2.02452594832797e-08,2.39656063982043e-08,2.72832226769261e-08,3.91091481143415e-08,1.18876590541237e-08,1.59238423211522e-08,7.86315114252416e-09,2.16556637240766e-08,1.15439879309481e-08,1.63747262523835e-08,1.36676277883784e-08,6.49037764249513e-09,4.22267354105236e-09,9.70120864753227e-09,6.12106123396874e-09,9.09432622985628e-09,5.61218137240699e-09,3.76590518146111e-09,5.36483775725894e-09,5.24871135050461e-09,4.30387203021494e-09,5.63521990796563e-09,3.2166457133171e-09,4.62211624028769e-09,2.75845083134034e-09,3.53716495707205e-09,5.29183345754755e-09,4.18461052794041e-09,4.14744733438262e-09,2.48170487769372e-09,1.86301242854173e-09,4.70719505116387e-09,2.49991609952181e-09,4.7684466807489e-09,2.51901493289424e-09,4.57336036166666e-09,7.24853092048772e-09,3.93424850735252e-09,7.07733451825352e-09,6.11178380580391e-09,5.97431528580931e-09,8.53111007671584e-09,7.77666548207935e-09,9.19738047388464e-09,1.19954597096583e-08,1.20748679722159e-08,1.04505336038219e-08,8.82331055394388e-09,1.08662320278947e-08,1.43882877270059e-08,1.56194650094439e-08,2.23440091447996e-08,7.21383298479712e-09,9.12696127461345e-09,4.39676043352286e-09,1.3053938395318e-08,6.92285142184016e-09,9.93873455962197e-09,7.89040179608457e-09,3.61504638853406e-09,2.39441633179882e-09,5.94771486460532e-09,3.25796735849136e-09,5.43729804179239e-09,3.10807244127207e-09,2.13649716986383e-09,2.69853554420091e-09,2.96817154882734e-09,2.38873548086386e-09,3.26345865879201e-09,1.74173427622815e-09,2.44492893704538e-09,1.82438737427443e-09,1.92851466141932e-09,2.88237874652213e-09,2.5014793881176e-09,2.31491265407858e-09,1.70593118022683e-09,1.32229435000341e-09,2.74784807302365e-09,1.94980090201049e-09,3.12128180621911e-09
3.17246416685893e-09,3.83469201149132e-09,5.985921846516e-09,3.38254960188975e-09,5.95190386195929e-09,5.00522637368063e-09,4.46082463792447e-09,6.86031795806464e-09,1.66126467516638e-08,6.97284844074629e-09,1.27613069910156e-08,1.20430636192812e-08,7.8216280429935e-09,1.88289035400651e-08,8.63239036359633e-09,1.44067023203852e-08,1.5597651830701e-08,1.18876590541237e-08,2.17656624758115e-08,9.62288861907345e-09,5.08382714692495e-09,1.80129343280514e-08,8.84884037784085e-09,1.6642852796825e-08,8.2171725974334e-09,4.35470503773483e-09,4.07666943917223e-09,7.48664120511334e-09,4.42792355555196e-09,7.3667234798055e-09,3.76496499668296e-09,3.7082514537442e-09,2.67233617469453e-09,3.77249402895141e-09,4.25069361035169e-09,4.21618310327608e-09,3.27957838142055e-09,2.29452338864466e-09,2.03187669415995e-09,3.70415414953683e-09,2.72881742296695e-09,4.08820519259224e-09,2.06024245945614e-09,1.78833435238453e-09,1.70741724172883e-09,2.47497858454102e-09,1.99084066244043e-09,2.59950676461155e-09,1.86323725947639e-09,2.24833702552098e-09,3.42087102792087e-09,2.03935298988553e-09,3.76425832900026e-09,3.34846650345026e-09,2.7717099866187e-09,3.82443190373992e-09,9.83904842481337e-09,4.60835753691129e-09,7.47369528065253e-09,7.73237889461993e-09,4.55106633175618e-09,1.11690025914917e-08,5.47323285279096e-09,8.6088927709453e-09,9.18446107841831e-09,7.11920193411339e-09,1.31163706535858e-08,6.08199152801799e-09,2.72410624573021e-09,1.07075030169939e-08,5.3490803923855e-09,9.5662009164947e-09,5.21823510969933e-09,2.41871961347131e-09,2.32876021598681e-09,4.77418635504617e-09,2.36960712682193e-09,4.77568521151341e-09,2.03357081807407e-09,2.03177585307417e-09,1.57550888678384e-09,2.12579827414087e-09,2.35223254497712e-09,2.01537859256997e-09,1.81774146801623e-09,1.44022378060094e-09,1.30745690682454e-09,2.13485980272185e-09,1.72044192155741e-09,2.40062922871919e-09,1.33878448033522e-09,1.17698161908401e-09,1.16456888153421e-09,1.59255972809439e-09,1.52296988197951e-09,2.00660098389061e-09
