6.48620628264054e-08,3.22408064577099e-08,1.37969388537986e-08,5.18520203422885e-08,2.97684440889127e-08,4.70142384337799e-08,2.86953059698921e-08,1.23465823310849e-08,1.3484499910196e-08,2.63512781322154e-08,1.38163544966463e-08,2.61290369018306e-08,1.07954417996974e-08,1.22482759223437e-08,8.37033025694191e-09,1.22428863549369e-08,1.34314377590529e-08,1.33476147571198e-08,1.13572819714724e-08,7.74868102695744e-09,5.715350751096e-09,1.25285962631967e-08,7.86102618830295e-09,1.22426782379172e-08,7.46341970159531e-09,5.43576205110373e-09,3.95690848656466e-09,7.46062656160582e-09,5.67981535562724e-09,7.76904156686824e-09,5.02718847692424e-09,3.68629197908503e-09,4.19359990111196e-09,5.25081556686627e-09,4.22093611095955e-09,5.85212436848776e-09,3.01227665538476e-09,3.42119876543029e-09,3.38400430018142e-09,3.4947213692512e-09,4.43929047234913e-09,4.20956741014168e-09,3.29277986142679e-09,3.0604492332861e-09,3.10253096913965e-09,4.06892148238479e-09,4.1785951690586e-09,5.27733388204704e-09,4.70778316337951e-08,2.29441748151531e-08,9.28927973389258e-09,3.80819700478119e-08,2.14990998388882e-08,3.50814870818456e-08,1.99828645439572e-08,8.76074517088584e-09,9.30092664902691e-09,1.91882083585316e-08,9.94336048585e-09,1.96935581508942e-08,7.51785411864858e-09,8.44071032162638e-09,6.8454414561095e-09,8.780587686958e-09,9.6209334926178e-09,9.83238087016843e-09,7.88252414448792e-09,6.4208722530017e-09,3.98165007927149e-09,9.06266286252391e-09,5.8756020228788e-09,8.06097782012642e-09,5.9100455086376e-09,3.73848757215794e-09,2.66515981975526e-09,5.42228983266194e-09,3.94695289215041e-09,5.66253342086192e-09,3.45944997367462e-09,2.73590916237734e-09,3.67593060185738e-09,3.90084473776193e-09,3.24008999930299e-09,4.25225933124201e-09,2.31983511289794e-09,2.97559552263936e-09,2.91875648559789e-09,2.63193795492511e-09,3.65782214695845e-09,3.36685116418617e-09,2.81705172255091e-09,2.56107186381255e-09,2.30635208337865e-09,3.43316908168079e-09,3.0078110065653e-09,4.36806408287516e-09
3.22408064577099e-08,1.0127774854288e-07,3.41447785092393e-08,5.94379650577619e-08,8.58575994627965e-08,4.76329441096061e-08,8.87839322058065e-08,3.00601582466233e-08,1.45984303318762e-08,7.49154497290615e-08,2.84446162974786e-08,7.11115218998228e-08,2.65143849811398e-08,1.31655258432929e-08,1.39591472837369e-08,2.51545897312135e-08,1.50793004089313e-08,2.59784771954551e-08,1.1616560166233e-08,1.22402271854961e-08,7.24003507428317e-09,1.35366721312545e-08,1.2417490173197e-08,1.27158379186756e-08,1.14727504138247e-08,7.03585307670172e-09,5.4564559441329e-09,1.1607699760332e-08,8.92476037106923e-09,1.29245402512575e-08,6.68375588120429e-09,4.78211788469226e-09,5.8559492779482e-09,8.0253825614494e-09,5.63845969677541e-09,8.38220328793537e-09,4.3467272641374e-09,5.23058321207559e-09,4.47116092924092e-09,5.15112110272658e-09,6.04667745177535e-09,5.53053226440486e-09,4.85192159460898e-09,4.11376288292851e-09,3.30992150280632e-09,5.42544509771368e-09,4.30335969915452e-09,5.37977973048255e-09,2.39178356739503e-08,6.33563482789311e-08,2.43704324237026e-08,4.45622013967036e-08,5.37223935981186e-08,3.66119271575463e-08,5.59087097626183e-08,2.17102017938527e-08,8.99383706044617e-09,4.7486932498348e-08,2.13213948677264e-08,4.59209365734711e-08,1.93283424350876e-08,8.20368925215947e-09,9.65299818656297e-09,1.88449106212089e-08,9.34810681325944e-09,1.89881714779157e-08,7.4140544068568e-09,8.9587540919828e-09,5.69526681972987e-09,8.51154927611396e-09,8.9340420974688e-09,7.76352312760821e-09,7.93664700620999e-09,5.6848242434934e-09,3.70283412684408e-09,8.1109782112903e-09,6.64962360066419e-09,8.57927290063386e-09,5.31279823835406e-09,3.71495300618825e-09,4.77724969482446e-09,6.65947741378418e-09,4.00995823684795e-09,6.81430103500916e-09,3.22978057291602e-09,4.3872096162402e-09,3.07240971995004e-09,3.66265104844482e-09,4.51936491726295e-09,3.74276801349656e-09,4.20806165146899e-09,2.92155662225679e-09,2.551367211083e-09,4.00757793526637e-09,2.76823648899988e-09,4.19135389134215e-09
1.37969388537986e-08,3.41447785092393e-08,7.01190196479078e-08,2.67438931335166e-08,5.9268754700356e-08,4.81223898439565e-08,3.00759785273431e-08,6.0397517512645e-08,2.7824570800177e-08,5.11885526448991e-08,5.08989900708206e-08,4.33208970385634e-08,5.27422704885624e-08,2.42721035051071e-08,1.36395911982915e-08,4.43221436050701e-08,2.37969769540771e-08,4.25036013156879e-08,2.16104814012852e-08,1.17464490726313e-08,8.90797778175887e-09,2.10559736284566e-08,1.10569630693771e-08,1.94426963566916e-08,1.07670658782083e-08,8.39360858143965e-09,5.53383305381316e-09,1.01316226038314e-08,9.91810896410794e-09,1.06336148562106e-08,7.87803952734667e-09,5.02290569362978e-09,5.40205933144599e-09,9.03160148877886e-09,5.75270468929513e-09,9.71039059190611e-09,4.32941251849229e-09,4.57234484605438e-09,3.73634120005923e-09,4.9787474716563e-09,5.21775365527201e-09,5.66397034540479e-09,4.9483979187908e-09,3.40252799474629e-09,2.74005914811616e-09,5.09339701462554e-09,3.80001632478239e-09,5.42650953951792e-09,9.41069569224158e-09,2.39013658362379e-08,4.87741754882509e-08,2.02162289948789e-08,4.02765430848909e-08,3.3935719619737e-08,2.14420166883734e-08,4.2982556102503e-08,1.86138503451487e-08,3.52595927813967e-08,3.75799518747211e-08,3.12921754066298e-08,3.78020909439004e-08,1.67350895896498e-08,9.48467095773032e-09,3.31051667544588e-08,1.67174076327875e-08,3.24265584538599e-08,1.47976822971715e-08,8.6341105239237e-09,6.55029526760394e-09,1.49292040673651e-08,8.79295865883323e-09,1.32221590173098e-08,7.77745573858865e-09,6.2421739163608e-09,3.72169598491827e-09,8.07366741817364e-09,6.55948827055251e-09,8.25000129105625e-09,5.9944670094799e-09,3.78485959517207e-09,4.32949107629405e-09,6.63510124639766e-09,3.86939447199424e-09,6.91115463940032e-09,3.23939132602489e-09,3.55302250351817e-09,2.90165030074825e-09,3.41472485607054e-09,3.94441125889743e-09,4.20985035928335e-09,3.7516716588317e-09,2.714361814513e-09,2.10757575032926e-09,3.72946992211799e-09,2.91171974783636e-09,3.99625883121554e-09
5.18520203422885e-08,5.94379650577619e-08,2.67438931335166e-08,8.38171940538661e-08,4.74255833941889e-08,6.74808328531327e-08,5.29939781792266e-08,2.36753254843546e-08,1.33932198340634e-08,4.22321214701334e-08,2.28739240447254e-08,3.99612306387607e-08,2.08006360766421e-08,1.20753737206361e-08,1.4131045939585e-08,2.01876912443116e-08,1.38483843609799e-08,2.09018094053343e-08,1.06815413784874e-08,1.26318568300089e-08,7.42767306709751e-09,1.24074522140433e-08,1.29687895978494e-08,1.2104513259195e-08,1.18453467917326e-08,7.00720248021481e-09,4.87887114820169e-09,1.20517785982738e-08,8.03983219988736e-09,1.32428803881261e-08,6.7325107914512e-09,4.6600116850665e-09,5.52910302628007e-09,7.70757238318921e-09,5.41547217848096e-09,8.17970622788811e-09,3.99380474319732e-09,4.59398697289794e-09,4.3255356026124e-09,4.71552553691417e-09,5.49837787000063e-09,5.41480910206275e-09,4.21369379229146e-09,3.90142265128111e-09,3.53314366420392e-09,4.92859544367542e-09,4.61971858551769e-09,5.69373299946628e-09,3.78553285657092e-08,4.26693286911103e-08,1.8759763434533e-08,6.27975544064715e-08,3.41994302117331e-08,5.06625713295038e-08,3.78712777736993e-08,1.70151711173325e-08,9.52925359331592e-09,3.07509231592347e-08,1.71516609363229e-08,2.92830547960988e-08,1.49345647703747e-08,8.58032811874897e-09,9.79897129241239e-09,1.50550962755283e-08,9.63383878008961e-09,1.5492019085065e-08,7.58214815934304e-09,9.5884651233194e-09,5.03099266787208e-09,9.01391784816784e-09,9.14496749199778e-09,7.98342102568806e-09,8.76356710183948e-09,4.91165552468144e-09,3.46321728480984e-09,8.5831976244108e-09,6.02044019550861e-09,1.00115444131995e-08,4.74115603171463e-09,3.50785750584576e-09,4.39436644980476e-09,5.9592673533258e-09,3.82721044212534e-09,5.99137742193943e-09,3.02614773780138e-09,3.62686344743211e-09,3.50183751630462e-09,3.2220375176514e-09,4.18715159233979e-09,3.99972377871001e-09,3.3993011276612e-09,3.11382123288466e-09,2.85242583506782e-09,3.91416979054144e-09,3.03266571630776e-09,4.34589653612227e-09
2.97684440889127e-08,8.58575994627965e-08,5.9268754700356e-08,4.74255833941889e-08,1.24126405349747e-07,7.49343350742192e-08,7.49348293484204e-08,5.11788037759028e-08,2.58974471581925e-08,1.07022239750886e-07,4.32978749824199e-08,9.38033749303687e-08,4.46652147886018e-08,2.29930720025857e-08,1.4207259260766e-08,3.80141152524976e-08,2.32139183410719e-08,3.7039739251554e-08,2.05808003057055e-08,1.23745041464219e-08,1.09159177886002e-08,2.09604548727588e-08,1.20615432745519e-08,1.96690627208174e-08,1.16970583443082e-08,1.05683068974159e-08,7.63298742035529e-09,1.14455541124417e-08,1.2984603547202e-08,1.23743852584086e-08,9.96996337320593e-09,6.61431597974718e-09,6.66951936875735e-09,1.15374241706649e-08,7.61989822799606e-09,1.23024492401057e-08,5.96269666318234e-09,6.02985313374945e-09,4.60190094642959e-09,6.97922195211721e-09,6.764161684869e-09,7.51550777785788e-09,6.28507979067523e-09,4.32295081807029e-09,3.43634690737301e-09,6.56110178979921e-09,4.5685673304544e-09,6.61468753524798e-09,2.07989497317029e-08,5.06110489641135e-08,4.19959977718056e-08,3.40371018845553e-08,7.82153820944074e-08,5.46098025890396e-08,4.48059504388136e-08,3.74871606795235e-08,1.60663913500351e-08,6.88823118122706e-08,3.27781165483898e-08,6.18882517813501e-08,3.26000340577188e-08,1.47390247281003e-08,9.43794027681863e-09,2.90416682398311e-08,1.42942470948884e-08,2.8067847483119e-08,1.32041515393466e-08,9.05072252847336e-09,8.42035137764879e-09,1.30877579877271e-08,9.20196201983996e-09,1.25920896154063e-08,8.39196222169365e-09,8.07240038479524e-09,4.87451425483115e-09,8.82511452152e-09,8.21516329181923e-09,7.51885675347502e-09,7.51218704341034e-09,5.01723584012332e-09,5.22641602052401e-09,8.52715947423359e-09,5.35257162426584e-09,9.07093525695184e-09,4.46407366610962e-09,4.68083848503449e-09,3.44638356471267e-09,4.90525899781164e-09,5.34865804202541e-09,5.34248513676932e-09,4.85551362905301e-09,3.31529425972747e-09,2.19128088663431e-09,4.95229144803204e-09,2.98067553387419e-09,4.75607563324056e-09
4.70142384337799e-08,4.76329441096061e-08,4.81223898439565e-08,6.74808328531327e-08,7.49343350742192e-08,9.96411910512562e-08,4.23219146541023e-08,4.14012955811469e-08,2.14223231535471e-08,6.52509623664792e-08,3.40232094970809e-08,5.47322090780837e-08,3.59020817450579e-08,1.88247777947459e-08,1.20194031092466e-08,2.97826871889152e-08,1.9225406027142e-08,2.90582748685015e-08,1.69269814704862e-08,1.07796403869133e-08,1.08450419016742e-08,1.73983059178037e-08,1.08224472090671e-08,1.6471451736131e-08,1.0069419928404e-08,1.03545977475753e-08,6.3530540957362e-09,1.01244241509833e-08,1.15771212076998e-08,1.06755589812996e-08,9.73584266843328e-09,5.87613622575647e-09,6.16995806878145e-09,1.06512697495013e-08,6.88351358182968e-09,1.14972457527678e-08,5.2502211410592e-09,5.32021978108171e-09,4.39272785724231e-09,6.22466518667518e-09,5.94850292845538e-09,6.6122276615551e-09,5.61145951495137e-09,4.05785572037514e-09,3.45998793738112e-09,5.79674895312624e-09,4.73780729170239e-09,6.53255432348391e-09,3.37651194363858e-08,3.25978190989366e-08,3.33007385833289e-08,4.95203033048705e-08,5.21612700082788e-08,7.2380010901204e-08,2.92034319942494e-08,3.00632729073327e-08,1.42470351086006e-08,4.65118607364333e-08,2.54599537071952e-08,3.968709610978e-08,2.56832594286007e-08,1.26384527075136e-08,8.82613480470471e-09,2.23076518461893e-08,1.34389403703803e-08,2.25183967911512e-08,1.12772659549509e-08,8.37796969394048e-09,7.71329806042558e-09,1.21384859033342e-08,7.95266534454873e-09,1.08287156331151e-08,7.76092692540482e-09,7.39058709419619e-09,4.03585109269894e-09,7.77255996483731e-09,7.69281867822061e-09,7.86177123380132e-09,6.94761732321454e-09,4.14580881113639e-09,4.85567229671016e-09,7.64206036451376e-09,4.49342397058628e-09,7.96055577105465e-09,3.83541058304747e-09,3.8873745084451e-09,3.78217149639598e-09,3.91769613331005e-09,4.85069414957052e-09,4.83822830194538e-09,4.01667449192277e-09,3.4570681487219e-09,2.45647098255067e-09,4.68866478994743e-09,3.43741233896785e-09,4.68103177080662e-09
2.86953059698921e-08,8.87839322058065e-08,3.00759785273431e-08,5.29939781792266e-08,7.49348293484204e-08,4.23219146541023e-08,1.20538252381012e-07,3.93702670161896e-08,1.81860045421664e-08,1.05582161908669e-07,3.76514198414997e-08,1.01321573300174e-07,3.46188450947227e-08,1.61031348544755e-08,1.62623049142035e-08,3.2954818057681e-08,1.81055771998492e-08,3.36263115246859e-08,1.43408569515538e-08,1.43358984619208e-08,8.51964744321636e-09,1.63699496317725e-08,1.47968206216814e-08,1.56932562805305e-08,1.33188755743025e-08,8.05380578843631e-09,6.78488116938307e-09,1.35816372125224e-08,1.03779498537125e-08,1.5021020674801e-08,7.52498299953325e-09,5.8994404686148e-09,7.12479798383678e-09,9.23924108953194e-09,7.26436715207363e-09,1.0016972621619e-08,5.38861145960965e-09,6.21717693951784e-09,5.14873438360826e-09,6.62062112277838e-09,7.07057268879388e-09,6.96993246656827e-09,5.77835419976708e-09,4.66838494208437e-09,3.32017474833998e-09,6.39583956280512e-09,4.57156509960634e-09,6.14834029807975e-09,2.09459835996154e-08,5.58820390832577e-08,2.16997113069548e-08,3.93305986353733e-08,4.74584282601022e-08,3.26554936911658e-08,8.19203070499966e-08,2.8421608695074e-08,1.09877215110536e-08,7.21184113219121e-08,2.72891568993436e-08,6.98569851249639e-08,2.55884985291399e-08,1.01406828502619e-08,1.09641824079047e-08,2.42585860958511e-08,1.1347535516374e-08,2.49378842385397e-08,9.15364138027689e-09,1.00478274058466e-08,6.76754477207481e-09,1.02443343090133e-08,1.04512279696198e-08,9.9537104863268e-09,8.91826436938611e-09,6.5731056204026e-09,4.65879646730327e-09,9.37390597384085e-09,7.68595343294064e-09,9.53426293986128e-09,6.02134488205352e-09,4.34778028203536e-09,5.67508707609421e-09,7.47689863249308e-09,5.35943880610699e-09,7.80158949927159e-09,3.89726989514444e-09,4.9140346733278e-09,3.39584315569112e-09,4.80116078131289e-09,5.24866341825634e-09,4.85846250211551e-09,4.71382310231247e-09,3.13474763919497e-09,2.42122749615734e-09,4.76724430629237e-09,2.72693362178045e-09,4.52627643542194e-09
1.23465823310849e-08,3.00601582466233e-08,6.0397517512645e-08,2.36753254843546e-08,5.11788037759028e-08,4.14012955811469e-08,3.93702670161896e-08,7.21789552241862e-08,3.31901813881217e-08,6.48034689081218e-08,6.10646131929675e-08,5.58527061933667e-08,6.32891287050803e-08,2.8773411105772e-08,1.60510208413356e-08,5.31142413755279e-08,2.78588687052238e-08,5.02305990754292e-08,2.56306594505173e-08,1.37840741634669e-08,1.07603826366915e-08,2.46312764700025e-08,1.34013510028694e-08,2.35070071729998e-08,1.25868293030778e-08,9.90289411653719e-09,6.69192765826078e-09,1.21657185585941e-08,1.16852178357397e-08,1.27522601535772e-08,9.08972232334646e-09,6.07203556183921e-09,6.2972853167081e-09,1.0503493537879e-08,6.88329520090512e-09,1.10213060145261e-08,5.29569595006393e-09,5.44030289356443e-09,4.44510805809901e-09,6.01625746565939e-09,6.23515319348233e-09,6.79306308983197e-09,5.07108762130161e-09,3.88309537592283e-09,2.8226657927085e-09,5.50702717579416e-09,3.98299292501873e-09,5.68708047932914e-09,8.11291489981094e-09,2.14170710843969e-08,4.29732245062027e-08,1.80459536598027e-08,3.52326947951396e-08,2.96614564546568e-08,2.97345743176455e-08,5.19613477460125e-08,2.24230177141332e-08,4.65707981083641e-08,4.52331678924668e-08,4.20028686964469e-08,4.62414905635183e-08,2.04258799853182e-08,1.13895966461643e-08,4.00154395693421e-08,1.96905696366413e-08,3.82075857656951e-08,1.81071088791026e-08,1.03383132520697e-08,8.3255191712811e-09,1.74854617623462e-08,1.11565192585347e-08,1.64150543326261e-08,9.42721085045689e-09,7.63592074453049e-09,4.73093278108588e-09,1.02687897123395e-08,8.05582342929665e-09,1.0548669779252e-08,7.11110861016206e-09,4.64096264794019e-09,5.18390346174177e-09,7.91770536175079e-09,5.03636252957204e-09,7.71209822989836e-09,4.0577537210701e-09,4.35182147347143e-09,3.620775946628e-09,4.45470066835335e-09,4.88170866771474e-09,5.13188639196444e-09,4.16947709559712e-09,3.224305940911e-09,1.88647335748252e-09,4.37375276422432e-09,3.17776085347109e-09,4.31131696492127e-09
1.3484499910196e-08,1.45984303318762e-08,2.7824570800177e-08,1.33932198340634e-08,2.58974471581925e-08,2.14223231535471e-08,1.81860045421664e-08,3.31901813881217e-08,8.14600577821644e-08,3.21881399846461e-08,6.37226057660544e-08,5.84113484220028e-08,2.87764257862164e-08,7.07065146551084e-08,3.45207792958006e-08,5.47586571385994e-08,5.97096789140652e-08,4.63464693955421e-08,6.25658509117561e-08,3.01729696673437e-08,1.37660670622356e-08,5.30362754311903e-08,2.61375827871952e-08,4.70532027467535e-08,2.77778369743011e-08,1.23787019596683e-08,1.12858377480202e-08,2.38625191503761e-08,1.23611142920527e-08,2.28584252675575e-08,1.08227593589062e-08,1.00561368926009e-08,7.1660066544311e-09,1.07349912550959e-08,1.12020130059426e-08,1.14588437707945e-08,8.52106885801619e-09,6.35532917417947e-09,5.34443663095566e-09,9.81632003121618e-09,7.41865384264568e-09,1.10259577146774e-08,5.75948959338113e-09,4.61470949364954e-09,3.89771177335169e-09,6.48917732554042e-09,5.42555876362737e-09,7.505457239722e-09,8.18010751055783e-09,1.08342859293856e-08,1.94728210764799e-08,9.36209606954465e-09,1.94734637247553e-08,1.56059081929875e-08,1.36375584567733e-08,2.34798806774479e-08,5.46008090997513e-08,2.45573089999655e-08,4.43104927752246e-08,4.30862540356413e-08,2.09201385122894e-08,4.86329271022214e-08,2.37826477777271e-08,3.91070909712781e-08,4.17041288136708e-08,3.33603514683965e-08,4.34515660737536e-08,2.1626061719437e-08,1.06352174950922e-08,3.79279607105859e-08,1.96097126326561e-08,3.38126570513802e-08,1.9842892714141e-08,9.62118304808296e-09,7.98085356820007e-09,1.80328823733831e-08,9.01278387918572e-09,1.699593461554e-08,8.53454342770896e-09,7.22996664584793e-09,5.71520815530608e-09,8.32205894408829e-09,7.23137702425132e-09,8.95781073177748e-09,6.0102237163254e-09,4.71802808591867e-09,4.38341480132577e-09,6.33509907574246e-09,5.77924655572518e-09,7.66285220157057e-09,4.37873735356308e-09,3.74903880890805e-09,3.0220525626923e-09,4.88633074212341e-09,4.58454726237161e-09,6.1417429904612e-09
2.63512781322154e-08,7.49154497290615e-08,5.11885526448991e-08,4.22321214701334e-08,1.07022239750886e-07,6.52509623664792e-08,1.05582161908669e-07,6.48034689081218e-08,3.21881399846461e-08,1.46894575101897e-07,5.61457289602493e-08,1.3186621174823e-07,5.66088708245462e-08,2.79543348935414e-08,1.72535616379866e-08,4.87749252722855e-08,2.83895666671541e-08,4.75125867233552e-08,2.51252437335649e-08,1.51290878451127e-08,1.27637413277207e-08,2.57313089926596e-08,1.4913905810331e-08,2.45830744564908e-08,1.42840260897866e-08,1.22228146237992e-08,9.04137536940888e-09,1.40487064096576e-08,1.53113290090557e-08,1.52965099399292e-08,1.13743953921936e-08,7.88868492941792e-09,8.09274872453814e-09,1.35858375835988e-08,9.18320908962284e-09,1.44191012313233e-08,7.14997601030535e-09,7.20420455513422e-09,5.69616772235764e-09,8.41025138630962e-09,8.19594507212556e-09,9.11526361457410e-09,6.80539398708142e-09,5.21796078809579e-09,3.66690413987115e-09,7.47922640177471e-09,5.2530131531579e-09,7.35930489010431e-09,1.80523676613946e-08,4.47589572607516e-08,3.74692650952542e-08,3.02709430596672e-08,6.88317971068841e-08,4.83488271309329e-08,7.02654291516923e-08,4.76728409469973e-08,2.01504050452223e-08,1.00445250585881e-07,4.17500711645999e-08,9.20624588534314e-08,4.20430200800107e-08,1.88505669718501e-08,1.12787580958947e-08,3.71800975353226e-08,1.76407049850467e-08,3.56962584072861e-08,1.69552249794725e-08,1.05651603513394e-08,9.8800991738869e-09,1.5932736809127e-08,1.15787985717589e-08,1.64642339219467e-08,9.93629225778466e-09,9.40601470673531e-09,5.85694574701011e-09,1.10684606499082e-08,9.99056224116829e-09,9.87507180362977e-09,8.64074698757773e-09,5.68553123059189e-09,6.13753189022678e-09,1.00231620351297e-08,6.65388122232596e-09,1.03441941871859e-08,5.18826848925268e-09,5.21821549746848e-09,4.25467508164823e-09,5.99035338908554e-09,6.35419006778246e-09,6.48361788321138e-09,5.12858743904157e-09,3.91998965644836e-09,2.14207385634963e-09,5.71346342517592e-09,3.19869978071723e-09,4.95474484877561e-09
1.38163544966463e-08,2.84446162974786e-08,5.08989900708206e-08,2.28739240447254e-08,4.32978749824199e-08,3.40232094970809e-08,3.76514198414997e-08,6.10646131929675e-08,6.37226057660544e-08,5.61457289602493e-08,9.92980514562841e-08,8.80399795603236e-08,5.31170419513972e-08,5.47572926919499e-08,3.00414793655502e-08,8.60756272530916e-08,4.68258587681696e-08,7.40821585759454e-08,4.82098369192018e-08,2.59382067849292e-08,1.24407471818572e-08,4.10629978314791e-08,2.23639140673363e-08,3.59395948216894e-08,2.38248054887666e-08,1.12074189935688e-08,1.19496396860952e-08,2.03901041203039e-08,1.19241635505179e-08,2.00049862405741e-08,1.01328403516532e-08,1.10514626905205e-08,8.0666058429648e-09,1.0670870538865e-08,1.19194148625503e-08,1.12875455305431e-08,9.7523720550287e-09,6.9661627239565e-09,5.83450024736314e-09,1.05710707058371e-08,8.14318710050218e-09,1.19826820576667e-08,6.42643160994789e-09,4.89299218237382e-09,3.40661232458657e-09,7.02155996398467e-09,5.08696699188739e-09,7.45205485907195e-09,8.98676266581476e-09,2.05649953950644e-08,3.6002965856439e-08,1.73844194528282e-08,3.06358556118889e-08,2.43891786852692e-08,2.87404638336992e-08,4.34578990050057e-08,4.30263613104941e-08,4.14075114774629e-08,6.93673264980414e-08,6.45325392055086e-08,3.88029797838665e-08,3.83383738095674e-08,2.07119865144352e-08,6.13642992897802e-08,3.36773478896765e-08,5.407580808693e-08,3.38458006683453e-08,1.90319161698061e-08,1.02020865339466e-08,3.0221130763682e-08,1.83197109008814e-08,2.6312528325745e-08,1.71604183295799e-08,9.1947096443321e-09,8.07037124235025e-09,1.65885581911253e-08,8.67302856464665e-09,1.57457368856926e-08,8.39702868956833e-09,7.56756141677091e-09,6.37913233903996e-09,8.10744844550858e-09,7.20748242894333e-09,8.26841482056268e-09,6.57409012240181e-09,5.24140185218785e-09,4.34473986765715e-09,6.33968733254792e-09,6.39641698092728e-09,7.96484075341247e-09,4.89061536346084e-09,3.71619840368927e-09,2.69820196316961e-09,5.37665700565377e-09,4.00739258018389e-09,6.15273751079471e-09
2.61290369018306e-08,7.11115218998228e-08,4.33208970385634e-08,3.99612306387607e-08,9.38033749303687e-08,5.47322090780837e-08,1.01321573300174e-07,5.58527061933667e-08,5.84113484220028e-08,1.3186621174823e-07,8.80399795603236e-08,1.78326982960981e-07,4.85065911483218e-08,4.99696891962488e-08,2.80425780232554e-08,7.59838080181302e-08,4.33171765009244e-08,6.68750353428144e-08,4.40924768648437e-08,2.44934438689219e-08,1.22592225538603e-08,3.85311866865193e-08,2.15119407967449e-08,3.41237963260045e-08,2.26999314206382e-08,1.13492738888307e-08,1.35846884842589e-08,1.99304873300438e-08,1.33573945714013e-08,1.97748469850582e-08,1.0247572706015e-08,1.23853798629408e-08,9.568861623269e-09,1.15402297033214e-08,1.36967587670091e-08,1.26287196313242e-08,1.12638694228339e-08,8.3355420697035e-09,7.00899777156576e-09,1.26130435522878e-08,9.71874771267073e-09,1.42223113918612e-08,7.74074519452092e-09,6.17095576372749e-09,3.94724991892113e-09,8.59949418557659e-09,5.89328541510546e-09,8.22939170877792e-09,1.75605210957602e-08,4.12417622219232e-08,3.13054399661159e-08,2.76006787322729e-08,5.98378406636491e-08,3.99364526335479e-08,6.73328002246559e-08,4.05354440618166e-08,3.78253400797782e-08,9.07094228246261e-08,6.27251770751539e-08,1.23193002622788e-07,3.60622348829977e-08,3.44885012451438e-08,1.9099060301616e-08,5.5666849103952e-08,2.98070859002954e-08,4.92703561383187e-08,3.05770638913132e-08,1.74364698696445e-08,9.89069314483435e-09,2.69245464083379e-08,1.69803295842162e-08,2.4984108401008e-08,1.5987648596172e-08,9.30149859593803e-09,8.63836027999277e-09,1.59526551402769e-08,9.42315666197617e-09,1.35647068180424e-08,8.22718766832481e-09,8.05385127167648e-09,7.08873343508544e-09,8.73163522603354e-09,8.41127575580885e-09,9.46149766009457e-09,7.25818946859029e-09,5.73974686547737e-09,4.86145022952295e-09,7.62374711706684e-09,7.13610363858002e-09,8.88735811953089e-09,5.49571968860183e-09,4.33788131716999e-09,2.51256975389895e-09,6.05841233753818e-09,3.88465634394553e-09,6.03905194883764e-09
1.07954417996974e-08,2.65143849811398e-08,5.27422704885624e-08,2.08006360766421e-08,4.46652147886018e-08,3.59020817450579e-08,3.46188450947227e-08,6.32891287050803e-08,2.87764257862164e-08,5.66088708245462e-08,5.31170419513972e-08,4.85065911483218e-08,7.38315676497222e-08,3.28747163744683e-08,1.77784173598545e-08,6.17755457974164e-08,3.12281061486272e-08,5.77084552176921e-08,2.87783129499514e-08,1.50634028011256e-08,1.24183692381336e-08,2.72345963643493e-08,1.47952933992757e-08,2.62087744520954e-08,1.35221813838291e-08,1.11377953511628e-08,7.68434947785526e-09,1.3173132680325e-08,1.31487513071171e-08,1.36711709910151e-08,1.01355483109361e-08,7.0031045521221e-09,6.97863594324555e-09,1.18143457036309e-08,8.01979736711254e-09,1.26339208088414e-08,6.13760372711366e-09,5.96593139452642e-09,4.76039236757893e-09,6.96954018372004e-09,6.65012288199765e-09,7.72887504488658e-09,5.47837522355108e-09,4.12762296758359e-09,3.07114113009757e-09,5.84661321343938e-09,4.2471806078848e-09,6.17603638915603e-09,7.22101705092579e-09,1.93880567510011e-08,3.77862522434636e-08,1.62892941577055e-08,3.09962803781044e-08,2.61853313725166e-08,2.69772548808795e-08,4.62394661540322e-08,2.04181942174789e-08,4.1319840423985e-08,4.00099142932596e-08,3.72687685902969e-08,5.34150507786825e-08,2.32733322129711e-08,1.27853043201489e-08,4.6210765118299e-08,2.20480339136397e-08,4.34340996156043e-08,2.05020273159673e-08,1.16177270608179e-08,9.33486229838598e-09,1.94291962083447e-08,1.23901970521022e-08,1.86037155950845e-08,1.03618503680385e-08,8.61143625483909e-09,5.45677475055574e-09,1.11101655788897e-08,8.91923187864376e-09,1.09909674419031e-08,7.94006091894652e-09,5.41634685298512e-09,5.60881352536877e-09,8.83129068476792e-09,5.97098815863998e-09,8.9192586637615e-09,4.73128831741895e-09,4.63795252909144e-09,3.83082004144587e-09,5.20991172966423e-09,5.13949815842534e-09,5.89374440631008e-09,4.35168950448975e-09,3.34025698355539e-09,2.10089197490865e-09,4.53300654590031e-09,3.46684970725105e-09,4.72349612584728e-09
1.22482759223437e-08,1.31655258432929e-08,2.42721035051071e-08,1.20753737206361e-08,2.29930720025857e-08,1.88247777947459e-08,1.61031348544755e-08,2.8773411105772e-08,7.07065146551084e-08,2.79543348935414e-08,5.47572926919499e-08,4.99696891962488e-08,3.28747163744683e-08,8.00031095013489e-08,3.82777275096818e-08,6.23937893588218e-08,6.64296818186984e-08,5.19697168018678e-08,6.99272502028961e-08,3.29357307104284e-08,1.49167441438222e-08,5.84101319873954e-08,2.83444081632654e-08,5.19731253640558e-08,3.01941174372764e-08,1.34245712618531e-08,1.28493574268582e-08,2.58200873823576e-08,1.34889244963808e-08,2.46934730003321e-08,1.17072528548178e-08,1.15392206601674e-08,8.01620111215407e-09,1.17337619701526e-08,1.28556370201267e-08,1.27255090689162e-08,9.7624052050969e-09,7.04730796496307e-09,5.70027452856499e-09,1.11111307628036e-08,8.02919092848201e-09,1.22431445534949e-08,6.40464346596526e-09,4.93384290934253e-09,4.2084853021658e-09,7.09232859217302e-09,5.88967268499711e-09,8.26113719799588e-09,7.6290418291985e-09,1.01538242382082e-08,1.71910936823326e-08,8.72240043334037e-09,1.72896065307249e-08,1.38781727378476e-08,1.29276925193641e-08,2.09175096959841e-08,4.86255625902722e-08,2.17209996568167e-08,3.91011992055187e-08,3.76445057583023e-08,2.35360219254274e-08,5.6299748445671e-08,2.62533585166227e-08,4.52663943345891e-08,4.68918622894829e-08,3.77262522330774e-08,4.95187456071153e-08,2.35654055650662e-08,1.13993320213279e-08,4.21334740963532e-08,2.11895446130108e-08,3.80713898875988e-08,2.16073909365789e-08,1.0411409676872e-08,8.98172058099951e-09,1.94534333331442e-08,9.88438718804339e-09,1.83406205125304e-08,9.20970371476861e-09,8.32020318395262e-09,6.37854874358698e-09,9.22215149055855e-09,8.56693989041677e-09,9.82682928575723e-09,6.95694337719349e-09,5.27585543007595e-09,4.72707078584425e-09,7.36096615939982e-09,6.36962548090099e-09,8.76537904767724e-09,4.86083753451143e-09,4.06879413073869e-09,3.18449151583933e-09,5.43399714987574e-09,4.95405435569758e-09,6.73640680807503e-09
8.37033025694191e-09,1.39591472837369e-08,1.36395911982915e-08,1.4131045939585e-08,1.4207259260766e-08,1.20194031092466e-08,1.62623049142035e-08,1.60510208413356e-08,3.45207792958006e-08,1.72535616379866e-08,3.00414793655502e-08,2.80425780232554e-08,1.77784173598545e-08,3.82777275096818e-08,9.33641609273993e-08,3.33999493523849e-08,7.34474295154202e-08,6.44346393575284e-08,3.29437028067441e-08,7.96006975681331e-08,3.34007879066033e-08,6.33209247035602e-08,5.92849086579058e-08,4.66248258863002e-08,7.20770945305506e-08,2.95191548070988e-08,1.57969848060737e-08,5.29480407046774e-08,2.72116261744109e-08,4.93407841520826e-08,2.58217254598382e-08,1.38394726408985e-08,1.65607268540355e-08,2.38232807021436e-08,1.56002942224973e-08,2.4350377151808e-08,1.23699972403766e-08,1.44181145419912e-08,7.31550172055965e-09,1.37522071973433e-08,1.49305896508445e-08,1.43275641870459e-08,1.29826557381427e-08,6.39300158541114e-09,4.82362756730407e-09,1.32917539577192e-08,7.05723511112846e-09,1.39428928846197e-08,5.1944949440536e-09,1.02798342432645e-08,8.41374332044711e-09,9.30888372231499e-09,9.09035761962976e-09,6.9329850986463e-09,1.15983031307721e-08,1.03557784162283e-08,2.56515323597332e-08,1.17082336485437e-08,2.12348338574591e-08,2.16176295576551e-08,1.17913088537443e-08,2.86931235661669e-08,5.91583487103653e-08,2.42538541488721e-08,4.82609235618149e-08,4.11232861711082e-08,2.50464984413629e-08,5.36273393283739e-08,2.46898399841497e-08,4.32049576435255e-08,4.34321841850727e-08,3.47972158854526e-08,4.84197070592213e-08,2.29764663644275e-08,1.03573942401887e-08,3.93400723018307e-08,1.87370305844354e-08,3.47982044685294e-08,2.02301368028592e-08,9.48867849197665e-09,1.06890890742768e-08,1.70535768992432e-08,1.07993819339375e-08,1.75760589160306e-08,8.43579798924296e-09,9.05703930442201e-09,5.97939853924911e-09,9.72956815415524e-09,9.74647438787842e-09,1.03574336575963e-08,8.13965863840779e-09,5.30300143108502e-09,3.44347957389724e-09,8.54194401688678e-09,5.36970387548644e-09,9.24304316541541e-09
1.22428863549369e-08,2.51545897312135e-08,4.43221436050701e-08,2.01876912443116e-08,3.80141152524976e-08,2.97826871889152e-08,3.2954818057681e-08,5.31142413755279e-08,5.47586571385994e-08,4.87749252722855e-08,8.60756272530916e-08,7.59838080181302e-08,6.17755457974164e-08,6.23937893588218e-08,3.33999493523849e-08,9.96077571228441e-08,5.22652433138215e-08,8.46965348229902e-08,5.38720285050899e-08,2.82675678731474e-08,1.37261498329367e-08,4.5143972899604e-08,2.43647872699512e-08,3.98744030822189e-08,2.57562258769202e-08,1.23657767939893e-08,1.34765735621885e-08,2.20619376894139e-08,1.31748335821382e-08,2.14951780386695e-08,1.11159353290139e-08,1.25103466724539e-08,8.88630606009376e-09,1.1818788199202e-08,1.3669857041437e-08,1.27494369997828e-08,1.10490220603759e-08,7.63562246669975e-09,6.12027446896847e-09,1.20590168855039e-08,8.71543997169871e-09,1.33137785238457e-08,7.05508721150681e-09,5.15584793574187e-09,3.64766228981283e-09,7.59110160331806e-09,5.38304314167109e-09,8.12204072817892e-09,7.98568596158504e-09,1.87427454988654e-08,3.18497613079768e-08,1.57211295388154e-08,2.72991459021233e-08,2.17476044304724e-08,2.62757428965222e-08,3.87996214185491e-08,3.83280537457318e-08,3.6924344306833e-08,6.13563252169419e-08,5.6703460318836e-08,4.45417644743455e-08,4.42924225474495e-08,2.2817169550309e-08,7.11170762762334e-08,3.79566210336614e-08,6.18010906712321e-08,3.8650452280566e-08,2.09273198036887e-08,1.1195338483633e-08,3.37718436321084e-08,2.00094399773903e-08,2.9751629486279e-08,1.87112843373855e-08,1.01655969849644e-08,9.20756470432141e-09,1.79682251156309e-08,9.56398182447459e-09,1.69632766235269e-08,9.2003789600841e-09,8.73879184040925e-09,6.90548389330107e-09,9.03482860519243e-09,8.39429006394728e-09,9.15972120372516e-09,7.60355693055196e-09,5.67670682215281e-09,4.6634836642153e-09,7.32285299241468e-09,6.9950371793239e-09,9.10471492057741e-09,5.26419093931955e-09,3.94876610556593e-09,2.83524137997723e-09,5.84796853250506e-09,4.30366713424809e-09,6.69336517893164e-09
1.34314377590529e-08,1.50793004089313e-08,2.37969769540771e-08,1.38483843609799e-08,2.32139183410719e-08,1.9225406027142e-08,1.81055771998492e-08,2.78588687052238e-08,5.97096789140652e-08,2.83895666671541e-08,4.68258587681696e-08,4.33171765009244e-08,3.12281061486272e-08,6.64296818186984e-08,7.34474295154202e-08,5.22652433138215e-08,1.11267054104711e-07,8.92896499520596e-08,5.84122911729485e-08,6.33134466979344e-08,2.979817713173e-08,9.75863080559172e-08,4.64087912858832e-08,7.58952076928766e-08,5.74453191319808e-08,2.63424669561652e-08,1.59082474405263e-08,4.16010127509669e-08,2.43766015335391e-08,3.8038658999798e-08,2.25578347205974e-08,1.37960897865243e-08,1.68942899607828e-08,2.09824615818105e-08,1.50835956237033e-08,2.16904457649064e-08,1.20696361290202e-08,1.45433691644326e-08,8.33447920715432e-09,1.30620777410271e-08,1.57898319573435e-08,1.43200331873233e-08,1.33069025348144e-08,7.33990405196441e-09,5.69418216481738e-09,1.42298754205354e-08,8.13932982869461e-09,1.52875207987192e-08,8.5725874608995e-09,1.14186835863202e-08,1.72689579122174e-08,1.03257425511312e-08,1.75426225594362e-08,1.4182863653515e-08,1.42398917075848e-08,2.02614841423161e-08,4.22323753328557e-08,2.20467481291756e-08,3.37529788998136e-08,3.36677039940985e-08,2.24696456090917e-08,4.77110520903329e-08,4.78372291542107e-08,3.83860210718125e-08,7.52663896469492e-08,6.14343269628274e-08,4.23222485399074e-08,4.29205154127902e-08,2.18024223990788e-08,6.69630505358801e-08,3.43209299685262e-08,5.58498780953705e-08,3.92807760567041e-08,2.04036547502306e-08,1.05070040052881e-08,3.16349898759883e-08,1.66541218241316e-08,2.7037756275026e-08,1.76617261009296e-08,9.52594606511448e-09,1.13079157749313e-08,1.50105037552198e-08,1.06644892759536e-08,1.61715272796915e-08,8.23368402515286e-09,9.27085874427189e-09,6.94383249329908e-09,9.36266276389701e-09,1.02139478341948e-08,1.04669151471166e-08,8.52560677182017e-09,6.11952774514028e-09,3.86333275254955e-09,8.97407854349335e-09,6.55299181803786e-09,1.01842758861796e-08
1.33476147571198e-08,2.59784771954551e-08,4.25036013156879e-08,2.09018094053343e-08,3.7039739251554e-08,2.90582748685015e-08,3.36263115246859e-08,5.02305990754292e-08,4.63464693955421e-08,4.75125867233552e-08,7.40821585759454e-08,6.68750353428144e-08,5.77084552176921e-08,5.19697168018678e-08,6.44346393575284e-08,8.46965348229902e-08,8.92896499520596e-08,1.30805751736635e-07,4.49092333204158e-08,5.49128166877469e-08,2.68245552490493e-08,7.73880129412285e-08,4.00154142777446e-08,5.94007796722979e-08,4.94526762843731e-08,2.35472427960795e-08,1.5365939307032e-08,3.54722244381879e-08,2.23936619965416e-08,3.31224754007259e-08,2.04469945177577e-08,1.34856334431808e-08,1.65394839868452e-08,1.95605184542585e-08,1.45926576235653e-08,2.03177072386892e-08,1.19800804739875e-08,1.4612316671651e-08,8.55706127544944e-09,1.25911508067351e-08,1.60214670143374e-08,1.41091504725557e-08,1.33325546443194e-08,7.21744228996151e-09,4.73015747626924e-09,1.39736754198614e-08,7.22417651261179e-09,1.431036141664e-08,9.06703212208063e-09,2.00557837998323e-08,3.08484289287958e-08,1.67527652238609e-08,2.74679431655841e-08,2.16736146429947e-08,2.75756896198735e-08,3.65965443243886e-08,3.29271477254637e-08,3.69117755585036e-08,5.27918680140791e-08,5.16298736558269e-08,4.18827255733055e-08,3.70997089333927e-08,4.13633452290111e-08,6.08818204189654e-08,6.13717732804724e-08,9.08946774115072e-08,3.23512353957456e-08,3.75782511816355e-08,1.98997899646097e-08,5.42688089618931e-08,3.12478277182593e-08,4.397505790164e-08,3.3745694669817e-08,1.86493690182697e-08,9.96463404702424e-09,2.82848435725587e-08,1.555088825516e-08,2.45470778124449e-08,1.62377826688327e-08,9.17978198980455e-09,1.0488099707989e-08,1.41965845577842e-08,9.44840055748532e-09,1.47254744026368e-08,8.02801635138123e-09,8.90108384188726e-09,6.64430120262173e-09,8.16861317094759e-09,1.0029370520043e-08,9.96356815051867e-09,8.18846359768004e-09,5.66977759082074e-09,3.33699644686886e-09,8.51467620307727e-09,5.52332106441707e-09,9.05417686009429e-09
1.13572819714724e-08,1.1616560166233e-08,2.16104814012852e-08,1.06815413784874e-08,2.05808003057055e-08,1.69269814704862e-08,1.43408569515538e-08,2.56306594505173e-08,6.25658509117561e-08,2.51252437335649e-08,4.82098369192018e-08,4.40924768648437e-08,2.87783129499514e-08,6.99272502028961e-08,3.29437028067441e-08,5.38720285050899e-08,5.84122911729485e-08,4.49092333204158e-08,8.32373732759243e-08,3.80053412265362e-08,1.67486602183439e-08,7.0296923906135e-08,3.26282523761571e-08,6.26408047502058e-08,3.42722479015143e-08,1.49958512613307e-08,1.45519710884084e-08,2.91899658723704e-08,1.51429315561504e-08,2.79309324454619e-08,1.31466112639049e-08,1.31216054135546e-08,8.93859107343573e-09,1.32095595032581e-08,1.43964769886346e-08,1.43147867938075e-08,1.12152299514681e-08,7.84359988528265e-09,6.67793994899897e-09,1.25234681221762e-08,9.70778876382444e-09,1.42396013974214e-08,6.9945915781514e-09,5.63423578745751e-09,5.16462654103032e-09,8.19483276521906e-09,6.73179974324919e-09,9.43430110909518e-09,7.13528491058455e-09,8.89020114273721e-09,1.56641373218769e-08,7.59132966722691e-09,1.53885631294004e-08,1.26670389967786e-08,1.12725420799517e-08,1.90306518296115e-08,4.34323070478655e-08,1.94327252438258e-08,3.45636567498455e-08,3.29227642292843e-08,2.1066056786892e-08,4.9515413252524e-08,2.35585995201895e-08,3.94329049442342e-08,4.21285525300805e-08,3.37088459302982e-08,5.92956218428279e-08,2.69644056123339e-08,1.2752825165394e-08,4.9437197297438e-08,2.47832065787654e-08,4.56862399513412e-08,2.42368231327197e-08,1.15743414586748e-08,1.02405507698091e-08,2.22265127137488e-08,1.10215221808726e-08,2.12495667975485e-08,1.0214242306699e-08,9.59822329830382e-09,7.10946034297208e-09,1.02974213710903e-08,9.6841598428878e-09,1.08585976278158e-08,8.35537623329779e-09,5.87111036252254e-09,5.51054109433952e-09,8.45309446586403e-09,7.65712170172495e-09,1.02570085575248e-08,5.25856868633367e-09,4.74361784563305e-09,4.21979267126848e-09,6.29157879360858e-09,5.82268472907219e-09,7.8089106740391e-09
