2.39976490630896e-08,1.22094875792766e-08,5.6976267082292e-09,2.00825760382004e-08,1.18419565853298e-08,1.93825942417387e-08,9.93821565958943e-09,4.36681146168359e-09,4.46812113049115e-09,9.38499987249416e-09,5.20268725736587e-09,1.0205869771095e-08,3.65261472560333e-09,3.65203048337264e-09,2.31376240318864e-09,4.32241682250918e-09,4.05352408048795e-09,5.01828190493131e-09,3.10295220929824e-09,1.93959623344833e-09,1.34768039162234e-09,3.37897905919126e-09,2.1258790333885e-09,3.58239497018838e-09,1.51106293235935e-09,1.13404590848752e-09,8.52257835700563e-10,1.70873602001952e-09,1.0882230917395e-09,1.67623579156253e-09,1.01658295114597e-09,8.13685788328035e-10,7.66390712961706e-10,1.02723282936134e-09,9.80531382262032e-10,1.2319985878619e-09,7.01005542573749e-10,6.63606007436797e-10,6.77832416148781e-10,8.68257581952339e-10,7.80428485171187e-10,9.65649667231214e-10,5.90993163929718e-10,6.43719400232737e-10,4.44029365983407e-10,7.2560188967636e-10,6.27131710131942e-10,7.42971818452944e-10,1.41593681573223e-08,6.41324532713356e-09,2.53879858099262e-09,1.29561387712893e-08,5.80784783476393e-09,1.19666563860051e-08,5.26366958554234e-09,2.08387285059726e-09,1.81565355424252e-09,4.64206296593237e-09,1.86553222206358e-09,4.41801678444304e-09,1.70789000742976e-09,1.47023520470517e-09,1.77732253677547e-09,1.51816211300189e-09,2.07097534446608e-09,1.84838580848299e-09,1.33250500118889e-09,1.60111076865003e-09,8.41762512403976e-10,1.86768819715597e-09,1.6379235461018e-09,2.00140886647161e-09,1.26987781301519e-09,8.11819687348018e-10,4.83920274034281e-10,1.18123250243019e-09,6.52147385953127e-10,1.11086741983454e-09,7.33349033492196e-10,5.2988820101058e-10,6.28334713079631e-10,7.27987497896559e-10,7.03549067264676e-10,9.2301944131621e-10,5.07222846871738e-10,5.29183057576055e-10,5.74693058790564e-10,6.43762291790977e-10,5.36206618945808e-10,6.77614637034098e-10,5.88611689616278e-10,4.75494141290208e-10,4.4896580087149e-10,5.3835624654804e-10,6.42677137229115e-10,6.54321422543318e-10
1.22094875792766e-08,5.11030157357616e-08,1.50810109098463e-08,2.62297935988226e-08,4.50747323565189e-08,2.1875071496219e-08,4.24311539950116e-08,1.18499102407286e-08,7.15211010878568e-09,3.72820870830406e-08,1.18445721946266e-08,3.7677733324188e-08,9.61097048887551e-09,5.55108674663309e-09,5.02482776662341e-09,9.41948783527701e-09,6.4478527990786e-09,1.02854082732556e-08,4.5553704482692e-09,4.38264149229135e-09,2.61596797765193e-09,5.15016976488435e-09,5.11236088922312e-09,5.17138192664113e-09,3.51003502136524e-09,2.29135175805519e-09,1.82824992586584e-09,4.31241348827819e-09,2.27866166161807e-09,4.57289181780803e-09,2.03208634122214e-09,1.58518979116761e-09,1.52303215463164e-09,2.03605683519474e-09,1.94891497596312e-09,2.355277260053e-09,1.42658723133715e-09,1.36442495074641e-09,1.10866464841442e-09,1.75211563855159e-09,1.5294960026962e-09,1.82851331337403e-09,1.24334580826377e-09,1.03528745734297e-09,9.09443520548927e-10,1.43296071040468e-09,1.21872827078626e-09,1.68099650759402e-09,6.85835948989853e-09,2.07013521019864e-08,7.8129396476956e-09,1.5055539437509e-08,1.80648562896073e-08,1.27907255808564e-08,1.66586601689258e-08,6.17665189101521e-09,2.19052047659193e-09,1.41974834044274e-08,5.20543876057759e-09,1.08877711984862e-08,5.49616113959899e-09,1.90098495758536e-09,2.47709099444738e-09,4.4610947508244e-09,2.71462575187136e-09,4.64026393038562e-09,1.68582575502407e-09,2.25168042819406e-09,1.04640999855617e-09,2.22804126583595e-09,3.18692092584745e-09,2.2791690741772e-09,2.00356922148833e-09,1.03093562069881e-09,1.49317525997316e-09,2.61428854889167e-09,1.41367337111674e-09,2.68389849624459e-09,1.05631656941226e-09,1.19470329530632e-09,1.02562191596101e-09,1.35458028430776e-09,1.16961644596986e-09,1.39253468120823e-09,1.11389229567441e-09,9.10817971807836e-10,8.28207864019252e-10,1.05281152273735e-09,1.07784333072181e-09,1.44742811585976e-09,9.39431905009582e-10,8.49529416263521e-10,7.15395501875637e-10,1.06783591013892e-09,1.05880989441204e-09,1.20992647515809e-09
5.6976267082292e-09,1.50810109098463e-08,3.39044828793474e-08,1.29727581722991e-08,2.86000118141474e-08,2.50861172291271e-08,1.18623500770749e-08,2.63861609649747e-08,1.19913252781089e-08,2.16817591683667e-08,2.27848874458462e-08,1.85245630074635e-08,2.1429949116915e-08,9.47208521124552e-09,4.73399802489514e-09,1.83164897949565e-08,9.34966008153784e-09,1.79502446238202e-08,7.82642680520769e-09,3.84486357567619e-09,3.01354112371776e-09,7.53704209619431e-09,4.11836122526941e-09,7.44109464059005e-09,2.95982880152873e-09,2.56042615293006e-09,1.4767306919265e-09,3.27371115625484e-09,2.86137859584835e-09,3.42730633443117e-09,2.28689405875183e-09,1.41498963710635e-09,1.19885583624896e-09,2.5239265080104e-09,1.60382074867872e-09,2.86032653394839e-09,1.2933835997544e-09,1.05735223330445e-09,7.90826004860232e-10,1.4745202551389e-09,9.79853340593194e-10,1.26440389277914e-09,1.11128316467273e-09,7.76958693043223e-10,8.88534383528768e-10,1.0203366986838e-09,8.56404022103545e-10,1.10215881096265e-09,3.28847158400377e-09,7.42169377837486e-09,1.58614737349243e-08,7.29468116773839e-09,1.28806490423383e-08,1.29065922999241e-08,6.09199057745738e-09,1.33663712507473e-08,5.41409483897995e-09,1.14320920258862e-08,1.1043871192155e-08,8.89229144755829e-09,1.19299836580013e-08,4.42449798275607e-09,2.38828474002209e-09,9.54581428290424e-09,4.53520811800753e-09,9.25622820339602e-09,4.01417753753699e-09,2.10939711013771e-09,1.36378698274754e-09,4.00985349502763e-09,2.00890545525371e-09,3.31125466964466e-09,1.72088304065365e-09,1.39338361903097e-09,1.01014680304703e-09,1.81383969971969e-09,1.54677533993927e-09,1.85704345805723e-09,1.19737435162148e-09,9.58843612212797e-10,8.33392763463601e-10,1.43260889928603e-09,8.80204719235493e-10,1.5090865204031e-09,8.50414559668242e-10,7.04954573062271e-10,7.32014018855624e-10,7.78713670127366e-10,7.76391715674754e-10,1.00855122079307e-09,6.82501818020835e-10,7.90872924636351e-10,5.32250631740107e-10,8.16374645295821e-10,7.47661922655995e-10,8.26694206699318e-10
2.00825760382004e-08,2.62297935988226e-08,1.29727581722991e-08,3.65236969286633e-08,2.13553845776187e-08,3.02795504168954e-08,2.11360688552408e-08,1.02122177561901e-08,6.19501822790163e-09,1.69426657983386e-08,1.02585877950069e-08,1.72360253463469e-08,8.32895509577503e-09,5.0382896990374e-09,4.90251792888523e-09,8.32827556991337e-09,5.4967886767065e-09,8.80168670135939e-09,4.01261820285065e-09,4.21408779139063e-09,2.09569596089878e-09,4.27791134295493e-09,4.77642240932316e-09,4.29884642383145e-09,3.43817301644385e-09,1.84113453466271e-09,1.38842307661397e-09,4.01380329394576e-09,1.91070087321465e-09,4.15104492925759e-09,1.70282466535954e-09,1.28188367525001e-09,1.12034411223373e-09,1.75983462038706e-09,1.50542258786999e-09,1.9312322055453e-09,1.12880159745265e-09,9.52436302647751e-10,9.7123713007508e-10,1.33994697918733e-09,1.15736285342375e-09,1.56282811831929e-09,8.61152567686862e-10,8.57355096926976e-10,6.6953095729235e-10,1.08512029026146e-09,9.31665967057076e-10,1.21179116620783e-09,1.22589214555428e-08,1.3729628048428e-08,6.09545133744977e-09,2.26346265921597e-08,1.11995703064037e-08,1.90597756558188e-08,1.11226866698551e-08,4.77606259608055e-09,2.02362927111519e-09,8.93822817705524e-09,4.21787482572079e-09,7.78674921617831e-09,4.37420100493356e-09,1.68739739744665e-09,3.03026318175596e-09,3.70010874913381e-09,2.3629312609223e-09,3.89945364063346e-09,1.40213645092823e-09,2.73787781146299e-09,1.26249509566991e-09,2.03037009820189e-09,3.35081174661048e-09,2.11790225570456e-09,2.3576573749137e-09,1.1263563238845e-09,7.06174382955094e-10,2.74314671713553e-09,1.09830877090093e-09,2.35644401754424e-09,1.11438224965871e-09,7.87201747723647e-10,7.17352212220951e-10,1.1153211092193e-09,9.05118579041766e-10,1.18274580728125e-09,7.95479633588784e-10,5.94085859901258e-10,8.84872240091251e-10,8.12989166160104e-10,8.8093901869513e-10,1.23245840700756e-09,5.85453329541071e-10,7.27299157907891e-10,7.32336916566128e-10,7.70429639733563e-10,9.19186449299164e-10,9.80856799640122e-10
1.18419565853298e-08,4.50747323565189e-08,2.86000118141474e-08,2.13553845776187e-08,6.65748821859033e-08,3.64496076301334e-08,3.72907602780534e-08,2.16723997656513e-08,1.24477564334011e-08,5.3373935825475e-08,1.87644335064256e-08,4.90066471675821e-08,1.76076915195939e-08,9.7192294439137e-09,5.58225101353363e-09,1.4835176931103e-08,1.03333784903122e-08,1.54506592900824e-08,8.07376581042332e-09,4.67109724119293e-09,3.76063943167506e-09,8.41766005677815e-09,5.01602337270794e-09,8.27599184806817e-09,3.55953483498562e-09,3.15983160052578e-09,2.06868917214602e-09,3.96534399595745e-09,3.58471384117312e-09,4.24011228565987e-09,2.82967820354624e-09,1.88806699645663e-09,1.68249728685861e-09,3.15123030773665e-09,2.23095824086893e-09,3.52888679868515e-09,1.74224461894672e-09,1.5175775892897e-09,1.11326415890501e-09,2.02458752543555e-09,1.6000001289779e-09,1.93381718186881e-09,1.46779916997515e-09,1.12015441563545e-09,1.36575478825322e-09,1.57862902029177e-09,1.29979004551522e-09,1.71998648839585e-09,6.51758233408382e-09,1.5829122895325e-08,1.34875462926914e-08,1.21268739469087e-08,2.4646779538805e-08,1.89338140465661e-08,1.28843710180999e-08,1.11918297320481e-08,4.53264668107603e-09,2.10937169487278e-08,8.60671366697261e-09,1.5913384535767e-08,9.83517638852719e-09,3.87358659083858e-09,1.71767663198907e-09,7.25350612279607e-09,4.11948645725598e-09,7.03306926696294e-09,3.48762474667155e-09,1.71092930035511e-09,1.18385186065178e-09,3.72257585539001e-09,1.95582751864476e-09,3.55306193433259e-09,1.68049387237757e-09,1.22247956473681e-09,1.85199748998909e-09,1.8175064707886e-09,1.9283318943392e-09,2.35595445645692e-09,1.275546463731e-09,1.56300623779562e-09,1.00101782995483e-09,1.85201688703758e-09,1.23527935482912e-09,1.69438903501084e-09,1.43309626850393e-09,8.97177718775592e-10,7.78613797167073e-10,1.12997393335533e-09,1.09193317922962e-09,1.52969999529946e-09,9.33999667862129e-10,9.15567884870141e-10,7.01161762661085e-10,1.16981497959876e-09,1.09493638771785e-09,1.14618053238515e-09
1.93825942417387e-08,2.1875071496219e-08,2.50861172291271e-08,3.02795504168954e-08,3.64496076301334e-08,4.74626424031927e-08,1.73234217473486e-08,1.89719928399092e-08,1.09632563141554e-08,2.81048529929846e-08,1.64363933746914e-08,2.49885992701954e-08,1.5413710284143e-08,8.74553405500104e-09,4.85840690390054e-09,1.31683679308693e-08,8.86649668722164e-09,1.32364890783275e-08,7.16528976388941e-09,3.97834487983589e-09,3.40667939567256e-09,7.117955860884e-09,4.23944527604249e-09,6.96782554948785e-09,3.12032153733078e-09,2.93841088954271e-09,1.56590220793675e-09,3.38291686058295e-09,3.02189266434497e-09,3.52627705642339e-09,2.69016834642048e-09,1.54850549910424e-09,1.31163230022413e-09,2.81140061424374e-09,1.79732973215228e-09,3.14949272873544e-09,1.41184563126723e-09,1.16296715712661e-09,1.00830693005129e-09,1.6400860120208e-09,1.26798799100606e-09,1.65608265793469e-09,1.13204464739421e-09,9.3329614898264e-10,9.32700553922785e-10,1.21811387584657e-09,1.01773526910879e-09,1.26033432351867e-09,1.22901297115638e-08,1.06829128315483e-08,1.07608299343443e-08,1.94958808791681e-08,1.64428358131175e-08,2.69240227257689e-08,8.75151337342276e-09,9.08756515954163e-09,3.91388642436903e-09,1.43657058921893e-08,7.05849642008864e-09,1.18014436980312e-08,8.20181002647698e-09,3.24895252341706e-09,1.98157099488241e-09,6.01107614930572e-09,3.5741243861531e-09,5.63902617838016e-09,2.93655548540887e-09,1.92883949683724e-09,1.61341109002991e-09,3.33330008738722e-09,2.03841434117554e-09,3.09345954920211e-09,1.78151557714212e-09,1.6252004021306e-09,1.15887435283099e-09,1.92097837746423e-09,1.99678725756608e-09,2.02094876124098e-09,1.52839492137464e-09,1.177413090187e-09,8.80342017174036e-10,1.87757799787278e-09,1.07178559037001e-09,1.8750180473916e-09,1.09199651002061e-09,7.85675981940165e-10,8.62767182092289e-10,9.70257924873469e-10,1.00777454189372e-09,1.27856982451564e-09,7.71699968695506e-10,8.11062270929237e-10,8.0209731785779e-10,9.54165348513998e-10,1.07415603565223e-09,1.15845172432627e-09
9.93821565958943e-09,4.24311539950116e-08,1.18623500770749e-08,2.11360688552408e-08,3.72907602780534e-08,1.73234217473486e-08,5.10832953480304e-08,1.34602526325387e-08,8.360886463944e-09,4.38258191746651e-08,1.38780097167214e-08,4.44615495882315e-08,1.10233317999656e-08,6.60094880055576e-09,5.70059411136771e-09,1.12776225838969e-08,7.317456152446e-09,1.20407306826639e-08,5.45942315412173e-09,4.93400007179849e-09,2.96664231061755e-09,5.92703076105448e-09,5.86436061732107e-09,5.79822372942833e-09,4.03644841030807e-09,2.63462061584086e-09,2.02149185025453e-09,5.04231247397858e-09,2.54314164769928e-09,5.17586105435639e-09,2.26271572555426e-09,1.74980151424883e-09,1.70274665005077e-09,2.22084290518859e-09,2.12306660514477e-09,2.57894529462496e-09,1.54764476675277e-09,1.54277374833917e-09,1.23134140490419e-09,1.89793795733414e-09,1.59854317913062e-09,1.9012466706971e-09,1.41663766303525e-09,1.07071905074604e-09,9.91702570861425e-10,1.46974923539375e-09,1.34646061970494e-09,1.77711063935104e-09,5.52777815409433e-09,1.66695090390326e-08,6.17568791863788e-09,1.195124500534e-08,1.42050464698447e-08,1.01547270207958e-08,2.00343922046811e-08,7.20315915116779e-09,3.41680864146317e-09,1.68104642793705e-08,6.79889441332188e-09,1.44263902364326e-08,6.4734998739333e-09,3.06349922210311e-09,2.84561397333375e-09,5.86686170242644e-09,3.53031466104202e-09,5.98512863651043e-09,2.68210662193026e-09,2.7317542627469e-09,1.32770575673673e-09,3.04078949147417e-09,3.62811002526941e-09,2.48881525486633e-09,2.4701374452638e-09,1.32705975357098e-09,1.51561908710666e-09,3.10762631517662e-09,1.59228457671583e-09,3.06334296386209e-09,1.28323952366782e-09,1.19842452508492e-09,1.11958132726309e-09,1.45523311145238e-09,1.27540782833617e-09,1.48948340286826e-09,1.11119623005414e-09,1.00767146378512e-09,8.51261635719778e-10,1.12818784815362e-09,1.1623917000572e-09,1.42050941195857e-09,1.01155908622169e-09,8.20840254041831e-10,7.35152858331446e-10,1.12135850197888e-09,1.06070879007226e-09,1.32742368656292e-09
4.36681146168359e-09,1.18499102407286e-08,2.63861609649747e-08,1.02122177561901e-08,2.16723997656513e-08,1.89719928399092e-08,1.34602526325387e-08,2.92474108338337e-08,1.32091136033953e-08,2.43817427418456e-08,2.53265707041966e-08,2.09577694760537e-08,2.38100755219265e-08,1.04245887740111e-08,5.11269142220524e-09,2.04553309431733e-08,1.01015765007494e-08,1.98111871562831e-08,8.56647182798867e-09,4.13674348740094e-09,3.36898918038008e-09,8.10193557560013e-09,4.44983493455163e-09,7.91897501608763e-09,3.18293575548758e-09,2.87681427756399e-09,1.63119016714672e-09,3.53405840037296e-09,3.16215858072666e-09,3.63983877973723e-09,2.53770502919965e-09,1.51769931893672e-09,1.27559823541574e-09,2.76389093233677e-09,1.70137199368873e-09,3.13485338913298e-09,1.35698275703429e-09,1.12553138163313e-09,8.6750272269938e-10,1.55000685320223e-09,1.03923871904067e-09,1.30755969592071e-09,1.03205472789226e-09,7.62948427435483e-10,6.37558659847654e-10,9.83025449515432e-10,8.80559424207543e-10,1.11063182025405e-09,2.29452695251079e-09,6.09744673638889e-09,1.33624577088886e-08,5.76954816848419e-09,1.1435418888177e-08,1.0856930189193e-08,7.56979443316548e-09,1.54154709458039e-08,6.4712534998285e-09,1.34135853057366e-08,1.27485267990437e-08,1.07359726079302e-08,1.37916307175783e-08,5.34093802525532e-09,2.40503464845201e-09,1.11397954965989e-08,5.14539579645222e-09,1.06649118874459e-08,4.63941235745935e-09,2.1905723409066e-09,1.62512196685358e-09,4.55733634635233e-09,2.19995209853093e-09,3.53587210940551e-09,1.79588078246202e-09,1.64625842344352e-09,1.04179885444603e-09,1.97550973198508e-09,1.7099495749175e-09,1.94138539825842e-09,1.34988405237825e-09,1.00235422895445e-09,8.7726541652708e-10,1.53595084564168e-09,9.32647342347365e-10,1.61577936241963e-09,8.83082875964553e-10,7.13695203882724e-10,7.37033590445440e-10,8.35583484878693e-10,8.13995087183356e-10,9.87494223064534e-10,6.75164013861011e-10,6.85157098536434e-10,5.46857820978935e-10,7.97401859285195e-10,6.80381805229397e-10,8.21397125423806e-10
4.46812113049115e-09,7.15211010878568e-09,1.19913252781089e-08,6.19501822790163e-09,1.24477564334011e-08,1.09632563141554e-08,8.360886463944e-09,1.32091136033953e-08,3.42941858793902e-08,1.38082922521926e-08,2.69560455083979e-08,2.65101560224653e-08,1.0435239476062e-08,2.67184836651099e-08,1.19125626675747e-08,2.11176285228137e-08,2.26583170894296e-08,1.78663668745942e-08,2.15358518043928e-08,9.34266038811534e-09,4.27068137305088e-09,1.80998957430122e-08,8.86532510479313e-09,1.69169449331183e-08,7.16212598531558e-09,3.34386487371575e-09,2.9404196707965e-09,6.75798138378876e-09,3.13725384816449e-09,6.50919991437199e-09,2.72394570939055e-09,2.59236870881493e-09,1.74365070859432e-09,2.56907101876868e-09,2.84597284626896e-09,2.78269183177864e-09,2.33859881807104e-09,1.58104343276541e-09,1.27970006313914e-09,2.58963089440881e-09,1.7640859499366e-09,2.87462800789154e-09,1.45087577639509e-09,1.12721433283347e-09,1.00156617365363e-09,1.57800881397296e-09,1.25368099221957e-09,1.77587525287061e-09,2.52991480582731e-09,4.29242289001462e-09,5.97539054691616e-09,3.76189975626089e-09,7.26892565606409e-09,6.89630696410351e-09,4.98627029430109e-09,6.54905462948527e-09,1.63918168758886e-08,8.61816400107769e-09,1.22617711499906e-08,1.42976763034293e-08,5.925527097109e-09,1.37690220207992e-08,6.84719125943407e-09,1.11150095377729e-08,1.17842600977937e-08,9.33432794343133e-09,1.09899410752638e-08,5.46343361673918e-09,2.60250688378764e-09,9.57302596947538e-09,4.79164041958669e-09,7.58992668573507e-09,4.35809122413733e-09,2.3910045713868e-09,1.46189994011304e-09,3.97127839743161e-09,1.91257166543206e-09,3.37015373205034e-09,1.93673404611194e-09,1.26069059816737e-09,1.16112456603431e-09,1.73040584022903e-09,1.55250363289574e-09,1.56573097386054e-09,1.16311009224429e-09,1.02972597957587e-09,9.92506346821227e-10,1.4517886629706e-09,1.18213766097494e-09,1.76219547961876e-09,9.94405116564928e-10,8.6579435104923e-10,7.74115809315166e-10,9.91450468043894e-10,1.06975928793332e-09,1.39007511211151e-09
9.38499987249416e-09,3.72820870830406e-08,2.16817591683667e-08,1.69426657983386e-08,5.3373935825475e-08,2.81048529929846e-08,4.38258191746651e-08,2.43817427418456e-08,1.38082922521926e-08,6.15985321343453e-08,2.1272192165521e-08,5.62835492527139e-08,1.9874773104342e-08,1.08119024156186e-08,5.92983370364975e-09,1.70044735439273e-08,1.12434352799563e-08,1.74981942926954e-08,8.93892833268094e-09,4.95371879415458e-09,4.26602493569801e-09,9.12031382631838e-09,5.52655701427234e-09,8.933171739315e-09,3.8229952816195e-09,3.64722487367108e-09,2.32498028552336e-09,4.44986822631913e-09,4.02823586504429e-09,4.54791649456627e-09,3.20018693365789e-09,2.09545804949183e-09,1.91962430455798e-09,3.51431739699737e-09,2.45778715052634e-09,3.92434535319279e-09,1.92089831081157e-09,1.7591234962602e-09,1.2369751853352e-09,2.24217349911904e-09,1.66887480886953e-09,2.036138273915e-09,1.58662707316347e-09,1.0664880102684e-09,1.09575533046081e-09,1.52701419709102e-09,1.37103018878021e-09,1.79861829499049e-09,5.0177819455406e-09,1.28963375159402e-08,1.11883758990379e-08,9.67533902169618e-09,2.11017267245527e-08,1.56633552576796e-08,1.53666385500654e-08,1.30016726772142e-08,5.91191857859196e-09,2.39628193988181e-08,1.03753519199318e-08,1.93727798054708e-08,1.15533310276323e-08,5.0344134917945e-09,1.84856944754649e-09,8.87820601442816e-09,4.91867304371224e-09,8.49706089893415e-09,4.36210368700295e-09,1.84485236727672e-09,1.45201733424183e-09,4.5109246025947e-09,2.25553438815657e-09,3.88344431914552e-09,1.81619368761054e-09,1.50002759869263e-09,1.92904328057986e-09,2.13536796360297e-09,2.03252453835925e-09,2.52053926353635e-09,1.4627098097361e-09,1.63453270230014e-09,1.24158677873715e-09,1.87794773378715e-09,1.44280282220098e-09,1.7474641377046e-09,1.50977352222362e-09,1.14494427764175e-09,7.16813569801247e-10,1.32012028145217e-09,1.16943474032435e-09,1.43644102659938e-09,1.07771832346235e-09,7.22847889983511e-10,6.92470524557018e-10,1.12366799560857e-09,1.05185229649503e-09,1.27183464872638e-09
5.20268725736587e-09,1.18445721946266e-08,2.27848874458462e-08,1.02585877950069e-08,1.87644335064256e-08,1.64363933746914e-08,1.38780097167214e-08,2.53265707041966e-08,2.69560455083979e-08,2.1272192165521e-08,4.39453598973794e-08,3.77322876598992e-08,2.04614674683857e-08,2.11089144881937e-08,1.10148873289645e-08,3.50196061404226e-08,1.77480136058572e-08,3.03652462131077e-08,1.70478103176922e-08,8.68891599386808e-09,4.50201355188702e-09,1.41857592012574e-08,8.52984852299515e-09,1.33352166838821e-08,6.73956613012815e-09,3.56700464415254e-09,3.47164812787521e-09,6.59567105388862e-09,3.42970862566966e-09,6.36235674242624e-09,2.8751423544946e-09,3.0408194033607e-09,2.0206066403518e-09,2.77833710834683e-09,3.38666145898349e-09,3.00914931725853e-09,2.6536355556666e-09,1.76553136262573e-09,1.45128893793899e-09,3.03502383047313e-09,1.9200604309005e-09,3.15333233443198e-09,1.62294346535233e-09,1.2858385720185e-09,1.09842380268233e-09,1.8084531996988e-09,1.4536390231032e-09,1.93344067505685e-09,2.75758768885019e-09,6.14137790843195e-09,1.1693240032697e-08,5.95151553905494e-09,1.10566286372636e-08,1.01396450148122e-08,7.64876388038174e-09,1.32639332638221e-08,1.35373735221405e-08,1.30261950577383e-08,2.0917447655083e-08,2.02867148337206e-08,1.17762873430035e-08,1.15929002510219e-08,6.14177614832502e-09,1.84870550465351e-08,9.62169909799143e-09,1.60562908405774e-08,9.69350683101594e-09,4.85454870023875e-09,2.99926323817074e-09,8.04530243158001e-09,5.0579984656344e-09,6.7716754509065e-09,3.8734668181742e-09,2.617086501017e-09,1.87136406259945e-09,4.05297443123321e-09,2.16869135142277e-09,3.35996006705521e-09,2.13022851790671e-09,1.58116305585084e-09,1.28534256909914e-09,1.96998969329894e-09,1.90890636340031e-09,1.64826878741628e-09,1.37086948726015e-09,1.05462447447718e-09,1.24261108935201e-09,1.70444058181045e-09,1.29914008921604e-09,1.93837428118326e-09,9.92272098139274e-10,1.07925889325322e-09,8.14422895271123e-10,1.16785631260712e-09,1.1381137892993e-09,1.28704271838633e-09
1.0205869771095e-08,3.7677733324188e-08,1.85245630074635e-08,1.72360253463469e-08,4.90066471675821e-08,2.49885992701954e-08,4.44615495882315e-08,2.09577694760537e-08,2.65101560224653e-08,5.62835492527139e-08,3.77322876598992e-08,8.07078459492921e-08,1.68273885273062e-08,2.09604442526918e-08,1.17825764534197e-08,2.99339939985716e-08,1.86504495827234e-08,2.69355490624898e-08,1.70480721853562e-08,9.45350277509032e-09,5.38400255370333e-09,1.50458597318242e-08,9.60312440435337e-09,1.43017000219549e-08,7.31175836105144e-09,4.34776520437676e-09,4.30039694101992e-09,7.51791581321977e-09,4.15360716242559e-09,7.16110449394462e-09,3.3975297261219e-09,3.69079188839513e-09,2.94127244614522e-09,3.26815744057631e-09,4.39874698362274e-09,3.61288209811793e-09,3.27455254121614e-09,2.62107130070806e-09,1.90311707840119e-09,3.93715264739076e-09,2.75158221341761e-09,4.11485407630843e-09,2.41711840838282e-09,1.65622549672443e-09,1.60348580475845e-09,2.53379141093762e-09,2.0135182369361e-09,2.89528861831387e-09,5.56667413655125e-09,1.23213810955186e-08,9.90452457761667e-09,9.78481013504579e-09,2.03636096926501e-08,1.50351263333404e-08,1.52839599548882e-08,1.12079200716169e-08,1.24147181773286e-08,2.37761896797718e-08,1.68077870031372e-08,3.23133122204988e-08,9.78972687495084e-09,1.10196619516354e-08,5.91369827678589e-09,1.48987739901477e-08,9.60518573092446e-09,1.32240679286808e-08,9.2486445782368e-09,4.83875894819415e-09,2.86497635598989e-09,8.16247638208653e-09,5.20307545465978e-09,7.10298670921873e-09,3.96974235906988e-09,2.62106002031718e-09,2.77297101093026e-09,4.22132230971563e-09,2.49130601839849e-09,3.73855245488523e-09,2.22141426139049e-09,2.14455183428466e-09,1.84979227329366e-09,2.25320685810526e-09,2.20577541615372e-09,1.76549598716636e-09,1.95772088869357e-09,1.6902163154596e-09,1.31376659540607e-09,2.04639869209486e-09,1.88543322228681e-09,2.59509965524051e-09,1.69825456873049e-09,1.15938309166916e-09,9.47758719369029e-10,1.71465215634003e-09,1.56587490376392e-09,2.14351958771711e-09
3.65261472560333e-09,9.61097048887551e-09,2.1429949116915e-08,8.32895509577503e-09,1.76076915195939e-08,1.5413710284143e-08,1.10233317999656e-08,2.38100755219265e-08,1.0435239476062e-08,1.9874773104342e-08,2.04614674683857e-08,1.68273885273062e-08,2.97658392494215e-08,1.26419810488498e-08,6.30867286702512e-09,2.57516492255544e-08,1.24336634150677e-08,2.50777683926454e-08,1.03488094715355e-08,5.13673954051749e-09,4.24782199265412e-09,1.00193390648587e-08,5.4774252290226e-09,9.84853701603655e-09,4.02973235174981e-09,3.57992093223272e-09,1.92934190328248e-09,4.42576223613116e-09,3.81944081199516e-09,4.49696952192489e-09,3.08864582802275e-09,1.77472945263558e-09,1.44882764741441e-09,3.31791091851106e-09,1.90731787374796e-09,3.65525128431997e-09,1.53893265506322e-09,1.26523815906838e-09,1.16100214006468e-09,1.70493635047647e-09,1.265885600283e-09,1.56383958773546e-09,1.14926046578984e-09,1.04343474999812e-09,8.80661186554396e-10,1.18743792245084e-09,1.18603162127986e-09,1.40616533368126e-09,1.9186192139954e-09,5.57655927170225e-09,1.1900124538051e-08,5.36488100102532e-09,9.91425873402639e-09,9.28476587020381e-09,6.51986084212989e-09,1.37801136195411e-08,5.33255003117975e-09,1.13637565916149e-08,1.11291508536001e-08,8.90203548939081e-09,1.83592350570078e-08,7.41236213981254e-09,3.09085380905119e-09,1.59551553574251e-08,6.91825799101822e-09,1.50713913782466e-08,6.2745736764912e-09,2.61640545042271e-09,2.05767861976526e-09,5.85295837242758e-09,2.7986631269099e-09,5.0184834882301e-09,2.07209626456794e-09,2.0023597792707e-09,1.25829262153396e-09,2.47373261268614e-09,2.0096232218253e-09,2.3299958083286e-09,1.63206701394718e-09,1.17518750383533e-09,9.60336952445374e-10,1.81241877939553e-09,1.11310815277712e-09,1.94985077274912e-09,1.0326594091231e-09,8.08187782901208e-10,9.70027768951855e-10,9.86806060010077e-10,9.03925485876843e-10,1.22468474701445e-09,7.34240048430386e-10,9.47182417436621e-10,7.20464839887349e-10,8.94006692377947e-10,9.09496731541465e-10,9.70298139907029e-10
3.65203048337264e-09,5.55108674663309e-09,9.47208521124552e-09,5.0382896990374e-09,9.7192294439137e-09,8.74553405500104e-09,6.60094880055576e-09,1.04245887740111e-08,2.67184836651099e-08,1.08119024156186e-08,2.11089144881937e-08,2.09604442526918e-08,1.26419810488498e-08,3.17889957531161e-08,1.40975248395152e-08,2.57418530828063e-08,2.68497650348955e-08,2.18726160098809e-08,2.57080217443494e-08,1.09738535631275e-08,5.15336990653698e-09,2.14655564947656e-08,1.04539897860856e-08,2.03034948521388e-08,8.55842475412798e-09,4.01253271162094e-09,3.50632092849496e-09,8.11785702969547e-09,3.81528005501597e-09,7.77341390579249e-09,3.21179276160403e-09,3.02642000810935e-09,1.95997635083059e-09,3.10911960209626e-09,3.32745883563466e-09,3.30119255553495e-09,2.72312586194745e-09,1.72726846063706e-09,1.49516519370502e-09,2.98437992117549e-09,1.93075806404172e-09,3.2462404868423e-09,1.58919909603237e-09,1.33574919558331e-09,1.12193835838821e-09,1.74190031855075e-09,1.47436673859456e-09,1.97279924187104e-09,2.0040362335684e-09,3.62661686154842e-09,5.37442219165165e-09,3.42932478536391e-09,6.19047728349879e-09,5.83162793223082e-09,4.14498406866772e-09,5.90814525635836e-09,1.37535955848372e-08,7.15078237576931e-09,1.10968270794231e-08,1.22201069211516e-08,7.97284671371547e-09,1.72555686084822e-08,8.03438566553626e-09,1.42430387673478e-08,1.44733757994543e-08,1.22336694611601e-08,1.38948121964342e-08,6.27370685168284e-09,2.81564336373534e-09,1.16427626446189e-08,6.185246824741e-09,1.01402284737336e-08,4.99152463070954e-09,2.56609761922857e-09,1.74360917038227e-09,5.11998615197504e-09,2.32354229860078e-09,4.25043736792928e-09,2.07089933544897e-09,1.50073960039001e-09,1.13213386574097e-09,2.08539153801035e-09,1.82947860388635e-09,1.83263436593596e-09,1.37763965758461e-09,9.96273039778923e-10,1.15108807470888e-09,1.69891373902864e-09,1.12915796944829e-09,1.97213176559609e-09,9.42742563151327e-10,1.02880431988826e-09,9.03806452701798e-10,9.78383750804766e-10,1.32132543791397e-09,1.32822972209933e-09
2.31376240318864e-09,5.02482776662341e-09,4.73399802489514e-09,4.90251792888523e-09,5.58225101353363e-09,4.85840690390054e-09,5.70059411136771e-09,5.11269142220524e-09,1.19125626675747e-08,5.92983370364975e-09,1.10148873289645e-08,1.17825764534197e-08,6.30867286702512e-09,1.40975248395152e-08,3.63881530946086e-08,1.34110416368748e-08,2.79437938970715e-08,2.66789711986336e-08,1.09794408418922e-08,2.88489453071887e-08,1.08970579448385e-08,2.217576277117e-08,2.234162642477e-08,1.68478375786595e-08,2.25889117033639e-08,8.09510012331719e-09,4.16528767712135e-09,1.71165701867487e-08,7.75232345162979e-09,1.67893484418953e-08,6.24744198775367e-09,3.24401967707144e-09,4.26007177052308e-09,5.93080412137959e-09,3.44447105401643e-09,5.95048594984066e-09,2.78534688568853e-09,3.5983800749623e-09,1.63628643321109e-09,2.98669028381775e-09,3.89087470606543e-09,3.34513373761841e-09,3.25100752535835e-09,1.47473576569592e-09,1.35389495223159e-09,3.53614137879059e-09,1.69648323258139e-09,3.94140840978181e-09,1.17419872350439e-09,3.28043833559972e-09,2.32290483228331e-09,3.22396404477698e-09,3.24590357082805e-09,2.7313815309244e-09,3.56757692946791e-09,2.51740493276265e-09,6.88784270484028e-09,3.41991452861423e-09,5.89450437131397e-09,7.14015362708308e-09,3.62227834650477e-09,8.55775943131245e-09,2.00605453607235e-08,7.63134105830285e-09,1.59058560859142e-08,1.33450715029542e-08,6.91770385978759e-09,1.65547532513085e-08,5.52952399788656e-09,1.30526262827764e-08,1.36732530890133e-08,1.0470226294141e-08,1.35404149128213e-08,4.65918949748794e-09,2.50288947597693e-09,1.09167128413824e-08,4.44186162444469e-09,9.99854485835575e-09,3.8571418159412e-09,2.08839763902457e-09,2.44500793232e-09,3.87521427487335e-09,1.90002705956212e-09,3.34508356508935e-09,1.73237808454442e-09,1.95389573959947e-09,1.10670083593944e-09,1.61150161864563e-09,2.21365547879375e-09,2.01905728728209e-09,1.82151807408736e-09,9.14742538557071e-10,1.01773315617062e-09,1.91892259870207e-09,1.30037921476324e-09,2.46723523698753e-09
4.32241682250918e-09,9.41948783527701e-09,1.83164897949565e-08,8.32827556991337e-09,1.4835176931103e-08,1.31683679308693e-08,1.12776225838969e-08,2.04553309431733e-08,2.11176285228137e-08,1.70044735439273e-08,3.50196061404226e-08,2.99339939985716e-08,2.57516492255544e-08,2.57418530828063e-08,1.34110416368748e-08,4.38537642003035e-08,2.17997724332146e-08,3.82022334780686e-08,2.07280834084589e-08,1.0448085762111e-08,5.48836597847226e-09,1.7373514840762e-08,1.02621829264374e-08,1.65402013804276e-08,8.28620708259989e-09,4.28375269144097e-09,3.91298932108828e-09,8.122860051989e-09,4.20258202066149e-09,7.86684347844843e-09,3.39122728690615e-09,3.38163856500689e-09,2.24204046936318e-09,3.36924748021694e-09,3.72508701713871e-09,3.52188279285441e-09,2.9256395586852e-09,1.93056105663403e-09,1.77033878113116e-09,3.30263129486343e-09,2.1976879018761e-09,3.52789756736333e-09,1.76593362914453e-09,1.59236964512878e-09,1.34508356202334e-09,2.05585374446617e-09,1.77181257721845e-09,2.23807607334961e-09,2.17453423142595e-09,5.37979918425597e-09,1.02249898959848e-08,5.25830377616987e-09,9.24576185833091e-09,8.56912219165599e-09,6.61829128820058e-09,1.17568497046173e-08,1.15771493659452e-08,1.09191905007769e-08,1.84678699354766e-08,1.7299290957777e-08,1.6193997475423e-08,1.51221360280469e-08,7.30651524185276e-09,2.52442463445433e-08,1.22142531845876e-08,2.15452319314322e-08,1.2567162694577e-08,5.58052859524425e-09,3.26990855547416e-09,9.95187868302205e-09,6.35170384558378e-09,9.04167706010894e-09,4.44776616436157e-09,2.80180819913778e-09,2.18659678283884e-09,5.12519993038379e-09,2.589596139399e-09,4.35936547134031e-09,2.20648924821664e-09,1.82678970673792e-09,1.30056012359949e-09,2.24501451153622e-09,2.13072664447609e-09,1.90218146123226e-09,1.58923145512065e-09,1.09337624241039e-09,1.43742346635639e-09,1.88775216040003e-09,1.22932311141298e-09,2.16568926441563e-09,1.00045524947614e-09,1.31355154050339e-09,1.01778028910561e-09,1.12703328870734e-09,1.39805332400598e-09,1.37799448340669e-09
4.05352408048795e-09,6.4478527990786e-09,9.34966008153784e-09,5.4967886767065e-09,1.03333784903122e-08,8.86649668722164e-09,7.317456152446e-09,1.01015765007494e-08,2.26583170894296e-08,1.12434352799563e-08,1.77480136058572e-08,1.86504495827234e-08,1.24336634150677e-08,2.68497650348955e-08,2.79437938970715e-08,2.17997724332146e-08,4.47242040807394e-08,3.7598320116776e-08,2.14702824155023e-08,2.21731288571828e-08,9.94526646676254e-09,3.56661048563924e-08,1.6855174456615e-08,2.85638234451737e-08,1.70059445576038e-08,7.29031438669282e-09,3.69104294973727e-09,1.25962900565357e-08,6.68629748635476e-09,1.19663518982151e-08,5.59742006955203e-09,2.88244500762725e-09,4.28158637952522e-09,5.10611932819241e-09,3.34082743226735e-09,5.34662637893802e-09,2.53828893642853e-09,3.54205785632981e-09,1.75870748994827e-09,2.89593747066105e-09,3.76743406101681e-09,3.22036219071101e-09,3.20798465161422e-09,1.58571596542005e-09,1.317290113684e-09,3.43560086057961e-09,1.79824102339327e-09,3.8136593035986e-09,2.21453774496572e-09,3.70233501933477e-09,4.83670665354728e-09,3.79048148520473e-09,6.46938015825495e-09,5.75787658572895e-09,4.08526831235695e-09,5.165655182663e-09,1.16431592051756e-08,7.09016168719321e-09,9.18012292874577e-09,1.12998879495694e-08,7.43014912225735e-09,1.50368429738359e-08,1.55128958556079e-08,1.25613667060633e-08,2.39741240651046e-08,1.9252310240967e-08,1.22782445467719e-08,1.26377890224414e-08,4.80496001752033e-09,1.96912436928961e-08,9.8627989513837e-09,1.56205179518129e-08,1.00684231485965e-08,4.12741829885367e-09,1.86901809337003e-09,7.75813364163531e-09,3.92460982583521e-09,6.85163451453088e-09,3.36154399326999e-09,1.53985156389438e-09,2.39889217064407e-09,3.40309711787056e-09,1.7205247381585e-09,3.06241197013851e-09,1.32442902864777e-09,1.94928752966618e-09,1.19883493332386e-09,1.50463439254842e-09,1.98827864220957e-09,1.86698260395602e-09,1.80776929952615e-09,1.01894345391423e-09,9.70420558911251e-10,1.73631465819024e-09,1.22221209289079e-09,2.14995985255124e-09
5.01828190493131e-09,1.02854082732556e-08,1.79502446238202e-08,8.80168670135939e-09,1.54506592900824e-08,1.32364890783275e-08,1.20407306826639e-08,1.98111871562831e-08,1.78663668745942e-08,1.74981942926954e-08,3.03652462131077e-08,2.69355490624898e-08,2.50777683926454e-08,2.18726160098809e-08,2.66789711986336e-08,3.82022334780686e-08,3.7598320116776e-08,5.8263132764105e-08,1.74250880425333e-08,2.11273169309394e-08,9.91462477116619e-09,2.99875775065969e-08,1.62115125744011e-08,2.39020244233103e-08,1.63760605105841e-08,7.32165773618334e-09,4.18678670398844e-09,1.23793070588629e-08,7.012515206896e-09,1.191606083548e-08,5.50189080190878e-09,3.26094049724605e-09,4.66089779232639e-09,5.24957547791511e-09,3.63452615042318e-09,5.37474788332378e-09,2.81581894048479e-09,3.96881929338887e-09,2.15693503372725e-09,3.16095169695628e-09,4.1406801080471e-09,3.49553741270067e-09,3.55812490811943e-09,1.94239421520834e-09,1.61411960976137e-09,3.77180722062918e-09,2.1992521630086e-09,4.31323537333073e-09,2.36583838094456e-09,4.98694287117183e-09,9.66029983614219e-09,5.02387814567767e-09,9.56858545556873e-09,8.52436690687296e-09,6.2603506653288e-09,1.107425622981e-08,9.7082647985818e-09,1.08388513167984e-08,1.60613025642212e-08,1.5674317380452e-08,1.5797725323293e-08,1.31646672893494e-08,1.38539099572153e-08,2.26055747869008e-08,2.04419256599197e-08,3.0986189790106e-08,1.09125383481711e-08,1.10341259261923e-08,4.66284162584625e-09,1.68556515937412e-08,9.09353304513268e-09,1.34452028098923e-08,8.87381326861853e-09,3.97000278426173e-09,2.17469895334067e-09,7.23867041686845e-09,3.81912650827634e-09,6.40948587204926e-09,3.11031530304789e-09,1.89595019148043e-09,2.45884515548622e-09,3.25404600024106e-09,1.94091397970154e-09,2.82210030156785e-09,1.58697859057103e-09,1.95185728376069e-09,1.54819345451825e-09,1.61214938346932e-09,2.13851608354421e-09,2.06700120017795e-09,1.77834160427319e-09,1.36239573612182e-09,1.2254061022333e-09,1.86624621201184e-09,1.54174114785614e-09,2.38661262796528e-09
3.10295220929824e-09,4.5553704482692e-09,7.82642680520769e-09,4.01261820285065e-09,8.07376581042332e-09,7.16528976388941e-09,5.45942315412173e-09,8.56647182798867e-09,2.15358518043928e-08,8.93892833268094e-09,1.70478103176922e-08,1.70480721853562e-08,1.03488094715355e-08,2.57080217443494e-08,1.09794408418922e-08,2.07280834084589e-08,2.14702824155023e-08,1.74250880425333e-08,3.05400436859964e-08,1.26563138324518e-08,5.93532344517305e-09,2.53052159123534e-08,1.19748739575595e-08,2.38921611186633e-08,1.0031063756572e-08,4.6478577036073e-09,4.01569925118339e-09,9.43905777648369e-09,4.49176021885924e-09,9.12620139688052e-09,3.80269549064865e-09,3.44155694716466e-09,2.34925140165019e-09,3.72247531991472e-09,3.83786443327204e-09,3.98508637704791e-09,3.03523166461228e-09,2.01789459503578e-09,1.6086947547024e-09,3.35928969745833e-09,2.21155281831347e-09,3.6615669838689e-09,1.82207838490917e-09,1.41215481774383e-09,1.27472974176628e-09,1.96284489101914e-09,1.60682949174783e-09,2.26419192902621e-09,1.6878878910787e-09,3.28988076969211e-09,4.74044031960508e-09,2.99310962029639e-09,5.39321440491218e-09,4.95881229045713e-09,3.62347361460719e-09,5.07558732089686e-09,1.09606676990489e-08,6.24026387306843e-09,9.00905520061845e-09,1.03415886861674e-08,6.78372985970046e-09,1.38918492668266e-08,6.27240642958627e-09,1.16017031755921e-08,1.16401236338566e-08,1.00612893672639e-08,1.7083017172021e-08,8.0071789206115e-09,3.23833935665264e-09,1.39569790688083e-08,7.52969063965245e-09,1.19949021992881e-08,6.43851827045586e-09,2.96987012352850e-09,2.03070479128746e-09,6.28847449382777e-09,2.58090794950014e-09,5.64001447486026e-09,2.46944358732435e-09,1.72381263109552e-09,1.37007157305237e-09,2.32108240027936e-09,2.13394186058775e-09,2.02781073385068e-09,1.57108419529652e-09,1.24507007171735e-09,1.29252734495933e-09,1.9630691144345e-09,1.38520286340062e-09,2.19024270459111e-09,1.14997122674775e-09,1.10820116985665e-09,1.04328844832225e-09,1.17160707591071e-09,1.4681056763568e-09,1.58869922608972e-09
