5.44812495464133e-08,2.58451145448308e-08,1.24818748780184e-08,4.25841709591354e-08,2.4994196202919e-08,4.01230491307244e-08,2.3638494344229e-08,1.12768754631337e-08,1.08044468752116e-08,2.27455241586414e-08,1.18772377013111e-08,2.21091717827383e-08,1.06186801111893e-08,1.0367547578297e-08,7.71814940652648e-09,1.12430328282731e-08,1.17186486204981e-08,1.19195973248059e-08,9.6130582988423e-09,7.12004043568806e-09,5.28317322542339e-09,1.08282445361821e-08,7.01437651980598e-09,1.0681133910601e-08,6.87419211151956e-09,4.78161661688297e-09,4.06937043611044e-09,6.54047627472913e-09,4.92497779568545e-09,6.54027348597879e-09,4.69425466884414e-09,3.98373461587566e-09,3.64500439725642e-09,4.78001585329426e-09,4.61855258343894e-09,5.8135440442038e-09,3.33260282245299e-09,3.12939705062147e-09,3.58275275299778e-09,3.88537364920258e-09,4.18648620995681e-09,5.09935607462845e-09,2.90707665281234e-09,2.99383165471823e-09,2.85208759643969e-09,3.65639858326859e-09,3.39771989067288e-09,3.99380123698936e-09,4.53013029045754e-08,1.93940127862339e-08,9.72663089102689e-09,3.67495014037797e-08,1.83702337271943e-08,3.48914299378226e-08,1.76630396336266e-08,8.7939617889806e-09,8.17305808951877e-09,1.66933169516947e-08,9.61509514472107e-09,1.66717814950555e-08,8.27484580181238e-09,7.86934939364777e-09,5.78759132383293e-09,9.09415134278749e-09,9.25263571539436e-09,9.44559166901945e-09,7.24210442225615e-09,5.24017606848032e-09,4.0070006772101e-09,8.50868928561851e-09,5.09052946726344e-09,7.87184513719264e-09,5.02033415056512e-09,3.60137365583479e-09,3.13223478600446e-09,4.75361338648901e-09,4.25872551258973e-09,5.3054200286062e-09,3.57237436457002e-09,3.07334764066514e-09,2.95543290817898e-09,4.21033593940745e-09,3.41082777363451e-09,4.84659879948915e-09,2.59841328191338e-09,2.3753697905975e-09,2.80708673370996e-09,2.84751456499171e-09,3.15759949007977e-09,3.79681466886488e-09,2.1892596170138e-09,2.34181326642693e-09,2.33102491461632e-09,2.82773965001158e-09,2.81111620007018e-09,3.19678211679402e-09
2.58451145448308e-08,1.28855337541593e-07,3.1855518675637e-08,4.89593516931585e-08,1.14601566050994e-07,4.08540404678706e-08,1.16797529550798e-07,2.81983390986702e-08,1.51055532766257e-08,1.0318345142078e-07,2.64498839667099e-08,9.3175710337188e-08,2.5665548551992e-08,1.33332925122009e-08,1.54087648749803e-08,2.37482668040168e-08,1.45240633111019e-08,2.36276655129295e-08,1.22294573481709e-08,1.40484409944236e-08,9.01231313467929e-09,1.29308731566333e-08,1.43694685452186e-08,1.3189007970487e-08,1.36967501300198e-08,8.78479937194167e-09,7.12864101503232e-09,1.39837338829806e-08,9.90424629627872e-09,1.4735079356336e-08,8.69231947536083e-09,6.83422936291424e-09,6.79114665567186e-09,9.45316244447728e-09,8.51742797750813e-09,1.11317765755634e-08,5.76962068936492e-09,5.74092153528873e-09,5.98296189862264e-09,7.01818381315141e-09,7.00003205879951e-09,8.42678076929009e-09,5.58391813586814e-09,5.57724493589344e-09,5.28133471384856e-09,6.81765931091297e-09,6.78640258090851e-09,8.19148408134552e-09,2.09896742659184e-08,6.9826737701441e-08,2.44876527404889e-08,3.99406430953493e-08,5.86626440568577e-08,3.39382064342239e-08,6.32951160541521e-08,2.20341026341669e-08,1.23404270393866e-08,5.34110779379414e-08,2.16174528896736e-08,4.89663832725356e-08,2.03362603780933e-08,1.06964261523937e-08,1.13195881647368e-08,1.95387447459321e-08,1.19292577906459e-08,1.93821000064771e-08,9.63302976099744e-09,1.02154029970913e-08,7.22159755625207e-09,1.03711652297082e-08,1.12001730436144e-08,1.06424376614997e-08,1.01340335687594e-08,7.06253583342146e-09,5.70991531134083e-09,1.10774639995858e-08,8.24906703082041e-09,1.13261500833048e-08,7.03511023900318e-09,5.46411896913709e-09,5.11688677170983e-09,7.97277954372043e-09,7.02949153683283e-09,9.36282355704436e-09,4.44113697275769e-09,4.41079602136534e-09,4.42159045039137e-09,5.77919161158165e-09,5.15781039289703e-09,6.62652629985327e-09,4.33219904276437e-09,4.09939968839214e-09,4.48423516027195e-09,4.97083761281792e-09,5.39361700438471e-09,6.41644689795927e-09
1.24818748780184e-08,3.1855518675637e-08,6.27299869777084e-08,2.46657975868103e-08,5.43163168583908e-08,4.40639586924358e-08,2.82155653724599e-08,5.45859519784194e-08,2.46175878933128e-08,4.66866848515313e-08,4.49663798412417e-08,3.83389168666336e-08,5.0744249628955e-08,2.2652533994556e-08,1.16256173132398e-08,4.14725343734367e-08,2.11096821978317e-08,3.82746787845852e-08,2.09252910776527e-08,1.06547544713562e-08,9.1430988626846e-09,1.93928910804444e-08,1.03255087503425e-08,1.79001009001818e-08,1.00313572197538e-08,8.86218784747515e-09,6.02720004985672e-09,9.69214709797763e-09,9.45297176322302e-09,9.82943653146266e-09,8.65826131704217e-09,5.85145493307622e-09,5.39320342169541e-09,9.16789633865354e-09,6.81106930405349e-09,1.06977076731125e-08,5.29699337848472e-09,4.7278425311963e-09,4.52005990850357e-09,6.06947280864812e-09,5.28015654828823e-09,6.46540624591906e-09,4.92389760046311e-09,4.49545115156658e-09,4.07874563552550e-09,5.77291506566277e-09,5.25254885412021e-09,6.77732741191933e-09,9.26749719140371e-09,2.25071848549603e-08,4.66682604650894e-08,1.84856528919365e-08,3.93086260706323e-08,3.35403371232336e-08,1.992492007158e-08,4.11941239696771e-08,2.11139791589345e-08,3.45374752411157e-08,3.5812173829234e-08,3.02704006861967e-08,3.83659290059485e-08,1.93135035014957e-08,9.09027593566729e-09,3.3011572249965e-08,1.79452406166652e-08,3.03626774132969e-08,1.78377019454425e-08,8.55582665548452e-09,6.22911257172239e-09,1.66610474002008e-08,8.50932427522295e-09,1.57803548920605e-08,8.0033201651121e-09,6.00487093818232e-09,4.73572571410177e-09,7.97456266825509e-09,7.01127824642417e-09,7.98003148644237e-09,5.85933692544227e-09,4.55655285597252e-09,4.49047007856111e-09,6.72846914377859e-09,5.36518569077326e-09,8.00563748543433e-09,4.10101691380564e-09,3.83489067188239e-09,3.78871011231285e-09,4.6632442567222e-09,4.22983786935902e-09,4.88384587725508e-09,3.83680023902285e-09,3.71059703153406e-09,3.53865696012327e-09,4.44004751371168e-09,4.58402695072109e-09,5.41240574442024e-09
4.25841709591354e-08,4.89593516931585e-08,2.46657975868103e-08,7.02415386729178e-08,3.96488829241205e-08,5.76760934840516e-08,4.44810243029227e-08,2.16988056794596e-08,1.18761604840205e-08,3.57262804539968e-08,2.02745979978955e-08,3.28204075652277e-08,2.01977395830795e-08,1.11502682012093e-08,1.26357790684663e-08,1.89136654515772e-08,1.23116612626084e-08,1.9025019496739e-08,1.0415349045809e-08,1.19281140105586e-08,6.78707716677079e-09,1.13080210329075e-08,1.19795459018518e-08,1.05992197972767e-08,1.14634143407996e-08,6.41027904708516e-09,5.23274862152539e-09,1.1421992283498e-08,6.94163936210792e-09,1.19163773950496e-08,6.3169666913082e-09,5.12643934983797e-09,4.76550778024466e-09,6.68686177186995e-09,6.11527839999456e-09,8.33530949194334e-09,4.43432963088328e-09,4.19368488496507e-09,4.91499151878825e-09,5.3378176823598e-09,5.59009070162676e-09,6.72962644851487e-09,4.01060123718768e-09,4.37070370658068e-09,3.97608043625265e-09,5.25680295649474e-09,4.83725710920643e-09,5.89909295853923e-09,3.51217268802743e-08,3.69677437521759e-08,1.97885822942347e-08,5.69212901129111e-08,3.08589766329455e-08,4.89555860715892e-08,3.32950146584261e-08,1.74995418320161e-08,9.87600223385981e-09,2.77731666335791e-08,1.66254847128574e-08,2.5740501559102e-08,1.6344983079659e-08,9.21663310035161e-09,8.6868158761659e-09,1.56328360005715e-08,1.05412335891314e-08,1.59257400766435e-08,8.53393914181601e-09,8.15279248011008e-09,5.06669630938024e-09,9.57732178424519e-09,8.38472401024241e-09,8.96496336291179e-09,7.88696168586759e-09,4.69253497433906e-09,4.07292961225016e-09,8.02171025686818e-09,5.51009110802326e-09,8.69173930878385e-09,4.6697793344873e-09,4.02971122604038e-09,3.7053092348712e-09,5.41423306212241e-09,4.8827401024808e-09,6.82462915316137e-09,3.45447894034431e-09,3.13782966027935e-09,3.70376983311332e-09,4.17953463242482e-09,4.24479494769967e-09,5.04799450261559e-09,2.96670583961247e-09,3.30059171450044e-09,3.11533448387918e-09,4.04220903840498e-09,3.84129377375898e-09,4.77787219256498e-09
2.4994196202919e-08,1.14601566050994e-07,5.43163168583908e-08,3.96488829241205e-08,1.58791368248651e-07,6.42807508692386e-08,1.03196608599162e-07,4.66719798772285e-08,2.40187439005567e-08,1.38831385842088e-07,3.83450839829457e-08,1.17113288956618e-07,4.24737570709184e-08,2.15451689706744e-08,1.3872452357452e-08,3.4614993002388e-08,2.06174737754291e-08,3.20036426487161e-08,1.97939986194217e-08,1.23285926493702e-08,1.32952789085617e-08,1.86343395747653e-08,1.2482023814801e-08,1.83604348149254e-08,1.17731027940007e-08,1.29412776739662e-08,8.59896409929204e-09,1.19315220270762e-08,1.40439326778627e-08,1.2579263613289e-08,1.27210311638404e-08,8.33018641699795e-09,7.97881503471766e-09,1.35381691849101e-08,1.04468314642782e-08,1.5736220319384e-08,7.05535231164541e-09,6.59965519826861e-09,6.66788046277966e-09,8.33466230733669e-09,7.8504905766209e-09,9.60523392044784e-09,6.95257014205399e-09,6.46223142448836e-09,6.02564645794277e-09,8.30640757837142e-09,7.70153231253491e-09,9.69782485132644e-09,2.03830367019854e-08,5.68666766693755e-08,3.98733562104204e-08,3.22400672930964e-08,8.22348980416869e-08,5.04331539952984e-08,5.12382754614104e-08,3.54377305705895e-08,1.99419253824865e-08,7.39288758154955e-08,3.11912009622039e-08,6.34597396051504e-08,3.26638502025136e-08,1.76679003682886e-08,1.01343370572001e-08,2.82208212742898e-08,1.68008318340274e-08,2.57318043388419e-08,1.6242118935776e-08,9.19411329870779e-09,1.00776032132952e-08,1.52578827675069e-08,9.76953095055787e-09,1.52640931269194e-08,8.97166500051805e-09,9.78279934545299e-09,7.0804005766546e-09,9.50242357019222e-09,1.13845325229934e-08,9.8475585273473e-09,9.60741578369045e-09,6.79564222615888e-09,6.135569686238e-09,1.09412918321294e-08,8.54436998047916e-09,1.24838199851691e-08,5.69919708361493e-09,5.01859635084294e-09,5.2221503457147e-09,6.64666761588319e-09,6.09503170011482e-09,7.64750117108142e-09,5.34436140193978e-09,4.98041883815853e-09,5.35905074308455e-09,6.36948728920095e-09,6.3401787495219e-09,7.65860268014804e-09
4.01230491307244e-08,4.08540404678706e-08,4.40639586924358e-08,5.76760934840516e-08,6.42807508692386e-08,8.61882689997804e-08,3.64860153597036e-08,3.74343866783265e-08,2.00127263777487e-08,5.49719304376181e-08,3.08104221187383e-08,4.61011965316413e-08,3.48719798790792e-08,1.85085015062922e-08,1.18005058521732e-08,2.85625698000606e-08,1.80206506420835e-08,2.6654220057046e-08,1.71684946556081e-08,1.08509424628409e-08,1.06807631380605e-08,1.64428256280497e-08,1.07877847131036e-08,1.56327062387847e-08,1.02416406099818e-08,1.01797491748521e-08,6.64950979176501e-09,1.00885200461779e-08,1.07038252734945e-08,1.02359904066759e-08,9.8922226584268e-09,6.53707552966434e-09,5.75671285738884e-09,1.03385476993986e-08,7.6624829699427e-09,1.22080695044539e-08,5.76068178780105e-09,5.04688692989303e-09,5.53386457487455e-09,6.7015269969343e-09,6.39249651332529e-09,8.00787019950597e-09,5.31456986000906e-09,5.20211569227464e-09,4.94048285273853e-09,6.61750474326831e-09,6.02042486625384e-09,7.64448208804343e-09,3.28512885885099e-08,2.96992958154924e-08,3.36989993335431e-08,4.64099614726949e-08,4.78182194940421e-08,6.97364240933475e-08,2.65975915418479e-08,2.93264751524487e-08,1.6972312058938e-08,4.22154613605439e-08,2.52642929701207e-08,3.65965500528843e-08,2.73870459071259e-08,1.57328961300177e-08,8.87968636007916e-09,2.34764731585239e-08,1.55224336507609e-08,2.1901905261284e-08,1.46388724215526e-08,8.35322252940962e-09,7.66751936201081e-09,1.4316995884243e-08,8.58656559049362e-09,1.39835397420748e-08,7.94535040309801e-09,7.25876055418877e-09,5.26854965870252e-09,8.05678970119696e-09,8.22611096775287e-09,8.09804096150968e-09,7.06689589454821e-09,5.16525853454368e-09,4.65241807842232e-09,7.94413934014123e-09,6.06591978542057e-09,9.55296231337705e-09,4.57660118459185e-09,3.88821501565467e-09,4.59256649091774e-09,5.0708303298616e-09,5.22990439235288e-09,6.08872458608133e-09,4.02474558911251e-09,4.24795172693621e-09,4.26187676410349e-09,5.36480430385009e-09,5.25914900130884e-09,6.29111190307629e-09
2.3638494344229e-08,1.16797529550798e-07,2.82155653724599e-08,4.44810243029227e-08,1.03196608599162e-07,3.64860153597036e-08,1.35188495779298e-07,3.14063801733837e-08,1.64563257896193e-08,1.21439744078182e-07,2.9680549057733e-08,1.11268852383034e-07,2.88569399518613e-08,1.46273068741194e-08,1.60297467193403e-08,2.69272852960274e-08,1.58586724933658e-08,2.68586486869441e-08,1.35325882315663e-08,1.46582336793567e-08,9.83276472432384e-09,1.42591254984769e-08,1.4937064332641e-08,1.44173071889227e-08,1.4249563009787e-08,9.50373739890724e-09,7.60097208460666e-09,1.45103637000456e-08,1.05577689506157e-08,1.52794158934267e-08,9.40157128586979e-09,7.29744300203538e-09,7.48395623439712e-09,1.00765890062479e-08,9.04958696484164e-09,1.18654300413978e-08,6.20338642286713e-09,6.35800663482943e-09,6.19170323954226e-09,7.50016682689088e-09,7.66583009751535e-09,8.93891919689797e-09,5.88767522524944e-09,5.70743692297099e-09,5.39776076075145e-09,7.08705654822572e-09,6.76202551457209e-09,8.05536095677646e-09,1.92938948533836e-08,6.32935344645627e-08,2.20395714820043e-08,3.60909036044983e-08,5.34107216401754e-08,3.07497502792264e-08,7.62884526371585e-08,2.47296492647005e-08,1.34244998294656e-08,6.67343839415163e-08,2.45824790106352e-08,6.30114022853355e-08,2.29793122776638e-08,1.18654359600737e-08,1.16834199304937e-08,2.25168695989962e-08,1.2794008952232e-08,2.22379019208315e-08,1.07339938261211e-08,1.0669361693633e-08,7.89186160134811e-09,1.13688120913714e-08,1.15582201323075e-08,1.15627814634251e-08,1.04858402748701e-08,7.60167686778179e-09,6.17448827062181e-09,1.1333933212169e-08,8.87567664261695e-09,1.1631171022629e-08,7.53902171683534e-09,5.93412056980771e-09,5.69693038689655e-09,8.55128358926419e-09,7.49388906199734e-09,9.84330404177621e-09,4.91812197488829e-09,5.01485889555006e-09,4.60376522312148e-09,6.21482832429715e-09,5.77028205294239e-09,7.09719635124749e-09,4.68338769926833e-09,4.21255712392404e-09,4.48164050904762e-09,5.33014159812854e-09,5.32645587018126e-09,6.35495115649193e-09
1.12768754631337e-08,2.81983390986702e-08,5.45859519784194e-08,2.16988056794596e-08,4.66719798772285e-08,3.74343866783265e-08,3.14063801733837e-08,5.91993109819622e-08,2.63238586081038e-08,5.18388913081364e-08,4.86590241513053e-08,4.26682298825147e-08,5.5071339104067e-08,2.41551848175903e-08,1.21887226293728e-08,4.49808020827105e-08,2.23814774788089e-08,4.1263601058547e-08,2.23483096220735e-08,1.10820082470934e-08,1.00984532738897e-08,2.0539438239484e-08,1.07623675721456e-08,1.89852014856651e-08,1.03993956472927e-08,9.70375920947178e-09,6.34092598834116e-09,1.00609511657147e-08,1.02302082534718e-08,1.01755005290867e-08,9.50972213341976e-09,6.17525653012848e-09,5.86026023622464e-09,9.95565368680669e-09,7.35013262557812e-09,1.18274588054099e-08,5.56876061791123e-09,5.17642421857104e-09,4.89652914014948e-09,6.55605900738097e-09,5.84437002982432e-09,7.06600786116332e-09,4.64891555346416e-09,4.52866727757896e-09,3.82897354373614e-09,5.31300089203543e-09,5.12994292906286e-09,6.0153788843658e-09,8.43398945586483e-09,1.99124469915939e-08,4.1190993842157e-08,1.60436625288644e-08,3.45229623578924e-08,2.89526696853291e-08,2.20128012977936e-08,4.47836120390937e-08,2.24214106945102e-08,3.81777767119221e-08,3.89849394631768e-08,3.37644335323536e-08,4.16505161511645e-08,2.04282225198543e-08,9.73344643694592e-09,3.5961637172624e-08,1.91743220041381e-08,3.3185970594928e-08,1.88234479956436e-08,9.13357134311264e-09,6.77031847181971e-09,1.7783431744341e-08,8.9531444323768e-09,1.66926015809629e-08,8.46729410967189e-09,6.45909032225615e-09,4.96459553364511e-09,8.27321527829176e-09,7.49869321704619e-09,8.36032641290256e-09,6.36236178812963e-09,4.82473080002632e-09,4.94202640647299e-09,7.25151111113170e-09,5.82962235165055e-09,8.67106217574044e-09,4.36847288828959e-09,4.2752606870158e-09,3.96243153558819e-09,5.10220849168432e-09,4.75628848528531e-09,5.42650408902255e-09,3.82162991750033e-09,3.67445304088257e-09,3.16255483012721e-09,4.26563638988604e-09,4.38304312703298e-09,4.93459675721357e-09
1.08044468752116e-08,1.51055532766257e-08,2.46175878933128e-08,1.18761604840205e-08,2.40187439005567e-08,2.00127263777487e-08,1.64563257896193e-08,2.63238586081038e-08,6.05924495060877e-08,2.6075076175359e-08,4.83260860724091e-08,4.26685293230632e-08,2.41582026858752e-08,5.54100255574876e-08,2.54359828520821e-08,4.4023748917681e-08,4.65655079627451e-08,3.69513851974264e-08,5.10873806910233e-08,2.30087530023407e-08,1.16563659396147e-08,4.2711257251569e-08,2.04611148936003e-08,3.80832018458569e-08,2.14105039082183e-08,1.05987063122834e-08,8.65657697425696e-09,1.88911339718896e-08,1.06380576898994e-08,1.81340012624185e-08,9.97824764586432e-09,8.22786169208782e-09,6.08768043060072e-09,9.97545280144574e-09,9.32878018854934e-09,1.10745279503209e-08,7.3793936173568e-09,5.35782977015067e-09,4.85835551683958e-09,8.28864943336526e-09,6.21879916835409e-09,8.91938554157304e-09,4.76941782047327e-09,4.335998618642e-09,4.01519138717456e-09,5.55947766340356e-09,4.83728490968535e-09,6.1206152378727e-09,7.99672348653487e-09,9.48109635598695e-09,1.88435545813425e-08,8.27900936783322e-09,1.73282055198924e-08,1.55825393332444e-08,1.0496692441213e-08,2.01148819198499e-08,4.75765369626723e-08,1.91971438543322e-08,3.70155106510345e-08,3.26146601265069e-08,1.85546432364477e-08,4.3527042903115e-08,2.07436294238848e-08,3.36984297566876e-08,3.8038625724021e-08,2.9616591612327e-08,4.0235949028957e-08,1.93503475367261e-08,9.53979794354189e-09,3.52772121104788e-08,1.76284115378427e-08,3.13519765807301e-08,1.80892393163726e-08,8.71828326571673e-09,6.59774425027075e-09,1.63881753563723e-08,9.39623167493998e-09,1.58214343047371e-08,8.32577964036404e-09,6.32029315857272e-09,5.00166511143577e-09,8.94144340190518e-09,7.2849960988557e-09,9.60288957948583e-09,5.59438789531433e-09,4.2696769061367e-09,3.89308805341472e-09,6.36303978271259e-09,4.95508295562177e-09,6.77773671243879e-09,3.77626625293264e-09,3.47920188822953e-09,3.33940570990247e-09,4.46477804808072e-09,4.11083071885051e-09,5.17999062932169e-09
2.27455241586414e-08,1.0318345142078e-07,4.66866848515313e-08,3.57262804539968e-08,1.38831385842088e-07,5.49719304376181e-08,1.21439744078182e-07,5.18388913081364e-08,2.6075076175359e-08,1.6198594871511e-07,4.27803436926109e-08,1.38936101099408e-07,4.73428883744292e-08,2.33498303570243e-08,1.45914584512298e-08,3.8785375625189e-08,2.23980273343374e-08,3.59373854671214e-08,2.1590693132578e-08,1.30148581064948e-08,1.43467377669924e-08,2.03629917231617e-08,1.31397127820395e-08,1.99614405856256e-08,1.24309028385766e-08,1.39665960634942e-08,9.14158647256396e-09,1.25765491990322e-08,1.51149456398331e-08,1.3273502559286e-08,1.37610371938437e-08,8.85889651640018e-09,8.91690921640467e-09,1.45768041442373e-08,1.12928945686292e-08,1.69517899038576e-08,7.5851382114839e-09,7.49209999544919e-09,7.20085879364699e-09,9.14686827338049e-09,8.92352939458489e-09,1.05970213076842e-08,6.92260155827523e-09,6.77607854966521e-09,6.24404441918003e-09,8.26566596703659e-09,8.04427123386594e-09,9.33469909617848e-09,1.8727604528976e-08,5.12273986011615e-08,3.54400082320996e-08,2.88216511902949e-08,7.39174869367812e-08,4.46243433423818e-08,6.31840707324452e-08,3.94983558465021e-08,2.15075142387485e-08,8.99227953498049e-08,3.53018647374601e-08,7.98516661986942e-08,3.63325898093597e-08,1.9161519076508e-08,1.09474171970103e-08,3.21003449713887e-08,1.82529212716479e-08,2.94649851248659e-08,1.76377012927775e-08,9.9807924385623e-09,1.08162499627798e-08,1.67228607602277e-08,1.05392021700197e-08,1.6597978674604e-08,9.65997851651143e-09,1.05550477556611e-08,7.45739524865963e-09,1.0126468574664e-08,1.22166664329801e-08,1.05560464893175e-08,1.039637085294e-08,7.18616756503457e-09,7.04697306226888e-09,1.17474258287154e-08,9.17785940651084e-09,1.33107050532228e-08,6.13188625762339e-09,5.91997989459983e-09,5.83595026261717e-09,7.25812885773108e-09,7.24896124866758e-09,8.54176797629632e-09,5.50446126815479e-09,5.48558785639343e-09,5.35887546688815e-09,6.71936611651901e-09,6.63620512017752e-09,7.48269965787052e-09
1.18772377013111e-08,2.64498839667099e-08,4.49663798412417e-08,2.02745979978955e-08,3.83450839829457e-08,3.08104221187383e-08,2.9680549057733e-08,4.86590241513053e-08,4.83260860724091e-08,4.27803436926109e-08,7.63545464218805e-08,6.37278782774739e-08,4.4984156396082e-08,4.40226353131289e-08,2.24619087866398e-08,7.01125928259335e-08,3.685547402122e-08,5.95368649615414e-08,4.05967409173253e-08,2.03110465131086e-08,1.13638138969652e-08,3.37488744311069e-08,1.82461692737558e-08,2.97488133301431e-08,1.88250872691048e-08,1.04530951864157e-08,9.64542407994672e-09,1.68235784072641e-08,1.09790938994427e-08,1.67598765738341e-08,9.94161290379678e-09,9.22631605260768e-09,6.93847572989442e-09,1.03940500676709e-08,1.07538701338051e-08,1.15896343283321e-08,8.273941661388e-09,6.102436090468e-09,5.34813161828933e-09,9.58381058101729e-09,6.90725161156691e-09,1.02541303681324e-08,5.46247569510193e-09,4.73647488938285e-09,4.17115540775875e-09,6.16336952266877e-09,5.24607340652155e-09,6.82560694266104e-09,8.98265737603348e-09,1.83788612291455e-08,3.40398960027736e-08,1.50783625334052e-08,2.84635676407987e-08,2.421120623824e-08,2.04656253518194e-08,3.68338525452155e-08,3.90465951124696e-08,3.19071838495057e-08,5.90303512394408e-08,4.95820495528672e-08,3.40934173993802e-08,3.55211082470677e-08,1.86308439085327e-08,5.42582938931936e-08,3.11334496670188e-08,4.75101713041105e-08,3.29167341964246e-08,1.7445467182527e-08,9.37053861981677e-09,2.88929615844094e-08,1.62026199789473e-08,2.59331021018173e-08,1.61082245623167e-08,8.63530684724222e-09,7.28953947625411e-09,1.4920320228001e-08,9.54080089392249e-09,1.47553488922883e-08,8.26049780819758e-09,7.07704666853547e-09,5.95640725835549e-09,9.04458858509202e-09,8.53734046584433e-09,1.01211688750881e-08,6.2762630667294e-09,5.10861356514227e-09,4.34685314291367e-09,7.3953260801623e-09,5.46748774781365e-09,7.57305307293658e-09,4.56359486404014e-09,3.86318399599012e-09,3.58874392074256e-09,4.8480363389916e-09,4.56319114418832e-09,5.68369652475285e-09
2.21091717827383e-08,9.3175710337188e-08,3.83389168666336e-08,3.28204075652277e-08,1.17113288956618e-07,4.61011965316413e-08,1.11268852383034e-07,4.26682298825147e-08,4.26685293230632e-08,1.38936101099408e-07,6.37278782774739e-08,1.71907999810407e-07,3.87955945518419e-08,3.86430037883271e-08,2.1194555438653e-08,5.80320209277045e-08,3.23173293591871e-08,4.92775345292523e-08,3.55237883700119e-08,1.89524576745826e-08,1.2256808082594e-08,2.93519865947666e-08,1.70741527641495e-08,2.65541339758338e-08,1.77538269320007e-08,1.15043217115375e-08,1.21989779902701e-08,1.60173159121426e-08,1.25326482703954e-08,1.64445290327815e-08,1.11375183182059e-08,1.17830075165421e-08,9.62291804631541e-09,1.19059770482286e-08,1.407183122883e-08,1.41705971212184e-08,1.03400640019965e-08,8.09498091856545e-09,7.41491371508239e-09,1.19643535071082e-08,9.73343072037753e-09,1.35643113444618e-08,7.49960508089827e-09,6.8870021912714e-09,6.40759815838208e-09,9.03569442326886e-09,7.95172298360174e-09,1.00333089320429e-08,1.83819225286435e-08,4.83991110938566e-08,2.95086176811571e-08,2.67911970501198e-08,6.37080863857433e-08,3.81148921919099e-08,5.99568505588022e-08,3.30382695057606e-08,3.32977957980502e-08,7.86810445205444e-08,4.94103516058199e-08,1.04163809103377e-07,3.03935202938984e-08,3.05422271397498e-08,1.71000591684349e-08,4.57126551976854e-08,2.66228973938266e-08,4.00880706538358e-08,2.81087519151031e-08,1.59615312295556e-08,1.02322240594523e-08,2.46297139668061e-08,1.48149976401444e-08,2.23929722647594e-08,1.49377002048837e-08,9.68038119721792e-09,9.36802254662206e-09,1.39299391933349e-08,1.08237702645639e-08,1.39482841458292e-08,9.28678638865879e-09,9.12206390697044e-09,7.89808606641771e-09,1.0183462472275e-08,1.11642506496788e-08,1.21772370488145e-08,7.86151226616568e-09,6.84053859848359e-09,5.92838038455065e-09,9.3626272668487e-09,7.82375988001873e-09,1.00772801469877e-08,6.36206929294661e-09,5.47678709126845e-09,5.61584201286547e-09,7.29116561100515e-09,6.74419891380660e-09,8.23722818686289e-09
1.06186801111893e-08,2.5665548551992e-08,5.0744249628955e-08,2.01977395830795e-08,4.24737570709184e-08,3.48719798790792e-08,2.88569399518613e-08,5.5071339104067e-08,2.41582026858752e-08,4.73428883744292e-08,4.4984156396082e-08,3.87955945518419e-08,6.39495431585122e-08,2.73947476711783e-08,1.35634347609921e-08,5.19523183566446e-08,2.51530924296774e-08,4.74218827855878e-08,2.50975831611296e-08,1.22462622797073e-08,1.15254732572229e-08,2.28226812606645e-08,1.23367533653462e-08,2.14681409686731e-08,1.13844713562963e-08,1.10217933784287e-08,7.33038356616439e-09,1.14482135267008e-08,1.16732020958723e-08,1.14641240454013e-08,1.07753623011176e-08,7.0162620466693e-09,6.39917642497013e-09,1.13617548853222e-08,8.2159831839694e-09,1.29691468952743e-08,6.31719038274243e-09,5.64757381977725e-09,5.64021051683888e-09,7.31423529495319e-09,6.47323202464705e-09,7.95741364281198e-09,4.87470372609035e-09,4.997859847151e-09,4.41812108064368e-09,5.67546976017113e-09,5.49728968853818e-09,6.62237242829221e-09,7.87228057092041e-09,1.85010236310674e-08,3.83581183180506e-08,1.49728308463004e-08,3.18601076009077e-08,2.71073624703541e-08,2.06095998799363e-08,4.16501373905839e-08,2.04288532011891e-08,3.53119885238002e-08,3.59632203898175e-08,3.08885594167861e-08,4.85649189380082e-08,2.35271583638808e-08,1.08367496374295e-08,4.1664907831167e-08,2.17738064313681e-08,3.85185201796551e-08,2.15700190010593e-08,1.01924431569889e-08,7.61870638940902e-09,2.02106878632002e-08,1.03526733439757e-08,1.94237061497395e-08,9.38152121703963e-09,7.27350622948025e-09,5.46897011269661e-09,9.4625775077906e-09,8.3619529825449e-09,9.41081136295592e-09,7.17345624303144e-09,5.28187450450288e-09,5.24460957173923e-09,8.09778193066285e-09,6.22514023111850e-09,9.23821522467334e-09,4.71960744160259e-09,4.51047884738818e-09,4.78694113178456e-09,5.38987374554794e-09,5.16775184339637e-09,5.95608088841785e-09,3.95768697730408e-09,4.23868887766024e-09,3.71001812453176e-09,4.48031404315238e-09,4.88184511555503e-09,5.50951326692091e-09
1.0367547578297e-08,1.33332925122009e-08,2.2652533994556e-08,1.11502682012093e-08,2.15451689706744e-08,1.85085015062922e-08,1.46273068741194e-08,2.41551848175903e-08,5.54100255574876e-08,2.33498303570243e-08,4.40226353131289e-08,3.86430037883271e-08,2.73947476711783e-08,6.22030598817581e-08,2.78686445409757e-08,4.95726645476384e-08,5.18786640206715e-08,4.12728418742943e-08,5.65702783780454e-08,2.50259256914801e-08,1.29615330918791e-08,4.7053907246672e-08,2.24970659979036e-08,4.21560978638244e-08,2.32416056132833e-08,1.1858275183028e-08,9.57661492215411e-09,2.07518007141862e-08,1.17243384457433e-08,1.96819600871994e-08,1.11455491925335e-08,9.06796784942871e-09,6.43288385103161e-09,1.10315187865994e-08,1.00601125812561e-08,1.19499145157199e-08,8.12505483985177e-09,5.69533639708599e-09,5.23890151244789e-09,8.95743784148597e-09,6.65499605725733e-09,9.60277529338429e-09,5.05253234146376e-09,4.57206316680592e-09,4.20267941340158e-09,5.87935676340194e-09,5.03924383320985e-09,6.3595435630568e-09,7.66930674016615e-09,8.68233413801398e-09,1.74821367228059e-08,7.84531242224534e-09,1.60181313209642e-08,1.46192249044672e-08,9.5868768017678e-09,1.85518842995617e-08,4.35259876117099e-08,1.76612511370644e-08,3.36966644983948e-08,2.98056462912783e-08,2.06923490777168e-08,4.87572174638704e-08,2.28464891896803e-08,3.7586158352671e-08,4.26238237818182e-08,3.31194771609521e-08,4.46167692422176e-08,2.11450761635206e-08,1.0627189852604e-08,3.91073717440727e-08,1.95910827592743e-08,3.50180732720072e-08,1.96956438792576e-08,9.78264888127278e-09,7.09664013800685e-09,1.8103031709804e-08,1.01934758940888e-08,1.71788572396471e-08,9.30976173332779e-09,6.7628959451089e-09,5.13118606552367e-09,9.73296046644989e-09,7.59568609626155e-09,1.0201751910843e-08,5.98373338655471e-09,4.39770771890203e-09,4.20328781610251e-09,6.62754400661131e-09,5.17303516915436e-09,7.1253158640712e-09,3.88380898130521e-09,3.6913074894537e-09,3.45706073255344e-09,4.58496120953767e-09,4.30732017098997e-09,5.30229720924291e-09
7.71814940652648e-09,1.54087648749803e-08,1.16256173132398e-08,1.26357790684663e-08,1.3872452357452e-08,1.18005058521732e-08,1.60297467193403e-08,1.21887226293728e-08,2.54359828520821e-08,1.45914584512298e-08,2.24619087866398e-08,2.1194555438653e-08,1.35634347609921e-08,2.78686445409757e-08,6.76515852824467e-08,2.48993205006968e-08,5.13117711552397e-08,4.55487001672364e-08,2.5029157417038e-08,5.97261368181428e-08,2.62878114002935e-08,4.48682719572915e-08,4.75294173138182e-08,3.5538085829441e-08,5.62043439199259e-08,2.40952947402538e-08,1.17946623266186e-08,4.41713352844967e-08,2.23118247484397e-08,4.02193622138891e-08,2.27433226330738e-08,1.0784443742594e-08,1.04411734430148e-08,2.08735106511438e-08,1.2253601859236e-08,2.19328910025655e-08,9.57017103065313e-09,9.07729566206557e-09,6.10988832050711e-09,1.05525004757369e-08,9.78413470041783e-09,1.1194254907647e-08,8.30937005341006e-09,5.24835280613636e-09,4.32649903703908e-09,8.734228790172e-09,5.4782113020687e-09,8.96067459820072e-09,5.83230439088892e-09,9.65026950703988e-09,8.37108745575104e-09,8.83169258082888e-09,8.49079078947931e-09,8.77632703444144e-09,1.0029259702917e-08,8.90765003909435e-09,1.89356908550901e-08,9.13845771802466e-09,1.70642100600316e-08,1.53786384777277e-08,9.77490461660194e-09,2.07213051712195e-08,4.92126773065814e-08,1.88419733078858e-08,3.69447239871283e-08,3.31046512258192e-08,1.91219050808312e-08,4.48040141518955e-08,2.15782424013978e-08,3.33757666277966e-08,3.7879366693042e-08,2.8525670591239e-08,4.23096477706345e-08,1.99373090830946e-08,9.11010425387012e-09,3.54498000038267e-08,1.83040033661186e-08,3.23216722779758e-08,1.88298948626847e-08,8.39442134602355e-09,7.25002944802457e-09,1.7273900403784e-08,9.78066605101067e-09,1.83285194057247e-08,7.52586666002998e-09,6.30092467685494e-09,5.0103513500049e-09,8.50813676102191e-09,7.05661108458191e-09,9.22548397212574e-09,5.78711682134281e-09,4.43081344989589e-09,3.57349772811028e-09,6.31957419192359e-09,4.69995203517639e-09,6.45909940255813e-09
1.12430328282731e-08,2.37482668040168e-08,4.14725343734367e-08,1.89136654515772e-08,3.4614993002388e-08,2.85625698000606e-08,2.69272852960274e-08,4.49808020827105e-08,4.4023748917681e-08,3.8785375625189e-08,7.01125928259335e-08,5.80320209277045e-08,5.19523183566446e-08,4.95726645476384e-08,2.48993205006968e-08,8.03757886012889e-08,4.10104484550167e-08,6.77615235692174e-08,4.51195532874101e-08,2.23795712373654e-08,1.26023783771224e-08,3.72552648661993e-08,2.02743915809189e-08,3.30250484459763e-08,2.05934411173176e-08,1.1565414030806e-08,1.08881347671651e-08,1.85816350273508e-08,1.22640629657999e-08,1.84803245742928e-08,1.1043691618637e-08,1.02931372555375e-08,7.44899339483658e-09,1.1619047404659e-08,1.17224439264652e-08,1.26494159771672e-08,9.17102365571425e-09,6.56269795502753e-09,5.90520992272417e-09,1.03973903141787e-08,7.5445038413341e-09,1.12468474546622e-08,5.8166647630397e-09,5.14449876265983e-09,4.51761013143762e-09,6.64826645519739e-09,5.70747818635922e-09,7.33595193256562e-09,8.45469973415572e-09,1.6929169245539e-08,3.14586661665415e-08,1.41483817804998e-08,2.620536955383e-08,2.26050306968914e-08,1.89725369272639e-08,3.40902111201528e-08,3.55201680309287e-08,2.95150684545693e-08,5.42569160492215e-08,4.55892786539074e-08,3.95146909725257e-08,4.04748107520469e-08,2.08803315984503e-08,6.22799295234726e-08,3.5179988206556e-08,5.43817278005846e-08,3.7105224831145e-08,1.94071390454029e-08,1.03262806417843e-08,3.23917136965904e-08,1.83180808883076e-08,2.9366286433739e-08,1.77604385220445e-08,9.50888588970532e-09,8.0831444500214e-09,1.66946311011278e-08,1.03116517215852e-08,1.63800908637683e-08,9.12454793053981e-09,7.73311098106228e-09,6.22837210492334e-09,9.79286083024939e-09,9.00735879845486e-09,1.07387270997774e-08,6.7911520073554e-09,5.33985650923644e-09,4.91340804040818e-09,7.74196523674177e-09,5.84900201327562e-09,8.17859157646094e-09,4.75604452814482e-09,4.29453317818346e-09,3.84372794024077e-09,5.06508584405395e-09,5.12872514713742e-09,6.11902219198113e-09
1.17186486204981e-08,1.45240633111019e-08,2.11096821978317e-08,1.23116612626084e-08,2.06174737754291e-08,1.80206506420835e-08,1.58586724933658e-08,2.23814774788089e-08,4.65655079627451e-08,2.23980273343374e-08,3.685547402122e-08,3.23173293591871e-08,2.51530924296774e-08,5.18786640206715e-08,5.13117711552397e-08,4.10104484550167e-08,8.13036856870741e-08,6.55686131739787e-08,4.70582118356893e-08,4.48678597313826e-08,2.37286392833543e-08,7.23039576402015e-08,3.60426362650272e-08,5.93773811079264e-08,4.19589900510332e-08,2.17205543222815e-08,1.18256918399971e-08,3.31531116757882e-08,2.02935025476603e-08,3.02066941861388e-08,2.04815483373468e-08,1.09540440681508e-08,1.05689329464101e-08,1.89267542183156e-08,1.21789211354956e-08,1.9599685374368e-08,9.62686378019583e-09,9.0642704504683e-09,6.39184212728057e-09,1.03560084352083e-08,1.04442164910023e-08,1.17520166566605e-08,8.1058848681231e-09,5.5412276578432e-09,4.57489399193527e-09,9.24081611506813e-09,5.76033797416927e-09,9.61741154622465e-09,8.83942340314173e-09,8.94990115578836e-09,1.63730794322831e-08,8.53215272129159e-09,1.48841209080963e-08,1.44596534292366e-08,9.92358217518155e-09,1.71855916377295e-08,3.64928209824419e-08,1.64395997143922e-08,2.82092581714253e-08,2.48000830951735e-08,1.91213685436851e-08,4.06683158789062e-08,3.90135624886311e-08,3.13139715216266e-08,6.2968741853746e-08,4.97833744364988e-08,3.73022086174239e-08,3.53233757456029e-08,1.90422632939105e-08,5.70383467603263e-08,3.03176798177239e-08,4.89750771214761e-08,3.31227858710976e-08,1.77028845844857e-08,9.2698356169314e-09,2.80497047858862e-08,1.70345143342293e-08,2.55210778586692e-08,1.68823616394406e-08,8.59917054422949e-09,7.35383071915024e-09,1.61279845380352e-08,9.68189805153193e-09,1.66726925452932e-08,7.68745361307488e-09,6.17387695094676e-09,5.15445471862364e-09,8.38710568603997e-09,7.53299650704897e-09,9.57933112124765e-09,5.51865374131091e-09,4.50029958888747e-09,3.70994384038426e-09,6.72051412096452e-09,4.88350836304763e-09,7.04711034067823e-09
1.19195973248059e-08,2.36276655129295e-08,3.82746787845852e-08,1.9025019496739e-08,3.20036426487161e-08,2.6654220057046e-08,2.68586486869441e-08,4.1263601058547e-08,3.69513851974264e-08,3.59373854671214e-08,5.95368649615414e-08,4.92775345292523e-08,4.74218827855878e-08,4.12728418742943e-08,4.55487001672364e-08,6.77615235692174e-08,6.55686131739787e-08,9.78958670448222e-08,3.74976616902296e-08,3.95853765391519e-08,2.19528090247273e-08,5.78438281998052e-08,3.1842375676159e-08,4.70563532037763e-08,3.6839909480571e-08,2.00767558423598e-08,1.23037502912574e-08,2.91815815731895e-08,1.9460451976053e-08,2.74312905938814e-08,1.8927671252618e-08,1.14276746839903e-08,1.14572079639274e-08,1.82034834759045e-08,1.26220143510875e-08,1.88739595517058e-08,1.00914203462973e-08,1.01784907201512e-08,6.8683350803717e-09,1.08199257604007e-08,1.16608489970425e-08,1.20359846186007e-08,8.93597929626015e-09,5.79875300721306e-09,4.75296448007961e-09,1.0101833143803e-08,6.09821527833686e-09,1.07090177962411e-08,8.96602460338365e-09,1.63160594631176e-08,2.90253248393996e-08,1.41599342715774e-08,2.40028718429727e-08,2.15236665149145e-08,1.84562814878468e-08,3.11598351706275e-08,2.98557602694823e-08,2.69093163381726e-08,4.54082508990552e-08,3.86754222289077e-08,3.61217591177115e-08,3.36314109267934e-08,3.46542875340301e-08,5.20768182214068e-08,5.22703369818864e-08,7.52783419284479e-08,3.07363861492422e-08,3.13677116612455e-08,1.80482689426238e-08,4.73114533149053e-08,2.72949655405644e-08,4.08057184012956e-08,2.90865930886592e-08,1.67112081352664e-08,9.45958759980086e-09,2.50159919456762e-08,1.66090858546443e-08,2.3275190097865e-08,1.57838218176211e-08,8.89294508829848e-09,8.32039313412457e-09,1.56469177374371e-08,9.89741361182601e-09,1.63379564140223e-08,7.82704145121414e-09,7.34807464057496e-09,5.62949204058071e-09,8.54277176619604e-09,8.30375495247236e-09,9.51318460138537e-09,6.39574917260618e-09,4.7664616904921e-09,3.76924180860415e-09,7.17505497482527e-09,5.19081038274606e-09,7.7538460235721e-09
9.6130582988423e-09,1.22294573481709e-08,2.09252910776527e-08,1.0415349045809e-08,1.97939986194217e-08,1.71684946556081e-08,1.35325882315663e-08,2.23483096220735e-08,5.10873806910233e-08,2.1590693132578e-08,4.05967409173253e-08,3.55237883700119e-08,2.50975831611296e-08,5.65702783780454e-08,2.5029157417038e-08,4.51195532874101e-08,4.70582118356893e-08,3.74976616902296e-08,6.65668932484164e-08,2.849352801811e-08,1.44112370409362e-08,5.52329348255597e-08,2.54406982532072e-08,4.93535254088403e-08,2.64218602643839e-08,1.31454501923319e-08,1.1165765856885e-08,2.34042095615885e-08,1.33408919953662e-08,2.24163922406158e-08,1.22682062247279e-08,1.04991051634057e-08,7.54938433921655e-09,1.23951595705408e-08,1.16529545904592e-08,1.32712080790187e-08,9.4264972966803e-09,6.59085315676322e-09,6.30045172074041e-09,1.03450696957415e-08,7.94344035978956e-09,1.14814820554913e-08,5.82401436286959e-09,5.30853573477534e-09,4.83493348398816e-09,6.78263912800439e-09,5.78851785847041e-09,7.16541028821767e-09,6.97960408789132e-09,7.87899486009042e-09,1.65111420547717e-08,7.31781446129974e-09,1.499187768513e-08,1.3799136656888e-08,8.81486422819124e-09,1.75236232531555e-08,4.02319659543459e-08,1.65850243867869e-08,3.16735450160702e-08,2.76133065617655e-08,1.95735761447116e-08,4.46148535696953e-08,2.11428560597114e-08,3.51919632759463e-08,3.91080277082343e-08,3.09014137113127e-08,5.32736774021036e-08,2.43162145284193e-08,1.19826937704599e-08,4.58527369354184e-08,2.27483309119464e-08,4.17684775277977e-08,2.25304730538063e-08,1.10526959011166e-08,8.17047346831934e-09,2.08837280924697e-08,1.15479019859379e-08,1.98202163209556e-08,1.04953295641577e-08,7.76254751860314e-09,5.83308380193052e-09,1.09420371799496e-08,8.84900086542091e-09,1.15130617245185e-08,6.89972256166265e-09,4.97802417763868e-09,5.04032924683303e-09,7.73863288158128e-09,6.02064600003781e-09,8.62065358935904e-09,4.41431675103479e-09,4.19549953040802e-09,3.87920097500197e-09,5.11695874339317e-09,4.97074865593964e-09,5.92080125046703e-09
