6.43864763490475e-08,3.26803972687375e-08,1.62660656017702e-08,5.05140761097888e-08,3.27661176719019e-08,4.75611112569305e-08,2.75598846266839e-08,1.35118672655261e-08,1.3576661693428e-08,2.7338675318226e-08,1.3600164840387e-08,2.50372141111362e-08,1.14283794525787e-08,1.16061124173997e-08,8.63065968719031e-09,1.14379222584131e-08,1.24443696953338e-08,1.17021683374517e-08,9.6555230355851e-09,7.06704643285023e-09,6.40473756339462e-09,1.02941057284155e-08,8.02443085041899e-09,1.0812286235553e-08,5.79932660139477e-09,5.25875910534946e-09,4.26766757112477e-09,6.52603080420016e-09,5.55274389726807e-09,6.94534572014212e-09,4.36463023617261e-09,3.50720071326999e-09,3.41443431579652e-09,4.5233160308122e-09,3.89212502787357e-09,5.25414736432015e-09,2.80975271172361e-09,2.4745553743579e-09,2.70102117683223e-09,3.06413266952122e-09,3.29960656666206e-09,3.6225810009868e-09,2.48212777490261e-09,2.4970727847295e-09,2.57490488695876e-09,3.33336754223289e-09,3.32494578412257e-09,4.06829875006717e-09,5.36288246297644e-08,2.60374910875248e-08,1.28455629645536e-08,4.12097482945431e-08,2.6004885093264e-08,3.81122103215021e-08,2.19611905386485e-08,1.07315232150227e-08,1.09343464748348e-08,2.18385410385085e-08,9.22387464168232e-09,1.75497175860581e-08,9.1363026318519e-09,9.65960862818627e-09,7.31791703724023e-09,7.88945343106715e-09,1.01273480562551e-08,8.86120733593292e-09,8.13355134498208e-09,6.12538872959653e-09,5.52330168708036e-09,8.43818473868418e-09,6.51327257056512e-09,8.69610444167152e-09,4.92370272842326e-09,4.38094688493944e-09,3.26890375553573e-09,5.22401846300521e-09,4.72703550952909e-09,5.33552348290107e-09,3.55392917240307e-09,2.68454843779406e-09,2.80960200430036e-09,3.74979004789823e-09,3.03431363868973e-09,4.57476368142869e-09,2.18834225181582e-09,2.37345320172399e-09,2.16844038737271e-09,2.49328029195098e-09,2.58704437469119e-09,2.79718157515002e-09,2.36207486819169e-09,2.06375028522618e-09,2.02274945575966e-09,2.77490520796874e-09,2.72127924776526e-09,3.42752629646033e-09
3.26803972687375e-08,1.26065759849151e-07,3.67257861341646e-08,6.39450779863122e-08,1.05632091633305e-07,5.20305457977087e-08,1.03939194536116e-07,2.9341525953643e-08,1.60474485967155e-08,8.65362928744921e-08,2.63900799002423e-08,7.79478566198508e-08,2.41312002694163e-08,1.32658853836866e-08,1.74156182570276e-08,2.1839349895889e-08,1.52453200928241e-08,2.13932838353784e-08,1.08326428037719e-08,1.38113784041945e-08,1.02187903481222e-08,1.23271027852117e-08,1.57507912032671e-08,1.28189723971853e-08,1.10911408908038e-08,8.28133759157074e-09,6.74650744307955e-09,1.26692537263184e-08,9.37059470230216e-09,1.38812335040386e-08,6.91475465609418e-09,5.61130948310773e-09,5.35773676059593e-09,7.64758860380183e-09,6.00685291715055e-09,7.98958906026265e-09,4.82423223982195e-09,4.38952691878561e-09,3.80408144778324e-09,5.1481043380319e-09,5.47972196692096e-09,6.03156608813404e-09,3.99688082895747e-09,3.54780422738716e-09,3.45097874799207e-09,5.23670837424668e-09,4.40070899834332e-09,5.96129606497811e-09,2.87597758769221e-08,8.79707974597714e-08,2.89289532530595e-08,5.50955255338055e-08,6.89835412480816e-08,4.22788018812248e-08,7.34255218255468e-08,2.39264213777293e-08,1.2075054095168e-08,5.79650866315961e-08,1.93863959545414e-08,4.71310358774846e-08,1.91740104198795e-08,1.00341868255854e-08,1.4440572782712e-08,1.60336915764302e-08,1.14486118842881e-08,1.48927689080991e-08,8.28723461427932e-09,1.2109903413294e-08,8.29118386730778e-09,9.54242387262812e-09,1.33320644139066e-08,1.12948881533966e-08,9.33434022455368e-09,6.69268168747971e-09,5.07025752017726e-09,1.05137492173674e-08,7.15819107447386e-09,1.11249297150857e-08,5.58243781348497e-09,4.21925071050284e-09,3.64182877243479e-09,5.86377642691907e-09,4.43986557046781e-09,5.84922064125368e-09,3.64790514180784e-09,3.07738937865792e-09,2.65421064758547e-09,3.79440733758604e-09,3.51898704329185e-09,4.02473885092214e-09,2.97830350301249e-09,2.58704515311461e-09,2.54487713375758e-09,3.49092833527066e-09,3.47570744023308e-09,4.44970935908431e-09
1.62660656017702e-08,3.67257861341646e-08,8.35921904457721e-08,2.95005565637951e-08,6.90635323717963e-08,5.73522403632754e-08,2.93823438346385e-08,6.59656530726095e-08,2.82126335493124e-08,5.37555706840477e-08,5.10725285310756e-08,4.23640295433327e-08,5.42450351644192e-08,2.32284834871804e-08,1.34920183159467e-08,4.19707186890831e-08,2.19404130944181e-08,3.89495063583144e-08,1.877697838668e-08,1.06194497516112e-08,1.0687665240129e-08,1.76075170215175e-08,1.12870138460323e-08,1.64257715837702e-08,8.6903663126792e-09,8.68682587315514e-09,5.04888472775651e-09,9.31216092586623e-09,9.24316274583426e-09,9.55790001774217e-09,7.4024465436924e-09,4.22395824452732e-09,3.95410600875786e-09,7.77527772409527e-09,4.77164885238805e-09,8.36077334919631e-09,3.59643148221237e-09,3.16685716846167e-09,3.55764227442499e-09,3.96772990938426e-09,4.15064366252785e-09,4.60813690584608e-09,3.17278133037735e-09,3.25802300244312e-09,2.73292054350251e-09,4.12565046454083e-09,3.51253221476551e-09,4.22396362187879e-09,1.3300601961714e-08,3.26220714148575e-08,6.67160558460646e-08,2.71385718571064e-08,5.74905983940475e-08,4.72179330041628e-08,2.7590416577617e-08,5.28845665342109e-08,2.16685619088067e-08,4.60151122240841e-08,3.84077296799262e-08,3.40766807588342e-08,4.34533334778543e-08,1.76485915555148e-08,9.55659654590152e-09,3.17752106624231e-08,1.58463326373904e-08,2.83716521165167e-08,1.38483231842253e-08,7.58339617191245e-09,8.48668975768645e-09,1.29220380626746e-08,9.07825552436314e-09,1.22190770847942e-08,6.34439553327689e-09,6.80727993705498e-09,3.62342704068989e-09,7.58248215389638e-09,7.65613477827503e-09,7.24175425761837e-09,5.76655228204379e-09,2.98655159378339e-09,3.16087340669301e-09,6.48473104049443e-09,3.29559083158923e-09,6.59937315307234e-09,2.55195084991336e-09,2.55813569469498e-09,2.59132869305878e-09,2.71158744850851e-09,3.58164133625337e-09,3.63156000613326e-09,2.47186081968662e-09,2.27609870766793e-09,1.8913683104214e-09,3.36274815895814e-09,2.37032280390779e-09,3.25855127162652e-09
5.05140761097888e-08,6.39450779863122e-08,2.95005565637951e-08,8.85221842328224e-08,5.15398630366824e-08,7.00894195653279e-08,5.27115796703041e-08,2.36098343456773e-08,1.45793807080654e-08,4.22545811149252e-08,2.13868981802606e-08,3.68188729094508e-08,1.94797155267496e-08,1.20799475222722e-08,1.50591685263685e-08,1.7564998690427e-08,1.30058373665709e-08,1.72098554182733e-08,9.83870352102222e-09,1.22348289976337e-08,8.30090687551992e-09,1.06663471759392e-08,1.3869156581633e-08,1.11743219711139e-08,1.00011367427308e-08,6.81197043772968e-09,5.21374666780166e-09,1.13146134349867e-08,7.47135983930816e-09,1.19264297584009e-08,5.74516953416505e-09,4.3209830987831e-09,4.20098916794069e-09,6.15788183061422e-09,4.8706189456562e-09,6.65003000122543e-09,3.70573238872123e-09,3.41741452403234e-09,3.13174490260776e-09,4.11453713467639e-09,4.2247828954634e-09,4.7907503532315e-09,3.21625493933462e-09,2.95483378053175e-09,2.97650767145745e-09,4.07341982521523e-09,3.66085440135188e-09,4.66290016291402e-09,4.17150660462424e-08,5.26441815887115e-08,2.41348318008898e-08,7.36513346447834e-08,4.06674158157789e-08,5.65756630053924e-08,4.34574813667461e-08,1.99995501688982e-08,1.03433691285608e-08,3.41306644282242e-08,1.58046113230343e-08,2.68586545815504e-08,1.62804907159332e-08,8.93560466952729e-09,1.26005794169007e-08,1.28796023375446e-08,9.49747557294299e-09,1.24754019970176e-08,7.45930223237342e-09,1.05363495293121e-08,7.59995557508866e-09,8.10015699621775e-09,1.16584906226271e-08,8.8725147219123e-09,8.38149898951685e-09,6.18965830823986e-09,4.22045222595241e-09,9.4406903023995e-09,6.52316451443991e-09,9.46868117100422e-09,5.2123771693524e-09,3.58268137176434e-09,3.12097258481173e-09,5.36745380411581e-09,4.10451876888259e-09,5.82818907928216e-09,3.12242044498387e-09,2.8268349901978e-09,2.4514996753865e-09,3.49068343084743e-09,3.21316224059743e-09,3.68855166350897e-09,2.66267158165569e-09,2.31705805568274e-09,2.36572312032249e-09,3.17375783425875e-09,2.90401082598422e-09,3.68109952307526e-09
3.27661176719019e-08,1.05632091633305e-07,6.90635323717963e-08,5.15398630366824e-08,1.58389025066013e-07,8.72713348106562e-08,8.65639328447777e-08,5.37236897806853e-08,2.73317774654289e-08,1.25944207857634e-07,4.19513440646197e-08,1.04304072846475e-07,4.38734915154612e-08,2.25900820232139e-08,1.63660741858819e-08,3.45546246139713e-08,2.23705905961266e-08,3.21384772216206e-08,1.8252129687053e-08,1.27142425840978e-08,1.45752162309468e-08,1.80005099145409e-08,1.45826102948583e-08,1.8143710066534e-08,1.03026983998732e-08,1.18544300343738e-08,8.09691323640335e-09,1.18768316764799e-08,1.35255381237548e-08,1.25157270909229e-08,9.98400499541879e-09,6.73901093030777e-09,5.89811635426083e-09,1.11689264709629e-08,7.27401516186908e-09,1.18389731527258e-08,5.74812951004099e-09,4.75864809854211e-09,4.95448905443351e-09,6.20174632966549e-09,6.24041245098594e-09,7.47822308701285e-09,4.43199124898196e-09,4.47391707644815e-09,4.11996669652955e-09,5.93471719729667e-09,5.45260772175574e-09,6.87449144953682e-09,2.85916243696646e-08,7.47692836491617e-08,5.39164489410617e-08,4.47995165277031e-08,1.11103931732961e-07,7.00630728398847e-08,6.2687904457821e-08,4.28465544072833e-08,1.99107417223304e-08,8.99158002175305e-08,3.02673699430572e-08,6.83750266642911e-08,3.45477115170581e-08,1.61068730774573e-08,1.16207122213317e-08,2.50927243306616e-08,1.56847925335225e-08,2.23809914250417e-08,1.2814055174056e-08,9.47430708730086e-09,1.08472669467605e-08,1.28658414967703e-08,1.15088689566631e-08,1.47886467002538e-08,7.67122111644835e-09,8.6702780077269e-09,5.62119161298355e-09,9.37710781911506e-09,9.98352488540146e-09,8.90295387675934e-09,7.2393602064767e-09,4.58355199274869e-09,4.17435354847419e-09,8.18902907802608e-09,4.60212928530725e-09,7.8820458207058e-09,3.92917684093961e-09,3.44259405208239e-09,3.51487110344092e-09,3.93968937903305e-09,4.48180983449704e-09,5.39751133719717e-09,3.34490976659534e-09,3.16080431909363e-09,2.98412755225536e-09,4.11396988420637e-09,3.9899723946923e-09,4.94584436475814e-09
4.75611112569305e-08,5.20305457977087e-08,5.73522403632754e-08,7.00894195653279e-08,8.72713348106562e-08,1.13594384167931e-07,4.24876702228893e-08,4.49188378046915e-08,2.40390641980962e-08,6.9238830335692e-08,3.46085149948593e-08,5.38305002662503e-08,3.65044864183004e-08,1.97068220120736e-08,1.36085559816641e-08,2.81377214251594e-08,1.92745493085582e-08,2.61469634823546e-08,1.6051141713964e-08,1.09671988620194e-08,1.19469055497715e-08,1.57114157987278e-08,1.18926066934852e-08,1.53845189388528e-08,8.9643996622718e-09,9.87440651831113e-09,6.20026872302207e-09,9.79945038203253e-09,1.09920491660969e-08,1.02836255798619e-08,8.35539783840869e-09,5.20081398720916e-09,4.68495154807492e-09,9.16693229373364e-09,5.96261461432103e-09,1.00329392598501e-08,4.46202376993534e-09,3.8315765874146e-09,3.99557221967551e-09,5.09458239039147e-09,4.82476534300758e-09,6.00920672678909e-09,3.83026611016826e-09,3.7758462640665e-09,3.39284568134011e-09,4.78733702645539e-09,4.46879632870852e-09,5.54984545414848e-09,3.98143674056637e-08,4.32150059074394e-08,4.50514676575031e-08,5.85518941521138e-08,6.91948467825527e-08,9.05107437098611e-08,3.59397512310696e-08,3.6293596742465e-08,1.70841026759542e-08,5.62614876312861e-08,2.46712683782356e-08,3.98649288817395e-08,2.934777394129e-08,1.37979590917447e-08,9.47976941957984e-09,2.01702819479583e-08,1.33775965119984e-08,1.79662253915127e-08,1.11796481467013e-08,7.74924632144302e-09,1.01487328676824e-08,1.10786331663297e-08,9.10596077631299e-09,1.16890243618382e-08,6.45660580948578e-09,8.3170789256718e-09,4.90755043910672e-09,7.6205825824423e-09,9.19723128464092e-09,7.06956184379444e-09,6.96218907358125e-09,4.13681140349817e-09,3.81553053515527e-09,7.64712318641557e-09,4.62079018610103e-09,8.30361573515284e-09,3.61806911221649e-09,3.22032073506623e-09,3.37630475440962e-09,4.00198904447654e-09,4.12704950468212e-09,5.01617496428866e-09,3.12336025513436e-09,3.07534120267262e-09,2.58026953460038e-09,3.92901243840827e-09,3.4492383216024e-09,4.17070326025559e-09
2.75598846266839e-08,1.03939194536116e-07,2.93823438346385e-08,5.27115796703041e-08,8.65639328447777e-08,4.24876702228893e-08,1.39364444675778e-07,3.61985867546035e-08,2.00804494517378e-08,1.16720872918266e-07,3.30266002705559e-08,1.07359134011204e-07,3.00840384109304e-08,1.67620967909231e-08,1.96506263389221e-08,2.7583351341183e-08,1.86838750736925e-08,2.70623601568541e-08,1.37489009141003e-08,1.54042919294407e-08,1.12781683846268e-08,1.50676578238595e-08,1.74464753031732e-08,1.52928089047119e-08,1.24850777081495e-08,9.16350049014755e-09,7.52743404094986e-09,1.41731275075911e-08,1.03976413459635e-08,1.53624147142599e-08,7.67243893311282e-09,6.26602703351734e-09,5.96504304424355e-09,8.53876560421538e-09,6.69648579539228e-09,9.0097154943733e-09,5.36231396830772e-09,4.84742630596868e-09,4.4672808812055e-09,5.75984426921441e-09,6.22214492091637e-09,6.87002410859366e-09,4.22648802176722e-09,3.94001599619783e-09,3.74831595244924e-09,5.48871073669562e-09,4.75006177754407e-09,6.1437642012967e-09,2.43372990219054e-08,7.34202376153976e-08,2.395102462413e-08,4.52584203720234e-08,5.79756194394963e-08,3.49102190506803e-08,9.82033465370123e-08,2.91651641117526e-08,1.62297459480531e-08,7.83170075246596e-08,2.52827892192663e-08,6.55215607823784e-08,2.39161177194939e-08,1.33933613304983e-08,1.60763657266951e-08,2.10168044761661e-08,1.45762877688336e-08,2.01406261637305e-08,1.11352300575321e-08,1.32697951940609e-08,9.25509003895868e-09,1.21826492867038e-08,1.49453284536301e-08,1.34147917258647e-08,1.0378003821876e-08,7.47924124213212e-09,5.50241132432679e-09,1.19304927629001e-08,8.02616468759860e-09,1.22267954067721e-08,6.27178019062099e-09,4.55931156245392e-09,4.21343859103461e-09,6.66125816317636e-09,5.04876138544899e-09,6.76393179347641e-09,3.92804191336501e-09,3.50380651492544e-09,3.18805074838578e-09,4.31239585441155e-09,4.3082278359995e-09,4.65434907992535e-09,3.16306938816923e-09,2.95196168817687e-09,2.83570993410235e-09,3.87169057161922e-09,3.86104934390936e-09,4.98296123751467e-09
1.35118672655261e-08,2.9341525953643e-08,6.59656530726095e-08,2.36098343456773e-08,5.37236897806853e-08,4.49188378046915e-08,3.61985867546035e-08,7.58070837541529e-08,3.24135160750227e-08,6.42078189576361e-08,5.88178529378204e-08,5.18226932896875e-08,6.25531209255568e-08,2.66056758809529e-08,1.50232505295801e-08,4.84416222917535e-08,2.45347223142966e-08,4.47018653498139e-08,2.15314460879389e-08,1.17957379944639e-08,1.19984265658075e-08,1.96958617492964e-08,1.22690190702819e-08,1.81422442080814e-08,9.58371638156919e-09,9.7640108393671e-09,5.80279354212813e-09,1.00792922823517e-08,1.05518633926299e-08,1.05171856297086e-08,8.30214069459772e-09,4.87794605797897e-09,4.27815159684767e-09,8.88401922020359e-09,5.41933401454925e-09,9.4748700216679e-09,4.12719714660583e-09,3.49822439662106e-09,4.12930028023141e-09,4.50537232186887e-09,4.70951652374537e-09,5.27128534128976e-09,3.04408260510052e-09,3.52382218662735e-09,3.13312333264538e-09,4.04917760324339e-09,3.74955721227384e-09,4.15060119965227e-09,1.09113118787079e-08,2.75567875430088e-08,5.28809047469972e-08,2.22152519460553e-08,4.59866695510891e-08,3.72340253523494e-08,3.28843154419982e-08,6.1549649281281e-08,2.4823554478154e-08,5.35233156257888e-08,4.5267663869072e-08,4.08132264840791e-08,5.06758610060291e-08,2.05730955262748e-08,1.08245863013613e-08,3.73783194175812e-08,1.80634554021028e-08,3.31793296365831e-08,1.62669037096992e-08,8.52728387951167e-09,9.80663013262049e-09,1.46603257317816e-08,1.01164711055644e-08,1.38654818069543e-08,7.09048215940477e-09,7.91428332424168e-09,4.28970057808782e-09,8.46485921419437e-09,8.92422592850834e-09,8.18832609428321e-09,6.67910732700688e-09,3.5414662989095e-09,3.33891770567235e-09,7.51029984723013e-09,3.86696868625095e-09,7.3955453417336e-09,2.90614425770046e-09,2.72410938903688e-09,3.07293240715354e-09,3.16001108528311e-09,4.05241164469591e-09,4.05415947163989e-09,2.33765256069124e-09,2.62815632958427e-09,2.26746867455152e-09,3.51624803106964e-09,2.7972512791075e-09,3.50440679301454e-09
1.3576661693428e-08,1.60474485967155e-08,2.82126335493124e-08,1.45793807080654e-08,2.73317774654289e-08,2.40390641980962e-08,2.00804494517378e-08,3.24135160750227e-08,8.08548764990662e-08,3.35070906387936e-08,6.18138356091739e-08,5.80470531840765e-08,2.66145031687758e-08,6.51292470811471e-08,3.03999730335087e-08,4.96143027616915e-08,5.2457760234284e-08,4.04956115379102e-08,5.24178048365122e-08,2.37563209791734e-08,1.1834873035255e-08,4.21388358097837e-08,2.08189268602617e-08,3.67403510323488e-08,1.85911809754853e-08,9.10178412994909e-09,8.54232980388496e-09,1.62630038533999e-08,9.26846209452206e-09,1.59921751523585e-08,7.56296858974304e-09,7.09714119787136e-09,5.01609088790002e-09,7.70760029208829e-09,7.45154380220162e-09,8.39078145567969e-09,5.70077510839729e-09,4.1045052668709e-09,4.07350549637071e-09,6.20697562110678e-09,5.01797736912358e-09,7.06463215276916e-09,3.52847198593498e-09,3.35647862960256e-09,3.10505534352001e-09,4.18659291799756e-09,3.73196830933931e-09,4.61790828345037e-09,1.03559017009645e-08,1.40331755518084e-08,2.37251255303653e-08,1.32465103406523e-08,2.49776943244007e-08,1.9855187187487e-08,1.72645130685528e-08,2.75925606850735e-08,6.08400611725661e-08,2.89007692885528e-08,4.73666699819276e-08,4.54813502123637e-08,2.26560800898962e-08,5.03338897316957e-08,2.20829216337134e-08,3.88256363093251e-08,3.90049292555353e-08,3.0810627342375e-08,4.03365079108428e-08,1.7635264104323e-08,8.55990220931302e-09,3.13321913881981e-08,1.59451611070953e-08,2.74918796740765e-08,1.35114693915169e-08,6.637402732745e-09,6.99085804454787e-09,1.24108787536629e-08,6.3232890153572e-09,1.11140255563011e-08,5.52979934247232e-09,5.83099255104228e-09,4.01576492956362e-09,5.62115386263717e-09,5.66978170679409e-09,5.83813170312954e-09,4.62128765798687e-09,3.24130151959886e-09,3.21800713617297e-09,4.72003057948387e-09,3.87831337795403e-09,5.66009223569342e-09,2.75782985693637e-09,2.66398397667782e-09,2.36707263786788e-09,3.16390929838984e-09,3.21834694455583e-09,3.78434614100249e-09
2.7338675318226e-08,8.65362928744921e-08,5.37555706840477e-08,4.22545811149252e-08,1.25944207857634e-07,6.9238830335692e-08,1.16720872918266e-07,6.42078189576361e-08,3.35070906387936e-08,1.63951550548687e-07,5.13395049808642e-08,1.38835411152063e-07,5.29927517333971e-08,2.76386466553057e-08,1.89956173402322e-08,4.24535319674703e-08,2.722980021237e-08,3.98066969310569e-08,2.25193174870099e-08,1.47236157135335e-08,1.63250388727093e-08,2.20607022592415e-08,1.63043699278031e-08,2.14574696070242e-08,1.19355950048602e-08,1.3341173991849e-08,9.38571534196403e-09,1.32986272334981e-08,1.52947940629811e-08,1.41018085159764e-08,1.11850513886181e-08,7.86460454632166e-09,6.62057782083453e-09,1.26813889181993e-08,8.29013929946825e-09,1.32461831668316e-08,6.68802936485268e-09,5.37963962736995e-09,5.68872549972747e-09,7.05073268467844e-09,7.05559825479577e-09,8.4516527159687e-09,4.57640827273363e-09,4.91199672422528e-09,4.68880076165087e-09,6.09411825059968e-09,5.82785915309794e-09,6.93966322391913e-09,2.40375570616623e-08,6.26610051949591e-08,4.28632912396338e-08,3.7123792613652e-08,8.99047668371918e-08,5.62079016899368e-08,8.45567425161057e-08,5.19059502881958e-08,2.53928279342519e-08,1.17240995068167e-07,3.8595954175188e-08,9.15086280168648e-08,4.23738195182974e-08,2.09137896415278e-08,1.33155803994447e-08,3.20156940201129e-08,2.00757062158463e-08,2.91095071567303e-08,1.69367851328913e-08,1.0751477256393e-08,1.2379604061089e-08,1.64341903945607e-08,1.31767223583573e-08,1.78675795978294e-08,8.69990131187911e-09,9.99134045120529e-09,6.39189185311668e-09,1.08028859329561e-08,1.16728793126274e-08,1.0170850312345e-08,8.37512677133014e-09,5.23835945233066e-09,4.80343630975692e-09,9.5315229531041e-09,5.4943474352815e-09,9.22602790900359e-09,4.35777538136013e-09,3.92743111716599e-09,4.13011758182836e-09,4.61606143762865e-09,5.2558445196408e-09,6.04184190947837e-09,3.47988017117232e-09,3.65760703461272e-09,3.55379230419775e-09,4.50238412982763e-09,4.53718924542976e-09,5.4869401807033e-09
1.3600164840387e-08,2.63900799002423e-08,5.10725285310756e-08,2.13868981802606e-08,4.19513440646197e-08,3.46085149948593e-08,3.30266002705559e-08,5.88178529378204e-08,6.18138356091739e-08,5.13395049808642e-08,9.70861757456017e-08,8.12967698405679e-08,4.8447605749177e-08,4.96088008390617e-08,2.70632196760529e-08,7.89454024054179e-08,4.08212114628351e-08,6.5930676637061e-08,3.98105700942573e-08,2.13929101045215e-08,1.19528601780153e-08,3.27345552044083e-08,1.94762581631561e-08,2.84563989503886e-08,1.67927906396699e-08,9.2355884916823e-09,9.37217459123037e-09,1.53543677514891e-08,9.95882312892703e-09,1.51530454808531e-08,7.68661204283529e-09,7.78002246838279e-09,5.219004593147e-09,8.21447362159634e-09,8.07160022059787e-09,8.69056711174554e-09,6.44455346336699e-09,4.28824137605943e-09,4.51969082370182e-09,6.72831331205655e-09,5.53373826732731e-09,7.62673210730318e-09,3.70227216457292e-09,3.72124208867854e-09,3.42851960004599e-09,4.68248507943631e-09,4.05959457461603e-09,5.03797322625338e-09,1.0437212128221e-08,2.51567852750361e-08,4.09429178330391e-08,1.965466114226e-08,3.75842518174717e-08,2.80597985451683e-08,3.0170700471629e-08,4.75411882128603e-08,4.68571349548938e-08,4.37298105972622e-08,7.19703078044367e-08,6.24047929590041e-08,3.92769133257061e-08,3.87002936145815e-08,1.86762916239067e-08,5.95978752590516e-08,3.07054658239124e-08,4.89324818541725e-08,3.09719832973461e-08,1.51781157641377e-08,8.77373882939105e-09,2.46838978040257e-08,1.51930826420366e-08,2.19241399305031e-08,1.19817125197573e-08,7.04095454817634e-09,7.39971486613311e-09,1.22453488821679e-08,7.10694519622787e-09,1.08395648124078e-08,5.89925397508733e-09,6.10772663679063e-09,4.37063905055592e-09,6.23288274165666e-09,5.97770474023417e-09,6.09108465786732e-09,4.99380501436805e-09,3.55500737332655e-09,3.3272182141991e-09,5.09616285626907e-09,4.36336552853265e-09,5.88579032191669e-09,2.99395572779615e-09,2.776365478768e-09,2.52022842879064e-09,3.68059499436494e-09,3.21700690053008e-09,4.0845547661098e-09
2.50372141111362e-08,7.79478566198508e-08,4.23640295433327e-08,3.68188729094508e-08,1.04304072846475e-07,5.38305002662503e-08,1.07359134011204e-07,5.18226932896875e-08,5.80470531840765e-08,1.38835411152063e-07,8.12967698405679e-08,1.84553770508745e-07,4.27685826271385e-08,4.70644926170962e-08,2.81910832447638e-08,6.66140851474574e-08,4.03067249487548e-08,5.63337861957371e-08,3.76851758307197e-08,2.19343331242909e-08,1.41173090418209e-08,3.23109171540392e-08,2.13030299642714e-08,2.88621588630534e-08,1.72701058374359e-08,1.10901403693262e-08,1.33513214901364e-08,1.69136140039108e-08,1.23252552326775e-08,1.65839518962894e-08,9.32148790360749e-09,1.11144446085173e-08,8.33916642777773e-09,1.01894080851717e-08,1.15665896024353e-08,1.07520645975062e-08,9.2616381449842e-09,6.7369193210858e-09,6.23160656418169e-09,9.73174016340923e-09,8.36053821373982e-09,1.12698603849106e-08,5.70962780387643e-09,5.32981557898023e-09,4.90316766966686e-09,7.1950666849612e-09,6.17402587395957e-09,7.86651951825173e-09,2.12393947871253e-08,5.58156826854742e-08,3.36182073705586e-08,3.1315807537503e-08,7.59641470109062e-08,4.26859278080762e-08,7.77224465069716e-08,4.12555676534951e-08,4.25477890825272e-08,1.00019892165355e-07,5.9028405094534e-08,1.22525289435986e-07,3.39863393589118e-08,3.54333171959898e-08,1.87339976263786e-08,4.93099582496668e-08,3.0105354913167e-08,4.09242808414163e-08,2.84788053880123e-08,1.50364555337532e-08,1.05293524135276e-08,2.42542466187375e-08,1.61662732782149e-08,2.36040518452546e-08,1.21407873053079e-08,8.22506055183672e-09,9.32435586371039e-09,1.31927733184652e-08,8.73462334160498e-09,1.12637752884088e-08,6.99866211681156e-09,7.61598066733744e-09,6.35406051569021e-09,7.53116192784298e-09,7.79620771786321e-09,7.12086593007163e-09,6.24658038627426e-09,5.12742692093519e-09,4.4191216125434e-09,6.70727322969584e-09,5.64346472362865e-09,7.96461586048383e-09,4.47218158975023e-09,3.85536158878982e-09,3.67139622672186e-09,4.81516556670291e-09,5.08660539179061e-09,6.2126523658272e-09
1.14283794525787e-08,2.41312002694163e-08,5.42450351644192e-08,1.94797155267496e-08,4.38734915154612e-08,3.65044864183004e-08,3.00840384109304e-08,6.25531209255568e-08,2.66145031687758e-08,5.29927517333971e-08,4.8447605749177e-08,4.27685826271385e-08,7.23981544977958e-08,2.97318785591813e-08,1.67502721269595e-08,5.55077606109114e-08,2.73582740644873e-08,5.07323571321892e-08,2.3819485253144e-08,1.30562286898405e-08,1.32908501291168e-08,2.16833920675979e-08,1.39537838456775e-08,2.01866124129223e-08,1.04704251936972e-08,1.07582090103474e-08,6.45271873225096e-09,1.13089086178421e-08,1.20552570075394e-08,1.15718415270594e-08,9.05801046583028e-09,5.33060434469563e-09,4.73571473817575e-09,9.94633657588132e-09,5.98756110528954e-09,1.05083168038291e-08,4.54090928523282e-09,3.82495531192333e-09,4.37990803794233e-09,4.92945008000504e-09,4.98543781024351e-09,5.68672601615052e-09,3.28532320679845e-09,3.71414713649774e-09,3.28546679014208e-09,4.29796384576258e-09,3.89567524629695e-09,4.47932881333651e-09,9.26584010537726e-09,2.22985673649395e-08,4.34408979919194e-08,1.81263030058233e-08,3.76039862095577e-08,3.07493208055616e-08,2.70494380742424e-08,5.06715479109779e-08,2.05668252621342e-08,4.45196657947375e-08,3.73698365063837e-08,3.42251686042959e-08,5.84748930758358e-08,2.32059824179669e-08,1.12338201356401e-08,4.33756668149022e-08,2.03965824424859e-08,3.83162377437856e-08,1.87993462087909e-08,8.79186825070560e-09,1.0569222458049e-08,1.67635346857068e-08,9.94741370196110e-09,1.5995383944869e-08,7.17259922575027e-09,8.42188727170291e-09,4.71558881772536e-09,8.27306652504389e-09,1.01001448406649e-08,8.41805473623041e-09,7.07635137542485e-09,3.79542921434314e-09,3.54407291127415e-09,8.32352112612631e-09,4.4348619254225e-09,8.29903679910239e-09,3.17350638445562e-09,2.83573871201856e-09,3.23112338328747e-09,3.6219092716488e-09,4.12803782308791e-09,4.44334387486331e-09,2.37664775843868e-09,2.71695671117543e-09,2.31108094342907e-09,3.56191507926201e-09,2.90445174233231e-09,3.54754290721303e-09
1.16061124173997e-08,1.32658853836866e-08,2.32284834871804e-08,1.20799475222722e-08,2.25900820232139e-08,1.97068220120736e-08,1.67620967909231e-08,2.66056758809529e-08,6.51292470811471e-08,2.76386466553057e-08,4.96088008390617e-08,4.70644926170962e-08,2.97318785591813e-08,7.31929034736769e-08,3.38062025790912e-08,5.54419336751701e-08,5.91624104445146e-08,4.52745343325398e-08,5.88949296825848e-08,2.62089738862921e-08,1.2954729459527e-08,4.73175399245283e-08,2.31593408833664e-08,4.14145192040485e-08,2.01752714195409e-08,9.93333351519946e-09,9.54612265733601e-09,1.78018832255138e-08,1.03083727299165e-08,1.73505606398079e-08,8.17771905680045e-09,7.83083378433019e-09,5.551630783917e-09,8.48872107486548e-09,8.12667496371699e-09,9.25360781686288e-09,6.43794631745855e-09,4.52087146030745e-09,4.41299743115834e-09,6.76613071180664e-09,5.37555520235971e-09,7.64178343837719e-09,3.85016587567836e-09,3.62798931287755e-09,3.29520553683681e-09,4.49705348509316e-09,4.01146853554364e-09,4.98552603926748e-09,8.97757465955274e-09,1.17707998374644e-08,1.97548403958755e-08,1.11812672524599e-08,2.03988559690497e-08,1.66960808403268e-08,1.47164753893174e-08,2.26471626085206e-08,5.03247039284767e-08,2.41820792551809e-08,3.88147636894709e-08,3.80135225144591e-08,2.56390073843324e-08,5.70976586606751e-08,2.48952829535461e-08,4.36206763213063e-08,4.531254053052e-08,3.50240885276173e-08,4.63106836690549e-08,1.95520568334808e-08,9.06436288531486e-09,3.66795013255202e-08,1.75000733276642e-08,3.20779851155873e-08,1.47598790710602e-08,7.16541314088193e-09,7.44739735212834e-09,1.34427307754684e-08,7.1957494411042e-09,1.21938985556315e-08,5.8942430315259e-09,6.16606229014508e-09,4.41540118443941e-09,6.18555813781433e-09,6.11552777567876e-09,6.40869848479776e-09,4.98339172837485e-09,3.50949806672757e-09,3.46106429300189e-09,5.11596216693096e-09,4.15133636339024e-09,6.04496838845954e-09,2.94303972620521e-09,2.86939484020991e-09,2.39197079786589e-09,3.40076275717665e-09,3.35935330951436e-09,3.90748323633632e-09
8.63065968719031e-09,1.74156182570276e-08,1.34920183159467e-08,1.50591685263685e-08,1.63660741858819e-08,1.36085559816641e-08,1.96506263389221e-08,1.50232505295801e-08,3.03999730335087e-08,1.89956173402322e-08,2.70632196760529e-08,2.81910832447638e-08,1.67502721269595e-08,3.38062025790912e-08,8.24132632187035e-08,3.01146009916865e-08,6.20049134839734e-08,5.4922299003019e-08,2.62220355366517e-08,6.33339747278897e-08,2.48823285903455e-08,4.7718455265878e-08,4.83411807001952e-08,3.52177674762449e-08,4.96564719826333e-08,1.92093211496545e-08,9.63452697817461e-09,3.77866187031273e-08,1.834234905044e-08,3.53574779337329e-08,1.56144342021217e-08,7.88517772536775e-09,8.57570632008152e-09,1.49415331355006e-08,8.82191206984580e-09,1.54999174802024e-08,6.62251876876412e-09,7.18444951464344e-09,4.58647644985287e-09,7.35108605647702e-09,7.96335098265130e-09,7.9192240346373e-09,6.22789609377936e-09,3.81543580239991e-09,3.63761342826338e-09,6.75602449595168e-09,4.40489633881717e-09,7.69409898815695e-09,6.73291206871983e-09,1.40032076162335e-08,1.16481084853282e-08,1.28675086557654e-08,1.34943947030427e-08,1.08584559910353e-08,1.51987264132314e-08,1.30367430669653e-08,2.60008875154369e-08,1.57990329021881e-08,2.24253161326158e-08,2.42720941618884e-08,1.4475758325402e-08,2.88696074142023e-08,6.20006642065508e-08,2.53597871411032e-08,4.90867240754936e-08,4.24505156312242e-08,2.28307335770688e-08,4.79524140438758e-08,1.71054898432572e-08,3.75769478155534e-08,3.63100866037102e-08,2.73018792158311e-08,3.73823315064906e-08,1.31843559844319e-08,7.0390448736464e-09,2.82562325786933e-08,1.14693130811845e-08,2.49233137633107e-08,1.05818343136186e-08,5.76204623771356e-09,7.23061554964724e-09,9.65857812127569e-09,6.53433627325364e-09,9.98742904588461e-09,4.90236833930055e-09,5.83511211458943e-09,3.54192507186235e-09,5.44413104280839e-09,6.38995018922732e-09,5.70803365344507e-09,5.11271158543206e-09,2.97907669658103e-09,2.72652003993885e-09,5.45932765859056e-09,3.74483423727836e-09,6.64801307431463e-09
1.14379222584131e-08,2.1839349895889e-08,4.19707186890831e-08,1.7564998690427e-08,3.45546246139713e-08,2.81377214251594e-08,2.7583351341183e-08,4.84416222917535e-08,4.96143027616915e-08,4.24535319674703e-08,7.89454024054179e-08,6.66140851474574e-08,5.55077606109114e-08,5.54419336751701e-08,3.01146009916865e-08,9.03365827170849e-08,4.56599452368263e-08,7.5079925081291e-08,4.43571660918974e-08,2.34924717080898e-08,1.30468126129236e-08,3.62258818066357e-08,2.14611348514928e-08,3.15774551425939e-08,1.82687329279463e-08,1.0044109094524e-08,1.02475773641112e-08,1.67935434806266e-08,1.09993942263956e-08,1.65370082272848e-08,8.30739222384847e-09,8.37352589584359e-09,5.71026888075609e-09,8.9860908687247e-09,8.65976523861578e-09,9.51442130948682e-09,7.025769235043e-09,4.69207079139884e-09,4.83362768840561e-09,7.25196484370486e-09,5.88431918780969e-09,8.21940413084178e-09,4.01119665989654e-09,3.96515662137875e-09,3.60203503632866e-09,4.96966684513788e-09,4.25521588089114e-09,5.38339341510988e-09,8.79859507959584e-09,2.09295310323529e-08,3.39119053292624e-08,1.62500794941195e-08,3.09101259684147e-08,2.33249778051375e-08,2.52840972977103e-08,3.92681804411613e-08,3.8690158976125e-08,3.63714438658614e-08,5.9585218123439e-08,5.24236842221692e-08,4.5467833782689e-08,4.44283446646237e-08,2.08891980657859e-08,6.88464420878649e-08,3.56813821526205e-08,5.65867142037806e-08,3.61073268033289e-08,1.66143635550801e-08,9.31228439568221e-09,2.87997168050332e-08,1.60179974181323e-08,2.54015915636299e-08,1.30290774354693e-08,7.42212181702095e-09,7.88566414350397e-09,1.28808303141331e-08,7.96415383033537e-09,1.18152862407709e-08,6.13991428129243e-09,6.42374403826753e-09,4.67786499728296e-09,6.85081585263588e-09,6.51847173911848e-09,6.84996979433877e-09,5.3285174578181e-09,3.79428405553056e-09,3.44354854067777e-09,5.65933501039932e-09,4.56944007231659e-09,6.42222091382011e-09,3.15831098650609e-09,2.84586502299884e-09,2.5313841872738e-09,3.80807441110276e-09,3.27534237115978e-09,4.25494157916952e-09
1.24443696953338e-08,1.52453200928241e-08,2.19404130944181e-08,1.30058373665709e-08,2.23705905961266e-08,1.92745493085582e-08,1.86838750736925e-08,2.45347223142966e-08,5.2457760234284e-08,2.722980021237e-08,4.08212114628351e-08,4.03067249487548e-08,2.73582740644873e-08,5.91624104445146e-08,6.20049134839734e-08,4.56599452368263e-08,9.53636214065627e-08,7.53126348806839e-08,4.73255398304252e-08,4.77101671853365e-08,2.20384010698398e-08,7.47984576646246e-08,3.5213852820597e-08,5.71776942306812e-08,3.70449880821898e-08,1.68935989135865e-08,9.88165481105393e-09,2.71927156613544e-08,1.61618114074391e-08,2.56241403080941e-08,1.3653879043306e-08,7.98696684709224e-09,9.48785415058557e-09,1.30570393752542e-08,8.94645716414876e-09,1.3950341561439e-08,6.57871416759078e-09,7.699290080805e-09,5.08875673615697e-09,7.33519922586531e-09,8.62409508790434e-09,8.19943793204376e-09,6.69201536607427e-09,4.10020672309961e-09,3.7061257822465e-09,7.2783639174371e-09,4.61120224648002e-09,8.0882906366251e-09,9.81144756248045e-09,1.2864908151213e-08,1.88454750283331e-08,1.21080020349474e-08,1.94017047631103e-08,1.61300600729035e-08,1.52460321566971e-08,2.1062138254282e-08,4.17989052507209e-08,2.32118843983771e-08,3.33477282260859e-08,3.34161179551547e-08,2.35346052399644e-08,4.79380208089712e-08,4.69746178690563e-08,3.78491974797903e-08,7.4001239855233e-08,5.86282684082364e-08,3.86249112693365e-08,3.64979396744574e-08,1.47698144002229e-08,5.82905378234661e-08,2.66975457735686e-08,4.36257332595131e-08,2.83704259044161e-08,1.1565924306529e-08,7.16216249820848e-09,2.08198593576927e-08,1.04060798401639e-08,1.82929295047472e-08,9.2175352435336e-09,5.73223690077962e-09,7.52847665515252e-09,8.710715899814e-09,6.0642216774629e-09,8.80156406080114e-09,4.85318020169041e-09,5.78484045811699e-09,3.8373857287396e-09,5.00089531758152e-09,6.44879478476871e-09,5.99198920474029e-09,5.08171421315084e-09,3.16183848443369e-09,2.66023038992493e-09,5.45187857651447e-09,3.71857571792898e-09,6.36535433525767e-09
1.17021683374517e-08,2.13932838353784e-08,3.89495063583144e-08,1.72098554182733e-08,3.21384772216206e-08,2.61469634823546e-08,2.70623601568541e-08,4.47018653498139e-08,4.04956115379102e-08,3.98066969310569e-08,6.5930676637061e-08,5.63337861957371e-08,5.07323571321892e-08,4.52745343325398e-08,5.4922299003019e-08,7.5079925081291e-08,7.53126348806839e-08,1.13234865255037e-07,3.57994669266369e-08,4.22023182659518e-08,2.0771112313467e-08,5.85718420453658e-08,3.14147264460684e-08,4.42649377204029e-08,3.28000516654241e-08,1.5900660669325e-08,9.90564741258387e-09,2.44283589015811e-08,1.59197286494965e-08,2.3486108499317e-08,1.28816655518676e-08,7.92422838327037e-09,9.64377104306221e-09,1.28574866035952e-08,8.8015839644988e-09,1.36122089536587e-08,6.70427050682883e-09,7.90195097378316e-09,5.66997404865496e-09,7.27878028272516e-09,9.32876784910576e-09,8.4981550792818e-09,6.82690632346704e-09,4.55416379121458e-09,3.9200712536516e-09,7.79646001228512e-09,4.66441926396726e-09,8.31270177199572e-09,8.79101283881362e-09,2.02675629041773e-08,3.15390130776476e-08,1.61762241948376e-08,2.82002563149607e-08,2.14125936682818e-08,2.41763323091347e-08,3.61105914237747e-08,3.25801935591192e-08,3.39763792103549e-08,5.09204979467127e-08,4.58409156550004e-08,4.14334915949463e-08,3.76309332168948e-08,3.98299914359259e-08,5.90311722366532e-08,5.88321151895318e-08,8.66100642247778e-08,3.0193529245809e-08,3.06262857850195e-08,1.39991786268405e-08,4.60029825558691e-08,2.30724077288644e-08,3.39513289618735e-08,2.41516702277261e-08,1.0870798924467e-08,7.08612719287693e-09,1.83100796212028e-08,1.05882251437869e-08,1.68503667837806e-08,8.71718515303308e-09,5.68422233887474e-09,7.48951342763097e-09,8.88001644684126e-09,6.04403591123911e-09,8.43261546663843e-09,4.91962387335078e-09,5.89675966656901e-09,3.99161742454802e-09,5.06890869603127e-09,6.92178208768714e-09,6.18445078650429e-09,5.10980118322301e-09,3.30888007054984e-09,2.68584259016384e-09,5.86916340966293e-09,3.6323617411548e-09,6.31539464970861e-09
9.6555230355851e-09,1.08326428037719e-08,1.877697838668e-08,9.83870352102222e-09,1.8252129687053e-08,1.6051141713964e-08,1.37489009141003e-08,2.15314460879389e-08,5.24178048365122e-08,2.25193174870099e-08,3.98105700942573e-08,3.76851758307197e-08,2.3819485253144e-08,5.88949296825848e-08,2.62220355366517e-08,4.43571660918974e-08,4.73255398304252e-08,3.57994669266369e-08,6.86909186830989e-08,3.03959419907326e-08,1.51526218763726e-08,5.51663069027371e-08,2.64749333948753e-08,4.82578957030672e-08,2.3087983562146e-08,1.1511561641749e-08,1.10282972508799e-08,1.99730060252312e-08,1.1935053821547e-08,1.93152516639101e-08,9.50537654019595e-09,9.0860767160352e-09,6.40034708784875e-09,9.82959756840686e-09,9.31718875056782e-09,1.05855940453433e-08,7.39140415776003e-09,5.1945952729828e-09,4.63676940384092e-09,7.73539435856824e-09,6.08029809092737e-09,8.60071079134129e-09,4.44594073486647e-09,3.8514609790815e-09,3.60206822147897e-09,5.14414955340659e-09,4.27926778219091e-09,5.60595489143155e-09,7.35747839715978e-09,1.00205369524507e-08,1.60616675031107e-08,9.1919040291848e-09,1.61843243251937e-08,1.33064281733611e-08,1.23552031964932e-08,1.8440615680976e-08,4.03229288533009e-08,1.95038626321479e-08,3.12207613130006e-08,3.02569510535178e-08,2.08996146306108e-08,4.6312638482309e-08,1.95623816143613e-08,3.5343607631598e-08,3.6692045604978e-08,2.8401189642234e-08,5.12734354626817e-08,2.21788495893887e-08,1.03023790686894e-08,4.10132639421829e-08,1.95134201659234e-08,3.63461990583622e-08,1.65715171346389e-08,8.32960167402936e-09,8.53675389744481e-09,1.48564874691321e-08,8.40650764948675e-09,1.35849907576808e-08,6.89337326479781e-09,7.05534426557906e-09,4.82032357438756e-09,7.15396318009942e-09,6.69793553349536e-09,7.25432090337502e-09,5.68594424082353e-09,3.8927084581156e-09,3.689318464645e-09,5.56407479994163e-09,4.69900873567196e-09,6.6168370238067e-09,3.27034551762925e-09,3.091434664721e-09,2.66652248020664e-09,3.86044870132809e-09,3.61523024265725e-09,4.45323443695164e-09
