5.80685191960446e-08,2.91276845971147e-08,1.24774357249383e-08,4.74987030357534e-08,2.62755118816578e-08,4.34120810939741e-08,2.51845651129653e-08,1.06411173472411e-08,9.86115059579126e-09,2.28096978946857e-08,1.10855362692649e-08,2.21672376594035e-08,9.21110320765401e-09,8.7682626528388e-09,5.40937821787884e-09,9.51545436488107e-09,9.50168474421748e-09,9.92528712442624e-09,7.90681139743562e-09,4.81455898574476e-09,3.81091447156901e-09,8.59974926584142e-09,5.0941855494819e-09,8.46753285501409e-09,4.52922743152769e-09,3.6842296860084e-09,2.90073895327394e-09,4.86323916156222e-09,3.88601667825182e-09,5.22653380385583e-09,3.55719675295569e-09,2.79770113551576e-09,2.82183263472144e-09,3.72028075749139e-09,3.50033958479267e-09,4.1485647544087e-09,2.27078223465181e-09,2.3103571433093e-09,2.13936215482225e-09,2.77092745802338e-09,2.87439254191699e-09,3.1078256669737e-09,2.01929115011904e-09,1.79783898671314e-09,1.7483741704205e-09,2.44090708665781e-09,2.32646514996274e-09,3.02838508305087e-09,4.19023375329537e-08,1.88517338210659e-08,8.60624305164575e-09,3.44343297288532e-08,1.87023572455532e-08,3.26364368352469e-08,1.648238163568e-08,7.67618694539198e-09,7.28722098904492e-09,1.60570694432562e-08,7.9880415172596e-09,1.52304531198422e-08,6.52160135451973e-09,6.44856844409751e-09,4.45846384479095e-09,6.66797375058891e-09,6.61249181317714e-09,6.92961873362584e-09,5.96043150243678e-09,4.02981272137357e-09,2.70692745643875e-09,6.18208733799046e-09,3.85129189652104e-09,5.89766672093167e-09,3.76252175801652e-09,2.46928857841998e-09,1.76083381595674e-09,3.64561928209561e-09,2.48891419042743e-09,3.13699772855474e-09,2.44791700813258e-09,1.88291628030796e-09,2.50810633731498e-09,2.60141022410819e-09,2.67954746871342e-09,3.38110649032215e-09,1.48993308741076e-09,2.03741014892657e-09,1.5036644915481e-09,2.16246494562801e-09,2.42174186383606e-09,2.19594880634571e-09,1.87063294961281e-09,1.17873859224519e-09,1.34571517304775e-09,2.11083757087934e-09,1.80057293858545e-09,2.7008943507333e-09
2.91276845971147e-08,9.33696026178748e-08,3.07179986487994e-08,5.77160966568922e-08,7.66172963696747e-08,4.47556720510932e-08,8.02477263500489e-08,2.63421869255598e-08,1.18646899961575e-08,6.54915585128953e-08,2.38998391583753e-08,6.2064948789512e-08,2.28132374364168e-08,1.03408368014568e-08,1.07471303323519e-08,2.05108204246314e-08,1.12344392029797e-08,2.07473574795395e-08,8.97467734445109e-09,9.37884244891728e-09,5.36613021966265e-09,9.71905279333984e-09,1.04314379635741e-08,9.73803334530464e-09,8.93651305129799e-09,5.24307991202731e-09,3.85635094821586e-09,9.818943100692e-09,6.29552789256359e-09,1.09406543237372e-08,5.22668815267325e-09,3.76442289660146e-09,4.20504036902212e-09,6.14784009653592e-09,4.59672906126896e-09,6.551207547053e-09,3.40514876566223e-09,3.76735719980929e-09,3.55974988329456e-09,4.09725721968846e-09,4.50871473675936e-09,4.68571422944759e-09,3.29351205378471e-09,2.99192066565654e-09,2.23958594335879e-09,3.78836713591917e-09,3.0783817201711e-09,3.78602878014108e-09,2.27702566442176e-08,6.11833782444747e-08,2.31735799436616e-08,4.51539814690647e-08,5.05815583353817e-08,3.62769248379871e-08,5.4003708810478e-08,2.05877063138651e-08,7.22053005796393e-09,4.50233640198339e-08,1.69204103112589e-08,3.98744299558648e-08,1.77258799247861e-08,6.25724083839981e-09,7.56058349826505e-09,1.42176734954325e-08,6.63554833266301e-09,1.52463359634626e-08,5.77842423929674e-09,6.62785251431301e-09,4.19898055550659e-09,6.0654049064306e-09,7.71019695221504e-09,6.37279692590771e-09,6.31288469963258e-09,4.04864261643111e-09,2.84297303795536e-09,7.0003738579833e-09,4.79765654511862e-09,6.75942573533152e-09,4.06712937917954e-09,3.013122245263e-09,3.65984687945449e-09,4.92069868099297e-09,3.75884561493534e-09,5.59191650641461e-09,2.64194063630231e-09,3.06106147492212e-09,2.17190459001556e-09,3.16139571844884e-09,3.53058864800418e-09,3.37550241103346e-09,2.73397399380168e-09,1.82182861079887e-09,1.99931243177312e-09,2.96678950317133e-09,2.1184688301685e-09,3.17968111454062e-09
1.24774357249383e-08,3.07179986487994e-08,6.27112822405683e-08,2.49434840712337e-08,5.41296816993768e-08,4.58196063277653e-08,2.63517763775807e-08,5.3671146568793e-08,2.26505643476908e-08,4.60244437693218e-08,4.24103621777361e-08,3.62109637964371e-08,4.68688980279501e-08,1.93496423042205e-08,1.04712505846814e-08,3.66379747957843e-08,1.88008666695588e-08,3.49215664584844e-08,1.65972851720613e-08,8.86876262874473e-09,8.33671449794123e-09,1.60437495261487e-08,8.83378238246828e-09,1.48685599216278e-08,7.78747433836464e-09,7.68231140454629e-09,4.5253911384097e-09,7.78712949238788e-09,8.94624082910304e-09,8.53691183235789e-09,7.03826668695757e-09,4.11276613105726e-09,4.1167690686138e-09,8.16107596847959e-09,5.01695734629224e-09,8.57578681007107e-09,3.57978999511991e-09,3.39148463191607e-09,2.65519688605849e-09,4.08415430616434e-09,3.66205264693011e-09,4.46061179389504e-09,3.19163730004186e-09,2.38492459241272e-09,2.07505499300081e-09,3.26005211286867e-09,2.56769216205978e-09,3.2152911383725e-09,8.97983755282541e-09,2.12603158723458e-08,4.25099205569673e-08,1.81449111206195e-08,3.78322683047265e-08,3.26448259457115e-08,1.84621845770835e-08,3.77896155447792e-08,1.53474049735663e-08,3.32776215282796e-08,2.96616303248191e-08,2.58525197735624e-08,3.28522110222261e-08,1.31343262548209e-08,6.84813259600025e-09,2.53175281083092e-08,1.2856655359529e-08,2.48385619163748e-08,1.17191652965301e-08,5.94722302062869e-09,5.82571904931501e-09,1.14906993232786e-08,6.09269251382003e-09,1.00531633933238e-08,5.2546811508125e-09,5.49698953617738e-09,3.17734255127195e-09,5.56136104810393e-09,5.78201738145419e-09,5.39486564894192e-09,5.34626821511231e-09,3.09446717676631e-09,3.20090520897456e-09,5.63933638561243e-09,3.71736533377124e-09,6.41228145464947e-09,2.68941815271664e-09,2.57941283962082e-09,2.08861162813047e-09,3.0750644079506e-09,2.69556307364575e-09,3.26394968539915e-09,2.39491027609315e-09,1.8718810180769e-09,1.35782522702019e-09,2.37227327405119e-09,2.02330264939289e-09,2.25553323018098e-09
4.74987030357534e-08,5.77160966568922e-08,2.49434840712337e-08,7.95943144142791e-08,4.45815831849395e-08,6.34600922244642e-08,5.00582901302461e-08,2.11583640495164e-08,1.08527848047659e-08,3.83719844029815e-08,1.89344897971134e-08,3.52748691353209e-08,1.81309187570543e-08,9.38782991036285e-09,1.06642001308383e-08,1.59822054635052e-08,1.02961324528563e-08,1.65061671635782e-08,7.96266788314766e-09,9.26979330413319e-09,5.26692814070917e-09,8.79346155817796e-09,1.02087006830233e-08,8.83511191783593e-09,8.62271463351648e-09,4.94234813550251e-09,3.94714037342732e-09,9.41913121434125e-09,5.84122337936204e-09,1.05389764739657e-08,4.84668922441742e-09,3.90754201686365e-09,3.90365142522834e-09,5.69692240601489e-09,4.66254313731107e-09,6.11964979045108e-09,3.29172743444804e-09,3.37817428829048e-09,3.17687081595088e-09,3.90807742318774e-09,4.04364860638861e-09,4.50355972112187e-09,2.74949424016517e-09,2.62258775956276e-09,2.21394875725131e-09,3.23613481721019e-09,3.15047020839453e-09,3.73703063160856e-09,3.44183129431516e-08,4.05012439813616e-08,1.88096804407478e-08,5.80953076293456e-08,3.26015989880871e-08,4.80025624866153e-08,3.56304385061012e-08,1.63380720175505e-08,6.95043624607826e-09,2.8215645684427e-08,1.33510225330473e-08,2.44307898037235e-08,1.37323018623689e-08,6.08990143110355e-09,7.62670950295631e-09,1.08733598329471e-08,6.51796301532336e-09,1.1741520317608e-08,5.58490208481221e-09,6.64685123988313e-09,3.62420304267847e-09,5.94754287235797e-09,7.03612408304311e-09,6.33339952118245e-09,6.20004607420426e-09,3.55870368410741e-09,2.89258696637125e-09,6.55418568630669e-09,4.1678885938223e-09,6.83742631935115e-09,3.53152824501562e-09,2.93606014266783e-09,3.27241122372993e-09,4.2202874992733e-09,3.38947158191834e-09,4.85696346561573e-09,2.29262649251065e-09,2.726961247715e-09,2.17222490628859e-09,2.65446185548007e-09,3.26516242786905e-09,2.91100850065715e-09,2.41237077562861e-09,1.75721315908953e-09,2.11208955226822e-09,2.78123505925184e-09,2.35211903214073e-09,3.26315717918517e-09
2.62755118816578e-08,7.66172963696747e-08,5.41296816993768e-08,4.45815831849395e-08,1.0965336262606e-07,7.02839966987515e-08,6.55010576503434e-08,4.60171039198434e-08,2.1133889922856e-08,9.31954509507624e-08,3.61147418439162e-08,7.94826513800586e-08,3.99077262113499e-08,1.80362648299917e-08,1.02746627942629e-08,3.08232297105434e-08,1.77972963827885e-08,2.96266942676304e-08,1.55424904116662e-08,8.74848135643303e-09,9.1913358760221e-09,1.53962373960951e-08,9.21018784483617e-09,1.48832670586288e-08,8.34606643473610e-09,8.95752031065221e-09,5.31956492337905e-09,8.82527300338776e-09,1.04560324641288e-08,9.63266041648087e-09,8.67130055249244e-09,5.19077280313518e-09,5.12277840918864e-09,1.00850688365692e-08,6.46451415217047e-09,1.08122915080451e-08,4.70292418815149e-09,4.4354541508637e-09,3.7150203929647e-09,5.56940591952686e-09,5.07841904710212e-09,6.1777952619702e-09,4.10158726022313e-09,3.23564850986024e-09,2.51674977195277e-09,4.4609709291162e-09,3.34121618203177e-09,4.29930490470566e-09,2.07316349696812e-08,4.84233889938811e-08,3.90260685538364e-08,3.38884011621107e-08,7.28180157645625e-08,5.44322841553936e-08,4.27742118970779e-08,3.49577160494627e-08,1.38660288937018e-08,6.43983365715519e-08,2.62393960840589e-08,5.23777528940933e-08,3.05112230814529e-08,1.21298086828016e-08,6.33083415545801e-09,2.22951268464508e-08,1.15177286878642e-08,2.22932821631603e-08,1.09165057857208e-08,5.62196633709158e-09,6.61234582351938e-09,1.03447317674376e-08,6.19309622624014e-09,9.94664265628148e-09,5.40256633119059e-09,6.32964654559018e-09,3.7759508690948e-09,6.03328397298067e-09,7.3481853394627e-09,5.07752900348409e-09,6.34920153906944e-09,4.01908221794457e-09,4.50523716689974e-09,7.49854706213677e-09,4.95371533816669e-09,8.23081251224049e-09,3.5863680543514e-09,3.75253253380746e-09,2.64584660721726e-09,4.14884016226717e-09,4.19290384293478e-09,4.36344724731183e-09,3.45143692999729e-09,2.31604711444284e-09,1.7188170537758e-09,3.62143648491139e-09,2.40156422386336e-09,3.37282358465006e-09
4.34120810939741e-08,4.47556720510932e-08,4.58196063277653e-08,6.34600922244642e-08,7.02839966987515e-08,9.37307883037652e-08,3.8485875385258e-08,3.84456694565294e-08,1.87220380889285e-08,5.96188221467529e-08,2.93009371743188e-08,4.81865957987374e-08,3.29568129833981e-08,1.58168982484741e-08,9.82225556300603e-09,2.45945536789015e-08,1.60718572093626e-08,2.41027304647259e-08,1.3200606483834e-08,8.19766982881454e-09,8.76266085325259e-09,1.36024074733715e-08,8.68181574801699e-09,1.29682895761723e-08,7.4935530901131e-09,8.38511924186163e-09,4.86726776694004e-09,8.03170627808986e-09,9.55454100469325e-09,8.60620792701247e-09,8.04369882408583e-09,4.74585666651951e-09,4.62982480211876e-09,9.12585770960198e-09,6.03814290529384e-09,9.68528161173157e-09,4.16941885073e-09,3.97220886404243e-09,3.31998995654469e-09,5.11018467084878e-09,4.57696957788636e-09,5.68001908750847e-09,3.51231069645857e-09,2.8927224732543e-09,2.3161419077186e-09,3.84441412304692e-09,3.34384683941158e-09,4.09546020284008e-09,3.15859283973735e-08,3.03024903938984e-08,3.23751534471592e-08,4.55760567639781e-08,5.06284319709549e-08,6.89572238564544e-08,2.63082257583445e-08,2.85937546575635e-08,1.23149367013029e-08,4.39248151825748e-08,2.07640143391243e-08,3.37989270889435e-08,2.46350826224708e-08,1.06658953563692e-08,5.92092916829223e-09,1.72619317701442e-08,1.04628252883393e-08,1.73913756003585e-08,9.60849943264803e-09,5.22074485757534e-09,5.88741232517534e-09,9.42828480190246e-09,5.38220943435548e-09,9.13829450226714e-09,4.73776812444836e-09,5.55993365380833e-09,3.63051108865231e-09,5.28481373386627e-09,6.27713959650994e-09,4.87530238208257e-09,5.55243247746022e-09,3.65206391524051e-09,3.91595669033388e-09,6.23409700110345e-09,4.37089497936617e-09,7.05402242214422e-09,3.05989514092569e-09,3.25496451772179e-09,2.55632314049725e-09,3.45275877620131e-09,3.91586634116941e-09,3.72397275449939e-09,2.88515210334613e-09,2.19913730199282e-09,1.86927703888548e-09,3.42088480509166e-09,2.81248770135208e-09,3.53634474950077e-09
2.51845651129653e-08,8.02477263500489e-08,2.63517763775807e-08,5.00582901302461e-08,6.55010576503434e-08,3.8485875385258e-08,1.03005469874365e-07,3.1973996688491e-08,1.3741383097754e-08,8.75366426331052e-08,2.98659063818257e-08,8.42543494681055e-08,2.81092141856547e-08,1.20347393503305e-08,1.27105967850799e-08,2.60755807205471e-08,1.31498172451799e-08,2.6433254484822e-08,1.04534426231449e-08,1.11103697000493e-08,6.65120681579678e-09,1.14389416752899e-08,1.23024336767083e-08,1.19460104197722e-08,1.04007189761264e-08,6.31887748858401e-09,4.66731115096844e-09,1.13660621871349e-08,7.55196191914101e-09,1.2643291603971e-08,6.19772802890977e-09,4.54180612475124e-09,4.86009322872769e-09,7.31881409996464e-09,5.32317527805224e-09,7.73369229248531e-09,3.98545528663088e-09,4.0699624320107e-09,4.03909290894847e-09,4.61802943105685e-09,5.05359218305169e-09,5.55256043419519e-09,3.55509122505496e-09,3.40020355270998e-09,2.49736694661155e-09,4.20433348366512e-09,3.40025923592336e-09,4.26447344615982e-09,1.99517182771576e-08,5.39856959723812e-08,2.05753939512331e-08,3.98408562940806e-08,4.49984251942038e-08,3.22345276498001e-08,7.07825292291773e-08,2.51992582348991e-08,8.30388210872217e-09,6.21494155622811e-08,2.13022605916456e-08,5.71252282504755e-08,2.18783196997093e-08,7.19786031104918e-09,8.8836225716082e-09,1.82048856499106e-08,7.91797584109595e-09,1.92991215807263e-08,6.43081172046410e-09,7.77071028695006e-09,5.36235917095129e-09,7.04564228278801e-09,9.2781194398953e-09,7.55830430819553e-09,7.25570101871062e-09,5.02147316088788e-09,3.00245146092333e-09,8.25817659328953e-09,5.45994168032516e-09,7.36034062593575e-09,5.05305798504362e-09,3.15308466315003e-09,4.17925440044985e-09,5.54020959670052e-09,3.94552381886504e-09,6.32103756118884e-09,2.71971924387030e-09,3.24146502044803e-09,2.76645218810947e-09,3.25585683884289e-09,4.49219714529718e-09,3.99857528901847e-09,2.86831762399129e-09,2.33728728491443e-09,2.07382561106778e-09,3.67795001665196e-09,2.18965939188497e-09,3.51327580091842e-09
1.06411173472411e-08,2.63421869255598e-08,5.3671146568793e-08,2.11583640495164e-08,4.60171039198434e-08,3.84456694565294e-08,3.1973996688491e-08,6.21578303016035e-08,2.56600014444556e-08,5.51351326494122e-08,4.96203584851756e-08,4.41013266227762e-08,5.47922436511993e-08,2.21764941115971e-08,1.24827545944344e-08,4.34076657012862e-08,2.15019183890362e-08,4.12488251341847e-08,1.89022648569157e-08,1.03058518201683e-08,9.88064342963676e-09,1.82043703191033e-08,1.0322152663111e-08,1.71622234835661e-08,9.01265017347788e-09,8.9489587626598e-09,5.3042713953813e-09,9.02107567954449e-09,1.0500249253229e-08,9.8715058707342e-09,8.00156020507915e-09,4.86699067034507e-09,4.75507382368339e-09,9.45593197564842e-09,5.78712270405889e-09,9.61483525485739e-09,4.13597911383162e-09,3.8915226904592e-09,3.15924405606648e-09,4.69421757597940e-09,4.3654931399319e-09,5.30259944192928e-09,3.4270020173543e-09,2.75856017163625e-09,2.19762542339625e-09,3.67850188966043e-09,2.74119371824602e-09,3.49622853387408e-09,7.6452575979851e-09,1.84474526421668e-08,3.77815051208527e-08,1.60365963560493e-08,3.32587779359062e-08,2.90485510292829e-08,2.22279178999819e-08,4.39938279880448e-08,1.73507741547576e-08,4.00644008001232e-08,3.51079597117888e-08,3.20926188492909e-08,3.86458300836707e-08,1.52873546414507e-08,8.2692245500345e-09,3.06763736839032e-08,1.46451857650602e-08,2.93322638307009e-08,1.34815486948971e-08,7.09181554522113e-09,7.02628767223087e-09,1.2832931962179e-08,7.51479332222022e-09,1.1225977176567e-08,6.14022734671177e-09,6.36609958779367e-09,3.69993329585304e-09,6.76097764762637e-09,6.85725181395845e-09,6.57739031434139e-09,5.85624952732357e-09,3.5981043090222e-09,3.75457422247894e-09,6.58381950656945e-09,4.35001968455401e-09,6.93131024740938e-09,2.92339912140298e-09,3.20520569882027e-09,2.58909086605322e-09,3.55996220040257e-09,3.62977185482079e-09,3.83303828422728e-09,2.79644105510618e-09,2.25271049063246e-09,1.36646643293947e-09,2.98262565263487e-09,2.2385696644791e-09,2.58192453792905e-09
9.86115059579126e-09,1.18646899961575e-08,2.26505643476908e-08,1.08527848047659e-08,2.1133889922856e-08,1.87220380889285e-08,1.3741383097754e-08,2.56600014444556e-08,6.78783438276226e-08,2.43870857713647e-08,5.19482232056351e-08,4.74249984257328e-08,2.21812160005111e-08,5.77962218576845e-08,2.73449430745076e-08,4.4317906997133e-08,4.83871219757379e-08,3.70812441034891e-08,4.91814415871648e-08,2.27152288010798e-08,1.07962684761635e-08,4.06419884850527e-08,1.90502253091227e-08,3.48934381683367e-08,1.98806618555765e-08,8.93687707119446e-09,1.00221620732303e-08,1.63440942273674e-08,9.13581498125142e-09,1.58665153395834e-08,7.39385382486551e-09,8.92083547483726e-09,5.4229818013514e-09,7.68593421298806e-09,9.20502694493077e-09,8.04773130489508e-09,7.49250491927235e-09,4.50813212083754e-09,3.13233932400554e-09,7.88400090072035e-09,5.28184812634821e-09,8.49768705195294e-09,4.04268516420693e-09,2.73929169566336e-09,2.3888479591443e-09,4.63332635822962e-09,3.04026110914209e-09,4.98200593246839e-09,7.14802033719029e-09,8.47796589781843e-09,1.60244582230526e-08,8.72831268102643e-09,1.54389173187402e-08,1.43297916659997e-08,1.04744162844484e-08,1.80562249044569e-08,4.20779914107051e-08,1.84851313032446e-08,3.19057364529429e-08,3.17969308013226e-08,1.58780710703175e-08,3.65554758094597e-08,1.78776540782249e-08,2.78607334473636e-08,3.09947876968126e-08,2.35642195101149e-08,3.21767869174587e-08,1.54366446142442e-08,7.44735426947665e-09,2.72802354358466e-08,1.28691744460572e-08,2.27255730194475e-08,1.33495448557306e-08,6.37017064488413e-09,7.08382986697237e-09,1.11522936295446e-08,6.16933366763912e-09,1.00933712813779e-08,5.57786620706936e-09,6.33072699726058e-09,4.39939388382948e-09,5.70899100736916e-09,6.79091706458858e-09,6.09366096889542e-09,5.18699750130018e-09,3.53013501799587e-09,2.25562693368842e-09,5.65078795343284e-09,4.35902752676865e-09,5.86628631819449e-09,3.20721995419416e-09,1.94671545402152e-09,1.45851680073859e-09,3.78673961849877e-09,2.21941827126043e-09,4.29770067608067e-09
2.28096978946857e-08,6.54915585128953e-08,4.60244437693218e-08,3.83719844029815e-08,9.31954509507624e-08,5.96188221467529e-08,8.75366426331052e-08,5.51351326494122e-08,2.43870857713647e-08,1.22322651640909e-07,4.44819109143745e-08,1.06749925324197e-07,4.84276381107827e-08,2.10782978152555e-08,1.26413643911481e-08,3.86143322812548e-08,2.11410156665197e-08,3.76391784700597e-08,1.80738795402348e-08,1.06011220599357e-08,1.1274202268774e-08,1.8173751608243e-08,1.11305369909755e-08,1.80298936076344e-08,1.00474050069098e-08,1.08362414429091e-08,6.4875452567127e-09,1.0566620967155e-08,1.27945433270593e-08,1.15249803237492e-08,1.032860683033e-08,6.35785367641517e-09,6.0840974484546e-09,1.22196551225404e-08,7.58051110285217e-09,1.27343012167143e-08,5.54945199168884e-09,4.98548366179729e-09,4.3524047685939e-09,6.32899768593463e-09,6.00083473871491e-09,7.34403324006999e-09,4.44016912530686e-09,3.76282467173202e-09,2.85388137532802e-09,5.13241684885276e-09,3.75953853716519e-09,4.91744869306713e-09,1.81142038665412e-08,4.27458315272323e-08,3.49402580216508e-08,2.99595501169866e-08,6.43605820575831e-08,4.83616696556828e-08,5.86167011629922e-08,4.19470416041443e-08,1.58967394126591e-08,8.67623479412932e-08,3.23909878847763e-08,7.35366124607136e-08,3.69072616694148e-08,1.42170644544935e-08,7.75695872648912e-09,2.82947981576065e-08,1.38437072679262e-08,2.78998890267835e-08,1.24821292219632e-08,6.73895622108018e-09,8.29093971173148e-09,1.20538785939955e-08,7.71160122187833e-09,1.16618353695739e-08,6.39377639920361e-09,7.79727881811964e-09,4.33123756146474e-09,7.36428149127011e-09,9.17369910583685e-09,6.05714389338888e-09,7.66948846246259e-09,4.49241335154907e-09,5.13523593235852e-09,9.15503772747216e-09,5.54133504556009e-09,9.80960991166331e-09,3.74313008114111e-09,4.15750502870489e-09,3.30127462753743e-09,4.43716448486471e-09,5.40275049289577e-09,5.02989820994708e-09,3.72249752424501e-09,2.8368643674521e-09,1.92128478774733e-09,4.45866957103372e-09,2.72290633851611e-09,3.78168686245825e-09
1.10855362692649e-08,2.38998391583753e-08,4.24103621777361e-08,1.89344897971134e-08,3.61147418439162e-08,2.93009371743188e-08,2.98659063818257e-08,4.96203584851756e-08,5.19482232056351e-08,4.44819109143745e-08,8.27519591359042e-08,7.27928964333987e-08,4.34114719034523e-08,4.43155021018601e-08,2.42573791182097e-08,7.2062467963819e-08,3.77046109770777e-08,6.18062013065824e-08,3.78603610229877e-08,2.00308851448583e-08,9.99903828549398e-09,3.15748014005957e-08,1.68005746493031e-08,2.67673209549264e-08,1.7454631450281e-08,8.37258225848906e-09,1.05483364029071e-08,1.45005887319891e-08,9.2423668988637e-09,1.44965237216953e-08,6.97367885109677e-09,9.65986827474718e-09,5.95860794350558e-09,7.87077430204535e-09,1.00056304496342e-08,8.16692501080682e-09,8.41404177203342e-09,4.92936910519837e-09,3.81284355290816e-09,8.62061173740331e-09,5.77141904999896e-09,9.38850220208182e-09,4.46586312896159e-09,3.32213075376051e-09,2.45188113019065e-09,4.93087230526529e-09,3.3273161833774e-09,4.97995408431807e-09,8.35448145592991e-09,1.66532196780131e-08,2.90359542311754e-08,1.5039975295497e-08,2.57442688792058e-08,2.27119999480307e-08,2.12307869431615e-08,3.43383469476992e-08,3.20605239132527e-08,3.22659447961453e-08,5.3049220485086e-08,4.88785701577865e-08,2.98364044029105e-08,2.77239090014733e-08,1.51100441279941e-08,4.63118066019535e-08,2.44107125009438e-08,4.10065400906553e-08,2.45282187665559e-08,1.30015871042093e-08,6.75029643479323e-09,2.13022198877587e-08,1.11242537848982e-08,1.73594505142156e-08,1.10082453760202e-08,5.69652022060832e-09,6.99699546017381e-09,9.60235434067284e-09,5.74040324647228e-09,8.8808518843769e-09,5.06352040385398e-09,6.47310010519852e-09,4.72677401147095e-09,5.1865502805181e-09,6.68088868829404e-09,5.80000839023693e-09,5.50165718873937e-09,3.8506200784587e-09,3.12296716043343e-09,5.61938343729344e-09,4.91447448540319e-09,6.3800631740236e-09,3.52405990484018e-09,2.78774361898949e-09,1.40406272423686e-09,4.19397909998418e-09,2.41049181373044e-09,3.93762539976219e-09
2.21672376594035e-08,6.2064948789512e-08,3.62109637964371e-08,3.52748691353209e-08,7.94826513800586e-08,4.81865957987374e-08,8.42543494681055e-08,4.41013266227762e-08,4.74249984257328e-08,1.06749925324197e-07,7.27928964333987e-08,1.48901708007789e-07,3.82973650973673e-08,4.02994241526876e-08,2.24878307695462e-08,6.28420608160751e-08,3.49367133616649e-08,5.52848869542719e-08,3.44869868040798e-08,1.87659479282382e-08,9.97793293596659e-09,2.95471705383189e-08,1.61522183338772e-08,2.59757297716633e-08,1.6921522749601e-08,8.88030769493072e-09,1.14589517208303e-08,1.46571105681702e-08,1.01290396581411e-08,1.45698670793491e-08,8.18519273505813e-09,1.10238113045124e-08,7.25821180251847e-09,9.33747474527159e-09,1.1669620599647e-08,1.01701106849777e-08,9.71796490127118e-09,5.77958527944794e-09,4.80595533716451e-09,1.01644464260504e-08,7.07163525687816e-09,1.13675710677144e-08,5.26851564354158e-09,4.13739126534425e-09,2.82346016586809e-09,6.03285682819614e-09,3.8891273581089e-09,5.94298193973896e-09,1.71706536393891e-08,3.91926637208669e-08,2.68755215451446e-08,2.79711452610123e-08,5.37948525406779e-08,3.98606041467783e-08,5.62093442509575e-08,3.27554687203792e-08,2.88387149736323e-08,7.51138036325601e-08,4.85023796602826e-08,9.91926027638733e-08,2.84337377037337e-08,2.52817205383873e-08,1.32197028367315e-08,4.22101393769225e-08,2.2400565510281e-08,3.83487753537519e-08,2.22437528928763e-08,1.14818947363791e-08,7.05821245567303e-09,1.96231583271318e-08,1.04597277040018e-08,1.72164980083782e-08,1.01857431926562e-08,6.3003786896996e-09,7.57925173076734e-09,9.56623369267265e-09,6.96430708313632e-09,7.55823902101135e-09,6.06330565554589e-09,7.28262702838794e-09,6.21348221738186e-09,6.70929436885667e-09,7.76458647052102e-09,7.96862193080528e-09,6.33759233002976e-09,4.72729327104806e-09,3.59376468117249e-09,6.52325157924179e-09,6.00896446964838e-09,7.21806835065138e-09,4.37122961734371e-09,3.20747661319185e-09,1.79859438303024e-09,5.0621863563769e-09,2.73486834979916e-09,4.88470328016957e-09
9.21110320765401e-09,2.28132374364168e-08,4.68688980279501e-08,1.81309187570543e-08,3.99077262113499e-08,3.29568129833981e-08,2.81092141856547e-08,5.47922436511993e-08,2.21812160005111e-08,4.84276381107827e-08,4.34114719034523e-08,3.82973650973673e-08,6.33303096601509e-08,2.52621924414586e-08,1.40027330366165e-08,5.01258733752319e-08,2.40114764856487e-08,4.7134491878967e-08,2.14212099703172e-08,1.16099743431683e-08,1.12990812685193e-08,2.04018806635394e-08,1.1715978756938e-08,1.92729502699038e-08,1.01754582524471e-08,1.01830705816331e-08,6.20431629302612e-09,1.0237658675303e-08,1.18542222759036e-08,1.10115127471865e-08,9.15002820562112e-09,5.61724539190084e-09,5.27895043165927e-09,1.06077742552015e-08,6.5696796089527e-09,1.09658451358006e-08,4.83040983811052e-09,4.3018521200387e-09,3.63652920271868e-09,5.38310453203241e-09,4.77711414018499e-09,6.1641654092826e-09,3.74592142356456e-09,3.03319645143702e-09,2.51188549287053e-09,3.94345881780482e-09,3.09497798602702e-09,3.93614873196969e-09,6.69399939713793e-09,1.63757424131275e-08,3.28350563281304e-08,1.408420610411e-08,2.90810584764275e-08,2.49958332772532e-08,1.98747454905423e-08,3.86440601679274e-08,1.52839308606417e-08,3.54429534387842e-08,3.06731996477795e-08,2.81646434668288e-08,4.47045151558458e-08,1.77651200612613e-08,9.29265284798024e-09,3.53609450829112e-08,1.6537257440019e-08,3.2658351916154e-08,1.56656786162679e-08,8.03863461343149e-09,8.16025205071056e-09,1.46016786739823e-08,8.76867942695735e-09,1.33522079799388e-08,6.99106684750328e-09,7.20437158998708e-09,4.20577482143361e-09,7.72724591853561e-09,8.01624483588432e-09,7.50254346158197e-09,6.73116854180745e-09,4.05151480541528e-09,4.04136474461486e-09,7.41462301956467e-09,4.69763125156547e-09,7.74151883481497e-09,3.32552396039168e-09,3.49122628437121e-09,2.76733883961369e-09,3.96377578880991e-09,3.79735843003176e-09,4.24055558088394e-09,2.97720281150843e-09,2.50600336127418e-09,9.16524534819861e-10,3.28532751343042e-09,1.76309602395501e-09,2.36132533497325e-09
8.7682626528388e-09,1.03408368014568e-08,1.93496423042205e-08,9.38782991036285e-09,1.80362648299917e-08,1.58168982484741e-08,1.20347393503305e-08,2.21764941115971e-08,5.77962218576845e-08,2.10782978152555e-08,4.43155021018601e-08,4.02994241526876e-08,2.52621924414586e-08,6.61705689823074e-08,3.10481648271091e-08,5.07690917514162e-08,5.47383506062806e-08,4.16573167235153e-08,5.59799734799797e-08,2.57832179097045e-08,1.21396558279253e-08,4.61645000775982e-08,2.16274870177461e-08,3.98137183661407e-08,2.25135770259156e-08,1.01364876982101e-08,1.11038835655633e-08,1.85886747784004e-08,1.03342129350185e-08,1.80648306957396e-08,8.4382532470354e-09,9.89686914872846e-09,6.14530920315465e-09,8.7304111251811e-09,1.05357702036138e-08,9.24842704893761e-09,8.36732546808643e-09,5.14043615847971e-09,3.77630103022876e-09,9.01576641597955e-09,6.10650444054506e-09,9.76649162212567e-09,4.52368903512579e-09,3.22399407410992e-09,2.85815919449892e-09,5.28089106404151e-09,3.49910445293225e-09,5.58961756727467e-09,6.39132632360195e-09,7.5901047708741e-09,1.3925581895854e-08,7.77715590728348e-09,1.33948360645109e-08,1.25456534921751e-08,9.27215988312179e-09,1.58742147527114e-08,3.65493201162963e-08,1.59037525176777e-08,2.78547862290534e-08,2.73991233883932e-08,1.82924688061231e-08,4.29025374703299e-08,2.09907059648205e-08,3.26666208391507e-08,3.63164289495066e-08,2.7161476149801e-08,3.73896602052172e-08,1.81143948166671e-08,8.77820649792954e-09,3.19440061649024e-08,1.52845476646841e-08,2.7218141339951e-08,1.57378726876892e-08,7.73074527342951e-09,7.62441498646102e-09,1.34120861802374e-08,7.32361510333291e-09,1.20830272355342e-08,6.80709348482251e-09,6.94043416587335e-09,4.79907403220967e-09,6.66882039165403e-09,7.53413147656974e-09,7.13976951276363e-09,5.73225603012758e-09,3.92694635423634e-09,2.9532746095508e-09,6.3515009873059e-09,5.03395164371299e-09,6.87464942453543e-09,3.46046618580297e-09,2.50580712481862e-09,1.7012198694666e-09,4.28884064454808e-09,2.58250322378508e-09,4.71081273532277e-09
5.40937821787884e-09,1.07471303323519e-08,1.04712505846814e-08,1.06642001308383e-08,1.02746627942629e-08,9.82225556300603e-09,1.27105967850799e-08,1.24827545944344e-08,2.73449430745076e-08,1.26413643911481e-08,2.42573791182097e-08,2.24878307695462e-08,1.40027330366165e-08,3.10481648271091e-08,8.12354822224628e-08,2.71811238527352e-08,6.28437154334084e-08,5.59404739953361e-08,2.57907252742218e-08,6.76240960929614e-08,2.73728340658977e-08,5.23681020152231e-08,4.98363489629187e-08,3.7284155624586e-08,6.00520692613847e-08,2.34461456173034e-08,1.28320351416039e-08,4.35533717495071e-08,2.09446391587767e-08,3.94228942963786e-08,2.01093831477642e-08,1.1109450345858e-08,1.36267367363932e-08,1.78823925447916e-08,1.2190881916398e-08,1.78863801132126e-08,9.74089069988695e-09,1.16372022981826e-08,5.94538473690113e-09,1.03961405538227e-08,1.2633738876012e-08,1.11490205248471e-08,1.0240746564742e-08,4.93054146528496e-09,3.76504541136292e-09,1.099204046594e-08,5.09230439695906e-09,1.15397912508599e-08,3.87560299804931e-09,8.78735489502023e-09,7.27460188619048e-09,8.43883862542734e-09,8.01809027035172e-09,7.6977768772628e-09,1.02461084934638e-08,8.57643752211985e-09,1.79190785847278e-08,9.76224664591084e-09,1.4577109910043e-08,1.59002074606039e-08,1.03408817243094e-08,2.08902230628683e-08,4.97928601860985e-08,1.7501258254323e-08,3.81705246262399e-08,3.19632278593916e-08,1.77932552043933e-08,4.32662406847263e-08,1.8183612574269e-08,3.30951690148341e-08,3.21993863924348e-08,2.35973762502231e-08,3.87474501835166e-08,1.65329819898489e-08,7.56554395075198e-09,2.89093137916056e-08,1.34345523098636e-08,2.48572583003552e-08,1.49720391901157e-08,6.92118316743434e-09,8.80034256396787e-09,1.25945161824869e-08,7.96523986076501e-09,1.24254320948827e-08,5.93687380999397e-09,7.30380106432273e-09,4.65127336951281e-09,6.56638974304603e-09,8.85978864701352e-09,7.39637995882715e-09,6.40297654255647e-09,3.81253410161895e-09,2.5852487563154e-09,7.82337489751207e-09,3.7739696539481e-09,7.99275737104626e-09
9.51545436488107e-09,2.05108204246314e-08,3.66379747957843e-08,1.59822054635052e-08,3.08232297105434e-08,2.45945536789015e-08,2.60755807205471e-08,4.34076657012862e-08,4.4317906997133e-08,3.86143322812548e-08,7.2062467963819e-08,6.28420608160751e-08,5.01258733752319e-08,5.07690917514162e-08,2.71811238527352e-08,8.34366090513442e-08,4.21696219880269e-08,7.03868388573808e-08,4.28810691738634e-08,2.23678320656725e-08,1.12133326895517e-08,3.53045047799962e-08,1.88217488097512e-08,3.03220127188412e-08,1.94535246191757e-08,9.47792936568266e-09,1.17348151608675e-08,1.62553870963747e-08,1.03237038792119e-08,1.60927457691286e-08,8.00599533109003e-09,1.0765681430142e-08,6.75020079929289e-09,8.86983930039315e-09,1.15528605107059e-08,9.35502182431908e-09,9.47274357799086e-09,5.60618272652454e-09,4.43941747817322e-09,1.00702616252117e-08,6.59140352276921e-09,1.09489854019748e-08,5.05115692964602e-09,3.83130919805796e-09,2.83826594768222e-09,5.64669393829965e-09,3.75756968755693e-09,5.67308028403894e-09,7.14308844804348e-09,1.51032574988233e-08,2.48578144267559e-08,1.30529506260289e-08,2.22664797220364e-08,1.92046061645774e-08,1.92012606453462e-08,2.98323944851057e-08,2.77172032852847e-08,2.81230757216452e-08,4.63053961293153e-08,4.26874696442042e-08,3.46115853096014e-08,3.32743048797565e-08,1.73094869765447e-08,5.42109579842259e-08,2.84183264880492e-08,4.66458123478423e-08,2.89065236128969e-08,1.4807470989102e-08,7.73266843512229e-09,2.46687014834211e-08,1.30722020098991e-08,2.10864748557247e-08,1.25883898482593e-08,6.67070883624416e-09,7.68064693969468e-09,1.12839608367772e-08,6.54099222496538e-09,1.03842640998844e-08,5.98597883238805e-09,7.06225983403427e-09,5.21251464669163e-09,5.7968534806268e-09,7.36444892189606e-09,6.66207237501631e-09,6.07654514843594e-09,4.40199740339698e-09,3.79332135049353e-09,6.42542002108439e-09,5.62966768037295e-09,7.3558466703012e-09,3.97885418078569e-09,3.47367281135589e-09,1.59650321668658e-09,4.95237105496884e-09,2.72927289174786e-09,4.54319131263133e-09
9.50168474421748e-09,1.12344392029797e-08,1.88008666695588e-08,1.02961324528563e-08,1.77972963827885e-08,1.60718572093626e-08,1.31498172451799e-08,2.15019183890362e-08,4.83871219757379e-08,2.11410156665197e-08,3.77046109770777e-08,3.49367133616649e-08,2.40114764856487e-08,5.47383506062806e-08,6.28437154334084e-08,4.21696219880269e-08,9.42743702651227e-08,7.55574862032274e-08,4.6168672300791e-08,5.23622992321336e-08,2.44936164167867e-08,7.99133971828211e-08,3.71682962919586e-08,6.01396448531843e-08,4.61607808768743e-08,2.08159562796299e-08,1.32678650177005e-08,3.21534814516507e-08,1.90511689797636e-08,2.89682965067103e-08,1.74718232185463e-08,1.12683245868002e-08,1.44811331276065e-08,1.59784139138845e-08,1.1975269200466e-08,1.62401750903745e-08,9.5863469809584e-09,1.19662397785443e-08,6.09374371923324e-09,9.87593879499314e-09,1.29710497828481e-08,1.10554963336615e-08,1.06916685627607e-08,5.18472533541743e-09,3.71182910162955e-09,1.13579200329827e-08,5.16751655454668e-09,1.18223643528772e-08,6.91077746451266e-09,8.37303145363956e-09,1.36191212445811e-08,8.64312691777289e-09,1.36966316589856e-08,1.31920861490228e-08,1.01904570667337e-08,1.50387341481088e-08,3.15501414873588e-08,1.63610615754217e-08,2.34984098712427e-08,2.47029938102633e-08,1.70839609274661e-08,3.6728315677179e-08,3.95505056565843e-08,2.71637980463082e-08,6.0747733474908e-08,4.59883414464183e-08,3.20788631824453e-08,3.43645475996434e-08,1.56362018612671e-08,5.35157364988183e-08,2.41590438807046e-08,4.02634891248724e-08,3.04825527907471e-08,1.44765251927872e-08,7.69037853490814e-09,2.19090519883416e-08,1.21722132666868e-08,1.83586062901748e-08,1.30145138978001e-08,7.04159943471713e-09,8.9106170422324e-09,1.11994865513624e-08,7.63569870646293e-09,1.13048953049475e-08,5.81093775590566e-09,7.13875736761578e-09,4.66957232346423e-09,6.20220884353017e-09,8.67322440547786e-09,7.27693778564195e-09,6.39636787669039e-09,3.99287906566259e-09,1.80082658662265e-09,7.74166210199064e-09,3.48866241550115e-09,7.39311974435609e-09
9.92528712442624e-09,2.07473574795395e-08,3.49215664584844e-08,1.65061671635782e-08,2.96266942676304e-08,2.41027304647259e-08,2.6433254484822e-08,4.12488251341847e-08,3.70812441034891e-08,3.76391784700597e-08,6.18062013065824e-08,5.52848869542719e-08,4.7134491878967e-08,4.16573167235153e-08,5.59404739953361e-08,7.03868388573808e-08,7.55574862032274e-08,1.12235859100415e-07,3.49863472259365e-08,4.63205560908785e-08,2.25500335705046e-08,6.37665074795782e-08,3.28388431658313e-08,4.72397900154705e-08,4.05970396894197e-08,1.91081225548968e-08,1.29782598829761e-08,2.83615785493283e-08,1.79088677469515e-08,2.57464908041031e-08,1.61139814036118e-08,1.11600409062821e-08,1.44476240123745e-08,1.51374619771521e-08,1.19925003677966e-08,1.53581889052406e-08,9.66688121889362e-09,1.19778170891653e-08,6.75052479260621e-09,9.94747287791575e-09,1.32559772299282e-08,1.11337576782121e-08,1.08031412776003e-08,5.69223501634581e-09,3.50644980993789e-09,1.15388796546528e-08,5.2233841452335e-09,1.1524221399433e-08,7.48282764673247e-09,1.54717872348347e-08,2.44992526153929e-08,1.35947590342645e-08,2.25412811475167e-08,1.94840023815395e-08,1.98530925917378e-08,2.87144395412784e-08,2.3696344272605e-08,2.86482948761408e-08,3.96377319410876e-08,3.88507530433021e-08,3.28590355480589e-08,2.77509838196529e-08,3.37417308074363e-08,4.58812226568707e-08,4.89280452608941e-08,7.13101791319892e-08,2.42600678948393e-08,2.92726849739862e-08,1.41603088190585e-08,4.3001514991991e-08,2.12653149851925e-08,3.20804288483829e-08,2.5695907672717e-08,1.29019607394652e-08,7.59862541648445e-09,1.90842552227172e-08,1.12959125767133e-08,1.61164516721508e-08,1.17624543559291e-08,6.78229673215592e-09,8.5333292960182e-09,1.01888734980423e-08,7.05676342310774e-09,1.05667037902946e-08,5.83820821548778e-09,7.0599690035202e-09,5.24039916943193e-09,6.01634139401219e-09,8.95536078846508e-09,7.37985857091667e-09,6.42674608464425e-09,4.69980262164378e-09,1.65108368923995e-09,8.16889064150846e-09,3.47580937715465e-09,6.90563784601335e-09
7.90681139743562e-09,8.97467734445109e-09,1.65972851720613e-08,7.96266788314766e-09,1.55424904116662e-08,1.3200606483834e-08,1.04534426231449e-08,1.89022648569157e-08,4.91814415871648e-08,1.80738795402348e-08,3.78603610229877e-08,3.44869868040798e-08,2.14212099703172e-08,5.59799734799797e-08,2.57907252742218e-08,4.28810691738634e-08,4.6168672300791e-08,3.49863472259365e-08,6.63336605153615e-08,2.96656365233594e-08,1.3824889769724e-08,5.47822146723669e-08,2.504603132531e-08,4.76052378753745e-08,2.53297067069695e-08,1.15442489279309e-08,1.28256915947294e-08,2.10082447294889e-08,1.18282080833145e-08,2.04006848813635e-08,9.70601135783089e-09,1.14842819687477e-08,6.86839198458389e-09,1.00856257338579e-08,1.19225588277849e-08,1.06775104108109e-08,9.71873897836902e-09,5.75520270060978e-09,4.29140480493789e-09,1.02206871925883e-08,6.9548883878803e-09,1.09278146249561e-08,5.15956061864533e-09,3.77606506535569e-09,3.38953300639398e-09,6.13692302466049e-09,4.05319185366504e-09,6.3573518904408e-09,5.98420769790239e-09,6.83865579756003e-09,1.21427401795241e-08,6.87400889286139e-09,1.13119943721387e-08,1.00546530143946e-08,8.38286931003184e-09,1.36326100324636e-08,3.21610793120515e-08,1.34750310188811e-08,2.47238942165006e-08,2.42573994005488e-08,1.58251935787945e-08,3.73860375940249e-08,1.81108422106853e-08,2.85492791183883e-08,3.19358350143502e-08,2.37973980570891e-08,4.56145883016518e-08,1.99184682865099e-08,1.01904308539164e-08,3.82026258171854e-08,1.73182064072808e-08,3.30962214813895e-08,1.72508233205044e-08,8.77269440525211e-09,8.90730441739715e-09,1.49602754828928e-08,8.26377865044052e-09,1.3701002686335e-08,7.78239189846671e-09,8.13081241667061e-09,5.13906881741072e-09,7.54135108166377e-09,8.41037526797407e-09,8.32105336128449e-09,6.68760185831384e-09,4.13896107916818e-09,3.4362225041916e-09,7.10401928737394e-09,5.40174876765893e-09,7.77253758885362e-09,3.65929766036153e-09,3.02921918157458e-09,2.12617398303333e-09,4.6902311386586e-09,3.22149653862511e-09,5.30764066292934e-09
