5.88185791129136e-08,3.06515174347636e-08,1.37644463040516e-08,4.91383513396067e-08,2.86265633496259e-08,4.37932399555121e-08,2.68338501169874e-08,1.20203439550944e-08,1.21180526155993e-08,2.51502426098005e-08,1.21493176442414e-08,2.40511922421803e-08,1.07144499406994e-08,1.09185884173545e-08,9.16189679149898e-09,1.08151022735395e-08,1.20157684111316e-08,1.14367168874213e-08,9.62053814626325e-09,8.06928182553499e-09,6.43984699709257e-09,1.06711916778386e-08,8.92820645734853e-09,1.0802815521501e-08,7.60711687045392e-09,6.24722614530698e-09,5.04925987559605e-09,8.51620518541643e-09,7.05380510766873e-09,8.97592564097246e-09,6.07308990073126e-09,4.96817027804387e-09,5.11767970256618e-09,6.87496634906933e-09,5.62467653627445e-09,7.49047644216491e-09,4.44125829267089e-09,4.37065377900338e-09,3.92566139325725e-09,4.86630314384354e-09,5.44326704612208e-09,5.94172951158714e-09,4.30542162088508e-09,3.75055007544654e-09,3.62884782724859e-09,5.49949635604153e-09,4.77954745296877e-09,6.25448804470780e-09,4.08422871625189e-08,2.03933353338106e-08,9.78864191514932e-09,3.6349110258886e-08,2.0592032682194e-08,3.34460152776393e-08,1.75275525047893e-08,8.50483994392738e-09,6.85066286832965e-09,1.78898157280594e-08,7.53995130415814e-09,1.41636070758548e-08,7.24578241658173e-09,6.50520504274972e-09,7.1632084860895e-09,7.10202227146117e-09,7.62485834331852e-09,8.23932636813457e-09,6.0388539370581e-09,6.62436620509364e-09,5.03691820169690e-09,7.13851105781881e-09,7.67765887937229e-09,8.11667728492306e-09,5.98339230272365e-09,4.94413009065514e-09,3.5382878535064e-09,7.03199533490034e-09,5.0724752624913e-09,6.70938830541186e-09,4.74256179639862e-09,3.38290083337248e-09,3.80786651520658e-09,4.97175945638227e-09,4.31185648982385e-09,5.65788948225871e-09,3.05491516926203e-09,3.49904350614242e-09,3.23581291108968e-09,3.54754465982867e-09,4.19539898566623e-09,4.13531737915687e-09,3.54542562267104e-09,3.0723069356123e-09,2.55457479366828e-09,4.54671130264837e-09,3.75071527611555e-09,5.05319575974620e-09
3.06515174347636e-08,1.21241684311217e-07,3.22393222528366e-08,6.00514295798217e-08,1.00725858050875e-07,4.67200338421037e-08,1.05663257672691e-07,2.77352406400695e-08,1.57674769490119e-08,8.73905589894468e-08,2.47807137631148e-08,8.0469873242548e-08,2.43288349304023e-08,1.35689283334652e-08,1.66147463187285e-08,2.13351639393457e-08,1.47041546747093e-08,2.15901260328448e-08,1.20270092104463e-08,1.49950447338802e-08,9.26419433723051e-09,1.27926032907189e-08,1.7160023441491e-08,1.35784704896719e-08,1.41500353272907e-08,8.85683823374081e-09,7.30849058767088e-09,1.60772513981841e-08,1.06831052331429e-08,1.7541354312901e-08,8.61454001016463e-09,7.28814314746112e-09,7.99355778789574e-09,1.03488424023639e-08,8.80451095412761e-09,1.14930863203286e-08,6.60678899186072e-09,7.06872906992124e-09,5.55939143850807e-09,7.82881703813792e-09,7.88405229938156e-09,8.63937420822336e-09,6.46685609688468e-09,5.05566723378565e-09,5.08773809373501e-09,7.34272168488565e-09,6.81388926257196e-09,8.77519493357119e-09,2.38471812013107e-08,7.83083339162868e-08,2.26741615780099e-08,4.751136744035e-08,6.27498417154707e-08,3.73740965995625e-08,6.73501743052694e-08,2.02560285623073e-08,8.45114352793262e-09,5.47673111549601e-08,1.56909725045309e-08,4.34429918446223e-08,1.71762671268141e-08,7.61113079726112e-09,1.22605730998249e-08,1.39392889071334e-08,8.43962151206685e-09,1.29182073592575e-08,6.72907377479943e-09,1.12700071613536e-08,7.79761235384386e-09,7.20296605439527e-09,1.30625014437243e-08,8.63021222965787e-09,1.04784600064019e-08,7.38623958647879e-09,5.49664631223412e-09,1.20810105937308e-08,8.08192717636918e-09,1.37606462924131e-08,7.22377428681235e-09,5.32796836899255e-09,5.04138742652488e-09,7.6510221623228e-09,6.47216574545426e-09,7.85945946639158e-09,4.86367860204613e-09,4.11573871038373e-09,3.80907159859172e-09,5.46566136170028e-09,4.7811862912046e-09,5.50690315562965e-09,3.80474601137537e-09,3.56199195723167e-09,3.22930741566204e-09,4.64977951176128e-09,4.54534033603435e-09,5.97107520095708e-09
1.37644463040516e-08,3.22393222528366e-08,7.00759702198336e-08,2.55989206237822e-08,5.92746926819774e-08,4.87379051720026e-08,2.7758998247875e-08,5.85201103598819e-08,2.60979066664053e-08,4.96530208222231e-08,4.65235044785764e-08,3.97550113805729e-08,5.16837915086699e-08,2.32396537722669e-08,1.36967104260666e-08,4.13292575891195e-08,2.15866013847952e-08,3.83082774052538e-08,2.01019153031918e-08,1.2003167469432e-08,1.05250027933279e-08,1.86809693316418e-08,1.22057341096524e-08,1.82714483349252e-08,1.081303838888e-08,9.92234027189199e-09,5.51896063386404e-09,1.11587353160021e-08,1.05068105907792e-08,1.1469135206565e-08,9.27477620080741e-09,5.36194782572214e-09,5.23647698844002e-09,9.86478616552205e-09,6.41732377968448e-09,1.03707819237937e-08,4.94981488295516e-09,4.69831556019368e-09,5.05874816834706e-09,5.7098603009796e-09,6.18276428915927e-09,6.56293978713956e-09,4.25578741314607e-09,4.38368416596305e-09,3.89859879534384e-09,5.66061094418579e-09,4.63004963262079e-09,5.58027099180258e-09,1.12267998890644e-08,2.61882154929684e-08,4.99511177142559e-08,2.27478875947746e-08,4.1668294345424e-08,3.71448834688491e-08,2.12363139190096e-08,4.27290754784277e-08,1.69724756319109e-08,3.46991125235798e-08,3.32417424733792e-08,2.7169676685619e-08,3.7825724168252e-08,1.5059654141138e-08,9.07405002800454e-09,3.00937014953772e-08,1.34971198007531e-08,2.72408224377862e-08,1.27555579839638e-08,8.12143928781927e-09,7.15897146448038e-09,1.16843625913619e-08,8.76585101513987e-09,1.24435354908584e-08,7.32600118404687e-09,6.63079404745657e-09,4.99496475339514e-09,8.13989941460933e-09,6.49809054132201e-09,8.23312449695312e-09,6.23890165465588e-09,4.88271463134008e-09,4.0242787457202e-09,6.16904546176542e-09,5.24016901525816e-09,6.7187924835638e-09,4.45256731523458e-09,3.70525048710466e-09,3.51402511334098e-09,4.52430434342443e-09,4.74657437671877e-09,5.22381731640139e-09,3.11587323542e-09,3.22252778494588e-09,2.76568288350266e-09,4.38435552446901e-09,3.46555407045874e-09,4.4103833607395e-09
4.91383513396067e-08,6.00514295798217e-08,2.55989206237822e-08,8.38172087303038e-08,4.60546324775909e-08,6.3958505386654e-08,5.21476319561512e-08,2.2006480628109e-08,1.38106714555628e-08,4.00282694499214e-08,2.01941645433038e-08,3.57155283045442e-08,1.95193673588787e-08,1.2064798433755e-08,1.59432067265708e-08,1.74938891267531e-08,1.30414356803953e-08,1.78105856721171e-08,1.03809079309879e-08,1.41274673205537e-08,7.94186440720188e-09,1.11810309507446e-08,1.60448910417312e-08,1.1943063504016e-08,1.33631443262128e-08,7.57581312287251e-09,5.85247996543281e-09,1.51176117029228e-08,8.97215404011045e-09,1.60200341276944e-08,7.367617731887e-09,5.8179591652417e-09,6.11307907282566e-09,8.82168291248434e-09,6.78255915673248e-09,9.40286273185014e-09,5.29708985723357e-09,5.47954525265932e-09,4.73257290994917e-09,6.13324565169225e-09,6.54350907166527e-09,7.34462963403344e-09,5.28923450528483e-09,4.37862853802393e-09,4.55194114339317e-09,6.28131903585383e-09,5.55381357665944e-09,7.08328800850027e-09,3.4536380456399e-08,4.13985272405624e-08,1.8679321415135e-08,6.31074534332276e-08,3.32188003558371e-08,5.00787166048038e-08,3.50302885645638e-08,1.62638675396974e-08,7.6267708444849e-09,2.85778788039086e-08,1.22949997364436e-08,2.09737995556278e-08,1.38264799780504e-08,7.34742633330012e-09,1.15169057745336e-08,1.11311829497587e-08,8.61659038973799e-09,1.22251329779781e-08,6.43459678239975e-09,1.069144482685e-08,7.2107629000449e-09,7.67610664219557e-09,1.32600576807585e-08,9.05545787047674e-09,9.89742637304054e-09,6.9347360187488e-09,4.56054662979388e-09,1.24235929829008e-08,7.19727583457855e-09,1.19143585950584e-08,6.75620580240484e-09,4.36355925601552e-09,4.316892700438e-09,6.88108861711698e-09,5.5357645725376e-09,6.94156874312093e-09,3.87664003455201e-09,4.07346077543486e-09,3.75137231401974e-09,4.991441533611e-09,4.60338361631104e-09,4.94260628469578e-09,3.83940779636316e-09,3.44345914277122e-09,3.35934540806243e-09,4.74906685825436e-09,4.18506803153595e-09,5.54719886351278e-09
2.86265633496259e-08,1.00725858050875e-07,5.92746926819774e-08,4.60546324775909e-08,1.46803012532595e-07,7.77308230148114e-08,8.74030518955147e-08,4.96325186165805e-08,2.64702227386275e-08,1.24662015274917e-07,4.00087097014886e-08,1.06795073295292e-07,4.35229317137052e-08,2.35071714176724e-08,1.64952763053558e-08,3.53888393086524e-08,2.36274732877212e-08,3.40355301963654e-08,2.05936248544617e-08,1.46071239299521e-08,1.38928795821107e-08,2.05608209044041e-08,1.60868551495277e-08,2.10509076938726e-08,1.34655681193619e-08,1.33252034704242e-08,9.00723784262183e-09,1.49506794971868e-08,1.52251207493096e-08,1.61342192729578e-08,1.2799832316976e-08,8.92666390780226e-09,9.28827973680538e-09,1.46619630793481e-08,1.02139270447584e-08,1.56087589141931e-08,8.23968032500688e-09,8.18673486169564e-09,7.1137019190664e-09,9.22805797549014e-09,9.66493400557625e-09,1.04122980712555e-08,7.34889076277234e-09,6.42481076154813e-09,6.09225419216757e-09,9.12260944589741e-09,7.91645594515574e-09,1.02667495832476e-08,2.34820237107452e-08,6.79093963975856e-08,4.20139345267298e-08,3.8821363372799e-08,9.52780770706262e-08,6.10823555953987e-08,5.75221401628049e-08,3.5830686822984e-08,1.45367713781261e-08,8.05972047258669e-08,2.64351814179235e-08,6.24611357956538e-08,3.10137647597673e-08,1.29584525311935e-08,1.0076986855156e-08,2.41029258631532e-08,1.21703091490963e-08,2.20026603897864e-08,1.08849242963627e-08,8.72373249406732e-09,9.6709989912107e-09,1.01092465196199e-08,1.08644849603474e-08,1.25130445042028e-08,7.9123196330228e-09,9.0576651382933e-09,6.49189561468063e-09,1.0182848340699e-08,9.69284303130026e-09,1.04414243601671e-08,8.55074510715099e-09,6.2762393129826e-09,6.04270522843492e-09,9.25993987560804e-09,6.55017380462933e-09,9.28230880896095e-09,5.87311165628269e-09,5.18366599975027e-09,3.88404638228591e-09,5.65152931377040e-09,6.09266765619751e-09,6.46605476333014e-09,4.81694284231794e-09,3.68103508223586e-09,3.83575613397672e-09,5.90684904987492e-09,4.84747227629673e-09,7.13687702980648e-09
4.37932399555121e-08,4.67200338421037e-08,4.87379051720026e-08,6.3958505386654e-08,7.77308230148114e-08,1.00264045135892e-07,4.05778740168515e-08,4.06042330640031e-08,2.17923464018434e-08,6.51688277630756e-08,3.18649588910035e-08,5.25613610433492e-08,3.54902519864198e-08,1.92865622654733e-08,1.39002443167109e-08,2.79884800840459e-08,1.9366409111315e-08,2.71558294778829e-08,1.66149177671968e-08,1.22876823421289e-08,1.20962923872441e-08,1.6755254949291e-08,1.29884678814435e-08,1.70737614502163e-08,1.1262201416916e-08,1.16018514418494e-08,7.04465722118637e-09,1.20983294687794e-08,1.27867798074314e-08,1.30908175858457e-08,1.10144721989437e-08,6.93789491191307e-09,7.05587388468967e-09,1.23005032133267e-08,7.93397459889341e-09,1.30157585914498e-08,6.62053946914812e-09,6.5862539949361e-09,6.23744273941854e-09,7.46491276153566e-09,8.47686508041386e-09,9.28013894132695e-09,6.2410983797084e-09,5.67552707334708e-09,5.48344461072813e-09,8.06597592330405e-09,6.72746052347276e-09,8.80387441073330e-09,3.26421685756741e-08,3.40330683865088e-08,3.59292513032788e-08,5.01310081014998e-08,5.69483288338691e-08,7.76081885764177e-08,2.81963559670237e-08,3.02009754171291e-08,1.28435247560065e-08,4.72011629477402e-08,2.04373746539262e-08,3.26134098511519e-08,2.61066815058355e-08,1.17507128337304e-08,8.27289183027684e-09,1.89977816275765e-08,1.17551937179209e-08,1.89718946884565e-08,9.88792414634188e-09,7.34781277656841e-09,9.43737427437789e-09,1.01277201219512e-08,9.4792735940827e-09,1.19687860145671e-08,6.83304677359087e-09,9.10364542449937e-09,5.66336220371724e-09,9.15545556704392e-09,9.1965654787731e-09,9.0889763539506e-09,8.6601224360268e-09,5.48552259517695e-09,5.70082433537396e-09,8.91180743486175e-09,5.96684491036190e-09,8.66528761877379e-09,5.07123588080631e-09,5.36501261165476e-09,4.58266060211179e-09,5.57788506006442e-09,6.63554531146109e-09,6.57323181508955e-09,5.0511443968658e-09,4.18946674169204e-09,3.76846489439134e-09,6.50847065255986e-09,4.84828435690079e-09,7.04064493397366e-09
2.68338501169874e-08,1.05663257672691e-07,2.7758998247875e-08,5.21476319561512e-08,8.74030518955147e-08,4.05778740168515e-08,1.3761553496311e-07,3.55367647364895e-08,1.97770659451901e-08,1.16273378273987e-07,3.27369283397654e-08,1.1174438830573e-07,3.06736459993806e-08,1.68949264921053e-08,1.83651054185272e-08,2.77444085769215e-08,1.79192894519494e-08,2.77026528978215e-08,1.46832880787738e-08,1.63206047038625e-08,1.01451555845256e-08,1.52880052799623e-08,1.83835984243379e-08,1.62004186282186e-08,1.53599436800463e-08,9.68686961949996e-09,8.07402520688968e-09,1.72107298078667e-08,1.17631574422833e-08,1.89151380862346e-08,9.42195409829885e-09,7.88428869694283e-09,8.29475661353945e-09,1.12893707979986e-08,9.46013020619331e-09,1.24243512050209e-08,7.04132030317139e-09,7.25444614905529e-09,6.08239846009558e-09,8.42635021171196e-09,8.45362957209731e-09,9.45753412920626e-09,6.4611664273853e-09,5.36824306607677e-09,5.20565872535859e-09,7.63813417911621e-09,6.96046906377914e-09,8.99550781868318e-09,2.08500847047161e-08,6.736295593499e-08,2.02616772078273e-08,4.11595931878085e-08,5.47750711738506e-08,3.33071054473015e-08,8.72005022450689e-08,2.7112058150683e-08,1.22663888308042e-08,7.24389387802495e-08,2.2578445969872e-08,5.96226547090998e-08,2.36784456831014e-08,1.0981807127622e-08,1.31412470203598e-08,2.05372073333406e-08,1.11030615483381e-08,1.89160120721324e-08,9.33706819111822e-09,1.15717271382915e-08,8.18011347515013e-09,9.2454847616282e-09,1.36609092332428e-08,1.06071948534534e-08,1.09382044486855e-08,7.71459795075583e-09,5.64838912595777e-09,1.27563019848549e-08,8.40512784096542e-09,1.48393279514788e-08,7.52276007099205e-09,5.40555709366074e-09,5.8838384899896e-09,8.01224351154162e-09,7.10979871191191e-09,8.69278197698797e-09,4.97407181436037e-09,4.79544600996587e-09,4.2929180947423e-09,6.05407854497637e-09,5.84654736204354e-09,6.7678371919355e-09,4.45749251069627e-09,3.88598067052254e-09,3.48719119949744e-09,5.38561913567149e-09,4.86592022584342e-09,6.86852695735325e-09
1.20203439550944e-08,2.77352406400695e-08,5.85201103598819e-08,2.2006480628109e-08,4.96325186165805e-08,4.06042330640031e-08,3.55367647364895e-08,6.816742423495e-08,2.98858716082754e-08,6.13293576300125e-08,5.50502264654892e-08,5.06822976269797e-08,5.93369385874417e-08,2.61484202013683e-08,1.51285904724169e-08,4.77946766270813e-08,2.41841880092902e-08,4.41568016532497e-08,2.27490709222827e-08,1.32976872496915e-08,1.14063014532149e-08,2.09836697375266e-08,1.34221936357667e-08,2.06585187663133e-08,1.18716235290247e-08,1.07984254332544e-08,6.1422195172992e-09,1.21878949817886e-08,1.17129332916836e-08,1.2809007783694e-08,1.01632274611976e-08,5.97125065635255e-09,5.64345389101781e-09,1.10587902066182e-08,6.97188489146095e-09,1.14597436302681e-08,5.4953305701933e-09,5.09260116259416e-09,5.85985595711148e-09,6.20448837740364e-09,6.97447169229003e-09,7.20095525142607e-09,4.30867749280786e-09,4.79761950936551e-09,4.15927446313196e-09,5.79944749743207e-09,4.99175455287263e-09,6.0569730348276e-09,1.02142946279383e-08,2.12284653812655e-08,4.272213818081e-08,1.92221698452e-08,3.4688474970235e-08,3.1723603440327e-08,2.84782109019271e-08,5.15535589293687e-08,2.04501742238643e-08,4.42484845736412e-08,4.18683178820738e-08,3.61797249723614e-08,4.53802080931307e-08,1.82959690952417e-08,1.01888891635948e-08,3.75047334412326e-08,1.60239399122449e-08,3.30239533130079e-08,1.5807530771468e-08,8.98642245871595e-09,8.39024403214165e-09,1.38546112233814e-08,9.93332799509409e-09,1.46437349787349e-08,8.06940050563855e-09,7.71710558812283e-09,5.44703409590182e-09,9.23901223651914e-09,7.65294822886916e-09,9.42429677468007e-09,7.31214005253286e-09,5.28998126153815e-09,4.24159009569366e-09,7.19696252203592e-09,5.62397406479778e-09,7.61080033222264e-09,4.74183159722833e-09,3.93711511658869e-09,4.30296807603435e-09,4.9356665461289e-09,5.65258811204744e-09,6.04910821457634e-09,3.24394724742678e-09,3.83764479188731e-09,3.23126946684439e-09,4.99202532018128e-09,4.17803789595803e-09,5.48353766497186e-09
1.21180526155993e-08,1.57674769490119e-08,2.60979066664053e-08,1.38106714555628e-08,2.64702227386275e-08,2.17923464018434e-08,1.97770659451901e-08,2.98858716082754e-08,7.66407638561906e-08,3.30256208448032e-08,6.04095602863126e-08,5.93258634300745e-08,2.61570464653751e-08,6.44947697223261e-08,3.18181597075711e-08,5.0422414029129e-08,5.30247553449734e-08,4.12432746548922e-08,5.5647854200888e-08,2.70088976577488e-08,1.35952806820263e-08,4.54616089853981e-08,2.51644667189716e-08,4.11891957300349e-08,2.34969832574789e-08,1.19348945272203e-08,9.90281605355353e-09,2.17382738864291e-08,1.15455258884131e-08,2.05315701406625e-08,1.0900136233091e-08,9.36008287667588e-09,7.26224192343551e-09,1.05501921023012e-08,1.05023939972554e-08,1.17697968552213e-08,8.41925502002608e-09,6.54319493196174e-09,6.55581921015683e-09,9.53640170346968e-09,8.10485005743189e-09,1.0742673467516e-08,5.47302714141045e-09,5.2118359699499e-09,4.68783146957685e-09,6.52994567905809e-09,6.09499063024085e-09,7.16186372707057e-09,7.86100066048243e-09,1.14646363678191e-08,2.03111234583236e-08,1.09373100082741e-08,2.10157869897413e-08,1.77001902379258e-08,1.52207803629982e-08,2.41702434418874e-08,5.25556471486835e-08,2.60189168526931e-08,4.40660086015983e-08,4.38814576722581e-08,2.12278202006594e-08,4.58236189377588e-08,2.1754582037845e-08,3.77725587567396e-08,3.69289334609492e-08,3.0429458070869e-08,3.93097515753288e-08,1.84881174134744e-08,9.81390653186838e-09,3.15624982689436e-08,1.72976410823603e-08,2.90080634528738e-08,1.58178052184762e-08,8.48571968583764e-09,7.82225605689089e-09,1.46113072695213e-08,8.05695881166454e-09,1.42543303510716e-08,7.92838245725869e-09,7.24611333284854e-09,4.70318792177708e-09,7.6661719810126e-09,7.22192238174642e-09,7.92571255322377e-09,6.39174092652324e-09,4.22205762671769e-09,4.8346786802935e-09,6.33642388604434e-09,5.59493977340276e-09,7.47163487239354e-09,3.29907865598721e-09,3.88504725188156e-09,3.29577384225663e-09,4.5086432528165e-09,4.43614672449422e-09,5.08811024729354e-09
2.51502426098005e-08,8.73905589894468e-08,4.96530208222231e-08,4.00282694499214e-08,1.24662015274917e-07,6.51688277630756e-08,1.16273378273987e-07,6.13293576300125e-08,3.30256208448032e-08,1.61892196874506e-07,5.13216515408174e-08,1.4380613569737e-07,5.34436620742367e-08,2.87520758059682e-08,1.88767826217141e-08,4.43955941722431e-08,2.89204699094673e-08,4.27771847585694e-08,2.5197851653462e-08,1.67063347525744e-08,1.52772776547284e-08,2.52134697797224e-08,1.81748120515686e-08,2.5451559975083e-08,1.54276132396235e-08,1.47148014939738e-08,1.01834448676156e-08,1.69447488442997e-08,1.72795062833647e-08,1.84958189671221e-08,1.4148451508599e-08,9.98594392915886e-09,9.99342003097903e-09,1.65517785820278e-08,1.12408272093008e-08,1.71319088317353e-08,9.04917084589481e-09,8.76617608251248e-09,8.271225111444e-09,1.00095898454026e-08,1.08037807467278e-08,1.15806879628616e-08,7.59444264177662e-09,7.18162080416655e-09,6.38754436295169e-09,9.61159570614614e-09,8.46238201355703e-09,1.0924814795517e-08,2.05148634834831e-08,5.75290432381267e-08,3.58319134904493e-08,3.34644703258053e-08,8.05983076798569e-08,5.23333898352731e-08,7.70007972116281e-08,4.64989844961115e-08,2.12152343330678e-08,1.04941876861949e-07,3.69451642989501e-08,8.589018990552e-08,4.10092308442587e-08,1.93703149259623e-08,1.1748736551745e-08,3.3890195962837e-08,1.7337739173854e-08,3.04723832233011e-08,1.67109889618773e-08,1.00166987835444e-08,1.08408469050107e-08,1.46034454904927e-08,1.27955628693513e-08,1.6909902897895e-08,9.18703083539785e-09,1.02120398707631e-08,6.98708060683784e-09,1.20345183952362e-08,1.10901811671123e-08,1.27193523754902e-08,9.67872926805079e-09,6.71581626058581e-09,7.37106617799664e-09,1.04667414551283e-08,7.36478173291102e-09,1.06734176882143e-08,6.12850671708208e-09,6.26282512377111e-09,5.19505169672097e-09,6.20178532915287e-09,7.92583992893739e-09,8.04144774497794e-09,5.81048082781249e-09,4.79682064273203e-09,4.39724694180003e-09,7.28089626093471e-09,5.78743544266814e-09,8.84365176459827e-09
1.21493176442414e-08,2.47807137631148e-08,4.65235044785764e-08,2.01941645433038e-08,4.00087097014886e-08,3.18649588910035e-08,3.27369283397654e-08,5.50502264654892e-08,6.04095602863126e-08,5.13216515408174e-08,9.35804295705503e-08,8.29228709242908e-08,4.78015766528018e-08,5.04176856732838e-08,2.75919417123398e-08,7.84904172095509e-08,4.12606703670706e-08,6.58596473060257e-08,4.36676336251955e-08,2.3692900697632e-08,1.31312751059125e-08,3.56443924589369e-08,2.23727709041648e-08,3.29543230361516e-08,2.0675888832985e-08,1.16201092087562e-08,1.07934018397529e-08,1.9510589816099e-08,1.19281884280806e-08,1.87642473926149e-08,1.07441657216919e-08,1.03448148789226e-08,8.13904181707605e-09,1.10682884272845e-08,1.17335775768953e-08,1.23175455485662e-08,9.2523074047672e-09,7.23575658331853e-09,7.01078972221572e-09,1.03788598826097e-08,9.08071244075306e-09,1.1270584445421e-08,6.16338126067274e-09,5.68199635419131e-09,4.78203932048768e-09,7.57596009911019e-09,6.06266315394325e-09,7.62998620943485e-09,9.37985007097742e-09,1.93593424819552e-08,3.62163244080682e-08,1.73315129811765e-08,3.18664861676039e-08,2.70114258477052e-08,2.59722026316688e-08,4.47169160276657e-08,4.10188384759195e-08,4.08616867584791e-08,6.8279944301851e-08,6.01920834045222e-08,3.91302397107468e-08,3.53147778909138e-08,1.81050225953014e-08,5.90083705229695e-08,2.78362139190645e-08,4.86104898505375e-08,3.05227770309649e-08,1.58066300298279e-08,9.4248371383106e-09,2.37781943273356e-08,1.63296872090789e-08,2.27899665503444e-08,1.37387983555898e-08,7.97760148235509e-09,8.75082336458208e-09,1.39802525847675e-08,8.01198806200446e-09,1.2753363812047e-08,7.45649461832758e-09,8.22792168094196e-09,5.85035581287188e-09,7.6525689311639e-09,8.01491093935934e-09,8.54473184342923e-09,7.38127826166189e-09,5.20023822289222e-09,5.26295457187188e-09,7.00697439046024e-09,6.93870498079276e-09,8.22965001370193e-09,4.34748753202899e-09,4.46137764329355e-09,3.55018989728105e-09,6.0065988621504e-09,4.87229434278969e-09,6.16801387303021e-09
2.40511922421803e-08,8.0469873242548e-08,3.97550113805729e-08,3.57155283045442e-08,1.06795073295292e-07,5.25613610433492e-08,1.1174438830573e-07,5.06822976269797e-08,5.93258634300745e-08,1.4380613569737e-07,8.29228709242908e-08,1.94235748762744e-07,4.38278667358956e-08,4.96255492529544e-08,2.88369932094363e-08,6.96962001489931e-08,4.31989022898077e-08,6.05334414262315e-08,4.30115203738834e-08,2.50422568946011e-08,1.51199771706915e-08,3.74118031107863e-08,2.54503949202643e-08,3.60746145680211e-08,2.19924829908932e-08,1.35478243728707e-08,1.46163487603719e-08,2.2441657287787e-08,1.51969666783675e-08,2.2338154403122e-08,1.28112690326612e-08,1.43113585324497e-08,1.25679688205149e-08,1.41821117465591e-08,1.59300159303271e-08,1.50354643874755e-08,1.28163929606805e-08,1.09574915426673e-08,9.30877843435697e-09,1.41770627219642e-08,1.30517901367636e-08,1.57845585301073e-08,9.39917758915442e-09,7.94237779244381e-09,6.90676735223706e-09,1.15049984571194e-08,9.48752399333822e-09,1.24912705380746e-08,1.86621109785613e-08,5.33977236460465e-08,3.07041468123332e-08,2.93800247378203e-08,7.49424981325211e-08,4.50071885721525e-08,7.24259705536816e-08,4.15658024341282e-08,3.8713998503887e-08,9.9127216350818e-08,5.86956372215258e-08,1.18317345016435e-07,3.65865580013272e-08,3.3585455457958e-08,1.83312127499727e-08,5.15513792900636e-08,2.7589408213388e-08,4.32007756523507e-08,2.90082575627221e-08,1.56756900591121e-08,9.68309979823551e-09,2.31423597979238e-08,1.78275636798605e-08,2.36406490722051e-08,1.34859878682036e-08,8.21785775921884e-09,1.00826631230902e-08,1.51821554281669e-08,9.22919553933744e-09,1.48024584038583e-08,7.77082343792730e-09,9.42234614499073e-09,9.4298716747538e-09,8.84655738381343e-09,9.65218705141892e-09,9.14853366649492e-09,8.74378515532057e-09,7.82589364376457e-09,6.21724965761538e-09,8.33964554169546e-09,8.89871785939124e-09,1.02154210548391e-08,7.21304333098177e-09,5.35299390413359e-09,4.86939364611053e-09,7.96350093524972e-09,6.72873533815503e-09,9.50685080356610e-09
1.07144499406994e-08,2.43288349304023e-08,5.16837915086699e-08,1.95193673588787e-08,4.35229317137052e-08,3.54902519864198e-08,3.06736459993806e-08,5.93369385874417e-08,2.61570464653751e-08,5.34436620742367e-08,4.78015766528018e-08,4.38278667358956e-08,7.04625971775635e-08,3.05317677326215e-08,1.76389804523827e-08,5.62122110210539e-08,2.84527867216065e-08,5.19559314639639e-08,2.6251464071384e-08,1.52025495037812e-08,1.31907732125327e-08,2.43162727239976e-08,1.52869943695541e-08,2.40096181071087e-08,1.32934442937415e-08,1.20730416567956e-08,7.16338817082614e-09,1.3596040669797e-08,1.37440485040718e-08,1.43580133539313e-08,1.12563864597201e-08,6.80166958323575e-09,6.46973264325355e-09,1.27581196576426e-08,8.13933372029364e-09,1.31599018499999e-08,6.18842720471874e-09,5.68128141125493e-09,6.27977224304217e-09,7.12828720966717e-09,7.42516204945567e-09,7.93675991821225e-09,4.8019079680594e-09,5.16133901639884e-09,4.53430552089007e-09,6.19811274664656e-09,5.46426903375668e-09,6.57808295362605e-09,8.98765522825723e-09,1.90192229127746e-08,3.78150514747987e-08,1.70520668253865e-08,3.09932812991591e-08,2.79708011419413e-08,2.51015654075682e-08,4.53785816762494e-08,1.82927559897465e-08,3.93427930278111e-08,3.74982948461834e-08,3.28622495713996e-08,5.28946057980408e-08,2.09181207327171e-08,1.14591138622765e-08,4.41972391756632e-08,1.81643256827126e-08,3.84779066995322e-08,1.86969226380303e-08,1.02412096429643e-08,9.51619358184293e-09,1.61962537915943e-08,1.08843381099929e-08,1.70129547851239e-08,8.81060181954938e-09,8.58327505691006e-09,6.2211491457006e-09,9.79827948485862e-09,9.24977669104288e-09,1.01418669339774e-08,8.10141776251073e-09,6.05159429241835e-09,4.82594613018455e-09,8.41814408152682e-09,6.47979725566622e-09,8.84957064481821e-09,5.3976215019857e-09,4.35397862653772e-09,4.41655545579966e-09,5.67770774997083e-09,6.04671077087566e-09,6.63315737318054e-09,3.60744152500323e-09,3.95846035839624e-09,3.75680864979123e-09,5.26406570427415e-09,4.67211717420273e-09,5.78183004075365e-09
1.09185884173545e-08,1.35689283334652e-08,2.32396537722669e-08,1.2064798433755e-08,2.35071714176724e-08,1.92865622654733e-08,1.68949264921053e-08,2.61484202013683e-08,6.44947697223261e-08,2.87520758059682e-08,5.04176856732838e-08,4.96255492529544e-08,3.05317677326215e-08,7.44391943381242e-08,3.64866289333521e-08,5.82472198988148e-08,6.10634967854267e-08,4.75819857211427e-08,6.38079129175955e-08,3.03008141281502e-08,1.5357604176936e-08,5.17216280696224e-08,2.80435048781584e-08,4.70052987379751e-08,2.6366533985784e-08,1.31393251273741e-08,1.12989951322097e-08,2.42044535099882e-08,1.28033754578723e-08,2.27965108419248e-08,1.19360096294674e-08,1.05720793010693e-08,8.24351349313149e-09,1.16535483625298e-08,1.20340197112183e-08,1.31023875077394e-08,9.56699063652203e-09,7.29864720387563e-09,7.26026756081604e-09,1.08784271659794e-08,8.92000339780688e-09,1.21405993329913e-08,6.10059450986334e-09,5.7280884438295e-09,5.01582762971794e-09,7.11176811170364e-09,6.52166770139179e-09,7.72620975333488e-09,7.01219787249137e-09,1.03805823732446e-08,1.83320617150297e-08,1.00148793049366e-08,1.89501103876891e-08,1.61923880144636e-08,1.37096590317309e-08,2.12221239043388e-08,4.5817100227726e-08,2.31638730600642e-08,3.77628182451677e-08,3.83023644085655e-08,2.45496179034533e-08,5.25355728943849e-08,2.37611993887766e-08,4.3926950455145e-08,4.21081910669851e-08,3.52066294249491e-08,4.54505078490942e-08,2.02444127219228e-08,1.07032969510044e-08,3.62590889147342e-08,1.89538468025879e-08,3.37512600580226e-08,1.72940785341436e-08,9.26557241003467e-09,8.96892091209577e-09,1.60611941784666e-08,9.0539044945301e-09,1.54886707469115e-08,8.51486991729189e-09,8.2780882992187e-09,5.42053589582342e-09,8.40477505423584e-09,8.35686780033096e-09,8.78637116540179e-09,7.40385220351994e-09,4.82234851032218e-09,5.42658059905848e-09,7.34905520438682e-09,6.28528903353649e-09,8.55976698751289e-09,3.79252431135322e-09,4.23559508142229e-09,3.51136298310504e-09,4.92827863723364e-09,4.77099874654425e-09,5.46814556630271e-09
9.16189679149898e-09,1.66147463187285e-08,1.36967104260666e-08,1.59432067265708e-08,1.64952763053558e-08,1.39002443167109e-08,1.83651054185272e-08,1.51285904724169e-08,3.18181597075711e-08,1.88767826217141e-08,2.75919417123398e-08,2.88369932094363e-08,1.76389804523827e-08,3.64866289333521e-08,8.52234177434535e-08,3.19362407108607e-08,6.61388980412795e-08,5.84453529154394e-08,3.03060523364395e-08,7.13102321336215e-08,2.97114680353937e-08,5.53733419502093e-08,5.5351594061676e-08,4.17808374715641e-08,6.29292414345505e-08,2.56424165879072e-08,1.30228278066508e-08,4.82076364359554e-08,2.40372568594424e-08,4.45357676137122e-08,2.28440987004656e-08,1.16224704026097e-08,1.42909022689392e-08,2.15167459705188e-08,1.38538934732455e-08,2.30423568023002e-08,9.97776739090561e-09,1.2526438526018e-08,7.03223964522742e-09,1.17194426222128e-08,1.30665932787573e-08,1.24006273016181e-08,1.06443000933433e-08,5.79620145530538e-09,5.54559299809894e-09,1.09495327940344e-08,7.34755099648663e-09,1.22644102754501e-08,5.84042747979658e-09,1.08778580248805e-08,1.0927780483852e-08,1.06767841141554e-08,1.35181736875093e-08,1.1061604424287e-08,1.23589511083145e-08,1.20887875098553e-08,2.33837745057236e-08,1.52183893238727e-08,2.04615813563367e-08,2.21545135498838e-08,1.34985630933195e-08,2.61722687973745e-08,5.61657058225583e-08,2.34327155634936e-08,4.59495715124276e-08,3.98234539814969e-08,2.18141772779337e-08,4.76287721436156e-08,2.00220752126869e-08,3.90054902042189e-08,3.83123670068111e-08,3.0587370968825e-08,4.21677282787215e-08,1.77654161958188e-08,9.19041468628095e-09,3.38558270608148e-08,1.53700161004946e-08,2.96931160690275e-08,1.56138027164967e-08,8.39072687103126e-09,9.699022274499e-09,1.41344873541486e-08,1.05231020756657e-08,1.53894395516781e-08,6.85307136095409e-09,8.38664765221944e-09,5.1357424227675e-09,8.37155784440982e-09,9.1846556660656e-09,8.36999113792922e-09,7.07776588496924e-09,4.18973385324197e-09,4.15083823561236e-09,7.4976350622211e-09,5.51546633073497e-09,8.88301781924291e-09
1.08151022735395e-08,2.13351639393457e-08,4.13292575891195e-08,1.74938891267531e-08,3.53888393086524e-08,2.79884800840459e-08,2.77444085769215e-08,4.77946766270813e-08,5.0422414029129e-08,4.43955941722431e-08,7.84904172095509e-08,6.96962001489931e-08,5.62122110210539e-08,5.82472198988148e-08,3.19362407108607e-08,9.2036888213036e-08,4.7834105546034e-08,7.73112286769632e-08,4.99171927187966e-08,2.67311267433673e-08,1.49148337566916e-08,4.05668520080847e-08,2.50607538835333e-08,3.76145861071579e-08,2.32868258821805e-08,1.2831658985122e-08,1.23499470904181e-08,2.17767495636946e-08,1.33883461683092e-08,2.11023813652761e-08,1.18176064798135e-08,1.16591373757264e-08,9.07309473417773e-09,1.23390056614119e-08,1.34124070225363e-08,1.38582416619658e-08,1.04671170506828e-08,7.91380384708765e-09,7.68402625921772e-09,1.18222358890136e-08,9.77481648544161e-09,1.27461966126594e-08,6.75414732126816e-09,6.23825740058837e-09,5.34507690987120e-09,8.12210749533985e-09,6.62609701517243e-09,8.21053229076013e-09,8.40171137456582e-09,1.72495809701434e-08,3.2231762505165e-08,1.51703405282913e-08,2.8326228526014e-08,2.37853809740739e-08,2.27123770245343e-08,3.91247918286912e-08,3.53078024525326e-08,3.58898053213672e-08,5.89970500082209e-08,5.23087219623057e-08,4.5313162326926e-08,4.05750581556093e-08,2.00646027139331e-08,6.91960062157587e-08,3.16527415933582e-08,5.72059997832214e-08,3.56693671463055e-08,1.75925507370962e-08,1.01259357676689e-08,2.7427277311976e-08,1.75531962229151e-08,2.63540176958253e-08,1.51496816451967e-08,8.50175232775326e-09,1.01185385959109e-08,1.48436731596004e-08,9.2342605471728e-09,1.40197097813374e-08,7.83391618783412e-09,9.44785901728182e-09,6.50696357938845e-09,8.58538023501893e-09,9.51134140459353e-09,9.63331978949279e-09,8.50902915600486e-09,5.71904001666195e-09,5.57911058693571e-09,8.35073800783744e-09,7.48472447688791e-09,9.44692467188938e-09,4.80344486113129e-09,4.66661161896978e-09,4.09864873097086e-09,6.35221833331274e-09,5.26861493737991e-09,6.52712482041195e-09
1.20157684111316e-08,1.47041546747093e-08,2.15866013847952e-08,1.30414356803953e-08,2.36274732877212e-08,1.9366409111315e-08,1.79192894519494e-08,2.41841880092902e-08,5.30247553449734e-08,2.89204699094673e-08,4.12606703670706e-08,4.31989022898077e-08,2.84527867216065e-08,6.10634967854267e-08,6.61388980412795e-08,4.7834105546034e-08,9.92293047696614e-08,7.94046014120728e-08,5.17261919095736e-08,5.53707902703885e-08,2.65755115601744e-08,8.37438339420981e-08,4.12408023194013e-08,6.44199914756422e-08,4.8547311824791e-08,2.29923171649917e-08,1.33725805497743e-08,3.57060763235848e-08,2.17209894880772e-08,3.27243077147901e-08,2.04252464478426e-08,1.18962732755087e-08,1.56658793433923e-08,1.92602830322106e-08,1.39628104598415e-08,2.09281825810208e-08,1.01491152375178e-08,1.3456051602467e-08,8.11977013704951e-09,1.16957344888079e-08,1.47162971337087e-08,1.31949449672507e-08,1.16903474816542e-08,6.35527519671509e-09,5.41610733626879e-09,1.23208736731177e-08,7.45650515003088e-09,1.32611470784516e-08,7.33992878625076e-09,1.00070050903556e-08,1.66643532492361e-08,1.01722312258196e-08,1.88026049462786e-08,1.55133813933523e-08,1.31663443082648e-08,1.90901553700364e-08,3.74641265727709e-08,2.28641360834683e-08,3.03567897503466e-08,3.24626972349534e-08,2.22748270316602e-08,4.33236898566074e-08,4.38788215890643e-08,3.58923052909156e-08,6.79209944200835e-08,5.61810164397562e-08,3.70436317935588e-08,3.74363130927825e-08,1.71106178724962e-08,5.83659169193318e-08,2.80426702890194e-08,4.66387692858814e-08,3.24201307129134e-08,1.51187796071277e-08,9.38686398668027e-09,2.40762850530867e-08,1.42339712794221e-08,2.16517331433737e-08,1.33219324211722e-08,8.54727684448145e-09,9.86820250357324e-09,1.306673982094e-08,9.51490939029723e-09,1.39475445319228e-08,6.97241229945153e-09,8.3102710840478e-09,5.50037894891034e-09,7.44738927944531e-09,9.53035389171826e-09,8.76009232744425e-09,7.06142845145072e-09,4.3366623408932e-09,3.97717103254813e-09,7.77075270836503e-09,5.41139898393711e-09,8.68875563015854e-09
1.14367168874213e-08,2.15901260328448e-08,3.83082774052538e-08,1.78105856721171e-08,3.40355301963654e-08,2.71558294778829e-08,2.77026528978215e-08,4.41568016532497e-08,4.12432746548922e-08,4.27771847585694e-08,6.58596473060257e-08,6.05334414262315e-08,5.19559314639639e-08,4.75819857211427e-08,5.84453529154394e-08,7.73112286769632e-08,7.94046014120728e-08,1.16391145674271e-07,4.02035830555151e-08,4.89555375610747e-08,2.45918747049799e-08,6.6886335999727e-08,3.67097737557341e-08,5.19243293882268e-08,4.26449581391032e-08,2.11317098254567e-08,1.28035053084078e-08,3.16855494320874e-08,2.03656489229717e-08,2.91321574336176e-08,1.88302801042929e-08,1.14810414688582e-08,1.56589826262332e-08,1.81392770136075e-08,1.3832935408037e-08,2.02026932158772e-08,9.89808757162037e-09,1.35065173959147e-08,8.67123643537057e-09,1.16392932752117e-08,1.51422700593553e-08,1.331003204955e-08,1.15194886767486e-08,6.95545073111799e-09,5.75314037188512e-09,1.26606640537806e-08,7.77410799566653e-09,1.3348635713015e-08,8.55958976840555e-09,1.6918655020028e-08,2.94623910279216e-08,1.46353803094526e-08,2.71873010996988e-08,2.28015799023021e-08,2.22175710238367e-08,3.55181402613814e-08,2.82997584051688e-08,3.4313476475387e-08,4.86294236137543e-08,4.43422883784685e-08,4.17739961706135e-08,3.29065752500642e-08,3.74027835924545e-08,5.82128109423163e-08,5.32050632622397e-08,8.23967656257456e-08,2.85685497677117e-08,3.24207992119743e-08,1.4933325627502e-08,4.59764077265475e-08,2.48630547577962e-08,3.64943956618045e-08,2.81581266141519e-08,1.28668956826162e-08,8.99532121509495e-09,2.12461507149159e-08,1.2289251479348e-08,1.86864597152906e-08,1.13051840378276e-08,8.31415291898843e-09,9.95631987594264e-09,1.115719183302e-08,9.34378051612839e-09,1.29671892884551e-08,7.02062796936661e-09,8.53905396324859e-09,5.86260972690914e-09,7.59719570102074e-09,1.03550382331168e-08,9.05033711831710e-09,7.3043873668794e-09,5.07416067329954e-09,4.63444096575848e-09,8.84116407948116e-09,6.47120580308992e-09,9.47234707669171e-09
9.62053814626325e-09,1.20270092104463e-08,2.01019153031918e-08,1.03809079309879e-08,2.05936248544617e-08,1.66149177671968e-08,1.46832880787738e-08,2.27490709222827e-08,5.5647854200888e-08,2.5197851653462e-08,4.36676336251955e-08,4.30115203738834e-08,2.6251464071384e-08,6.38079129175955e-08,3.03060523364395e-08,4.99171927187966e-08,5.17261919095736e-08,4.02035830555151e-08,7.52260654168734e-08,3.50400187169499e-08,1.7931566428344e-08,6.16792513740223e-08,3.19126344082186e-08,5.61134587970391e-08,3.02447016454146e-08,1.52164211421774e-08,1.29621705977409e-08,2.73903483023165e-08,1.48342862817277e-08,2.60770814691889e-08,1.38366407065176e-08,1.19927080026065e-08,9.27989242615952e-09,1.34345815423432e-08,1.37202874224503e-08,1.50601138888404e-08,1.08050729436848e-08,8.1925308983596e-09,7.68467318257196e-09,1.23628596191533e-08,9.65053912208048e-09,1.3541585893242e-08,6.77588684033274e-09,6.07643848166963e-09,5.4682019372326e-09,7.69923449682095e-09,6.79065543965172e-09,8.15548783562938e-09,6.23909252972622e-09,9.37382635815633e-09,1.5708418465912e-08,8.83092955837852e-09,1.62546412602397e-08,1.40288961268627e-08,1.17091227375472e-08,1.84035846242833e-08,3.92927246106286e-08,2.00661706348877e-08,3.25069598094551e-08,3.31928951398038e-08,2.12033386653259e-08,4.54468566043259e-08,2.02427614007335e-08,3.74618341895812e-08,3.62546655589376e-08,2.99164958837069e-08,5.38880744915131e-08,2.43785818384086e-08,1.26536783999933e-08,4.26112242672524e-08,2.28708704640984e-08,4.04424108289756e-08,2.10001878039886e-08,1.07540482384301e-08,9.99308324407548e-09,1.93079295752735e-08,1.06859007876931e-08,1.81609530170583e-08,9.76558171683175e-09,9.22185344237854e-09,6.17499010816143e-09,9.88106238347241e-09,9.33223324959998e-09,1.03934496258067e-08,8.35023406273194e-09,5.55058139437265e-09,5.68213575008652e-09,8.33993114824289e-09,7.00727786322e-09,9.32094343341964e-09,4.3623706663226e-09,4.42684777973102e-09,3.87325956651043e-09,5.48872465037456e-09,4.85853981398021e-09,5.91864642130768e-09
