1.75550615499288e-08,8.26214082497219e-09,4.83747106407631e-09,1.35867186474571e-08,8.0658045861246e-09,1.31429320163851e-08,6.23372212696965e-09,3.59097509425536e-09,4.45935789008176e-09,5.93596205210816e-09,3.99838820537014e-09,6.39729788909947e-09,3.02709612462824e-09,3.75032236324116e-09,1.98606398321576e-09,3.4049146631347e-09,4.03643342504607e-09,3.67648392645946e-09,3.0608702183331e-09,1.48512719196741e-09,1.22168622937703e-09,3.25207039833499e-09,1.49720838777497e-09,3.30398865419714e-09,1.22547103681877e-09,9.93274574795119e-10,1.00046876413173e-09,1.23035097447565e-09,1.15166508285288e-09,1.29640808939522e-09,8.20723142048807e-10,7.60971723932435e-10,6.19360031460316e-10,9.50423131540232e-10,7.9233575282711e-10,9.92177117526194e-10,6.89281369889552e-10,5.42315402105097e-10,5.48360584835954e-10,7.25461402624155e-10,6.78912833962486e-10,8.56582924467232e-10,5.15857100139102e-10,5.15844236028639e-10,4.96553083718109e-10,6.224706222004e-10,6.44610905139522e-10,7.91824926953517e-10,1.07952458349877e-08,5.95706481976231e-09,1.76305175944346e-09,8.63946639905632e-09,4.77795423872472e-09,7.25612662340614e-09,4.02645544397448e-09,1.44095604034677e-09,2.12048915992511e-09,2.84362029838306e-09,1.94590948489407e-09,3.36379545651218e-09,1.36341075804914e-09,2.00441329641106e-09,1.11991361555977e-09,1.59430986607648e-09,1.64435089489879e-09,1.22803527635603e-09,1.80716476047974e-09,1.06585884369144e-09,5.59296810166743e-10,1.80388660803633e-09,7.98698070636118e-10,1.78539465794989e-09,1.02203144995914e-09,4.26482485256329e-10,6.36632348034658e-10,6.93587033878621e-10,4.52839019377506e-10,5.87142827651948e-10,4.25960480754229e-10,3.8638757601303e-10,2.43924269601416e-10,4.4822941905821e-10,6.49112369452267e-10,5.69164350954166e-10,3.16616432121443e-10,2.35258804443871e-10,3.46115132837714e-10,5.89078238858501e-10,2.50875370167637e-10,5.9817591532685e-10,3.88043971852716e-10,2.67231321370977e-10,2.45129360200697e-10,3.09584439825189e-10,5.24271849136156e-10,4.9960686420468e-10
8.26214082497219e-09,3.30496306445657e-08,9.77403799259375e-09,1.8310305378146e-08,2.62532779406138e-08,1.32513022280756e-08,2.5191612136712e-08,7.25720969557283e-09,4.1263213963695e-09,1.93144638590687e-08,7.3257720181394e-09,1.93481535032962e-08,5.85602859027221e-09,3.40167675623353e-09,5.44089338473738e-09,5.88874910416253e-09,4.01515481510838e-09,6.57334073834748e-09,2.69279336663226e-09,4.33636467093212e-09,2.64526217993439e-09,3.2017329673921e-09,5.09522310266769e-09,3.33762731268896e-09,3.48413478823398e-09,2.19618773534547e-09,1.98124460163833e-09,4.22981942336077e-09,2.32128499037248e-09,4.26916012416315e-09,1.83133027714118e-09,1.55840721932418e-09,1.3664602093255e-09,1.91538848059107e-09,1.60679942483888e-09,2.04538374964447e-09,1.46037164917295e-09,1.20878249832415e-09,8.52610535413945e-10,1.44716419889569e-09,1.55303160289542e-09,1.80499526017937e-09,1.08331951917489e-09,7.9219192691485e-10,8.10728307087596e-10,1.39992228420383e-09,1.03151388719808e-09,1.58996242621731e-09,6.23995636690723e-09,1.74073983360558e-08,6.09337151138458e-09,1.18733597964178e-08,1.28652326246328e-08,8.2370779054723e-09,1.46045613016113e-08,4.36234967406722e-09,2.31433620182735e-09,1.00043761340951e-08,3.82993557600575e-09,7.77619112891635e-09,3.28639589961867e-09,1.89179896827371e-09,2.32717783896368e-09,3.06469250327041e-09,1.06497354923746e-09,2.08145507201768e-09,1.57666184774951e-09,1.8145533491774e-09,1.15956854597442e-09,1.01344587253154e-09,2.63594766760405e-09,1.5944908421693e-09,1.90929831281366e-09,1.12857559622425e-09,9.77128640822694e-10,2.35838345333149e-09,8.54923530962252e-10,2.03930176716556e-09,1.07215044178627e-09,3.69730944182048e-10,8.21182169338561e-10,7.70091259147495e-10,7.32254919229345e-10,9.23339384349252e-10,2.77769797626279e-10,7.58485004342907e-10,6.32779386398264e-10,6.33189954317635e-10,8.76189164845128e-10,9.5151292565576e-10,7.73432312129053e-10,6.34670929444482e-10,1.64610794009317e-10,8.01444272105424e-10,8.82729837088351e-10,1.07767064042671e-09
4.83747106407631e-09,9.77403799259375e-09,2.42500223998505e-08,8.37811981254552e-09,1.89510011304323e-08,1.65764300297535e-08,7.26006699134335e-09,1.84468371159285e-08,7.39618947574992e-09,1.39325506793075e-08,1.47173316197623e-08,1.10132483707901e-08,1.50797932656857e-08,5.90819752410302e-09,3.62635555179168e-09,1.19263071799496e-08,5.72606405564579e-09,1.16477877448747e-08,4.75787700793566e-09,2.67583480526913e-09,3.59668706942018e-09,4.58675319622219e-09,2.89824007304522e-09,4.58242034343074e-09,1.98910456171668e-09,3.07118166699614e-09,1.55970305674916e-09,2.27089094945919e-09,3.27136584279309e-09,2.36150581993929e-09,2.72257067169779e-09,1.40848306958199e-09,1.18895301715319e-09,2.90411213809059e-09,1.57577811588686e-09,2.97734753032289e-09,1.27698306508102e-09,1.00806969106953e-09,7.46971786393386e-10,1.42304602302984e-09,1.20332317192395e-09,1.59888890481454e-09,1.02128712480063e-09,8.52557164547515e-10,5.80951505096753e-10,1.28523280562832e-09,9.25887594509363e-10,1.33080034993675e-09,2.63790760268505e-09,5.00759236456999e-09,1.15488965456065e-08,3.96679465649753e-09,8.71482689494442e-09,8.18437134323987e-09,4.84228776145523e-09,9.67068160476702e-09,3.02353652937331e-09,7.44763849070688e-09,7.69777805618712e-09,4.90102314441721e-09,8.01660602293549e-09,2.4516481416334e-09,1.45577407299928e-09,6.37713194287672e-09,2.50158584087568e-09,5.99843599326957e-09,2.17391610389135e-09,1.24248329809471e-09,1.8198479911627e-09,2.35898685610845e-09,1.23550883106415e-09,1.69634302343662e-09,1.09276557481447e-09,1.60423867207935e-09,6.88295882606607e-10,1.38636841696064e-09,1.61462391744187e-09,1.43413913477807e-09,1.51520934501963e-09,5.72443050841396e-10,7.36480965963804e-10,1.5141490894663e-09,7.54799259331145e-10,1.45970239002292e-09,4.10581917395667e-10,6.49692152959175e-10,7.34304471539807e-10,6.10076299460728e-10,7.37842359288178e-10,8.30415194169736e-10,6.97881978070672e-10,7.87395746503448e-10,3.92505746886999e-10,7.54128235281319e-10,7.29248398047052e-10,7.60651642739296e-10
1.35867186474571e-08,1.8310305378146e-08,8.37811981254552e-09,2.53546369215931e-08,1.34657417028118e-08,1.94878453590491e-08,1.4129867747467e-08,6.01533955985992e-09,4.01083344963348e-09,9.89756919018537e-09,5.85612455856574e-09,9.73237266095777e-09,4.9080975186359e-09,3.35839909198341e-09,5.37092467504359e-09,4.84713565790391e-09,3.81909945914814e-09,5.38926555079325e-09,2.63728688579069e-09,4.18708098777421e-09,2.01941683015862e-09,2.95342367757902e-09,4.40387036079699e-09,2.82475646528898e-09,3.45549006123734e-09,1.72324534893697e-09,1.58544202278523e-09,3.75120703805368e-09,2.03221178503774e-09,3.89891504571757e-09,1.41993888042987e-09,1.21003690574766e-09,1.04995216540866e-09,1.64789392363166e-09,1.22999310060841e-09,1.68373674300516e-09,1.10825536308275e-09,9.41103796862781e-10,7.22949201349437e-10,1.10709398302508e-09,1.17546839932686e-09,1.46825731257469e-09,8.8772854549291e-10,7.04671923182689e-10,7.85120933742111e-10,1.10257377800916e-09,9.04543480680284e-10,1.2728461567681e-09,9.02372275071402e-09,1.105294125815e-08,4.20401116888512e-09,1.54241824155172e-08,8.09241607945028e-09,1.09777617911605e-08,9.51032912660619e-09,2.83621218367319e-09,1.49191237540249e-09,5.53991336817473e-09,2.42179051726686e-09,4.45119698223906e-09,2.32521246222608e-09,1.30779852152064e-09,2.99368266067794e-09,2.00066096346746e-09,1.41923385980228e-09,1.84192942666724e-09,1.20119636328526e-09,2.26152693589775e-09,1.16223988389231e-09,1.35950243649506e-09,2.36037189762301e-09,1.48874419243042e-09,2.07261845697717e-09,9.97551292024215e-10,6.87368843060437e-10,2.04783368525597e-09,9.78437913262254e-10,1.83058254818616e-09,9.11541408677173e-10,3.54222055504077e-10,5.62752556003451e-10,7.98017513677988e-10,5.88279454906534e-10,9.31947972795208e-10,3.15125207300942e-10,5.61773817599747e-10,5.67747704556029e-10,5.39412620797161e-10,5.86039089330171e-10,8.30302920900043e-10,6.29844709238767e-10,4.91938409724111e-10,3.31622556825058e-10,4.98332826827428e-10,8.41662584729721e-10,7.69731797984571e-10
8.0658045861246e-09,2.62532779406138e-08,1.89510011304323e-08,1.34657417028118e-08,3.83425643337905e-08,2.27515877786203e-08,1.93161567661653e-08,1.39303624269366e-08,6.95681731182752e-09,2.79435422969078e-08,1.09720156782925e-08,2.40115972553757e-08,1.13462350529511e-08,5.56854896575223e-09,3.83731464768121e-09,8.68915828132184e-09,5.80885710046296e-09,8.99976173032474e-09,4.49685041039026e-09,2.89952324627569e-09,4.41802491197854e-09,4.61959292206256e-09,3.69763627459417e-09,4.82506526212215e-09,2.11789023505743e-09,3.73903362641288e-09,1.99310517114831e-09,2.88516821565674e-09,3.90631655355181e-09,2.97105239587447e-09,3.22924271975186e-09,1.67498549889026e-09,1.48330861489048e-09,3.40664130467995e-09,1.76455574201811e-09,3.50663651515238e-09,1.52280174469844e-09,1.20782900442411e-09,9.92597061913755e-10,1.54894740652611e-09,1.64029259065225e-09,2.02546149296594e-09,1.15376758419483e-09,1.02704436673395e-09,9.17472502692643e-10,1.63619293742502e-09,1.19623865654113e-09,1.79306368850496e-09,5.79199863495544e-09,1.26928057000774e-08,9.59645572254351e-09,7.60484063376339e-09,1.67813580418779e-08,1.21312033883851e-08,1.06136930117874e-08,7.91934431429387e-09,3.21330626407294e-09,1.41211493420941e-08,5.54850904688051e-09,1.00862158872053e-08,6.23032878508776e-09,2.64659480542425e-09,4.56737954366045e-10,4.42926950654472e-09,1.62004306814866e-09,3.44315536543387e-09,2.35688159786496e-09,3.94903469200819e-10,1.86217253663278e-09,1.56026070654237e-09,8.7263592429523e-10,1.54839834514494e-09,7.61373301657488e-10,1.70939407883798e-09,8.62215732143166e-10,1.20910271281411e-09,1.54847768953299e-09,1.15251800408397e-09,1.73050116434434e-09,5.81241654106325e-10,6.88662245032247e-10,1.71893508664377e-09,7.89839971633204e-10,1.5311042989434e-09,4.09865696474158e-10,5.88984761819607e-10,7.97735403711753e-10,6.25794302391335e-10,8.41629959829908e-10,1.04296035208116e-09,6.63170038221777e-10,8.3603880420961e-10,2.42849551674409e-10,8.88829975514106e-10,8.74819455411693e-10,1.01598792136392e-09
1.31429320163851e-08,1.32513022280756e-08,1.65764300297535e-08,1.94878453590491e-08,2.27515877786203e-08,3.09138027408362e-08,9.69375741146219e-09,1.19449550080419e-08,6.48155169881318e-09,1.66698453739308e-08,9.08631204121568e-09,1.3708166804963e-08,9.77808433470024e-09,5.23961394287919e-09,3.50963813768752e-09,7.36337601755976e-09,5.41905264824828e-09,7.57045672367442e-09,4.18909943727379e-09,2.59987048835975e-09,3.94250110149468e-09,4.2360449898397e-09,2.93216733298672e-09,4.14825797274357e-09,1.95332681100705e-09,3.42237578694118e-09,1.84722775832005e-09,2.32466737655907e-09,3.71943322439864e-09,2.52937087212602e-09,2.95342767462903e-09,1.55154224267542e-09,1.28078555489792e-09,3.2293625940475e-09,1.60496255061927e-09,3.27494010044759e-09,1.36487257124732e-09,1.08987187678259e-09,9.24303382828844e-10,1.3984619879638e-09,1.35647459644001e-09,1.77948106964389e-09,1.01890316449867e-09,9.18515861006412e-10,8.80490783029212e-10,1.29997962782728e-09,1.08532752579853e-09,1.46896801578021e-09,8.64494128108636e-09,7.41725174205797e-09,6.68301265324369e-09,1.09455605063932e-08,1.06025690788308e-08,1.52579705466012e-08,6.28216171137801e-09,6.0786961620456e-09,2.43197944580788e-09,8.89429635454042e-09,4.06733124365277e-09,6.90998439567056e-09,4.95238951218841e-09,1.92335451565342e-09,1.15073233425834e-09,3.26284753778886e-09,1.76679098232765e-09,2.63468244798883e-09,1.80120443950351e-09,9.08112737638878e-10,1.80575346234862e-09,1.67118035848021e-09,7.28697180204747e-10,1.34282126811475e-09,9.66367225854234e-10,1.63367182260941e-09,7.46152416105037e-10,9.93513648567744e-10,1.73704467979147e-09,8.60882384273515e-10,1.59217887243751e-09,6.52912060032225e-10,5.78177226136268e-10,1.67859333999114e-09,8.68936687370879e-10,1.78137387548783e-09,5.43710979657423e-10,5.8901438846547e-10,6.86835172831005e-10,7.58895435295024e-10,6.99995907159529e-10,9.88417777915101e-10,6.57103094777499e-10,5.86295733858737e-10,4.45028238536126e-10,6.33752286751864e-10,8.70053642239905e-10,8.86325538540123e-10
6.23372212696965e-09,2.5191612136712e-08,7.26006699134335e-09,1.4129867747467e-08,1.93161567661653e-08,9.69375741146219e-09,3.10787403096193e-08,8.04649076201477e-09,4.69498710742249e-09,2.45408254616533e-08,8.01913817364646e-09,2.42315800832195e-08,6.45147558937558e-09,3.92285180432428e-09,5.724978006748e-09,6.46606277590086e-09,4.67785003891878e-09,7.19861485484462e-09,3.10981916587869e-09,4.52698236703685e-09,2.92676930835611e-09,3.65210320793021e-09,5.53191034369248e-09,3.57775915038017e-09,3.6485074743272e-09,2.44398527034863e-09,1.99522623681614e-09,4.62190072292649e-09,2.4299678642764e-09,4.45068747302378e-09,2.06437752295738e-09,1.57037266216748e-09,1.38299883937345e-09,2.00246627640632e-09,1.62923991948097e-09,2.12384665217721e-09,1.4362136163717e-09,1.21491443256319e-09,8.57873184837837e-10,1.43881017570053e-09,1.54767425385168e-09,1.81129729823506e-09,1.04802961078019e-09,7.53426507085693e-10,7.87948408680521e-10,1.34641616286066e-09,9.85049072407075e-10,1.51278357776195e-09,4.91759402733047e-09,1.46104291017241e-08,4.35974559769873e-09,1.06055911221708e-08,1.00080737510657e-08,6.26981380973148e-09,1.80683088194652e-08,5.05848967318685e-09,3.2723590852724e-09,1.33244110439466e-08,4.82493012165267e-09,1.09406048503641e-08,3.84292184441014e-09,2.59376139522104e-09,2.33719039795388e-09,3.98466321713002e-09,1.74538393408698e-09,2.91342893437244e-09,2.17462715848428e-09,2.01474550755909e-09,1.51947997492772e-09,1.66615078729106e-09,2.96248575002072e-09,1.84840328557416e-09,2.01640509323741e-09,1.43090153659635e-09,9.56985931768435e-10,2.61506550692758e-09,1.00994543316443e-09,2.09477319303979e-09,1.35086382888336e-09,4.56478443642484e-10,9.04637705571486e-10,9.34849169276789e-10,7.75704094026199e-10,1.0593909813293e-09,3.5513356920552e-10,8.09302931627444e-10,6.16498705337526e-10,6.27285353918865e-10,9.37605874491252e-10,9.89552107926457e-10,7.95247180124695e-10,6.17994541297231e-10,1.92985230052658e-10,8.84770484271748e-10,8.21355130213656e-10,1.04278442938494e-09
3.59097509425536e-09,7.25720969557283e-09,1.84468371159285e-08,6.01533955985992e-09,1.39303624269366e-08,1.19449550080419e-08,8.04649076201477e-09,2.06171751834724e-08,8.2570044077152e-09,1.55834123108051e-08,1.61614419520464e-08,1.21092935923432e-08,1.68368997354036e-08,6.55483822716845e-09,3.98319172351905e-09,1.3017501494754e-08,6.42815037092957e-09,1.27354926371415e-08,5.29751240113829e-09,2.97209817536759e-09,4.05444517225504e-09,5.1189288354892e-09,3.2585423678367e-09,5.03035328962621e-09,2.25252253014765e-09,3.40441899335548e-09,1.69238660579353e-09,2.58029788811534e-09,3.5972884795179e-09,2.6590520860558e-09,3.04252511123743e-09,1.50715818015776e-09,1.23343600369553e-09,3.146149581262e-09,1.65961616363969e-09,3.21343918342465e-09,1.36950936979533e-09,1.05048945096926e-09,7.99497389694688e-10,1.51181276021004e-09,1.21181864686147e-09,1.64724357721395e-09,9.82565377118406e-10,7.5285701715388e-10,5.52434707726397e-10,1.13131618082297e-09,9.05750394507657e-10,1.26682536266152e-09,1.99697488604076e-09,4.84633883941122e-09,9.6671937734307e-09,4.27311664777281e-09,7.44961760420948e-09,7.31109045134558e-09,5.39652355409776e-09,1.12412173238009e-08,3.72548139410816e-09,8.50417918535723e-09,8.73233854890163e-09,5.89393219737945e-09,9.77912265307491e-09,2.82914985883113e-09,1.58908348315188e-09,7.35313298785874e-09,3.05639588150051e-09,7.09286549699993e-09,2.43905319781417e-09,1.36785196212021e-09,2.27450595667962e-09,2.79162224946171e-09,1.43472992742445e-09,1.9358728921335e-09,1.18083644368086e-09,1.91789343047016e-09,8.3499933396096e-10,1.53541990116471e-09,1.85144569179552e-09,1.63304471556684e-09,1.82927846952466e-09,7.33315202022222e-10,6.66073789052506e-10,1.7451241070138e-09,8.4755518045396e-10,1.66742789467382e-09,5.91077101099366e-10,5.74291825182351e-10,7.11174073280733e-10,7.2397236256871e-10,6.93310058940929e-10,8.72553899012872e-10,6.6425400036255e-10,7.46821193837314e-10,4.15489902057368e-10,7.25661545954073e-10,7.36008712352531e-10,8.2300285386108e-10
4.45935789008176e-09,4.1263213963695e-09,7.39618947574992e-09,4.01083344963348e-09,6.95681731182752e-09,6.48155169881318e-09,4.69498710742249e-09,8.2570044077152e-09,2.5218016120359e-08,7.83683050725474e-09,1.87569539041461e-08,1.7850680409466e-08,6.55939502870856e-09,2.04657147760993e-08,8.63207542633087e-09,1.50613633487403e-08,1.65379006640567e-08,1.16885510799238e-08,1.60776668519343e-08,6.67530212680666e-09,3.71186731881466e-09,1.29706053366949e-08,6.4121675090362e-09,1.21514010483526e-08,5.18994432436463e-09,2.8998710688527e-09,3.25644946277348e-09,4.86979813899969e-09,2.77123638005218e-09,4.42995051078769e-09,2.26564035684205e-09,2.77586504377569e-09,1.54414780478564e-09,2.14416826048163e-09,3.01778565509277e-09,2.3085558852588e-09,2.4145462951679e-09,1.39768125091436e-09,1.05899106055435e-09,2.64782208318825e-09,1.48712947140743e-09,2.82117158824798e-09,1.26801919704687e-09,9.10489369000146e-10,8.79763073106173e-10,1.29445168440722e-09,1.22412165013813e-09,1.50098787788052e-09,2.20341386325432e-09,3.01960938049881e-09,3.39787753392252e-09,2.32073827687618e-09,3.43403645546036e-09,3.43676899512644e-09,3.33248072899748e-09,3.71932804175896e-09,1.17071291075413e-08,4.11686495558286e-09,7.79485320058171e-09,8.17110206276176e-09,3.29550560576276e-09,1.02234445634992e-08,4.0890329881403e-09,7.00147776617557e-09,8.92972666325641e-09,6.12883838264268e-09,7.97061968167535e-09,3.75392395513708e-09,2.18451973929617e-09,7.58879708578132e-09,3.1143120933473e-09,5.50782264376252e-09,3.17341448908994e-09,1.65563586595901e-09,1.4415279694822e-09,2.83989408590843e-09,1.28639649266347e-09,2.43509535178878e-09,1.50762548038827e-09,1.16740188606787e-09,9.60813901789076e-10,1.17360779166161e-09,1.50471732887929e-09,1.26888582318445e-09,9.64020235245763e-10,9.18834671498122e-10,6.82714190972067e-10,1.24973556315096e-09,1.00862969797374e-09,1.18459791122701e-09,9.27039619701704e-10,6.62201228818513e-10,6.92759575161945e-10,9.00297712031283e-10,1.18287892012805e-09,1.33808580498088e-09
5.93596205210816e-09,1.93144638590687e-08,1.39325506793075e-08,9.89756919018537e-09,2.79435422969078e-08,1.66698453739308e-08,2.45408254616533e-08,1.55834123108051e-08,7.83683050725474e-09,3.45108917736464e-08,1.21115246018609e-08,2.94061191389759e-08,1.26703395577819e-08,6.25488119399515e-09,4.16209325640719e-09,9.5606108476098e-09,6.58623413639915e-09,9.9009769830905e-09,5.08090217468622e-09,3.17131618580388e-09,4.990437543333e-09,5.20809853555153e-09,4.15041756487281e-09,5.26542295580002e-09,2.3380888493463e-09,4.18243693086378e-09,2.13388092212316e-09,3.27284648918803e-09,4.26724782952625e-09,3.20882736606588e-09,3.65213956164141e-09,1.79336909102213e-09,1.52713654776687e-09,3.69002297938954e-09,1.88604588270751e-09,3.73560545949589e-09,1.61004196707443e-09,1.24040073412941e-09,1.00796483380514e-09,1.64502707554917e-09,1.64336778646712e-09,2.13387555820072e-09,1.13718913627764e-09,9.11591284482259e-10,8.44169703170216e-10,1.5065765967053e-09,1.10887303527414e-09,1.68473624584291e-09,4.39039145509994e-09,1.0620587056966e-08,7.91528349887919e-09,7.0935636342073e-09,1.41251537488183e-08,1.0122385381383e-08,1.42016109802368e-08,8.99210980321781e-09,4.3584142889901e-09,1.80669633232599e-08,6.74796976410966e-09,1.347777179739e-08,7.3661084404772e-09,3.43406205049645e-09,6.58603671621761e-10,5.44469222702675e-09,2.4422625639798e-09,4.50784024182387e-09,2.99145171148832e-09,4.95615407619199e-10,2.40686541887291e-09,2.24641887101344e-09,1.25231534741653e-09,1.9832592452755e-09,8.0581708405858e-10,2.12515914815945e-09,1.01195739542046e-09,1.49476730257021e-09,1.79011495277125e-09,1.3843036852401e-09,2.12323517547682e-09,8.09149561909816e-10,8.07242679860219e-10,1.9455149948849e-09,9.50028064461063e-10,1.74344314289774e-09,6.34257076804735e-10,6.64538339488102e-10,7.31543704333795e-10,7.47271795830157e-10,9.01999926528389e-10,1.15876275464648e-09,6.44469957220853e-10,7.95250875757901e-10,2.47763041410092e-10,9.22114884427777e-10,7.78194358136533e-10,9.4132045082295e-10
3.99838820537014e-09,7.3257720181394e-09,1.47173316197623e-08,5.85612455856574e-09,1.09720156782925e-08,9.08631204121568e-09,8.01913817364646e-09,1.61614419520464e-08,1.87569539041461e-08,1.21115246018609e-08,2.98936806479454e-08,2.38587040693016e-08,1.3020863224901e-08,1.50586654084123e-08,7.67326580701499e-09,2.39879263790421e-08,1.16046369471685e-08,1.91224174484256e-08,1.18528212359251e-08,6.07245133532884e-09,3.88364073709308e-09,9.22456294016398e-09,6.09268741132831e-09,8.84311899114437e-09,4.70960135084835e-09,3.03928581072007e-09,3.66076039806188e-09,4.64300642691952e-09,2.96015751811133e-09,4.42339148430189e-09,2.34458904046692e-09,3.19604054863304e-09,1.87869383693623e-09,2.27829613193973e-09,3.52023028723965e-09,2.48608368358261e-09,2.82302148328402e-09,1.70078879117654e-09,1.15272078691392e-09,3.10079478414224e-09,1.81201992552465e-09,3.27206067650663e-09,1.55859757762458e-09,1.07939662630636e-09,9.51195613766083e-10,1.62456776930767e-09,1.39398562987185e-09,1.80350254319659e-09,2.70908919282068e-09,5.49800476158111e-09,7.76811731491083e-09,4.76351497069986e-09,5.77177766259969e-09,5.31902775362635e-09,6.0445580723749e-09,8.54369149559915e-09,9.03363319324216e-09,6.61433248271152e-09,1.55347423329495e-08,1.16473183412925e-08,7.47664653598787e-09,7.53955022409259e-09,3.24965024170077e-09,1.31287125694486e-08,5.98991628101798e-09,1.07141539895073e-08,5.87142336709454e-09,2.95089781865919e-09,2.41259082042289e-09,5.07590253986184e-09,3.26107879146256e-09,4.23825570053738e-09,2.54460090544466e-09,1.77671497522481e-09,1.4418052178199e-09,2.9200127122304e-09,1.29086229175117e-09,2.2583997077973e-09,1.53940641674014e-09,1.17182197929864e-09,1.15738918072211e-09,1.15097283544987e-09,1.59729721134795e-09,1.22931209287201e-09,9.00616096449198e-10,1.08720596420083e-09,9.08842724147847e-10,1.25540535467525e-09,1.12955212243622e-09,1.14766784402503e-09,1.06205880802146e-09,8.89151163064918e-10,6.16532495858055e-10,1.03386118637044e-09,1.20285334461420e-09,1.32246998918054e-09
6.39729788909947e-09,1.93481535032962e-08,1.10132483707901e-08,9.73237266095777e-09,2.40115972553757e-08,1.3708166804963e-08,2.42315800832195e-08,1.21092935923432e-08,1.7850680409466e-08,2.94061191389759e-08,2.38587040693016e-08,4.52107459782015e-08,9.6088799720938e-09,1.43779274663119e-08,7.84229995547228e-09,1.8921678421052e-08,1.16636839227497e-08,1.56986295968316e-08,1.11941042722006e-08,6.05599830169472e-09,4.71754405756163e-09,9.19302947109278e-09,6.67523070349803e-09,8.91887560157294e-09,4.61673144332782e-09,3.67272887437379e-09,4.04586029823983e-09,5.1259954147312e-09,3.40922924531993e-09,4.75194100900894e-09,2.8171376688921e-09,3.42476343299662e-09,2.0261081114868e-09,2.64414297736521e-09,3.63015738635935e-09,2.82237894472088e-09,2.97079517560407e-09,1.76487639168056e-09,1.23428986881837e-09,3.09219724827109e-09,2.19646626059073e-09,3.62631201861718e-09,1.6076685716586e-09,1.12053068798192e-09,1.17093171366397e-09,1.97546023846694e-09,1.44332398018018e-09,2.23667219260898e-09,4.86538068715829e-09,1.10702740532787e-08,6.03016550265472e-09,7.61506789117465e-09,1.17258716827846e-08,8.10711132794071e-09,1.40509368513129e-08,6.6460837683729e-09,8.94140355339877e-09,1.50497193873467e-08,1.17329320916264e-08,2.12065489617897e-08,5.40690145749988e-09,7.59296280426065e-09,2.62702527621787e-09,9.78937045127723e-09,5.86225218455672e-09,7.40109971177725e-09,5.85369045762416e-09,2.35010400919829e-09,2.14440414902241e-09,4.99792703277128e-09,2.94809497412154e-09,4.27465668613316e-09,2.36908415412819e-09,1.73915003192682e-09,1.6574462709779e-09,2.86392884377494e-09,1.15267233751222e-09,2.11240893700507e-09,1.58313982735147e-09,1.21914085451642e-09,1.23501718770839e-09,1.18765170075153e-09,1.54560755779347e-09,1.29179041983254e-09,9.20945751550541e-10,1.09518365028455e-09,8.85612975763587e-10,1.17401704660356e-09,1.41970771696817e-09,1.56822322253193e-09,1.05846361830265e-09,9.0206468006255e-10,4.32587729867639e-10,1.38060289621252e-09,1.16357532030435e-09,1.6073215076449e-09
3.02709612462824e-09,5.85602859027221e-09,1.50797932656857e-08,4.9080975186359e-09,1.13462350529511e-08,9.77808433470024e-09,6.45147558937558e-09,1.68368997354036e-08,6.55939502870856e-09,1.26703395577819e-08,1.3020863224901e-08,9.6088799720938e-09,2.13748430868883e-08,8.18262536882739e-09,4.702921125077e-09,1.66017138089303e-08,8.19948844526115e-09,1.64547926320633e-08,6.53447199767313e-09,3.52835075441211e-09,4.71398514773732e-09,6.47893719816343e-09,3.90755559610911e-09,6.38191774174824e-09,2.72176379051063e-09,3.83931991838556e-09,1.99887395198235e-09,3.10473261600737e-09,4.09880058212593e-09,3.22640474385477e-09,3.43568947833848e-09,1.75538175262146e-09,1.39306950586953e-09,3.60072980703094e-09,1.89424712835505e-09,3.6236972041362e-09,1.59469483920841e-09,1.17795841135214e-09,1.08517080727484e-09,1.69337587207302e-09,1.4764956253989e-09,1.89755392197969e-09,1.09920140661964e-09,9.79363821890091e-10,7.2442925428663e-10,1.32260394930974e-09,1.06854141250875e-09,1.47725056789877e-09,1.76073894545714e-09,3.71296607623581e-09,8.0020353527552e-09,3.65770173179591e-09,5.70122864210563e-09,5.73003033773335e-09,4.13468625397983e-09,9.77435441323234e-09,2.82401489851543e-09,6.8137245728542e-09,7.34919539213449e-09,4.53420477693012e-09,1.25186214809341e-08,4.12501800437248e-09,1.87486334269191e-09,9.34418465661624e-09,3.99980757753647e-09,8.85452951046871e-09,3.60855286761515e-09,1.55208141407352e-09,2.41346827736611e-09,3.73390634454256e-09,1.84499949867595e-09,3.0631862270933e-09,1.33938973917849e-09,2.0416427635424e-09,9.19809007574065e-10,1.85282950446787e-09,1.97163341032729e-09,1.79205146919758e-09,1.91721459288511e-09,8.04390991593111e-10,7.95292245887854e-10,1.82023360198758e-09,1.0059693696332e-09,1.87717946920785e-09,6.53677747622759e-10,6.9848789242474e-10,9.69025079918151e-10,8.79035693212803e-10,9.15625181065207e-10,1.18800063475771e-09,7.73479312784072e-10,9.60823075807385e-10,5.00242078438737e-10,9.05468844858265e-10,8.1318000627756e-10,9.32018175092676e-10
3.75032236324116e-09,3.40167675623353e-09,5.90819752410302e-09,3.35839909198341e-09,5.56854896575223e-09,5.23961394287919e-09,3.92285180432428e-09,6.55483822716845e-09,2.04657147760993e-08,6.25488119399515e-09,1.50586654084123e-08,1.43779274663119e-08,8.18262536882739e-09,2.36026673092765e-08,9.90638908119869e-09,1.78243999498585e-08,1.93674425669486e-08,1.42036413542694e-08,1.85097401220153e-08,7.60578266510296e-09,4.25095229905369e-09,1.50494804625382e-08,7.31064494321526e-09,1.42260913704961e-08,5.93291491600122e-09,3.35029990383766e-09,3.66976289938758e-09,5.62611024768623e-09,3.13099591716096e-09,5.08771921131863e-09,2.652762670633e-09,3.05314082008888e-09,1.64947835853222e-09,2.42010151190496e-09,3.33125409689629e-09,2.64214805520683e-09,2.61887020044216e-09,1.47779359661854e-09,1.23485636000721e-09,2.8759421612032e-09,1.67398862629385e-09,3.09017075602999e-09,1.32918518737217e-09,1.07624319370866e-09,8.95745783146339e-10,1.44326819497809e-09,1.3243224280141e-09,1.61090317898127e-09,2.13304598553848e-09,2.4887858108206e-09,2.80814734663562e-09,2.04433355854475e-09,2.61413888878526e-09,2.72957791410123e-09,2.7221295223276e-09,3.28884519559508e-09,1.02163617443217e-08,3.02073671331038e-09,6.9949191826596e-09,6.96555989056216e-09,4.55653067132871e-09,1.27593246203843e-08,4.46926489397476e-09,8.42579159001237e-09,1.04000289823914e-08,7.15303732222352e-09,1.02485148874853e-08,4.10341392418856e-09,2.32516669626314e-09,8.9991751332817e-09,3.81913296826952e-09,7.34519805310607e-09,3.32901933552864e-09,1.76903105419116e-09,1.71499468093581e-09,3.26903796840854e-09,1.48620740235114e-09,2.72275118442024e-09,1.61525668951465e-09,1.42259407485884e-09,1.0059578306931e-09,1.35274274579392e-09,1.77333043482318e-09,1.59555979897965e-09,1.15486255766479e-09,9.98832152406124e-10,8.67613836096872e-10,1.43260736904402e-09,1.07987151230656e-09,1.4560334014265e-09,1.00118358722239e-09,8.38746581493957e-10,7.04881200592586e-10,9.56244682998633e-10,1.26855720677736e-09,1.32384874104678e-09
1.98606398321576e-09,5.44089338473738e-09,3.62635555179168e-09,5.37092467504359e-09,3.83731464768121e-09,3.50963813768752e-09,5.724978006748e-09,3.98319172351905e-09,8.63207542633087e-09,4.16209325640719e-09,7.67326580701499e-09,7.84229995547228e-09,4.702921125077e-09,9.90638908119869e-09,2.93865401084679e-08,9.05538474772587e-09,2.17979250666186e-08,2.0132646526103e-08,7.61077187632514e-09,2.27513805692966e-08,8.36552741430857e-09,1.68642027637188e-08,1.61090408139572e-08,1.15632007422855e-08,1.83040055657801e-08,6.59357705183121e-09,3.91366308571609e-09,1.27882142423288e-08,6.10028582988214e-09,1.17001266747929e-08,4.93641558366594e-09,2.85829388586551e-09,5.03378314049186e-09,4.37567753171213e-09,3.10531176510394e-09,4.69101780153442e-09,2.57912635401057e-09,4.58200595512215e-09,1.44839446725809e-09,2.81122418082333e-09,4.76401938232169e-09,2.75135526917739e-09,4.16887550403956e-09,1.35432549679683e-09,1.03508905389511e-09,4.2692061317877e-09,1.55844091244649e-09,4.50761869667646e-09,9.03974742828902e-10,4.10917098231925e-09,1.69907862009224e-09,3.32363787658853e-09,1.86276044421572e-09,1.6830193554498e-09,3.98467912690607e-09,1.70872157200564e-09,5.08894798799183e-09,2.05875544205929e-09,3.88793197040882e-09,3.95405035514454e-09,2.48602523739127e-09,6.01499731452565e-09,1.58415689779909e-08,4.71900100935373e-09,1.14335168624765e-08,1.04128323259514e-08,4.76015569429438e-09,1.29259637907983e-08,4.65004518142718e-09,8.99856227265744e-09,9.77469812526132e-09,6.41439639047044e-09,1.09532155593555e-08,3.81463688545176e-09,2.14269307923995e-09,8.00451499166261e-09,3.40556880265842e-09,6.43516422470092e-09,3.19789214609004e-09,1.71976166135936e-09,2.67434621211597e-09,2.96885339001452e-09,1.97077747873331e-09,3.13668037210803e-09,1.4547227114163e-09,2.47294441455885e-09,1.0871867144225e-09,1.73082101436207e-09,2.65448140088168e-09,1.64378967701406e-09,2.29698665373048e-09,1.04085009942189e-09,6.57956884132548e-10,2.35364829389583e-09,1.3219646234194e-09,2.41195657149118e-09
3.4049146631347e-09,5.88874910416253e-09,1.19263071799496e-08,4.84713565790391e-09,8.68915828132184e-09,7.36337601755976e-09,6.46606277590086e-09,1.3017501494754e-08,1.50613633487403e-08,9.5606108476098e-09,2.39879263790421e-08,1.8921678421052e-08,1.66017138089303e-08,1.78243999498585e-08,9.05538474772587e-09,2.93044773712271e-08,1.41899353899946e-08,2.41241703311733e-08,1.3904582030565e-08,7.03929919991891e-09,4.40670418770487e-09,1.10759229282864e-08,7.10300948001981e-09,1.06268901231254e-08,5.51624972166503e-09,3.47704515922693e-09,4.10818838371555e-09,5.48000828991339e-09,3.39544475263402e-09,5.19010823167525e-09,2.71738917346592e-09,3.53472740036903e-09,1.97478075040184e-09,2.65124894870642e-09,3.81712610470598e-09,2.86493959506765e-09,3.07044953575725e-09,1.76454705824368e-09,1.38226054594952e-09,3.28981706448476e-09,2.01537320214048e-09,3.55035368880445e-09,1.61999359208026e-09,1.29477515053396e-09,1.02668530206136e-09,1.79477872316359e-09,1.50070983633909e-09,1.93293410439111e-09,2.35067278073704e-09,4.33190390054245e-09,6.37845691658211e-09,4.00177734025563e-09,4.32510312747926e-09,4.30775388410977e-09,4.64927061175427e-09,7.46890976538105e-09,7.53128470211598e-09,5.04426033471321e-09,1.31215427188552e-08,9.4394249045142e-09,1.04432442479658e-08,9.46910329942371e-09,3.66787069258333e-09,1.59777295196549e-08,7.06535816990022e-09,1.32108302719832e-08,7.66967180547772e-09,3.22746139768018e-09,2.42790987891916e-09,6.11725461141145e-09,3.99439105869847e-09,5.68789031957244e-09,2.65827857380515e-09,1.81112226793722e-09,1.58274123851684e-09,3.36430650836169e-09,1.35463371569471e-09,2.45129299084264e-09,1.5642540730951e-09,1.32021899764011e-09,1.25987289322412e-09,1.21545096754388e-09,1.86441477422928e-09,1.61885009020905e-09,9.84715497873811e-10,1.20410121770275e-09,1.11092652338425e-09,1.43624516580228e-09,1.22736141543423e-09,1.40342270242425e-09,1.17783945786535e-09,1.0764569137192e-09,6.16547730939129e-10,1.10531686779393e-09,1.26888563800573e-09,1.34252021771871e-09
4.03643342504607e-09,4.01515481510838e-09,5.72606405564579e-09,3.81909945914814e-09,5.80885710046296e-09,5.41905264824828e-09,4.67785003891878e-09,6.42815037092957e-09,1.65379006640567e-08,6.58623413639915e-09,1.16046369471685e-08,1.16636839227497e-08,8.19948844526115e-09,1.93674425669486e-08,2.17979250666186e-08,1.41899353899946e-08,3.58583186948973e-08,2.80165175077389e-08,1.50533888333741e-08,1.68617482220034e-08,7.80991561585534e-09,2.74409921150892e-08,1.15753895184615e-08,2.04796039339328e-08,1.34631093339753e-08,6.03145410282182e-09,3.85489193110918e-09,8.92996260476772e-09,5.57092935479927e-09,8.17258400121441e-09,4.43480345386363e-09,2.81769757758735e-09,4.93978831763005e-09,3.9376534022335e-09,3.06750671603301e-09,4.19930733671866e-09,2.54542202944389e-09,4.42679488114071e-09,1.5698191175294e-09,2.74306047633e-09,4.60747866114753e-09,2.71390312870645e-09,4.02059784504703e-09,1.41855562543073e-09,1.07858597894564e-09,4.10344436697857e-09,1.55422702317197e-09,4.27093806403889e-09,2.00800829494632e-09,2.57123346624206e-09,2.52137976540259e-09,2.05074346241263e-09,2.68999090167589e-09,2.52610311882865e-09,2.88527619223623e-09,3.18688454000157e-09,8.24130232750391e-09,3.07384329155216e-09,5.37755122365516e-09,6.02893213527415e-09,4.84959480168261e-09,1.05316153494303e-08,1.13244328780646e-08,7.16474555525961e-09,1.81047272156881e-08,1.42789061485444e-08,8.64701375758805e-09,9.3531391252238e-09,3.95324718859219e-09,1.51031693689016e-08,6.58441652873221e-09,1.06047540692904e-08,8.04412202791645e-09,3.24867349349697e-09,2.01313037227705e-09,5.64016205693043e-09,2.71879703421811e-09,4.49349478842268e-09,2.76556702728893e-09,1.73708235832027e-09,2.35650233735239e-09,2.3699572815099e-09,2.04514278051662e-09,2.70191403367057e-09,1.48278606794517e-09,2.03146156309134e-09,1.05827817269771e-09,1.82259267863218e-09,2.25233093886337e-09,1.83618060252155e-09,2.0882653460039e-09,1.17979522170806e-09,6.94994892156957e-10,2.15923203710101e-09,1.16939278245927e-09,2.0563311952467e-09
3.67648392645946e-09,6.57334073834748e-09,1.16477877448747e-08,5.38926555079325e-09,8.99976173032474e-09,7.57045672367442e-09,7.19861485484462e-09,1.27354926371415e-08,1.16885510799238e-08,9.9009769830905e-09,1.91224174484256e-08,1.56986295968316e-08,1.64547926320633e-08,1.42036413542694e-08,2.0132646526103e-08,2.41241703311733e-08,2.80165175077389e-08,4.03291828627971e-08,1.10130266632473e-08,1.57276249472281e-08,7.71464816861396e-09,2.17378743878456e-08,1.09602232495416e-08,1.59333036650626e-08,1.25756835739713e-08,5.99287178277241e-09,4.1318575792458e-09,8.51694598436486e-09,5.7298553103976e-09,8.00093147997061e-09,4.32213501671508e-09,3.13292743948231e-09,5.04601371778397e-09,4.07014115324482e-09,3.24653306678394e-09,4.20225285307384e-09,2.84010761778863e-09,4.51776121886429e-09,1.61111389175047e-09,2.92179959989279e-09,4.82158030225527e-09,2.96294684392883e-09,4.09957201782745e-09,1.49078235200776e-09,1.20960589038678e-09,4.34149573194659e-09,1.61821112377826e-09,4.54328266087124e-09,2.31045331696498e-09,4.48116967921097e-09,6.12371917896675e-09,3.87738443225965e-09,4.33159517419491e-09,4.03671413140796e-09,4.88285555661194e-09,7.34623936173061e-09,5.9282825101614e-09,5.13020147543958e-09,1.09364176993019e-08,8.46260580253412e-09,1.07266081474047e-08,7.66600053790316e-09,1.00506248527043e-08,1.3976924505046e-08,1.38560974080792e-08,2.15148651584511e-08,6.40241441548608e-09,8.19180712895469e-09,4.01571148910462e-09,1.13923820812218e-08,6.50205286710198e-09,8.30487248278596e-09,7.24654308897777e-09,3.27283566352071e-09,1.72539718895258e-09,5.6513972862312e-09,2.68895864972514e-09,4.46079937751403e-09,2.58303513279471e-09,1.55327768152112e-09,2.49439400271314e-09,2.24598952263147e-09,1.9531582648792e-09,2.61962498812446e-09,1.26203816811118e-09,2.10136017948214e-09,1.18657677106586e-09,1.72725407887874e-09,2.28980487861996e-09,1.84446695137629e-09,2.07082182090868e-09,1.27372860859393e-09,7.28624029813025e-10,2.1664245439697e-09,1.27960862984516e-09,2.2236966509804e-09
3.0608702183331e-09,2.69279336663226e-09,4.75787700793566e-09,2.63728688579069e-09,4.49685041039026e-09,4.18909943727379e-09,3.10981916587869e-09,5.29751240113829e-09,1.60776668519343e-08,5.08090217468622e-09,1.18528212359251e-08,1.11941042722006e-08,6.53447199767313e-09,1.85097401220153e-08,7.61077187632514e-09,1.3904582030565e-08,1.50533888333741e-08,1.10130266632473e-08,2.20058325950163e-08,8.70152203972519e-09,4.65997919285596e-09,1.7970963495183e-08,8.43354259612874e-09,1.70826474879278e-08,6.79316797401662e-09,3.63544850569962e-09,4.18515166924871e-09,6.51418665462008e-09,3.47104481067033e-09,5.9297321942745e-09,2.90632679882387e-09,3.50821686312612e-09,1.851307289692e-09,2.68164443730244e-09,3.7889735415014e-09,2.91909619059483e-09,3.03562680307218e-09,1.61240475084206e-09,1.36854739593987e-09,3.29029932913404e-09,1.84934484860608e-09,3.55885537581702e-09,1.40107642321837e-09,1.18936281766249e-09,1.02620953076968e-09,1.60294900520236e-09,1.43855784635256e-09,1.83275856128744e-09,1.82700772809808e-09,2.18296055922704e-09,2.5985158017984e-09,1.85772655238377e-09,2.58022811960636e-09,2.6538234681418e-09,2.42033377326624e-09,3.06443842511245e-09,7.94639678659102e-09,2.96672670752588e-09,5.6333908751491e-09,5.80834794364535e-09,4.02320043919872e-09,1.02413168754249e-08,4.10190896450964e-09,6.68855962691707e-09,8.98978976644857e-09,6.06939636547264e-09,1.28482313787939e-08,5.12159257368393e-09,2.56412300260474e-09,1.06804712455844e-08,4.77726371283462e-09,9.21868741743691e-09,4.07069511017629e-09,1.99654140550299e-09,2.07801176363777e-09,4.01860246434133e-09,1.54596739315386e-09,3.39608416204112e-09,1.7750812584081e-09,1.72188942557184e-09,1.24012125764518e-09,1.32983041136662e-09,2.07812066405374e-09,1.62910986811573e-09,1.45362209305659e-09,1.17548406935913e-09,9.95455545620166e-10,1.72832921259301e-09,1.30117755591073e-09,1.87868198775013e-09,1.13394116534099e-09,9.56033506011818e-10,8.86848228989492e-10,1.16908042295905e-09,1.38267378714132e-09,1.58158634273273e-09
