5.65164253222681e-08,2.79201255682966e-08,1.07751580610833e-08,4.57818430469808e-08,2.52069967047114e-08,4.1421078610187e-08,2.34277435221569e-08,9.14885940009165e-09,8.78475488118376e-09,2.10900194626789e-08,9.48055342143603e-09,2.10064820510153e-08,7.44393785703625e-09,7.59163044642276e-09,4.15607637035456e-09,7.93085645060106e-09,8.28458882236222e-09,8.02542121274336e-09,6.88258514536626e-09,3.68609968057522e-09,2.76243637097121e-09,7.48222324219104e-09,3.37023318400631e-09,6.55047622196201e-09,3.20222861186251e-09,2.63320599145174e-09,2.34236732603865e-09,3.13793174979523e-09,2.85877481833649e-09,3.7489780167169e-09,2.59502408025332e-09,2.32262141493393e-09,2.55911974153204e-09,2.88469549089424e-09,2.64088956363575e-09,3.03623325759273e-09,2.00987468467254e-09,2.00124924624015e-09,1.18711863188378e-09,2.16977489234947e-09,2.19037421393961e-09,2.0138672171016e-09,1.77514297994512e-09,1.1068924551777e-09,1.32026107091615e-09,2.08966467429222e-09,1.55202874589569e-09,2.36861167124462e-09,4.10985730818108e-08,1.51585865660492e-08,4.51614059980194e-09,3.22779947916346e-08,1.47048497139251e-08,2.83243556914205e-08,1.40547557372005e-08,4.46811833477544e-09,5.72659905251747e-09,1.26165852824809e-08,4.69718617088521e-09,1.16710959243399e-08,4.36338487553476e-09,4.82026963057451e-09,3.70751342786869e-09,3.76360560461139e-09,4.48576264060641e-09,3.79761373116412e-09,4.44677158472202e-09,3.37776695067617e-09,2.30608612326931e-09,4.19166481595945e-09,3.53295757851239e-09,4.92676522519389e-09,2.81620276600183e-09,2.36302779758736e-09,1.64594329050052e-09,3.27243277207652e-09,2.69782640964106e-09,3.35109280635895e-09,2.23415323884995e-09,1.52583966129743e-09,2.17452100544207e-09,2.6754914995717e-09,1.96025140077489e-09,3.21042473319351e-09,1.39490328748408e-09,1.72073512177242e-09,1.05513855393672e-09,1.63122551235125e-09,1.53872466356139e-09,1.32799533007347e-09,1.4023583365636e-09,9.45924075614681e-10,1.13010372500199e-09,1.56511774150537e-09,1.20153971429973e-09,1.87395714425647e-09
2.79201255682966e-08,1.0675508790784e-07,3.03063671763211e-08,5.63117355392884e-08,8.92759989110734e-08,4.40879030552966e-08,9.04950308907841e-08,2.51843314694677e-08,1.1987341373338e-08,7.54905827719224e-08,2.34475865888261e-08,7.29993986832543e-08,2.14069342089661e-08,1.04291642593455e-08,8.84869431462134e-09,1.99312541283604e-08,1.12840681298741e-08,2.07655934237733e-08,8.59934711156335e-09,7.74239269194568e-09,3.60332181419686e-09,8.96344542382322e-09,7.63680782667764e-09,8.63644496678313e-09,7.19106008279219e-09,3.65883890676966e-09,3.52268175662561e-09,7.06129057079551e-09,4.31544801887569e-09,7.94292483548069e-09,3.63830790069483e-09,3.42890284352149e-09,3.81694265510400e-09,4.31509932724624e-09,4.28627264142925e-09,5.16293132092863e-09,2.83623357347238e-09,2.69828403271458e-09,2.1561546129693e-09,3.27551015945886e-09,3.38533475774635e-09,3.63494149301866e-09,2.35699413770919e-09,1.95956226534786e-09,2.2451505052186e-09,3.20680491749686e-09,2.8671290972999e-09,3.80052628181931e-09,2.20284476496648e-08,5.96909176117525e-08,1.70142513897897e-08,4.1774454213969e-08,4.83886245064003e-08,3.15098629970564e-08,5.36506018585467e-08,1.50776969834897e-08,6.14786994295738e-09,4.26481066578115e-08,1.25718882584577e-08,3.81869777859695e-08,1.36200203651759e-08,5.27391463970467e-09,6.90000025934987e-09,1.09099551538152e-08,5.91171826549785e-09,1.15232508898285e-08,4.32140117106748e-09,6.08715367121965e-09,2.84165835827613e-09,4.61209327565206e-09,6.80097563039138e-09,5.2785752181798e-09,5.18122802153896e-09,2.8533170513633e-09,3.07237557762526e-09,5.95667199137751e-09,2.78080072885203e-09,5.89838035239081e-09,2.83067248697458e-09,2.74510429272772e-09,2.61784020392835e-09,2.9776121437e-09,3.31113386995534e-09,3.74972426930271e-09,2.42011430343201e-09,1.91495251601593e-09,1.44785390749552e-09,2.48804304691335e-09,1.84599781803661e-09,2.59154507583627e-09,1.46154907693277e-09,1.48016479242131e-09,1.89636772897344e-09,1.96653939626663e-09,2.24910657204607e-09,2.85288682998873e-09
1.07751580610833e-08,3.03063671763211e-08,6.39471875625458e-08,2.42646953077127e-08,5.61942657441625e-08,4.6403704257039e-08,2.52075008639515e-08,5.20860318260328e-08,2.19221374587737e-08,4.6157828871316e-08,4.29765052499706e-08,3.73236476666919e-08,4.40172635122724e-08,1.85562399488681e-08,9.87506702182688e-09,3.64582837117275e-08,1.79320280909077e-08,3.4366698066717e-08,1.55644722628785e-08,8.45509150482784e-09,6.47590547819256e-09,1.49215990593962e-08,8.19554410795413e-09,1.41705599287619e-08,6.7080992561219e-09,6.00571984190841e-09,3.19057314628568e-09,6.71180966524224e-09,6.55647828704072e-09,6.52098980962656e-09,5.61390307065039e-09,3.09529579617284e-09,2.66758584452435e-09,6.06981349107888e-09,3.56494499285961e-09,6.71717155010394e-09,2.62946535932254e-09,2.10323903133051e-09,1.78354901426053e-09,2.90927843487601e-09,2.30378968529925e-09,3.0651839816421e-09,1.8597391357068e-09,1.5358057876761e-09,1.468733054705e-09,2.14937326498693e-09,1.82521020019027e-09,2.50404939335873e-09,6.92981752223007e-09,1.50123239182255e-08,3.51621710803349e-08,1.52183809326234e-08,2.99578956106895e-08,2.9314548220771e-08,1.4091646333237e-08,3.06233827805439e-08,1.19427504789738e-08,2.63128247823653e-08,2.4923838449801e-08,2.17111062996071e-08,2.69561492250304e-08,1.03794229253569e-08,6.12488238957589e-09,2.12987247130005e-08,8.84001806680624e-09,1.84419452723394e-08,8.53990040118043e-09,5.15982263339405e-09,4.40578188551236e-09,7.56274677096133e-09,5.6881797562896e-09,7.71223486916236e-09,4.20654200517226e-09,4.28563523619329e-09,2.73248390854333e-09,4.99842011024412e-09,4.54180777914553e-09,4.44485737414955e-09,4.00081787939717e-09,2.31520685106315e-09,2.51930183861503e-09,4.17840041044285e-09,3.08084455296837e-09,4.76047204200847e-09,1.88057343255795e-09,2.01497803944256e-09,1.69995131052938e-09,2.46029238626381e-09,2.38498934093497e-09,2.42702372423364e-09,1.73911390786495e-09,1.35832807294942e-09,1.27193661192232e-09,2.05231100907786e-09,1.46495666473266e-09,2.40719911271999e-09
4.57818430469808e-08,5.63117355392884e-08,2.42646953077127e-08,7.87590955753776e-08,4.34619413734874e-08,6.19183254420871e-08,4.66003927879417e-08,1.99367780920264e-08,1.076954496653e-08,3.59426499171249e-08,1.82901341960128e-08,3.34961071860215e-08,1.693211619631e-08,9.15723578355434e-09,9.07516577067879e-09,1.55069454676261e-08,9.15430214291659e-09,1.52662999558661e-08,7.80146722454358e-09,7.99447903465826e-09,3.57286715632454e-09,7.59746568112655e-09,7.82137727201983e-09,7.04698558003913e-09,7.42692830174416e-09,3.69278957724674e-09,3.18018510852453e-09,7.23935904973526e-09,4.03412059277241e-09,7.97275878289594e-09,3.66189302117241e-09,3.18551878729519e-09,3.17783833425552e-09,4.04348032975014e-09,3.79422055839976e-09,4.83489213138759e-09,2.74840274235139e-09,2.44498046314934e-09,1.70872752182417e-09,3.08010039090408e-09,2.64694570550557e-09,3.02819307254355e-09,2.10942798939706e-09,1.59393017334972e-09,1.95962858376862e-09,2.5273631231985e-09,2.30488134875124e-09,2.95553319745677e-09,3.48925078503561e-08,3.49444507888922e-08,1.33512301452008e-08,5.5594053813582e-08,2.59389990790075e-08,4.35017879903479e-08,3.05883584239827e-08,1.13482527442238e-08,5.87848146073436e-09,2.19975631885654e-08,9.52712948041247e-09,1.961114102657e-08,1.0279345546596e-08,4.89995465865902e-09,6.63739335321315e-09,8.19836754293159e-09,4.71684143991387e-09,8.03011935385686e-09,4.16946342237243e-09,6.02570772966304e-09,2.97243428319929e-09,4.14819693692483e-09,6.61237878784956e-09,5.07431946961504e-09,5.08612754132984e-09,3.0839447156535e-09,2.57911736963079e-09,5.9499573858174e-09,3.27972076742265e-09,6.00876476387067e-09,3.05362380412865e-09,2.45415731912733e-09,2.63137921646097e-09,3.28345800090217e-09,3.31727027464912e-09,4.15068890822027e-09,2.11857485037253e-09,2.10725973562199e-09,1.56400436296874e-09,2.64927483553162e-09,1.99221872713829e-09,2.48402273052194e-09,1.64275259990701e-09,1.52683588189627e-09,1.63553991203386e-09,2.04286803329456e-09,1.75402807028811e-09,2.27650053736296e-09
2.52069967047114e-08,8.92759989110734e-08,5.61942657441625e-08,4.34619413734874e-08,1.32431106157745e-07,7.20132015480425e-08,7.5499928222216e-08,4.61366875355105e-08,2.32846844408725e-08,1.10792678301908e-07,3.81865860149245e-08,9.78690357122684e-08,3.88045231255011e-08,1.98257427763382e-08,1.02596465747814e-08,3.21359714438759e-08,2.01781133900704e-08,3.17546367783607e-08,1.65100211255357e-08,8.84651812247223e-09,6.87016008366318e-09,1.6696842627094e-08,8.56559642718483e-09,1.58816296791983e-08,7.45274695851917e-09,6.73633566589121e-09,4.27030666575597e-09,7.47375672549724e-09,7.99941008999802e-09,7.74859824624617e-09,6.55204992198492e-09,4.13709753380425e-09,4.26209706031696e-09,7.75734102113464e-09,5.06049937898201e-09,8.84698799962687e-09,3.51664843243141e-09,3.07697825148569e-09,2.6290189519911e-09,3.94945688626164e-09,3.72176558476661e-09,4.47706736930408e-09,2.83463520683635e-09,2.3774159988547e-09,2.60131746067724e-09,3.69272668027684e-09,3.044389647655e-09,4.27933334436077e-09,2.01562383973266e-08,4.5801856378281e-08,3.10390054581585e-08,2.98109671544202e-08,6.96057450966989e-08,4.91065089177325e-08,4.16316682220738e-08,2.78585476959777e-08,1.17803222250016e-08,6.17585188614987e-08,2.16901456285431e-08,5.20831692034883e-08,2.43130219998892e-08,1.04674707155897e-08,6.07712141254063e-09,1.82841880121261e-08,9.64038105134045e-09,1.70731597364086e-08,8.71058181819883e-09,5.34110202709297e-09,4.9589777135122e-09,8.17947806407173e-09,6.40322525989874e-09,8.91854431962514e-09,4.6798157863029e-09,4.98462400492636e-09,4.03311999458704e-09,5.91403757505368e-09,5.42766818849939e-09,5.15785074427196e-09,4.78516253926091e-09,3.5204847882928e-09,3.18438095414437e-09,5.26216435490839e-09,4.36133830579734e-09,6.0433809230108e-09,2.94928462868087e-09,2.36693401487874e-09,1.82460006543491e-09,3.33752993261018e-09,2.48780459011875e-09,3.25089245855635e-09,1.94819626061135e-09,1.82429071040368e-09,2.17416674711225e-09,2.61593087275109e-09,2.52453544287393e-09,3.4795311174163e-09
4.1421078610187e-08,4.40879030552966e-08,4.6403704257039e-08,6.19183254420871e-08,7.20132015480425e-08,9.37263819741758e-08,3.65490061923223e-08,3.77687594403784e-08,1.91291242827504e-08,5.98389437797303e-08,3.03739617501686e-08,4.95923238181533e-08,3.17373216564406e-08,1.61625265309191e-08,8.69813518804506e-09,2.55773337156078e-08,1.54186388169975e-08,2.40822500725328e-08,1.37108743726233e-08,7.72324342015005e-09,7.1126259717552e-09,1.30561103693431e-08,7.36618530036306e-09,1.22030718648942e-08,6.37959718408655e-09,6.88209267396966e-09,3.98879543156253e-09,6.46967475187424e-09,7.56606035531151e-09,6.53344702239575e-09,6.55695134009749e-09,3.82895242853726e-09,3.5789548383045e-09,7.26370168163007e-09,4.64541479383924e-09,8.3690001362617e-09,3.2822682226186e-09,2.75440461849128e-09,2.10008059926068e-09,3.77620200249609e-09,3.03016786105479e-09,3.93612998703161e-09,2.55592105529916e-09,1.94471132926563e-09,2.20010385177881e-09,3.0272091121956e-09,2.55312054489305e-09,3.49806081163567e-09,3.03843618069577e-08,2.41570569212818e-08,2.5316512827951e-08,4.09419912840852e-08,4.13045934542019e-08,6.29554707421219e-08,2.16872258135403e-08,2.22533102315897e-08,1.02159310167034e-08,3.57652264687589e-08,1.73755690171773e-08,2.89663039832823e-08,1.98388603943482e-08,9.08234103624622e-09,5.5363205459844e-09,1.48419144624531e-08,7.54509781207884e-09,1.28457580799828e-08,7.69854986889786e-09,5.02145923051104e-09,4.9391282385333e-09,6.78279333325493e-09,5.77396282540082e-09,7.28504084526017e-09,3.86796990903356e-09,5.0561650730902e-09,3.28818327264906e-09,5.23244238106981e-09,5.85563321279527e-09,4.81039970395801e-09,4.72966996826799e-09,2.94527638369046e-09,3.24441072180804e-09,5.41333850699689e-09,4.31071892070801e-09,6.3229208528431e-09,2.43480581441378e-09,2.53314037355947e-09,1.92062051789897e-09,3.41833835620043e-09,2.65402444649127e-09,3.19753636599839e-09,2.09462608913007e-09,1.85048453343372e-09,1.85490041301768e-09,2.68759156643839e-09,1.98026778533143e-09,2.83743069516361e-09
2.34277435221569e-08,9.04950308907841e-08,2.52075008639515e-08,4.66003927879417e-08,7.5499928222216e-08,3.65490061923223e-08,1.1321140690371e-07,2.95288748722331e-08,1.36636968351982e-08,9.4581420879498e-08,2.79587319257783e-08,9.29287071647828e-08,2.52223143000563e-08,1.19861796558007e-08,1.05515143325778e-08,2.39688007233552e-08,1.29636366243147e-08,2.48135389771789e-08,9.95271653065816e-09,9.04697876569656e-09,4.25856473925063e-09,1.032170157569e-08,9.09874851718917e-09,1.01640064332448e-08,8.32345454357575e-09,4.05962353444393e-09,4.1323541538803e-09,8.34025830183521e-09,4.94080105335757e-09,9.48429161197357e-09,3.98407139460713e-09,3.96200519566509e-09,4.10502885154946e-09,4.89524859840497e-09,4.69531445407881e-09,5.50169269859632e-09,3.26787624267186e-09,2.96855957361186e-09,2.37220986202431e-09,3.66123150269646e-09,3.60114090469707e-09,4.11367666393326e-09,2.54086078989674e-09,2.07784691931714e-09,2.58689913502044e-09,3.29250359836354e-09,3.18143759570602e-09,4.00065228438152e-09,1.94569928889146e-08,5.36551470488766e-08,1.5062939731976e-08,3.61750911699545e-08,4.26496794503633e-08,2.65665775540008e-08,6.53676990492642e-08,1.92783638616615e-08,7.13732674211925e-09,5.49612300810983e-08,1.70834097917564e-08,4.9950105276241e-08,1.75053563522595e-08,6.02019864715795e-09,7.74665305586952e-09,1.47720418452079e-08,7.13373158172862e-09,1.56846474612601e-08,4.90833074507736e-09,6.56645662771272e-09,3.44039351570043e-09,5.450257560432e-09,6.94611307521787e-09,6.00827254092902e-09,5.58907982641716e-09,3.42889890434304e-09,3.53563630339923e-09,6.13361549887728e-09,3.69915600910257e-09,6.61323926356638e-09,3.38075493056822e-09,3.09224385480698e-09,2.62355192734494e-09,3.74813493264962e-09,3.31395352966501e-09,4.3952675079015e-09,2.69109578305681e-09,1.89870380900255e-09,1.68773520396267e-09,2.54064917858425e-09,2.14023178900242e-09,3.27948311144525e-09,1.52589932809046e-09,1.49850332354583e-09,2.04265246221975e-09,2.0083607142624e-09,2.33494914989976e-09,2.97320645195135e-09
9.14885940009165e-09,2.51843314694677e-08,5.20860318260328e-08,1.99367780920264e-08,4.61366875355105e-08,3.77687594403784e-08,2.95288748722331e-08,6.05889646923638e-08,2.44357583136386e-08,5.37363257565302e-08,4.95383635875337e-08,4.31826926453371e-08,5.1261514055325e-08,2.06665121645173e-08,1.11538728153842e-08,4.19740176920147e-08,2.02897658253328e-08,4.00484053817366e-08,1.70714625349878e-08,9.27976905343384e-09,7.40345209047029e-09,1.65358156754696e-08,8.8361987545283e-09,1.54558723651635e-08,7.45700473589165e-09,6.8696273935015e-09,3.50869530298878e-09,7.30984132768978e-09,7.64218601832011e-09,7.29334708476403e-09,6.30097430338486e-09,3.42254367329167e-09,3.54644653878446e-09,6.96263408745414e-09,4.3094074720247e-09,8.02664134439327e-09,2.90676112971481e-09,2.90930509770543e-09,2.12548893581622e-09,3.57445730962127e-09,3.05701880296615e-09,3.61424431259924e-09,2.28881539078274e-09,1.71577005379315e-09,1.60921738192023e-09,2.59608608719471e-09,2.02211351556476e-09,3.00119706057614e-09,6.54216886120177e-09,1.40993398512971e-08,3.06105429960001e-08,1.39956069174061e-08,2.63150648828271e-08,2.54142647741082e-08,1.82718512777535e-08,3.63205118495708e-08,1.31366022092639e-08,3.21976405293369e-08,2.99848175611677e-08,2.59909101864029e-08,3.23425496606492e-08,1.16541074067209e-08,7.4412972983828e-09,2.54360865563841e-08,1.03164731433543e-08,2.20488313362509e-08,9.2003758181608e-09,5.98252587603154e-09,4.69396805216786e-09,8.2392007107084e-09,6.16690880825084e-09,8.13123714199056e-09,5.02487720779385e-09,4.53849463290968e-09,2.92696468624275e-09,5.57298655015166e-09,4.81759002316967e-09,5.04483132599994e-09,4.27977930224102e-09,2.43503075778404e-09,2.81264456664e-09,4.32163937825126e-09,3.31831586584933e-09,5.20822567332096e-09,1.97334850486498e-09,2.28003540523743e-09,1.86924963890073e-09,2.63392054424506e-09,2.74538677794571e-09,2.76413851165887e-09,1.95867754273328e-09,1.51222653062924e-09,1.48680770762846e-09,2.36431878663411e-09,1.8079525556388e-09,3.01889277989779e-09
8.78475488118376e-09,1.1987341373338e-08,2.19221374587737e-08,1.076954496653e-08,2.32846844408725e-08,1.91291242827504e-08,1.36636968351982e-08,2.44357583136386e-08,6.07448455046287e-08,2.57419109444171e-08,4.7439604237037e-08,4.8234048943243e-08,2.06797698745152e-08,5.00196005060316e-08,2.311787584284e-08,3.91303103895927e-08,4.32095413381096e-08,3.30969055070825e-08,4.23144212852544e-08,1.95574071052891e-08,7.62194611426415e-09,3.61737055091855e-08,1.64988153186186e-08,3.09495887853326e-08,1.587214732228e-08,6.64945409012351e-09,6.72580823738208e-09,1.35968523401338e-08,6.79578574317805e-09,1.32576579444722e-08,5.6456477967692e-09,6.28523863588735e-09,4.49372515416408e-09,5.7417332483766e-09,7.20364348060729e-09,6.19245104579332e-09,5.41016553340556e-09,3.44858927318502e-09,2.49093501635995e-09,6.0136423139509e-09,3.81835666877698e-09,5.97101896884641e-09,3.05142827249804e-09,2.20396525599481e-09,1.84605988463906e-09,3.43815579749396e-09,2.27574240209861e-09,3.43479355807813e-09,5.88926822259552e-09,6.45758324414849e-09,1.20566541964105e-08,7.31444392243774e-09,1.45399913425293e-08,1.39707158453217e-08,8.48153326442342e-09,1.39734826420886e-08,3.46041949672192e-08,1.68753629001549e-08,2.71112038377388e-08,2.79966600373193e-08,1.1570883528889e-08,2.88856817805047e-08,1.59288626334203e-08,2.14134046173141e-08,2.29308959654758e-08,1.74992069306956e-08,2.45556690742448e-08,1.36922715681444e-08,3.87327534292737e-09,1.94357698438005e-08,1.07424539603728e-08,1.66122428807925e-08,1.12611478514989e-08,3.89571514451968e-09,4.56414114146127e-09,9.22835425166265e-09,4.35817446626989e-09,8.70114902007331e-09,3.68864882001593e-09,4.18340162768083e-09,3.59278276049563e-09,3.93883294682148e-09,4.85112424059318e-09,4.64166996095402e-09,3.58478421758773e-09,3.01553662969464e-09,2.03162476546611e-09,4.10005214845251e-09,3.08491266238169e-09,3.94646563966666e-09,2.69935242284372e-09,1.77123759470719e-09,1.63558092404316e-09,2.79360210481447e-09,2.08676368063958e-09,3.34835735005559e-09
2.10900194626789e-08,7.54905827719224e-08,4.6157828871316e-08,3.59426499171249e-08,1.10792678301908e-07,5.98389437797303e-08,9.4581420879498e-08,5.37363257565302e-08,2.57419109444171e-08,1.36083589853762e-07,4.42430663158783e-08,1.21021267369099e-07,4.53491060248193e-08,2.18989400865611e-08,1.16901670760025e-08,3.74383027690637e-08,2.28775139912925e-08,3.76090171827725e-08,1.8175084537387e-08,9.86912214766094e-09,7.97229346713653e-09,1.87479993167383e-08,9.56570818502659e-09,1.78887260041812e-08,8.35445865639915e-09,7.65184758632459e-09,4.78875871165343e-09,8.35308429108116e-09,9.08739692101836e-09,8.68937053380071e-09,7.34531964600397e-09,4.65432964735025e-09,5.04781727580532e-09,8.72721930870334e-09,5.65867254553045e-09,9.96297399570435e-09,3.89784656664629e-09,3.80835783737329e-09,2.94918190922652e-09,4.4547506668446e-09,4.36876129851349e-09,4.88616763703738e-09,3.3199398894396e-09,2.57147618342781e-09,2.90938015034982e-09,4.05965791033679e-09,3.4751385753029e-09,4.87954125256184e-09,1.83583670022355e-08,4.16389187691616e-08,2.7839903204497e-08,2.68247075011463e-08,6.17608575364708e-08,4.31709506580065e-08,5.1632931782162e-08,3.48790363576303e-08,1.30107572658885e-08,7.82890660855108e-08,2.74542582602216e-08,6.60969891146967e-08,3.08045431766347e-08,1.1696311752836e-08,7.14773705527443e-09,2.3335484561836e-08,1.14623317158148e-08,2.21168747264422e-08,9.4857662229455e-09,5.94407489579169e-09,6.23465564693662e-09,9.35101444830797e-09,6.36739680176865e-09,9.81505924127046e-09,5.28927054564583e-09,6.17094241189397e-09,4.63849396554981e-09,5.96731071449111e-09,6.69866410515265e-09,5.82900616702304e-09,5.92066277559722e-09,3.87478100544869e-09,3.67388358587133e-09,6.32526524437744e-09,4.47703648600037e-09,7.58466022029123e-09,3.16110160774676e-09,2.71319840091666e-09,2.18557356978164e-09,3.33152582946874e-09,3.09400688375115e-09,3.76193373769131e-09,2.33860454879978e-09,2.01489698365604e-09,2.46030490044135e-09,2.97531694154743e-09,2.97283405584243e-09,4.16498090031567e-09
9.48055342143603e-09,2.34475865888261e-08,4.29765052499706e-08,1.82901341960128e-08,3.81865860149245e-08,3.03739617501686e-08,2.79587319257783e-08,4.95383635875337e-08,4.7439604237037e-08,4.42430663158783e-08,7.94425749086283e-08,7.1495423911175e-08,4.19834399229807e-08,3.912145654721e-08,2.07976000467838e-08,6.6201139488523e-08,3.31817049871389e-08,5.72358547112185e-08,3.28743404536349e-08,1.74499186073241e-08,8.1965086327475e-09,2.75782844781039e-08,1.5066704166368e-08,2.37790770294005e-08,1.38858894244296e-08,7.07702809919445e-09,6.93470812643643e-09,1.22923536245185e-08,6.77722804703682e-09,1.18054559087635e-08,6.05446428013733e-09,6.46428507896882e-09,4.81332415205697e-09,5.74783462071324e-09,7.57010543191574e-09,6.45757244258054e-09,5.66879332836451e-09,3.91311414249153e-09,2.98105816077711e-09,6.52830647380477e-09,4.02282221767577e-09,6.37768024722936e-09,3.2521978642e-09,2.50862476890248e-09,2.19667966665175e-09,3.45961446170052e-09,2.75006336665471e-09,3.78257312107922e-09,6.4475659393004e-09,1.35036970183025e-08,2.38616027948575e-08,1.30682581229808e-08,2.2582333821387e-08,2.07881608100899e-08,1.77455387517501e-08,2.83744599684069e-08,2.60774564597816e-08,2.76632020057703e-08,4.57341128351698e-08,4.18529259784666e-08,2.48794121185665e-08,2.20197571049269e-08,1.27017360888768e-08,3.74410589990662e-08,1.7095993088721e-08,3.08481245517939e-08,1.83676044426774e-08,1.09087082502941e-08,4.85855932283629e-09,1.43000639180253e-08,9.86353014763287e-09,1.24085150371938e-08,8.98191533581664e-09,4.6180846628513e-09,4.52616734488576e-09,8.54737216178386e-09,4.00506044692812e-09,7.77500023313043e-09,4.50974001699014e-09,4.16849000506513e-09,3.79560231031065e-09,3.7273871551344e-09,5.32876954529422e-09,5.35302012551066e-09,3.62254613407701e-09,3.2030337605838e-09,2.51852396008803e-09,4.51513342492968e-09,3.03113329393102e-09,4.32556099334479e-09,2.65893941162036e-09,2.11044612800402e-09,1.74763079843968e-09,2.56417808287233e-09,2.42944594195985e-09,3.55720030558031e-09
2.10064820510153e-08,7.29993986832543e-08,3.73236476666919e-08,3.34961071860215e-08,9.78690357122684e-08,4.95923238181533e-08,9.29287071647828e-08,4.31826926453371e-08,4.8234048943243e-08,1.21021267369099e-07,7.1495423911175e-08,1.69423786489132e-07,3.65935727547974e-08,4.01064691443591e-08,2.17045311045982e-08,5.97037307213978e-08,3.59882958870603e-08,5.36568240054261e-08,3.37325749356371e-08,1.83651269652865e-08,8.92340979210595e-09,3.00762181829202e-08,1.63447587268216e-08,2.6826586268955e-08,1.47887453303469e-08,7.61734446232721e-09,8.14398017682732e-09,1.36307846418996e-08,7.89828425815683e-09,1.32948503526251e-08,6.47792826483472e-09,7.60457688100621e-09,6.48621737809787e-09,6.69998902164834e-09,9.13888684619119e-09,7.54906258182791e-09,6.49312408480829e-09,5.11273345318258e-09,3.80011249994284e-09,7.58316739683434e-09,5.51101005494044e-09,7.77843866440756e-09,4.4893046216801e-09,3.46555159229417e-09,3.67847664310738e-09,5.06421752266414e-09,4.41910010359695e-09,5.69280062578089e-09,1.83068616260696e-08,3.9874524955237e-08,2.09975517116971e-08,2.52731543142788e-08,5.54337577238344e-08,3.64472512365066e-08,5.02271142909176e-08,2.69700887849799e-08,2.47948353067628e-08,7.07217797725241e-08,4.15421200355612e-08,8.88773185132147e-08,2.34661301634751e-08,2.117129172201e-08,1.33239272460808e-08,3.48650853056197e-08,1.87216549100939e-08,3.07341922249336e-08,1.78833071320875e-08,1.17244938333723e-08,4.07176159672747e-09,1.56643341701799e-08,9.86353799104437e-09,1.35099397783711e-08,1.00518726420308e-08,4.28111616560591e-09,5.52561413505322e-09,8.81704294144243e-09,4.01152151343506e-09,8.37899357577735e-09,4.2784384940394e-09,4.81923169904968e-09,4.59806090313082e-09,3.75052993658472e-09,5.26903178522062e-09,5.12058074421019e-09,4.29004572952484e-09,3.77473580713971e-09,2.68685215997967e-09,4.4699586752797e-09,3.53165245076511e-09,5.19663361101426e-09,3.26896204574234e-09,2.49476084668405e-09,2.60858599472879e-09,3.29984547977261e-09,3.48428605761044e-09,4.86007469741621e-09
7.44393785703625e-09,2.14069342089661e-08,4.40172635122724e-08,1.693211619631e-08,3.88045231255011e-08,3.17373216564406e-08,2.52223143000563e-08,5.1261514055325e-08,2.06797698745152e-08,4.53491060248193e-08,4.19834399229807e-08,3.65935727547974e-08,6.42551851231964e-08,2.46703798631617e-08,1.33890877032424e-08,5.13041842076855e-08,2.40557426390095e-08,4.8891011506214e-08,2.03806212863413e-08,1.10868173107366e-08,9.13220682134059e-09,1.95562952503244e-08,1.06428029515424e-08,1.83961914176291e-08,9.13132402895869e-09,8.33972679490681e-09,4.3463253878248e-09,8.88920178423837e-09,9.39874077151207e-09,9.19823701862541e-09,7.74869267876854e-09,4.19544320385094e-09,4.27346080615257e-09,8.56424931770081e-09,5.04338826055776e-09,9.34142777132861e-09,3.48266252916122e-09,3.56041153948649e-09,2.53145191732246e-09,4.14932604344363e-09,3.84479693082449e-09,4.31203305116252e-09,2.8226072548943e-09,2.07334127301273e-09,2.0915316187813e-09,3.22651977722425e-09,2.53354737688782e-09,3.74947948518655e-09,5.60814377964063e-09,1.32334779076441e-08,2.69291983506158e-08,1.29222669117598e-08,2.42306045293121e-08,2.30618465651588e-08,1.70363565635904e-08,3.23410222838469e-08,1.16543273408273e-08,3.01093886730625e-08,2.54397584881502e-08,2.35344055211853e-08,4.08169018385332e-08,1.47348115674242e-08,9.03043559184042e-09,3.2696144645802e-08,1.29546829559987e-08,2.90619472613213e-08,1.20501011757551e-08,7.20211440575987e-09,5.97171470692203e-09,1.0554857881187e-08,7.65019316280205e-09,1.08551129706277e-08,5.94928078266859e-09,5.33354834149045e-09,3.52058239050306e-09,6.80771393006379e-09,5.83610941374395e-09,6.25307115546228e-09,5.09435422535273e-09,2.96387436220582e-09,3.41074153229341e-09,5.16531471686578e-09,3.72829520891102e-09,5.8272439532558e-09,2.25179926560739e-09,2.85297793343128e-09,2.25217745874162e-09,2.99840301015264e-09,3.21404294492955e-09,3.08129112515028e-09,2.49556541806298e-09,1.87326642676715e-09,1.78970275781649e-09,2.83962726569356e-09,2.1375412617034e-09,3.45849097554287e-09
7.59163044642276e-09,1.04291642593455e-08,1.85562399488681e-08,9.15723578355434e-09,1.98257427763382e-08,1.61625265309191e-08,1.19861796558007e-08,2.06665121645173e-08,5.00196005060316e-08,2.18989400865611e-08,3.912145654721e-08,4.01064691443591e-08,2.46703798631617e-08,5.85491708988597e-08,2.69286789388876e-08,4.63425230973408e-08,5.03099149489169e-08,3.92307050429638e-08,4.93340024526642e-08,2.23564078764195e-08,8.55577732639927e-09,4.17954117138233e-08,1.91022091487421e-08,3.63135104151779e-08,1.829271720815e-08,7.42322927000103e-09,7.86862753370936e-09,1.57225575718785e-08,7.79384458572756e-09,1.55403696673614e-08,6.30609457314654e-09,7.35122804678478e-09,5.28999474374722e-09,6.55839021925269e-09,8.14786180903875e-09,7.18270380203401e-09,6.32088983637861e-09,4.15310368330612e-09,2.85981141039291e-09,6.75854811733863e-09,4.38284019088797e-09,6.79230387585644e-09,3.65993897919706e-09,2.47455750134083e-09,2.22919403880973e-09,3.84967708163587e-09,2.61195812876495e-09,3.97290347171631e-09,5.03709581178187e-09,5.96402562554226e-09,1.04451914602997e-08,6.62553841566675e-09,1.31435915915303e-08,1.24133875186875e-08,8.08615280324597e-09,1.15660978703511e-08,2.88792347241966e-08,1.51581513307831e-08,2.14083414259891e-08,2.38903115154458e-08,1.44478774533693e-08,3.53294072912477e-08,1.86828512398916e-08,2.73825275201636e-08,2.85452924617012e-08,2.22188171150537e-08,3.01721155228517e-08,1.58267362771059e-08,4.18769584725757e-09,2.38978953025778e-08,1.26404976884531e-08,2.09453069596321e-08,1.31062981950409e-08,4.28564935474647e-09,5.31325693994993e-09,1.09932033811383e-08,4.86746469841387e-09,1.01586221531246e-08,4.07976848572302e-09,4.74717442486924e-09,4.03448770980537e-09,4.33342744020484e-09,5.57831888504844e-09,5.14996715009464e-09,4.04060515493365e-09,3.46340392174323e-09,2.13880931094596e-09,4.69501723992488e-09,3.33005903438086e-09,4.41250520069563e-09,3.06031627011403e-09,1.92638556850171e-09,1.83108508612821e-09,2.95357964164197e-09,2.34724479121049e-09,3.65978372459829e-09
4.15607637035456e-09,8.84869431462134e-09,9.87506702182688e-09,9.07516577067879e-09,1.02596465747814e-08,8.69813518804506e-09,1.05515143325778e-08,1.11538728153842e-08,2.311787584284e-08,1.16901670760025e-08,2.07976000467838e-08,2.17045311045982e-08,1.33890877032424e-08,2.69286789388876e-08,7.10962489156593e-08,2.48264729956313e-08,5.43610730408428e-08,4.98563558131125e-08,2.23680795943631e-08,5.83203709754993e-08,2.12309522570604e-08,4.47488155193406e-08,4.27145431189416e-08,3.11260019434712e-08,4.81970213958086e-08,1.7353639464849e-08,8.81378760274504e-09,3.45353704164584e-08,1.62001315474475e-08,3.25433068678816e-08,1.37167436619563e-08,7.20687657470213e-09,1.09556578485255e-08,1.26509664728409e-08,7.86624802820042e-09,1.27961330798446e-08,5.8976670127641e-09,9.3867099465193e-09,4.41431134235304e-09,6.17154777091935e-09,1.01202212609564e-08,6.51008012508409e-09,7.86510152671658e-09,3.87426591720256e-09,2.6012060669461e-09,8.62997247136444e-09,3.7816137419645e-09,8.88556302446876e-09,3.28525397768537e-09,7.33351318891136e-09,5.43318282528843e-09,8.06079715063479e-09,6.86791440091632e-09,6.46144651385068e-09,9.0211949145185e-09,6.08990737241296e-09,1.46114957529776e-08,8.57709258266529e-09,1.11223192514225e-08,1.39062501772552e-08,7.96292595826231e-09,1.81630819021152e-08,4.57836628741357e-08,1.4821128734565e-08,3.52721471556109e-08,3.17751055997605e-08,1.47621858005225e-08,3.84395419657716e-08,1.20922038044684e-08,2.90626607039391e-08,2.80723514222478e-08,1.97901643571604e-08,3.22889926729126e-08,1.1035884767016e-08,5.76451030181229e-09,2.41563451200342e-08,9.37637126536043e-09,2.10543800287073e-08,9.77710286787973e-09,5.00531504900578e-09,6.5963529670826e-09,8.06435974696957e-09,5.00215491052152e-09,8.92428998847271e-09,4.05430637551606e-09,5.83228428528437e-09,2.84733716028663e-09,4.20209156877725e-09,6.55701847226252e-09,4.22685733336804e-09,4.92824187815856e-09,2.74890693545859e-09,1.9640764324298e-09,5.74310239944874e-09,2.72644711639148e-09,6.0800665098364e-09
7.93085645060106e-09,1.99312541283604e-08,3.64582837117275e-08,1.55069454676261e-08,3.21359714438759e-08,2.55773337156078e-08,2.39688007233552e-08,4.19740176920147e-08,3.91303103895927e-08,3.74383027690637e-08,6.6201139488523e-08,5.97037307213978e-08,5.13041842076855e-08,4.63425230973408e-08,2.48264729956313e-08,8.03543478446856e-08,3.93369242071166e-08,6.9563842715095e-08,3.8825985578816e-08,2.03755324501125e-08,9.48289758328999e-09,3.23403524198274e-08,1.7822661715824e-08,2.83913528179675e-08,1.65021801660858e-08,8.23533419511543e-09,8.4244238754778e-09,1.46831403190676e-08,8.33166867237446e-09,1.46097772473296e-08,6.99681375185098e-09,7.84671115346215e-09,5.72831875634986e-09,7.02530018173468e-09,8.70676244287149e-09,7.59652713603644e-09,6.91124244607366e-09,4.75787740149387e-09,3.48887465773947e-09,7.52187309791884e-09,4.78175492985123e-09,7.50968312700359e-09,4.02122552034576e-09,2.96296374678771e-09,2.72258002665508e-09,4.14322507271558e-09,3.32891566826568e-09,4.41787590434617e-09,5.45935936974032e-09,1.28119405659813e-08,2.10554292832735e-08,1.19640762926269e-08,2.08163589417388e-08,1.87794968874001e-08,1.68855522339312e-08,2.48749909377183e-08,2.2015322071148e-08,2.56771675985824e-08,3.74399128091896e-08,3.66005052735539e-08,3.21738602384589e-08,2.81719208565082e-08,1.57154738190506e-08,4.87010136508206e-08,2.22923974026977e-08,4.06482744749223e-08,2.34915285714894e-08,1.32408599356439e-08,5.51191548516895e-09,1.8212874261663e-08,1.21939021101147e-08,1.65661817695294e-08,1.09371440429361e-08,5.26632363167459e-09,5.18545914671137e-09,1.06068320611688e-08,4.99304373554924e-09,1.00089745889671e-08,5.03980547151642e-09,4.76908152942003e-09,4.25514040239238e-09,4.40813203315426e-09,6.03419207978312e-09,5.8017245298624e-09,4.08049323457652e-09,3.68132504742845e-09,2.97689326481696e-09,5.15550661824933e-09,3.44519595052472e-09,4.81951040853804e-09,3.0617214671226e-09,2.57781144113486e-09,1.89664769609502e-09,2.95085683388778e-09,2.78059833464326e-09,3.77529701636257e-09
8.28458882236222e-09,1.12840681298741e-08,1.79320280909077e-08,9.15430214291659e-09,2.01781133900704e-08,1.54186388169975e-08,1.29636366243147e-08,2.02897658253328e-08,4.32095413381096e-08,2.28775139912925e-08,3.31817049871389e-08,3.59882958870603e-08,2.40557426390095e-08,5.03099149489169e-08,5.43610730408428e-08,3.93369242071166e-08,8.74548249005567e-08,7.1471249422308e-08,4.18082997335752e-08,4.47430790659814e-08,1.82310396810469e-08,7.15064614390251e-08,3.12687179269238e-08,5.23240353798469e-08,3.72022967535937e-08,1.49191568304807e-08,8.5334228553563e-09,2.55336915451662e-08,1.40033201371791e-08,2.37448371176922e-08,1.19488490679824e-08,7.08937827860629e-09,1.22904810557413e-08,1.11189866783729e-08,7.89578182638214e-09,1.14586053805859e-08,5.81579351906982e-09,1.02118063057964e-08,4.20177333238141e-09,6.16156602134356e-09,1.07328898340382e-08,6.34482006822588e-09,8.61040658858229e-09,3.61528125587835e-09,2.74777905526005e-09,9.15341427625919e-09,3.83006009561461e-09,9.82887070630687e-09,5.50621631937054e-09,5.95040902949703e-09,9.78472699814594e-09,7.34030479498386e-09,1.29824248526186e-08,1.2139281505529e-08,7.92330228298583e-09,1.10189411225259e-08,2.37785305291794e-08,1.58272108673767e-08,1.71323072857312e-08,2.16917192279012e-08,1.38090526598734e-08,2.95353010634894e-08,3.54406317762136e-08,2.2309479780206e-08,5.10760737252165e-08,4.20288763714276e-08,2.41693502532376e-08,2.96217933612215e-08,9.71433936299777e-09,4.19399403186453e-08,2.08927925180552e-08,3.10158304023157e-08,2.5347667801967e-08,9.12068965390851e-09,5.87587961740417e-09,1.85656147149786e-08,8.62202483413825e-09,1.61760428766227e-08,8.18208618645815e-09,5.00604669509493e-09,8.0411613175706e-09,7.82096291232062e-09,5.51625541316527e-09,8.40804919596874e-09,4.02829920326506e-09,6.92630601321909e-09,2.69750024785327e-09,4.55760918765586e-09,7.01807067617683e-09,4.16893284617261e-09,5.93828246100444e-09,2.58391216645102e-09,2.09942312797061e-09,6.19311840254462e-09,2.86493585282707e-09,6.92729978080247e-09
8.02542121274336e-09,2.07655934237733e-08,3.4366698066717e-08,1.52662999558661e-08,3.17546367783607e-08,2.40822500725328e-08,2.48135389771789e-08,4.00484053817366e-08,3.30969055070825e-08,3.76090171827725e-08,5.72358547112185e-08,5.36568240054261e-08,4.8891011506214e-08,3.92307050429638e-08,4.98563558131125e-08,6.9563842715095e-08,7.1471249422308e-08,1.08790641074635e-07,3.22586688784489e-08,4.08208579935226e-08,1.78625880021417e-08,5.78893928038765e-08,2.85664849310785e-08,4.20073857029196e-08,3.36385641818349e-08,1.44807042675599e-08,8.35285042738601e-09,2.31794640227944e-08,1.3483523120697e-08,2.16026830382063e-08,1.16634036173905e-08,7.1338889075441e-09,1.26514119858343e-08,1.07895343728284e-08,8.09106038299878e-09,1.1060282678365e-08,5.89891515352505e-09,1.08414123621683e-08,4.78449868350392e-09,6.48342619908771e-09,1.10218140164515e-08,6.59007819469649e-09,8.97954379633988e-09,4.10944192224052e-09,3.09289735090335e-09,9.38547756705984e-09,4.46810768458996e-09,1.01112562669284e-08,4.62690703000813e-09,1.27048292258112e-08,1.97661654523545e-08,1.16904290349922e-08,2.00602090163042e-08,1.76871273855818e-08,1.6762923219202e-08,2.3805912451332e-08,1.75474299107945e-08,2.57543608247713e-08,3.11108164124612e-08,3.26302976031541e-08,3.08252255801535e-08,2.26688652447832e-08,2.94367275663078e-08,4.13680879300652e-08,4.13279211363362e-08,6.46886438836439e-08,1.79888708979256e-08,2.43274885395084e-08,9.25310473768209e-09,3.3486276178353e-08,1.81134084160081e-08,2.43575915974824e-08,2.11572148685194e-08,8.53083150956435e-09,5.46930603998928e-09,1.64508603881747e-08,7.6875482753202e-09,1.49677589810853e-08,7.71123832595176e-09,5.05914155324784e-09,7.63596974001701e-09,7.04893747603379e-09,5.71640444367762e-09,8.30869287323752e-09,4.19243690357116e-09,6.67410771500167e-09,3.41358516347805e-09,4.83051433551286e-09,6.87562314846058e-09,4.75355557324066e-09,5.48749174604579e-09,3.12737189927051e-09,2.04401079959265e-09,6.03778416097031e-09,3.15568948077074e-09,6.66512630161496e-09
6.88258514536626e-09,8.59934711156335e-09,1.55644722628785e-08,7.80146722454358e-09,1.65100211255357e-08,1.37108743726233e-08,9.95271653065816e-09,1.70714625349878e-08,4.23144212852544e-08,1.8175084537387e-08,3.28743404536349e-08,3.37325749356371e-08,2.03806212863413e-08,4.93340024526642e-08,2.23680795943631e-08,3.8825985578816e-08,4.18082997335752e-08,3.22586688784489e-08,6.03300517744366e-08,2.581356332376e-08,1.0636309635128e-08,5.07252982080862e-08,2.22984954275908e-08,4.46906216045206e-08,2.10516040112241e-08,9.21732565080148e-09,9.68757734010779e-09,1.82490399996676e-08,9.5288848033929e-09,1.77973719777195e-08,7.81634059843072e-09,8.76454763810772e-09,5.9561063751286e-09,7.89201055517519e-09,9.48042986493114e-09,8.51107119514308e-09,7.2346928967911e-09,4.64524491432024e-09,3.30229592598327e-09,7.71569656979718e-09,4.96361650864342e-09,7.82808093879379e-09,4.03699235365577e-09,2.68807211523417e-09,2.49091462693003e-09,4.20674539372231e-09,2.94042506362423e-09,4.5153571255418e-09,4.71431683610018e-09,5.58719798808629e-09,8.59993326859153e-09,6.23849639924488e-09,1.08988908275877e-08,1.04996008486619e-08,7.40258971901359e-09,9.14065590571743e-09,2.45382628721737e-08,1.24408401630951e-08,1.77958801086792e-08,2.01639039524515e-08,1.1860692359827e-08,3.01668598683132e-08,1.58239264385183e-08,2.29395404903216e-08,2.38965462848602e-08,1.83850473805063e-08,3.71948083130134e-08,1.8949233788682e-08,6.64273975797023e-09,2.9827803275961e-08,1.55603413037884e-08,2.64110449336296e-08,1.55092578901664e-08,6.37005829205218e-09,6.05353111089851e-09,1.33125591838494e-08,5.92687363945922e-09,1.25828105867815e-08,5.93735412793733e-09,5.39214753759096e-09,4.67102713391291e-09,5.34522458173154e-09,6.62761828253826e-09,6.42381227564394e-09,4.47715183859628e-09,3.82276593441649e-09,2.49448477796425e-09,5.36198060521391e-09,3.66648792395528e-09,4.83010034248191e-09,3.43274874553003e-09,2.04843214088559e-09,1.78111806913636e-09,3.21815613868715e-09,2.61272470784904e-09,4.24870546221387e-09
