1.15459116360598e-08,4.73237819526004e-09,2.35211326275289e-09,7.74564134319106e-09,4.24530575304076e-09,6.84916978976297e-09,4.30258855954478e-09,2.15335225240887e-09,3.10893475638067e-09,3.88060287152595e-09,2.1658115445056e-09,3.58690924767005e-09,1.96786746990734e-09,2.8297612237405e-09,1.39291448225179e-09,1.99923992808621e-09,3.18186694471373e-09,2.47737496099934e-09,2.58548241457425e-09,1.26849914349069e-09,8.89585046583135e-10,2.91967251726660e-09,1.17070146585857e-09,2.83520575435068e-09,1.13839086054637e-09,7.98221702363816e-10,5.94854660615471e-10,1.05062899716988e-09,7.71568833111237e-10,9.20407766894098e-10,7.23829948829426e-10,5.39323590450665e-10,6.74790647439431e-10,6.99686097849921e-10,6.93603664492563e-10,8.62934880784884e-10,5.03463113984129e-10,6.02729244658358e-10,5.09124543045083e-10,6.58006351881481e-10,6.46458677165633e-10,5.89705609052072e-10,5.94236444188754e-10,4.16603689430597e-10,4.186066142462e-10,5.6971762737608e-10,5.7200391995363e-10,6.9410315582056e-10,5.76460322135586e-09,3.57811429456406e-09,1.44515233588126e-09,4.22650280874984e-09,3.04044713562257e-09,2.96795748261781e-09,3.28238502136662e-09,1.33776148807972e-09,1.37432974614975e-09,2.75028663723712e-09,1.0855617535774e-09,2.69319414682289e-09,1.24829172029373e-09,1.29828372094923e-09,7.62809341632437e-10,9.98384710393425e-10,1.15248363724246e-09,1.5127760243867e-09,1.18581334208569e-09,6.70808378714854e-10,2.37792106269428e-10,1.06838852488586e-09,5.41412299860404e-10,9.799278196726e-10,6.01889628839814e-10,2.13359504044562e-10,2.93601649267059e-10,4.85531187984279e-10,2.15688390893558e-10,5.7443510504076e-10,1.93546921743066e-10,2.66230421056084e-10,2.83933242513979e-10,1.95497487556529e-10,1.88987226059865e-10,2.44698983312053e-10,2.78036476121593e-10,2.9511801843912e-10,1.42061584436903e-10,1.91793862498366e-10,1.40245838607713e-10,5.10956917848786e-11,2.99649392063735e-10,1.31712355329765e-10,2.41086173637323e-10,1.69602414946768e-10,1.68454372062975e-10,1.10428479242018e-10
4.73237819526004e-09,2.50830277087349e-08,4.9251564300745e-09,8.13229661480679e-09,1.98307469539657e-08,5.51812604521003e-09,2.29367468941059e-08,4.54254688330693e-09,2.29189891424578e-09,1.82352558732309e-08,4.08598916725317e-09,1.65698624058555e-08,4.16233381621888e-09,2.06971457852062e-09,2.85387264624382e-09,3.72931718614145e-09,2.56363263837243e-09,4.11830382246016e-09,1.90850286974342e-09,2.57983504224330e-09,1.29415431839246e-09,2.38429442590996e-09,2.64539662679037e-09,2.36737776884199e-09,2.31522565611765e-09,1.16132509174595e-09,9.90613525592445e-10,2.37399351551526e-09,1.43308511009483e-09,2.46447879074331e-09,1.05328340265256e-09,8.98193556801425e-10,1.10466038164322e-09,1.29963362624388e-09,8.85606231472048e-10,1.46421630682846e-09,8.46570703930747e-10,1.0071214786822e-09,8.51101498158463e-10,8.38913523717718e-10,1.07029583020562e-09,8.34206620489509e-10,1.02592687349658e-09,7.88444102474366e-10,9.31113328068757e-10,1.06785617054944e-09,1.05731389241073e-09,1.17113531284061e-09,2.4520641872322e-09,1.30649165302435e-08,3.63976240756527e-09,4.87438516972161e-09,1.00352064570181e-08,3.04801545624275e-09,1.2050351208968e-08,3.2739787813707e-09,1.5147675569171e-09,9.10671385524345e-09,2.62766067397086e-09,8.06673419991329e-09,3.05494254648412e-09,1.49803300369221e-09,1.59726864851747e-09,2.5195670573369e-09,1.44795336244287e-09,2.88613826842226e-09,1.36438273265531e-09,1.47645130053552e-09,3.03773094669025e-11,1.32498331183162e-09,1.18925623394328e-09,9.15770876055679e-10,1.32474683832519e-09,2.73103025810677e-11,9.5972315374698e-11,1.06653891527732e-09,3.6811653955426e-10,1.34922338235033e-09,2.50782334863165e-11,8.7216423876276e-11,6.47679745779443e-11,3.33656280323797e-10,9.90639900279852e-11,-3.1038114681926e-11,1.39959139367763e-10,8.67096429341859e-11,2.56523653543801e-10,1.19517848760366e-10,3.09183441888809e-10,-5.58023929060144e-11,-1.37364788127021e-11,2.45153915061965e-10,5.62675048574382e-10,1.86757115510733e-10,4.66477189038157e-10,2.44928012175195e-10
2.35211326275289e-09,4.9251564300745e-09,1.14812251263338e-08,3.46897576235478e-09,8.74913027650697e-09,6.63385362993089e-09,4.54353110504878e-09,1.04827456414995e-08,3.85854411582906e-09,8.02984547454392e-09,7.70876657823642e-09,5.68588285383966e-09,9.44394253028137e-09,3.39451730517101e-09,1.63725184150189e-09,6.86402697133533e-09,3.21871961078676e-09,6.37516161250866e-09,3.11431823568313e-09,1.49583030188437e-09,1.87993884069755e-09,2.9573700348209e-09,1.42392461832291e-09,2.69401174413897e-09,1.34251401353752e-09,1.68676870710807e-09,6.46564775736491e-10,1.27796932854309e-09,1.73087758791948e-09,1.09474946724064e-09,1.52935583910462e-09,5.86263995912494e-10,6.41772111810681e-10,1.56935656450257e-09,7.28878765462238e-10,1.85398810517852e-09,5.25552232292327e-10,5.91234206335928e-10,5.76465393039757e-10,6.71441412755409e-10,6.51220917088174e-10,7.02524502279393e-10,5.8707311604404e-10,5.16271248006083e-10,3.36644188700062e-10,6.35543138094796e-10,4.94911464156953e-10,6.6398900098004e-10,1.68446283280396e-09,3.55203325496627e-09,6.97897935702701e-09,2.34978879192134e-09,5.46385711984195e-09,3.85932925988592e-09,3.376348998476e-09,6.51291267864485e-09,2.59690472510536e-09,5.11152078646675e-09,4.83882671889993e-09,4.17640472090579e-09,5.70831728704211e-09,2.23822341425198e-09,1.08123288720185e-09,4.12536064885843e-09,2.18798323946956e-09,4.09889192367663e-09,2.05853798521847e-09,9.47090643881636e-10,2.02214900302296e-10,2.02381863388385e-09,4.9318795163438e-10,1.46968829708934e-09,8.49791425071725e-10,1.81455292601084e-10,1.16005115557659e-10,4.42179906320667e-10,2.66193452264553e-10,4.46319064961675e-10,1.64703590160555e-10,1.05310382670882e-10,9.52877788766945e-12,2.41274459338302e-10,-1.91462586603887e-10,-1.30611004085537e-10,8.00172293233616e-11,1.194139875597e-11,1.32477361468274e-10,-1.99837186495718e-10,1.96102808472846e-10,-6.1053804825332e-11,-6.3113064637911e-11,1.31562288841277e-10,1.26951389940295e-10,9.67283957681371e-11,6.93721114525691e-11,-3.02845181111936e-12
7.74564134319106e-09,8.13229661480679e-09,3.46897576235478e-09,1.27752685274329e-08,5.52939455350316e-09,9.0539996655677e-09,7.45254169749382e-09,3.16201345800562e-09,1.81962959452969e-09,5.08286317050802e-09,2.9576622132565e-09,4.55204107350792e-09,2.89846193024078e-09,1.62715718865074e-09,2.37030017153474e-09,2.70795677770737e-09,1.94709883902837e-09,2.91859061275884e-09,1.47682736409542e-09,2.11093865976895e-09,1.09429850152102e-09,1.78627579424040e-09,2.09294070074433e-09,1.68892041407081e-09,1.89438866324652e-09,9.81960646323576e-10,7.19306720736006e-10,1.87820374706188e-09,1.02125189642211e-09,1.85435656971596e-09,8.90557761299407e-10,6.52213090118728e-10,7.93187116563008e-10,9.26193339223519e-10,8.15193990666517e-10,1.1114145216137e-09,5.61917565373443e-10,6.79064704481624e-10,5.71267558703854e-10,7.57879539267271e-10,6.93260599751318e-10,7.03243359940686e-10,6.4571457987426e-10,4.90992189941056e-10,4.11833196291094e-10,6.10540088368273e-10,5.36358005701755e-10,6.08587792182488e-10,4.25321080600138e-09,5.73769984976284e-09,2.39969033139138e-09,6.51913938446203e-09,4.07288384323172e-09,4.71138844082599e-09,5.28443759670077e-09,2.24236086585662e-09,8.11131987026848e-10,3.78642428751231e-09,1.76534476077073e-09,3.48297934908316e-09,2.07385463910237e-09,8.12147560105061e-10,8.63644697222196e-10,1.72105763304407e-09,9.35286038947858e-10,1.76268625844662e-09,7.94242678600171e-10,7.41762641851947e-10,1.07937914719411e-10,8.74166086291413e-10,8.25539884535913e-10,6.31606034128967e-10,6.65594123168196e-10,9.68793691424502e-11,3.10689856825215e-10,7.40323554150582e-10,2.56494948071289e-10,9.34465040856379e-10,8.80616849025733e-11,2.81783360010791e-10,1.87847190471723e-10,2.32483690732828e-10,2.21373221393652e-10,3.12687423215838e-10,2.92734624877746e-10,2.42348116453337e-10,-2.96532978474332e-11,2.42212704943054e-10,6.77967599584183e-11,-6.67419321329017e-13,2.30996239846243e-10,-1.89352072674552e-11,2.89881572452046e-10,9.16607182065751e-11,2.56644256673252e-10,1.23425159227767e-10
4.24530575304076e-09,1.98307469539657e-08,8.74913027650697e-09,5.52939455350316e-09,2.74200368708945e-08,9.4558433631936e-09,1.82351715977152e-08,8.02882708816715e-09,3.76080823893635e-09,2.52073287560273e-08,5.92221283343813e-09,2.04329195229786e-08,7.33632514373815e-09,3.31288921400647e-09,1.82593119642188e-09,5.2802126694595e-09,3.09824055917855e-09,4.82156334182651e-09,3.04087656263824e-09,1.69696717462853e-09,2.15361335418871e-09,2.87638440070033e-09,1.52280140951256e-09,2.63324843682216e-09,1.52292836028845e-09,1.93227872508947e-09,1.1210439845466e-09,1.36664486623835e-09,2.44409007072007e-09,1.58875939326868e-09,1.75185669066251e-09,1.01631591079695e-09,9.59493616839507e-10,2.21577858408474e-09,1.14611889768699e-09,2.59673488307184e-09,9.17171084296803e-10,8.88118987672424e-10,6.97716780102378e-10,1.06126562199275e-09,8.39215285748712e-10,1.04777085115991e-09,8.80636038176862e-10,6.19581106337e-10,7.33200085055856e-10,7.88610469428299e-10,7.72657399159373e-10,7.96607455249533e-10,2.52990814713788e-09,1.05789848737131e-08,5.60244941550851e-09,4.09688404914273e-09,1.35352160737037e-08,5.42460105703314e-09,9.84549120022416e-09,5.16131300476454e-09,2.67654675843943e-09,1.23884810372228e-08,4.17165796878059e-09,1.05378542839583e-08,4.82694467146379e-09,2.40543155081671e-09,1.51946495632813e-09,3.73307347601171e-09,2.2158651791039e-09,3.7099512060859e-09,2.17654601263805e-09,1.33399361207997e-09,1.12479177522786e-11,2.00027009867608e-09,8.53036229941831e-10,1.32276165126456e-09,1.19688753071797e-09,1.01301311244621e-11,8.89608606768813e-11,7.65027536933839e-10,1.86733959471932e-10,8.7474927995092e-10,9.40209128851991e-12,8.07881547608348e-11,-3.00584794436602e-11,1.6925299613164e-10,-9.92179259041119e-11,-1.22496002888316e-10,1.0727763732004e-10,-4.24312072655729e-11,1.69361393465913e-10,-1.26253878641286e-10,7.07118398481878e-11,-3.61663586883028e-10,-1.77854924846079e-11,1.92304156979974e-10,4.26060871058782e-10,6.66081509382365e-11,2.42968553353047e-10,1.29873169346188e-10
6.84916978976297e-09,5.51812604521003e-09,6.63385362993089e-09,9.0539996655677e-09,9.4558433631936e-09,1.39622937180456e-08,5.08802322991185e-09,6.03476549279337e-09,2.87204160839269e-09,8.66456738360501e-09,4.16726164456792e-09,6.1674575781743e-09,5.50551222102945e-09,2.56327458430868e-09,1.55321019053888e-09,3.74084163796666e-09,2.55990470469144e-09,3.65054529299226e-09,2.31736867019958e-09,1.40005245752938e-09,1.91537588182799e-09,2.34543271834265e-09,1.32225212383726e-09,2.0961062329099e-09,1.25670431539585e-09,1.71860499699052e-09,7.47000146901789e-10,1.18686390043227e-09,1.84635400379014e-09,1.13192347037037e-09,1.55831205710219e-09,6.7734420338144e-10,7.05962154876879e-10,1.67412794985282e-09,8.80002924837146e-10,1.98810543919182e-09,6.28980594821338e-10,6.50741956618274e-10,6.16771077697919e-10,8.29076655934312e-10,7.05348066431068e-10,8.03450852643811e-10,6.06342243174087e-10,5.00025249078822e-10,3.56942047174965e-10,5.77253320370106e-10,5.06111091571912e-10,5.89292335020493e-10,3.94903891816025e-09,4.28178189371873e-09,3.92596817160585e-09,4.82922539345415e-09,6.2783753593517e-09,7.75055030517358e-09,4.02337352657269e-09,3.6894114127941e-09,1.89564272009824e-09,5.88665837851273e-09,2.82032915751006e-09,4.81952973191047e-09,3.36303256688949e-09,1.70869804967052e-09,9.31662846785386e-10,2.52125618863131e-09,1.78145708642473e-09,2.66352951600881e-09,1.56214950548824e-09,7.63758017928481e-10,2.43842471323835e-10,1.63443757122175e-09,5.71555933967981e-10,1.1383708851757e-09,6.85343816260695e-10,2.18809434884145e-10,4.26412182269644e-10,5.12429056104608e-10,3.81670785998612e-10,5.83107628149506e-10,1.98609834117971e-10,3.86695457047812e-10,4.42163682315393e-10,3.4594202627776e-10,3.21483072520096e-10,3.96913943009639e-10,3.75264890878692e-10,4.27581125279615e-10,1.30588818077277e-10,3.24433479488388e-10,2.62107423662711e-10,-1.17634462358271e-11,4.18111498227253e-10,1.48869780590431e-10,2.97929524985767e-10,2.64422098552063e-10,2.73900334768623e-10,2.76785211198932e-10
4.30258855954478e-09,2.29367468941059e-08,4.54353110504878e-09,7.45254169749382e-09,1.82351715977152e-08,5.08802322991185e-09,2.70955605390824e-08,4.82453283583456e-09,2.37065097398149e-09,2.19942288189783e-08,4.32755655480935e-09,2.02470293436273e-08,4.408271611489e-09,2.13825375480649e-09,3.08473698678103e-09,3.93962555834466e-09,2.65574828722983e-09,4.25017990759383e-09,1.96514655880391e-09,2.78895253604509e-09,1.37679010733016e-09,2.45721324181774e-09,2.85413785735341e-09,2.45435685481978e-09,2.50254408084494e-09,1.23534960777847e-09,1.06083122939467e-09,2.56099289162573e-09,1.54099153799761e-09,2.61453222123965e-09,1.12013008855376e-09,9.61723406613216e-10,1.21323095350576e-09,1.39717991045171e-09,1.00269314521237e-09,1.60770053870098e-09,8.54298283542322e-10,1.03052654390342e-09,8.79894289479816e-10,8.90896814367197e-10,1.1035708620434e-09,9.03001199723645e-10,9.95812972525934e-10,8.00169065148438e-10,8.71343382366033e-10,9.96745344461759e-10,1.04491851284172e-09,1.0745449339666e-09,2.23637803278894e-09,1.20538063237459e-08,3.27358925245631e-09,4.50323217905472e-09,9.10786429133954e-09,2.73713500127275e-09,1.18174675535284e-08,3.34942542987967e-09,1.66937270794763e-09,9.42356473551045e-09,2.69487774149616e-09,8.13209104229267e-09,3.15819461141439e-09,1.61069490208662e-09,1.72444000444143e-09,2.58994545982668e-09,1.46735867236948e-09,2.70902856022487e-09,1.45383093752952e-09,1.62935875901923e-09,3.90158102855039e-10,1.36549578477494e-09,1.36152138821688e-09,9.47806174913229e-10,1.46186023396482e-09,3.50059884495181e-10,2.48325747999399e-10,1.22122618409461e-09,6.83723280601957e-10,1.52242907418187e-09,3.17495218176847e-10,2.25223539098869e-10,-1.28834604473383e-11,6.19720881581099e-10,5.30417369696261e-11,-1.41590433119668e-10,2.00653480738675e-10,1.43235610321056e-10,4.28413504082397e-10,2.28329674219578e-10,4.1777851921356e-10,9.85967853663444e-11,9.78994805731615e-11,3.3204609617104e-10,6.09167174851259e-10,2.50716158832696e-10,4.80281732987729e-10,3.10778041898189e-10
2.15335225240887e-09,4.54254688330693e-09,1.04827456414995e-08,3.16201345800562e-09,8.02882708816715e-09,6.03476549279337e-09,4.82453283583456e-09,1.06892025685118e-08,3.89110582838809e-09,8.36684661535383e-09,7.90688454317919e-09,5.98288172968258e-09,9.63036800715257e-09,3.43323266388638e-09,1.65986709709219e-09,7.04910401620703e-09,3.21514554085055e-09,6.4554176532783e-09,3.14999513080854e-09,1.51474170543049e-09,1.89443535378079e-09,2.95097884513552e-09,1.42341652656901e-09,2.67938253357595e-09,1.35929389151306e-09,1.69970234408895e-09,6.77130810973593e-10,1.27733931475871e-09,1.75313778316365e-09,1.10747241664106e-09,1.54091793926871e-09,6.13894439944187e-10,6.4471776528371e-10,1.58936524671325e-09,7.77947911566107e-10,1.85964285499723e-09,5.51147863040583e-10,5.92475545190419e-10,5.71343976178016e-10,7.1788436191501e-10,6.44712543487162e-10,7.26091521596881e-10,5.49846677783416e-10,4.95499706332679e-10,2.75039934727406e-10,5.71575786658799e-10,4.48199819586929e-10,5.54301259501715e-10,1.49030785364436e-09,3.3772928138738e-09,6.51297609758238e-09,2.04545024816471e-09,5.11236403213793e-09,3.39601018767193e-09,3.32861001958129e-09,6.57029429745123e-09,2.65623482517106e-09,5.08606486249035e-09,4.80727849881119e-09,4.21331520827354e-09,5.77816182373495e-09,2.30082363168144e-09,1.05549078462343e-09,4.10541407699934e-09,2.17155320754899e-09,3.98888445891218e-09,2.12101090300087e-09,9.25580253064196e-10,3.49825594237571e-10,2.01989070218219e-09,4.62193929012414e-10,1.45628159142452e-09,8.30451754761247e-10,3.13867730466618e-10,1.96037408472419e-10,4.14466371939706e-10,3.98032516636401e-10,5.34792729663087e-10,2.84643007359163e-10,1.77796114740738e-10,2.3121672978081e-11,3.60773001350986e-10,-1.28474810669524e-10,-1.00538297561134e-10,1.50880232762406e-10,3.06903337052585e-11,1.40740174180451e-10,-1.33634346563298e-10,2.16544712134869e-10,2.92577243052297e-11,8.74459895722761e-12,1.28895785300469e-10,1.41200023733402e-10,1.70432169874973e-10,1.11422073390201e-10,1.115435660822e-10
3.10893475638067e-09,2.29189891424578e-09,3.85854411582906e-09,1.81962959452969e-09,3.76080823893635e-09,2.87204160839269e-09,2.37065097398149e-09,3.89110582838809e-09,1.27821753135125e-08,3.82968657149282e-09,9.21206159303331e-09,7.78560357029341e-09,3.43337482343745e-09,1.14212961470385e-08,4.31916562892427e-09,8.18747145976456e-09,8.66274986577198e-09,6.07592838747069e-09,1.046319106643e-08,3.95756465872059e-09,2.00660529059168e-09,7.951773689348e-09,3.22296585038336e-09,7.00127526657507e-09,3.55054511730508e-09,1.80022379518237e-09,2.02764010713558e-09,2.89150700779557e-09,1.73123581752052e-09,2.53832281444298e-09,1.63178324703949e-09,1.8378728911072e-09,8.36671402462994e-10,1.56925613989784e-09,1.87851648729918e-09,1.65608696312555e-09,1.69147572898887e-09,7.69279663883049e-10,6.47063879784293e-10,1.75337520222767e-09,8.35842339545972e-10,1.68145748985517e-09,7.49969091089533e-10,6.29498796556727e-10,4.28894978181149e-10,8.20569186155962e-10,7.02337069740163e-10,9.20033550462272e-10,1.77466230868831e-09,1.73047506282851e-09,2.61827296708349e-09,1.11208685361732e-09,2.30604797320028e-09,1.47684169190597e-09,1.7793166863365e-09,2.56739808627748e-09,6.64935751996265e-09,2.20411542862098e-09,5.1814373079277e-09,4.27891019885528e-09,2.29171235697903e-09,5.8789709442309e-09,2.5492489787083e-09,4.45926271848963e-09,4.46171307216892e-09,3.39480477600397e-09,5.36879268820793e-09,2.32255679945173e-09,7.47803622207605e-10,4.09459973605027e-09,1.90244625482115e-09,3.8357315493814e-09,2.08366089473902e-09,6.7088547743847e-10,7.34037599618095e-10,1.70670543279211e-09,6.35304361452364e-10,1.60355480476571e-09,6.08121389530636e-10,6.65351533868939e-10,9.35065819647955e-11,5.75835373488059e-10,2.43613586193004e-10,2.90524013798357e-10,5.85951527728245e-10,8.64351633141206e-11,2.21141443583306e-10,2.04706094637531e-10,3.06139681230706e-10,3.77963493399142e-10,8.13772610898682e-11,2.1991454852796e-10,1.81822820577334e-10,2.83318641374795e-10,1.52711234899954e-10,3.35465893724228e-10
3.88060287152595e-09,1.82352558732309e-08,8.02984547454392e-09,5.08286317050802e-09,2.52073287560273e-08,8.66456738360501e-09,2.19942288189783e-08,8.36684661535383e-09,3.82968657149282e-09,2.96145054186523e-08,6.20189359402892e-09,2.46082122833643e-08,7.64444773092094e-09,3.38808601421292e-09,2.12656802574466e-09,5.54240241244029e-09,3.2301623623241e-09,5.02300754957391e-09,3.10232367733289e-09,1.94624615494044e-09,2.27466861297045e-09,2.96632509329549e-09,1.67692901043882e-09,2.69227408845503e-09,1.74629281429681e-09,2.04077670681018e-09,1.27928603087359e-09,1.50466338399175e-09,2.64110150176879e-09,1.72169009783801e-09,1.84996358199538e-09,1.15963676376045e-09,1.05314455491109e-09,2.39410332293944e-09,1.26143242124714e-09,2.6789738821739e-09,1.00133284140141e-09,9.40908658486135e-10,7.49816259226581e-10,1.15424133456884e-09,9.07508150713088e-10,1.15019243860283e-09,9.00462980343274e-10,6.61498101767155e-10,7.51915775537688e-10,8.29405416698007e-10,8.1705623571593e-10,8.42900108353846e-10,2.26178856615644e-09,9.84898543444433e-09,5.1609045240469e-09,3.73149792316315e-09,1.23895992034215e-08,4.84122546262907e-09,8.78294379588163e-09,5.18374765354735e-09,2.95084680186853e-09,1.26324010983893e-08,4.23604779810465e-09,1.06756141922839e-08,4.87579401655481e-09,2.65965002996691e-09,1.52044144807383e-09,3.82159085095095e-09,2.19294002563248e-09,3.4117226259286e-09,2.39152670037003e-09,1.40885755926356e-09,5.40648294001667e-10,2.02941494837561e-09,9.37641286694839e-10,1.33207285889654e-09,1.26398910302675e-09,4.8505219840383e-10,3.41437104693058e-10,8.4106420664728e-10,6.94755455999448e-10,1.03962031837641e-09,4.39753857903502e-10,3.09550592723983e-10,4.72864674072504e-11,6.29720994686743e-10,3.88777425903002e-11,-4.32958827688239e-11,2.70543251883121e-10,3.58343275549123e-11,3.79046700861081e-10,4.38221158944447e-11,1.77085281504009e-10,-3.92119707913952e-11,3.57504503384824e-11,2.86678287452451e-10,5.16804300188807e-10,6.54026902024354e-11,3.48062147370624e-10,1.67871413914889e-10
2.1658115445056e-09,4.08598916725317e-09,7.70876657823642e-09,2.9576622132565e-09,5.92221283343813e-09,4.16726164456792e-09,4.32755655480935e-09,7.90688454317919e-09,9.21206159303331e-09,6.20189359402892e-09,1.47981305586156e-08,1.10626133036217e-08,7.04909557271042e-09,8.18730474563458e-09,3.68053851516633e-09,1.32211368545085e-08,5.97963528950442e-09,1.00167426635942e-08,7.5098875815135e-09,3.37016056791519e-09,1.84044251238516e-09,5.48678443617358e-09,2.74902789928574e-09,4.56933165125734e-09,3.02369016927249e-09,1.65120165440754e-09,2.03787696247889e-09,2.46643824761967e-09,1.61261512555446e-09,2.24998155435579e-09,1.49681820279373e-09,1.84720128713466e-09,8.48914926717678e-10,1.46185141252127e-09,1.82987270483255e-09,1.53325247771988e-09,1.65915686864693e-09,7.76490350125263e-10,5.64810190100412e-10,1.6813012357035e-09,9.0102241384011e-10,1.68801928617696e-09,7.47616752345214e-10,5.31373538937587e-10,3.95971788704601e-10,8.16563069647221e-10,6.04299237458963e-10,8.67996380017435e-10,9.55578432275931e-10,2.67649742275275e-09,5.12190341573127e-09,1.53904945936735e-09,4.13578853368309e-09,2.2043663735654e-09,2.61600316940076e-09,5.16848427116093e-09,5.1783591734743e-09,3.98612813469925e-09,8.24903482910949e-09,6.35470367313495e-09,4.49925099518107e-09,4.40952347192518e-09,1.94745576097038e-09,7.048868158611e-09,3.22369573731229e-09,5.19963832371002e-09,4.02997349243132e-09,1.79958881718949e-09,7.80450951965102e-10,2.97084278709419e-09,1.47329160718166e-09,2.75933314704843e-09,1.61451724044897e-09,7.00183810309005e-10,7.13325749445012e-10,1.32163500811489e-09,5.59633856579534e-10,1.31104619264605e-09,6.34729603849283e-10,6.46615248923552e-10,2.0160637245867e-10,5.07247801752078e-10,2.92451601087049e-10,1.8691620389748e-10,5.41037820053382e-10,1.7810424331417e-10,2.23045480591203e-10,1.70192618913124e-10,2.85203711433786e-10,3.48069136342899e-10,1.42196846792743e-10,1.98255566847893e-10,2.29046037939521e-10,2.32000071820048e-10,1.54028719407078e-10,1.90547479803625e-10
3.58690924767005e-09,1.65698624058555e-08,5.68588285383966e-09,4.55204107350792e-09,2.04329195229786e-08,6.1674575781743e-09,2.02470293436273e-08,5.98288172968258e-09,7.78560357029341e-09,2.46082122833643e-08,1.10626133036217e-08,3.35598527894366e-08,5.36351290799913e-09,6.80455091310279e-09,3.96569018144222e-09,9.77701961370805e-09,5.31781809150077e-09,7.7181224524279e-09,6.21314902245764e-09,3.60515466651983e-09,1.83222857399955e-09,4.86579461946827e-09,2.68861386217503e-09,3.8919775521431e-09,3.23490920450228e-09,1.64398590876396e-09,2.46778644427745e-09,2.41261133552193e-09,1.96233066998972e-09,2.44679411004587e-09,1.49062190459258e-09,2.23702746510073e-09,1.55053706510273e-09,1.7791900920681e-09,2.27002498148732e-09,1.73171573130666e-09,1.98965470606548e-09,1.39109777730838e-09,7.72942195763613e-10,2.08830212223118e-09,1.34930419457854e-09,2.07003028724598e-09,1.34936776118825e-09,7.36470481820947e-10,7.92609045392166e-10,1.25872094800095e-09,9.34204633379508e-10,1.22897488846109e-09,1.30260518507072e-09,8.2489079042578e-09,4.16542918233579e-09,2.60957587701486e-09,1.03618553704893e-08,3.06084738804769e-09,7.04925696140067e-09,4.20420423141067e-09,5.113250697955e-09,1.03506591639791e-08,6.86666800048226e-09,1.42000704540408e-08,3.93388004199483e-09,4.57029294090229e-09,2.37950736822149e-09,6.11553677629117e-09,3.25142160810351e-09,4.49847771580943e-09,4.11467459317715e-09,2.17846845178039e-09,1.06145628435611e-09,3.01188411207452e-09,1.80857862131932e-09,2.65313671303131e-09,1.95451240276916e-09,9.52312779875362e-10,7.37224958221182e-10,1.62223478133287e-09,6.53060219274698e-10,1.4645145298321e-09,8.63425106693655e-10,6.6839494914071e-10,3.53984906334437e-10,5.91927757008374e-10,5.86966011099407e-10,3.77532467848302e-10,5.82430127448749e-10,2.71323933653338e-10,5.29314133960799e-10,5.06793497347377e-10,5.42557537567163e-10,3.46069113391714e-10,2.3314626273426e-10,3.57577749422255e-10,5.00131167868704e-10,3.37910078627715e-10,2.34669046212131e-10,1.55947533875266e-10
1.96786746990734e-09,4.16233381621888e-09,9.44394253028137e-09,2.89846193024078e-09,7.33632514373815e-09,5.50551222102945e-09,4.408271611489e-09,9.63036800715257e-09,3.43337482343745e-09,7.64444773092094e-09,7.04909557271042e-09,5.36351290799913e-09,1.02852492220958e-08,3.57844752423373e-09,1.816702343031e-09,7.66439970559607e-09,3.35841511288822e-09,7.003030402434e-09,3.28181887557342e-09,1.6522493829205e-09,1.98553596091657e-09,3.07617397680429e-09,1.54955604065455e-09,2.7883245159704e-09,1.48248331751187e-09,1.78136500889294e-09,7.65957546354705e-10,1.39034113105248e-09,1.86476172811232e-09,1.21587260939617e-09,1.61478674620588e-09,6.94337161055894e-10,6.7916834367291e-10,1.69038429158633e-09,8.54339690413368e-10,1.9579431550827e-09,6.32717819272683e-10,6.20502318492687e-10,5.76667181782321e-10,7.9021009564632e-10,6.72168416425059e-10,7.8850608887985e-10,5.7047400031064e-10,4.99990232309298e-10,2.96175652370834e-10,5.91293014780084e-10,4.62221681327771e-10,5.92923418610704e-10,1.35994611553109e-09,3.06943682500934e-09,5.7093321186433e-09,1.88735356828445e-09,4.71930764417647e-09,3.20688636848965e-09,3.00092863217385e-09,5.77868575847271e-09,2.30086194413341e-09,4.65741275511974e-09,4.10637835381068e-09,3.74597821762592e-09,5.74291960766683e-09,2.54924224998265e-09,1.10797373540604e-09,4.53136951273631e-09,2.32458249476982e-09,4.16154099862344e-09,2.3505082915201e-09,1.03711858427761e-09,3.07270216753789e-10,2.14649339974439e-09,5.0137703360165e-10,1.51011768241095e-09,9.30477379726057e-10,2.75676911790921e-10,2.54083321998307e-10,4.49704634183622e-10,3.07115035622599e-10,5.43809368263811e-10,2.49954223416097e-10,2.30357362400458e-10,5.26640546046684e-11,2.78366474370045e-10,-4.68782665330201e-11,-1.71735265519969e-10,2.17397888175656e-10,5.23459813401298e-11,1.59170443127924e-10,-5.40496498028449e-11,1.97593106704776e-10,7.60621860881996e-11,3.02240679798298e-11,1.67686123284559e-10,1.85011791181899e-10,1.79646065869765e-10,1.13394772139035e-10,1.15804381409785e-10
2.8297612237405e-09,2.06971457852062e-09,3.39451730517101e-09,1.62715718865074e-09,3.31288921400647e-09,2.56327458430868e-09,2.13825375480649e-09,3.43323266388638e-09,1.14212961470385e-08,3.38808601421292e-09,8.18730474563458e-09,6.80455091310279e-09,3.57844752423373e-09,1.21866699077453e-08,4.50005523870446e-09,8.73208916797414e-09,9.22466049204247e-09,6.39367616223201e-09,1.11589171649409e-08,4.1223422693592e-09,2.09671617852315e-09,8.45395602910593e-09,3.3785730283673e-09,7.40500861870766e-09,3.6981846169793e-09,1.88099290000424e-09,2.19745250487208e-09,3.03093149840842e-09,1.84987169375905e-09,2.69287738208507e-09,1.70482945346971e-09,1.99171460502978e-09,9.21808860019838e-10,1.67661752055747e-09,2.07494504210232e-09,1.77553660775367e-09,1.84172602249269e-09,8.51447176253798e-10,7.77147638566376e-10,1.94078810497341e-09,1.0574484926616e-09,1.97715920256971e-09,8.29903660041992e-10,7.57537184803281e-10,4.65147628875976e-10,1.03870907261493e-09,7.6216163651861e-10,1.0279117844207e-09,1.62176163683061e-09,1.55560136671113e-09,2.32787634466512e-09,1.01756270108014e-09,2.19611082312972e-09,1.47239602140309e-09,1.60797095233034e-09,2.29218784811081e-09,5.87876725434766e-09,2.09395958778791e-09,4.45990781074415e-09,3.7662092557746e-09,2.13699180518372e-09,6.71969733924103e-09,2.84572660094361e-09,4.56583185465549e-09,4.71163974740656e-09,3.43242075229875e-09,6.13250712689327e-09,2.57851508325311e-09,9.27987651397233e-10,4.30795202409552e-09,2.01507018750063e-09,3.92111872197582e-09,2.31324709016225e-09,8.32520393241755e-10,9.24317548934576e-10,1.80783714488446e-09,8.69570376814533e-10,1.67412377405501e-09,7.54547131125833e-10,8.37764485308487e-10,5.35107636804395e-11,7.88173019506467e-10,3.3358241877692e-10,3.1162607881847e-10,7.59054491253794e-10,4.39755012867962e-11,1.22009458832538e-10,2.92680971392132e-10,2.93949035931622e-10,7.24281785007487e-10,4.89908218241019e-11,1.30731751123749e-10,1.81583124038815e-10,2.79388436758611e-10,1.47622756704654e-10,3.48763236390257e-10
1.39291448225179e-09,2.85387264624382e-09,1.63725184150189e-09,2.37030017153474e-09,1.82593119642188e-09,1.55321019053888e-09,3.08473698678103e-09,1.65986709709219e-09,4.31916562892427e-09,2.12656802574466e-09,3.68053851516633e-09,3.96569018144222e-09,1.816702343031e-09,4.50005523870446e-09,1.28600949711315e-08,3.84653420666539e-09,1.01349174540957e-08,8.95196841713956e-09,4.12252162743679e-09,1.16000987330323e-08,4.03940925807444e-09,9.20158287364741e-09,7.73908984970304e-09,5.91803887661399e-09,1.04069789371787e-08,3.62394421750823e-09,1.72812992458424e-09,6.94313147619846e-09,3.2181748099404e-09,5.78232892028092e-09,3.28484781709381e-09,1.56642507847982e-09,3.07182061489682e-09,2.91706673416182e-09,1.50935806705226e-09,2.97781035862893e-09,1.40180933997609e-09,2.88557050907744e-09,1.51439043102632e-09,1.39114594160685e-09,3.14956649166274e-09,1.46780519077897e-09,2.70811200374581e-09,1.29696496456873e-09,6.26898714255624e-10,2.73006512378146e-09,1.35631512778866e-09,2.63768989557023e-09,6.12905237543114e-10,1.58865147287943e-09,9.80853851286268e-10,1.40678384973178e-09,1.16878780224803e-09,7.62658322897292e-10,1.67101852856072e-09,1.20744332410361e-09,1.85111722927207e-09,1.44829176200276e-09,1.67442705595121e-09,1.84320097656063e-09,1.41172648477654e-09,2.02490492546762e-09,6.27615401620689e-09,1.92699599618573e-09,4.34485065514537e-09,4.38334198744468e-09,1.82817279040618e-09,5.89946973101538e-09,2.15529799962445e-09,4.0964752929865e-09,4.19187165661578e-09,2.92932036116149e-09,5.29264172188496e-09,1.93359981563985e-09,5.81946012706967e-10,3.7605916583124e-09,1.83159092224019e-09,3.35432465528611e-09,1.75266475370938e-09,5.27516111091248e-10,8.63447226618594e-10,1.66014128793862e-09,3.48901239033138e-10,1.26831197836297e-09,4.2967624996525e-10,8.11310461218751e-10,3.63104666691144e-10,3.08254508642535e-10,1.01954862697866e-09,4.95456613601812e-10,6.80247936059165e-10,2.88572679862946e-10,5.09324033260986e-10,9.17648870736638e-10,5.38393178889929e-10,1.10854708987102e-09
1.99923992808621e-09,3.72931718614145e-09,6.86402697133533e-09,2.70795677770737e-09,5.2802126694595e-09,3.74084163796666e-09,3.93962555834466e-09,7.04910401620703e-09,8.18747145976456e-09,5.54240241244029e-09,1.32211368545085e-08,9.77701961370805e-09,7.66439970559607e-09,8.73208916797414e-09,3.84653420666539e-09,1.44053974948367e-08,6.26809019577e-09,1.08801786452128e-08,8.00550439475976e-09,3.51296524760114e-09,1.90874272382733e-09,5.74525641397502e-09,2.91950576483712e-09,4.80204589248971e-09,3.15164456604332e-09,1.71241428438636e-09,2.27837794133207e-09,2.61922948405814e-09,1.73645999751013e-09,2.41967875883357e-09,1.55216234461117e-09,2.06512566045325e-09,9.65033861957733e-10,1.5739590120841e-09,2.10180720413536e-09,1.6540733711586e-09,1.87818478601152e-09,8.80672498193503e-10,6.46881054259102e-10,1.94148170804282e-09,1.04848640583355e-09,1.98844372871294e-09,8.40880335141433e-10,6.00982869655761e-10,4.13053259735047e-10,9.49877221271543e-10,6.37949891704148e-10,9.56382882457663e-10,8.91265773013706e-10,2.42862718356042e-09,4.44065549195743e-09,1.39156692940801e-09,3.82814980660281e-09,2.17297225542494e-09,2.3908567446149e-09,4.49983718524476e-09,4.40958049997466e-09,3.68823756326853e-09,7.04996067567622e-09,5.55925258964102e-09,4.3329031235375e-09,5.13725631841432e-09,2.22439355410042e-09,7.65638227557245e-09,3.54233364429521e-09,5.50851824425881e-09,4.70281449310911e-09,2.08422916746447e-09,8.84853643928353e-10,3.24995795761477e-09,1.66455723833866e-09,2.94521464571731e-09,1.86984127048222e-09,7.9383486535297e-10,9.49521340254179e-10,1.49330512993454e-09,6.19781911747676e-10,1.4083654944373e-09,7.19546816368947e-10,8.60653963814219e-10,2.58197017070449e-10,5.61766025900082e-10,4.22365479178246e-10,3.73482084121394e-11,7.60213714383816e-10,2.22028413460175e-10,1.74210567885211e-10,3.06343966929735e-10,3.03923645610535e-10,7.13182585511014e-10,1.89492622679594e-10,1.87415944385486e-10,2.77998765194144e-10,2.65562400196618e-10,1.87767619432586e-10,2.27708130578685e-10
3.18186694471373e-09,2.56363263837243e-09,3.21871961078676e-09,1.94709883902837e-09,3.09824055917855e-09,2.55990470469144e-09,2.65574828722983e-09,3.21514554085055e-09,8.66274986577198e-09,3.2301623623241e-09,5.97963528950442e-09,5.31781809150077e-09,3.35841511288822e-09,9.22466049204247e-09,1.01349174540957e-08,6.26809019577e-09,1.62403379232254e-08,1.21910070237462e-08,8.45403587424214e-09,9.20143086081282e-09,3.85790708996148e-09,1.47981660194884e-08,5.85167809298597e-09,1.04417607351659e-08,8.25488416064098e-09,3.46104681268003e-09,1.84737665579804e-09,5.24971235213783e-09,3.15932443242198e-09,4.21256786779186e-09,3.13705088753272e-09,1.67444114197933e-09,3.15866494158165e-09,2.86357094593332e-09,1.66525902547627e-09,2.91061449496617e-09,1.49141241431564e-09,2.95742089889054e-09,1.56278582013513e-09,1.55114415777899e-09,3.38433115641094e-09,1.6513221332225e-09,2.78046401898557e-09,1.32196988986144e-09,7.11335402819034e-10,2.92149248490278e-09,1.33608378189573e-09,2.781172255485e-09,1.73962254265008e-09,1.6212028264867e-09,2.297365887413e-09,1.25128847215163e-09,2.04729099989449e-09,1.50872185422911e-09,1.55200084611675e-09,2.44476500769976e-09,4.22820651249978e-09,2.12201290973772e-09,3.34106116193768e-09,2.44758469605963e-09,2.50813655407051e-09,4.81390020242192e-09,5.46491056999564e-09,3.55537810797664e-09,7.61886259590351e-09,6.60354915801289e-09,4.38431843041797e-09,5.1434256277596e-09,1.96502435475923e-09,7.11540197380747e-09,3.39262705520536e-09,5.05311926423325e-09,4.61433114465043e-09,1.76288625085809e-09,5.63610317741092e-10,3.04364782620256e-09,1.67720693267487e-09,2.63731163635785e-09,1.59785915250024e-09,5.10846220446976e-10,1.05145790423619e-09,1.5202091387575e-09,1.91514614480956e-10,1.1766175291445e-09,4.03574703683513e-10,9.91257807561829e-10,2.9995474246169e-10,1.56592107017853e-10,1.08943348461126e-09,5.76388884306157e-10,8.56048019478728e-10,2.53199571878917e-10,3.5948690311533e-10,9.80518768383128e-10,3.87697703869054e-10,1.07126887971301e-09
2.47737496099934e-09,4.11830382246016e-09,6.37516161250866e-09,2.91859061275884e-09,4.82156334182651e-09,3.65054529299226e-09,4.25017990759383e-09,6.4554176532783e-09,6.07592838747069e-09,5.02300754957391e-09,1.00167426635942e-08,7.7181224524279e-09,7.003030402434e-09,6.39367616223201e-09,8.95196841713956e-09,1.08801786452128e-08,1.21910070237462e-08,1.79216102025725e-08,5.87469732935757e-09,8.08572501458826e-09,3.45401653218356e-09,1.10987835127159e-08,4.9306289450204e-09,7.2470688255858e-09,7.25412662113644e-09,3.09877216172813e-09,1.76908531624268e-09,4.42357622613288e-09,2.8572174103382e-09,3.64487609938228e-09,2.80884208827410e-09,1.60354986412783e-09,3.1339193266891e-09,2.58990435389625e-09,1.63396105459439e-09,2.64749124627424e-09,1.43822462674274e-09,2.91952126258215e-09,1.52179212389009e-09,1.50704504568147e-09,3.50657006715914e-09,1.61650788408117e-09,2.69224812654825e-09,1.1249707808166e-09,6.1490861438951e-10,2.75745647464777e-09,1.15033606428663e-09,2.67903629048058e-09,1.13030545876777e-09,2.41905476763677e-09,3.93018475300183e-09,1.44690837188093e-09,3.50415313781436e-09,2.12640913929511e-09,2.29287027865737e-09,3.97459332916017e-09,3.12307016177821e-09,3.35334120102559e-09,5.05732012589252e-09,4.2485496097467e-09,4.16494897657246e-09,3.61750470854269e-09,4.61672446448217e-09,5.74672628447638e-09,6.13569842141523e-09,9.61011448300882e-09,3.29579961139653e-09,4.44896132204834e-09,1.72470249844519e-09,5.70783260998739e-09,2.78307692482243e-09,3.92717024816965e-09,3.99134474684004e-09,1.54729903350856e-09,5.55670921727685e-10,2.49671181137753e-09,1.39156263700494e-09,2.3466383580373e-09,1.40252758078836e-09,5.03702832594268e-10,1.19893725947092e-09,1.26130258958523e-09,2.27985368175655e-10,8.36675545223122e-10,4.11166414510657e-10,1.12409175884754e-09,5.10648683565755e-10,1.91237933658064e-10,1.22768433666484e-09,4.70825974568076e-10,9.53824217363928e-10,4.41283481357082e-10,3.04463051499853e-10,1.07940543002941e-09,3.84909738787803e-10,9.64641933832423e-10
2.58548241457425e-09,1.90850286974342e-09,3.11431823568313e-09,1.47682736409542e-09,3.04087656263824e-09,2.31736867019958e-09,1.96514655880391e-09,3.14999513080854e-09,1.046319106643e-08,3.10232367733289e-09,7.5098875815135e-09,6.21314902245764e-09,3.28181887557342e-09,1.11589171649409e-08,4.12252162743679e-09,8.00550439475976e-09,8.45403587424214e-09,5.87469732935757e-09,1.2138621967313e-08,4.37857417944305e-09,2.17911883276112e-09,8.95606766383498e-09,3.77254160666855e-09,7.90685494146477e-09,3.92816266746587e-09,1.95495905653762e-09,2.47536256918465e-09,3.38447094726671e-09,1.90894803743732e-09,3.11403435937796e-09,1.77196173718014e-09,2.24365198011432e-09,1.00579465930306e-09,1.73025765899918e-09,2.49588877801872e-09,1.90741754360819e-09,1.97786661863065e-09,8.91567234788659e-10,9.52546346602573e-10,2.0817962109307e-09,1.23530293118156e-09,2.17837698480561e-09,8.4914550495264e-10,8.82657541419324e-10,5.29392439939555e-10,1.14642975465067e-09,7.99538015337265e-10,1.06796207628397e-09,1.45728584686743e-09,1.45194311941985e-09,2.15853505719371e-09,9.39813252778702e-10,2.02972326705431e-09,1.33673126003855e-09,1.48289505556363e-09,2.11131820546581e-09,5.36887183684376e-09,1.91211299949628e-09,4.0832304528054e-09,3.38648036967508e-09,1.93801062280311e-09,6.13248629725918e-09,2.57857741885741e-09,4.13785111469249e-09,4.30806347481715e-09,3.11794128134474e-09,6.65853437125513e-09,2.63870525492514e-09,9.52794485609659e-10,4.62354020858337e-09,2.07021966171346e-09,4.30824726181854e-09,2.36726912644457e-09,8.54783218178869e-10,8.48824304050524e-10,1.85726203447147e-09,8.16032710529849e-10,1.53094098614654e-09,7.74769758543782e-10,7.69368638865467e-10,2.31960020710778e-10,7.3964655909839e-10,7.85839177832336e-10,5.39511161679245e-10,7.00965228967577e-10,1.67253062648128e-10,3.82090347825154e-10,5.39913604274164e-10,5.55279422215908e-10,1.01600463740477e-09,1.82713803521493e-10,3.1114588715641e-10,2.05023956538156e-10,4.66946565831691e-10,1.62342165343438e-10,4.40734731665773e-10
