9.19327940795971e-08,2.86991384195581e-08,1.50837257466069e-08,5.71581454347113e-08,2.76909189993157e-08,5.15000640112967e-08,2.57113375523539e-08,1.34685309880334e-08,2.2691106476802e-08,2.47136989110677e-08,1.28090454047119e-08,2.37743157333697e-08,1.19358912027304e-08,2.02025758567557e-08,1.07930496870243e-08,1.13325580037504e-08,1.97260897493013e-08,1.02307326989841e-08,1.79968822727925e-08,9.501303996229e-09,6.06691636288136e-09,1.75294359868164e-08,9.0175488572959e-09,1.6917726284908e-08,8.50732962232136e-09,5.43219895495573e-09,4.25590114111682e-09,8.07421291093147e-09,5.41987076904185e-09,7.79031735387777e-09,4.84846533166251e-09,3.79768809447713e-09,3.16047174420941e-09,4.83725432762781e-09,4.16656626128435e-09,5.5350834819658e-09,3.24159738273093e-09,2.78601601358771e-09,2.79553084643678e-09,3.67880168588531e-09,3.1534456041193e-09,3.79807075339619e-09,2.53705045729057e-09,2.41913473440972e-09,2.23747722632905e-09,2.71776901729157e-09,2.81363592652777e-09,2.85194970059501e-09,8.6726283775953e-08,2.26651797135341e-08,1.39238505997357e-08,5.2545609917812e-08,1.86773449331642e-08,4.539245217825e-08,2.03176125318219e-08,1.23334614667128e-08,2.27533327053468e-08,1.68054346162938e-08,1.15451238634922e-08,1.49219857256848e-08,1.08609277072063e-08,2.00969163124135e-08,9.65540203298716e-09,1.01028354575683e-08,1.90248126768556e-08,9.22041070893879e-09,1.77412185487131e-08,8.49900572418443e-09,5.15715066597307e-09,1.68011306860064e-08,8.30141042167183e-09,1.57422392463487e-08,7.60968208524597e-09,4.61772527034195e-09,3.79953608523252e-09,7.43282356289357e-09,4.77262313006133e-09,7.39780433758191e-09,4.12173469607258e-09,3.39060860319693e-09,2.7740998424826e-09,4.25990030413413e-09,4.06589778804499e-09,5.00452286726988e-09,2.88900036875008e-09,2.44973825271194e-09,2.57346437974547e-09,3.57828525900105e-09,2.94948605450007e-09,3.76330969269509e-09,2.17515132809777e-09,2.16087210673195e-09,1.83442676598448e-09,2.42061367402932e-09,2.54239030657582e-09,2.48869734960988e-09
2.86991384195581e-08,1.85744526600413e-07,2.75261775427882e-08,5.24909805179204e-08,1.5864906145293e-07,3.59470997330888e-08,1.63616161546428e-07,2.42296862741467e-08,1.49657574499206e-08,1.3958652975693e-07,1.8590397479344e-08,1.19676879564346e-07,2.13659257893287e-08,1.32507861004803e-08,2.29978099944263e-08,1.64548513237642e-08,1.38520152424339e-08,1.43434453902356e-08,1.18091146804441e-08,2.01378285735657e-08,1.48663123394322e-08,1.23372111290563e-08,2.20893543649418e-08,1.3767119682131e-08,1.80331307690652e-08,1.33117663102356e-08,9.36797012660939e-09,1.97797301770658e-08,1.35774449997676e-08,2.00000203592642e-08,1.18825276712649e-08,8.3601298223737e-09,7.02697655973827e-09,1.21189092233548e-08,8.52192543510336e-09,1.22266450934981e-08,7.26742269177133e-09,6.18268260910479e-09,6.58571678084165e-09,7.40037591673064e-09,7.21120691964084e-09,8.22290485937359e-09,5.66833235063004e-09,6.1870988561355e-09,6.06481023454725e-09,6.65203452110184e-09,7.43569119625114e-09,8.02452586874501e-09,2.5029825294409e-08,8.27260831607821e-08,2.20949453710939e-08,4.41000887049256e-08,5.60722530020931e-08,2.78530341495922e-08,7.49202013129299e-08,1.9739857733605e-08,1.30394153595109e-08,5.0083023734065e-08,1.50789957891648e-08,3.57355784516044e-08,1.81711401207718e-08,1.1627688813579e-08,2.25720419893396e-08,1.33274644674997e-08,1.20460088232842e-08,1.15027825478255e-08,1.03197593535258e-08,1.97557039813323e-08,1.30253522922097e-08,1.07067374492117e-08,2.06773794847222e-08,1.31149429895941e-08,1.76897240712822e-08,1.16635290080988e-08,8.8063304226929e-09,1.85147897065206e-08,1.28675486037314e-08,2.07972985801276e-08,1.04117222283678e-08,7.8592166292219e-09,4.86498320659558e-09,1.14857691986388e-08,7.30595211761445e-09,1.07986258453591e-08,6.57336946424928e-09,4.1484406253131e-09,6.0246099474844e-09,6.17123718630731e-09,5.92428162149029e-09,7.60060135749062e-09,3.9961878891815e-09,5.61909903152422e-09,5.38755987428925e-09,5.48702571298436e-09,7.01201135205227e-09,6.83692636009887e-09
1.50837257466069e-08,2.75261775427882e-08,7.80059806676312e-08,2.15547461517587e-08,5.12706830474187e-08,4.24882178951523e-08,2.42297466108972e-08,6.96806149927126e-08,2.58968776778397e-08,4.50304848627101e-08,4.59310094757624e-08,3.02411829079309e-08,6.16854921121725e-08,2.29946495892727e-08,1.09152099065816e-08,4.05992958174069e-08,1.77811100670816e-08,3.21803266578991e-08,2.05526779731144e-08,9.72769211250765e-09,1.66822983955814e-08,1.58507598281889e-08,9.20353180484369e-09,1.34213502876635e-08,8.71025397507703e-09,1.49345340642109e-08,6.31265080943447e-09,8.24095872921043e-09,1.48761640120463e-08,7.96865775515631e-09,1.3325732750454e-08,5.63262184404038e-09,3.87656183352533e-09,1.32734235425596e-08,5.85282776475254e-09,1.32155143969785e-08,5.10753165504568e-09,3.39082066507709e-09,3.26915616655489e-09,5.2592196284834e-09,3.85659032195165e-09,5.51963134232496e-09,3.2075562331671e-09,3.06772467975097e-09,2.76934664577044e-09,3.6281728509408e-09,3.4333928311636e-09,4.10834168248386e-09,1.27806284061245e-08,2.21254734635543e-08,6.91822075675855e-08,1.98574782083731e-08,4.04151164959685e-08,3.65490633831031e-08,1.99238650964116e-08,6.15888109165155e-08,2.4760438804217e-08,3.55710927295669e-08,4.18704817229817e-08,2.21487101290127e-08,5.55072062021405e-08,2.20343342514955e-08,1.0803407407689e-08,3.71075408975775e-08,1.69542152109665e-08,2.92721218763057e-08,1.9470277046649e-08,9.60583911646181e-09,1.32203885776387e-08,1.50310255919991e-08,8.68325868477822e-09,1.21044084222868e-08,8.60066792932554e-09,1.18355430298829e-08,5.8240072068342e-09,7.77485422129324e-09,1.27536977043029e-08,8.13110526588324e-09,1.0560978482661e-08,5.19675159424622e-09,3.77637597538925e-09,1.13800398625654e-08,5.19720908160882e-09,1.05743366119254e-08,4.66455882490447e-09,3.2649620011311e-09,2.60330703221904e-09,4.62178292227872e-09,3.67619824546936e-09,5.07428597732562e-09,3.1233427722093e-09,2.39371754120242e-09,2.33233327539618e-09,3.40441114673229e-09,2.74589320483199e-09,3.68987124168459e-09
5.71581454347113e-08,5.24909805179204e-08,2.15547461517587e-08,9.61438449432151e-08,3.50056818301729e-08,6.5701327657624e-08,4.66323139364334e-08,1.92211021886475e-08,1.28557740083523e-08,3.0788138491896e-08,1.49718287353473e-08,2.72675459839037e-08,1.69698191567697e-08,1.14444482676045e-08,2.0032632257061e-08,1.31642274364369e-08,1.14387895481502e-08,1.20362540035215e-08,1.01702378837139e-08,1.77043478963315e-08,8.03065475434855e-09,1.01068365325256e-08,1.80716947053565e-08,9.5031707020854e-09,1.58502568133773e-08,7.190081216793e-09,5.06310059766878e-09,1.61789833699979e-08,7.40441610812715e-09,1.65404250378255e-08,6.41678973657511e-09,4.51783979732417e-09,3.82613306765612e-09,6.60777275360386e-09,4.5863154860037e-09,7.07657794787002e-09,4.13932599229103e-09,3.54733386765253e-09,3.34474607011437e-09,4.24828541496487e-09,3.68005949525953e-09,4.43836541105044e-09,3.35522629757471e-09,3.16199222883537e-09,2.97290032998252e-09,3.38850851563268e-09,3.6720410232763e-09,3.99229950057456e-09,5.14880668739735e-08,4.384189633328e-08,2.06672363104459e-08,8.72697716748807e-08,2.64485126961593e-08,5.8415109968514e-08,3.95691018012676e-08,1.8328814204771e-08,1.16107332691524e-08,2.3517637764489e-08,1.36568932273092e-08,1.79522507950858e-08,1.62001392141225e-08,1.03435289280666e-08,1.75674497580282e-08,1.19333919795949e-08,1.0665714485609e-08,1.11030911430107e-08,9.12955858089838e-09,1.54397361068981e-08,6.7269404356914e-09,9.38964527049142e-09,1.57530055314029e-08,8.94540610674473e-09,1.38226490389906e-08,6.02296585472525e-09,4.58540707700595e-09,1.41030823518231e-08,6.57242337361501e-09,1.51644772180934e-08,5.37546171568256e-09,4.09173544233755e-09,2.91953329263592e-09,5.86561121921566e-09,4.16838585673633e-09,6.20321109864676e-09,3.7301382984011e-09,2.7494617010642e-09,2.8479160715653e-09,3.85377351278785e-09,3.172845668479e-09,4.03828440965848e-09,2.51264410226901e-09,2.60022887905521e-09,2.49473320331133e-09,2.7619067899448e-09,3.19954892371031e-09,3.56654292910438e-09
2.76909189993157e-08,1.5864906145293e-07,5.12706830474187e-08,3.50056818301729e-08,2.33549394136019e-07,6.29510100125418e-08,1.39588200660944e-07,4.50307550694647e-08,2.137666651428e-08,2.06039752532333e-07,2.72326969109728e-08,1.54320679833732e-07,3.9406567070395e-08,1.85778446447239e-08,1.60318040036568e-08,2.38354268189871e-08,1.616984294053e-08,1.85712314659098e-08,1.65261330805188e-08,1.37543114153736e-08,2.31027914406154e-08,1.43898028373644e-08,1.36692008528951e-08,1.38563595036412e-08,1.2323716426779e-08,2.06874227205907e-08,1.08827546883091e-08,1.22470801020623e-08,2.20257624032037e-08,1.28371207153161e-08,1.8467011060426e-08,9.71343311421563e-09,8.9569006625808e-09,1.96598961203147e-08,1.06860456698862e-08,1.94591319836578e-08,8.47707979134291e-09,7.72706569398668e-09,6.82044141743357e-09,9.43807571057826e-09,8.93768860943073e-09,1.02361670437829e-08,6.84170097960881e-09,6.37295002102637e-09,6.8237114894955e-09,8.19416402533625e-09,7.81326051828986e-09,9.88295262242971e-09,2.34124208988272e-08,5.49156521516278e-08,3.87200223013704e-08,2.84360063520016e-08,8.95603351097066e-08,4.69461502618042e-08,4.97620759036354e-08,3.42570574666339e-08,1.66711286672144e-08,7.91570487076522e-08,2.11104846342925e-08,4.81620259511894e-08,3.27979884549618e-08,1.47939748685853e-08,1.47184646886416e-08,1.87184999562966e-08,1.32941744866412e-08,1.52443352934658e-08,1.32149659413711e-08,1.26402815038426e-08,1.96489967276393e-08,1.19252048578276e-08,1.23397868138553e-08,1.19111200130701e-08,1.13242702463919e-08,1.75952661563247e-08,9.35543589652988e-09,1.10553624742881e-08,2.01550803286093e-08,1.24986056651164e-08,1.57078162921014e-08,8.35112270431744e-09,7.92612283047489e-09,1.79913263505807e-08,8.90886310353525e-09,1.69451784997619e-08,7.05485264338314e-09,6.69061609357433e-09,6.01118192601025e-09,7.71872103401088e-09,8.68556409995966e-09,1.00920011289409e-08,6.42271430892494e-09,5.55759924083758e-09,6.26898212365823e-09,7.9965534296077e-09,7.42169142983876e-09,9.12421248760474e-09
5.15000640112967e-08,3.59470997330888e-08,4.24882178951523e-08,6.5701327657624e-08,6.29510100125418e-08,1.04386248111522e-07,3.16039237801463e-08,3.75861822528847e-08,1.83667834075329e-08,5.51774018099092e-08,2.28728094283854e-08,3.88752492536184e-08,3.29862984316198e-08,1.62048519344566e-08,1.06621930746758e-08,2.00547419383289e-08,1.29133631618671e-08,1.54485849839675e-08,1.44833686782338e-08,9.38983912609265e-09,1.5578158321817e-08,1.14950900741746e-08,9.23850746725578e-09,1.0055606438321e-08,8.41008595886902e-09,1.39475955252564e-08,6.07129263536807e-09,8.27443512399986e-09,1.42178630439257e-08,8.4038094153682e-09,1.24475551630688e-08,5.41825857751448e-09,4.34551593525322e-09,1.26882229924321e-08,5.96993276402339e-09,1.33303108335393e-08,4.91152447575651e-09,3.91031887765679e-09,3.27423898252023e-09,5.4420021136606e-09,4.14301119509759e-09,5.69171813629686e-09,3.6299360996884e-09,2.96459190350448e-09,3.05525871559211e-09,3.84997069504231e-09,3.4800611531682e-09,4.26320684032145e-09,4.62758977298405e-08,2.67742903563383e-08,3.75436262229061e-08,5.98203822741561e-08,4.74683488946566e-08,9.12860017480817e-08,2.41028902818433e-08,3.31153254839997e-08,1.6640683331136e-08,4.17883066607102e-08,2.01409298038944e-08,2.6783152838234e-08,3.00755348905214e-08,1.4866183276814e-08,9.85230392940092e-09,1.77866014766637e-08,1.22218853542226e-08,1.39079010992466e-08,1.33142983202055e-08,8.57271167686858e-09,1.25450795445426e-08,1.08569806215046e-08,8.53073174148829e-09,9.05620466502491e-09,7.67770935169638e-09,1.12323582672093e-08,5.40911202479329e-09,7.64016300175828e-09,1.22052536862759e-08,7.98572278399425e-09,1.00250128023134e-08,4.82761566704843e-09,4.08750920829615e-09,1.08928912877313e-08,5.59815029438136e-09,1.15270009278848e-08,4.27786117604875e-09,3.67178872713815e-09,2.69649514133066e-09,5.13048891378388e-09,4.14130510292611e-09,5.67888922726522e-09,3.46107951684043e-09,2.41733374323999e-09,2.626802393246e-09,3.79906432976909e-09,3.08061959787536e-09,4.38870368160428e-09
2.57113375523539e-08,1.63616161546428e-07,2.42297466108972e-08,4.66323139364334e-08,1.39588200660944e-07,3.16039237801463e-08,1.74921897299395e-07,2.54005343010712e-08,1.49022222359618e-08,1.50303779904299e-07,1.90544043756907e-08,1.28172618824656e-07,2.24002442049104e-08,1.31915671423e-08,2.35799164314195e-08,1.68311772781431e-08,1.38691540305941e-08,1.49919277690513e-08,1.17755864843725e-08,2.07343364570864e-08,1.47663638705568e-08,1.2372322954252e-08,2.20702613037938e-08,1.33665978045462e-08,1.85638243684589e-08,1.32202584109811e-08,9.45397323199159e-09,1.97595046739127e-08,1.37190145827538e-08,2.05007188887566e-08,1.17976188397365e-08,8.43547777288226e-09,7.28972134345116e-09,1.22422153930265e-08,8.71302871132965e-09,1.23240690715553e-08,7.42691880833348e-09,6.45587496498396e-09,6.38933517444621e-09,7.65855699039666e-09,7.52672849387758e-09,8.38332868519662e-09,5.76370529624042e-09,5.91227416749355e-09,6.14250231416521e-09,6.79347557527493e-09,7.37507331507727e-09,7.84562832905914e-09,2.220838823512e-08,7.49127017842105e-08,1.97383762179159e-08,3.93404648069633e-08,5.00768474312087e-08,2.40195053879108e-08,8.20883623629724e-08,2.08301356685973e-08,1.29884640131317e-08,5.7602544084704e-08,1.611389536226e-08,4.24147424397224e-08,1.90308899904688e-08,1.15842361189469e-08,2.30963980937675e-08,1.41786646855394e-08,1.18511263480703e-08,1.23606539558491e-08,1.03070278429817e-08,2.03001829951358e-08,1.30068447780783e-08,1.05480726673415e-08,2.06989163125912e-08,1.26512297771193e-08,1.81744645202312e-08,1.164507518149e-08,9.04835894689955e-09,1.85314076344639e-08,1.28560035463186e-08,2.11345477945506e-08,1.0392176914956e-08,8.07369790541608e-09,5.29907447601871e-09,1.14724115336445e-08,7.76990359185413e-09,1.09191119898179e-08,6.90227102965832e-09,4.66147040260689e-09,5.77832532530757e-09,6.7376391534511e-09,6.23520797312296e-09,7.89537290273474e-09,4.30827525576412e-09,5.29772216386708e-09,5.54824777986513e-09,5.64518274884133e-09,6.94282134226183e-09,6.87471332326368e-09
1.34685309880334e-08,2.42296862741467e-08,6.96806149927126e-08,1.92211021886475e-08,4.50307550694647e-08,3.75861822528847e-08,2.54005343010712e-08,7.20009288844527e-08,2.62428255475472e-08,4.81615326226407e-08,4.74093602616274e-08,3.13540363324275e-08,6.36753383382139e-08,2.32483485848353e-08,1.10864611977915e-08,4.17833863871944e-08,1.78069971603167e-08,3.29679765670638e-08,2.08064612983426e-08,9.90294551508953e-09,1.70407622200206e-08,1.58974517208688e-08,9.52596795731737e-09,1.37586434186136e-08,8.86646878540471e-09,1.52549930024149e-08,6.26058127868391e-09,8.5289466714719e-09,1.52617818029527e-08,8.26122420312437e-09,1.36109494786909e-08,5.58589241889722e-09,3.92255171404923e-09,1.36168264314812e-08,6.03467942675665e-09,1.38430657039792e-08,4.99276209488776e-09,3.42265804288462e-09,3.31035414361598e-09,5.35942833533018e-09,3.95523247281289e-09,5.64879388552302e-09,3.13940243927304e-09,2.97137159213186e-09,2.74509791754548e-09,3.58993256497532e-09,3.32674750022845e-09,4.0381794512456e-09,1.14186281288172e-08,1.99223239094912e-08,6.15885009049348e-08,1.77015048587875e-08,3.55698089906052e-08,3.189706545541e-08,2.11769755882933e-08,6.34071046959264e-08,2.45355670223314e-08,3.79747046764066e-08,4.2845348912021e-08,2.2831472290404e-08,5.69374255342181e-08,2.18052387363486e-08,1.09933388317344e-08,3.7836264293677e-08,1.67387464429722e-08,2.97980005754492e-08,1.93629161262012e-08,9.75926577555602e-09,1.36805667964122e-08,1.48876596821009e-08,9.04769530057404e-09,1.22070724014229e-08,8.73747038945535e-09,1.22470808415465e-08,5.8750836866515e-09,8.10053414982139e-09,1.33752303763489e-08,8.53647297935496e-09,1.09274851938188e-08,5.24202685902574e-09,3.72545091561199e-09,1.1933886943688e-08,5.4448030707795e-09,1.11437861801149e-08,4.62154662594241e-09,3.26435426297161e-09,2.62499571760909e-09,4.81209601235344e-09,3.75563450649732e-09,5.1671327408018e-09,2.98901874037182e-09,2.3270378099073e-09,2.44923736403279e-09,3.3725506851701e-09,2.76441437903788e-09,3.73803001948369e-09
2.2691106476802e-08,1.49657574499206e-08,2.58968776778397e-08,1.28557740083523e-08,2.137666651428e-08,1.83667834075329e-08,1.49022222359618e-08,2.62428255475472e-08,7.90591060080659e-08,2.11113898418017e-08,4.82205816452408e-08,3.64251517270472e-08,2.32499951142576e-08,7.01089495516669e-08,2.40373496201381e-08,4.27072054510846e-08,5.04696329558864e-08,2.92148730752468e-08,6.22985520673024e-08,2.11836069327537e-08,1.15197268496072e-08,4.46633851347351e-08,1.76680152025047e-08,3.76839072967331e-08,1.89648379261144e-08,1.03133763288545e-08,1.16164801250864e-08,1.58178172155025e-08,9.9962928077251e-09,1.45175279752991e-08,9.20325483381984e-09,1.03641580798761e-08,4.69592282062584e-09,8.92014544222026e-09,1.03020261100489e-08,8.89493472657953e-09,9.40512928901244e-09,4.35115947480384e-09,3.03349249622075e-09,9.3615280651619e-09,4.43115859103834e-09,9.64974180177959e-09,3.66230035081881e-09,2.70601281963269e-09,2.52300781219194e-09,3.855370500658e-09,3.06533404660773e-09,4.17400830685469e-09,2.17014789810655e-08,9.53399004764418e-09,2.29448495985625e-08,1.16695529245299e-08,1.37797863583237e-08,1.49962561786502e-08,1.01966034392662e-08,2.30542636228706e-08,7.47016774070587e-08,1.41293526365386e-08,4.56975340837482e-08,3.00246845209961e-08,2.10340587599903e-08,6.59925405215385e-08,2.30486263219211e-08,4.02564956062879e-08,4.64641851014147e-08,2.74103218207364e-08,5.84099156216006e-08,2.02364358097394e-08,1.06828941294859e-08,4.0975377974706e-08,1.65385759993461e-08,3.38879864095732e-08,1.81164770450529e-08,9.56417250517962e-09,1.08484738701885e-08,1.48064239151944e-08,9.20937312190564e-09,1.40070218373445e-08,8.53473270178808e-09,9.67907031768151e-09,3.95276894502695e-09,8.21819744079405e-09,9.31759355775417e-09,7.80598613352273e-09,8.74404593699356e-09,3.63859991943121e-09,2.75730013200593e-09,8.42839622468838e-09,4.10886764746346e-09,9.46733715242215e-09,3.22882112827501e-09,2.36774772013939e-09,2.23538452180898e-09,3.54881455028391e-09,2.72600093108472e-09,3.63799243537812e-09
2.47136989110677e-08,1.3958652975693e-07,4.50304848627101e-08,3.0788138491896e-08,2.06039752532333e-07,5.51774018099092e-08,1.50303779904299e-07,4.81615326226407e-08,2.11113898418017e-08,2.22895672388181e-07,2.82782454581734e-08,1.65817795438183e-07,4.21679027557913e-08,1.83332707020942e-08,1.60809326700933e-08,2.46795925924797e-08,1.63195780723539e-08,1.94581565033607e-08,1.63519520717374e-08,1.38631413914774e-08,2.41855826931634e-08,1.45532969876295e-08,1.33328103868793e-08,1.35313754254435e-08,1.24167859649991e-08,2.16539408142156e-08,1.11472258656512e-08,1.19417850798658e-08,2.34065840000721e-08,1.27496624426389e-08,1.9324868761538e-08,9.94753248982973e-09,9.03401630358735e-09,2.08877357606053e-08,1.07668894645026e-08,2.05909952972052e-08,8.72810543497262e-09,7.86384537859623e-09,6.61262298402108e-09,9.51086964289973e-09,9.24303879366288e-09,1.02860702372512e-08,6.79206424330422e-09,6.07369539918528e-09,7.24653631057490e-09,8.28315896332297e-09,7.92376554607669e-09,9.76375556704590e-09,2.08279207916772e-08,4.97529810801575e-08,3.42551070127745e-08,2.50990118993187e-08,7.91491575661893e-08,4.03544961670526e-08,5.59172922357794e-08,3.7416223569737e-08,1.61592309704311e-08,9.14311645024328e-08,2.26190027496194e-08,5.68676499679341e-08,3.52674738696582e-08,1.43483987995493e-08,1.47906648681822e-08,1.99365508443016e-08,1.32665226988657e-08,1.58845454859516e-08,1.28443939948211e-08,1.27631871677626e-08,2.05318122331714e-08,1.19165502937187e-08,1.22733415412768e-08,1.16363750269751e-08,1.1430765752231e-08,1.83829847293734e-08,1.00186717825926e-08,1.09923365865872e-08,2.16834537456777e-08,1.25884822369328e-08,1.64064243100117e-08,8.94088322161403e-09,8.017671590366e-09,1.93507016043151e-08,9.12215567100941e-09,1.80118524850851e-08,7.57812722640037e-09,6.84180828572541e-09,5.93462345193153e-09,7.9064792993967e-09,8.88221293234065e-09,1.01250076839192e-08,6.30368511174354e-09,5.37141033278068e-09,6.88447527164526e-09,7.95581277343614e-09,7.63437840382931e-09,9.17224931397936e-09
1.28090454047119e-08,1.8590397479344e-08,4.59310094757624e-08,1.49718287353473e-08,2.72326969109728e-08,2.28728094283854e-08,1.90544043756907e-08,4.74093602616274e-08,4.82205816452408e-08,2.82782454581734e-08,7.57696222312653e-08,4.79131640607483e-08,4.17847619725685e-08,4.27061225828667e-08,1.74179253913616e-08,6.68788578186909e-08,2.90129928576515e-08,4.76338012444556e-08,3.81553598507009e-08,1.55653859214199e-08,9.85134097788283e-09,2.59311168588682e-08,1.29231306615958e-08,2.10064175923803e-08,1.39353759081837e-08,8.81969122664737e-09,1.13837128465218e-08,1.1570121982482e-08,8.53010952321745e-09,1.1000272288024e-08,7.87032718700884e-09,1.01563319249217e-08,4.54704190500502e-09,7.61178876564435e-09,1.03558851436753e-08,7.79952829530562e-09,9.19451674447025e-09,4.06516676592934e-09,3.34771713162371e-09,9.35246677931013e-09,4.49927205495051e-09,9.75914867088925e-09,3.56138100485827e-09,2.97678710363471e-09,2.24337356419879e-09,3.97130576504561e-09,3.00423031879334e-09,4.16603285122893e-09,1.14138028389768e-08,1.36296404393472e-08,4.02508878116671e-08,1.3256966962887e-08,2.00063018586572e-08,1.91096521537815e-08,1.43075205158403e-08,4.13736771114034e-08,4.59896734490475e-08,2.10002657940925e-08,6.96881613846927e-08,4.0713368816648e-08,3.71428255394103e-08,4.06445909583076e-08,1.72032771751737e-08,6.13745594984036e-08,2.78951106107542e-08,4.40126111611757e-08,3.58384820863328e-08,1.53553276850212e-08,8.72093017086617e-09,2.47026917030903e-08,1.23243606049665e-08,1.93831140799743e-08,1.37469069939328e-08,7.80771607224418e-09,1.04684976409597e-08,1.10338078447679e-08,7.65166965459105e-09,1.07345941156787e-08,6.96741253033468e-09,9.33991256634033e-09,4.14327122775976e-09,6.82818697406715e-09,9.11970464277064e-09,6.85370311843212e-09,8.40975989451566e-09,3.75396764712747e-09,2.78904483312567e-09,8.22509704181265e-09,4.08689218352661e-09,8.94122961391173e-09,3.39069300250221e-09,2.45229172894889e-09,1.86729252466009e-09,3.60169340542875e-09,2.63852281424835e-09,3.6317934342153e-09
2.37743157333697e-08,1.19676879564346e-07,3.02411829079309e-08,2.72675459839037e-08,1.54320679833732e-07,3.88752492536184e-08,1.28172618824656e-07,3.13540363324275e-08,3.64251517270472e-08,1.65817795438183e-07,4.79131640607483e-08,1.98213129050945e-07,2.73180547177528e-08,3.19728301294507e-08,1.86456290445192e-08,4.21125175729158e-08,2.10785483724275e-08,2.71057687415258e-08,2.85306767319774e-08,1.61544723222317e-08,1.39797719053835e-08,1.88560146542702e-08,1.45671705988138e-08,1.6259257319016e-08,1.44673344169939e-08,1.25180902070741e-08,1.77004390130611e-08,1.30462247580857e-08,1.42192143263297e-08,1.3642190493147e-08,1.11743229069128e-08,1.57934150742728e-08,9.6366742667177e-09,1.26912735653328e-08,1.5845543125776e-08,1.25058808489081e-08,1.40670081669538e-08,8.51616313446702e-09,6.68920965346578e-09,1.41091015532936e-08,9.46313818496363e-09,1.5401332509424e-08,6.96179006993002e-09,6.03199847317393e-09,7.0173343780616e-09,8.16294557599422e-09,7.70332671159391e-09,9.36251974294021e-09,2.08402043319401e-08,4.19295470751389e-08,2.33077210941733e-08,2.14044055929884e-08,5.42794527741976e-08,2.87349765084222e-08,4.62532430050283e-08,2.49911091491405e-08,3.01847636407843e-08,6.2429347476434e-08,3.96205511024504e-08,8.5870304491336e-08,2.39598432613992e-08,2.6445861360728e-08,1.66155629943936e-08,3.46681119713856e-08,1.77491099262946e-08,2.24663425755686e-08,2.36116720237309e-08,1.44342866315968e-08,1.2381314719445e-08,1.5933501977726e-08,1.2331973679149e-08,1.3801879306068e-08,1.29262194101474e-08,1.10869328042074e-08,1.5215541244155e-08,1.10444170361763e-08,1.28232340259047e-08,1.15836244621307e-08,9.89718341342266e-09,1.35767694126465e-08,8.28414878009317e-09,1.14460776047538e-08,1.27467442477733e-08,1.10334183892162e-08,1.18941088065167e-08,7.22508025814834e-09,5.80997112598004e-09,1.1249219130143e-08,8.90613053841322e-09,1.41716658791445e-08,6.45947451471512e-09,5.10626427917854e-09,6.29488116857467e-09,7.71925547602691e-09,7.18633171110544e-09,8.74175068586978e-09
1.19358912027304e-08,2.13659257893287e-08,6.16854921121725e-08,1.69698191567697e-08,3.9406567070395e-08,3.29862984316198e-08,2.24002442049104e-08,6.36753383382139e-08,2.32499951142576e-08,4.21679027557913e-08,4.17847619725685e-08,2.73180547177528e-08,7.06033060418948e-08,2.38308320471813e-08,1.18892820291958e-08,4.70631068070711e-08,1.83888041945958e-08,3.76773155475409e-08,2.13249516149363e-08,1.06045059566799e-08,1.75446674457234e-08,1.64214673708308e-08,1.03015002183228e-08,1.43159295401302e-08,9.49351849597436e-09,1.57054663738254e-08,6.56718567192509e-09,9.22224678210343e-09,1.60627404102924e-08,9.09606053290748e-09,1.40118710861283e-08,5.85901660801373e-09,4.29665669305804e-09,1.43304971635345e-08,6.35644142092839e-09,1.47235311881862e-08,5.14214753997891e-09,3.56307150454481e-09,3.43415021603829e-09,5.49688430334685e-09,4.18591683409838e-09,5.83445170011035e-09,3.22858385692734e-09,3.07701449215813e-09,2.98384299319013e-09,3.81079173451076e-09,3.4956459699934e-09,4.23663385214662e-09,1.00098414445264e-08,1.77175286333834e-08,5.54994335669417e-08,1.55606469407904e-08,3.27779252200698e-08,2.88023099536726e-08,1.8825099136855e-08,5.69331540421835e-08,2.18065228596159e-08,3.47655628999001e-08,3.78386581051231e-08,1.99838910389191e-08,6.37798256735612e-08,2.22163550785221e-08,1.12814247826808e-08,4.31089307355593e-08,1.73014292114432e-08,3.42381011697843e-08,1.97716889193385e-08,1.01012266920564e-08,1.39963956813938e-08,1.53949200506756e-08,9.05039593143481e-09,1.25912563122363e-08,9.04280977540414e-09,1.2529245467999e-08,6.0273142366333e-09,8.10218508549698e-09,1.40806068130626e-08,9.12980491949589e-09,1.11783147648411e-08,5.3774186640774e-09,3.79392083370774e-09,1.25622688174393e-08,5.54946588328814e-09,1.18340765641506e-08,4.7197617169579e-09,3.10567704128568e-09,2.59977838649786e-09,4.73992553154175e-09,3.68761389047518e-09,5.32426006335075e-09,2.7981452377606e-09,2.31211291770428e-09,2.729910055939e-09,3.3130167570356e-09,2.89970937596171e-09,3.90309185894996e-09
2.02025758567557e-08,1.32507861004803e-08,2.29946495892727e-08,1.14444482676045e-08,1.85778446447239e-08,1.62048519344566e-08,1.31915671423e-08,2.32483485848353e-08,7.01089495516669e-08,1.83332707020942e-08,4.27061225828667e-08,3.19728301294507e-08,2.38308320471813e-08,7.28712045272248e-08,2.46708451991686e-08,4.45008253418623e-08,5.2594954802191e-08,3.0656361302941e-08,6.48231903094396e-08,2.17953080983874e-08,1.19248103581022e-08,4.66291977386431e-08,1.838236265538e-08,3.96504248763274e-08,1.95107716473136e-08,1.06749654025134e-08,1.170202556581e-08,1.64556947567315e-08,1.02992579652665e-08,1.49939013053966e-08,9.524199757198e-09,1.04397896793044e-08,4.75742651737215e-09,9.18893515190064e-09,1.03157800514232e-08,8.98560707700487e-09,9.46238855341812e-09,4.33080664809727e-09,3.06652975371704e-09,9.31453541654014e-09,4.50947545725063e-09,9.69559205391816e-09,3.66074552999962e-09,2.72691224491521e-09,2.65446771444602e-09,3.93573334789967e-09,3.18446477732642e-09,4.30378846792042e-09,1.92290184416289e-08,8.36999623885011e-09,2.10551500043098e-08,1.02722057319218e-08,1.33197866922044e-08,1.39252429921144e-08,8.97290465294092e-09,2.10308012708295e-08,6.59926047551995e-08,1.3524075877648e-08,4.02559860408161e-08,2.6355835907328e-08,2.15185352414335e-08,6.77805851089687e-08,2.36259021872567e-08,4.13903351103429e-08,4.80016072394242e-08,2.86075506826604e-08,6.00899531170733e-08,2.08021962218009e-08,1.10552905127886e-08,4.23975920414845e-08,1.69250153615474e-08,3.54344408120166e-08,1.86215955264836e-08,9.89657867287022e-09,1.03915489638253e-08,1.51510162831933e-08,9.35257283304892e-09,1.42046055121917e-08,8.82973923294623e-09,9.27073871986695e-09,3.98671450052835e-09,8.34442587999922e-09,9.18353827962486e-09,7.87325741197217e-09,8.37632763904145e-09,3.60759060355165e-09,2.89784356401498e-09,8.28000810092077e-09,4.13228865595752e-09,9.38468354399278e-09,3.20279450781641e-09,2.49707976890148e-09,2.23910044538485e-09,3.57610276185497e-09,2.84635246434056e-09,3.79126617305472e-09
1.07930496870243e-08,2.29978099944263e-08,1.09152099065816e-08,2.0032632257061e-08,1.60318040036568e-08,1.06621930746758e-08,2.35799164314195e-08,1.10864611977915e-08,2.40373496201381e-08,1.60809326700933e-08,1.74179253913616e-08,1.86456290445192e-08,1.18892820291958e-08,2.46708451991686e-08,7.05063205295027e-08,1.84716517632593e-08,4.32787259517077e-08,3.28917776479772e-08,2.17966256167109e-08,6.23055676884009e-08,2.16731817016815e-08,3.83063556510987e-08,4.71923300629804e-08,2.75564019230504e-08,5.57736760039818e-08,1.94016020068967e-08,9.82599353266132e-09,4.22452660832906e-08,1.76525828127115e-08,3.7916739450136e-08,1.73100959427951e-08,8.7665699480737e-09,8.9429149981661e-09,1.57496268883426e-08,8.37818815963449e-09,1.48785027217739e-08,7.789182525013e-09,8.10310824309151e-09,3.97708480304727e-09,7.5098825668862e-09,8.75524082153422e-09,7.78506039228901e-09,7.28292318829093e-09,3.6050784908644e-09,2.78179018705557e-09,7.95877685689051e-09,3.81449903828888e-09,7.76161507877926e-09,9.02639823494704e-09,1.77223283519013e-08,9.76279315163673e-09,1.88808932836773e-08,8.14671117011191e-09,8.56790677229756e-09,1.80969054131558e-08,9.93544765504225e-09,2.17097564601677e-08,8.13867243897554e-09,1.62022668871185e-08,1.06767924505795e-08,1.06546419958711e-08,2.219635220173e-08,6.38375521090017e-08,1.69242367479828e-08,3.86338525382699e-08,2.94238769505e-08,1.95670841623868e-08,5.67163367973876e-08,1.89546498269146e-08,3.41797468694781e-08,4.40798161809772e-08,2.51596102105884e-08,5.07701984799382e-08,1.69680641508698e-08,8.58398332830928e-09,3.94588650829495e-08,1.54205552537959e-08,3.49553527038207e-08,1.51390297110264e-08,7.65861306792097e-09,7.60831257938493e-09,1.37584892321172e-08,7.73963576432385e-09,1.31755105863503e-08,6.71556411533322e-09,6.92898563589829e-09,3.87918370409879e-09,6.85926467111037e-09,7.62252066862611e-09,7.50866042663738e-09,6.29597818412718e-09,3.50248616006564e-09,2.43151156286165e-09,6.86079801093757e-09,3.62718907217574e-09,6.64241807714214e-09
1.13325580037504e-08,1.64548513237642e-08,4.05992958174069e-08,1.31642274364369e-08,2.38354268189871e-08,2.00547419383289e-08,1.68311772781431e-08,4.17833863871944e-08,4.27072054510846e-08,2.46795925924797e-08,6.68788578186909e-08,4.21125175729158e-08,4.70631068070711e-08,4.45008253418623e-08,1.84716517632593e-08,7.44656196682864e-08,3.0341786972326e-08,5.35679977146608e-08,3.97524376474143e-08,1.64949846667048e-08,1.05576856907818e-08,2.71142750206688e-08,1.40247423136469e-08,2.21958957404272e-08,1.47657071263367e-08,9.45084684074611e-09,1.2073645581975e-08,1.25544954749793e-08,9.31504090226365e-09,1.19850736540309e-08,8.43158777833448e-09,1.07710660145329e-08,4.89983467499195e-09,8.31038925916986e-09,1.08375924988809e-08,8.3746238369508e-09,9.61972807884581e-09,4.19026642308889e-09,3.60816319466474e-09,9.64373481649969e-09,4.79061307556756e-09,1.02245961682315e-08,3.66468780741625e-09,3.19754411742292e-09,2.59872972834691e-09,4.24899007570256e-09,3.31310170643006e-09,4.48222446809641e-09,9.96006096011078e-09,1.20442827275874e-08,3.63691550266419e-08,1.1492363456288e-08,1.85813860566403e-08,1.72219427983367e-08,1.2637889054555e-08,3.71372948654446e-08,4.06454891476368e-08,1.93299994100956e-08,6.13757081153048e-08,3.57505719367003e-08,4.26447925557661e-08,4.21495651401289e-08,1.80122798651782e-08,6.87619324694789e-08,2.92874353719057e-08,5.01623522700098e-08,3.72772385991333e-08,1.61886997323752e-08,9.09094753849254e-09,2.59662689129158e-08,1.23009887677577e-08,2.01551089343902e-08,1.44914413524831e-08,8.13789856163935e-09,1.0920375927034e-08,1.10114326311469e-08,8.46473310323274e-09,1.15045349893858e-08,7.26028153736438e-09,9.74224865645276e-09,4.29460176690938e-09,7.55184515385716e-09,9.61696762875100e-09,7.30506140165578e-09,8.70364618327025e-09,3.69531549087252e-09,2.89480749290257e-09,8.55817144083961e-09,4.08982700211528e-09,9.35627906935739e-09,3.31879835161023e-09,2.54898847627194e-09,2.17010375549733e-09,3.6001435395407e-09,2.81466013512917e-09,3.87814344150043e-09
1.97260897493013e-08,1.38520152424339e-08,1.77811100670816e-08,1.14387895481502e-08,1.616984294053e-08,1.29133631618671e-08,1.38691540305941e-08,1.78069971603167e-08,5.04696329558864e-08,1.63195780723539e-08,2.90129928576515e-08,2.10785483724275e-08,1.83888041945958e-08,5.2594954802191e-08,4.32787259517077e-08,3.0341786972326e-08,7.89218132170012e-08,4.94102841950099e-08,4.66295718825179e-08,3.83053147134526e-08,1.85200611378919e-08,7.00206701206978e-08,2.74575133232006e-08,5.2882446762665e-08,3.42897341563042e-08,1.65787926912819e-08,9.15480287942138e-09,2.45794715376199e-08,1.52711444176915e-08,2.15631496653643e-08,1.47913157781398e-08,8.16756662558729e-09,9.35188675750802e-09,1.36246413026929e-08,7.83509986438029e-09,1.28743823076472e-08,7.22864543946941e-09,8.57070063298563e-09,3.50517457650431e-09,6.92885485899926e-09,8.93814506973781e-09,6.95937485605164e-09,7.59990866762281e-09,3.2072437977508e-09,2.7114989049258e-09,8.0661528884293e-09,3.40781804644371e-09,7.75966963471619e-09,1.77315972672708e-08,9.36523386189536e-09,1.64165788574674e-08,1.05086791413018e-08,1.00345495828676e-08,1.04774270201404e-08,9.77507451123203e-09,1.67650856618437e-08,4.66627397268172e-08,1.05142781085935e-08,2.75623840438892e-08,1.59421082977334e-08,1.72178527755109e-08,4.83268908771709e-08,4.10783496298236e-08,2.84049266212828e-08,7.08800427459078e-08,4.5439447997475e-08,4.28758566632414e-08,3.6345990240706e-08,1.76645449081404e-08,6.28141262741548e-08,2.65452155363882e-08,4.78915466746069e-08,3.25356066562474e-08,1.58129251150371e-08,8.25871348808789e-09,2.37626348457206e-08,1.46065461573541e-08,2.06930744506138e-08,1.41080036116306e-08,7.36819438766788e-09,8.13603316886451e-09,1.30317877654904e-08,7.19698598408732e-09,1.21262189355989e-08,6.31297470207914e-09,7.41082385345595e-09,3.28577291446299e-09,6.26739517178262e-09,8.14539426480468e-09,7.07934519984067e-09,6.67650785368135e-09,2.97084013525113e-09,2.31723404923627e-09,7.29442713079967e-09,3.06208650558026e-09,6.75521184660893e-09
1.02307326989841e-08,1.43434453902356e-08,3.21803266578991e-08,1.20362540035215e-08,1.85712314659098e-08,1.54485849839675e-08,1.49919277690513e-08,3.29679765670638e-08,2.92148730752468e-08,1.94581565033607e-08,4.76338012444556e-08,2.71057687415258e-08,3.76773155475409e-08,3.0656361302941e-08,3.28917776479772e-08,5.35679977146608e-08,4.94102841950099e-08,7.88348362818076e-08,2.73676642312503e-08,2.93024029063305e-08,1.55402711064674e-08,4.41180003098769e-08,2.08091698633305e-08,3.17769962648361e-08,2.62301935423087e-08,1.39110183932284e-08,8.1199357727481e-09,1.86276076679213e-08,1.249796888561e-08,1.66450367293215e-08,1.24106513414555e-08,7.24404934360339e-09,9.38394860453166e-09,1.11500152700133e-08,6.85631141634683e-09,1.03061941436733e-08,6.35442313456893e-09,8.26588726539243e-09,3.57440488803666e-09,6.02805763570679e-09,8.98877493822927e-09,6.52928634211937e-09,7.46112517643415e-09,3.27554349871512e-09,2.0335853223663e-09,8.18375796065007e-09,3.05970794293147e-09,7.77273514203144e-09,8.70351151191974e-09,1.08181415376155e-08,2.89829101048015e-08,1.12711337134849e-08,1.35404156044325e-08,1.28514796420574e-08,1.14565435538216e-08,2.94946704076187e-08,2.77027795864628e-08,1.4317693505483e-08,4.34656620447919e-08,2.24643886608922e-08,3.45933429614727e-08,2.91636561243591e-08,3.15363864492717e-08,4.91996664671972e-08,4.61881041813776e-08,7.28335764861009e-08,2.59870042707304e-08,2.82790354919939e-08,1.42775418961756e-08,4.11950932966157e-08,1.95662046025855e-08,2.94715776671066e-08,2.5314013469644e-08,1.27806771590646e-08,7.11206707757601e-09,1.75148895578951e-08,1.15923307292359e-08,1.59426991286897e-08,1.14022382853888e-08,6.34494634168353e-09,8.46073764226844e-09,1.03421147939003e-08,6.59206923971074e-09,9.70692921860618e-09,5.64396474042525e-09,7.50855094860642e-09,3.04384197340823e-09,5.73716338791228e-09,8.2097479165368e-09,6.41269049105161e-09,6.8329532660293e-09,2.80432936341586e-09,1.57312906566326e-09,7.46458300358493e-09,2.58480750742145e-09,6.65347880052492e-09
1.79968822727925e-08,1.18091146804441e-08,2.05526779731144e-08,1.01702378837139e-08,1.65261330805188e-08,1.44833686782338e-08,1.17755864843725e-08,2.08064612983426e-08,6.22985520673024e-08,1.63519520717374e-08,3.81553598507009e-08,2.85306767319774e-08,2.13249516149363e-08,6.48231903094396e-08,2.17966256167109e-08,3.97524376474143e-08,4.66295718825179e-08,2.73676642312503e-08,6.89989967127502e-08,2.26400158032646e-08,1.24204737830577e-08,4.97114956426278e-08,1.95569213526198e-08,4.2837634888649e-08,2.0265788455491e-08,1.11179557643296e-08,1.2367223695127e-08,1.75060138834229e-08,1.08746465231928e-08,1.59035677768427e-08,9.91827648406686e-09,1.10327425786416e-08,5.12264027890514e-09,9.70122144482432e-09,1.12385003509938e-08,9.69459116150576e-09,9.96609363727774e-09,4.65367076653321e-09,3.33294441605065e-09,1.01123445074253e-08,4.82209686310726e-09,1.02795195947677e-08,3.96756125766755e-09,2.96605430246845e-09,2.73623086208235e-09,4.20817734782178e-09,3.34488112598064e-09,4.44050538653066e-09,1.68406871352586e-08,7.19722111610469e-09,1.8822410092602e-08,9.17072998712132e-09,1.17369998010175e-08,1.24994764619721e-08,7.7562330393787e-09,1.8826914772685e-08,5.84109846299446e-08,1.19762012390827e-08,3.60626200934038e-08,2.37607221415485e-08,1.92958952121357e-08,6.00906706303372e-08,2.08023616752449e-08,3.70841777880509e-08,4.23986331808191e-08,2.55754942259927e-08,6.26310032322305e-08,2.15100942283937e-08,1.1652443509443e-08,4.53681336402113e-08,1.78109415274198e-08,3.87206102144742e-08,1.92543602035583e-08,1.0430467770163e-08,1.08206507839829e-08,1.5943132563351e-08,1.0140694264609e-08,1.50782706205227e-08,9.30497165086198e-09,9.65305209770716e-09,4.25998024787357e-09,9.04646605803858e-09,9.6094079341825e-09,8.38381665133299e-09,8.71529215106327e-09,3.87638538411755e-09,3.22848207395075e-09,8.61184995370862e-09,4.41658647278436e-09,9.69072624193198e-09,3.4482495972092e-09,2.8086776052042e-09,2.40599172046545e-09,3.83183499774105e-09,3.05720814330145e-09,3.9624426708966e-09
