6.44605330909383e-08,3.2588502032604e-08,1.66958616137933e-08,5.05489265431561e-08,3.05860078403596e-08,4.59940994093322e-08,2.79915857356064e-08,1.37194842052105e-08,1.36962213135845e-08,2.59651261178221e-08,1.48717796214233e-08,2.56579426469702e-08,1.15469439557174e-08,1.15895866670835e-08,1.00635654496141e-08,1.25037657806674e-08,1.39654096611377e-08,1.380475911926e-08,1.00635091751069e-08,8.62282032060016e-09,5.58599507478795e-09,1.20088648436992e-08,8.07889166271829e-09,1.14940456653831e-08,7.40357600900287e-09,4.79491526485867e-09,3.89777177570703e-09,6.93755518102017e-09,5.10595192181519e-09,7.02758452704891e-09,4.21327604641717e-09,3.42347549544791e-09,2.87776800712885e-09,4.48637551746338e-09,3.87750267873575e-09,5.34399869513032e-09,2.72909314667023e-09,2.35232029935848e-09,3.03071778526462e-09,3.11230164646199e-09,3.67378758939554e-09,4.4650294391182e-09,2.14957035650725e-09,2.74591916152301e-09,2.03829845370263e-09,3.15167463170455e-09,2.75942883497004e-09,3.24839344688196e-09,4.5794973474034e-08,2.21479311693441e-08,1.18145201987844e-08,3.86852562686336e-08,1.89917278502971e-08,3.33222156886755e-08,1.93440429962268e-08,9.34487286362536e-09,7.00834732895805e-09,1.57867844249046e-08,1.06913655312699e-08,1.76648741908173e-08,7.64738042724073e-09,5.69780828505509e-09,6.3690522809981e-09,8.65283483318228e-09,7.94542226046418e-09,8.56805809742944e-09,5.07372328620944e-09,5.45085229964982e-09,3.07041291588271e-09,6.96013095357488e-09,5.85890992960809e-09,7.38808432885352e-09,4.68417784490673e-09,2.63468204919716e-09,2.68916286568296e-09,5.03286730712074e-09,2.80551091163184e-09,4.32086005961949e-09,2.31540701438509e-09,2.36398021135255e-09,2.12849123444608e-09,2.4669835280167e-09,2.43590055506924e-09,2.77936920299272e-09,1.88846712879846e-09,1.7230301234149e-09,1.99444067445051e-09,2.04616774377552e-09,2.16533042310503e-09,2.70892160513221e-09,1.82223509986329e-09,1.71126705917013e-09,1.49418095212086e-09,2.12291271589438e-09,2.00590157472778e-09,2.49459851642492e-09
3.2588502032604e-08,1.18846064017212e-07,3.86869490885875e-08,6.37333603211967e-08,9.63383906362926e-08,4.86878110687346e-08,9.98269477379858e-08,3.14546250346521e-08,1.96068188561112e-08,8.02472921514624e-08,2.96381934546442e-08,7.43041254145012e-08,2.65051161812203e-08,1.66673663132692e-08,2.06540513261249e-08,2.49731890968248e-08,1.91903876061509e-08,2.55128336901871e-08,1.42793947911434e-08,1.74005035194156e-08,1.00221385501852e-08,1.63295306558866e-08,1.77875348079358e-08,1.53554619614123e-08,1.49370228867096e-08,8.60210789447579e-09,6.15922287839024e-09,1.52698763487895e-08,9.04587973188052e-09,1.53901015257729e-08,7.55695968667213e-09,5.40976445578262e-09,5.2959919131379e-09,7.94665391725638e-09,6.38289393082044e-09,8.83004292682979e-09,4.36245344623796e-09,4.58577395872546e-09,3.90183752109913e-09,5.19966894485496e-09,4.90238863888979e-09,5.82095950134185e-09,4.05398128525372e-09,3.5086643734302e-09,3.09336998969236e-09,4.6904282289739e-09,3.75753193582342e-09,5.16819770088373e-09,2.34254745618421e-08,7.18474007038322e-08,2.70079807151402e-08,4.75515661622105e-08,5.58493155704365e-08,3.57361368580115e-08,6.07589477082237e-08,2.19117778157496e-08,9.57080118233537e-09,4.69129380374488e-08,2.17039177415753e-08,4.5371224421741e-08,1.88448822217164e-08,8.11023649100413e-09,1.12716933505493e-08,1.87042196497191e-08,1.07099426508853e-08,1.74265972546068e-08,7.18823254746676e-09,9.83416921140003e-09,7.14513652644234e-09,9.42531635121822e-09,1.11002584996005e-08,1.01963347499819e-08,8.44908602067427e-09,6.13043853085503e-09,4.47711747408754e-09,9.53299545935949e-09,6.46290741863921e-09,9.42109719303385e-09,5.3840291364576e-09,3.93528373351883e-09,3.61061131836306e-09,5.67839331729095e-09,4.20435031587708e-09,5.94321221694151e-09,2.94936298061415e-09,3.2302788871676e-09,2.04122779653305e-09,3.47134581636197e-09,2.56869569501864e-09,3.24652295749929e-09,3.0563807790562e-09,2.08334874789018e-09,2.01228300785479e-09,2.50460732177077e-09,2.5443264305579e-09,3.46386031368728e-09
1.66958616137933e-08,3.86869490885875e-08,8.7274295554633e-08,3.13273809707203e-08,7.42783379107076e-08,6.3654448502362e-08,3.14752059262656e-08,6.86389981364814e-08,3.07488250044052e-08,5.78973358793461e-08,5.43005016121842e-08,4.53869383222905e-08,5.8177705108495e-08,2.60572588514341e-08,1.56802384037692e-08,4.5712418924555e-08,2.591914174645e-08,4.3229945610018e-08,2.23149820876753e-08,1.29378098183643e-08,1.14554805753038e-08,2.19899161015508e-08,1.26595520560037e-08,1.99187674335935e-08,1.11138971472125e-08,9.83390150395627e-09,6.04371853130461e-09,1.08764554028772e-08,1.02241510728179e-08,1.12063070485604e-08,8.64274006421949e-09,5.31189929559193e-09,4.97614226673034e-09,8.98570746663264e-09,6.23292549433318e-09,1.03001599463468e-08,4.66348576912627e-09,4.26815064587852e-09,3.18218463604583e-09,5.36468990660192e-09,3.98952963677777e-09,5.47542590828752e-09,4.14294630373995e-09,3.22410133789051e-09,3.18108585047958e-09,4.3299875642443e-09,3.95020005338726e-09,5.30625092319246e-09,1.06216693609038e-08,2.18977872175762e-08,5.40412797137162e-08,1.97179274891046e-08,4.25383376199375e-08,3.92646169025669e-08,1.86704270098362e-08,4.24200174472807e-08,1.82549184454648e-08,3.3210726770987e-08,3.6960422490358e-08,2.97501934391763e-08,3.66066630715508e-08,1.56514035499544e-08,8.21412984607679e-09,3.15749126277799e-08,1.54189547510938e-08,2.73801154950725e-08,1.36251469436395e-08,7.17864401765249e-09,6.68984053283348e-09,1.35478665754226e-08,8.15746894059027e-09,1.33282204813768e-08,6.17708407461215e-09,5.74054981290472e-09,3.29796870529032e-09,7.0136773656092e-09,5.27039026040523e-09,6.97537582350295e-09,5.04531146098468e-09,2.90490679796165e-09,3.01997048160776e-09,4.63694854470399e-09,3.74229220303332e-09,5.65406729592892e-09,2.48347159678648e-09,2.70936831069815e-09,2.26525399489095e-09,3.24313260654526e-09,2.03873565058628e-09,3.0396551147462e-09,2.4836414058266e-09,2.16274586920109e-09,2.42771102951802e-09,2.04083625627084e-09,3.05481159826081e-09,3.43088074635302e-09
5.05489265431561e-08,6.37333603211967e-08,3.13273809707203e-08,8.87960559396972e-08,4.80054797544426e-08,6.83057226692939e-08,5.41567170696625e-08,2.54793732537588e-08,1.73856584910133e-08,4.02845714850782e-08,2.49689492959945e-08,3.75755513823789e-08,2.14269304194686e-08,1.51087962962784e-08,1.85549150900656e-08,2.12200602130887e-08,1.70082076880862e-08,2.18605398661189e-08,1.29850858988305e-08,1.58111038690929e-08,8.95743817930177e-09,1.4481370733847e-08,1.62726518358449e-08,1.40110601920478e-08,1.35725529150942e-08,7.68830146506637e-09,5.41849301827079e-09,1.39692387771796e-08,7.87191075701857e-09,1.37565084155795e-08,6.75426797925128e-09,4.75933447403025e-09,4.04688816743913e-09,6.91574441815742e-09,5.44639383162559e-09,7.76004850304887e-09,3.75982391069896e-09,3.45025248105243e-09,3.76486226180502e-09,4.42964648986715e-09,4.65179104961126e-09,5.9527042567857e-09,3.13246929002423e-09,3.5200362237163e-09,2.8716807736517e-09,4.19294400432548e-09,3.59599399636236e-09,4.39611115389957e-09,3.61647043074165e-08,4.2851125705225e-08,2.14164372638671e-08,6.46178824525031e-08,3.14329020646871e-08,4.83001367563662e-08,3.6487647765744e-08,1.70061053824644e-08,8.78021894835031e-09,2.58082683684561e-08,1.75959538125373e-08,2.58579143302914e-08,1.43903346603753e-08,7.36335304281797e-09,1.06593277629617e-08,1.48044514360789e-08,9.36898797005285e-09,1.44284282960374e-08,6.60244317240546e-09,9.36663428555444e-09,6.39549064153372e-09,8.27383631841732e-09,1.03104306245651e-08,9.24343861466057e-09,8.0466976645913e-09,5.48726017929615e-09,4.21592969945351e-09,8.85436179041286e-09,5.5608547949606e-09,8.83537903527351e-09,4.81920280287583e-09,3.70534726742332e-09,2.8314007560211e-09,4.886252112039e-09,3.95166768649499e-09,5.14579005172371e-09,2.79185537514402e-09,2.42179142080177e-09,2.49423653471635e-09,3.20409749169114e-09,2.78809826999928e-09,3.77429900705361e-09,2.26760516658875e-09,2.25727271550745e-09,2.45265652810438e-09,2.63647013518261e-09,2.73985333169553e-09,3.32007631775192e-09
3.05860078403596e-08,9.63383906362926e-08,7.42783379107076e-08,4.80054797544426e-08,1.51163911439815e-07,8.83929003093747e-08,8.02626525330415e-08,5.788207998784e-08,3.03125234054899e-08,1.20361539737413e-07,4.54092700895419e-08,1.00704465643249e-07,4.90264885532657e-08,2.5520583697829e-08,1.84553941167168e-08,3.81387518443809e-08,2.67611786357023e-08,3.66185319268738e-08,2.16818169688856e-08,1.52579651230988e-08,1.4983603018694e-08,2.25915983421333e-08,1.49365020489152e-08,2.06252777855198e-08,1.31070951670616e-08,1.28616742009383e-08,7.5500557781043e-09,1.28328252901201e-08,1.35354167874256e-08,1.27782498561368e-08,1.13015703551995e-08,6.6351295615371e-09,6.53325000954944e-09,1.18933004857973e-08,7.8727372893311e-09,1.31430543487199e-08,5.76095698181666e-09,5.85687803566506e-09,4.87564972924128e-09,6.72116151524961e-09,5.93038382974077e-09,7.42824733313831e-09,5.29026706924783e-09,4.40333207700767e-09,3.80604877352617e-09,5.93804872437337e-09,5.02935578426589e-09,6.82501574498911e-09,2.05947266545576e-08,5.79232184439749e-08,4.8433193172621e-08,3.54641587024775e-08,8.2624362934356e-08,5.75998551083468e-08,4.86361349140139e-08,3.98295206856716e-08,1.588092657098e-08,6.93434000592825e-08,3.35590934517146e-08,6.17969731447329e-08,3.41266968554896e-08,1.34674967803039e-08,1.0202678751119e-08,2.87450215151405e-08,1.54325497151659e-08,2.41544784157177e-08,1.16399068275881e-08,8.88522818974812e-09,9.18306291130521e-09,1.34795384057849e-08,1.03356337519032e-08,1.36400931902957e-08,7.64458566816895e-09,7.87958047946489e-09,4.91387441097477e-09,8.88512402213436e-09,8.17960907516611e-09,8.29347669727689e-09,6.92329696628739e-09,4.32443576868878e-09,3.64646802690333e-09,7.19115145026216e-09,4.76890353746886e-09,7.44801558189381e-09,3.68990135514804e-09,3.31379878964055e-09,2.67133682461896e-09,3.99944799483748e-09,2.51562008084532e-09,3.89277630281475e-09,3.04406120592692e-09,2.59810724313961e-09,2.33871300256688e-09,2.40916160622206e-09,3.55377881365763e-09,4.02515402929668e-09
4.59940994093322e-08,4.86878110687346e-08,6.3654448502362e-08,6.83057226692939e-08,8.83929003093747e-08,1.13071615903635e-07,4.05111553061928e-08,4.94139922331267e-08,2.67192159848254e-08,6.93935814363706e-08,3.86905791017762e-08,5.56820715230004e-08,4.17478173064961e-08,2.27219156444257e-08,1.54939821085827e-08,3.26192792813869e-08,2.3146762232238e-08,3.08652182972996e-08,1.91658490465892e-08,1.28290262186725e-08,1.36738997032799e-08,1.93269634033232e-08,1.32983915763009e-08,1.86686501789061e-08,1.10225570363024e-08,1.17377425050184e-08,6.86542827934189e-09,1.1426559209884e-08,1.18699727571971e-08,1.12782656221349e-08,1.03146702078881e-08,6.03395052068507e-09,5.06942511434324e-09,1.043143530006e-08,7.04422569324398e-09,1.17617967451677e-08,5.15901407535351e-09,4.50735279277521e-09,4.21780243517948e-09,6.08918394822686e-09,5.39062205078152e-09,7.43760244037875e-09,4.29557411241677e-09,4.08450154053005e-09,3.42073925880534e-09,5.35631811631617e-09,4.76231526168934e-09,6.09792008781276e-09,3.21770220112027e-08,3.08954475667462e-08,3.92627597731906e-08,4.93893982302069e-08,5.09187379441111e-08,7.37086584396401e-08,2.61757968909477e-08,3.17921986106429e-08,1.44809828970228e-08,4.17735203231373e-08,2.70143988776085e-08,3.72842494529199e-08,2.7145644872514e-08,1.22187792298261e-08,8.4310886446122e-09,2.3006778525642e-08,1.3426481796279e-08,1.91832128719328e-08,1.06595830740521e-08,7.25122659843484e-09,8.29771286219336e-09,1.16499930289894e-08,8.50232681010724e-09,1.18741709299748e-08,6.24171258637847e-09,7.12000756473082e-09,4.64775257498972e-09,7.31148868131113e-09,7.10276258872385e-09,6.99920121491723e-09,6.25643486869128e-09,4.09022448344953e-09,3.14728052414132e-09,6.24577363411257e-09,4.77367921259741e-09,7.1506906519355e-09,3.46966981735328e-09,2.81672942968378e-09,2.92241532702771e-09,4.06834198249019e-09,3.11712270901007e-09,4.70214113452185e-09,2.51754266031188e-09,2.74442799966465e-09,2.87187770594746e-09,2.88964515999028e-09,3.77570255197443e-09,4.32202508087115e-09
2.79915857356064e-08,9.98269477379858e-08,3.14752059262656e-08,5.41567170696625e-08,8.02626525330415e-08,4.05111553061928e-08,1.24633020725649e-07,3.70133955991974e-08,2.28271131735669e-08,1.03060672375545e-07,3.62468258112708e-08,9.9206064504516e-08,3.0412105858641e-08,1.90580417179093e-08,2.17947598500458e-08,2.9812099345911e-08,2.17026769007226e-08,3.03106717686027e-08,1.52180673532209e-08,1.83475330011552e-08,1.10073340181964e-08,1.74439316282605e-08,1.90074442936983e-08,1.67766416342101e-08,1.57480372343288e-08,9.44655551261061e-09,6.87501752198293e-09,1.631485875584e-08,9.58716431881353e-09,1.65297861518785e-08,8.29607031002426e-09,6.03659743947178e-09,5.78421561065708e-09,8.4198254843891e-09,7.01457629558619e-09,9.21277006159704e-09,5.0152348008458e-09,4.95252439258374e-09,4.38400855533994e-09,5.76780022972661e-09,5.62990676114332e-09,6.74045175252489e-09,4.30014407806311e-09,3.80458106202199e-09,3.33093937000918e-09,4.96742881797702e-09,4.07688436551552e-09,5.35704399874805e-09,2.04646370567344e-08,6.07550048289097e-08,2.1918656600203e-08,4.12231443961359e-08,4.69082120928842e-08,3.05156326221065e-08,7.93627515953824e-08,2.62471130876211e-08,1.1763930469664e-08,6.87220094804137e-08,2.58609241068244e-08,6.74785987182253e-08,2.23942984912435e-08,1.04160119507101e-08,1.24799755681296e-08,2.24967962569657e-08,1.23335600428523e-08,2.08331622671343e-08,8.23702338801361e-09,1.09599599885144e-08,7.97681363533842e-09,1.03444624674314e-08,1.25378740805061e-08,1.15071179411069e-08,9.41317064192621e-09,6.84365272669121e-09,4.89892524990731e-09,1.07648028949131e-08,7.14638455695793e-09,1.04414694399777e-08,6.00865650056212e-09,4.30419395155028e-09,3.97377980198334e-09,6.27661478438175e-09,4.59394381144759e-09,6.37375618269076e-09,3.29337550849818e-09,3.64512931785678e-09,2.64326247510477e-09,3.82061126776515e-09,3.65937966921724e-09,4.1231986026851e-09,3.57880451911911e-09,2.42020418405557e-09,1.96867944691398e-09,3.39786278920256e-09,2.6298813911712e-09,3.99867135385152e-09
1.37194842052105e-08,3.14546250346521e-08,6.86389981364814e-08,2.54793732537588e-08,5.788207998784e-08,4.94139922331267e-08,3.70133955991974e-08,7.59197857422212e-08,3.31213033397601e-08,6.56574706539931e-08,5.98065137348914e-08,5.21707093106658e-08,6.33257383312924e-08,2.75404860238813e-08,1.60368056693393e-08,4.96570247626001e-08,2.71272166799092e-08,4.64711115841357e-08,2.34047371707726e-08,1.32966321794482e-08,1.25794577147022e-08,2.29002014419253e-08,1.31901515827331e-08,2.08981411800888e-08,1.14135639354899e-08,1.07941651090453e-08,6.50021117070821e-09,1.13228449067388e-08,1.13280773955664e-08,1.16387362605886e-08,9.47577729279286e-09,5.7065160782192e-09,5.23771346268913e-09,9.94438366761048e-09,6.61072533759649e-09,1.12908654959065e-08,5.02380533105763e-09,4.50087394965317e-09,3.6892193910312e-09,5.70666007143852e-09,4.53804580151767e-09,6.11608801669448e-09,3.96464826754391e-09,3.41756208780561e-09,3.07060088495036e-09,4.01171662065239e-09,4.0126654454713e-09,4.8667201980316e-09,8.75918276890162e-09,1.86512344026359e-08,4.24149746821782e-08,1.72552288998132e-08,3.31889761154388e-08,3.13714289025239e-08,2.42541641622795e-08,4.71888300740814e-08,1.96444430036824e-08,3.99937925796739e-08,4.11744478173549e-08,3.65211951347867e-08,4.06207688989122e-08,1.66870350281775e-08,8.33349570533955e-09,3.46372302808923e-08,1.60418201022541e-08,2.99653949607675e-08,1.43087086505042e-08,7.22395688517413e-09,7.34490634875501e-09,1.39364491796917e-08,8.49681781131531e-09,1.39881143622667e-08,6.2061939869689e-09,6.30135838512978e-09,3.77424489339864e-09,7.2965206915489e-09,6.3820986703338e-09,7.24195941292768e-09,5.53176838850092e-09,3.31632496603306e-09,3.34246451218807e-09,5.60455861174054e-09,4.26755979855776e-09,6.24186144267258e-09,2.81176552129528e-09,3.03011343382296e-09,2.74606114950865e-09,3.73890685471241e-09,2.75327642781092e-09,3.61740065283085e-09,2.79061633508161e-09,2.42675111002174e-09,2.10272371903196e-09,2.42725565423406e-09,3.20940938208859e-09,3.51542667064777e-09
1.36962213135845e-08,1.96068188561112e-08,3.07488250044052e-08,1.73856584910133e-08,3.03125234054899e-08,2.67192159848254e-08,2.28271131735669e-08,3.31213033397601e-08,8.33339494461429e-08,3.40633025133009e-08,6.58819428985102e-08,6.27737630842502e-08,2.75465407770381e-08,6.9055617828116e-08,3.24062928456697e-08,5.44496777929536e-08,5.79905084813421e-08,4.53661566043046e-08,5.87338744957282e-08,2.75925214467881e-08,1.28816166016398e-08,4.92520497850666e-08,2.36522744898734e-08,4.32474629402372e-08,2.36781365202606e-08,1.10542579711749e-08,9.58655554292657e-09,2.02990547254821e-08,1.08905479543069e-08,1.92866944572516e-08,9.70603707293746e-09,8.41466269477317e-09,5.92580772127144e-09,9.5628966720216e-09,9.42062215895475e-09,1.05910482592548e-08,7.35157339962903e-09,5.13533960794287e-09,3.79744740389135e-09,8.10900354545797e-09,5.44946037611924e-09,8.41785692583933e-09,4.73238801496233e-09,3.38536706422163e-09,2.66520700247946e-09,4.85384656647694e-09,3.38980216967961e-09,5.10611813132731e-09,7.28179017034185e-09,1.20966319919076e-08,1.9844140948537e-08,1.11590246783006e-08,1.89364235786921e-08,1.85368750929814e-08,1.60831093264866e-08,2.13391959167028e-08,4.53901795470325e-08,2.36824683514077e-08,4.20574921399036e-08,4.09974619324794e-08,1.82350284872446e-08,3.80756414673882e-08,1.89316457225566e-08,3.45190250942134e-08,3.37494779704396e-08,2.93767498381159e-08,3.2088793900699e-08,1.62221300457439e-08,8.43016367293467e-09,2.87495610063025e-08,1.5842414972254e-08,2.6978328638747e-08,1.39269026330919e-08,7.2325221321498e-09,5.31550452464078e-09,1.35993333468346e-08,6.44532303194988e-09,1.17950599706922e-08,6.34968904539859e-09,4.66952620077927e-09,3.87718152520503e-09,5.66174737733471e-09,5.47425400787787e-09,5.99363246248182e-09,3.95661387870268e-09,3.58526812883411e-09,3.09274656940588e-09,4.80851072203415e-09,3.47239025004432e-09,4.74868483006249e-09,3.46565199659586e-09,2.60362167601063e-09,1.88318984267948e-09,3.00118082276563e-09,2.61717247614342e-09,3.36853978825065e-09
2.59651261178221e-08,8.02472921514624e-08,5.78973358793461e-08,4.02845714850782e-08,1.20361539737413e-07,6.93935814363706e-08,1.03060672375545e-07,6.56574706539931e-08,3.40633025133009e-08,1.47685611232179e-07,5.30780220013001e-08,1.28268419581308e-07,5.45464866616597e-08,2.81918690876287e-08,1.91591135317589e-08,4.3866191752164e-08,2.94549099042863e-08,4.21092934831245e-08,2.29450550836691e-08,1.58683447384714e-08,1.61062836107065e-08,2.39982875364106e-08,1.58304195871386e-08,2.2323635650542e-08,1.36238678045777e-08,1.38214553292275e-08,8.39053239980743e-09,1.35922880559093e-08,1.45123842548256e-08,1.35099320742416e-08,1.21356762749234e-08,7.36744603625622e-09,7.12252731367161e-09,1.27421809093977e-08,8.5996983300688e-09,1.39277861984063e-08,6.53495291640749e-09,6.37553988934826e-09,5.51025953635456e-09,7.3934217703386e-09,6.83322121438575e-09,8.48346134094645e-09,5.4032520641953e-09,4.70290927583938e-09,3.82746896791249e-09,5.83205227982742e-09,5.23085575942994e-09,6.56979962143548e-09,1.77505655136083e-08,4.86188879494118e-08,3.98308560599422e-08,3.09553780651062e-08,6.93236634572925e-08,4.82539372083201e-08,6.83042988052953e-08,4.51021923777123e-08,1.78931486682904e-08,9.55337285415487e-08,3.815017344305e-08,8.61944935478894e-08,3.87144046172602e-08,1.59641908384132e-08,1.09004839280874e-08,3.31701214931379e-08,1.70529549231982e-08,2.81311522070891e-08,1.29409687682403e-08,9.4110727041938e-09,1.01841906057426e-08,1.43203110369565e-08,1.13646856284427e-08,1.51009005363988e-08,8.08747716224968e-09,8.73741043494124e-09,5.38931314081094e-09,9.76092327809473e-09,9.3341895354664e-09,8.8090664290756e-09,7.67112780122615e-09,4.73614608013401e-09,4.33373604479197e-09,8.19756699232098e-09,5.33638634526434e-09,8.42327622323406e-09,4.07603385137212e-09,4.01015809571643e-09,3.316875815686e-09,4.53890568621359e-09,3.86229465302066e-09,4.80246827293414e-09,3.68437777629917e-09,2.99902142897914e-09,1.96569347711051e-09,3.32852333261934e-09,3.60243344031165e-09,4.43149871639889e-09
1.48717796214233e-08,2.96381934546442e-08,5.43005016121842e-08,2.49689492959945e-08,4.54092700895419e-08,3.86905791017762e-08,3.62468258112708e-08,5.98065137348914e-08,6.58819428985102e-08,5.30780220013001e-08,1.03694763021276e-07,8.99729203159998e-08,4.96600711284429e-08,5.44448350043017e-08,2.92807353580876e-08,8.5892451835801e-08,4.53073187874397e-08,7.22215202975556e-08,4.62181632302975e-08,2.47667689358561e-08,1.31209904434149e-08,3.8363902120149e-08,2.16073301578355e-08,3.31895826292183e-08,2.12554632221681e-08,1.12601504989442e-08,1.05664004920614e-08,1.85462304318294e-08,1.10060058547477e-08,1.756418488981e-08,9.88794481295263e-09,9.2748478006818e-09,6.8048723374887e-09,9.66554327657159e-09,1.03994064071922e-08,1.1014502511871e-08,8.10617844070561e-09,5.88829791784943e-09,4.60272087326338e-09,9.05974621779396e-09,6.21292754845005e-09,9.35429304640235e-09,5.38674191767808e-09,4.14695853772639e-09,3.08102452469418e-09,5.5468837193051e-09,4.34047885917182e-09,5.98636847225623e-09,1.00137618111221e-08,1.81826233497131e-08,3.52586762205509e-08,1.78713542943602e-08,2.77502678541734e-08,2.70650699833633e-08,2.42106606710009e-08,3.87523790915042e-08,3.77577620468531e-08,3.48843486023281e-08,6.6978914553437e-08,5.92197471306528e-08,3.31026106224332e-08,3.18953212889433e-08,1.65708803671325e-08,5.54530083352121e-08,2.79510990168796e-08,4.63375110676088e-08,2.68913628203263e-08,1.41007244661327e-08,8.25356947161345e-09,2.35927952959271e-08,1.40489422180881e-08,2.16702530197672e-08,1.21086397948584e-08,7.08120340891465e-09,5.67901474587788e-09,1.20621414868815e-08,5.89913507972486e-09,1.02517311729343e-08,6.21776610402171e-09,4.98925187903735e-09,4.5850684100424e-09,5.18380717328201e-09,6.01019367139974e-09,6.20777989221495e-09,4.22809073800003e-09,4.11944849245449e-09,4.01580781221996e-09,5.3608418579368e-09,3.98579997611739e-09,5.33169478834082e-09,3.92278850522146e-09,3.5576116122477e-09,2.42405883323428e-09,3.60214572669113e-09,3.75442257254489e-09,4.15920357569468e-09
2.56579426469702e-08,7.43041254145012e-08,4.53869383222905e-08,3.75755513823789e-08,1.00704465643249e-07,5.56820715230004e-08,9.9206064504516e-08,5.21707093106658e-08,6.27737630842502e-08,1.28268419581308e-07,8.99729203159998e-08,1.83509351152097e-07,4.31836149008778e-08,5.12595384510417e-08,2.88114577605998e-08,7.3831351043026e-08,4.3646181129076e-08,6.27321846915685e-08,4.23811385134646e-08,2.44163539347678e-08,1.46253352868382e-08,3.6053711806197e-08,2.1756925342103e-08,3.19141392055361e-08,2.09600344964448e-08,1.25529845307292e-08,1.33529654923107e-08,1.86800932524016e-08,1.27098034211973e-08,1.78275191831224e-08,1.10275811786387e-08,1.17223663767661e-08,8.42759545446533e-09,1.11658300950817e-08,1.28668350216547e-08,1.26960575748453e-08,1.02293042220026e-08,7.49674238815735e-09,6.34756770100772e-09,1.11631292567633e-08,8.54197591493631e-09,1.25732871771967e-08,6.91262226897776e-09,5.65967992892031e-09,4.0883365550858e-09,7.72253193228202e-09,5.73346103666326e-09,8.04789122326702e-09,1.82477436973771e-08,4.5175012396346e-08,3.23168426353519e-08,3.01627400457173e-08,5.93656077292368e-08,4.1385754095355e-08,6.63456501650094e-08,3.67190595347518e-08,3.35465705039665e-08,8.65955994731784e-08,5.96686729388977e-08,1.17707101629451e-07,3.14550914870723e-08,2.93378646423775e-08,1.67694978360349e-08,5.09212901294066e-08,2.65360832178879e-08,4.14927858392616e-08,2.39758942750031e-08,1.42133210125879e-08,9.67934359096118e-09,2.20544916593663e-08,1.52270017046174e-08,2.18349986046445e-08,1.22114080698143e-08,8.30488841242503e-09,7.74159782593537e-09,1.3077876053283e-08,7.88334094317420e-09,1.10769266569537e-08,7.294379493418e-09,6.80216985545857e-09,5.57561339609762e-09,6.92868175061878e-09,7.71893456057284e-09,7.8634804714524e-09,5.77832638336417e-09,5.15203160585935e-09,4.4767512196636e-09,6.66448369352088e-09,5.10585954747432e-09,7.27694430068097e-09,5.16093733154633e-09,4.15305960751086e-09,2.52289278577204e-09,4.70971807362446e-09,4.44931184876834e-09,5.53858518618355e-09
1.15469439557174e-08,2.65051161812203e-08,5.8177705108495e-08,2.14269304194686e-08,4.90264885532657e-08,4.17478173064961e-08,3.0412105858641e-08,6.33257383312924e-08,2.75465407770381e-08,5.45464866616597e-08,4.96600711284429e-08,4.31836149008778e-08,6.96164114604655e-08,2.93783035238921e-08,1.6849192961674e-08,5.41379328728592e-08,2.83901346251813e-08,5.01430032628624e-08,2.48877888308511e-08,1.39093472673875e-08,1.37927553635919e-08,2.38104850413332e-08,1.40181826718207e-08,2.19843924764292e-08,1.19352243223779e-08,1.18330447278967e-08,7.17427593572654e-09,1.20288977669588e-08,1.21179995041263e-08,1.19524713820213e-08,1.03824988995515e-08,6.29492319782455e-09,5.49472929439244e-09,1.06325921291408e-08,7.27143464222295e-09,1.19465655240171e-08,5.57404940921603e-09,4.76727658494248e-09,4.03892754466412e-09,6.31970958089239e-09,4.86949353300987e-09,6.78747753524974e-09,4.15491373263824e-09,3.56807462166628e-09,3.28665209875619e-09,4.24422200153868e-09,4.36413242781336e-09,5.23219341943965e-09,7.43763352397118e-09,1.6016927330394e-08,3.65952980733795e-08,1.46721857976546e-08,2.90112407885946e-08,2.70879238124742e-08,2.02001361063078e-08,4.06182977434687e-08,1.6687910098741e-08,3.48687712982133e-08,3.46351160107383e-08,3.14755194378955e-08,4.42354799045809e-08,1.838497119803e-08,9.04849492872547e-09,3.88570885309779e-08,1.74052574525646e-08,3.41841097290566e-08,1.56611657735715e-08,7.89524405332456e-09,7.53570372225193e-09,1.5184905472723e-08,8.96501973990778e-09,1.47580655906445e-08,6.77730809270376e-09,6.46449441799698e-09,4.19147484059456e-09,7.69416368696967e-09,6.54013464226624e-09,7.60975568207097e-09,5.67224912440116e-09,3.67921755538378e-09,3.43024864966189e-09,5.73960397231887e-09,4.80914295440398e-09,6.08868588069993e-09,3.20486373367665e-09,3.09718575353406e-09,3.0089665112522e-09,4.26886584897395e-09,2.75572207578995e-09,4.12048876518432e-09,2.89547826181974e-09,2.6306136555963e-09,1.79101381417966e-09,2.56878068295816e-09,2.95219803463901e-09,3.14288092001642e-09
1.15895866670835e-08,1.66673663132692e-08,2.60572588514341e-08,1.51087962962784e-08,2.5520583697829e-08,2.27219156444257e-08,1.90580417179093e-08,2.75404860238813e-08,6.9055617828116e-08,2.81918690876287e-08,5.44448350043017e-08,5.12595384510417e-08,2.93783035238921e-08,7.27410121862996e-08,3.35274012336926e-08,5.76223640917573e-08,6.03095995793051e-08,4.73348366073789e-08,6.16218171391631e-08,2.82745150829089e-08,1.39235586631854e-08,5.08856312465394e-08,2.46654223164478e-08,4.49253938768085e-08,2.42570597322904e-08,1.19451262972987e-08,1.03226086875216e-08,2.11615675291377e-08,1.17912003971578e-08,2.02055739429852e-08,1.04805168339629e-08,9.05590731818774e-09,6.0780787547681e-09,1.03456907040213e-08,9.90029153791282e-09,1.11918669719435e-08,7.89078857525468e-09,5.29031871389147e-09,3.97329619867182e-09,8.47310406754628e-09,5.53876076350356e-09,8.81186120418453e-09,4.87160160361973e-09,3.47905291450738e-09,2.76764534498789e-09,4.93510134647264e-09,3.53703351598548e-09,5.23983808885406e-09,5.99298508221729e-09,1.05778960054716e-08,1.75749995142206e-08,9.79755172393436e-09,1.68364740721002e-08,1.65352233770379e-08,1.38862640165755e-08,1.82300211552007e-08,3.80728379987941e-08,2.055048916381e-08,3.45115967394188e-08,3.43712060193914e-08,1.88163653456339e-08,4.06901264841056e-08,1.96447945898127e-08,3.65126156183776e-08,3.59913226160177e-08,3.14202083171835e-08,3.43448499306831e-08,1.67344860125055e-08,8.40974811829484e-09,3.04098427508721e-08,1.60070316214097e-08,2.80618890392742e-08,1.43590912466157e-08,7.2141945657661e-09,5.66705711980729e-09,1.37343739875957e-08,6.80756992180942e-09,1.20703272532644e-08,6.32958821604819e-09,4.97314427667815e-09,4.0793654960241e-09,5.97392441301124e-09,6.00730276106184e-09,6.48715107680642e-09,4.31627602205408e-09,3.78858769914368e-09,3.12022906356105e-09,5.15016494717741e-09,3.60501516664974e-09,5.22075879051751e-09,3.65073688723946e-09,2.58380455991567e-09,1.88668026124032e-09,3.16112862947674e-09,2.70598799970033e-09,3.43790301400586e-09
1.00635654496141e-08,2.06540513261249e-08,1.56802384037692e-08,1.85549150900656e-08,1.84553941167168e-08,1.54939821085827e-08,2.17947598500458e-08,1.60368056693393e-08,3.24062928456697e-08,1.91591135317589e-08,2.92807353580876e-08,2.88114577605998e-08,1.6849192961674e-08,3.35274012336926e-08,9.20524678401819e-08,3.06047203288182e-08,6.89314478239978e-08,6.25212803875907e-08,2.82798321011322e-08,7.55258997318917e-08,2.95722912449896e-08,5.66081112613338e-08,5.62481959522728e-08,4.10630090417718e-08,6.47911698061113e-08,2.53696663695321e-08,1.2219587632501e-08,4.82557656083406e-08,2.25122643358776e-08,4.35014983957832e-08,2.22575714860453e-08,1.07217523561946e-08,1.32749966451334e-08,1.97518683954475e-08,1.24128534773297e-08,2.08182905855839e-08,9.07566418083608e-09,1.15174300211238e-08,5.8965964874309e-09,1.01810242388577e-08,1.24899597251676e-08,1.07546073652644e-08,1.05626798475916e-08,4.89779008074042e-09,3.72285945812575e-09,1.09602542017729e-08,5.00325986936075e-09,1.11364482191947e-08,5.59243928178864e-09,1.13278070938955e-08,9.78977714133872e-09,1.03606967923936e-08,1.10544566985065e-08,9.73661371818329e-09,1.06293366735087e-08,9.54183007008629e-09,1.91176031919312e-08,1.14120229934862e-08,1.75321784902044e-08,1.92324828765872e-08,9.98604496532998e-09,1.92928200483399e-08,5.31119647843112e-08,1.78934811764481e-08,4.07789821460197e-08,3.77140158958442e-08,1.67245735082145e-08,4.44793737716192e-08,2.12582594441107e-08,3.41752445592424e-08,3.57634348031367e-08,2.71645997441182e-08,3.8161625710209e-08,1.82357376112602e-08,7.44083988900194e-09,3.06840160550481e-08,1.52959968479192e-08,2.65173224792106e-08,1.59977531744774e-08,6.53114934069997e-09,7.938369792725e-09,1.34212376568146e-08,7.67664740139062e-09,1.36386670141683e-08,5.31940770486464e-09,7.12198630579480e-09,4.14297067329373e-09,6.20436016962749e-09,7.52697182023388e-09,6.18041431456085e-09,6.84011354758033e-09,3.53333159416255e-09,2.67274124187976e-09,6.8108759246005e-09,3.56867186809281e-09,6.61990596729278e-09
1.25037657806674e-08,2.49731890968248e-08,4.5712418924555e-08,2.12200602130887e-08,3.81387518443809e-08,3.26192792813869e-08,2.9812099345911e-08,4.96570247626001e-08,5.44496777929536e-08,4.3866191752164e-08,8.5892451835801e-08,7.3831351043026e-08,5.41379328728592e-08,5.76223640917573e-08,3.06047203288182e-08,9.30652704410326e-08,4.74571247163152e-08,7.77286811800519e-08,4.87340810299811e-08,2.57576233048051e-08,1.40758335490894e-08,3.98460384550524e-08,2.27428118954342e-08,3.4715486351017e-08,2.20994299150207e-08,1.2076359919915e-08,1.13188480580456e-08,1.95137971122933e-08,1.20251240640834e-08,1.86363412114553e-08,1.05970711909755e-08,9.93054870399654e-09,6.98786073688546e-09,1.05523635414381e-08,1.10491185593248e-08,1.18077129580092e-08,8.67229988436259e-09,6.08081771548414e-09,4.82017141649352e-09,9.61861674265490e-09,6.3999426073092e-09,9.94674313461391e-09,5.52777230470244e-09,4.28708049569406e-09,3.30294770443167e-09,5.67823894867302e-09,4.66142294106983e-09,6.16581709079048e-09,8.53586499360939e-09,1.5797199102737e-08,3.06556325658776e-08,1.54352245412162e-08,2.44546106276939e-08,2.38407548229502e-08,2.05606669886778e-08,3.30981147415714e-08,3.18946106721665e-08,3.06995799947739e-08,5.54475797984958e-08,5.04575412290624e-08,3.60047688336907e-08,3.44363127066553e-08,1.73581866958988e-08,6.14509673871699e-08,3.02201599518588e-08,5.1376425988153e-08,2.89479819247305e-08,1.47313027913998e-08,8.11056284349602e-09,2.52209463198775e-08,1.43754341447875e-08,2.26972578277377e-08,1.26423692641293e-08,6.95773508719986e-09,6.04377169459869e-09,1.23361467578369e-08,6.19069179331717e-09,1.0883884405624e-08,6.10552762112483e-09,5.30453593824747e-09,4.69070729617101e-09,5.43408767277072e-09,6.76897173263605e-09,6.63502377778688e-09,4.67744528463509e-09,4.17364065936776e-09,4.12326049775505e-09,5.95936613680119e-09,4.05421943060418e-09,5.86251844368911e-09,3.94613807062210e-09,3.6579341594751e-09,2.55422165130049e-09,3.65016901409613e-09,3.98644378356814e-09,4.24088210665644e-09
1.39654096611377e-08,1.91903876061509e-08,2.591914174645e-08,1.70082076880862e-08,2.67611786357023e-08,2.3146762232238e-08,2.17026769007226e-08,2.71272166799092e-08,5.79905084813421e-08,2.94549099042863e-08,4.53073187874397e-08,4.3646181129076e-08,2.83901346251813e-08,6.03095995793051e-08,6.89314478239978e-08,4.74571247163152e-08,1.04181861738376e-07,8.50636013453152e-08,5.08895387318073e-08,5.66049982845141e-08,2.63210946414349e-08,8.62664473774658e-08,4.11713375585914e-08,6.59572831584824e-08,4.85617266688558e-08,2.25810778890058e-08,1.22996409265159e-08,3.53236807315066e-08,2.06320760092187e-08,3.19212584884756e-08,1.9812406507221e-08,1.07922693731258e-08,1.33362697077005e-08,1.8103410365801e-08,1.24398091589876e-08,1.93011458699078e-08,9.07738716706083e-09,1.13568001684199e-08,5.81190572913351e-09,9.98791653879322e-09,1.21349450897316e-08,1.06128280087365e-08,1.02971021107991e-08,4.9697323791848e-09,3.80576295960745e-09,1.06474510946422e-08,5.00983108114423e-09,1.11003305281688e-08,7.37953036087604e-09,1.22051256861938e-08,1.69731179271278e-08,1.13225154735638e-08,1.68627697830368e-08,1.61783375860381e-08,1.53679177734716e-08,1.74164114846667e-08,3.29758615880654e-08,2.08377229607499e-08,2.81371170013815e-08,3.05345098194672e-08,1.78288411870719e-08,3.43800236539784e-08,4.02717269705348e-08,2.96045259252276e-08,6.16666837946899e-08,5.29693365714085e-08,2.91794114187992e-08,3.34603601277385e-08,1.75829941714847e-08,5.1642543276534e-08,2.68165294829125e-08,4.17041472873709e-08,2.87103138087966e-08,1.50832448876115e-08,7.24378443708715e-09,2.30100257274296e-08,1.29651988269086e-08,1.92945200660549e-08,1.32332341856181e-08,6.35866515284450e-09,7.76759139857102e-09,1.13774712218049e-08,7.27407649538736e-09,1.15582376928479e-08,5.1227550577521e-09,6.86298807664511e-09,4.04070190397715e-09,5.76522329341255e-09,7.22075375829377e-09,5.8052844768629e-09,6.55103685511228e-09,3.44453213022401e-09,2.42153743971755e-09,6.53671287892443e-09,3.31206949273179e-09,6.22810790726625e-09
1.380475911926e-08,2.55128336901871e-08,4.3229945610018e-08,2.18605398661189e-08,3.66185319268738e-08,3.08652182972996e-08,3.03106717686027e-08,4.64711115841357e-08,4.53661566043046e-08,4.21092934831245e-08,7.22215202975556e-08,6.27321846915685e-08,5.01430032628624e-08,4.73348366073789e-08,6.25212803875907e-08,7.77286811800519e-08,8.50636013453152e-08,1.24818780478937e-07,3.99033813857956e-08,5.11357320662968e-08,2.51256309048741e-08,6.99228732201315e-08,3.72585933625829e-08,5.2734504780691e-08,4.38714467612829e-08,2.15561709417131e-08,1.30225460164179e-08,3.19686328367644e-08,1.99339833047183e-08,2.88808250068054e-08,1.8914800454625e-08,1.14270655963509e-08,1.37165310337922e-08,1.7492477109411e-08,1.30243634025812e-08,1.87046071591586e-08,9.59934253766852e-09,1.20395031363407e-08,6.41299635169157e-09,1.05291981053084e-08,1.2996322492305e-08,1.12564646150732e-08,1.05933262377078e-08,5.52337900485095e-09,4.36947767939158e-09,1.123907788218e-08,5.73274120686888e-09,1.1758091211552e-08,9.23963762508804e-09,1.6163802800839e-08,2.81225887739408e-08,1.56253040358022e-08,2.38537532366011e-08,2.24556188662053e-08,2.08960581785923e-08,3.01662055076995e-08,2.75306612870137e-08,3.03051204371501e-08,4.5134000492279e-08,4.43670002042479e-08,3.31954296808678e-08,2.91549308849428e-08,3.48543193965669e-08,5.024648385712e-08,5.19174410935848e-08,7.78304404729125e-08,2.46462193849078e-08,2.85020137621786e-08,1.61710745177998e-08,4.28228637842851e-08,2.38987078879299e-08,3.41571286348776e-08,2.44585140871468e-08,1.38722857626713e-08,7.75138753824678e-09,2.05083282096663e-08,1.2133856651177e-08,1.67717258855511e-08,1.21719384354434e-08,6.80471239157469e-09,7.6808920041138e-09,1.0649384084874e-08,7.61451383965406e-09,1.10066215691482e-08,5.55296893477114e-09,6.99262003261319e-09,4.72767152957927e-09,6.20748389768846e-09,7.18580287268182e-09,6.27955132262011e-09,6.39056268812539e-09,4.2209322605706e-09,2.96822688309379e-09,6.52302961792898e-09,4.12540890052401e-09,6.53023754893131e-09
1.00635091751069e-08,1.42793947911434e-08,2.23149820876753e-08,1.29850858988305e-08,2.16818169688856e-08,1.91658490465892e-08,1.52180673532209e-08,2.34047371707726e-08,5.87338744957282e-08,2.29450550836691e-08,4.62181632302975e-08,4.23811385134646e-08,2.48877888308511e-08,6.16218171391631e-08,2.82798321011322e-08,4.87340810299811e-08,5.08895387318073e-08,3.99033813857956e-08,6.81891541537578e-08,3.06196800093684e-08,1.47233513326882e-08,5.59935281058855e-08,2.70781353050077e-08,4.97551162835131e-08,2.62648017091712e-08,1.26293254249945e-08,1.14039836471398e-08,2.32269525423689e-08,1.25186810819267e-08,2.20869413844953e-08,1.10762082510905e-08,1.00015553893138e-08,6.50353792544339e-09,1.09791706228416e-08,1.07868877724125e-08,1.16890277942493e-08,8.59948149151403e-09,5.50072218490047e-09,4.11084188669349e-09,9.05861567587137e-09,5.759151198913e-09,9.27345447230469e-09,4.97650274945953e-09,3.62747928344663e-09,3.11257139467288e-09,5.12499043326986e-09,3.83945658560049e-09,5.50602692898307e-09,5.13501203589546e-09,9.05992915293462e-09,1.52510133697275e-08,8.46624412049979e-09,1.45087036942248e-08,1.43302964253968e-08,1.03383241486508e-08,1.55604372023823e-08,3.20865223177279e-08,1.60298926291755e-08,2.92933706488163e-08,2.73319216625655e-08,1.61830740203639e-08,3.4346219727632e-08,1.67357588947851e-08,3.10712337917585e-08,3.04106351286423e-08,2.68091700844606e-08,4.00902602307797e-08,1.82360213228989e-08,9.42459386683028e-09,3.40257143045012e-08,1.77189695189045e-08,3.18583637968169e-08,1.56424065785013e-08,8.08418275520954e-09,6.32895241240846e-09,1.51988923712618e-08,7.62818480842362e-09,1.35489186881802e-08,7.09001381493932e-09,5.55063652032779e-09,4.29089940206583e-09,6.69009315008148e-09,6.46120562700172e-09,7.05889534619736e-09,4.67968666939581e-09,3.8581658191368e-09,3.29342536621018e-09,5.37330362871968e-09,3.94307877114788e-09,5.7364804380288e-09,3.64299272188084e-09,2.71021160979066e-09,2.06751938146856e-09,3.39011354876084e-09,2.91793503318559e-09,3.56784248202631e-09
