6.27919211192453e-08,3.12597597209677e-08,1.09504031335337e-08,5.07196441100936e-08,2.9222605785031e-08,4.76708140794957e-08,2.70565726123129e-08,9.51828499397992e-09,1.02555267887601e-08,2.52524923239289e-08,9.93604853801502e-09,2.59555560535475e-08,8.10146325483765e-09,9.14901650760307e-09,4.5747496544948e-09,8.51849523069746e-09,1.02662233693608e-08,8.45967649085813e-09,8.27251063584481e-09,4.05624849296508e-09,3.11612137968656e-09,9.35890749527733e-09,4.07788835894523e-09,8.26763837208528e-09,3.81544076637089e-09,3.03731863217401e-09,2.56552695948309e-09,3.78939404531805e-09,3.2306552264332e-09,4.45801501248132e-09,3.17544378735262e-09,2.69773410432576e-09,2.86705183664256e-09,3.38692853586025e-09,3.00279811349624e-09,3.72030487126847e-09,2.29475396953092e-09,2.2188910694424e-09,2.11116514991069e-09,2.46751221178764e-09,3.06390085072026e-09,2.87782676327535e-09,2.11843032386027e-09,1.95041479859605e-09,2.06634600365548e-09,2.95574444153699e-09,2.2418642362594e-09,3.28989666358802e-09,4.64222167371341e-08,1.34219261007146e-08,4.98166348187477e-09,3.44192877752631e-08,1.30603365203119e-08,3.3123659551693e-08,1.12001070464551e-08,4.13622473167437e-09,6.56116124878517e-09,1.10166317703079e-08,4.45378499989872e-09,9.4353050999936e-09,3.35509467707309e-09,6.01600920617613e-09,2.95977199855532e-09,4.06503951729195e-09,6.71205489007439e-09,3.76583054973755e-09,5.12862220481573e-09,2.67808890221046e-09,2.08492320401402e-09,5.84668208269394e-09,2.90553662764745e-09,6.18137923042108e-09,2.72860320550065e-09,1.96031412248205e-09,1.71930057360689e-09,2.76257735668889e-09,2.51671335166982e-09,3.23226869461477e-09,1.96326403037876e-09,1.83444645311033e-09,2.49443631428784e-09,2.58645963410588e-09,2.2996334334199e-09,3.75240123496307e-09,1.76864907785167e-09,1.72825199077388e-09,2.00490321156918e-09,1.9521920493577e-09,2.76298878041839e-09,2.20660785694983e-09,1.41907305815024e-09,1.90650311567725e-09,1.6204233267718e-09,2.71219724609411e-09,2.15011468732764e-09,2.48623691998801e-09
3.12597597209677e-08,1.22731247268339e-07,3.08871067793806e-08,6.12846596576441e-08,1.03839001723783e-07,4.79748639504206e-08,1.06482372329779e-07,2.60248878366145e-08,1.05246744373942e-08,8.99848950948111e-08,2.37664741546408e-08,8.75355310474743e-08,2.23595824495262e-08,9.32462582976443e-09,1.01500423981507e-08,2.06120269623222e-08,1.02677240525484e-08,2.07622393697686e-08,7.87226070794826e-09,8.88824153698861e-09,4.9090560511449e-09,8.56370461791957e-09,1.01245604807545e-08,8.72166495512452e-09,8.49154506148511e-09,5.04148416690213e-09,4.39963005743865e-09,9.57714839886937e-09,6.23900772424439e-09,1.11993773667236e-08,5.32796075639412e-09,4.54573437549293e-09,3.72921438573776e-09,6.45902321361719e-09,4.59292045626754e-09,6.51022299017927e-09,3.78745233719998e-09,3.07619590693373e-09,2.80429415992227e-09,3.79907390666526e-09,4.00646234691369e-09,4.35698401953528e-09,2.91479838987849e-09,2.71012580829768e-09,2.615876700776e-09,4.01063870596613e-09,3.10414839757778e-09,3.98608008976698e-09,2.44460201194875e-08,5.29017300924975e-08,1.81141158401462e-08,4.34599430091466e-08,4.26149320422134e-08,3.17947476905496e-08,4.45826960956582e-08,1.54830117748643e-08,7.37439803324899e-09,3.76467785355175e-08,1.34588280973481e-08,3.23058034371458e-08,1.27403945718297e-08,6.64944615417169e-09,5.52080088223352e-09,1.20365204111912e-08,6.14110376259979e-09,1.06373891982386e-08,5.63672798799776e-09,5.34868187674015e-09,3.19437649109981e-09,5.76259071150351e-09,5.90543251697272e-09,6.70942691547913e-09,5.40216751984067e-09,3.32092190031756e-09,2.92858033851508e-09,5.92045635933746e-09,3.56855391224311e-09,6.22814116497387e-09,3.35907349123992e-09,3.23062645937598e-09,2.56549102738024e-09,3.97234741777417e-09,3.42343899081882e-09,4.44580282762641e-09,2.62314769875357e-09,1.96764584686499e-09,1.95386858602425e-09,3.06186447887624e-09,2.40377740386534e-09,3.26305729367531e-09,1.64269022951294e-09,1.968140945281e-09,2.08209140818459e-09,2.37956935375339e-09,2.25148175162712e-09,2.39617974872923e-09
1.09504031335337e-08,3.08871067793806e-08,6.69343084172935e-08,2.37948355245116e-08,5.63198668476273e-08,4.67758676528805e-08,2.60405365515022e-08,5.4244863222145e-08,2.22151305136908e-08,4.53898450027912e-08,4.33825215550328e-08,3.62780817514194e-08,4.69702274253367e-08,1.95697874986063e-08,1.07896560872305e-08,3.77668799283133e-08,1.80473327017155e-08,3.46243126279386e-08,1.68010869750303e-08,9.3511510665182e-09,8.55735625669832e-09,1.54816898969801e-08,8.97310909988042e-09,1.42388268934005e-08,7.81761343324998e-09,7.88483615087361e-09,4.34862442216281e-09,7.74979908093866e-09,8.7947274424984e-09,8.04949977009765e-09,7.27161950570353e-09,4.03785758775734e-09,3.30799822131466e-09,8.11796454792831e-09,4.22854546213827e-09,8.56541153687085e-09,3.44899058266162e-09,2.5725282210921e-09,2.48258704097521e-09,3.40813859520561e-09,3.20301215658482e-09,3.79501365472463e-09,2.16883530582066e-09,2.20975192635894e-09,2.11104643247394e-09,2.85801876290343e-09,2.22848835219808e-09,2.83155987792108e-09,7.30557357770255e-09,1.55707783841665e-08,4.01217222501063e-08,1.59468413493633e-08,3.09155426091626e-08,2.91485363357149e-08,1.2699175986639e-08,3.36468281823567e-08,1.55407870255916e-08,2.58217001144371e-08,2.76091149654687e-08,2.03925745092506e-08,2.91974555810446e-08,1.43002181980942e-08,6.05667136487729e-09,2.47163830198624e-08,1.29902119503262e-08,2.11322909980025e-08,1.25886730092334e-08,5.20490768235942e-09,5.3510827604697e-09,1.140256501976e-08,5.83530011535163e-09,1.05171328280974e-08,4.59404163881672e-09,4.89837514761118e-09,2.87213073418442e-09,5.41438967403416e-09,5.22489481881035e-09,4.60206348526752e-09,4.58118470310125e-09,2.65084642771237e-09,2.32753681302228e-09,4.97594900622991e-09,2.74914543864532e-09,4.98659942667341e-09,2.12020627861645e-09,1.74039608658292e-09,2.10156584345509e-09,2.21515157818109e-09,3.06831233026088e-09,3.17719912910269e-09,1.56590117036749e-09,1.88013842111762e-09,1.84166522043519e-09,2.59444499040647e-09,1.40834060518681e-09,2.29317954198169e-09
5.07196441100936e-08,6.12846596576441e-08,2.37948355245116e-08,8.5795268820187e-08,4.75877607486401e-08,6.88310889642194e-08,5.235452716481e-08,1.99835677549694e-08,1.03171369760393e-08,4.05855924170221e-08,1.81138358852941e-08,3.81487329287776e-08,1.7104873586277e-08,9.01218593190645e-09,1.06241988187185e-08,1.5691759735547e-08,9.05851004701104e-09,1.49440569662659e-08,7.89565253616196e-09,9.30083890877451e-09,5.15909450925095e-09,7.82980164509886e-09,1.02343814220254e-08,7.58656749480495e-09,8.76379523692080e-09,4.95690560801936e-09,4.1096641859897e-09,9.44172953557904e-09,5.83662755106303e-09,1.06851144446419e-08,5.02146035233521e-09,4.0587788149877e-09,3.52620127651550e-09,5.86751085965197e-09,4.24835491875215e-09,6.23429318220622e-09,3.57836661730138e-09,2.9738973864131e-09,2.53551690890848e-09,3.69676630696245e-09,3.57288467193656e-09,3.92507164328932e-09,2.73574093851183e-09,2.36067962620016e-09,2.40059428841686e-09,3.39184617355949e-09,2.71835088874832e-09,3.32874131642176e-09,3.8459466469178e-08,3.38178674134232e-08,1.47104391151395e-08,6.02018438829735e-08,2.4169535694841e-08,4.85867137712692e-08,2.85784020239027e-08,1.2453836098104e-08,6.76476567068619e-09,2.07102696693605e-08,1.00956108111641e-08,1.66373342300873e-08,1.00427166470043e-08,6.17504193964227e-09,5.69584345142618e-09,9.14877589194679e-09,6.3266917307656e-09,8.68170088383677e-09,5.49498581480993e-09,5.43251085249474e-09,3.80583994319084e-09,5.55623051468841e-09,6.51209513885568e-09,6.14964399978304e-09,5.20456658991408e-09,3.5782177315652e-09,2.39049051845362e-09,5.86152948452789e-09,4.14666366617734e-09,6.43501243639351e-09,3.42559416236807e-09,2.55386151185544e-09,2.74514879699212e-09,4.2218014261586e-09,3.20509897410099e-09,5.0546769426994e-09,2.34155646735713e-09,2.14285818340644e-09,1.89372317090628e-09,2.83965446275813e-09,2.66116963818377e-09,2.90306609565782e-09,1.66919470176082e-09,1.90966739423215e-09,1.95210450517837e-09,2.49662635245923e-09,2.22206130442232e-09,2.25972511229616e-09
2.9222605785031e-08,1.03839001723783e-07,5.63198668476273e-08,4.75877607486401e-08,1.45282062108122e-07,7.70415642071946e-08,8.99946098990045e-08,4.5375653687626e-08,2.06747580314036e-08,1.22247641188063e-07,3.72712963578714e-08,1.11013345582157e-07,3.93366134909561e-08,1.84220998581285e-08,9.66621037327046e-09,3.26166665687259e-08,1.75266340974696e-08,3.01688907540943e-08,1.60412148765587e-08,8.39828954012922e-09,8.46867892066437e-09,1.48810002138226e-08,8.56514177212789e-09,1.40411757080376e-08,7.39743923405999e-09,8.50713024130486e-09,5.44172699087933e-09,8.04222660594266e-09,1.01345143196047e-08,8.75884370272955e-09,8.63453299212117e-09,5.55502970029743e-09,3.77060081554055e-09,1.02241366722334e-08,5.21079060244802e-09,1.01916971459305e-08,4.68023168000115e-09,3.22154079773205e-09,3.17982890753914e-09,4.40295210832307e-09,4.05800600386291e-09,4.95063203967916e-09,2.9681035682597e-09,2.92341407823062e-09,2.95459924051794e-09,3.99323438350235e-09,3.35738631927401e-09,4.27898527807547e-09,2.13223370226153e-08,3.70851084816016e-08,3.24407534879261e-08,3.05873809799213e-08,6.28236761546083e-08,4.91218419151903e-08,3.00492971642271e-08,2.78782505109244e-08,1.30887923817419e-08,5.38118384964981e-08,2.19210967267386e-08,4.38216690306285e-08,2.4169353882173e-08,1.24473912783025e-08,3.96927728752432e-09,2.00524710818795e-08,9.84882600018561e-09,1.59676618222873e-08,1.10154189170048e-08,3.84140707282463e-09,4.11913362165619e-09,9.31702064833334e-09,4.91520346058827e-09,9.92783920793791e-09,4.01038305907873e-09,4.29059800065839e-09,3.75187319460861e-09,5.35403195192363e-09,5.09460847297287e-09,4.36862063869725e-09,4.39043080196461e-09,4.00876068395882e-09,2.319426350029e-09,5.38453948116943e-09,3.57929703292379e-09,5.05357217897943e-09,3.01841120549077e-09,1.75510980719287e-09,2.16407726591646e-09,3.00985177653226e-09,2.55962446021579e-09,3.42070267658512e-09,1.61926289621966e-09,2.20711066572319e-09,2.30128479182145e-09,2.79193750409247e-09,2.35783551795419e-09,2.98991721554911e-09
4.76708140794957e-08,4.79748639504206e-08,4.67758676528805e-08,6.88310889642194e-08,7.70415642071946e-08,1.04236953489937e-07,4.08064593381549e-08,3.73576733950474e-08,1.83723630774156e-08,6.30774786688152e-08,2.88726558904544e-08,5.29659604204358e-08,3.21819263429009e-08,1.62316066442536e-08,9.07068754564403e-09,2.51585715842819e-08,1.44411914261452e-08,2.24512649704209e-08,1.43032740030676e-08,8.0792342570463e-09,9.51994191424124e-09,1.26151301536419e-08,8.1294511335884e-09,1.1645976915358e-08,6.88775166025441e-09,9.08148358910892e-09,5.33657975215965e-09,7.19967041221714e-09,1.01242865903956e-08,7.89606190778786e-09,8.77460541619323e-09,5.16448931478651e-09,4.05035444002062e-09,9.7772545132728e-09,5.14508613910763e-09,1.02072128880093e-08,4.5139542157186e-09,3.37435962662921e-09,2.90272438820633e-09,4.45487787672913e-09,3.97036023998689e-09,4.68047528161926e-09,2.99634855806775e-09,2.51436782801308e-09,2.83223548545748e-09,3.61977436458344e-09,2.95734730758762e-09,3.83911874764869e-09,3.37705872418346e-08,2.2040310362428e-08,2.71056225410007e-08,4.57114021310863e-08,4.01654938142224e-08,6.8187109126793e-08,1.78922976440909e-08,2.33259270170836e-08,1.29985789152043e-08,3.41223086240983e-08,1.7418823996667e-08,2.64313535075919e-08,2.0043642636155e-08,1.22046026321373e-08,3.86184159971451e-09,1.60661444671297e-08,9.94597550903089e-09,1.27781209799578e-08,1.10057009988286e-08,3.70789273784881e-09,5.8685930983795e-09,9.15043153313235e-09,4.67349072752458e-09,8.36188792987833e-09,3.59508340260783e-09,5.38380435521093e-09,3.59057079904932e-09,4.70809981999649e-09,6.3605171962222e-09,4.30852313757132e-09,5.2676074372176e-09,3.63860788874727e-09,3.03491384244498e-09,6.27109403906999e-09,3.86509552429919e-09,6.20134068550371e-09,3.20881297155111e-09,2.32170045290801e-09,1.97635548224164e-09,3.35542118926543e-09,3.19220889303111e-09,3.59806385967753e-09,1.89422773832503e-09,2.03967010014728e-09,2.24378243006446e-09,3.13052837835663e-09,2.38155755224892e-09,3.03145979592547e-09
2.70565726123129e-08,1.06482372329779e-07,2.60405365515022e-08,5.235452716481e-08,8.99946098990045e-08,4.08064593381549e-08,1.28084435203627e-07,3.08606514219299e-08,1.29083319875323e-08,1.08607587151199e-07,2.84650262701527e-08,1.06485485303272e-07,2.6340754956874e-08,1.14025899173805e-08,1.19370900685528e-08,2.4451303181824e-08,1.24102240959886e-08,2.48278435419062e-08,9.64670492517099e-09,1.03785494194942e-08,5.75528007287978e-09,1.00732519886587e-08,1.18712738032384e-08,1.05895213605205e-08,9.71334451502986e-09,5.60873346868659e-09,5.08898484453387e-09,1.10860500791336e-08,6.96357723558905e-09,1.27875942972418e-08,5.93488294153146e-09,5.22504033194158e-09,4.01617431276458e-09,7.21566425398203e-09,5.07227176472394e-09,7.1109774478499e-09,4.42696550834797e-09,3.34001125782109e-09,2.88437355250726e-09,4.21721989800225e-09,4.39756599014309e-09,5.0909595648809e-09,2.98814681007925e-09,2.63039250132246e-09,2.96850148169548e-09,4.10491297444504e-09,3.30649173712179e-09,4.24013103930182e-09,2.16840409767363e-08,4.45763511639432e-08,1.54733254852728e-08,3.64544389021348e-08,3.76167838600916e-08,2.79559866212388e-08,5.80409395168442e-08,1.85428272880686e-08,9.41323317770103e-09,5.04902568411795e-08,1.76710198343614e-08,4.40276290633112e-08,1.51343766978136e-08,7.87905353498462e-09,5.90006786317969e-09,1.4924134955044e-08,7.2079484601837e-09,1.33816882408869e-08,6.73451271017831e-09,5.62723476844065e-09,4.07285344682234e-09,6.61601961130409e-09,6.64319022760023e-09,7.66084714567916e-09,5.77247492748068e-09,4.0712605057162e-09,3.37889601378886e-09,6.25183097895377e-09,4.55810616557657e-09,7.01010503110263e-09,4.13655813440359e-09,3.66791350097799e-09,2.75776487284872e-09,4.9317791235091e-09,3.72900766190531e-09,5.26614690581107e-09,3.05960531049595e-09,2.17091405174692e-09,2.0246078722793e-09,3.35410296563841e-09,2.72867705765816e-09,4.11856552626302e-09,1.91373948238758e-09,1.99306790025062e-09,2.36497488347978e-09,2.47394123824761e-09,2.54929395526583e-09,2.81939074041139e-09
9.51828499397992e-09,2.60248878366145e-08,5.4244863222145e-08,1.99835677549694e-08,4.5375653687626e-08,3.73576733950474e-08,3.08606514219299e-08,6.38583909125823e-08,2.62963034296471e-08,5.43344360336058e-08,5.10960801345457e-08,4.32640087548388e-08,5.50985704154863e-08,2.29133645651413e-08,1.27490540593822e-08,4.44427440288809e-08,2.14288377365872e-08,4.13404255591372e-08,1.91203789063274e-08,1.08766189423677e-08,9.37819921814318e-09,1.79148667594719e-08,1.00613496583346e-08,1.62261835901286e-08,9.05370704961852e-09,8.60351747723128e-09,4.70322738990795e-09,8.57345610956936e-09,9.55554968594955e-09,9.01833215615259e-09,7.99670621855878e-09,4.36801576994063e-09,4.00934193226387e-09,8.87925007881924e-09,4.71402809610898e-09,9.47120450898726e-09,3.73492165751907e-09,3.22486072844957e-09,2.81792057476782e-09,3.81314419808809e-09,3.89030367919905e-09,4.36313773127819e-09,2.68043565527601e-09,2.40838770143032e-09,2.21489635751234e-09,3.39411405804398e-09,2.5299234832287e-09,3.45136903428289e-09,7.06292856891171e-09,1.26903929303376e-08,3.36381822912748e-08,1.29038550644079e-08,2.58008905672619e-08,2.4643849572831e-08,1.66499163515528e-08,3.91725676925381e-08,1.66756778189991e-08,3.15527027551961e-08,3.28775141639235e-08,2.50358672344856e-08,3.44259087926053e-08,1.53054320426073e-08,6.99295684257814e-09,2.90371465380647e-08,1.4153206753537e-08,2.58680258115977e-08,1.32592686085974e-08,5.75622600360357e-09,5.98853530423114e-09,1.2015855578267e-08,6.19917294035706e-09,1.08672365383599e-08,5.08154019580227e-09,5.54223939788359e-09,3.27988521001322e-09,5.73143071694663e-09,5.88365397952793e-09,4.39789156814916e-09,5.21339620047697e-09,2.75910641355005e-09,2.56687157463299e-09,5.47000314712073e-09,3.03780868939127e-09,5.47719530016011e-09,2.18198429258154e-09,1.98099556048403e-09,2.26169952814695e-09,2.51036571449585e-09,3.45130200182148e-09,3.74669898249078e-09,1.84314870662586e-09,2.18799245328001e-09,2.04500387619415e-09,3.06513655164474e-09,1.99686112527602e-09,3.02619516891342e-09
1.02555267887601e-08,1.05246744373942e-08,2.22151305136908e-08,1.03171369760393e-08,2.06747580314036e-08,1.83723630774156e-08,1.29083319875323e-08,2.62963034296471e-08,6.32483739952508e-08,2.51561348639508e-08,4.92750756542957e-08,4.70617750459951e-08,2.29206313954993e-08,5.36156840123607e-08,2.22655440910421e-08,4.18568710144116e-08,4.46010305385654e-08,3.37163157135514e-08,4.56835804825283e-08,1.92774930960089e-08,8.91575039488765e-09,3.8169603141298e-08,1.61846132995553e-08,3.24874825480718e-08,1.59457077653289e-08,7.45332896202213e-09,8.92190379836268e-09,1.35408317185399e-08,7.70679244387828e-09,1.33729256469473e-08,6.77853853708014e-09,8.06515368796235e-09,4.74213865121691e-09,6.91952626400317e-09,8.3270631091488e-09,7.14160311754443e-09,6.92497046781063e-09,4.00606957109152e-09,3.37978060285686e-09,7.08717414947703e-09,4.78013890113239e-09,7.30179693462917e-09,3.52299659394453e-09,3.02852411657495e-09,2.53916994923109e-09,4.32895639220764e-09,3.03262520567433e-09,4.28206672567581e-09,7.33491463794733e-09,3.98642860495174e-09,1.30332507126816e-08,6.43034244525363e-09,1.3368775794718e-08,1.35665052796403e-08,6.29313666753751e-09,1.54479790277339e-08,3.70340361757078e-08,1.66506329201098e-08,2.85171950592582e-08,2.71760901337875e-08,1.34668386962872e-08,3.24454998592575e-08,1.16690774132767e-08,2.40207420953139e-08,2.69851906185191e-08,1.98916490275595e-08,2.74572485316144e-08,1.04673744411069e-08,4.99185039176541e-09,2.29227184102084e-08,9.05316770647116e-09,1.99214746089901e-08,9.35314546203841e-09,4.47394540216347e-09,5.2054181619512e-09,8.40559747676217e-09,4.399729307367e-09,6.71357800915771e-09,4.0214710164684e-09,4.65412399935454e-09,2.94886928591398e-09,4.10086407434686e-09,4.23646429029302e-09,4.38873564095295e-09,3.97362143028549e-09,2.48526273923855e-09,2.66420812068416e-09,3.54315897169128e-09,3.4661070481823e-09,4.44437603239253e-09,2.48458149324759e-09,2.5051274210643e-09,2.31757392597791e-09,3.31565347371558e-09,2.56495555862645e-09,3.33975109497948e-09
2.52524923239289e-08,8.99848950948111e-08,4.53898450027912e-08,4.05855924170221e-08,1.22247641188063e-07,6.30774786688152e-08,1.08607587151199e-07,5.43344360336058e-08,2.51561348639508e-08,1.48718131716079e-07,4.45410471836929e-08,1.34640745502699e-07,4.67843416663622e-08,2.22024314734378e-08,1.17860062787425e-08,3.87606828053724e-08,2.12654297273219e-08,3.65059920990873e-08,1.9165567198241e-08,1.01647751395947e-08,9.56320304235821e-09,1.7941723366306e-08,1.0258447301358e-08,1.71768889489105e-08,8.73911151221248e-09,9.36614734119405e-09,6.1526646549507e-09,9.39276306979692e-09,1.13147022427955e-08,1.02576734429409e-08,9.51047178923124e-09,6.23936601777331e-09,4.38958915054311e-09,1.14220431021492e-08,5.86454258268938e-09,1.10922644625261e-08,5.252582496079e-09,3.75446260851384e-09,3.41967450108491e-09,4.91294249475615e-09,4.64904337944571e-09,5.74187124616713e-09,3.36478868825911e-09,2.98107350341477e-09,3.41005098142051e-09,4.31472987756586e-09,3.88086200342299e-09,4.88123676402703e-09,1.96793382805841e-08,3.00380905827853e-08,2.78640989126051e-08,2.54520499768681e-08,5.37717186161829e-08,4.30438872721599e-08,4.33645612803652e-08,3.38807607076981e-08,1.46836080438983e-08,7.26326175555884e-08,2.7655232468469e-08,6.06256338604722e-08,2.94267598202751e-08,1.39987879915583e-08,5.00991067470763e-09,2.46428673718899e-08,1.13797021156833e-08,2.08194020142705e-08,1.23801335423307e-08,4.44538594494978e-09,5.46119970219159e-09,1.05215609426269e-08,5.99493845648582e-09,1.12893600759325e-08,4.63210200431606e-09,5.46812745902132e-09,4.27518000417801e-09,6.14525642379249e-09,6.60100375865894e-09,5.32650062740722e-09,5.56267969292479e-09,4.35523218304344e-09,2.70016500535811e-09,6.7940954139022e-09,4.12783769228919e-09,5.74710062208096e-09,3.26918436510381e-09,2.00366338090839e-09,2.43922770761669e-09,3.42430580917716e-09,3.05059548489807e-09,4.26772103433972e-09,2.02131056249485e-09,2.34531576308403e-09,2.60942491302896e-09,2.91066789285441e-09,2.76753664858071e-09,3.57163581680931e-09
9.93604853801502e-09,2.37664741546408e-08,4.33825215550328e-08,1.81138358852941e-08,3.72712963578714e-08,2.88726558904544e-08,2.84650262701527e-08,5.10960801345457e-08,4.92750756542957e-08,4.45410471836929e-08,8.17996946917674e-08,7.08115565587002e-08,4.44496646364373e-08,4.1853744025791e-08,2.12805048323601e-08,6.99053399372852e-08,3.3692740077262e-08,5.8816034523235e-08,3.55076105208389e-08,1.82832476184322e-08,8.63958775455435e-09,2.85330052740542e-08,1.53812590315515e-08,2.4051308295749e-08,1.50475820497198e-08,7.37966734822615e-09,9.16654738927172e-09,1.28263822103374e-08,7.53268076769271e-09,1.24967351590754e-08,6.78520046102042e-09,8.34999441979161e-09,5.22822756236679e-09,6.89977922410258e-09,8.94740742373846e-09,7.31162528315479e-09,7.26936596316115e-09,4.25623896149774e-09,3.53841260568917e-09,7.6115075668845e-09,4.76056121235178e-09,7.87451292860056e-09,3.69618829838347e-09,3.21433848374172e-09,2.67080577136426e-09,4.26720870439354e-09,3.20740274875702e-09,4.2345152079955e-09,6.87110791650851e-09,1.00706577636324e-08,2.51016722834835e-08,1.14815746240973e-08,2.02805045512722e-08,1.91785536679591e-08,1.43998374328118e-08,3.01155882861307e-08,3.04833567888013e-08,2.50485508022523e-08,4.93085492983711e-08,4.01876577731592e-08,2.6551512675582e-08,2.66516396756221e-08,1.14739061802668e-08,4.25552509754072e-08,2.19560446940875e-08,3.67643280047032e-08,2.30846192779714e-08,1.00812374039636e-08,5.12099583797795e-09,1.87815029038254e-08,9.34618305988182e-09,1.64790774179167e-08,9.01117472794643e-09,4.62785720720608e-09,5.15714527092665e-09,8.55644460480066e-09,3.86399357903852e-09,6.35728913127057e-09,4.20948347492878e-09,4.56132501795041e-09,3.22940935291985e-09,3.59286149748363e-09,4.67625474438244e-09,4.53281789086326e-09,3.76269707701357e-09,2.51478050219549e-09,2.91942830604303e-09,3.85818370832786e-09,3.69575083134918e-09,5.20144554306729e-09,2.39772466853813e-09,2.68382458040635e-09,2.29530322747191e-09,3.12339074576956e-09,2.5885186128144e-09,3.26480805771252e-09
2.59555560535475e-08,8.75355310474743e-08,3.62780817514194e-08,3.81487329287776e-08,1.11013345582157e-07,5.29659604204358e-08,1.06485485303272e-07,4.32640087548388e-08,4.70617750459951e-08,1.34640745502699e-07,7.08115565587002e-08,1.81307189657091e-07,3.76077168881077e-08,4.01877858797142e-08,1.96415109910284e-08,6.08788826739501e-08,3.29408853630506e-08,5.17738194584445e-08,3.47716553530347e-08,1.70600546071943e-08,9.15685192177413e-09,2.81322291377643e-08,1.5579346073484e-08,2.51473640852314e-08,1.40554431642289e-08,7.81816245661033e-09,1.10247686728795e-08,1.34099281061056e-08,8.33511683289028e-09,1.30616437993448e-08,7.64242655794979e-09,1.06683879798481e-08,5.81216039167339e-09,8.13380647404776e-09,1.09267828974433e-08,7.66533186117274e-09,8.97627655687271e-09,4.86952072463814e-09,4.48825654653951e-09,9.17095568313704e-09,5.90270339473641e-09,9.99671420413214e-09,4.37176744433185e-09,4.02488979065068e-09,3.71236383407423e-09,5.4737874756571e-09,4.46354779369149e-09,5.67998852928984e-09,2.00601074740159e-08,2.5715701774718e-08,2.06881719068593e-08,2.31254779440368e-08,4.57859675532058e-08,3.54781037352043e-08,3.97024892209205e-08,2.57797337686217e-08,2.67250972909214e-08,6.23763481409676e-08,4.23727813464805e-08,8.2905556599361e-08,2.2238434224181e-08,2.41764549560721e-08,9.67577052444339e-09,3.72559511468111e-08,1.9124288956998e-08,3.06385659579995e-08,2.15218459185374e-08,9.02741944106633e-09,3.85073995378575e-09,1.74264721834539e-08,9.50817111640443e-09,1.64668193762853e-08,8.72187235308451e-09,3.97209522732879e-09,5.54998204039454e-09,9.40983086151407e-09,3.32855090181093e-09,7.36385074332503e-09,4.17650533384175e-09,5.61784160838808e-09,3.66244112994294e-09,3.89452203086739e-09,4.98987143097819e-09,4.24087269684345e-09,4.38677387481639e-09,2.80628083851262e-09,3.59541279952375e-09,3.97973318306122e-09,3.88895402882431e-09,5.77135204740791e-09,2.83537014471203e-09,3.28244791451156e-09,2.61998532870387e-09,3.54214402641788e-09,3.62370983989713e-09,4.10947923678297e-09
8.10146325483765e-09,2.23595824495262e-08,4.69702274253367e-08,1.7104873586277e-08,3.93366134909561e-08,3.21819263429009e-08,2.6340754956874e-08,5.50985704154863e-08,2.29206313954993e-08,4.67843416663622e-08,4.44496646364373e-08,3.76077168881077e-08,6.65682583884996e-08,2.66478469658907e-08,1.45725596141887e-08,5.20890363011338e-08,2.49263849530212e-08,4.92040000230385e-08,2.21408767215467e-08,1.2286091805037e-08,1.11608708546558e-08,2.06477521171906e-08,1.2192819511261e-08,1.90922443909104e-08,1.02379415083367e-08,9.97328134856987e-09,5.5572274957375e-09,1.04280250737081e-08,1.16136994667406e-08,1.02942285386035e-08,9.20647340097012e-09,5.11787593824379e-09,4.61431958496277e-09,1.04628554832248e-08,5.59122679207161e-09,1.1114248026551e-08,4.25397858812816e-09,3.7390395875732e-09,3.24997216886772e-09,4.45812062781647e-09,4.51425737470924e-09,4.94174522570545e-09,3.05044406764414e-09,2.78646617960996e-09,2.57031708996784e-09,3.80105909768798e-09,3.05142394522259e-09,3.963347038021e-09,6.04141739328039e-09,1.17889913942034e-08,2.91721833121067e-08,1.18834984724345e-08,2.26409207786002e-08,2.14607406987432e-08,1.55684041807152e-08,3.44185085849516e-08,1.5298311797127e-08,2.80017270802018e-08,2.90292992478228e-08,2.27065821686372e-08,4.30833497904731e-08,1.86071238247782e-08,7.50903117502148e-09,3.57495553547103e-08,1.71854238748125e-08,3.26918297139765e-08,1.58767904973543e-08,5.85863976067958e-09,7.0908767768576e-09,1.43494178902467e-08,6.11184926221704e-09,1.29794753363682e-08,5.13098570961254e-09,6.17621246071498e-09,3.83722117278005e-09,5.50279525153144e-09,6.839412957984e-09,4.4456039081852e-09,5.76693819959181e-09,3.18330542542665e-09,3.00233658612802e-09,6.04375563633695e-09,3.47203685995345e-09,6.08044732222791e-09,2.3923549563907e-09,2.41885728468885e-09,2.46940827134364e-09,2.97155712799497e-09,3.69083478784268e-09,4.09184011250801e-09,2.22227994031644e-09,2.3934975053653e-09,2.07628835284723e-09,3.29370767708214e-09,2.23427445922824e-09,3.13210734878071e-09
9.14901650760307e-09,9.32462582976443e-09,1.95697874986063e-08,9.01218593190645e-09,1.84220998581285e-08,1.62316066442536e-08,1.14025899173805e-08,2.29133645651413e-08,5.36156840123607e-08,2.22024314734378e-08,4.1853744025791e-08,4.01877858797142e-08,2.66478469658907e-08,6.28474061933162e-08,2.57386190046195e-08,4.76304129245749e-08,5.1799032433005e-08,3.81900853844945e-08,5.29408048827466e-08,2.18824478398471e-08,9.850193759638e-09,4.35217040636019e-08,1.8958481671613e-08,3.77041235521114e-08,1.7573563984146e-08,8.33494837691173e-09,1.02413104905297e-08,1.53448470960129e-08,8.9741353900544e-09,1.51555561840468e-08,7.50287460712262e-09,9.26004691209367e-09,5.57422569717276e-09,7.97853025839196e-09,9.50336880456782e-09,8.2215173665396e-09,7.99863018043975e-09,4.73252411620578e-09,3.61243565687476e-09,8.10180365733007e-09,5.15454881133571e-09,8.32577400279656e-09,4.19632964845525e-09,3.25664022727332e-09,2.86829199145941e-09,4.68186317799398e-09,3.45824482933848e-09,4.87200709956054e-09,6.71096039944077e-09,3.89262977793507e-09,1.11931934252361e-08,6.21775676834091e-09,1.1721383269559e-08,1.19815095315091e-08,6.08746088942257e-09,1.34600092978372e-08,3.24369480513802e-08,1.47413169301795e-08,2.40130030385698e-08,2.34701374654871e-08,1.63961303873803e-08,3.97998054249457e-08,1.45701451653897e-08,2.82874939498843e-08,3.2770183293803e-08,2.3300140611267e-08,3.32934097499437e-08,1.2748477320653e-08,5.8439417161212e-09,2.73196916181232e-08,1.15028813715261e-08,2.40248445267524e-08,1.0673464294252e-08,5.22292856613699e-09,6.06613600201406e-09,9.81890592759538e-09,5.33230382842268e-09,7.99094662846274e-09,4.68183793201489e-09,5.27110354949939e-09,3.42545225566351e-09,4.79437556162632e-09,4.90049721204089e-09,4.99908872673329e-09,4.48539396773407e-09,2.90493023453653e-09,2.79801766551018e-09,4.16936089190239e-09,3.76491583158319e-09,5.01749605888157e-09,2.82845633405829e-09,2.61070367491395e-09,2.45820382613466e-09,3.53906378942668e-09,2.84954283479492e-09,3.69524179887972e-09
4.5747496544948e-09,1.01500423981507e-08,1.07896560872305e-08,1.06241988187185e-08,9.66621037327046e-09,9.07068754564403e-09,1.19370900685528e-08,1.27490540593822e-08,2.22655440910421e-08,1.17860062787425e-08,2.12805048323601e-08,1.96415109910284e-08,1.45725596141887e-08,2.57386190046195e-08,7.47983318074234e-08,2.3730143928906e-08,5.73247424726043e-08,5.30566806289081e-08,2.18889057539088e-08,6.12254465013411e-08,2.38032936423402e-08,4.73803599368399e-08,4.56002288959925e-08,3.28173410040113e-08,5.11141683867968e-08,2.00064798318807e-08,1.16066237726104e-08,3.72737687989021e-08,1.83104915060324e-08,3.39900245957656e-08,1.73857660826428e-08,1.01917590859158e-08,1.18453781113542e-08,1.55917819057878e-08,1.00249272507013e-08,1.53518475660307e-08,8.36497075322345e-09,1.02541855442917e-08,5.00456521850235e-09,8.1527029007069e-09,1.12018419031987e-08,9.04265948207013e-09,8.44492024124537e-09,4.16410304935641e-09,3.48007703642436e-09,9.26633855359774e-09,3.98881033138511e-09,8.91527953825607e-09,4.88387582085565e-09,7.85156836408972e-09,6.77293553774127e-09,9.48418795604778e-09,7.78632457765569e-09,6.8817506774738e-09,9.0569096372931e-09,7.39467201633786e-09,1.22853586132111e-08,9.25660119037173e-09,1.22128068707724e-08,1.27238446463621e-08,8.24212027117208e-09,1.57562812422978e-08,4.35148613847737e-08,1.41972986952534e-08,3.59780464526052e-08,3.25837943040657e-08,1.34002949717039e-08,3.75845262491255e-08,1.40564639221325e-08,2.98983319807973e-08,2.70644079244327e-08,2.02384887261483e-08,3.21483899023758e-08,1.2599610556371e-08,8.88428135964596e-09,2.31364125554459e-08,1.17414546257042e-08,1.9820663251659e-08,1.10108473176478e-08,7.68183333398704e-09,6.85990666337629e-09,1.00728383497324e-08,6.96651458767545e-09,1.02468696299375e-08,6.34634678485236e-09,6.02661120026647e-09,4.15505267999363e-09,5.84311594977298e-09,7.45938513274084e-09,7.17028431309517e-09,5.14028942163928e-09,3.62767940142558e-09,3.19822242024519e-09,6.37186631625747e-09,3.87819345839843e-09,6.64748579258558e-09
8.51849523069746e-09,2.06120269623222e-08,3.77668799283133e-08,1.5691759735547e-08,3.26166665687259e-08,2.51585715842819e-08,2.4451303181824e-08,4.44427440288809e-08,4.18568710144116e-08,3.87606828053724e-08,6.99053399372852e-08,6.08788826739501e-08,5.20890363011338e-08,4.76304129245749e-08,2.3730143928906e-08,8.13201341732615e-08,3.82779486096406e-08,6.85222449306972e-08,4.01193695756281e-08,1.9965971490592e-08,9.73651347010222e-09,3.19286980035637e-08,1.70761751445252e-08,2.74064609561845e-08,1.66077481622122e-08,8.50463873448786e-09,1.07228725476697e-08,1.44384833935227e-08,9.10993179000001e-09,1.41511275506044e-08,7.75240410623093e-09,9.77988205452821e-09,6.16690093252293e-09,8.33342621981017e-09,1.03856453920623e-08,8.62428157792205e-09,8.54774877905644e-09,5.13875765773981e-09,3.91005805794175e-09,8.83269937527974e-09,5.41254131439804e-09,9.1597249896388e-09,4.51507266898196e-09,3.5832098181609e-09,3.16081790044811e-09,4.8822948209138e-09,3.74657214616427e-09,4.94750119062433e-09,5.99683643808395e-09,9.706388279871e-09,2.2019793832623e-08,1.08619565379444e-08,1.80045116771239e-08,1.69284813635422e-08,1.37530922190456e-08,2.65418242766281e-08,2.66404314006522e-08,2.24770159097961e-08,4.25445038741233e-08,3.55944176675679e-08,3.3793044211132e-08,3.14424947551122e-08,1.36822900306859e-08,5.31499234798287e-08,2.61123668206658e-08,4.58134996350688e-08,2.68460437726812e-08,1.17270241146446e-08,6.2022699232097e-09,2.19123009539783e-08,1.1308552455922e-08,1.92936714578748e-08,1.05746518201342e-08,5.71460464910418e-09,5.85560160542146e-09,1.03926154059128e-08,5.09662471233121e-09,7.97410598288266e-09,5.2581087694387e-09,5.20147372234597e-09,3.88810956374955e-09,4.72025267593843e-09,5.52421893584727e-09,5.49942765823012e-09,4.22518092270117e-09,3.14292380971805e-09,3.09938542457796e-09,4.71324857510777e-09,4.11967876381939e-09,5.9570916157597e-09,2.87552287474201e-09,2.82818354634012e-09,2.46617722495376e-09,3.47520947270291e-09,3.04322178625856e-09,3.55855860431371e-09
1.02662233693608e-08,1.02677240525484e-08,1.80473327017155e-08,9.05851004701104e-09,1.75266340974696e-08,1.44411914261452e-08,1.24102240959886e-08,2.14288377365872e-08,4.46010305385654e-08,2.12654297273219e-08,3.3692740077262e-08,3.29408853630506e-08,2.49263849530212e-08,5.1799032433005e-08,5.73247424726043e-08,3.82779486096406e-08,9.34882072451514e-08,7.36712796098546e-08,4.35277867792915e-08,4.73766948934342e-08,2.09527274499653e-08,7.77641235324038e-08,3.26795718562949e-08,5.62320570995744e-08,3.98889176784415e-08,1.76386978602755e-08,1.18189580289214e-08,2.70397447185886e-08,1.62783919052739e-08,2.45962763121727e-08,1.55107347661077e-08,1.04988100394722e-08,1.37467330375697e-08,1.41565238487476e-08,1.03813668392978e-08,1.40219074624018e-08,8.67464609646174e-09,1.19632114483027e-08,5.22675985526291e-09,8.48332920151190e-09,1.31519598104515e-08,9.50147864987365e-09,9.78341557498475e-09,4.36546691840766e-09,3.82298153929331e-09,1.08179577846806e-08,4.58991569729161e-09,1.09711256719008e-08,8.9553596170943e-09,5.12599344610858e-09,1.10756413710045e-08,7.41701712997186e-09,1.17190650218932e-08,1.07186872166857e-08,6.84864551444939e-09,1.33278974210895e-08,2.68456057857608e-08,1.38651630018915e-08,2.01187535984452e-08,1.96853236571655e-08,1.55594708657419e-08,3.26591001178891e-08,3.4078582220913e-08,2.31349115743619e-08,5.86780901702832e-08,4.41437384909031e-08,2.68966704302725e-08,2.94462677511959e-08,1.14437209336894e-08,4.89784827633964e-08,2.02762883753224e-08,3.55327304434286e-08,2.61511860302969e-08,1.01920090490512e-08,8.45317942046071e-09,1.80449706216162e-08,1.01398534099196e-08,1.54857832384064e-08,9.08283952972602e-09,7.34355548592439e-09,7.62872212884752e-09,9.02043505002567e-09,6.92242708795502e-09,9.48249724729488e-09,6.04487266855704e-09,6.69759066806727e-09,4.08498409483992e-09,5.88551913843882e-09,8.06759300244769e-09,7.36191087668317e-09,5.9917407816711e-09,3.76414488838442e-09,3.27200486580979e-09,7.16283678639289e-09,4.12104159188979e-09,7.54621794423893e-09
8.45967649085813e-09,2.07622393697686e-08,3.46243126279386e-08,1.49440569662659e-08,3.01688907540943e-08,2.24512649704209e-08,2.48278435419062e-08,4.13404255591372e-08,3.37163157135514e-08,3.65059920990873e-08,5.8816034523235e-08,5.17738194584445e-08,4.92040000230385e-08,3.81900853844945e-08,5.30566806289081e-08,6.85222449306972e-08,7.36712796098546e-08,1.119423757788e-07,3.17718334436656e-08,4.35285933634977e-08,1.92735068891101e-08,6.07240040647538e-08,2.94760868011333e-08,4.2443436435307e-08,3.69757987181701e-08,1.62048625000436e-08,1.12004201781345e-08,2.4585598808056e-08,1.50550858069531e-08,2.24456720473758e-08,1.42371797538716e-08,1.00770700477799e-08,1.46449020856119e-08,1.31706226228075e-08,1.06416128483344e-08,1.33711232874909e-08,8.22950702601393e-09,1.26041649212097e-08,5.69464053209126e-09,8.4234612722259e-09,1.34811692518335e-08,9.64851050364367e-09,1.03820879122019e-08,4.87473563142926e-09,4.10538380907971e-09,1.12644627614566e-08,5.20836297594578e-09,1.13179704033568e-08,6.40471267950852e-09,1.08956363815338e-08,2.04274884579975e-08,1.10534959496243e-08,1.68165919178305e-08,1.46915588083013e-08,1.47297247867797e-08,2.52651046632598e-08,2.15661361221351e-08,2.11148207689963e-08,3.70183208307624e-08,3.065862089787e-08,3.17266549503504e-08,2.51402388653053e-08,3.03340515693898e-08,4.54989598434349e-08,4.76419719603885e-08,7.14877913268604e-08,2.11057832931788e-08,2.59333220818994e-08,1.11797686935424e-08,3.97490161498298e-08,1.83869427037136e-08,2.82564914091587e-08,2.3712845835219e-08,1.00940460177818e-08,7.90736070778873e-09,1.69973525151804e-08,9.48503508539724e-09,1.44246669641723e-08,9.00920106562391e-09,7.19862360693775e-09,7.83714706726814e-09,8.35525993554502e-09,7.35912374165582e-09,9.64115257897105e-09,5.90275289021431e-09,6.61284275168723e-09,4.61403524138861e-09,6.21016767345691e-09,8.01089456453803e-09,8.47740347759847e-09,5.67943411899712e-09,4.20117894342246e-09,3.37020699257562e-09,6.86714926951378e-09,4.44792548645441e-09,7.14768174486155e-09
8.27251063584481e-09,7.87226070794826e-09,1.68010869750303e-08,7.89565253616196e-09,1.60412148765587e-08,1.43032740030676e-08,9.64670492517099e-09,1.91203789063274e-08,4.56835804825283e-08,1.9165567198241e-08,3.55076105208389e-08,3.47716553530347e-08,2.21408767215467e-08,5.29408048827466e-08,2.18889057539088e-08,4.01193695756281e-08,4.35277867792915e-08,3.17718334436656e-08,6.16565724741232e-08,2.5443767602869e-08,1.14878348420101e-08,5.13679645387848e-08,2.18237432403468e-08,4.42837347046241e-08,2.04084733642463e-08,9.66011893057634e-09,1.15605119700608e-08,1.7643193953483e-08,1.04069434314277e-08,1.74570360129133e-08,8.5569140230436e-09,1.0307325400928e-08,6.5314128076874e-09,9.12190150707834e-09,1.08503376232163e-08,9.67700923878979e-09,8.66913317130114e-09,5.44941549339374e-09,4.3439916513721e-09,9.02237916783877e-09,6.22957481541397e-09,9.78403886940068e-09,4.68406803498762e-09,3.74897335971628e-09,3.26875494383946e-09,5.41687425657149e-09,4.07036706900139e-09,5.5829942241331e-09,5.52291834888448e-09,3.2550528382473e-09,9.34788380839241e-09,5.65239051646246e-09,1.02123629632388e-08,1.05797344655282e-08,5.32785095983133e-09,1.11605523346815e-08,2.74333359950978e-08,1.28594161388217e-08,2.07243069461459e-08,2.08048783355928e-08,1.35139643465589e-08,3.32883189441253e-08,1.27435446253607e-08,2.4037255029119e-08,2.73174621313255e-08,1.97286432253863e-08,3.94634792161711e-08,1.57823538643837e-08,6.76398592228243e-09,3.25086625657708e-08,1.37950735416591e-08,2.84764358688081e-08,1.30316466240331e-08,5.88005284883336e-09,7.25102914925928e-09,1.18195803789299e-08,6.26235882335542e-09,1.01495536159743e-08,5.13798404809071e-09,6.12523347036806e-09,4.02716240048839e-09,5.46341288424486e-09,5.76104463173361e-09,5.71057960521189e-09,5.10934413659895e-09,3.39694349661609e-09,3.16668302232402e-09,4.8450271042839e-09,4.33219356990004e-09,6.07505949681844e-09,3.2897928717547e-09,2.86792274226816e-09,2.81360906799972e-09,3.9855054947162e-09,3.40783794351035e-09,4.28498188631492e-09
