8.53885095449568e-08,4.25450327570652e-08,2.10398066708948e-08,6.78451777787143e-08,4.15354596842208e-08,6.41259482939436e-08,3.69823484148165e-08,1.81507744205174e-08,1.77346196109204e-08,3.59579021025661e-08,1.85426902908243e-08,3.4629189457264e-08,1.56353698913755e-08,1.56950689045113e-08,1.21716185229659e-08,1.58318109083886e-08,1.79973537474272e-08,1.73706366526938e-08,1.39014426568247e-08,1.09769090898793e-08,8.44702338935108e-09,1.60147231208631e-08,1.09829525715059e-08,1.54868865193623e-08,1.02310001856386e-08,7.88805244725021e-09,6.17785229573888e-09,1.02221665653366e-08,8.43896905423688e-09,1.05285680301873e-08,7.48291206130957e-09,5.81484256404863e-09,5.73852713820693e-09,7.96556941434424e-09,7.25598866758097e-09,9.84208412769732e-09,5.01057869449461e-09,4.7283846040879e-09,5.13847067455837e-09,6.42796934148907e-09,6.33004937636942e-09,7.56521862734779e-09,4.45198647067187e-09,4.86804390537908e-09,4.36013458697107e-09,5.95832359197656e-09,5.98786635548501e-09,7.06847612685628e-09,6.73142479049582e-08,3.25499218058507e-08,1.71044629581991e-08,5.14613514161604e-08,3.26729506359602e-08,4.90894361974786e-08,2.86020835730519e-08,1.49779997601009e-08,1.48653280214713e-08,2.89662607291005e-08,1.44631827004994e-08,2.62299909760715e-08,1.27630977282596e-08,1.32915530345442e-08,9.83281916192558e-09,1.22967714898698e-08,1.39526466649665e-08,1.32167576144947e-08,1.18024189194437e-08,8.99577211993575e-09,5.9277028749409e-09,1.25531388451407e-08,9.14026597305374e-09,1.17750675438481e-08,8.14005800031656e-09,5.36010587908392e-09,4.98891505336983e-09,8.14563254929217e-09,6.30206974774491e-09,8.55555437802588e-09,5.24414540429159e-09,4.64177550785647e-09,4.9674847634741e-09,6.07057982833795e-09,6.04102418913137e-09,8.06722366474007e-09,4.1246166464348e-09,4.24113911050721e-09,3.8035654982959e-09,5.33181874598206e-09,4.6894372676603e-09,5.53534210400317e-09,3.88726077995857e-09,3.51712863826107e-09,4.11892970253874e-09,4.39528933427926e-09,5.21224240556605e-09,5.88466178706188e-09
4.25450327570652e-08,1.57771688886171e-07,4.91555642625782e-08,8.22014689436549e-08,1.33368883498789e-07,6.67691788480402e-08,1.33396460322178e-07,4.04568814295693e-08,2.17642342216178e-08,1.12060559326009e-07,3.68923445029771e-08,1.02847292248601e-07,3.47275840026766e-08,1.86036473358888e-08,2.04027976531285e-08,3.13415247727972e-08,2.16112227534067e-08,3.12957106075614e-08,1.57521125609767e-08,1.74438718940212e-08,1.24984706950439e-08,1.84645414248014e-08,1.87252645180147e-08,1.8470956765662e-08,1.60548855222078e-08,1.17184410624582e-08,9.6631789286088e-09,1.72115303538903e-08,1.34057407689113e-08,1.94958308981245e-08,1.09749211684058e-08,8.94860999863751e-09,9.46936985668306e-09,1.23631636029127e-08,1.0688097547656e-08,1.40112880805396e-08,8.04205545652572e-09,8.16714648529119e-09,7.82147422735142e-09,9.59489443340385e-09,9.70171346226392e-09,1.03701233601731e-08,7.56086676390207e-09,7.48104833638134e-09,7.15590854470132e-09,9.2758518197575e-09,9.08041554325158e-09,1.06306126245951e-08,3.56954526143176e-08,1.09396464800412e-07,3.56123728036514e-08,6.75691813607669e-08,8.52789487340572e-08,5.17071192511316e-08,9.42703634758227e-08,2.94772207403768e-08,1.54459977623755e-08,7.36510639052237e-08,2.60581239881988e-08,6.52982698799826e-08,2.62232873101818e-08,1.30770012266138e-08,1.76012569418786e-08,2.27226946786812e-08,1.69073811666347e-08,2.30501805213926e-08,1.11401886059795e-08,1.5057058771973e-08,9.91108503486821e-09,1.46082304144293e-08,1.50011200411804e-08,1.45333472919719e-08,1.35140552720843e-08,9.27492069034186e-09,7.67793050968201e-09,1.3602609323694e-08,1.0559787706461e-08,1.56729748661841e-08,8.70047017309878e-09,6.93878115988691e-09,6.70827798643455e-09,9.77769005357994e-09,7.69061936814711e-09,1.0019526585774e-08,6.31951901005499e-09,6.27040854565318e-09,4.81350929129267e-09,7.39870984711039e-09,6.34671375477768e-09,7.08143614170705e-09,5.72158563604749e-09,4.86811187212639e-09,5.66571570603848e-09,6.18528006596719e-09,8.3432770231452e-09,8.79802254877848e-09
2.10398066708948e-08,4.91555642625782e-08,1.0655077071953e-07,3.93862425942796e-08,8.89746632123953e-08,7.28380078340397e-08,4.04950228574678e-08,8.60103128544101e-08,3.69562339436112e-08,7.13291808424998e-08,6.661547407515e-08,5.61220871492892e-08,7.47989512856211e-08,3.18698996242752e-08,1.68485915483421e-08,5.72080873191181e-08,3.08232942298131e-08,5.21974418431252e-08,2.69701696972657e-08,1.43898456005058e-08,1.49763785594576e-08,2.56468132315875e-08,1.47159576106848e-08,2.38072531279256e-08,1.26142998715466e-08,1.36214817049143e-08,8.18105914892161e-09,1.32592987289028e-08,1.48108109421159e-08,1.40594192660074e-08,1.26516480296926e-08,7.55078111221876e-09,7.18126736949573e-09,1.36808521063768e-08,8.74791658741458e-09,1.47647368007783e-08,6.55681183360496e-09,6.21760124993324e-09,6.2006112707177e-09,7.59316004825746e-09,7.81638325513613e-09,8.96706359394544e-09,6.33325809225226e-09,5.98375223781489e-09,6.36551117349734e-09,7.96360142900733e-09,7.29455971633557e-09,8.96169056759526e-09,1.61076972213788e-08,4.06199881034387e-08,8.06707576027401e-08,3.31856480418402e-08,6.7889407042121e-08,5.52189397618702e-08,3.3237485177381e-08,6.46924790691327e-08,2.76233874599459e-08,5.46590989382531e-08,5.02845680493128e-08,4.26662481189144e-08,5.71463747913481e-08,2.33360088042161e-08,1.4006897113273e-08,4.32792641967444e-08,2.24561139856965e-08,3.88405426084678e-08,2.02056334254031e-08,1.1642137940905e-08,1.07033025524681e-08,1.91117082952573e-08,1.19967421291619e-08,1.6485261872877e-08,1.04701497387891e-08,9.88407403604224e-09,5.67103921070889e-09,1.10305990279981e-08,1.07341326082968e-08,1.08448808810429e-08,9.09760724032775e-09,5.2213673577521e-09,5.79533372933704e-09,9.93544286058045e-09,6.10261258574659e-09,1.14370949604286e-08,4.63078260807988e-09,5.08736800056426e-09,5.00340657986855e-09,5.31163472381454e-09,6.68526231495487e-09,6.88572271118412e-09,5.00939459118922e-09,4.90922245983746e-09,4.43679417427444e-09,6.61383411584361e-09,5.95846875028612e-09,7.42925954126418e-09
6.78451777787143e-08,8.22014689436549e-08,3.93862425942796e-08,1.18244159249243e-07,6.53555144048917e-08,9.25087680384598e-08,6.93936620091305e-08,3.29020612465035e-08,1.89895375952362e-08,5.55407257763716e-08,3.02953914325486e-08,5.0136944456902e-08,2.83750355500552e-08,1.66413096604504e-08,2.0509065466584e-08,2.60509140447897e-08,1.99552296491182e-08,2.66397507914554e-08,1.38693560754247e-08,1.78274442027185e-08,1.15943098381296e-08,1.69728837610451e-08,1.9072864514447e-08,1.67956322856465e-08,1.6356443608241e-08,1.08128327283827e-08,7.5940335268947e-09,1.7502379617044e-08,1.13412043375884e-08,1.81474667118149e-08,1.02980524986624e-08,7.10295746190744e-09,7.7238130121579e-09,1.07023026432571e-08,9.37568027591257e-09,1.29306845521483e-08,6.32764778285506e-09,6.86631991621227e-09,6.35087604966012e-09,8.54585575372556e-09,8.06845057481815e-09,9.74215191127581e-09,6.51424402919038e-09,6.09097939262721e-09,6.00104211906239e-09,7.66607682114558e-09,7.68837481574305e-09,9.05434460574161e-09,5.27616778609893e-08,6.46671342342443e-08,3.11837675183097e-08,9.19983857912799e-08,4.96579169015291e-08,7.0726027275909e-08,5.49837594136632e-08,2.63700166832143e-08,1.3365948772844e-08,4.29706142439231e-08,2.27954838810605e-08,3.66896537947234e-08,2.30139255850351e-08,1.18466815171651e-08,1.64834853937713e-08,1.96706001040602e-08,1.44432259982843e-08,1.97469885876773e-08,1.02379062378799e-08,1.44571799558359e-08,8.81769926872371e-09,1.26216561220947e-08,1.52956461513791e-08,1.25734849295599e-08,1.29168943604491e-08,8.09919709226372e-09,6.36189303853387e-09,1.36342789754517e-08,8.95942757300969e-09,1.47535741620673e-08,7.78647156552976e-09,5.87522229192181e-09,5.63355123307543e-09,8.5171456859097e-09,6.8191689199605e-09,9.34383000045674e-09,5.33687466437636e-09,5.26200782892561e-09,4.59792962300939e-09,6.38411385301058e-09,5.81465388096113e-09,7.253652531517e-09,4.78674538701811e-09,4.31876436644165e-09,5.17601459396925e-09,5.37525087884078e-09,6.57081701486242e-09,7.38299240754672e-09
4.15354596842208e-08,1.33368883498789e-07,8.89746632123953e-08,6.53555144048917e-08,1.98987200185691e-07,1.09046129820615e-07,1.12083315963582e-07,7.12955635926453e-08,3.60353182869915e-08,1.61957457722533e-07,5.5218729921352e-08,1.33735541241633e-07,6.13973758347425e-08,3.10940763251664e-08,1.88970394808511e-08,4.70854255937387e-08,3.06557170008539e-08,4.37529509687366e-08,2.63360878333615e-08,1.62591203537789e-08,1.8890691384384e-08,2.58747525914367e-08,1.77681574784752e-08,2.57584079053575e-08,1.46030215724493e-08,1.74956321574428e-08,1.22019418715663e-08,1.61819563171028e-08,2.04797962080506e-08,1.74218861247967e-08,1.64261835005744e-08,1.13679098827994e-08,1.02724357997523e-08,1.88819816163483e-08,1.28613058057613e-08,2.05917166198029e-08,9.84996786621543e-09,8.94710255066723e-09,9.53541487554641e-09,1.13009285300264e-08,1.10084092305962e-08,1.29072792154155e-08,8.54857816260783e-09,9.15053869403021e-09,8.51227716026095e-09,1.06346120203625e-08,1.11180759040612e-08,1.26368551904947e-08,3.47463533708721e-08,8.97568900125462e-08,6.57278842674403e-08,5.39179833359157e-08,1.30050614205902e-07,8.35358591150916e-08,7.700168783986e-08,5.253973476063e-08,2.58604678454521e-08,1.07214901081113e-07,3.96376918096433e-08,8.69582156858375e-08,4.61124062295222e-08,2.17339651415804e-08,1.49554778888446e-08,3.41800242405782e-08,2.11163585956768e-08,3.19128202294198e-08,1.85711672646263e-08,1.28588647542738e-08,1.38579632201932e-08,1.82412496941571e-08,1.47310728244675e-08,1.82597188475609e-08,1.18059649881371e-08,1.28618649452853e-08,8.96185832845088e-09,1.35048030623021e-08,1.5328183872244e-08,1.38266395275977e-08,1.2050928231005e-08,8.30565389518116e-09,7.64736900267999e-09,1.43720729224738e-08,9.17990483801714e-09,1.51900788911218e-08,7.07555045880752e-09,6.92778609214164e-09,6.82673699191562e-09,8.40267576656304e-09,8.0762011564161e-09,9.17046014450093e-09,6.60938083269691e-09,6.45068469239093e-09,6.56579582161406e-09,7.76506169757632e-09,9.76723311508027e-09,1.04110675362878e-08
6.41259482939436e-08,6.67691788480402e-08,7.28380078340397e-08,9.25087680384598e-08,1.09046129820615e-07,1.42047558427761e-07,5.56266670377736e-08,5.78858574804519e-08,3.02155036263869e-08,8.85761977307301e-08,4.50261886496149e-08,7.05018847230121e-08,4.98479535874755e-08,2.60284407189068e-08,1.7175709186457e-08,3.81934406259625e-08,2.65785988977804e-08,3.69782487023666e-08,2.20085353988536e-08,1.50731053778803e-08,1.61388308346236e-08,2.25827550777812e-08,1.56364195481742e-08,2.1489581149929e-08,1.35256510423163e-08,1.50068114440765e-08,9.30552394895651e-09,1.42055555543251e-08,1.70352978827431e-08,1.45984204366925e-08,1.42511257805228e-08,8.80789779717201e-09,8.32101317590907e-09,1.60216682195987e-08,1.08422004730668e-08,1.8544329248739e-08,7.77007985302414e-09,7.28184572078877e-09,7.52684071886139e-09,9.76881222389286e-09,8.94842294921629e-09,1.15028079087747e-08,7.40866895440494e-09,7.50935034447711e-09,7.01180208429727e-09,9.11112512848489e-09,8.71144348313574e-09,1.06094168815807e-08,4.89495222853898e-08,5.22811792517229e-08,5.47855895036334e-08,7.05188069305148e-08,8.11785621365673e-08,1.07179261282632e-07,4.32781502754733e-08,4.38735590527921e-08,2.1834324664557e-08,6.65458726292237e-08,3.29930233165652e-08,5.14459362587556e-08,3.79355366866156e-08,1.82253736229747e-08,1.27446524432474e-08,2.76754509141626e-08,1.79920383015019e-08,2.65190640445928e-08,1.56516989459288e-08,1.12220727211881e-08,1.13171297720674e-08,1.55815148875657e-08,1.27644470459985e-08,1.4745346613739e-08,1.01596606302917e-08,1.0432417496383e-08,6.75949991131661e-09,1.14419008757849e-08,1.25871002916501e-08,1.15456723137174e-08,1.00116873820952e-08,6.46218079139605e-09,6.22522242772307e-09,1.20824055462422e-08,7.68809368958538e-09,1.37949002319777e-08,5.66333684886539e-09,5.70077096565374e-09,5.85712654481711e-09,6.95337046899714e-09,7.27189300103048e-09,8.69016339113644e-09,5.47283841843567e-09,5.86488537435e-09,5.70957008496949e-09,7.18247071534747e-09,7.59895131976704e-09,8.67388024375115e-09
3.69823484148165e-08,1.33396460322178e-07,4.04950228574678e-08,6.93936620091305e-08,1.12083315963582e-07,5.56266670377736e-08,1.68097816790628e-07,4.55776298101952e-08,2.62773747204145e-08,1.43862928940604e-07,4.27191807279587e-08,1.3501228692716e-07,3.9481406540576e-08,2.24715351440149e-08,2.28593687151555e-08,3.66858322996479e-08,2.5682640545173e-08,3.63442764043898e-08,1.91434077890914e-08,1.91871707665048e-08,1.36395279919116e-08,2.19906180517941e-08,2.05229403559814e-08,2.16295239931022e-08,1.76293548069852e-08,1.27457115644101e-08,1.0586150403764e-08,1.88905938810232e-08,1.45255237970863e-08,2.07812701413477e-08,1.18447016120656e-08,9.78464644852964e-09,1.04065462229985e-08,1.33232019113108e-08,1.16613903062813e-08,1.51150022891448e-08,8.78554899044458e-09,8.82924024529099e-09,8.59090530438768e-09,1.05661421105472e-08,1.05129285504144e-08,1.14976061292744e-08,7.88634133726223e-09,7.75139526496643e-09,7.17516349502396e-09,9.30776285802201e-09,9.2180897297893e-09,1.05305747064729e-08,3.10084814345126e-08,9.42739323245516e-08,2.9495175245681e-08,5.7013043471738e-08,7.36557174027297e-08,4.37182929925174e-08,1.20148836113455e-07,3.33751588468713e-08,1.80142558352059e-08,9.70552507240381e-08,3.08246557725161e-08,8.89916641244153e-08,2.99142583711025e-08,1.51111810794975e-08,1.86539114332794e-08,2.7193146797518e-08,1.90610793679751e-08,2.74946540896376e-08,1.26010544446018e-08,1.58812464756304e-08,1.09234447917208e-08,1.60368189557353e-08,1.62961832571434e-08,1.60720924035535e-08,1.42560089808717e-08,1.01938995576163e-08,8.09203115888106e-09,1.48273071941079e-08,1.14743372175601e-08,1.59604113181359e-08,9.52658932751296e-09,7.24760048185801e-09,7.55838411131766e-09,1.05381813088632e-08,8.0451647139937e-09,1.02423591637958e-08,6.51985972708182e-09,6.75465932993674e-09,5.73861195616648e-09,7.70675553250588e-09,7.12526565391766e-09,7.64497616700714e-09,6.04823421962261e-09,5.21282402113405e-09,5.61905562936673e-09,6.34565416298409e-09,8.5732880273124e-09,9.0593060850804e-09
1.81507744205174e-08,4.04568814295693e-08,8.60103128544101e-08,3.29020612465035e-08,7.12955635926453e-08,5.78858574804519e-08,4.55776298101952e-08,9.3263789987205e-08,3.95137936219132e-08,7.94044831960719e-08,7.24384729153768e-08,6.35033945931446e-08,8.12667326754776e-08,3.41705375209578e-08,1.81323733442357e-08,6.23872220370964e-08,3.25783723126783e-08,5.68335786583492e-08,2.89573660808462e-08,1.53043401871079e-08,1.55731019418321e-08,2.72289774146252e-08,1.53140182207745e-08,2.51011907083967e-08,1.33823374160882e-08,1.41184406418979e-08,8.69260983088638e-09,1.37459057478749e-08,1.57490465540518e-08,1.46759112411087e-08,1.29966603413195e-08,8.06729641654429e-09,7.64421071199036e-09,1.44582166939685e-08,9.39464597589272e-09,1.55580030573885e-08,6.91956633612641e-09,6.64106413574828e-09,6.85862915473387e-09,8.11541633707495e-09,8.62849211394013e-09,9.77698676432029e-09,5.96465470572012e-09,6.16378097535948e-09,6.20718644841158e-09,7.71739569936139e-09,6.99722527626814e-09,8.39039777298112e-09,1.41644355609533e-08,3.32196377096133e-08,6.46889277524517e-08,2.75309897034397e-08,5.46420295810194e-08,4.39840054847431e-08,3.73632994292447e-08,6.93947763932815e-08,2.9418129876099e-08,5.97950333606961e-08,5.42973751579108e-08,4.76699651880334e-08,6.12761274601064e-08,2.51232603360585e-08,1.47391304303937e-08,4.67845170346141e-08,2.33817243862062e-08,4.21511046276517e-08,2.11983144480654e-08,1.21635939567576e-08,1.09994457300089e-08,1.94984502370497e-08,1.25155065467803e-08,1.69573625955594e-08,1.07087531329996e-08,1.02372529826555e-08,5.99035726842502e-09,1.14036734396134e-08,1.12880522681806e-08,1.14942063516738e-08,9.39541955019397e-09,5.53030690202855e-09,6.06349557633679e-09,1.04902912079794e-08,6.35545046684075e-09,1.1213564836745e-08,4.78882135345251e-09,5.38546243747762e-09,5.21075551560194e-09,5.56646280991005e-09,7.07681294024975e-09,7.05212803522952e-09,4.86396812304473e-09,4.64572911855679e-09,4.28402139505251e-09,6.39027542004869e-09,5.81106571537952e-09,7.18834534675572e-09
1.77346196109204e-08,2.17642342216178e-08,3.69562339436112e-08,1.89895375952362e-08,3.60353182869915e-08,3.02155036263869e-08,2.62773747204145e-08,3.95137936219132e-08,8.97721685079149e-08,4.23878557940318e-08,6.76584375855063e-08,6.65191077410756e-08,3.41752971638513e-08,7.71193076505418e-08,3.45741430155239e-08,5.78209164064613e-08,6.4437193754419e-08,4.88790083128732e-08,6.61484934632155e-08,2.92755026302859e-08,1.47744903682043e-08,5.49852656822309e-08,2.45930430808162e-08,4.80340583489462e-08,2.56666377949099e-08,1.31774836526931e-08,1.27333019036099e-08,2.15474193696835e-08,1.44046937405427e-08,2.23909130866731e-08,1.18130093575412e-08,1.16022817019795e-08,8.4861831033424e-09,1.28034992487355e-08,1.19051345438929e-08,1.34656263358234e-08,9.67321108457101e-09,7.20905833074605e-09,5.99703912312502e-09,1.05008765595254e-08,8.55207702797187e-09,1.17857989261036e-08,6.6203364660514e-09,5.46574529880638e-09,5.97582211367469e-09,7.66153928819827e-09,6.4579333849002e-09,8.58132965336020e-09,1.3478157504838e-08,1.7072590389806e-08,2.85322741860231e-08,1.57819454007958e-08,2.92743105934968e-08,2.36213497788147e-08,2.171747554226e-08,3.01309157444887e-08,6.7356885394468e-08,3.29573034390114e-08,5.13262817032671e-08,5.16898276319949e-08,2.62993781651244e-08,5.84952731393799e-08,2.69244600131636e-08,4.43771071160383e-08,4.74648831078122e-08,3.70033587535464e-08,5.04896635407335e-08,2.28076720514134e-08,1.01030987685904e-08,4.07442595847871e-08,1.97359204032609e-08,3.56734347105293e-08,2.0156983907561e-08,9.07660144141459e-09,9.18792499123543e-09,1.76604439144767e-08,1.04946627583393e-08,1.78234123784945e-08,8.09647620492065e-09,8.36215978550411e-09,7.1682820606665e-09,9.58036545851786e-09,8.03068284804812e-09,1.00532575122091e-08,6.86748738506184e-09,6.11145193297914e-09,5.28786513539199e-09,7.12448755414489e-09,7.59380793410247e-09,8.87454075700579e-09,5.63843524721666e-09,4.73914839755514e-09,4.71656471422711e-09,6.9028062937143e-09,6.09129613381176e-09,7.58823547590265e-09
3.59579021025661e-08,1.12060559326009e-07,7.13291808424998e-08,5.55407257763716e-08,1.61957457722533e-07,8.85761977307301e-08,1.43862928940604e-07,7.94044831960719e-08,4.23878557940318e-08,2.01794486997881e-07,6.33037757067577e-08,1.71824043541958e-07,6.8653558227125e-08,3.65685422416772e-08,2.18600904433023e-08,5.43225974720637e-08,3.59543178323494e-08,5.02792000743932e-08,3.12600177468284e-08,1.85370418780084e-08,2.04432661366949e-08,3.06315957562517e-08,1.97807124854406e-08,2.98182886895174e-08,1.64596479810974e-08,1.88551333757035e-08,1.3579084967083e-08,1.79445807060912e-08,2.22574195113772e-08,1.89895660315314e-08,1.7591079608006e-08,1.26727009001083e-08,1.16111011388585e-08,2.04789917014259e-08,1.43517153359071e-08,2.21642298204906e-08,1.10232593547284e-08,1.00191795032912e-08,1.03462460120544e-08,1.26741719164097e-08,1.21839387277759e-08,1.42624910214076e-08,9.03093726827749e-09,9.49520795824584e-09,8.66291379238067e-09,1.09842829111598e-08,1.10660719477746e-08,1.24606571728286e-08,3.02267241355424e-08,7.69941848833147e-08,5.2553440725325e-08,4.59004680435076e-08,1.07208818367367e-07,6.8223679515043e-08,1.02643375754883e-07,5.75110932394647e-08,2.99183458139096e-08,1.34886921496702e-07,4.54396572622957e-08,1.13407839548832e-07,5.08208220038876e-08,2.55492051278351e-08,1.69494697154601e-08,3.95647609713762e-08,2.43696731671728e-08,3.70941203630711e-08,2.12983593702879e-08,1.43755312043718e-08,1.46840261229117e-08,2.03767702125609e-08,1.66203118940611e-08,2.05105682358858e-08,1.26946054422058e-08,1.38435059837375e-08,9.46744770347886e-09,1.51904904241653e-08,1.61332967774179e-08,1.50837329965478e-08,1.2928952773264e-08,8.72113354441395e-09,8.79039900515828e-09,1.51214216691929e-08,9.89867682746501e-09,1.56974569445408e-08,7.38445258841966e-09,7.71035592071917e-09,7.7689809851892e-09,9.02102233610015e-09,9.18772626384425e-09,9.80114014532493e-09,6.99799261153396e-09,7.10013345041035e-09,6.87379539461783e-09,8.31086577600563e-09,1.02911363830607e-08,1.06380671600016e-08
1.85426902908243e-08,3.68923445029771e-08,6.661547407515e-08,3.02953914325486e-08,5.5218729921352e-08,4.50261886496149e-08,4.27191807279587e-08,7.24384729153768e-08,6.76584375855063e-08,6.33037757067577e-08,1.11043390621059e-07,9.55543264520886e-08,6.23932509021085e-08,5.78193021724477e-08,3.07126561028119e-08,9.44891818917056e-08,4.88708262257226e-08,7.94246907319823e-08,4.98243051606397e-08,2.64079004021165e-08,1.50645929533999e-08,4.17705341092224e-08,2.33209724601679e-08,3.62579587387038e-08,2.2978003182076e-08,1.32760212601281e-08,1.40530157969596e-08,2.05623957608768e-08,1.45942932692235e-08,2.15424694792959e-08,1.20245270025703e-08,1.28405836678917e-08,9.05183541651424e-09,1.32150840059058e-08,1.36152396525222e-08,1.40836047294851e-08,1.08274883473442e-08,7.73545328546555e-09,7.33667475901376e-09,1.18895454001327e-08,9.74344684380913e-09,1.34954386515822e-08,6.85899286749055e-09,6.33359427951261e-09,6.7094851034271e-09,8.35473703395487e-09,7.24425848190924e-09,9.15319270613874e-09,1.47839807882653e-08,2.92602723427377e-08,4.98541800751769e-08,2.48360208324999e-08,4.36185162735716e-08,3.48085675813886e-08,3.36408991974345e-08,5.44309757646665e-08,5.04495701337633e-08,4.82959966280563e-08,8.21174735788863e-08,7.03615403758864e-08,4.77773949595969e-08,4.30391897641875e-08,2.34194953186206e-08,7.07557152223721e-08,3.59074301844629e-08,6.02109286063029e-08,3.75168752039549e-08,2.05789509031831e-08,1.06080926599312e-08,3.1164762621074e-08,1.91471916225758e-08,2.60356729746974e-08,1.79516749653142e-08,9.50292857457226e-09,9.57629131908941e-09,1.71658368969634e-08,1.07421749789726e-08,1.73943747718684e-08,8.59878909293943e-09,8.73310732198737e-09,7.23683376835428e-09,9.87519259488698e-09,8.05064374366038e-09,1.02218569485881e-08,7.1845144463849e-09,6.0788898248735e-09,5.52226806087069e-09,7.16653980703039e-09,7.94742810332949e-09,9.13336288995728e-09,5.55502678526967e-09,4.83553690589366e-09,4.97959589796621e-09,7.08036431991846e-09,5.96526980982684e-09,7.73472394560591e-09
3.4629189457264e-08,1.02847292248601e-07,5.61220871492892e-08,5.0136944456902e-08,1.33735541241633e-07,7.05018847230121e-08,1.3501228692716e-07,6.35033945931446e-08,6.65191077410756e-08,1.71824043541958e-07,9.55543264520886e-08,2.24254697786536e-07,5.45321735316118e-08,5.6893270814983e-08,3.21546724078633e-08,8.11032895152581e-08,4.91346082572947e-08,6.85914715801785e-08,4.91452750459069e-08,2.74218012710526e-08,1.81996588796166e-08,4.24347752799924e-08,2.55144855781786e-08,3.80944511507329e-08,2.39041546370903e-08,1.64703424855154e-08,1.8963196008568e-08,2.26938087657433e-08,1.90460750088966e-08,2.33762752397342e-08,1.51577974224977e-08,1.77023990369203e-08,1.39180665107512e-08,1.74528240879154e-08,1.95023170973122e-08,1.89155046500151e-08,1.50715392639521e-08,1.15670461152771e-08,1.13042278829134e-08,1.70621758443066e-08,1.37350718095395e-08,1.90608258029137e-08,1.03718168270519e-08,1.01331040984645e-08,9.33411498156487e-09,1.20720877633591e-08,1.13852040789252e-08,1.32591894768698e-08,2.90457360292476e-08,6.7931096184704e-08,4.13856582612063e-08,3.99641802269392e-08,8.97038555423916e-08,5.49790593931013e-08,9.35725837230402e-08,4.57978553068566e-08,4.62174358406035e-08,1.14619112173337e-07,6.7652466981344e-08,1.4825322000329e-07,4.04556772088043e-08,3.93969885917905e-08,2.40039136990369e-08,5.86039976784648e-08,3.42406526574621e-08,5.17616499283523e-08,3.37949751126097e-08,2.09591264846065e-08,1.29615268276311e-08,2.93552986106994e-08,2.05816688621273e-08,2.62220895425977e-08,1.81500140514139e-08,1.21870637092764e-08,1.28492982385242e-08,1.84784090480761e-08,1.4419273097743e-08,1.7795215467275e-08,1.11645125018001e-08,1.17067334432601e-08,1.0053081622867e-08,1.32269649526392e-08,1.13630311110175e-08,1.31929947918174e-08,9.6712112757709e-09,8.33790375768279e-09,8.20988278577335e-09,1.03625429700126e-08,9.9219558219949e-09,1.21820469911754e-08,7.59158951382464e-09,7.42148578772839e-09,7.22674768425393e-09,8.93967914066953e-09,1.02351903274809e-08,1.12510508652853e-08
1.56353698913755e-08,3.47275840026766e-08,7.47989512856211e-08,2.83750355500552e-08,6.13973758347425e-08,4.98479535874755e-08,3.9481406540576e-08,8.12667326754776e-08,3.41752971638513e-08,6.8653558227125e-08,6.23932509021085e-08,5.45321735316118e-08,9.21649139656802e-08,3.81087541991474e-08,2.03554084491168e-08,7.12146990889092e-08,3.60698482544673e-08,6.4648718213723e-08,3.23393153073022e-08,1.7184486724308e-08,1.67752384120672e-08,3.01925516543169e-08,1.78798519659168e-08,2.84621801556981e-08,1.49809484882482e-08,1.52346053122005e-08,9.6716628700502e-09,1.60536145496536e-08,1.71737129361589e-08,1.61269360564799e-08,1.38800560431363e-08,8.87673300271674e-09,8.45473557752784e-09,1.5708347000433e-08,1.03287145575807e-08,1.68775081808396e-08,7.65912336348701e-09,7.3123968115557e-09,7.58825280694236e-09,8.92199366433139e-09,9.21614136209436e-09,1.04471364811217e-08,6.57710444087346e-09,6.81963530072435e-09,6.44607308939188e-09,8.30754648205279e-09,7.54971541014246e-09,9.01454540227285e-09,1.23340234796043e-08,2.864440620941e-08,5.71311853569999e-08,2.458343416446e-08,4.6948414602008e-08,3.89534476822765e-08,3.2480874884817e-08,6.12712012509666e-08,2.51245951601836e-08,5.17581356318182e-08,4.67821224668479e-08,4.06570703082309e-08,7.07001283624583e-08,2.82371521543151e-08,1.61213468820666e-08,5.58228386474353e-08,2.60741546385075e-08,4.959257944357e-08,2.39011398283671e-08,1.32347412780282e-08,1.19616426654742e-08,2.17847818108969e-08,1.40544375485369e-08,1.94328780452255e-08,1.15797552169583e-08,1.10832711595402e-08,6.64480300791949e-09,1.27463358059816e-08,1.23698043041721e-08,1.22177401375188e-08,1.00758900439758e-08,6.18950354663035e-09,6.8873685051627e-09,1.1535510890281e-08,7.30337935458381e-09,1.21701442823828e-08,5.38411715684674e-09,6.08079894055564e-09,5.74656604774702e-09,6.51749340288623e-09,7.24322705351569e-09,7.63213549601406e-09,5.50523002030268e-09,5.09431352993558e-09,4.29473438188513e-09,6.58818543070754e-09,6.48425478250079e-09,7.5171387273334e-09
1.56950689045113e-08,1.86036473358888e-08,3.18698996242752e-08,1.66413096604504e-08,3.10940763251664e-08,2.60284407189068e-08,2.24715351440149e-08,3.41705375209578e-08,7.71193076505418e-08,3.65685422416772e-08,5.78193021724477e-08,5.6893270814983e-08,3.81087541991474e-08,8.67349849977269e-08,3.94629994875012e-08,6.54792954716452e-08,7.25334628955219e-08,5.52341673249052e-08,7.44327065639159e-08,3.33526381006493e-08,1.65212773853039e-08,6.18576923452453e-08,2.8728700692171e-08,5.4626935140233e-08,2.87374978081579e-08,1.47559253818617e-08,1.43314309982361e-08,2.46779532793118e-08,1.61768789160871e-08,2.45616692702917e-08,1.31352307418816e-08,1.29518086903434e-08,9.66450603840664e-09,1.4322140723333e-08,1.28843338440361e-08,1.48050949393295e-08,1.10159696731254e-08,8.2208614967179e-09,6.6328558508993e-09,1.13109859348271e-08,9.10491144852779e-09,1.25645793339045e-08,7.60158138435387e-09,6.12538894803471e-09,6.27279600400922e-09,8.26916426860681e-09,7.14806161224015e-09,9.25494952606849e-09,1.23276058895022e-08,1.49424469447184e-08,2.49519921862787e-08,1.45600764334186e-08,2.50959686871091e-08,2.09708438769987e-08,1.85945884321196e-08,2.62926706029734e-08,5.84932810140363e-08,2.82955393987161e-08,4.4371195673885e-08,4.42014593045951e-08,2.88547931416166e-08,6.49993238986375e-08,3.06816757101807e-08,4.96196916010904e-08,5.33528918228416e-08,4.1583195740817e-08,5.6099858038893e-08,2.60521246525531e-08,1.1336264940859e-08,4.566428905512e-08,2.26033264158956e-08,4.00926408743348e-08,2.24865039117589e-08,1.02443210029621e-08,1.0301058621588e-08,1.95952533824951e-08,1.19388028216431e-08,1.91191900560766e-08,9.15345716670082e-09,9.23431907965223e-09,8.28896100139882e-09,1.08062183391855e-08,9.04364289318358e-09,1.12261881370614e-08,7.71511780462632e-09,7.08369764681838e-09,5.75912399184729e-09,7.98244238064453e-09,7.96913353089375e-09,9.39255649500426e-09,6.50712050436864e-09,5.27826254038318e-09,4.55241077080619e-09,7.35899836905394e-09,6.65781275667849e-09,8.24365136480758e-09
1.21716185229659e-08,2.04027976531285e-08,1.68485915483421e-08,2.0509065466584e-08,1.88970394808511e-08,1.7175709186457e-08,2.28593687151555e-08,1.81323733442357e-08,3.45741430155239e-08,2.18600904433023e-08,3.07126561028119e-08,3.21546724078633e-08,2.03554084491168e-08,3.94629994875012e-08,1.01666132591633e-07,3.50788727551236e-08,7.58479968316867e-08,6.70207139095195e-08,3.33584834037229e-08,8.49635251031748e-08,3.52428109907422e-08,6.37065955113517e-08,6.52562913619453e-08,4.74508939280993e-08,7.36848820536349e-08,3.03499215281462e-08,1.59230630237714e-08,5.61535932860294e-08,2.91968923613474e-08,5.22555607609994e-08,2.66071548060571e-08,1.43192873067282e-08,1.38898296810838e-08,2.56912418860283e-08,1.55717624498874e-08,2.59706169258901e-08,1.25628701389507e-08,1.21351653350255e-08,7.97425543965837e-09,1.38308538757802e-08,1.4206562038575e-08,1.49171517184067e-08,1.12347150991583e-08,7.24397101654646e-09,6.8985043596543e-09,1.29579597764581e-08,8.49895677541244e-09,1.42062158918565e-08,9.58565405520775e-09,1.82749832883055e-08,1.36389420880118e-08,1.73426373999963e-08,1.56421865180677e-08,1.31809350238729e-08,1.95696878799945e-08,1.41964143252765e-08,2.84207952451351e-08,1.77512397784401e-08,2.53056981432804e-08,2.66425234923633e-08,1.54654004354929e-08,3.16807925639233e-08,7.66523457370945e-08,2.81375708107916e-08,5.55378659585253e-08,4.77291128626856e-08,2.73305371094652e-08,6.45411826956673e-08,2.48783669463986e-08,4.67333580154154e-08,5.06578740479127e-08,3.53461903946025e-08,5.67145213836718e-08,2.17464963993364e-08,1.14036715639312e-08,4.42414751747031e-08,1.95325355468985e-08,3.94178637784155e-08,1.94921545195217e-08,1.04736550364107e-08,1.09367214693886e-08,1.81856034488812e-08,1.17362696323583e-08,1.93240721398388e-08,9.38022971109684e-09,9.75440580138768e-09,7.34599014450243e-09,1.07639646297948e-08,1.14473175418559e-08,1.20782486400409e-08,9.15068690200397e-09,6.61367942262259e-09,4.84317728059507e-09,1.04441475579156e-08,7.46350787111909e-09,1.11374132853126e-08
1.58318109083886e-08,3.13415247727972e-08,5.72080873191181e-08,2.60509140447897e-08,4.70854255937387e-08,3.81934406259625e-08,3.66858322996479e-08,6.23872220370964e-08,5.78209164064613e-08,5.43225974720637e-08,9.44891818917056e-08,8.11032895152581e-08,7.12146990889092e-08,6.54792954716452e-08,3.50788727551236e-08,1.08781973876027e-07,5.5290353000708e-08,9.13385195254837e-08,5.62667197669294e-08,2.99454952171659e-08,1.68472677650359e-08,4.70556652580826e-08,2.69682845081288e-08,4.14422746614006e-08,2.58268471628996e-08,1.4882436304233e-08,1.53866196625247e-08,2.36327154818669e-08,1.64180816602906e-08,2.37957206962708e-08,1.33479394406273e-08,1.3950582298465e-08,1.02473456015365e-08,1.4878348935287e-08,1.45367885456276e-08,1.56263933514868e-08,1.19009809711902e-08,8.84282602070838e-09,8.15686740167745e-09,1.27270738348397e-08,1.05782175536936e-08,1.44092836773266e-08,7.93938627719135e-09,7.15857713188719e-09,7.18122626457164e-09,9.23861569170049e-09,8.11421874930479e-09,1.01825499252716e-08,1.29148100235407e-08,2.58604007030681e-08,4.38308160145837e-08,2.21223856140032e-08,3.75282034012317e-08,2.99865525544922e-08,2.98200014154738e-08,4.77672280117386e-08,4.30371191180268e-08,4.19146317380766e-08,7.07474152972767e-08,6.01861374412098e-08,5.5920271173898e-08,4.85551189753737e-08,2.57905046778167e-08,8.3412683019517e-08,4.08019517488262e-08,7.06537939833183e-08,4.22680139287275e-08,2.2815501118423e-08,1.19992922554211e-08,3.53291714808548e-08,2.12155703009898e-08,2.98366976940238e-08,1.97665014542865e-08,1.08139416703408e-08,1.04977180504111e-08,1.8849697711006e-08,1.22847706378884e-08,1.88651979173529e-08,9.64373188762489e-09,9.53408250696156e-09,8.24657729860782e-09,1.12617075754283e-08,9.07419443959415e-09,1.1621181753549e-08,7.89685811388879e-09,7.00556974909829e-09,6.06569326995768e-09,8.14845648051807e-09,8.25094579393201e-09,9.79561819917678e-09,6.40328326399818e-09,5.4138062443223e-09,4.98191117025304e-09,7.49361561386938e-09,6.67693870296471e-09,8.37990663000317e-09
1.79973537474272e-08,2.16112227534067e-08,3.08232942298131e-08,1.99552296491182e-08,3.06557170008539e-08,2.65785988977804e-08,2.5682640545173e-08,3.25783723126783e-08,6.4437193754419e-08,3.59543178323494e-08,4.88708262257226e-08,4.91346082572947e-08,3.60698482544673e-08,7.25334628955219e-08,7.58479968316867e-08,5.5290353000708e-08,1.19430225161196e-07,9.3638759868975e-08,6.18618816002613e-08,6.3703200270555e-08,3.09507734642563e-08,1.00870436749241e-07,4.71303636105679e-08,7.80170530287373e-08,5.49932698511634e-08,2.6347025242919e-08,1.57309878938645e-08,4.02220197412222e-08,2.56436770764998e-08,3.78217522415196e-08,2.32184339702809e-08,1.41534609673462e-08,1.58025241600696e-08,2.27054245386518e-08,1.52457419560712e-08,2.31246536418674e-08,1.21868721307017e-08,1.35917948251535e-08,8.73280731914006e-09,1.33408745725376e-08,1.57636898518786e-08,1.44166477174547e-08,1.25361181317883e-08,8.02043264201586e-09,7.64987346303584e-09,1.44109011557589e-08,9.39662487020006e-09,1.59199716851532e-08,1.31623044094391e-08,1.82960664349596e-08,2.51299438961614e-08,1.75304295322796e-08,2.44140254562262e-08,2.15297168080128e-08,2.1811439236619e-08,2.64754930244887e-08,4.96305160153544e-08,2.86793940041953e-08,3.92467222395424e-08,3.95791196980902e-08,2.82662173125005e-08,5.5059658530264e-08,5.76246076667993e-08,4.33560861895811e-08,8.50100081563624e-08,6.80771887418147e-08,4.75137563845655e-08,4.83471261862417e-08,2.15864490166558e-08,7.11689863238639e-08,3.6493287962e-08,5.56470322147545e-08,4.26439182096695e-08,1.88893138927989e-08,1.14677884694603e-08,3.18516412902048e-08,1.82538780342448e-08,2.90128171600512e-08,1.67799757206901e-08,1.05679144742851e-08,1.19770911233708e-08,1.67949679735528e-08,1.11819825058123e-08,1.71417139545111e-08,9.31959292019336e-09,1.04258142573345e-08,7.4611867591391e-09,1.0249428479201e-08,1.17240838319927e-08,1.15090465531685e-08,9.66214445115655e-09,6.81358145226005e-09,5.33654792873624e-09,1.08022575841614e-08,8.43412705525556e-09,1.21226354728505e-08
1.73706366526938e-08,3.12957106075614e-08,5.21974418431252e-08,2.66397507914554e-08,4.37529509687366e-08,3.69782487023666e-08,3.63442764043898e-08,5.68335786583492e-08,4.88790083128732e-08,5.02792000743932e-08,7.94246907319823e-08,6.85914715801785e-08,6.4648718213723e-08,5.52341673249052e-08,6.70207139095195e-08,9.13385195254837e-08,9.3638759868975e-08,1.39475555018074e-07,4.70319515879533e-08,5.66454040709964e-08,2.91110693153627e-08,7.89711340577452e-08,4.20634451287669e-08,6.00349007129303e-08,4.86266584340475e-08,2.4491064378654e-08,1.53421616745868e-08,3.59313821776588e-08,2.45106606466008e-08,3.42386058239678e-08,2.1556723127863e-08,1.38694398650173e-08,1.63566076687731e-08,2.19864663143851e-08,1.54154390810888e-08,2.25536446311926e-08,1.20633275592573e-08,1.42665484775431e-08,9.87036922264197e-09,1.35385374599925e-08,1.71890033688797e-08,1.54882133156028e-08,1.28825036040297e-08,8.7693859830875e-09,7.95587577309904e-09,1.52803748662601e-08,9.54129359280131e-09,1.63116491399866e-08,1.36363821922851e-08,2.68337246978092e-08,4.06298930246381e-08,2.3327647199548e-08,3.49724829249466e-08,2.96903768768065e-08,3.01909510736556e-08,4.44802968046142e-08,3.6451369576765e-08,3.98431646777089e-08,6.17379562688323e-08,5.31142463181873e-08,5.14942846649778e-08,4.11252073570738e-08,4.83643124563346e-08,7.19738238433475e-08,6.57931707180907e-08,1.03591931132222e-07,3.55548677862622e-08,4.13945606127819e-08,2.05703736337871e-08,5.54726304260611e-08,3.21349001523894e-08,4.16268726691337e-08,3.64483381646099e-08,1.76195266074023e-08,1.0859212317212e-08,2.80056315529649e-08,1.74621232978986e-08,2.60952760821112e-08,1.56535034337091e-08,1.00711984715064e-08,1.18431076767667e-08,1.61854219536645e-08,1.07242946985413e-08,1.6564242271698e-08,9.00860315889552e-09,1.05165067081061e-08,7.81394282910901e-09,9.94526701165690e-09,1.21408078743342e-08,1.17268649461444e-08,9.58499841799913e-09,7.02578917622347e-09,5.02582820631005e-09,1.08988695327823e-08,7.66627125990111e-09,1.13338101364226e-08
1.39014426568247e-08,1.57521125609767e-08,2.69701696972657e-08,1.38693560754247e-08,2.63360878333615e-08,2.20085353988536e-08,1.91434077890914e-08,2.89573660808462e-08,6.61484934632155e-08,3.12600177468284e-08,4.98243051606397e-08,4.91452750459069e-08,3.23393153073022e-08,7.44327065639159e-08,3.33584834037229e-08,5.62667197669294e-08,6.18618816002613e-08,4.70319515879533e-08,8.62739944724755e-08,3.82240772629502e-08,1.85905822176449e-08,7.20628244153377e-08,3.3072824941126e-08,6.33658477631167e-08,3.27210480060857e-08,1.6527995813759e-08,1.59218353083959e-08,2.82225812581618e-08,1.79661907396947e-08,2.75105179379691e-08,1.47249488167535e-08,1.44208556944023e-08,1.06461880866237e-08,1.59479603644333e-08,1.46182022912006e-08,1.66179317964611e-08,1.23551227869998e-08,9.20208314682938e-09,7.48350723009054e-09,1.29119601367576e-08,1.03220009099697e-08,1.42178657185318e-08,8.54625984325868e-09,6.87002482605488e-09,6.99143345260288e-09,9.47158597020847e-09,8.06645967153176e-09,1.05819762474802e-08,1.09717364828693e-08,1.28886657565076e-08,2.15168157197451e-08,1.20374957947148e-08,2.11008729972223e-08,1.74107199444351e-08,1.58789886339179e-08,2.26757156819311e-08,5.04798556830766e-08,2.40499403496755e-08,3.86993771779874e-08,3.74220501353375e-08,2.5140496679588e-08,5.60958841767258e-08,2.60544808491646e-08,4.33184806046735e-08,4.56639834441812e-08,3.62702525222725e-08,6.6638037192825e-08,2.90020926118345e-08,1.22140585247947e-08,5.41401730493619e-08,2.49022427675989e-08,4.77151121241229e-08,2.49346962167874e-08,1.10021086387593e-08,1.21129212611988e-08,2.14851931221118e-08,1.33713465408615e-08,2.08070605521599e-08,1.01177267255644e-08,1.08706826019011e-08,8.80134921127927e-09,1.21960898885325e-08,1.04288827711475e-08,1.24452609715817e-08,9.22930906664807e-09,7.68311010218724e-09,6.72977502028677e-09,9.20770907535349e-09,9.0112705308976e-09,1.09573313731617e-08,7.08945945913354e-09,6.10432688948513e-09,5.25934240087075e-09,8.37228688067555e-09,7.4468488081672e-09,9.20426590776795e-09
