5.61488045824928e-08,2.48668333402639e-08,1.10479538235808e-08,4.75478081975411e-08,2.36851275735216e-08,4.54861966703917e-08,2.14297362591778e-08,9.53554804554789e-09,9.34258500027373e-09,2.06426787571198e-08,1.06354131434941e-08,2.07036377513746e-08,8.36415491093101e-09,8.22474846624887e-09,6.09112444016239e-09,9.2008695879155e-09,9.19396361176728e-09,9.35515853065972e-09,7.21303207816277e-09,5.24092454236909e-09,5.10491837588882e-09,8.08207050465776e-09,6.71022154576487e-09,9.1281200340121e-09,4.6986670781228e-09,4.35262005392457e-09,3.61462005299954e-09,5.88158496703179e-09,5.00725347006569e-09,6.07140244798965e-09,3.95819207860023e-09,3.31688707316764e-09,3.19319822284573e-09,4.55975632895969e-09,4.22644189932318e-09,5.59122265670767e-09,3.13598248936643e-09,2.96563016507335e-09,2.75551067373302e-09,3.90285302222731e-09,3.3989978873915e-09,4.34501463640361e-09,2.56332838939054e-09,2.45295160337574e-09,2.03252560423281e-09,3.00455301827286e-09,3.05904639344925e-09,3.56931185834641e-09,4.87982166446493e-08,2.15688008461906e-08,1.00621201077683e-08,4.03111231501061e-08,2.04806458774243e-08,3.8570291609666e-08,1.86350797528334e-08,8.62362348426654e-09,8.42225710095102e-09,1.78256109603325e-08,9.72338607228831e-09,1.81753836258685e-08,7.64315606826545e-09,7.63371224976273e-09,5.75607484827184e-09,8.58053789864891e-09,9.11468231154125e-09,9.09714792659609e-09,6.64475287131984e-09,4.77425475523987e-09,4.2212121798331e-09,7.86666810955316e-09,5.76272981702691e-09,8.31939052798824e-09,4.31898886555362e-09,3.6708111005894e-09,2.87860928632993e-09,5.13528872360836e-09,4.18646943517715e-09,5.07619351629835e-09,3.31004258226326e-09,2.6402096219236e-09,2.95787829902193e-09,3.78185379396225e-09,3.89512315533016e-09,5.12417637651313e-09,2.58621122681193e-09,2.7637154038531e-09,2.41187961306173e-09,3.66156583948564e-09,3.10208844934760e-09,3.89088704053372e-09,2.29238557932402e-09,2.14244400243932e-09,1.80540832443115e-09,2.85211916743498e-09,2.84857331549886e-09,3.47697969974334e-09
2.48668333402639e-08,6.48487533325188e-08,2.74117279211051e-08,4.77669484722507e-08,5.6102661577875e-08,4.06728997280921e-08,5.58260253837667e-08,2.34434387201718e-08,9.96159617190032e-09,4.8146159162146e-08,2.25016644550436e-08,4.56923925661433e-08,2.00152014196224e-08,8.50020297365626e-09,8.96462935295563e-09,1.90746676649477e-08,9.38477128567795e-09,1.869938799828e-08,7.25838258605327e-09,7.75745798174461e-09,5.97008748463634e-09,7.98304583649669e-09,9.40394941304064e-09,8.53757735561372e-09,6.93926894292709e-09,5.21461592951755e-09,4.23364306788669e-09,8.36040362348366e-09,6.17240071650215e-09,9.07395650692195e-09,4.77119808298514e-09,3.90005890048322e-09,3.40925296586933e-09,5.62971795870355e-09,4.51042389848828e-09,6.49817199833921e-09,3.60563884732683e-09,3.29037005304136e-09,3.20674460587619e-09,4.24534096245233e-09,4.0125381658828e-09,4.91658691162989e-09,3.22580667661666e-09,3.16452311938446e-09,2.60650135273769e-09,4.08015700347979e-09,3.48025946695314e-09,4.51821681192656e-09,2.20061253137494e-08,5.59278426648461e-08,2.39721411507424e-08,4.17413853745725e-08,4.80836778575841e-08,3.51054107895261e-08,4.79595697024721e-08,2.05650540772603e-08,9.01223314285977e-09,4.11539686435225e-08,2.06607748740476e-08,3.97486753002224e-08,1.75814716625496e-08,7.72752371956127e-09,7.8859726165311e-09,1.76659836659568e-08,8.19139852098741e-09,1.67182438109272e-08,6.43107791551302e-09,7.00892710308634e-09,5.2811010138207e-09,6.9013730952153e-09,8.14599633983888e-09,7.87470092149174e-09,6.18829311017765e-09,4.74290291436246e-09,3.82558283372441e-09,7.20296445009815e-09,5.78321537884606e-09,7.87130391247327e-09,4.32669430796567e-09,3.49231893244342e-09,2.60310346095264e-09,5.27942174379967e-09,3.61660934911242e-09,5.6420524755984e-09,3.29446324239154e-09,2.62697296891161e-09,2.90213103966445e-09,3.5360331450861e-09,3.64808997563263e-09,4.30311890586742e-09,2.54315311684344e-09,2.95720134079943e-09,2.57748753429867e-09,3.82572007814888e-09,3.51267660277723e-09,4.28785452941153e-09
1.10479538235808e-08,2.74117279211051e-08,5.68052290553105e-08,2.28044445127968e-08,5.01226540241623e-08,4.30258250878653e-08,2.34521463433758e-08,4.81520630309099e-08,2.18995630521224e-08,4.22035201579777e-08,4.19208102767085e-08,3.71265336522702e-08,4.14586895474494e-08,1.90340740442214e-08,8.78259523736589e-09,3.60844904989387e-08,1.84984718848866e-08,3.35809243884574e-08,1.62424764790534e-08,7.66160812124824e-09,7.48193227339241e-09,1.57430072638538e-08,7.95311469800985e-09,1.46591967912947e-08,6.67286757529153e-09,6.49508910875855e-09,4.43363788651365e-09,6.83531919505253e-09,7.37224942278997e-09,7.04065392614214e-09,5.90842155071271e-09,4.03812452674458e-09,3.27248298969919e-09,6.70599945824454e-09,4.97959617957969e-09,7.94837850811830e-09,3.70986068075135e-09,3.15587624108613e-09,2.87449602456413e-09,4.54530473133253e-09,3.75836700844572e-09,5.22807916460824e-09,3.05449043528454e-09,2.89262435565471e-09,2.54760631260264e-09,3.81803304079425e-09,3.32218195274554e-09,4.34136491518611e-09,9.47029075285017e-09,2.3977020854729e-08,4.8680551320495e-08,1.99989726633326e-08,4.31361919553569e-08,3.66030024892465e-08,2.02420258078328e-08,4.14735899711211e-08,1.9591969499344e-08,3.63334044623105e-08,3.64486343235945e-08,3.22192712343288e-08,3.56131222283378e-08,1.67529931319663e-08,8.17538315059258e-09,3.12152249484115e-08,1.64090293074398e-08,2.83985207897304e-08,1.41947542135419e-08,7.23760201768913e-09,6.250040428032e-09,1.40864134716419e-08,6.89554883966135e-09,1.26813850817825e-08,6.27170832163501e-09,5.49518094032458e-09,3.60910134250709e-09,5.93285506562995e-09,6.63882040585173e-09,6.16129099899943e-09,4.97721856195102e-09,3.27822350050635e-09,2.58833457310494e-09,6.03887772718348e-09,3.8534553977367e-09,6.78583841873332e-09,3.02468665458387e-09,2.5657262319044e-09,2.62687331980592e-09,3.56569612105567e-09,3.39168871152148e-09,4.29724130124487e-09,2.4952431176711e-09,2.68976559656948e-09,2.31845602382821e-09,3.45411738137893e-09,3.24710328391289e-09,4.00880769884491e-09
4.75478081975411e-08,4.77669484722507e-08,2.28044445127968e-08,7.71948830351461e-08,4.04369933042572e-08,6.65441045004682e-08,4.12371635509493e-08,1.96050285605039e-08,9.51731796230631e-09,3.49205935959988e-08,1.90884648503332e-08,3.26432213105845e-08,1.67174363309481e-08,8.11602935452632e-09,9.85684814344614e-09,1.61997332200312e-08,9.33447524399585e-09,1.64237075845262e-08,6.83525191440211e-09,8.54935554772339e-09,6.7315445778824e-09,7.9308733114173e-09,1.04812390239492e-08,8.54679575901903e-09,7.70223373187323e-09,5.81210232561139e-09,4.68246477594174e-09,9.33788660964672e-09,6.75067534543639e-09,9.99581132898785e-09,5.2510352695556e-09,4.24446168997931e-09,4.05575817600229e-09,6.07174176725409e-09,5.37485006972671e-09,7.48015327371517e-09,3.94654251615842e-09,3.80816454820845e-09,3.54764263426587e-09,4.9228219574868e-09,4.50674429968536e-09,5.72420166146596e-09,3.58683034771531e-09,3.4380059101012e-09,2.72623791289857e-09,4.43429342899665e-09,3.93853437549804e-09,4.94029825858997e-09,4.00018639091792e-08,4.20789011529141e-08,2.01787664408013e-08,6.54931625667638e-08,3.50000326747151e-08,5.59252656642135e-08,3.6234247916431e-08,1.7345196427666e-08,8.535758945768e-09,2.98245763043919e-08,1.75104304281199e-08,2.84716967235311e-08,1.48375217498097e-08,7.39507869624878e-09,8.88820505053626e-09,1.50501951017798e-08,8.46745010829486e-09,1.48816428246605e-08,6.09196767016074e-09,7.73896768422603e-09,5.8287184083883e-09,7.09384840097266e-09,9.18042916701515e-09,7.93965753573119e-09,6.95856539033662e-09,5.1246519662239e-09,4.02990214626556e-09,8.21100234472259e-09,6.18128317344155e-09,8.94968829563979e-09,4.56885828293033e-09,3.63096028425928e-09,3.41732036334712e-09,5.56065911510399e-09,4.60500665813418e-09,6.66669171334238e-09,3.49801794964589e-09,3.26355386351811e-09,3.26608799792949e-09,4.34515764456229e-09,4.18342605576641e-09,5.09778255344461e-09,2.92968198069712e-09,3.19474746515351e-09,2.66830255269212e-09,4.15697239730965e-09,3.76182561237715e-09,4.59021379549626e-09
2.36851275735216e-08,5.6102661577875e-08,5.01226540241623e-08,4.04369933042572e-08,8.72564266555743e-08,6.6405086294628e-08,4.81523688899621e-08,4.21966419899379e-08,2.07958737545906e-08,7.37464009234732e-08,3.76403407790382e-08,6.66218313642547e-08,3.61671247250644e-08,1.8003055765524e-08,9.9214998004209e-09,3.22555630040008e-08,1.78373130895881e-08,3.02748894513573e-08,1.53726143937684e-08,8.63005384130778e-09,8.46346946922051e-09,1.51670836271828e-08,9.2592745691415e-09,1.42627905192184e-08,7.63030256306212e-09,7.39097134642324e-09,5.17304644377565e-09,8.07731308473948e-09,8.63138423646274e-09,8.62632782808273e-09,6.74554264041314e-09,4.74144939230703e-09,4.13119634852216e-09,7.84216793345411e-09,5.61091467395987e-09,9.10556134772819e-09,4.36611382296522e-09,3.97181635641998e-09,3.74125781618619e-09,5.19738037042955e-09,4.95593504311768e-09,6.0860561488138e-09,3.90239141504858e-09,3.67961935062478e-09,3.33395881898088e-09,5.02605430163486e-09,4.38082057364964e-09,5.78016454326395e-09,2.10755340457336e-08,4.88605384658958e-08,4.31859302399833e-08,3.54876102666167e-08,7.54341105487374e-08,5.71654258562723e-08,4.15165562784622e-08,3.66457708080519e-08,1.84334691796822e-08,6.3933965202521e-08,3.31638848715039e-08,5.77206861523276e-08,3.14112477892518e-08,1.56690685496481e-08,9.03286243253718e-09,2.83705940808606e-08,1.55554697282081e-08,2.60812368800333e-08,1.32387105868612e-08,7.99059989778669e-09,7.46216310909341e-09,1.33026193027756e-08,8.23087265293868e-09,1.27303099106188e-08,7.04259970342374e-09,6.64853357306798e-09,4.44651386652175e-09,7.17932556283878e-09,7.95971193537002e-09,7.41433392596546e-09,6.04499167742497e-09,4.01726717638655e-09,3.29176367745421e-09,7.25130268103966e-09,4.56121234682563e-09,8.05828530575468e-09,3.71230444139508e-09,3.24073775735347e-09,3.28321408598489e-09,4.21935353321818e-09,4.38218355317294e-09,5.07268534755911e-09,3.21166105277422e-09,3.25446446419364e-09,3.04018036884868e-09,4.51742161816258e-09,4.22304537104533e-09,5.31329850112031e-09
4.54861966703917e-08,4.06728997280921e-08,4.30258250878653e-08,6.65441045004682e-08,6.6405086294628e-08,9.88030647306507e-08,3.49838794330429e-08,3.61636329986291e-08,1.91318177586602e-08,5.62153950443782e-08,3.19021357710885e-08,4.96779460190462e-08,3.09818090135035e-08,1.62678430219958e-08,1.00915751154762e-08,2.71563010623876e-08,1.68206983165208e-08,2.6302483614239e-08,1.37730302993103e-08,8.75270393994715e-09,9.19280579934852e-09,1.4162937935783e-08,9.61552988386767e-09,1.34557098029511e-08,7.74115737791488e-09,7.94660994186886e-09,5.61144332143231e-09,8.37088490789236e-09,9.15512877772747e-09,8.85814984539416e-09,7.18867798064169e-09,5.07871870790348e-09,4.73461650769666e-09,8.24001961526733e-09,6.34295331885479e-09,9.86123329152914e-09,4.76864662069218e-09,4.46884631809697e-09,3.91753147595447e-09,5.78593075955678e-09,5.51898637094202e-09,6.82445871156412e-09,4.22934297930279e-09,3.80025881196834e-09,3.26273838783689e-09,5.40445262709637e-09,4.5617461568782e-09,6.16633891591511e-09,3.85512437601881e-08,3.63084712365397e-08,3.68780811231205e-08,5.65963994275579e-08,5.79905695609346e-08,8.32799607301854e-08,3.08175625030316e-08,3.11825131510009e-08,1.70115975385064e-08,4.8895172811789e-08,2.76661754250608e-08,4.32350920743099e-08,2.6794308289632e-08,1.44569444534344e-08,9.28014756759818e-09,2.35942249586889e-08,1.53411955032025e-08,2.24946265070331e-08,1.21168532251807e-08,8.10747148971882e-09,7.87918757560443e-09,1.29501110447775e-08,8.66264113731437e-09,1.2469947341612e-08,7.18834861768002e-09,6.96304012761549e-09,4.75098437786833e-09,7.61373309605006e-09,8.3542532989331e-09,8.05078296543416e-09,6.22569305016367e-09,4.25187335563215e-09,4.17981853059614e-09,7.53263960428567e-09,5.48407312911066e-09,8.90570328055938e-09,4.10510264501315e-09,3.97787126130136e-09,3.58748670291507e-09,5.0727054335182e-09,5.02318660882984e-09,5.85385779132078e-09,3.70126434299091e-09,3.47327183660636e-09,2.94672971933754e-09,4.95537535629411e-09,4.28760006966692e-09,5.62712490492671e-09
2.14297362591778e-08,5.58260253837667e-08,2.34521463433758e-08,4.12371635509493e-08,4.81523688899621e-08,3.49838794330429e-08,6.76443550285856e-08,2.76515581436137e-08,1.19335941872959e-08,5.95658458016987e-08,2.66174470634119e-08,5.69181864534747e-08,2.3431807791238e-08,1.00679837090623e-08,1.01760957183533e-08,2.23439311197185e-08,1.12374273208285e-08,2.25617186615667e-08,8.5973735999551e-09,8.78422200577844e-09,6.64458599263129e-09,9.58020783487675e-09,1.04437956425267e-08,1.00021172560739e-08,7.79236291376838e-09,5.84257600147644e-09,4.55242720080605e-09,9.26968723491106e-09,6.7647980098041e-09,1.00899391322537e-08,5.31434715776573e-09,4.17688702333331e-09,3.74367006597344e-09,6.11387761543519e-09,4.87526376411922e-09,7.13663507781623e-09,3.67942764370646e-09,3.30946102882978e-09,3.3829665023772e-09,4.3199110012388e-09,4.14453915666061e-09,5.12248815206293e-09,3.14693152346315e-09,3.20329294964377e-09,2.57783716717619e-09,4.04552661857881e-09,3.55786632454891e-09,4.45885862927661e-09,1.90078483915464e-08,4.79613874844814e-08,2.05704326223415e-08,3.5664832915561e-08,4.11582030827145e-08,2.98648722768404e-08,5.78810145132867e-08,2.3794776223699e-08,1.06538251260381e-08,5.020425338863e-08,2.38323073095788e-08,4.92203012598118e-08,2.04161438824518e-08,8.93784557319111e-09,9.09388056515746e-09,2.0073042408075e-08,1.0159476380058e-08,2.04145427235602e-08,7.45417238470138e-09,8.02790088255899e-09,5.77729637165156e-09,8.57217601434289e-09,9.01731845645395e-09,9.31889155139875e-09,7.13108910205236e-09,5.20173004369602e-09,4.03336179463698e-09,8.05410544330338e-09,6.28938747268133e-09,8.89763871739407e-09,4.73198608566788e-09,3.65216493289816e-09,2.79601131837739e-09,5.70046604872354e-09,3.76100297772405e-09,5.99966077404991e-09,3.25148191701017e-09,2.58340454518147e-09,3.12719969403582e-09,3.4103148333492e-09,3.77248988219609e-09,4.36673570854528e-09,2.41071702857833e-09,2.98413866882042e-09,2.39930894655365e-09,3.7496292913296e-09,3.42377704836521e-09,3.99630612035987e-09
9.53554804554789e-09,2.34434387201718e-08,4.81520630309099e-08,1.96050285605039e-08,4.21966419899379e-08,3.61636329986291e-08,2.76515581436137e-08,5.56924207316679e-08,2.55746865026664e-08,4.97856966930959e-08,4.87627412577333e-08,4.41721886804357e-08,4.77061200634454e-08,2.20809725991993e-08,1.00475521209867e-08,4.16936080156818e-08,2.14165000308993e-08,3.92498908549531e-08,1.88700689086644e-08,8.72437521497249e-09,8.32964476820255e-09,1.81570295941865e-08,9.02281722334781e-09,1.70226479595179e-08,7.55217430654916e-09,7.26684995813026e-09,4.87990432430445e-09,7.72127527124871e-09,8.16652306582858e-09,8.06625973307417e-09,6.61824508283155e-09,4.44919726390287e-09,3.67476485736747e-09,7.44083770638719e-09,5.46614289846923e-09,8.90756929113118e-09,3.81578583443593e-09,3.204409107275e-09,2.90087593134841e-09,4.71782342772173e-09,3.90929438527928e-09,5.51851761641444e-09,3.02614023902915e-09,2.8618575069832e-09,2.49174084461017e-09,3.84096986805362e-09,3.22288746486967e-09,4.26052825831147e-09,8.12294120198545e-09,2.02364505173981e-08,4.14735933519917e-08,1.72218693722202e-08,3.63282953453634e-08,3.07890467178485e-08,2.34693511419077e-08,4.75620874764602e-08,2.21619254127877e-08,4.19620426072168e-08,4.20543811102365e-08,3.75275284996975e-08,4.11948140177465e-08,1.89396328698565e-08,9.2251084192993e-09,3.59583558909702e-08,1.87579891654837e-08,3.36882337763515e-08,1.62033218715037e-08,8.16392171410573e-09,7.04479066271242e-09,1.61882814976061e-08,7.97504690424686e-09,1.4905872218564e-08,7.12649828507566e-09,6.29005757184764e-09,3.97445638554448e-09,6.97718879073378e-09,7.36721150101169e-09,7.40111737850361e-09,5.68706705222035e-09,3.59480012758533e-09,2.99685057024841e-09,6.74599696186383e-09,4.24204763884719e-09,7.46433896133834e-09,3.10872516297691e-09,2.71404985555729e-09,2.63601317329211e-09,3.72483404226101e-09,3.53323535320908e-09,4.47567760645787e-09,2.52882546028441e-09,2.62226651548869e-09,2.23012314202686e-09,3.43719700850924e-09,3.07920301209175e-09,3.82857967878908e-09
9.34258500027373e-09,9.96159617190032e-09,2.18995630521224e-08,9.51731796230631e-09,2.07958737545906e-08,1.91318177586602e-08,1.19335941872959e-08,2.55746865026664e-08,6.14213028500891e-08,2.48398426472575e-08,5.11151061406352e-08,4.86715229577988e-08,2.20853606778027e-08,5.1353424893955e-08,2.41582341069672e-08,4.27229504529238e-08,4.58829454207882e-08,3.83506489025405e-08,4.4055644675665e-08,2.04254090518398e-08,8.60920599643239e-09,3.90455686722759e-08,1.85202146279771e-08,3.5580428753974e-08,1.75243583349202e-08,7.36506694270744e-09,6.08301879543361e-09,1.5682537679673e-08,7.30477403351254e-09,1.49096819294494e-08,6.58802767196533e-09,5.47958614797303e-09,4.086438907792e-09,6.52412718445499e-09,6.37386210874333e-09,7.32986881645613e-09,4.7862899851018e-09,3.55612619566459e-09,2.96945107024834e-09,5.62498141014156e-09,4.25981209442817e-09,6.39215467398572e-09,3.43722440364384e-09,2.81947842842054e-09,2.68738797252477e-09,4.19826767777314e-09,3.24704851142135e-09,4.57651634626085e-09,8.16450409993924e-09,9.03180826318327e-09,1.83316991353029e-08,8.57832429254448e-09,1.73730386665311e-08,1.56676196975778e-08,1.05801906489684e-08,2.1560391198999e-08,5.29865368936947e-08,2.07261037198323e-08,4.39004222933009e-08,4.14666914616279e-08,1.84342020990255e-08,4.3981674536298e-08,2.12942804252263e-08,3.60387757964679e-08,4.0283943466532e-08,3.27329950904158e-08,3.77532704625262e-08,1.78853547237734e-08,7.27599844855513e-09,3.42746604349319e-08,1.60048079418509e-08,3.09841561338837e-08,1.5475542261664e-08,6.28290783630626e-09,5.17544657731077e-09,1.37001003952101e-08,6.29779980346933e-09,1.28708396138659e-08,5.67182297804686e-09,4.52271447885982e-09,3.57652179385279e-09,5.67457265778602e-09,4.95030845345339e-09,6.12617355882756e-09,4.02154672064628e-09,3.06674062730116e-09,2.47625115164926e-09,4.4155889131424e-09,3.48249067040326e-09,5.22626363318936e-09,2.985457045146e-09,2.27422565148519e-09,2.21438986324197e-09,3.44587370972314e-09,2.72873003231247e-09,3.93837035790508e-09
2.06426787571198e-08,4.8146159162146e-08,4.22035201579777e-08,3.49205935959988e-08,7.37464009234732e-08,5.62153950443782e-08,5.95658458016987e-08,4.97856966930959e-08,2.48398426472575e-08,9.08268697696185e-08,4.48217498951529e-08,8.29514937251335e-08,4.23797323701198e-08,2.12940043597194e-08,1.14091009618168e-08,3.79554864496757e-08,2.10620165911913e-08,3.61398689478731e-08,1.81259266244715e-08,9.85456641022755e-09,9.64739201405084e-09,1.78373888044342e-08,1.0578589342492e-08,1.69179665116722e-08,8.49773311237022e-09,8.47500908257738e-09,5.67318229417952e-09,9.11639649183776e-09,9.61821459709561e-09,9.77753291009771e-09,7.73252310463099e-09,5.19472312590006e-09,4.55033666905526e-09,8.72519200212104e-09,6.18727946191139e-09,1.02292463104367e-08,4.53182909745813e-09,4.00651931212831e-09,3.88763555967167e-09,5.4577056894971e-09,5.09197462393801e-09,6.42664976178674e-09,3.82432109389695e-09,3.60344392698693e-09,3.15966029122854e-09,4.86330006587911e-09,4.24764559982187e-09,5.47251651969691e-09,1.82722620659178e-08,4.15140162023173e-08,3.66500217420095e-08,3.02956432383112e-08,6.39336664939934e-08,4.82767261803694e-08,5.10021693329004e-08,4.29474038812208e-08,2.11616708545054e-08,7.74836099666368e-08,3.8943182091196e-08,7.0809158344895e-08,3.70495806104944e-08,1.78202103190667e-08,1.01042294658653e-08,3.28891043575893e-08,1.83272054684349e-08,3.16428996715624e-08,1.50669108556327e-08,8.85103230262422e-09,8.42857328067308e-09,1.56347504024128e-08,9.29520679314188e-09,1.51514030608465e-08,7.90941522516707e-09,7.62708695618908e-09,4.82898876173233e-09,8.24976443819263e-09,8.84217940016391e-09,8.68944979085287e-09,6.92986751745293e-09,4.32701825958777e-09,3.61569214519856e-09,8.0841640259498e-09,4.77278312353161e-09,8.7475910553649e-09,3.74460908365835e-09,3.25378832514715e-09,3.46186206956186e-09,4.1858890254279e-09,4.51532594654897e-09,5.17452335674113e-09,3.12742386300469e-09,3.12466852628126e-09,2.7851697837565e-09,4.36023411105591e-09,3.94749076742051e-09,4.95840157703395e-09
1.06354131434941e-08,2.25016644550436e-08,4.19208102767085e-08,1.90884648503332e-08,3.76403407790382e-08,3.19021357710885e-08,2.66174470634119e-08,4.87627412577333e-08,5.11151061406352e-08,4.48217498951529e-08,7.96476097093502e-08,7.28579976852917e-08,4.16978848871339e-08,4.27205843184049e-08,2.16241770609887e-08,6.69395158510677e-08,3.86154872510629e-08,6.07656923967212e-08,3.66215912715933e-08,1.84949879554046e-08,9.24822092538513e-09,3.28636144380382e-08,1.71982029298078e-08,2.95938909276697e-08,1.58506901572039e-08,7.99433558748879e-09,7.01553107037974e-09,1.46279856638564e-08,8.11286729348314e-09,1.41172773043322e-08,7.15769640780193e-09,6.34882676687504e-09,4.58372847196998e-09,7.25363063395169e-09,7.38950979171526e-09,8.11193997748402e-09,5.48540057398795e-09,3.90793461058974e-09,3.50454691528616e-09,6.46774620934413e-09,4.81960752118056e-09,7.39980790118414e-09,3.82939748044976e-09,3.51485976118953e-09,3.38545208343909e-09,4.91846180575722e-09,4.11920460536172e-09,5.47763739020804e-09,9.02585181706948e-09,1.88966340767441e-08,3.55528627661995e-08,1.65263148521997e-08,3.12929703168961e-08,2.65940722157543e-08,2.20248468338517e-08,4.10570414005453e-08,4.46810513616672e-08,3.68536473739588e-08,6.81059888777039e-08,6.15844277441864e-08,3.50902150320446e-08,3.71044188178259e-08,1.90653334445187e-08,5.68298496172157e-08,3.40505929491643e-08,5.15871817389234e-08,3.18478259245346e-08,1.643333463409e-08,7.9047388170031e-09,2.92082129462113e-08,1.5063580478113e-08,2.61388802975946e-08,1.417928991936e-08,6.85717809281861e-09,6.02402854015098e-09,1.29560121756266e-08,7.14790395579791e-09,1.26326279916303e-08,6.16487908586361e-09,5.4006735188588e-09,3.97529422605456e-09,6.51241968468832e-09,5.85464796126996e-09,6.80552711499227e-09,4.68392865619448e-09,3.38749234624193e-09,3.09944515091909e-09,5.14605478029385e-09,4.13582655766764e-09,6.08765950618083e-09,3.27135335991044e-09,3.15585128538869e-09,2.90299297309491e-09,4.24877335083052e-09,3.69796111445298e-09,4.83367388435663e-09
2.07036377513746e-08,4.56923925661433e-08,3.71265336522702e-08,3.26432213105845e-08,6.66218313642547e-08,4.96779460190462e-08,5.69181864534747e-08,4.41721886804357e-08,4.86715229577988e-08,8.29514937251335e-08,7.28579976852917e-08,1.21436789022601e-07,3.75725280750477e-08,4.05044201987439e-08,2.22417945749961e-08,6.06622220155708e-08,3.65926298445228e-08,5.4821039740551e-08,3.44604955936315e-08,1.88974611385535e-08,9.71085392464805e-09,3.10210125016755e-08,1.79024648711373e-08,2.81374784343957e-08,1.61491290577783e-08,8.48675559076242e-09,7.79090893530984e-09,1.52859219477697e-08,8.67385441846962e-09,1.48539304935146e-08,7.70043275714056e-09,7.12241994639846e-09,5.38878580944604e-09,7.8723404464528e-09,8.16657390410284e-09,8.78544284356248e-09,6.22738967726044e-09,4.69291462931797e-09,4.35230677664638e-09,7.17959768619251e-09,5.89545028556841e-09,8.227815636868e-09,4.57069147211965e-09,4.17665282422304e-09,3.96978490844389e-09,5.88281739247347e-09,5.03148465004462e-09,6.56453402420135e-09,1.79106356426695e-08,3.81959726918558e-08,3.15848555260984e-08,2.76134565741125e-08,5.65459365831614e-08,4.22896893673675e-08,4.73665545259731e-08,3.74147917095544e-08,4.22037494701695e-08,6.96962680249995e-08,6.29173457325728e-08,1.03339909451138e-07,3.18717284024252e-08,3.44956757478065e-08,1.91213479691787e-08,5.18333859238304e-08,3.17267939638691e-08,4.71249965657236e-08,2.92383775570077e-08,1.62785960284456e-08,8.60596895274012e-09,2.69480030404595e-08,1.5862804925651e-08,2.53034498148446e-08,1.431391094565e-08,7.67108227825097e-09,6.8556086255248e-09,1.3873988005284e-08,7.94296289892768e-09,1.30643681076701e-08,6.99411312323356e-09,6.14423812753902e-09,4.58600603873367e-09,7.32476981500157e-09,6.53938020747547e-09,7.61390778703236e-09,5.40894742442006e-09,3.96288348576281e-09,3.72646726586318e-09,5.71740432252777e-09,4.97613487697336e-09,6.78438116759172e-09,3.86843272151091e-09,3.59342102927276e-09,3.45670216453643e-09,5.09965575295084e-09,4.56122480534679e-09,5.87330522254157e-09
8.36415491093101e-09,2.00152014196224e-08,4.14586895474494e-08,1.67174363309481e-08,3.61671247250644e-08,3.09818090135035e-08,2.3431807791238e-08,4.77061200634454e-08,2.20853606778027e-08,4.23797323701198e-08,4.16978848871339e-08,3.75725280750477e-08,5.32118484298248e-08,2.39043459871201e-08,1.10599457691802e-08,4.61388051330794e-08,2.28965208716793e-08,4.30284584371918e-08,2.03988344752675e-08,9.56391263150181e-09,9.55748527543336e-09,1.9363948197492e-08,1.01511515498803e-08,1.8374543889619e-08,8.26980951879443e-09,8.38574271424711e-09,5.60532711921152e-09,8.71467554226095e-09,9.37021819176733e-09,9.01594521487428e-09,7.62361254636767e-09,5.12446198857074e-09,4.16124194377949e-09,8.54429780851769e-09,6.21113005268397e-09,1.00086729519757e-08,4.32150418224389e-09,3.49385915875163e-09,3.08376018999536e-09,5.26363924926302e-09,4.18433230033161e-09,6.03252927602172e-09,3.10656307514423e-09,2.76782240167318e-09,2.40343526275485e-09,3.82937020683934e-09,3.08448607356444e-09,4.11917246495007e-09,7.19891867960663e-09,1.72716346231311e-08,3.5613629208837e-08,1.48629616587838e-08,3.09800958088858e-08,2.64212514165223e-08,1.98808157281699e-08,4.11946524337178e-08,1.89425879118535e-08,3.59505774052903e-08,3.59610687113265e-08,3.17460747675314e-08,4.58526329384007e-08,2.04085270809054e-08,9.93971108732059e-09,3.99580385936491e-08,1.96362949457322e-08,3.70158007052741e-08,1.75998288506632e-08,8.77227746864159e-09,7.92933232185562e-09,1.70091243313964e-08,8.85271854209055e-09,1.59994108469831e-08,7.59059175903813e-09,7.08174108701527e-09,4.53982809459918e-09,7.64962590464113e-09,8.30519258071246e-09,7.97647628636089e-09,6.39073659265824e-09,4.14404385325157e-09,3.37707174318937e-09,7.61482786011783e-09,4.81631895796406e-09,8.46756822111314e-09,3.53171722942703e-09,2.86637545840571e-09,2.70047587484201e-09,4.09852032477807e-09,3.72825934601167e-09,4.91471829283304e-09,2.5446283772377e-09,2.47240171379197e-09,2.28721075669304e-09,3.42539603860028e-09,3.0278291343899e-09,3.78878596693982e-09
8.22474846624887e-09,8.50020297365626e-09,1.90340740442214e-08,8.11602935452632e-09,1.8003055765524e-08,1.62678430219958e-08,1.00679837090623e-08,2.20809725991993e-08,5.1353424893955e-08,2.12940043597194e-08,4.27205843184049e-08,4.05044201987439e-08,2.39043459871201e-08,5.58174266654856e-08,2.62639238103739e-08,4.64064150954093e-08,4.97795937810507e-08,4.14269828837525e-08,4.76954941538133e-08,2.21315282502355e-08,9.48419534475543e-09,4.21337009566313e-08,2.02624232609417e-08,3.85592419038599e-08,1.89535653795483e-08,8.14303822711103e-09,6.70541204974021e-09,1.71533868656841e-08,8.15127144959884e-09,1.63604451192871e-08,7.26941042267005e-09,6.02993270012817e-09,4.39027232029419e-09,7.25435028930128e-09,6.88519136986118e-09,8.02297700479612e-09,5.29774753679046e-09,3.84597011771313e-09,3.17388510996123e-09,6.12135870525399e-09,4.54169779972674e-09,6.88472183865771e-09,3.47999914050023e-09,2.78476899950953e-09,2.4836795170816e-09,4.12782511614623e-09,3.16730131669333e-09,4.43641985345922e-09,7.34422453012614e-09,7.64652908607688e-09,1.56622782887137e-08,7.56628397279253e-09,1.47046873006139e-08,1.32620155235207e-08,8.90190145321662e-09,1.84311301436927e-08,4.39822547236834e-08,1.75148711709833e-08,3.60366593081959e-08,3.38654566148333e-08,1.99058898161577e-08,4.74316088565328e-08,2.32887439031049e-08,3.90598013304816e-08,4.31108640661799e-08,3.51645607143489e-08,4.08409147958703e-08,1.95404010591876e-08,7.92442662783311e-09,3.677183908209e-08,1.76369843168154e-08,3.3433667594224e-08,1.67950470329461e-08,6.86761711849477e-09,5.61931885392331e-09,1.49622663240099e-08,6.99003598584354e-09,1.40764711522751e-08,6.16345881206514e-09,4.88979650474422e-09,3.78641345446026e-09,6.21439472598138e-09,5.32779174298657e-09,6.7378425353181e-09,4.33604846278558e-09,3.28103720947731e-09,2.67082993181176e-09,4.77727924200203e-09,3.80148179661747e-09,5.7124503383062e-09,3.02422831135361e-09,2.37459912527896e-09,2.16842052729066e-09,3.50259728393106e-09,2.9456696938995e-09,4.07857039845725e-09
6.09112444016239e-09,8.96462935295563e-09,8.78259523736589e-09,9.85684814344614e-09,9.9214998004209e-09,1.00915751154762e-08,1.01760957183533e-08,1.00475521209867e-08,2.41582341069672e-08,1.14091009618168e-08,2.16241770609887e-08,2.22417945749961e-08,1.10599457691802e-08,2.62639238103739e-08,6.0215320812244e-08,2.35199899425561e-08,5.03472472719496e-08,4.55569105760057e-08,2.21413053655161e-08,5.00853431658357e-08,2.33814969045829e-08,4.17457724363587e-08,4.33010178412413e-08,3.58040531257038e-08,4.34103546697504e-08,2.00343340050774e-08,8.1210076051364e-09,3.74090135093224e-08,1.86725648139584e-08,3.48884084948505e-08,1.77979040600827e-08,7.09269941798472e-09,6.61589139994888e-09,1.64732538033267e-08,7.9374079538361e-09,1.6904251467869e-08,6.2746372119501e-09,5.69776937551391e-09,4.05947186465944e-09,7.17307794694793e-09,6.49014013133832e-09,7.47399062287443e-09,5.06323630315343e-09,3.65761239425803e-09,3.24209465836779e-09,5.83565200709774e-09,4.33830317666173e-09,6.30028763226046e-09,5.40823232594785e-09,8.23329671841772e-09,7.26052134381986e-09,8.71391105571831e-09,8.7687844312623e-09,8.18218713731726e-09,9.30493042213273e-09,8.68571601685204e-09,2.17657034286471e-08,1.02129351771576e-08,1.7723116535137e-08,1.87792114064355e-08,9.52560689572584e-09,2.33814031458576e-08,5.14582740845385e-08,1.94862248630172e-08,4.38453380035291e-08,3.78435032353201e-08,1.96117136741616e-08,4.25029850150289e-08,1.92630725617263e-08,3.63166033976739e-08,3.64543323163418e-08,3.13263804222729e-08,3.68924343457005e-08,1.66396177179847e-08,7.25718691619298e-09,3.17946531037587e-08,1.57741108336735e-08,2.93845513117842e-08,1.48630015028917e-08,6.15090752280279e-09,5.27441083616369e-09,1.39196958764829e-08,6.72424547024908e-09,1.45553702413885e-08,5.41459087260217e-09,4.45407619702176e-09,3.55420578080874e-09,6.0691985374133e-09,5.32443521896758e-09,6.81001798341719e-09,3.86889983579319e-09,3.2563193926336e-09,2.95673261059913e-09,4.83514326714941e-09,3.99871499150302e-09,5.59382269193265e-09
9.2008695879155e-09,1.90746676649477e-08,3.60844904989387e-08,1.61997332200312e-08,3.22555630040008e-08,2.71563010623876e-08,2.23439311197185e-08,4.16936080156818e-08,4.27229504529238e-08,3.79554864496757e-08,6.69395158510677e-08,6.06622220155708e-08,4.61388051330794e-08,4.64064150954093e-08,2.35199899425561e-08,7.4190024162003e-08,4.15439474308463e-08,6.6789491345911e-08,3.96268400335129e-08,2.00196705600286e-08,1.02563113335743e-08,3.51694987170938e-08,1.88075798165636e-08,3.18877507247921e-08,1.71728288712122e-08,8.88031849179207e-09,7.83168451850547e-09,1.59813220896649e-08,9.06110725766867e-09,1.540694627951e-08,7.97602197573079e-09,7.09433137252321e-09,5.03801545142743e-09,8.12098409167652e-09,8.18662171275774e-09,9.04628135180288e-09,6.15950378097081e-09,4.27992128710418e-09,3.76227111642047e-09,7.18436881518376e-09,5.17006234180305e-09,8.13747705887437e-09,3.83096003474957e-09,3.34408367962321e-09,3.06457816397079e-09,4.71416803726992e-09,3.7641655492778e-09,5.05442126934792e-09,7.93572054861102e-09,1.58424050084412e-08,3.04520089228582e-08,1.41333379037298e-08,2.65008469503342e-08,2.26895214083524e-08,1.8335276923944e-08,3.50871338001809e-08,3.71065777157388e-08,3.10402164815109e-08,5.68292495709052e-08,5.07206739383571e-08,3.91503863147487e-08,3.99924838031084e-08,2.05956500349139e-08,6.28733460169553e-08,3.60754870811951e-08,5.67487082493078e-08,3.44531134278437e-08,1.76417927981292e-08,8.71030025737629e-09,3.09690404343068e-08,1.64381159839567e-08,2.8079467861111e-08,1.51246909185413e-08,7.5621308298897e-09,6.60061362777438e-09,1.39619506245734e-08,7.86577973106107e-09,1.33963126872295e-08,6.77365871335504e-09,5.94879215774517e-09,4.27392166313729e-09,7.12196475944487e-09,6.46895610720589e-09,7.65214728484818e-09,5.1648028166315e-09,3.62652201187365e-09,3.17567088638784e-09,5.67433441938749e-09,4.47044854832991e-09,6.78593269715506e-09,3.26021391667483e-09,2.85401164207337e-09,2.91897960003189e-09,4.09349516218467e-09,3.80477664533299e-09,4.99384634645494e-09
9.19396361176728e-09,9.38477128567795e-09,1.84984718848866e-08,9.33447524399585e-09,1.78373130895881e-08,1.68206983165208e-08,1.12374273208285e-08,2.14165000308993e-08,4.58829454207882e-08,2.10620165911913e-08,3.86154872510629e-08,3.65926298445228e-08,2.28965208716793e-08,4.97795937810507e-08,5.03472472719496e-08,4.15439474308463e-08,8.08001560047088e-08,6.96028289360164e-08,4.21409499023853e-08,4.17390205279373e-08,2.14056578829097e-08,6.7522880899364e-08,3.55863810764117e-08,5.85430276602174e-08,3.58408473122804e-08,1.80994698688046e-08,8.10012573978484e-09,3.02487381920614e-08,1.69204521941371e-08,2.79129143951099e-08,1.60631229688081e-08,7.06092984037210e-09,7.15309340142707e-09,1.49055951849558e-08,8.05540723755626e-09,1.54156413678942e-08,6.31581968795441e-09,6.25367901180189e-09,4.19626191801404e-09,7.36355411982767e-09,7.16209386699593e-09,7.85611834747387e-09,5.60278590272615e-09,3.72802061937094e-09,3.11391429175139e-09,6.47260924487621e-09,4.23912358180514e-09,6.83972924750519e-09,8.50039194647848e-09,8.89790664833809e-09,1.48961208776741e-08,8.8711479935411e-09,1.49962364022218e-08,1.34567533702091e-08,1.01971223645893e-08,1.77549351090493e-08,4.08019542581555e-08,1.78985006577257e-08,3.24292887093754e-08,3.13355088326339e-08,1.89933464872757e-08,4.39000217302881e-08,4.35675308123907e-08,3.5208942527053e-08,7.03061717997048e-08,5.854466095843e-08,3.73873752402758e-08,3.60593587181359e-08,1.79217464978979e-08,5.92402683072808e-08,3.08637621857529e-08,5.17912838607963e-08,3.10891989245432e-08,1.53490971005542e-08,7.1110697747355e-09,2.66174042953055e-08,1.4297628972011e-08,2.42601282089315e-08,1.36963008574772e-08,5.87171264518719e-09,5.92366336387125e-09,1.25265681386953e-08,6.6808170553786e-09,1.3067600094129e-08,5.26849410299232e-09,5.0902969757994e-09,3.66346923683568e-09,6.16473224990175e-09,5.86790508482852e-09,6.89281088312419e-09,4.53449113869688e-09,3.33639001860894e-09,2.71602914151278e-09,5.39748943913235e-09,3.80089798005779e-09,5.92321308227018e-09
9.35515853065972e-09,1.869938799828e-08,3.35809243884574e-08,1.64237075845262e-08,3.02748894513573e-08,2.6302483614239e-08,2.25617186615667e-08,3.92498908549531e-08,3.83506489025405e-08,3.61398689478731e-08,6.07656923967212e-08,5.4821039740551e-08,4.30284584371918e-08,4.14269828837525e-08,4.55569105760057e-08,6.6789491345911e-08,6.96028289360164e-08,1.01509459292765e-07,3.50236361336045e-08,3.79680203207433e-08,2.0188458399059e-08,5.81386406619379e-08,3.18993187781453e-08,4.92631033550277e-08,3.25939778610541e-08,1.71260343319087e-08,8.02135980332676e-09,2.71843269358192e-08,1.61496364306356e-08,2.52370943856545e-08,1.52332971843744e-08,7.07411039348213e-09,7.47453096688021e-09,1.43203323531289e-08,7.94784678555325e-09,1.46051656645623e-08,6.30645484374775e-09,6.37746861254512e-09,4.5710348990647e-09,7.28577302832019e-09,7.53407667335437e-09,8.12444338083607e-09,5.6927015698381e-09,4.07756603716121e-09,3.4181838208839e-09,6.83661885901607e-09,4.51206001331535e-09,7.09723849879175e-09,8.12517503946944e-09,1.62009400257501e-08,2.75549270198742e-08,1.46883832843374e-08,2.51455043246977e-08,2.14385202802399e-08,1.89842164746513e-08,3.25897657039833e-08,3.42035742775806e-08,3.00776896582246e-08,5.10439531847584e-08,4.64453740026732e-08,3.61271647612588e-08,3.65255414896478e-08,3.91470178737776e-08,5.64013773195193e-08,6.05328212958039e-08,8.58105740408234e-08,3.12094714693417e-08,3.28642947935856e-08,1.69394569428282e-08,5.13218413115981e-08,2.79316732269703e-08,4.41150635706797e-08,2.82433909450256e-08,1.44760266148172e-08,7.15309553364632e-09,2.41184866354785e-08,1.3628515100774e-08,2.22068993812312e-08,1.2924458381212e-08,6.11606908929285e-09,6.01378381352414e-09,1.208771801219e-08,6.76727851028743e-09,1.24005474989661e-08,5.46458319844949e-09,5.07667268829426e-09,4.10062528828156e-09,6.23348365977726e-09,6.26307507798403e-09,7.24523727873636e-09,4.50529591978475e-09,3.70714423371557e-09,3.14116615538987e-09,5.73662901173912e-09,4.38986884882984e-09,6.33318902528301e-09
7.21303207816277e-09,7.25838258605327e-09,1.62424764790534e-08,6.83525191440211e-09,1.53726143937684e-08,1.37730302993103e-08,8.5973735999551e-09,1.88700689086644e-08,4.4055644675665e-08,1.81259266244715e-08,3.66215912715933e-08,3.44604955936315e-08,2.03988344752675e-08,4.76954941538133e-08,2.21413053655161e-08,3.96268400335129e-08,4.21409499023853e-08,3.50236361336045e-08,5.6866845592239e-08,2.58393324456461e-08,1.10839252112983e-08,5.09407519544407e-08,2.39074511659506e-08,4.69871314249809e-08,2.17431873211507e-08,9.41668772627888e-09,7.52872905183305e-09,1.984319710321e-08,9.5375961410333e-09,1.87412125939511e-08,8.41916052648255e-09,6.7355103931246e-09,4.94793433418339e-09,8.46467429247583e-09,7.79740961522601e-09,9.48447397907527e-09,5.9676282824943e-09,4.28057135657196e-09,3.47384131881463e-09,6.89507018704849e-09,4.93586805277302e-09,7.6426157428231e-09,3.80014161966666e-09,3.02527227128284e-09,2.74671907482966e-09,4.41106924581882e-09,3.62541985402491e-09,4.91928213699629e-09,6.39450904444126e-09,6.29708302586211e-09,1.36460064963499e-08,6.18986586998102e-09,1.25493639556871e-08,1.14419935151137e-08,7.34794911905284e-09,1.59529891515685e-08,3.77533191083271e-08,1.49003491145611e-08,3.12737402976774e-08,2.88221482698941e-08,1.73087588715184e-08,4.08403278226332e-08,1.95486056845758e-08,3.39092929035218e-08,3.67775114859645e-08,3.03302812910583e-08,4.79903415555684e-08,2.30050347295777e-08,9.30139344972859e-09,4.38642527917209e-08,2.11457362934183e-08,4.03948681682842e-08,1.91945300093268e-08,7.97902465500284e-09,6.48330062190243e-09,1.72592541619489e-08,8.28453507375054e-09,1.62732075019794e-08,7.18336852174967e-09,5.64591946016315e-09,4.15028861863604e-09,7.37908399661319e-09,6.16215886396336e-09,7.93587168098222e-09,5.04608983655578e-09,3.58417346457598e-09,2.95322761576477e-09,5.4644351410299e-09,4.16426649535172e-09,6.37478774577733e-09,3.25751736045272e-09,2.62830054409666e-09,2.41246591478379e-09,3.8012147960268e-09,3.27570838181005e-09,4.49308135836873e-09
