2.42574969852009e-08,1.12215273874784e-08,5.67686738043214e-09,2.05287429075895e-08,1.09417188460279e-08,1.99243728898738e-08,9.2659516280067e-09,4.55451834307324e-09,4.42061280392949e-09,8.93996037170318e-09,5.07975539349959e-09,9.28288945508259e-09,3.73306477146591e-09,3.67290828453571e-09,2.65539811423013e-09,4.16342554103075e-09,4.27485724631023e-09,4.50156077263307e-09,3.12174928765052e-09,2.29774589968367e-09,1.92998493738387e-09,3.72207180788411e-09,2.45826058237396e-09,3.93137084863689e-09,1.99825647669127e-09,1.67664062858722e-09,1.28476778407008e-09,2.09874172203972e-09,1.91422796210402e-09,2.23426102724712e-09,1.57287517483369e-09,1.18960051646971e-09,1.2544346383428e-09,1.78866284538274e-09,1.60684738301786e-09,2.11855809261654e-09,1.05740024957804e-09,1.17768314340154e-09,1.3215930372203e-09,1.42708510367642e-09,1.72779695031035e-09,1.88788037452697e-09,1.0867559328399e-09,1.05299279380626e-09,1.07820156766801e-09,1.41278411589495e-09,1.41540012157852e-09,1.78588171115715e-09,1.48628937941809e-08,7.77885251318587e-09,3.8478500526334e-09,1.47171347141996e-08,6.80893678634046e-09,1.35744164322251e-08,6.4519241013213e-09,3.15133248006981e-09,2.36015957570612e-09,5.93438562607993e-09,3.301072140679e-09,6.06227411066969e-09,2.44825707457987e-09,1.87433826713065e-09,1.53793817168282e-09,2.59044983546381e-09,2.39254029707091e-09,2.45622008547344e-09,1.50687179167833e-09,1.32813517007047e-09,9.82190494000306e-10,2.05560756683895e-09,1.37800639862346e-09,2.0919332433901e-09,1.18056263555926e-09,9.12223904903818e-10,6.74185890820251e-10,1.2313914800702e-09,1.1138292716931e-09,1.24964158179749e-09,8.8303299567803e-10,6.63939231440773e-10,5.24419830454991e-10,1.10805764112475e-09,7.67182564470029e-10,1.25628948830224e-09,7.05410855384254e-10,5.50833772933755e-10,8.00637550202697e-10,7.13882030767034e-10,1.02490116096506e-09,1.07669639771788e-09,6.20948112323875e-10,7.00023874517896e-10,4.95633771917607e-10,9.3905880262263e-10,6.8481432378876e-10,8.7237152753439e-10
1.12215273874784e-08,2.65679746139733e-08,1.25750935627922e-08,2.10106865023506e-08,2.38996593202684e-08,1.84176780354615e-08,2.22025448673416e-08,1.03420678592315e-08,5.32853662964869e-09,1.9858422635363e-08,1.0644508648626e-08,1.96760465836781e-08,8.09092566512699e-09,4.28511342952605e-09,4.09771755568774e-09,8.26292044322555e-09,4.99560824378609e-09,8.78042824978896e-09,3.60678165713839e-09,3.58269834498932e-09,2.30525135350759e-09,4.23473498160787e-09,3.75218446219499e-09,4.16393017114704e-09,3.0111717887339e-09,1.99511656158998e-09,1.4497239684324e-09,3.10373941204048e-09,2.27250360132822e-09,3.32248699779889e-09,1.84542764350541e-09,1.33902935146511e-09,1.29061990658726e-09,2.09446899758652e-09,1.63171761392181e-09,2.40193626102593e-09,1.27519860038984e-09,1.16854981444594e-09,1.14845912373217e-09,1.46554717019816e-09,1.44276928782795e-09,1.67425283530327e-09,1.12079608420402e-09,9.32280546002266e-10,9.87268117066517e-10,1.27246525708637e-09,1.17083739326985e-09,1.50686636057015e-09,6.74347693371135e-09,1.6458728434165e-08,8.31758423382104e-09,1.37874420204545e-08,1.4272267419818e-08,1.18974813564994e-08,1.38190042108019e-08,6.88639389032845e-09,2.93120698865163e-09,1.2264312282093e-08,7.32114856079103e-09,1.25294677975225e-08,5.15295737131912e-09,2.34475400498057e-09,1.9127662896126e-09,5.43611138615722e-09,2.80176571666669e-09,5.22826090116544e-09,2.00671931562907e-09,1.59385092808376e-09,1.4104089069476e-09,2.374257160532e-09,1.91775438750652e-09,2.69839981321015e-09,1.32558204919229e-09,1.23966079569395e-09,5.76430688088103e-10,1.57752291725971e-09,1.28335992424772e-09,1.56283184862307e-09,1.2458793688947e-09,6.48981655675248e-10,5.28617943646946e-10,1.28640259794479e-09,7.76543540637047e-10,1.33799718182389e-09,6.1486089831984e-10,5.19245225866838e-10,5.79495073323417e-10,6.35158569711231e-10,7.03479971846537e-10,7.38091730980374e-10,6.21816304452242e-10,5.29926093137408e-10,5.40214017742677e-10,6.68138081736426e-10,5.13313877728981e-10,7.13157277877314e-10
5.67686738043214e-09,1.25750935627922e-08,2.66795772362583e-08,1.09522347105042e-08,2.32729526292975e-08,2.04385275662086e-08,1.03489399821358e-08,2.14059083054293e-08,1.08894703888227e-08,1.86379880857393e-08,1.92170490974108e-08,1.68562426562474e-08,1.71368818671018e-08,8.63532408018022e-09,4.31412685564447e-09,1.51456842503733e-08,8.85753717919591e-09,1.50529103095197e-08,7.17191585777368e-09,3.63895058685456e-09,3.1991680447347e-09,7.43384466367303e-09,3.55699579505542e-09,6.85824732648314e-09,3.09614384384347e-09,2.74597441702013e-09,1.78904093419312e-09,2.97788468685336e-09,3.15453431684139e-09,3.16329252178106e-09,2.45675937607116e-09,1.61458297613339e-09,1.59069842840624e-09,2.79572720570887e-09,1.92211463670128e-09,3.1863120570655e-09,1.5234007239852e-09,1.34049832864476e-09,1.44133955388767e-09,1.63811368151001e-09,1.95317366619088e-09,2.2585305561566e-09,1.17481827492031e-09,1.15211607719038e-09,1.24071760032875e-09,1.59817254316331e-09,1.51932231196397e-09,1.97344899622548e-09,3.44061239926719e-09,8.19011127199994e-09,1.72494199726499e-08,7.58791259632228e-09,1.40851082831788e-08,1.32614372652062e-08,6.53573164438276e-09,1.39058039680508e-08,6.80398375833478e-09,1.15113641373638e-08,1.3692380845891e-08,1.13675175770918e-08,1.10550493724768e-08,5.34467715851065e-09,2.06735926464001e-09,1.04797216132191e-08,5.24765506264857e-09,9.74919428937456e-09,4.64275303898377e-09,1.83865120428473e-09,1.46042778455276e-09,4.36188278059123e-09,1.76900607024355e-09,4.28564854211045e-09,1.54508380683719e-09,1.28569731390638e-09,8.65051087349608e-10,1.47639113384574e-09,1.56211918178587e-09,1.28309766268205e-09,1.3067588737389e-09,9.27910585451261e-10,4.6704590342204e-10,1.59554089816161e-09,7.95863121663584e-10,1.53656776819889e-09,8.55347556185682e-10,4.18465906247809e-10,7.01196493976722e-10,6.49486441188058e-10,7.5701514423789e-10,8.53051012191302e-10,5.58646374132089e-10,6.06467146191711e-10,6.3648283200901e-10,6.87905848452473e-10,7.59786724153507e-10,9.36013766851463e-10
2.05287429075895e-08,2.10106865023506e-08,1.09522347105042e-08,3.24383044224671e-08,1.80971894956632e-08,2.82953922378041e-08,1.73471666066734e-08,8.85132261323406e-09,4.96731421835968e-09,1.47988986287992e-08,9.25567781594629e-09,1.48601160991117e-08,7.11026231481419e-09,3.9752471592072e-09,4.17596223675928e-09,7.32936525570897e-09,4.7249002761328e-09,7.9225325437852e-09,3.32705683273908e-09,3.58906608095063e-09,2.41148760093987e-09,3.98788524169101e-09,3.90340350809627e-09,3.96844061813719e-09,3.02597795348153e-09,2.13317621879903e-09,1.70938511575124e-09,3.27251628488193e-09,2.45921908407505e-09,3.48264203151182e-09,2.01188855354903e-09,1.53801179799174e-09,1.41368568122288e-09,2.26130319257424e-09,1.82321384031548e-09,2.49154340965169e-09,1.40592990991918e-09,1.29151882928894e-09,1.35281773071489e-09,1.66934657579643e-09,1.75681197276068e-09,2.08550277659399e-09,1.2652345963697e-09,1.07736751591173e-09,1.24236213318582e-09,1.51866400396934e-09,1.4136868275375e-09,1.91483864266729e-09,1.31656543135521e-08,1.37389258176889e-08,7.46948841998287e-09,2.21251621219238e-08,1.13243012593837e-08,1.88382201844511e-08,1.13578732783141e-08,5.97599104811112e-09,2.83504582400782e-09,9.58184988076793e-09,6.26480916350127e-09,9.64072981672928e-09,4.56464474227304e-09,2.22838248711245e-09,2.10352497506957e-09,4.82464128948669e-09,2.81149064027838e-09,4.70397980249765e-09,1.83249899213737e-09,1.71841124022076e-09,1.29153203103028e-09,2.36815646934729e-09,2.11407216536733e-09,2.73505185063698e-09,1.44847950794013e-09,1.15332568331919e-09,7.47072406674539e-10,1.76494798251335e-09,1.33495746184187e-09,1.78290688369191e-09,1.14446607358622e-09,8.26966142690429e-10,5.77408479361318e-10,1.32044464401414e-09,9.00926772998392e-10,1.30763420888673e-09,8.29468368234266e-10,5.8890832596481e-10,6.74838904403495e-10,7.94228232668391e-10,9.1180595910494e-10,9.67065530013182e-10,8.33118559281959e-10,5.93776660269365e-10,5.43220547628472e-10,9.18267549471953e-10,6.22876178693382e-10,9.15417569657635e-10
1.09417188460279e-08,2.38996593202684e-08,2.32729526292975e-08,1.80971894956632e-08,3.82022377720399e-08,2.98409662264524e-08,1.98629964032395e-08,1.86328577600012e-08,1.03943854112092e-08,3.09593241886353e-08,1.70672136213442e-08,2.85793800458823e-08,1.48187092347144e-08,8.34293712865538e-09,4.88883672468392e-09,1.33433265978528e-08,8.68187609101526e-09,1.327998563082e-08,6.75015802747117e-09,4.0757502125821e-09,3.69090240347598e-09,7.17688112716618e-09,4.1319451254292e-09,6.97765581374553e-09,3.46201992325147e-09,3.17905329703772e-09,1.99580895308091e-09,3.4650714099087e-09,3.60312398344799e-09,3.72299927803794e-09,2.88739931085634e-09,1.84788170589232e-09,1.72222032812314e-09,3.29802625466234e-09,2.28618857166746e-09,3.80207498214234e-09,1.74047296152649e-09,1.42635983952449e-09,1.53770468944346e-09,1.94806818139486e-09,1.9362033753691e-09,2.46855661385126e-09,1.35797923336226e-09,1.31095692501823e-09,1.31648799443143e-09,1.70937810331868e-09,1.62548430394129e-09,2.03286385467603e-09,6.32422832725688e-09,1.51652809232231e-08,1.50076054731383e-08,1.24054280026521e-08,2.29548652243063e-08,1.92916547084955e-08,1.26771569183371e-08,1.22143328746408e-08,6.338881127924e-09,1.93187009050539e-08,1.21078907311573e-08,1.92984214459342e-08,9.53827122511827e-09,5.04522152337353e-09,2.50723832668619e-09,9.23402821371002e-09,5.22759869525690e-09,8.81927790492091e-09,4.18778171867269e-09,2.15291990563318e-09,1.80551254572936e-09,4.27757756310082e-09,2.11910589294701e-09,4.4156663770874e-09,1.85880735511244e-09,1.56325496069698e-09,1.07452900703693e-09,1.80024772306848e-09,1.86433522798754e-09,1.69671435234285e-09,1.58889358727522e-09,1.11947211935741e-09,6.56491645177566e-10,1.96128095326636e-09,1.10908161007392e-09,2.03182626553066e-09,9.97524648596453e-10,5.92997806690556e-10,7.15620499282264e-10,8.88099637921916e-10,9.1670467926955e-10,1.07756577260914e-09,7.14793567106344e-10,7.20028685213396e-10,7.19345562011206e-10,8.76003729444183e-10,7.58253908741293e-10,9.8830724158978e-10
1.99243728898738e-08,1.84176780354615e-08,2.04385275662086e-08,2.82953922378041e-08,2.98409662264524e-08,4.21146563560301e-08,1.5077521917182e-08,1.62231662226284e-08,9.50777626563969e-09,2.38582867747753e-08,1.47390588467791e-08,2.1844184007606e-08,1.31270885027456e-08,7.6304502444681e-09,4.59570554827406e-09,1.17010228327977e-08,7.95515193893196e-09,1.16619510967594e-08,6.24920777389882e-09,3.91186862817245e-09,3.83898641421878e-09,6.69473697696943e-09,4.06815630761585e-09,6.52068852563864e-09,3.37372621018482e-09,3.37710797742866e-09,2.24423799372532e-09,3.48721489521908e-09,3.89661076347449e-09,3.62207475778698e-09,3.10136454112747e-09,2.06688675660155e-09,2.04514575957088e-09,3.55602707810908e-09,2.62071795079159e-09,4.06669859000684e-09,1.91570551895236e-09,1.84416766088383e-09,1.95932867360225e-09,2.39280669738071e-09,2.63717345048454e-09,3.1130796225894e-09,1.52337656126999e-09,1.48014359425023e-09,1.48864065653354e-09,2.00055944191046e-09,1.84971722540008e-09,2.42280143319999e-09,1.25919315143658e-08,1.20598080438106e-08,1.37116789820992e-08,2.00057296940512e-08,1.84792111495894e-08,2.7948098800848e-08,9.82657983779374e-09,1.08426957363043e-08,5.78984562089529e-09,1.53741842226756e-08,1.03249458545794e-08,1.48080338279301e-08,8.59616460770795e-09,4.61146628478129e-09,2.43006290212949e-09,8.05748588317113e-09,4.89821814033088e-09,7.7413839986944e-09,3.82165058699765e-09,2.1337425385287e-09,1.70249399820198e-09,4.1205834461302e-09,2.12729300244093e-09,4.20965913768312e-09,1.88144252428089e-09,1.53746793820529e-09,1.25206783296735e-09,1.88020918955072e-09,2.00154301094924e-09,1.79033075006246e-09,1.55461920425296e-09,1.30887002106613e-09,8.3845350942502e-10,2.07626902310621e-09,1.42680041320315e-09,2.14947418758966e-09,1.23895925118786e-09,8.10965614631944e-10,8.54442988816024e-10,1.25118823678308e-09,1.22341541029414e-09,1.41960726085224e-09,9.4666969450566e-10,7.96501643574767e-10,6.73212711475541e-10,1.13490427657418e-09,9.40006437226165e-10,1.18918507555215e-09
9.2659516280067e-09,2.22025448673416e-08,1.03489399821358e-08,1.73471666066734e-08,1.98629964032395e-08,1.5077521917182e-08,2.83305716399211e-08,1.23651125959409e-08,6.43434742666261e-09,2.53577078635245e-08,1.2878289496849e-08,2.54323212028188e-08,9.87837166631685e-09,5.23768877106001e-09,5.06497926085009e-09,1.01711572680368e-08,6.26575054857489e-09,1.10792327362249e-08,4.33941889382173e-09,4.26646563667972e-09,2.77920536485085e-09,5.12590133913601e-09,4.51866852549535e-09,5.23247261305486e-09,3.6077658294243e-09,2.39308014017676e-09,1.75669917616631e-09,3.80981814294127e-09,2.77124034541589e-09,4.11734624096561e-09,2.18959479794708e-09,1.57543953096163e-09,1.52119831525008e-09,2.51210586110629e-09,1.87694194403734e-09,2.78458091847942e-09,1.38603607817497e-09,1.30367745784324e-09,1.34637044435331e-09,1.56119665846778e-09,1.65618385494164e-09,1.90191060371189e-09,1.0439252087012e-09,9.81366548103766e-10,1.00820493049263e-09,1.24056683164223e-09,1.29488097199387e-09,1.52056113111901e-09,5.59583236846288e-09,1.38197895512854e-08,6.891539498411e-09,1.13798893726223e-08,1.22645548354225e-08,9.97381845814874e-09,1.7693645343933e-08,8.37550972584741e-09,3.41795207230231e-09,1.56243326779663e-08,8.62143915531355e-09,1.5994044130176e-08,6.36044068885286e-09,2.81991441937256e-09,2.36904497797081e-09,6.5270989089391e-09,3.68913467169995e-09,6.83059735571939e-09,2.40472950031859e-09,2.11012137597193e-09,1.5821798212085e-09,3.0789150451727e-09,2.33610817968157e-09,3.31583601030063e-09,1.78832264561597e-09,1.390527710861e-09,6.15980911967852e-10,1.97839899177873e-09,1.45482859616327e-09,1.93759347900836e-09,1.34779232875652e-09,6.44738992745935e-10,6.67990644257008e-10,1.41125189792833e-09,9.42735266391066e-10,1.58756427312627e-09,6.01630364688529e-10,5.36566327290997e-10,6.66248351330358e-10,7.19636260684096e-10,8.20504679794956e-10,9.10009755425388e-10,5.05012179552034e-10,4.93205575655743e-10,5.00938368828449e-10,5.95973469718151e-10,5.17859623082453e-10,6.20462576141504e-10
4.55451834307324e-09,1.03420678592315e-08,2.14059083054293e-08,8.85132261323406e-09,1.86328577600012e-08,1.62231662226284e-08,1.23651125959409e-08,2.40090426506678e-08,1.24982283248089e-08,2.18123361335885e-08,2.19671893079918e-08,2.02063473924383e-08,1.94393040741049e-08,1.00097329262726e-08,4.96182115486797e-09,1.74699448114464e-08,1.04407417628843e-08,1.7552287316509e-08,8.07520962422547e-09,4.06876058174059e-09,3.4802238533232e-09,8.42057501093056e-09,4.02400479618645e-09,7.94933644464463e-09,3.48905796334979e-09,2.98485819913436e-09,1.97048106319753e-09,3.39145811777058e-09,3.41511858628877e-09,3.57484057249645e-09,2.66374682466531e-09,1.75832110809989e-09,1.7593159448503e-09,3.00763581532092e-09,2.1099434539312e-09,3.43686252780485e-09,1.53877377147905e-09,1.40479624715368e-09,1.47446183707118e-09,1.68737867130545e-09,1.97247107024392e-09,2.30355481259634e-09,1.09143477846154e-09,1.09222009635364e-09,1.13621694953408e-09,1.43593401132673e-09,1.44703040064817e-09,1.7930681740174e-09,2.91647644094015e-09,6.53186262644601e-09,1.39062046316397e-08,6.03092108661753e-09,1.15064455130814e-08,1.08367497795609e-08,7.84820502191345e-09,1.55902115831072e-08,7.56864557556905e-09,1.33613070953332e-08,1.52993937781805e-08,1.33800656755392e-08,1.24861971231033e-08,6.06242795046105e-09,2.3596739066838e-09,1.18156104296773e-08,6.16864478705113e-09,1.1366856486479e-08,5.09449182791509e-09,2.092514832195e-09,1.5990834915486e-09,4.96205051984744e-09,1.99940411827412e-09,4.7830075770802e-09,1.7692884520048e-09,1.39519688525788e-09,9.78856509416298e-10,1.65615682386756e-09,1.65813503392004e-09,1.43906149430441e-09,1.37071106094386e-09,1.01342290676147e-09,5.88155958005789e-10,1.64484957415342e-09,9.92961557397775e-10,1.71010055183878e-09,8.78401760367739e-10,4.50110423875044e-10,7.12071654229753e-10,7.80291818366415e-10,7.77818748371033e-10,1.02564572896572e-09,5.09143616878144e-10,5.59162307665845e-10,5.51754268473464e-10,6.26967676995145e-10,7.66550735317859e-10,8.93302498119327e-10
4.42061280392949e-09,5.32853662964869e-09,1.08894703888227e-08,4.96731421835968e-09,1.03943854112092e-08,9.50777626563969e-09,6.43434742666261e-09,1.24982283248089e-08,2.8728849658025e-08,1.23743536120064e-08,2.47065339813771e-08,2.35450594185729e-08,1.00141234403325e-08,2.2526186709818e-08,1.09802536687783e-08,1.93809981860464e-08,2.06655252546256e-08,1.78337259564995e-08,1.85043763132139e-08,8.96266771072483e-09,3.98668395809837e-09,1.69661698926973e-08,8.11206868172746e-09,1.56642008388397e-08,7.52065870142037e-09,3.33531161680312e-09,3.05071715979304e-09,6.73862760941595e-09,3.67021462255413e-09,6.64267389744455e-09,2.8310674056576e-09,2.72224150459868e-09,2.19042826479691e-09,3.11613901193508e-09,3.19686972356602e-09,3.45418323156668e-09,2.2479359604841e-09,1.63303538691058e-09,1.61154837199080e-09,2.54033731576324e-09,2.15886107497302e-09,3.09735501842456e-09,1.33250127811852e-09,1.22778303335615e-09,1.15899407334995e-09,1.64669780561467e-09,1.48834340145788e-09,1.83305697045286e-09,2.71305931668487e-09,3.30038228685977e-09,6.79372962823973e-09,3.36655588065902e-09,6.30676729953361e-09,6.67269819521025e-09,4.21085847852683e-09,7.63452505528045e-09,1.61200392827003e-08,7.72580579801544e-09,1.50136201581051e-08,1.4634112111847e-08,6.29424336845074e-09,1.29588378417643e-08,6.09778785014961e-09,1.20296157951217e-08,1.20473455697648e-08,1.14095229182397e-08,1.08970183028856e-08,4.89703753935341e-09,2.41887653869479e-09,9.82075275055907e-09,4.44886443115806e-09,9.09048762495701e-09,4.33369782354291e-09,2.0585636567297e-09,1.83143112878876e-09,3.815787085854e-09,2.19092445467658e-09,3.38255084238528e-09,1.7428659519544e-09,1.75640432463472e-09,1.07927756518556e-09,1.96828999518793e-09,1.6970362261205e-09,2.06864690033843e-09,1.41552147056586e-09,8.74457987953286e-10,1.00265899441173e-09,1.38210429595357e-09,1.0928562979717e-09,1.58094956809854e-09,7.36645970475738e-10,7.69835313669785e-10,7.39280672861245e-10,8.14301756733825e-10,8.55733276973635e-10,1.00615226144426e-09
8.93996037170318e-09,1.9858422635363e-08,1.86379880857393e-08,1.47988986287992e-08,3.09593241886353e-08,2.38582867747753e-08,2.53577078635245e-08,2.18123361335885e-08,1.23743536120064e-08,3.84287027294878e-08,2.04781854698101e-08,3.59932472384208e-08,1.76591652448077e-08,1.00493004452246e-08,5.90160967099046e-09,1.62545466411226e-08,1.08622317662509e-08,1.6773458640337e-08,7.95319160421364e-09,4.74571798571935e-09,4.19514200758628e-09,8.61899506680781e-09,4.82831695370619e-09,8.51796872733775e-09,4.06363313127962e-09,3.62032537417747e-09,2.33179041397451e-09,4.10051701881446e-09,4.05967597593728e-09,4.37694506678154e-09,3.2781757190029e-09,2.1088288875402e-09,1.97922958732918e-09,3.68137175895495e-09,2.59679746135299e-09,4.23029404890183e-09,1.82148646722528e-09,1.58637989047781e-09,1.64104160149836e-09,2.05445832781204e-09,2.08184807338373e-09,2.62136615401081e-09,1.31429804509119e-09,1.26203603240851e-09,1.26488090238944e-09,1.61141709491199e-09,1.64863169113454e-09,1.9940609381809e-09,5.11439711920693e-09,1.26751681678961e-08,1.22184409484093e-08,1.00023495006123e-08,1.93156083718661e-08,1.58448283576234e-08,1.61625669026931e-08,1.43319641120207e-08,7.38733614005571e-09,2.35378404096923e-08,1.41105118787383e-08,2.36389441077602e-08,1.13787573809408e-08,6.04465561156512e-09,2.98386320962899e-09,1.0907618690058e-08,6.77083936181954e-09,1.12522837549675e-08,4.94412848996858e-09,2.71387465544608e-09,1.95135998419244e-09,5.48288369310825e-09,2.54852115031289e-09,5.43167739135591e-09,2.39520458979599e-09,1.67708500046871e-09,1.11181386312683e-09,2.18936810307986e-09,1.91275939084994e-09,1.90982377111466e-09,1.66060266098243e-09,1.12041381308263e-09,8.24426085858651e-10,1.96972368589983e-09,1.38436332612668e-09,2.35672736047006e-09,9.67283198249166e-10,6.28978926073166e-10,7.66970396777149e-10,1.02443297106829e-09,9.41612058335724e-10,1.20289627733977e-09,6.62091020153531e-10,6.41191865087623e-10,7.03190054403979e-10,7.97203975221922e-10,8.39428784959758e-10,9.86917685882012e-10
5.07975539349959e-09,1.0644508648626e-08,1.92170490974108e-08,9.25567781594629e-09,1.70672136213442e-08,1.47390588467791e-08,1.2878289496849e-08,2.19671893079918e-08,2.47065339813771e-08,2.04781854698101e-08,3.72456629485422e-08,3.40566723049526e-08,1.74731961960604e-08,1.9378213361005e-08,1.04471965943172e-08,2.94409384771246e-08,1.78988229599597e-08,2.72083225565401e-08,1.58545134724367e-08,8.43256734495585e-09,4.085403759837e-09,1.45101996325046e-08,7.76942916228641e-09,1.3232506943979e-08,7.15118257002409e-09,3.49935792717593e-09,3.29276728148914e-09,6.57380604549959e-09,3.91192745676956e-09,6.50499775272596e-09,2.97200902464459e-09,2.93508504634737e-09,2.46595960669452e-09,3.31634224675135e-09,3.52236944619802e-09,3.82060851716929e-09,2.51371001575671e-09,1.91046985631111e-09,1.93115440724573e-09,2.87675923133857e-09,2.55894069864382e-09,3.55730343783142e-09,1.5408095007503e-09,1.49622295400645e-09,1.45992726277464e-09,1.95258880549253e-09,1.93254100335126e-09,2.34384627714848e-09,3.46968210244577e-09,6.63941949444808e-09,1.19768827518324e-08,6.1842606178511e-09,1.01883991544893e-08,9.7911992694703e-09,8.24784761380812e-09,1.35958374712598e-08,1.4206620459674e-08,1.23691667854491e-08,2.32338742877099e-08,2.11908315004631e-08,1.06656028983423e-08,1.14727367672859e-08,5.71827654514738e-09,1.82227239456091e-08,1.05344051877436e-08,1.69571907031896e-08,9.73613857060746e-09,4.78206905159581e-09,2.41892197811933e-09,8.53896962655202e-09,4.40252089950110e-09,7.91073553491352e-09,4.16176735242592e-09,2.09205724627967e-09,1.76881637578328e-09,3.78377769812068e-09,2.16637127167811e-09,3.28134011218479e-09,1.86233213011415e-09,1.79470414658592e-09,1.07096875224938e-09,2.06626610844983e-09,1.60458735033905e-09,2.15727199007745e-09,1.48332586926053e-09,8.7735995803827e-10,1.08510369642718e-09,1.33901890794585e-09,1.18409326135962e-09,1.64771487957516e-09,9.03907614720723e-10,8.8274230708765e-10,9.61862903877336e-10,9.6311776663984e-10,1.27738557328464e-09,1.55268301948835e-09
9.28288945508259e-09,1.96760465836781e-08,1.68562426562474e-08,1.48601160991117e-08,2.85793800458823e-08,2.1844184007606e-08,2.54323212028188e-08,2.02063473924383e-08,2.35450594185729e-08,3.59932472384208e-08,3.40566723049526e-08,5.3249628709654e-08,1.60180067397973e-08,1.86167836651215e-08,1.07419228800355e-08,2.68652499131137e-08,1.75343612980786e-08,2.537086854464e-08,1.49438626971088e-08,8.4477029493813e-09,4.48573924139307e-09,1.3952390749085e-08,8.00016671908481e-09,1.32191554473875e-08,7.17409980752174e-09,3.89873067113164e-09,3.6898308329855e-09,6.82931921241026e-09,4.23719045999931e-09,6.72749474957133e-09,3.38218146036749e-09,3.30614533374914e-09,2.7000004211044e-09,3.66897333950242e-09,3.98239290491282e-09,4.1742236687492e-09,2.77711598552183e-09,2.10563493115704e-09,2.07978017932103e-09,3.20707759102587e-09,2.72407629666924e-09,3.88511538343908e-09,1.79121911035769e-09,1.69584795906428e-09,1.52388110491855e-09,2.23180213488054e-09,2.13814282328827e-09,2.60053986133219e-09,5.30361658922403e-09,1.23285801071357e-08,1.05187989171909e-08,9.88946076768843e-09,1.71542446243409e-08,1.42286295618771e-08,1.62941678748976e-08,1.25326012076264e-08,1.3447021573557e-08,2.16018810020766e-08,2.14686009354632e-08,3.33699330676394e-08,9.71700530134654e-09,1.09758170018076e-08,5.94703575694553e-09,1.67599870978913e-08,1.06766810110457e-08,1.62744438039834e-08,9.10601992889319e-09,5.07299380996613e-09,2.51704129647279e-09,8.612214254826e-09,4.64266116367707e-09,8.21098248452126e-09,4.39624831575105e-09,2.23792982904836e-09,1.88884116122019e-09,4.0822527106856e-09,2.32033322423447e-09,3.54957331088917e-09,2.02649022313943e-09,1.90435570812057e-09,1.42628311780655e-09,2.28733979290324e-09,2.06543092077208e-09,2.54166908742102e-09,1.55353480286313e-09,1.10166894585057e-09,1.1214676089223e-09,1.58942441164594e-09,1.41645815804375e-09,1.88865184162172e-09,1.07673603389766e-09,9.19695459711695e-10,9.59058344098472e-10,1.2020567010601e-09,1.25051601790463e-09,1.71150946308883e-09
3.73306477146591e-09,8.09092566512699e-09,1.71368818671018e-08,7.11026231481419e-09,1.48187092347144e-08,1.31270885027456e-08,9.87837166631685e-09,1.94393040741049e-08,1.00141234403325e-08,1.76591652448077e-08,1.74731961960604e-08,1.60180067397973e-08,2.31776856536136e-08,1.12241101620315e-08,5.66561762477263e-09,2.04756005235043e-08,1.1793180264209e-08,2.07712920325835e-08,9.08369354415457e-09,4.64486918355017e-09,4.02345052332852e-09,9.48343848357402e-09,4.70427918884753e-09,9.17399614848661e-09,3.99423979773631e-09,3.45838351526316e-09,2.29401600218926e-09,3.96131645580768e-09,3.95858716518339e-09,4.19080084315928e-09,3.09837340876065e-09,1.97117816550499e-09,1.90953403595284e-09,3.47746659397418e-09,2.34955129278671e-09,3.96034502333723e-09,1.71899957484697e-09,1.51317869545355e-09,1.57547499441877e-09,1.89285559018556e-09,2.09137817554218e-09,2.50534847873461e-09,1.15536217766689e-09,1.18510148656293e-09,1.19407192149197e-09,1.50154540894315e-09,1.56268589193056e-09,1.88671111395235e-09,2.37525475361885e-09,4.69365997025874e-09,1.10582991392927e-08,4.42685357633004e-09,9.08116623570594e-09,8.59353286596628e-09,5.95425365712653e-09,1.24872620420232e-08,6.06301694829106e-09,1.06993113129101e-08,1.18170391554728e-08,1.03445543529902e-08,1.44638970679439e-08,6.69500529913438e-09,2.720141339982e-09,1.35170118970208e-08,6.75665542330533e-09,1.32748627893756e-08,5.52311011426169e-09,2.3558854466862e-09,1.88018460195172e-09,5.42296842007482e-09,2.34039846452671e-09,5.38495431147066e-09,1.98580247937866e-09,1.65229033104804e-09,1.13677264738788e-09,1.92556997150566e-09,1.99853476009117e-09,1.88219987702993e-09,1.62248436903102e-09,1.04389847452428e-09,7.18336395722653e-10,1.91461174967368e-09,1.07783787267069e-09,1.94850128225086e-09,9.02898320459165e-10,5.50757764903209e-10,7.54677897648727e-10,8.89160571888499e-10,8.95955230417828e-10,1.14977685594081e-09,5.29823321021854e-10,5.65178856447735e-10,6.24317511602613e-10,6.61851701637319e-10,8.47993169575255e-10,9.37893244192077e-10
3.67290828453571e-09,4.28511342952605e-09,8.63532408018022e-09,3.9752471592072e-09,8.34293712865538e-09,7.6304502444681e-09,5.23768877106001e-09,1.00097329262726e-08,2.2526186709818e-08,1.00493004452246e-08,1.9378213361005e-08,1.86167836651215e-08,1.12241101620315e-08,2.5657015741574e-08,1.24093753856917e-08,2.2234684836081e-08,2.33588246882141e-08,2.02523617440884e-08,2.12155851844231e-08,1.01409968021802e-08,4.46652442725636e-09,1.92015820090236e-08,9.27488347935938e-09,1.78255815181547e-08,8.52627958832267e-09,3.72460755080201e-09,3.41715348338984e-09,7.72606078738137e-09,4.14752489619011e-09,7.69035624431092e-09,3.18132291491866e-09,3.02406007094813e-09,2.35948444489052e-09,3.52591150682563e-09,3.56655524206528e-09,3.93176955585543e-09,2.4568009486094e-09,1.79171165012217e-09,1.72604493753112e-09,2.77808403444964e-09,2.27859391938156e-09,3.28342694581581e-09,1.42070650740628e-09,1.34314578778601e-09,1.22684650036672e-09,1.72913746707516e-09,1.64954388772951e-09,1.99881094657092e-09,2.36956848949515e-09,2.53421202162853e-09,5.47236846101743e-09,2.53719935975283e-09,5.1494083581947e-09,5.13768400323908e-09,3.45286659562662e-09,6.29263701830355e-09,1.2956831445322e-08,6.50467831252696e-09,1.20271555549069e-08,1.18107120199923e-08,7.22057863364052e-09,1.49221469960116e-08,6.99059949397894e-09,1.4095873844282e-08,1.37238560701569e-08,1.31623955657796e-08,1.25174782590698e-08,5.66392875174689e-09,2.63460371544365e-09,1.12606803994206e-08,5.16221520404931e-09,1.05230020010172e-08,5.05642899488285e-09,2.2920669801683e-09,2.06960927464527e-09,4.49848966115978e-09,2.42652953571713e-09,4.11392555601895e-09,1.9681236399017e-09,1.93780530598066e-09,1.18157899841177e-09,2.20089315646901e-09,1.88614516431634e-09,2.40994234939936e-09,1.56181237353816e-09,9.55140799075703e-10,1.06889114818374e-09,1.49367570382713e-09,1.22050319691274e-09,1.75809179180189e-09,8.04860405852704e-10,8.2990831452544e-10,7.13121903920143e-10,8.83131703158112e-10,8.5709436030819e-10,1.02327822104241e-09
2.65539811423013e-09,4.09771755568774e-09,4.31412685564447e-09,4.17596223675928e-09,4.88883672468392e-09,4.59570554827406e-09,5.06497926085009e-09,4.96182115486797e-09,1.09802536687783e-08,5.90160967099046e-09,1.04471965943172e-08,1.07419228800355e-08,5.66561762477263e-09,1.24093753856917e-08,2.80941845181746e-08,1.18553677158442e-08,2.40469903544662e-08,2.27096821487184e-08,1.01445849575705e-08,2.2258007374979e-08,9.60197831290685e-09,1.89487433994609e-08,1.80009041018582e-08,1.53497697832487e-08,1.86456039633098e-08,7.83822079423272e-09,3.5911846759398e-09,1.47351367328402e-08,7.52635395458997e-09,1.38190403056066e-08,6.6570478010273e-09,3.08591276119298e-09,3.86668811744256e-09,6.36277604797427e-09,3.88449612021581e-09,7.03414897329803e-09,2.49036253288311e-09,3.12844797211168e-09,2.25162964122013e-09,2.98372447207146e-09,3.68313291355755e-09,3.41459902803194e-09,2.60421925876922e-09,1.70468282202537e-09,1.66411981803463e-09,2.95370285051213e-09,2.25216764081986e-09,3.49166588925975e-09,1.95880953507318e-09,2.38815346306918e-09,2.46957002868517e-09,2.30816572243147e-09,3.22596730935718e-09,2.7812431643245e-09,3.33265063202059e-09,2.88554791623562e-09,5.97242297319933e-09,4.03735367792312e-09,6.19307788251537e-09,6.85047489751271e-09,3.35655460903782e-09,6.60505894155673e-09,1.57563966801177e-08,7.20932279502828e-09,1.34440877938237e-08,1.39781070301969e-08,5.56891203799142e-09,1.26861244275321e-08,6.34810775115523e-09,1.08445702312895e-08,1.06639728737508e-08,9.05327689555715e-09,1.07788494532458e-08,5.24664378778494e-09,2.36666776675372e-09,8.74767341582017e-09,4.74856181401853e-09,7.6185135610607e-09,4.66278236563721e-09,2.16474396234096e-09,2.31966854830955e-09,4.24620920536223e-09,2.54324987124211e-09,4.56752490319529e-09,1.77924164324714e-09,1.88550698273837e-09,1.46006805354883e-09,1.97264882171546e-09,2.25677657216603e-09,2.28794006706963e-09,1.59823906926436e-09,1.10459822245877e-09,1.06764575330205e-09,1.78362419377261e-09,1.41329064326616e-09,2.00085548735085e-09
4.16342554103075e-09,8.26292044322555e-09,1.51456842503733e-08,7.32936525570897e-09,1.33433265978528e-08,1.17010228327977e-08,1.01711572680368e-08,1.74699448114464e-08,1.93809981860464e-08,1.62545466411226e-08,2.94409384771246e-08,2.68652499131137e-08,2.04756005235043e-08,2.2234684836081e-08,1.18553677158442e-08,3.44166340758798e-08,2.03364171306324e-08,3.17438268019154e-08,1.83522249298326e-08,9.63943617093271e-09,4.75678117489788e-09,1.65605998888787e-08,9.07906322115961e-09,1.53543138339982e-08,8.15054264956487e-09,4.01328347932441e-09,3.75196230292029e-09,7.63294016245813e-09,4.50659111473196e-09,7.62190610044544e-09,3.43722742803337e-09,3.31156253871058e-09,2.66675636652067e-09,3.83930299915703e-09,3.9884742031631e-09,4.42143581674287e-09,2.78916234727762e-09,2.09213415450064e-09,2.05131645588694e-09,3.22091219616003e-09,2.70050269412418e-09,3.83057776752328e-09,1.662253233822e-09,1.61013318857301e-09,1.51306475858362e-09,2.04878453154438e-09,2.05736498130919e-09,2.4773327027373e-09,2.84839190277593e-09,4.77324615323513e-09,9.23697722167842e-09,4.51434427374478e-09,7.78493364496252e-09,7.43256206605229e-09,6.29667457881069e-09,1.06650887787546e-08,1.14716245260883e-08,9.72763598286475e-09,1.82218082360237e-08,1.66591739840249e-08,1.25499090422035e-08,1.32329115658444e-08,6.57293762993647e-09,2.14017901618016e-08,1.18687229955594e-08,1.99324384038958e-08,1.11694616760427e-08,5.531642752867e-09,2.68283598577145e-09,9.68790933304288e-09,5.11769268909104e-09,9.17334475467682e-09,4.82367705942824e-09,2.32643597354896e-09,2.02428090166496e-09,4.39250912959373e-09,2.46865467840406e-09,4.06012087944719e-09,2.11114567290845e-09,1.94844786564232e-09,1.19011477865489e-09,2.33631399835941e-09,1.8262263472407e-09,2.51449855287008e-09,1.58686164884081e-09,9.745479296079e-10,1.18859653582008e-09,1.513595016285e-09,1.34304898716742e-09,1.86168340307856e-09,9.73877396952287e-10,9.52572950698428e-10,9.54192885594183e-10,1.0360103726777e-09,1.3212582194462e-09,1.54965444427855e-09
4.27485724631023e-09,4.99560824378609e-09,8.85753717919591e-09,4.7249002761328e-09,8.68187609101526e-09,7.95515193893196e-09,6.26575054857489e-09,1.04407417628843e-08,2.06655252546256e-08,1.08622317662509e-08,1.78988229599597e-08,1.75343612980786e-08,1.1793180264209e-08,2.33588246882141e-08,2.40469903544662e-08,2.03364171306324e-08,3.84260803288112e-08,3.37615171392787e-08,1.92048397721746e-08,1.89471980804458e-08,9.26169214357729e-09,3.06795385296937e-08,1.53439874258813e-08,2.58400134835441e-08,1.58282330039794e-08,7.53007371116752e-09,3.90434736755503e-09,1.26116549472057e-08,7.44855754965617e-09,1.20153963755069e-08,6.42478489797546e-09,3.34352727173109e-09,4.14931858284656e-09,6.29399617534624e-09,4.12649727483148e-09,6.87013275984921e-09,2.71693505176944e-09,3.30175822936239e-09,2.42235636725183e-09,3.16351960390849e-09,4.01687374361669e-09,3.73787057453533e-09,2.78660070664625e-09,1.89242605730595e-09,1.78753573452445e-09,3.24014634969857e-09,2.34076299985424e-09,3.64459140460318e-09,2.77386244217238e-09,3.27172438566892e-09,5.36472846152849e-09,3.28473163520616e-09,5.47728618751635e-09,5.18421202132459e-09,4.65630436365663e-09,6.41667951097817e-09,1.15848000796933e-08,7.24766898027495e-09,1.11270398009478e-08,1.14349783849863e-08,7.37928789970133e-09,1.31400213473926e-08,1.37089895082046e-08,1.27494756515576e-08,2.22722663434061e-08,2.10519101540897e-08,1.11502493612794e-08,1.12490771925585e-08,5.97966073476671e-09,1.82001096969135e-08,9.23668606958343e-09,1.56693351260433e-08,9.726916967449e-09,5.13394730583419e-09,2.55316137044095e-09,7.88624217702428e-09,4.64799122840703e-09,6.85870081879721e-09,4.48892448627772e-09,2.35383376451152e-09,2.38953636235427e-09,4.18941405754468e-09,2.53529977844206e-09,4.54121413767096e-09,1.91749392039396e-09,1.94741134825675e-09,1.50013482391895e-09,1.96732947014471e-09,2.37420157654624e-09,2.39661308283476e-09,1.67664181179629e-09,1.12338502475704e-09,1.01972087050453e-09,1.85535239377683e-09,1.35369170795922e-09,1.98063144793661e-09
4.50156077263307e-09,8.78042824978896e-09,1.50529103095197e-08,7.9225325437852e-09,1.327998563082e-08,1.16619510967594e-08,1.10792327362249e-08,1.7552287316509e-08,1.78337259564995e-08,1.6773458640337e-08,2.72083225565401e-08,2.537086854464e-08,2.07712920325835e-08,2.02523617440884e-08,2.27096821487184e-08,3.17438268019154e-08,3.37615171392787e-08,4.83660467155578e-08,1.65594579016763e-08,1.77515302798881e-08,9.14815456421964e-09,2.66712176004673e-08,1.45888537077915e-08,2.24138043144745e-08,1.48223271514449e-08,7.40820380014381e-09,4.17673983237838e-09,1.19488727326634e-08,7.55843598116569e-09,1.1488624016462e-08,6.2893504406545e-09,3.53733860588814e-09,4.3421578976195e-09,6.36354048345535e-09,4.39965821343388e-09,7.1246117170141e-09,2.99793333213633e-09,3.51317652216549e-09,2.62947941534058e-09,3.48729673612868e-09,4.28117086480186e-09,4.23643239854607e-09,3.00887637348383e-09,2.09280650355251e-09,1.98474176658562e-09,3.46516579166802e-09,2.69035117946388e-09,4.02389701352972e-09,3.17919808584097e-09,5.46394201793728e-09,8.9644758806218e-09,5.34810379506545e-09,7.89169184479615e-09,7.54527275657957e-09,7.55247765523902e-09,1.06350704090416e-08,1.00694416332278e-08,1.0325013459967e-08,1.67793780987771e-08,1.59839769366462e-08,1.26327587750965e-08,1.13712174343917e-08,1.27147422539657e-08,1.95555672245854e-08,1.95396649384837e-08,2.96165311622005e-08,9.70906447602901e-09,1.07286431012726e-08,5.71332632142431e-09,1.57831645906371e-08,8.74256746075964e-09,1.3511292981953e-08,9.15727862189724e-09,4.92657590791746e-09,2.49539181303032e-09,7.38475324539086e-09,4.54089542566486e-09,6.55287902075224e-09,4.35042055651565e-09,2.32897914306988e-09,2.53439450817193e-09,4.10168436720889e-09,2.535970329025e-09,4.42860118378845e-09,1.95392962082595e-09,2.12612188735671e-09,1.59350779514684e-09,2.07642161207107e-09,2.43523615514419e-09,2.67053635389331e-09,1.99290639144065e-09,1.25386311543598e-09,1.14094161265619e-09,2.0306181305297e-09,1.70044145746518e-09,2.47548860538239e-09
3.12174928765052e-09,3.60678165713839e-09,7.17191585777368e-09,3.32705683273908e-09,6.75015802747117e-09,6.24920777389882e-09,4.33941889382173e-09,8.07520962422547e-09,1.85043763132139e-08,7.95319160421364e-09,1.58545134724367e-08,1.49438626971088e-08,9.08369354415457e-09,2.12155851844231e-08,1.01445849575705e-08,1.83522249298326e-08,1.92048397721746e-08,1.65594579016763e-08,2.51288349613032e-08,1.16764027146918e-08,5.20959090302803e-09,2.27058809235521e-08,1.09098267166252e-08,2.13886531930137e-08,9.82714695038911e-09,4.33098438310604e-09,3.87650882645893e-09,9.11760898303913e-09,4.71944706724276e-09,9.11413392249634e-09,3.66606441506649e-09,3.45347595796751e-09,2.61593179947355e-09,4.00531334230896e-09,4.0830600948296e-09,4.47384389259595e-09,2.82522512268537e-09,1.99293915164103e-09,1.81889442895549e-09,3.20759083046753e-09,2.49120863820002e-09,3.68125488227894e-09,1.593105129937e-09,1.43848372718756e-09,1.34586624296772e-09,1.92428035709084e-09,1.7517123969748e-09,2.21520380741413e-09,2.03931390209777e-09,2.04929585060403e-09,4.43334289059217e-09,2.06772357844419e-09,4.12712666346216e-09,4.14502244233330e-09,2.70251601457643e-09,4.86481210737916e-09,1.08978964889096e-08,5.14542429267716e-09,9.90330123084937e-09,9.80648994061187e-09,5.6960582538389e-09,1.25191849337835e-08,5.66468698852947e-09,1.17336322474698e-08,1.12608756035107e-08,1.06411817414608e-08,1.46635614710601e-08,6.52240247743316e-09,3.2226349461854e-09,1.34208666402007e-08,6.26538728440097e-09,1.30205943758015e-08,5.75644215786705e-09,2.79328387923793e-09,2.32926350949106e-09,5.44960054195355e-09,2.89354277472658e-09,4.99664759928257e-09,2.31355669855359e-09,2.18606752507875e-09,1.45436308446817e-09,2.5803824547183e-09,2.25636333112278e-09,2.84412122713876e-09,1.75059646245232e-09,1.21304359272965e-09,1.21696323900958e-09,1.80650800280973e-09,1.39551468306749e-09,2.01518436318546e-09,1.03338924651926e-09,9.74971297969424e-10,8.27055893541394e-10,1.08237150936404e-09,9.32158381248793e-10,1.16612986737817e-09
