1.68145063660709e-08,8.97223188013369e-09,3.70736335017671e-09,1.51531652353342e-08,8.82485894757068e-09,1.47145644863568e-08,7.52660944330923e-09,3.07876623556734e-09,2.59447838060356e-09,7.28866146601648e-09,3.48738580915154e-09,7.81442241582352e-09,2.57612945241194e-09,2.13082816119421e-09,1.37220541769334e-09,2.84734344670002e-09,2.36767532388489e-09,3.06515772505982e-09,1.78653094342883e-09,1.05639867470321e-09,1.04647339218519e-09,1.93880452285881e-09,1.19104389911829e-09,2.07898900680952e-09,9.12656821160274e-10,9.28365854214639e-10,6.70175175727568e-10,1.06119995485185e-09,9.58500276321345e-10,1.09927501441016e-09,8.40993795256145e-10,6.27177775335388e-10,7.31711324054493e-10,8.70481293321198e-10,8.51619629563683e-10,1.11091952433492e-09,5.66244917219797e-10,6.0862268910407e-10,5.81139687815044e-10,6.93918415981464e-10,7.33877114496247e-10,7.46944016733765e-10,6.05665155863565e-10,4.86842088014883e-10,4.63257134304435e-10,7.0994453153336e-10,5.88387382759678e-10,8.10092719592291e-10,7.38917653540859e-09,3.54030599233524e-09,1.06591572553254e-09,6.33332619505994e-09,3.39257450458513e-09,6.4369229440855e-09,2.80569642881745e-09,1.02461528596695e-09,1.04616385036989e-09,3.20937493979371e-09,1.18380809111309e-09,3.28816080664699e-09,8.49258927799587e-10,9.08393323635521e-10,6.01517028084085e-10,1.11978624879245e-09,8.79838704904282e-10,1.17758896088534e-09,7.39360581565583e-10,4.85893724749289e-10,3.60968499036618e-10,7.25288301075793e-10,4.94574409329389e-10,6.65304462342999e-10,3.39461521331749e-10,4.15114640572626e-10,1.61034558076626e-10,4.54094835818228e-10,3.97508217326167e-10,3.39075895923323e-10,3.30465113408809e-10,1.50237766663539e-10,1.81440840680368e-10,3.33048759744644e-10,9.57463145988503e-11,5.21385926608551e-10,1.32204524355251e-10,1.45826367302858e-10,1.24741502948047e-10,4.77227475053309e-11,2.38078958218901e-10,1.93813092393003e-10,1.61460957413436e-10,1.14037253863425e-10,1.3534282105652e-10,2.87094095761204e-10,2.71812467127306e-10,3.39517320881076e-10
8.97223188013369e-09,2.08873962127569e-08,8.55375608334592e-09,1.61818553732188e-08,1.88555913106687e-08,1.43289895504752e-08,1.72375728596955e-08,7.06195632133204e-09,3.5208310219384e-09,1.54355045404606e-08,7.2848981721322e-09,1.57584616712342e-08,6.08772645218505e-09,3.02796760703004e-09,2.98570498786023e-09,6.20947364534325e-09,3.71976386364069e-09,6.77375014319204e-09,2.62156800341464e-09,2.40102846838477e-09,1.42468921345155e-09,3.06905979302696e-09,2.29921286940709e-09,3.08844000576103e-09,2.04947907409758e-09,1.21558392229474e-09,8.47448496608515e-10,1.95668859897658e-09,1.30295102624789e-09,2.06513981981461e-09,1.06617993661466e-09,7.80501561072289e-10,8.47806089103509e-10,1.16540113365172e-09,9.27424819271422e-10,1.28681162319378e-09,7.03318128109307e-10,7.39881916815904e-10,6.30777170827211e-10,7.82751259884753e-10,8.85601454077512e-10,9.21622625817972e-10,7.58169442307139e-10,5.5866527943609e-10,5.46980550740749e-10,8.86223070263605e-10,6.50987173370065e-10,9.51597935376504e-10,3.60196013127254e-09,7.69303738920364e-09,3.357336647088e-09,6.11427384368276e-09,7.67601044592313e-09,6.38690394959050e-09,6.34799719829063e-09,2.96984798341061e-09,1.21222881027147e-09,6.54835872658913e-09,2.84880943647475e-09,6.48725958649073e-09,2.58518517057027e-09,1.07718382079345e-09,7.1515704956631e-10,2.62868916160904e-09,1.58714526732467e-09,2.99252256777655e-09,8.99723852933461e-10,6.50915198907361e-10,5.75797755349817e-10,1.2414612464888e-09,7.55806208726858e-10,1.18824486997892e-09,5.55650354224991e-10,5.87467817552562e-10,8.50876528574697e-11,6.35864614665568e-10,5.29715846676292e-10,4.99649904640977e-10,5.11989735911067e-10,8.33490008966948e-11,1.90578701204819e-10,4.80421540904621e-10,1.19024256171638e-10,5.17786800979373e-10,7.37291659204909e-11,2.01183304109938e-10,1.15287642644183e-10,1.25693397524976e-10,2.36024024144121e-10,1.50525192024147e-10,1.62744290091554e-10,9.44134281800863e-11,1.76881986636498e-10,2.58708794467131e-10,1.43089815717071e-10,2.17520426580164e-10
3.70736335017671e-09,8.55375608334592e-09,1.90272966477235e-08,7.89177723864524e-09,1.65407617363708e-08,1.56760216668521e-08,7.06539488607096e-09,1.46420187345125e-08,6.79120659150929e-09,1.26128241948896e-08,1.29328205604276e-08,1.11174531805154e-08,1.21396904671367e-08,5.63436649411752e-09,3.2797357779078e-09,1.05545689605762e-08,6.37911957350725e-09,1.11364679120065e-08,4.73560853799979e-09,2.71437238543125e-09,2.08976451827377e-09,5.17655628473682e-09,2.73842169682574e-09,5.1880545307892e-09,2.13572712109617e-09,1.74049350441007e-09,7.71420219443176e-10,2.09918938469294e-09,1.86695362932597e-09,2.04064475009607e-09,1.60663837966868e-09,7.69855007100333e-10,9.34270741260922e-10,1.75686625503512e-09,1.01262045518775e-09,1.90002209306781e-09,6.95442906288518e-10,7.37657817847209e-10,6.36026695591081e-10,8.37609176062722e-10,8.92732916102313e-10,1.03579026078997e-09,7.35615871070647e-10,5.67769363261639e-10,5.46251157528167e-10,8.73291269225883e-10,6.18441703024039e-10,9.52451206861062e-10,1.63813806017184e-09,2.86359644933099e-09,8.03057076958732e-09,2.67357319572246e-09,6.81972509677140e-09,6.96702393283825e-09,2.30015706531471e-09,5.9530967596636e-09,2.50620236875599e-09,5.08197343484808e-09,5.41460048046712e-09,4.82427369281366e-09,4.74725440497517e-09,2.05127053156855e-09,8.8792205566447e-10,4.37324809309343e-09,2.65967973437055e-09,4.93907795533769e-09,1.73026291239657e-09,7.86535822840025e-10,7.67080086010374e-10,2.09940008346182e-09,1.23421521388748e-09,2.30073795971929e-09,5.68422404120042e-10,7.32433382525725e-10,2.6236755176225e-10,9.77239930073557e-10,7.17980489856416e-10,8.19623487037616e-10,7.49058576650257e-10,1.87311740870533e-10,2.40248082856242e-10,6.69850849316085e-10,2.95265868912453e-10,5.28686856099743e-10,1.45572129990602e-10,1.94225009716829e-10,3.31873477037689e-10,2.63887529398209e-10,3.31615828378017e-10,3.47164474927308e-10,2.7201131183132e-10,2.21848980312779e-10,2.08919737865839e-10,3.30608945815232e-10,8.86866237829363e-11,2.93694984006852e-10
1.51531652353342e-08,1.61818553732188e-08,7.89177723864524e-09,2.37782808884638e-08,1.42665092328889e-08,2.08312956704384e-08,1.34444577855994e-08,6.47881514587158e-09,3.36798104830466e-09,1.16494841102038e-08,6.71933347700786e-09,1.19786604431214e-08,5.55989599587607e-09,2.85306410453291e-09,2.87889932589211e-09,5.69573100704885e-09,3.37580842387783e-09,6.15880975545927e-09,2.3867375419415e-09,2.25359118410382e-09,1.4777955754261e-09,2.68433001563292e-09,2.32691886214782e-09,2.80135027537841e-09,1.93548273454975e-09,1.30068772172114e-09,9.22795872822606e-10,2.01972529023051e-09,1.35988643951455e-09,2.14586224014956e-09,1.23194297720241e-09,8.78608190065643e-10,9.76421171629324e-10,1.29267638077505e-09,1.10160226504305e-09,1.49647165661706e-09,8.0919384458235e-10,8.56094563784872e-10,7.05385604841474e-10,9.48195076128546e-10,1.0459003094254e-09,1.09310275634663e-09,8.79871842091102e-10,6.04128623127201e-10,6.36195656641598e-10,1.02377994623718e-09,7.1035377091451e-10,1.11707417770113e-09,6.60703901772207e-09,5.95867817068769e-09,2.99053940446679e-09,9.09116154502329e-09,5.92981148603444e-09,9.41258664793822e-09,5.01600170412306e-09,2.54798009019845e-09,1.35931563135255e-09,5.17297095516971e-09,2.72269666799631e-09,5.34911672415619e-09,2.17123832168569e-09,1.18355829356e-09,9.40183303436944e-10,2.42881853495748e-09,1.48777715805943e-09,2.72334166476492e-09,9.78274487511674e-10,8.82516631937788e-10,4.2796748985258e-10,1.14715090052356e-09,7.21756779872196e-10,9.89524785203471e-10,7.20558045015779e-10,5.13569345725683e-10,1.40476526721003e-10,6.90791107269892e-10,5.39863699549686e-10,7.03549056235025e-10,4.9211238647461e-10,1.56659089303679e-10,1.11095879545545e-10,5.48506258665947e-10,1.73494016693927e-10,5.95456889778037e-10,1.52976008949912e-10,1.56730059705542e-10,1.57010277621114e-10,1.78746683144285e-10,3.14323004339613e-10,1.73690775823859e-10,1.38941133192977e-10,1.04152923126866e-10,1.58056028203323e-10,3.02102951494794e-10,1.18461297201388e-10,2.6152580449404e-10
8.82485894757068e-09,1.88555913106687e-08,1.65407617363708e-08,1.42665092328889e-08,2.91353851580372e-08,2.34146832269759e-08,1.5438968460355e-08,1.26115533351766e-08,6.71597690707882e-09,2.27412013927618e-08,1.11953115625078e-08,2.10611509254835e-08,1.06479789977792e-08,5.71758103490565e-09,3.61372556185032e-09,9.40634607521888e-09,6.62873767030643e-09,1.01125169514808e-08,4.90094600493357e-09,3.03315805260404e-09,2.24767181133958e-09,5.50159907909514e-09,2.92773279941941e-09,5.45874489911134e-09,2.44976143787503e-09,1.91138177118329e-09,1.02388612144283e-09,2.36000552598397e-09,2.14060908719476e-09,2.30078820870645e-09,1.73199642700632e-09,9.99173062783538e-10,1.16364614944406e-09,2.00077002737624e-09,1.29113894500092e-09,2.18741062725866e-09,8.99771009485413e-10,9.67365516893851e-10,8.27722374423213e-10,1.09675270129864e-09,1.16766589556091e-09,1.27571442748083e-09,9.3472257877819e-10,6.99609193028993e-10,6.433190688863e-10,1.10017777696614e-09,7.79745738783270e-10,1.18444894088624e-09,3.53579197341151e-09,6.4917879383477e-09,7.02839143228737e-09,5.44797250366518e-09,1.16505480277252e-08,1.05639438909143e-08,5.42314217177932e-09,5.46582888477089e-09,2.68088972977302e-09,9.72431438122288e-09,4.99503148185957e-09,9.44446710137801e-09,4.4780684518017e-09,2.22182727669075e-09,1.04376900224416e-09,4.23999092668469e-09,2.65305387043405e-09,4.66332855926022e-09,1.88525797886027e-09,9.24180794229955e-10,8.11807400133325e-10,2.16604157639163e-09,1.16481961052019e-09,2.24425557531297e-09,7.47863418137527e-10,7.6222938737084e-10,2.45058749393386e-10,9.65559040798745e-10,8.48462128895766e-10,8.53472929252295e-10,7.38901718726144e-10,2.0150215662015e-10,2.45466518254192e-10,7.79819850785896e-10,3.49631513896704e-10,8.55600131108018e-10,2.44175579909909e-10,2.61769934262404e-10,3.49945365346913e-10,4.01962082657818e-10,3.73049164520585e-10,4.21009528818815e-10,2.91716242339796e-10,2.25841369320033e-10,2.42260908321494e-10,4.20317552878145e-10,2.26317914898872e-10,4.143298811981e-10
1.47145644863568e-08,1.43289895504752e-08,1.56760216668521e-08,2.08312956704384e-08,2.34146832269759e-08,3.1486871565708e-08,1.17378189846756e-08,1.17575860773753e-08,6.41008728101425e-09,1.79088730344274e-08,1.03158900185624e-08,1.63074717011565e-08,9.9496992084077e-09,5.45746567885116e-09,3.41602109611281e-09,8.69403458821953e-09,6.22046447803608e-09,9.37269516019472e-09,4.6084975205285e-09,2.81143469708049e-09,2.48996313258734e-09,5.09982034989761e-09,2.95052009737795e-09,5.21423036731668e-09,2.25413658948975e-09,2.22342141357887e-09,1.22758626376601e-09,2.42687725155884e-09,2.41757937453988e-09,2.34695713815308e-09,2.09685689243978e-09,1.19630612890865e-09,1.30341040273782e-09,2.29286015454645e-09,1.55456191342061e-09,2.56273632575611e-09,1.05488968070618e-09,1.09426767254686e-09,9.18672986189267e-10,1.29694810557578e-09,1.33500086795442e-09,1.48583270381818e-09,1.08603072724466e-09,7.80310480407738e-10,7.7325857515614e-10,1.26755727050394e-09,8.61906164874593e-10,1.36332621915591e-09,6.42221037817163e-09,4.70470723072305e-09,6.71532766785138e-09,7.99635417036474e-09,9.32609558714324e-09,1.42090525537116e-08,3.96975607361599e-09,5.02892646439078e-09,2.56841542768856e-09,7.79055370336522e-09,4.6715014727455e-09,7.6385363629446e-09,4.132757166145e-09,2.08751632602165e-09,1.22312443906979e-09,3.86156466988612e-09,2.57368545373245e-09,4.40881261878089e-09,1.71066165348504e-09,1.12627810066713e-09,7.966328438658e-10,2.08797305509175e-09,1.23734549768316e-09,2.06086002125003e-09,8.5440582400068e-10,8.65190147749387e-10,3.15755844846181e-10,1.04077860508914e-09,1.09159017456915e-09,1.01498427813437e-09,8.70956868707628e-10,2.69318681364901e-10,2.11327731300224e-10,1.05015726046638e-09,4.2943899046385e-10,1.05764529873669e-09,2.76352991471517e-10,2.46615949959961e-10,3.86290157630412e-10,4.07725577549941e-10,4.59867367185452e-10,4.23376357898085e-10,3.12780501698902e-10,2.53388511686377e-10,2.66324828587619e-10,4.52439280614347e-10,1.53752607570649e-10,4.10464008561628e-10
7.52660944330923e-09,1.72375728596955e-08,7.06539488607096e-09,1.34444577855994e-08,1.5438968460355e-08,1.17378189846756e-08,2.22287407373178e-08,8.54505061487486e-09,4.49780713716704e-09,1.95033014109387e-08,8.97625469520483e-09,2.01806671049918e-08,7.32601863331024e-09,3.81261453751774e-09,3.73629103858253e-09,7.56328085469429e-09,4.58742576286102e-09,8.17759777358332e-09,3.25168236081658e-09,3.05357570326827e-09,1.71996087127267e-09,3.79582524223777e-09,3.06315810617369e-09,3.97829634833312e-09,2.66348661756887e-09,1.4836684325351e-09,1.07377783315852e-09,2.66488167192397e-09,1.56720663277813e-09,2.81578831173759e-09,1.27135746269507e-09,9.79879550057907e-10,9.99940199510133e-10,1.38557465407468e-09,1.17567069182128e-09,1.52208914571254e-09,8.3389188029694e-10,8.26930617249016e-10,7.21731310466688e-10,9.35420134045923e-10,1.0010762663296e-09,1.13555410536516e-09,7.66262133025507e-10,6.30949806442353e-10,6.60179574322968e-10,9.18660119968387e-10,8.29451989750425e-10,1.07565026857351e-09,3.0238873897228e-09,6.34707252776243e-09,2.96904430513284e-09,5.16235735843709e-09,6.54748250136585e-09,5.48441165662807e-09,9.50126672512064e-09,3.96947175476763e-09,1.44626623595278e-09,9.4135493684233e-09,3.57577342354887e-09,9.12696915753201e-09,3.4801640801396e-09,1.23640612343762e-09,9.81731299265367e-10,3.14705314540145e-09,1.86333653994013e-09,3.63373954877468e-09,1.06959242971173e-09,8.73037616411924e-10,8.17614957625819e-10,1.51561584761026e-09,1.14949161890857e-09,1.62341579558856e-09,7.29124345751452e-10,7.989267975326e-10,1.92028186129594e-10,9.3965806266647e-10,7.28981093589644e-10,8.30805310690429e-10,6.37674233534689e-10,1.7154652087864e-10,2.90135522495289e-10,6.16356138531835e-10,2.82167840842768e-10,6.30239775549857e-10,1.78433933804364e-10,2.27223415074742e-10,2.61396586741886e-10,2.19439579295542e-10,3.76106098693642e-10,3.89913328379016e-10,2.1406951548459e-10,2.67688794457245e-10,1.88111456370184e-10,4.25133403521118e-10,2.76389374665643e-10,3.25997849339045e-10
3.07876623556734e-09,7.06195632133204e-09,1.46420187345125e-08,6.47881514587158e-09,1.26115533351766e-08,1.17575860773753e-08,8.54505061487486e-09,1.76090507804426e-08,8.25052640021016e-09,1.53748063970077e-08,1.5681991507424e-08,1.37430743971988e-08,1.46577036857926e-08,6.86475364225291e-09,3.87738383347525e-09,1.28017201142821e-08,7.77422219701581e-09,1.35732367001058e-08,5.71727111405894e-09,3.16138616835635e-09,2.34843756405688e-09,6.28276114863527e-09,3.30983698043049e-09,6.53781826848683e-09,2.49349485843952e-09,1.96064697141027e-09,9.46912027084011e-10,2.58675180721073e-09,2.08983642982651e-09,2.42383451218414e-09,1.81951344943884e-09,9.35868490289081e-10,1.08552367289698e-09,1.97190836960466e-09,1.23602258436938e-09,2.14985801367339e-09,7.45632095563266e-10,8.13593818635381e-10,7.32729313316353e-10,9.50745299910726e-10,9.62680883008752e-10,1.14179883497465e-09,7.54955631843282e-10,6.24144896776274e-10,5.77741112942372e-10,8.73401718256677e-10,7.34217832478314e-10,9.51813730067211e-10,1.35777728905637e-09,2.29722644045747e-09,5.9499679982525e-09,2.16756807334794e-09,5.07862455897058e-09,5.03713007971173e-09,3.34326594786062e-09,7.48169457356819e-09,3.14585147270157e-09,6.55582566508241e-09,6.96580930988622e-09,6.33186801309289e-09,6.12048805608581e-09,2.59989553140593e-09,1.24621314494979e-09,5.73920127948033e-09,3.27425722239448e-09,6.39293621368214e-09,2.14730503110269e-09,1.02520335876029e-09,8.66365240993491e-10,2.56437517795195e-09,1.49194896775522e-09,2.83520153418176e-09,7.49347508621619e-10,8.07716998937079e-10,2.50805538230118e-10,1.16272935669304e-09,7.77767186466188e-10,9.96548234238589e-10,8.18613283190268e-10,1.93264404155265e-10,3.4334921830574e-10,7.26900486361039e-10,3.79154838034057e-10,6.05789288385147e-10,1.58723394147316e-10,2.2541864240422e-10,3.07689127324694e-10,3.02345655287429e-10,3.22650162369697e-10,2.99466321166273e-10,2.78292817192891e-10,2.61963730457474e-10,1.95282462876952e-10,3.31048330405405e-10,1.56839471185662e-10,3.20099362654766e-10
2.59447838060356e-09,3.5208310219384e-09,6.79120659150929e-09,3.36798104830466e-09,6.71597690707882e-09,6.41008728101425e-09,4.49780713716704e-09,8.25052640021016e-09,1.99012264665052e-08,8.41883785020329e-09,1.7110681701022e-08,1.69593677609897e-08,6.86977084366564e-09,1.55988253806223e-08,7.64013265862888e-09,1.34384019197037e-08,1.41604313665668e-08,1.23722297799889e-08,1.30755218036884e-08,6.19017906980964e-09,2.76278279989084e-09,1.16296291401346e-08,5.75620674063725e-09,1.10200782952605e-08,4.78608642405824e-09,2.18452070537217e-09,1.99609713178006e-09,4.47670709304226e-09,2.20181727845567e-09,4.22179873950402e-09,1.67667201449768e-09,1.72207343640345e-09,1.16884365198022e-09,1.74265720064451e-09,2.07970113851598e-09,1.83810760213362e-09,1.48124286658622e-09,9.40050227022161e-10,7.49774196111393e-10,1.75051643024802e-09,9.90356571687198e-10,1.77283053669752e-09,8.51234827508944e-10,6.23901749008949e-10,5.46943401458857e-10,9.07395182106877e-10,7.1161087269642e-10,9.79993712652948e-10,1.45808793389422e-09,1.45471274689967e-09,2.33224516609371e-09,1.42625322542924e-09,2.51730823341252e-09,2.6245596850109e-09,2.1392117887494e-09,3.09773433889114e-09,7.39452099057146e-09,3.50339504300101e-09,6.60789633638688e-09,7.35505369794728e-09,2.55458047477284e-09,6.06452066944039e-09,3.71847699307752e-09,5.62338091794665e-09,5.59547568535781e-09,5.67811858702519e-09,5.24805826283186e-09,2.89659818646502e-09,1.37466300053133e-09,4.48253419524597e-09,2.82383163207086e-09,4.68262564497248e-09,2.05241497228176e-09,1.10921464991971e-09,5.3145641400927e-10,2.14379309169896e-09,8.96848580538172e-10,1.73899652974275e-09,8.15038445644674e-10,3.7230490743702e-10,3.89424116124886e-10,6.33788599709988e-10,7.51300633807824e-10,9.30341739484995e-10,3.07219922205087e-10,3.33091204320484e-10,4.14992204404554e-10,6.02853395135365e-10,2.78617951204397e-10,4.49151760250199e-10,2.67934461644705e-10,2.06523013227555e-10,7.11194046585687e-11,1.48723959637366e-10,1.11085904781491e-10,1.69472611350666e-10
7.28866146601648e-09,1.54355045404606e-08,1.26128241948896e-08,1.16494841102038e-08,2.27412013927618e-08,1.79088730344274e-08,1.95033014109387e-08,1.53748063970077e-08,8.41883785020329e-09,2.81466735569487e-08,1.3942719967637e-08,2.64635994317951e-08,1.30272731486083e-08,7.14836986490213e-09,4.34046784725907e-09,1.16933787365772e-08,8.21008089873876e-09,1.2534925906789e-08,6.05024373045419e-09,3.62560502327335e-09,2.59251424507898e-09,6.77622568699125e-09,3.64028068885583e-09,6.92591710371757e-09,2.93909429056648e-09,2.16624111837053e-09,1.3033945609596e-09,2.96150898466982e-09,2.43424666917565e-09,2.91286094524067e-09,1.96279463340974e-09,1.25706783285157e-09,1.34930374388899e-09,2.26810025131092e-09,1.60936549117935e-09,2.47980852337932e-09,9.95358284646566e-10,1.04446013275116e-09,8.73692922083678e-10,1.2262968615476e-09,1.21638119343815e-09,1.39703913217473e-09,9.72090973498829e-10,7.20135155155639e-10,7.15777191022153e-10,1.1011614650893e-09,9.25671816466005e-10,1.28356425433825e-09,2.85148369962348e-09,5.41984818806004e-09,5.46238002103204e-09,4.48853091368815e-09,9.72061696730854e-09,8.50445703026051e-09,8.23029228273925e-09,7.19477502203679e-09,3.32116425247162e-09,1.30291049997529e-08,6.49369518561622e-09,1.2699518282268e-08,6.00657239880281e-09,2.71704068431257e-09,1.39340053158442e-09,5.44036281130712e-09,3.32090652395911e-09,6.08748413867601e-09,2.25384038359571e-09,1.11966060681773e-09,9.43699985543855e-10,2.67245126905431e-09,1.45898466651713e-09,2.87723434679244e-09,8.85858943202893e-10,8.61542976280998e-10,2.77556788834934e-10,1.14947912130313e-09,1.00373728369939e-09,1.08097895904025e-09,8.00045640303196e-10,2.28221723735992e-10,4.22667588892738e-10,8.79522075421362e-10,5.31652435879007e-10,1.02379536509507e-09,2.48897036375804e-10,3.09193500767418e-10,3.95035763203164e-10,4.07979245797315e-10,4.16619692325555e-10,4.77102635114703e-10,3.30605566552113e-10,3.23413476960133e-10,2.4322052076531e-10,4.49351786549254e-10,3.38186558879781e-10,4.14097122035286e-10
3.48738580915154e-09,7.2848981721322e-09,1.29328205604276e-08,6.71933347700786e-09,1.11953115625078e-08,1.03158900185624e-08,8.97625469520483e-09,1.5681991507424e-08,1.7110681701022e-08,1.3942719967637e-08,2.72453628725733e-08,2.44098415820758e-08,1.28064395872767e-08,1.3436506035686e-08,7.34190615549601e-09,2.12841295802672e-08,1.25709307692074e-08,1.98648538214487e-08,1.12287535356125e-08,5.92204563781157e-09,2.74769835351891e-09,1.02664663710964e-08,5.7107016762018e-09,9.96674978351869e-09,4.55315830421044e-09,2.22522829580565e-09,2.03510497383138e-09,4.42913308693222e-09,2.21609483675167e-09,4.10656168437196e-09,1.84711206227445e-09,1.84121187788032e-09,1.39749089365379e-09,1.85970432927925e-09,2.27243242429953e-09,1.99540996524343e-09,1.5373968194795e-09,1.06012321231815e-09,9.22158926359324e-10,1.87306379665595e-09,1.19121189672171e-09,1.97844081975647e-09,9.76825539845919e-10,7.70166596099574e-10,6.77896606201024e-10,1.10379119046927e-09,8.42460455349183e-10,1.15284555612412e-09,1.58693033560918e-09,2.42919086427819e-09,4.48612947078933e-09,2.46055731151951e-09,4.08526428190760e-09,4.19733456037485e-09,3.7311492297037e-09,5.76027165227779e-09,6.39706900947519e-09,5.7208249548417e-09,1.03514575502852e-08,1.01377901456309e-08,4.79940298911136e-09,5.41505579116347e-09,3.388373387223e-09,8.85053462050394e-09,5.2118226881689e-09,8.8707368326225e-09,4.68157521903711e-09,2.53372656248335e-09,1.4032046502835e-09,4.15744023267344e-09,2.73266000658151e-09,4.47092736262095e-09,1.80200094112978e-09,1.16438461436146e-09,4.39713925893993e-10,2.08915161789028e-09,9.07513457575576e-10,1.54203594361489e-09,9.61686610098756e-10,3.61959449756901e-10,4.28163753665136e-10,6.87048130265665e-10,5.54652227239874e-10,9.17998539729307e-10,2.49356197543257e-10,3.33247912978684e-10,4.84140066776511e-10,4.73648249456023e-10,3.61458256063069e-10,4.44146715421715e-10,3.90413351614106e-10,3.03584818447237e-10,1.11581595912103e-10,3.45782847619616e-10,2.2574373857551e-10,3.44771873472888e-10
7.81442241582352e-09,1.57584616712342e-08,1.11174531805154e-08,1.19786604431214e-08,2.10611509254835e-08,1.63074717011565e-08,2.01806671049918e-08,1.37430743971988e-08,1.69593677609897e-08,2.64635994317951e-08,2.44098415820758e-08,4.01151633734451e-08,1.15132109861473e-08,1.35555258608058e-08,7.74692259812281e-09,1.95235921438698e-08,1.29008767884738e-08,1.84201601245536e-08,1.14927498871677e-08,6.41401237189871e-09,3.08716862656644e-09,1.07451796663179e-08,6.11967970980903e-09,1.03608450048999e-08,5.00265047441229e-09,2.50342746033881e-09,2.42559176899254e-09,4.82819027720934e-09,2.59906998612029e-09,4.62215482880904e-09,2.0394658104319e-09,2.16870908311776e-09,1.64305361793867e-09,2.13466171516331e-09,2.65895961141943e-09,2.32046021110138e-09,1.82590272691031e-09,1.31584226123896e-09,1.18445187632116e-09,2.22704223895871e-09,1.5266303782266e-09,2.38251994750436e-09,1.17092702895892e-09,9.51320151092916e-10,8.59181668652807e-10,1.36509760518775e-09,1.07791414547967e-09,1.47580921992876e-09,3.2231653277486e-09,5.40754106054691e-09,4.16227689578471e-09,4.8959496962671e-09,8.23889905733506e-09,7.39631720907098e-09,8.60327354126055e-09,5.70949183267095e-09,6.66088543839592e-09,1.18017819344384e-08,9.85121149439415e-09,1.78800122782133e-08,4.93546783406787e-09,5.56216576898409e-09,3.54177191035327e-09,8.60382075220924e-09,5.31408720105739e-09,8.49997904723561e-09,4.79831964016841e-09,2.6633187538756e-09,1.63544099159711e-09,4.18573313985762e-09,2.83953478480878e-09,4.507395156519e-09,1.9602206024098e-09,1.36172478358637e-09,5.49541650346764e-10,2.16404333225749e-09,1.27617418427453e-09,1.75924842370448e-09,1.07021357277171e-09,4.42660259208752e-10,4.83807134566098e-10,9.22592595765637e-10,8.32808316280413e-10,1.26966112914755e-09,3.95083797051528e-10,4.08641313455534e-10,6.5691980459134e-10,7.09354028580128e-10,4.03269914143481e-10,7.71837828445806e-10,4.14674823994646e-10,4.46331895856151e-10,2.06556566217087e-10,4.26917072470124e-10,4.96702068519284e-10,4.5758865256519e-10
2.57612945241194e-09,6.08772645218505e-09,1.21396904671367e-08,5.55989599587607e-09,1.06479789977792e-08,9.9496992084077e-09,7.32601863331024e-09,1.46577036857926e-08,6.86977084366564e-09,1.30272731486083e-08,1.28064395872767e-08,1.15132109861473e-08,1.86033250649622e-08,8.36861407514258e-09,4.62854594183484e-09,1.58734199452181e-08,9.42847904603474e-09,1.68845568760156e-08,7.01998945299157e-09,3.79889056669639e-09,2.92999996670219e-09,7.73238751532187e-09,4.05863957770685e-09,8.0954004478948e-09,2.97991500909715e-09,2.46575321553579e-09,1.16509969642224e-09,3.15850089645073e-09,2.62669566904623e-09,2.96413849952369e-09,2.22766044850807e-09,1.07227245785314e-09,1.25700775929452e-09,2.43136253789385e-09,1.41311459377863e-09,2.61887008955354e-09,8.54217937580576e-10,9.53489042839802e-10,8.14797309948824e-10,1.12861305522154e-09,1.06946127540454e-09,1.3212515224644e-09,8.52710832568978e-10,6.98008354006057e-10,6.57449953375385e-10,9.41964642429496e-10,8.68513611592019e-10,1.12162239271926e-09,1.17234314930408e-09,2.31081938749596e-09,4.74377714679709e-09,2.17258686715603e-09,4.30391705775741e-09,4.4052352658556e-09,3.22598512683328e-09,6.12082755251978e-09,2.59796125730918e-09,5.6783550039747e-09,5.7359360019967e-09,5.46224971554053e-09,7.81671177068472e-09,3.33350402895807e-09,1.70919348405365e-09,7.18981274521536e-09,3.93518120070189e-09,8.00074781600916e-09,2.75385110374161e-09,1.42229523750413e-09,1.06563925217253e-09,3.0982079014131e-09,1.84674271227098e-09,3.32959914724555e-09,1.02908012841378e-09,1.02887823604853e-09,3.66178399266257e-10,1.47907916076407e-09,1.08373036267962e-09,1.29104364072141e-09,1.00600386322077e-09,2.27985371093645e-10,4.20265540537577e-10,9.69299472732797e-10,4.33179876100152e-10,8.29297625122439e-10,1.76851153867261e-10,2.82771324457168e-10,3.70827441917499e-10,3.67080703425076e-10,3.99568980440244e-10,3.90773315288959e-10,2.63046073558868e-10,3.08009442137047e-10,2.60056773452885e-10,3.58607456886393e-10,1.92453713886605e-10,3.56186378254665e-10
2.13082816119421e-09,3.02796760703004e-09,5.63436649411752e-09,2.85306410453291e-09,5.71758103490565e-09,5.45746567885116e-09,3.81261453751774e-09,6.86475364225291e-09,1.55988253806223e-08,7.14836986490213e-09,1.3436506035686e-08,1.35555258608058e-08,8.36861407514258e-09,1.91284032534431e-08,9.13893479790619e-09,1.65988824928458e-08,1.69992112644206e-08,1.48906361498177e-08,1.61351096197889e-08,7.41128326382393e-09,3.34713634645757e-09,1.40440495715081e-08,7.10763988956966e-09,1.35263941623681e-08,5.63738669887584e-09,2.58975174007579e-09,2.31802056221639e-09,5.39764589066246e-09,2.61582442960189e-09,5.17557444719537e-09,1.96272017056078e-09,1.97986539816065e-09,1.33921250340574e-09,2.03949304161854e-09,2.45156679630383e-09,2.16346595241305e-09,1.63307167013918e-09,1.10713605158647e-09,8.97452412917048e-10,1.99735213482386e-09,1.19192329897181e-09,1.99949546572337e-09,9.1704706269e-10,7.44199348406233e-10,6.51212525681643e-10,1.02400054045831e-09,9.15003852568608e-10,1.1675645036146e-09,1.14596006947005e-09,1.33301290160336e-09,1.80285028493463e-09,1.30898848047584e-09,2.12548985043496e-09,2.23768314820761e-09,1.90749118958593e-09,2.55292677118992e-09,6.06053783141729e-09,2.96752051133049e-09,5.61764205544429e-09,6.22278842606899e-09,3.41384916378301e-09,8.00664620764264e-09,4.45075671838392e-09,7.60185119674511e-09,6.9289235565496e-09,7.17173106596005e-09,6.84366464689791e-09,3.5591312995672e-09,1.55972828901661e-09,5.61280065536778e-09,3.45725306315065e-09,5.78032859095158e-09,2.51601122738313e-09,1.20454020236456e-09,6.76001950643085e-10,2.61985071720085e-09,1.03501389169475e-09,2.28431882359735e-09,9.07515263288883e-10,5.25306096376864e-10,4.93107206445597e-10,7.49103224359104e-10,9.63893355108058e-10,1.08297757622713e-09,3.79047145195609e-10,4.31887453782574e-10,5.12988187780602e-10,7.65535428042122e-10,4.01407501011699e-10,5.65223633537506e-10,3.82848037103949e-10,3.13004544651697e-10,5.65921642466842e-11,3.27517348127057e-10,1.18741711418982e-10,2.37290663438688e-10
1.37220541769334e-09,2.98570498786023e-09,3.2797357779078e-09,2.87889932589211e-09,3.61372556185032e-09,3.41602109611281e-09,3.73629103858253e-09,3.87738383347525e-09,7.64013265862888e-09,4.34046784725907e-09,7.34190615549601e-09,7.74692259812281e-09,4.62854594183484e-09,9.13893479790619e-09,2.30911778486145e-08,8.76572225871585e-09,1.94119870798793e-08,1.83413888978364e-08,7.41650050624431e-09,1.75229418031652e-08,7.69504154806047e-09,1.47450816457069e-08,1.44541443164441e-08,1.22368381639224e-08,1.3980313344195e-08,5.91216889395857e-09,2.93808154015987e-09,1.11007957551053e-08,5.55744051501152e-09,1.05515411193745e-08,4.33947921805466e-09,2.26102012884682e-09,2.83308090050686e-09,4.0801289272934e-09,2.66310077208354e-09,4.33458523512936e-09,1.94415145057179e-09,2.40204219096469e-09,1.4098126483992e-09,2.16336142314774e-09,2.6528192719997e-09,2.36328693523132e-09,2.20866679453697e-09,1.23790010446463e-09,1.0783050091438e-09,2.44047239361115e-09,1.56850040269923e-09,2.82697101271952e-09,7.03881351324566e-10,1.32365472856323e-09,9.2808434701845e-10,1.17330862268072e-09,1.24155394037205e-09,1.3445125387698e-09,1.79790885797129e-09,1.23406972860582e-09,2.71262872650005e-09,1.54040614939898e-09,3.16637490000495e-09,3.75721276283134e-09,1.78191159756348e-09,3.52002640271137e-09,1.02978348862843e-08,4.14559972730892e-09,8.0506560210758e-09,8.32412085490948e-09,2.99290795467855e-09,7.96061295112655e-09,3.65128870582672e-09,6.1795192556568e-09,7.16100540439629e-09,5.70402801830371e-09,6.51665973807312e-09,2.99322756876303e-09,8.5182678112855e-10,5.73220342409178e-09,2.45885226383188e-09,5.01092954269321e-09,2.20678660641039e-09,6.84776699592134e-10,8.24629123828009e-10,1.7700661062977e-09,1.06927260188034e-09,1.92796407566716e-09,5.72624435421097e-10,7.52629326212817e-10,9.66304108969632e-10,8.75363031733708e-10,9.95734981333892e-10,1.06972437922708e-09,6.92717618587464e-10,7.69490376849813e-10,4.042235405458e-10,8.2796477235564e-10,6.63670080318702e-10,7.15350491556089e-10
2.84734344670002e-09,6.20947364534325e-09,1.05545689605762e-08,5.69573100704885e-09,9.40634607521888e-09,8.69403458821953e-09,7.56328085469429e-09,1.28017201142821e-08,1.34384019197037e-08,1.16933787365772e-08,2.12841295802672e-08,1.95235921438698e-08,1.58734199452181e-08,1.65988824928458e-08,8.76572225871585e-09,2.63187484235979e-08,1.51073373502604e-08,2.41259126487673e-08,1.39937531170435e-08,7.07698965851662e-09,3.40125395175416e-09,1.24148266970954e-08,6.98301201843892e-09,1.22701377522208e-08,5.37769831080359e-09,2.72240443207386e-09,2.47683780255757e-09,5.33191960297878e-09,2.77716452953958e-09,5.0666571170125e-09,2.18015336760095e-09,2.18467689026307e-09,1.63085885976777e-09,2.25233031199528e-09,2.790812322069e-09,2.42201581595544e-09,1.75731917380147e-09,1.26733435061387e-09,1.0566082982422e-09,2.23989743061375e-09,1.38209137149876e-09,2.27217227628343e-09,1.05459609990106e-09,8.687226097791e-10,7.4199936949347e-10,1.18626293582717e-09,9.94412043498348e-10,1.29689791153428e-09,1.35474462122703e-09,2.3974749971271e-09,3.57466322715812e-09,2.36999769867977e-09,3.44983010914291e-09,3.65811221063137e-09,3.50689525658002e-09,4.79797570665874e-09,5.41057838354306e-09,4.96226994943818e-09,8.84390243828579e-09,8.71044816482408e-09,6.38842110664194e-09,7.12420367074306e-09,4.18962700150852e-09,1.16057192002407e-08,6.48352871955014e-09,1.14000309131409e-08,6.14535174843018e-09,3.23904913608223e-09,1.60752797959698e-09,5.22570811839802e-09,3.30276030579011e-09,5.40133355207484e-09,2.27965803662667e-09,1.29799874897413e-09,6.43888230051718e-10,2.52113728406979e-09,1.1786300355638e-09,2.11706625047344e-09,1.07904092354477e-09,5.53055251524963e-10,5.64087786640214e-10,8.87563663433957e-10,8.3752201172772e-10,1.10183838629194e-09,3.51137555839823e-10,4.33963892029521e-10,6.11474178407764e-10,6.94134619866525e-10,4.6059278946193e-10,6.4598838618691e-10,4.09443849848066e-10,4.19390190034288e-10,7.9704854630522e-11,4.29167430923805e-10,2.02945606765713e-10,3.32375240833624e-10
2.36767532388489e-09,3.71976386364069e-09,6.37911957350725e-09,3.37580842387783e-09,6.62873767030643e-09,6.22046447803608e-09,4.58742576286102e-09,7.77422219701581e-09,1.41604313665668e-08,8.21008089873876e-09,1.25709307692074e-08,1.29008767884738e-08,9.42847904603474e-09,1.69992112644206e-08,1.94119870798793e-08,1.51073373502604e-08,2.97716005371029e-08,2.65585359003934e-08,1.40485559185489e-08,1.47424510854534e-08,7.52707213363318e-09,2.34166675970805e-08,1.23547641539038e-08,2.04041290714649e-08,1.16971804397816e-08,5.71878898071905e-09,3.12066148921536e-09,9.37993776005788e-09,5.29976873573949e-09,8.7032986197882e-09,4.26380253111941e-09,2.49068504520341e-09,3.14403986705343e-09,3.97722073098389e-09,3.04575356397114e-09,4.35049312383745e-09,2.04724799049125e-09,2.62260672343537e-09,1.47819226269271e-09,2.44388620984032e-09,2.78516486363036e-09,2.68435949012739e-09,2.36424308395051e-09,1.2658212591184e-09,1.11114893301943e-09,2.51026080682316e-09,1.60386778225663e-09,2.90343999077413e-09,1.18983960448819e-09,1.60897024437532e-09,2.11605039765757e-09,1.50843376242945e-09,2.48336545454133e-09,2.562151527394e-09,2.41562641277035e-09,2.96672203795112e-09,5.28863818006911e-09,3.40926610494057e-09,5.76424814590102e-09,6.29885556343645e-09,3.99032269476148e-09,6.76588796250101e-09,8.77236619136145e-09,7.37647144465398e-09,1.25571076160564e-08,1.27741217499003e-08,5.82217388090835e-09,6.85904683941878e-09,3.48026142840401e-09,1.00403778898552e-08,6.12024480368968e-09,9.32771181418563e-09,5.40687348003573e-09,2.91623333984032e-09,1.23237489417813e-09,4.82300612202233e-09,2.4405851909278e-09,4.1905494117261e-09,2.23910847357974e-09,1.02388070130293e-09,1.15785361417919e-09,1.86994669927894e-09,1.65108867030093e-09,2.36367582940758e-09,8.26320843215007e-10,1.0092654072181e-09,9.28671072004778e-10,1.36649617585328e-09,1.0648026532096e-09,1.36585479808416e-09,9.03198381097803e-10,6.70279036725565e-10,4.04281333212965e-10,9.010159549871e-10,6.80522739307378e-10,9.35216258760764e-10
3.06515772505982e-09,6.77375014319204e-09,1.11364679120065e-08,6.15880975545927e-09,1.01125169514808e-08,9.37269516019472e-09,8.17759777358332e-09,1.35732367001058e-08,1.23722297799889e-08,1.2534925906789e-08,1.98648538214487e-08,1.84201601245536e-08,1.68845568760156e-08,1.48906361498177e-08,1.83413888978364e-08,2.41259126487673e-08,2.65585359003934e-08,3.82463795913765e-08,1.22207352103503e-08,1.4001432169506e-08,7.17348655402812e-09,2.07774653778221e-08,1.17939938716714e-08,1.82723581787228e-08,1.10781495524016e-08,5.54813812791131e-09,3.01704091534293e-09,8.94522206082202e-09,5.23189705204812e-09,8.31430686530555e-09,4.20188502143385e-09,2.44777483439747e-09,3.27748265248296e-09,4.00769520773582e-09,3.12164116674641e-09,4.40262565080331e-09,2.0495198499574e-09,2.73828855196108e-09,1.62086378412834e-09,2.56800567501434e-09,2.9068898370809e-09,2.90051054621027e-09,2.48270902557521e-09,1.38157763683169e-09,1.21442419327021e-09,2.6452464575597e-09,1.66728298896245e-09,2.98809827632853e-09,1.44665191739975e-09,2.62065948283778e-09,4.07011660023035e-09,2.58455440427577e-09,3.78900435832376e-09,4.0032974512435e-09,3.87227278292152e-09,5.35756539711737e-09,4.72445779740639e-09,5.27345980090190e-09,8.92712251706914e-09,8.60972048561694e-09,7.10574162749418e-09,6.02985257343049e-09,8.1873957434475e-09,1.13531935656558e-08,1.161534815657e-08,1.81390964099265e-08,5.2038791286295e-09,6.16844735423392e-09,3.45973066200766e-09,9.15545160258997e-09,5.6292068752787e-09,8.58347242448016e-09,4.89908461240386e-09,2.91039582320575e-09,1.10924403660671e-09,4.44804124619249e-09,2.48761956290902e-09,3.78999216228692e-09,2.27540745469066e-09,9.58132319649699e-10,1.19582008327419e-09,1.93582994011483e-09,1.64491251205389e-09,2.35690903548097e-09,8.44239807930893e-10,1.02945142300912e-09,9.91352382484059e-10,1.41192958545395e-09,1.01386802981557e-09,1.64968704825176e-09,9.72472399062142e-10,7.84221484941578e-10,4.31785462056169e-10,9.35896940927971e-10,6.822094423477e-10,8.57579789213095e-10
1.78653094342883e-09,2.62156800341464e-09,4.73560853799979e-09,2.3867375419415e-09,4.90094600493357e-09,4.6084975205285e-09,3.25168236081658e-09,5.71727111405894e-09,1.30755218036884e-08,6.05024373045419e-09,1.12287535356125e-08,1.14927498871677e-08,7.01998945299157e-09,1.61351096197889e-08,7.41650050624431e-09,1.39937531170435e-08,1.40485559185489e-08,1.22207352103503e-08,2.00681638614772e-08,8.83192189132519e-09,4.01151928605082e-09,1.7620390454157e-08,8.56453539506314e-09,1.70458768513996e-08,6.74972572766972e-09,3.09793282882906e-09,2.98512240603395e-09,6.53541196117147e-09,3.21512105519751e-09,6.44018627807214e-09,2.29962082513328e-09,2.52232149655763e-09,1.63233248743973e-09,2.527666695868e-09,3.08012414799062e-09,2.73759493602425e-09,2.16018617914357e-09,1.37665105714085e-09,1.08231930370857e-09,2.59187329087073e-09,1.44243096411578e-09,2.58206802626259e-09,1.10088540749323e-09,9.07833413458456e-10,9.3273158464981e-10,1.21743753423207e-09,1.18817519292361e-09,1.46945121701066e-09,1.02111986097614e-09,1.1501871588089e-09,1.57428639416154e-09,1.08036693160275e-09,1.92454899895651e-09,1.88621721874052e-09,1.64766133124392e-09,2.16970174287344e-09,5.23586984960314e-09,2.69094236897029e-09,4.72469017193359e-09,5.49482732781794e-09,2.90706259830763e-09,6.8410890788425e-09,3.5586583039733e-09,6.45981942816756e-09,5.61195340459458e-09,5.73829830343978e-09,8.8492499715535e-09,4.42353566368647e-09,1.84189710959993e-09,7.41290584983651e-09,4.49251504309532e-09,7.6861000419669e-09,3.1868346860397e-09,1.3551173395614e-09,9.76492662833047e-10,3.45872999989727e-09,1.22965305140203e-09,3.03844488376959e-09,1.00040341271954e-09,7.55161454163481e-10,6.53368927170753e-10,9.17554069017362e-10,1.2705119077328e-09,1.19936216573289e-09,5.76722477111466e-10,6.06563439134578e-10,5.18155439460364e-10,1.06411591100334e-09,5.08488786103162e-10,7.65868698140692e-10,5.13643935371459e-10,3.31968766372022e-10,2.20228015093024e-10,4.3808210167425e-10,1.78358430786441e-10,3.56761578701932e-10
