6.03183856592113e-08,2.79115033735062e-08,1.46898539088048e-08,5.31097994192686e-08,2.81392904802194e-08,5.09706738876273e-08,2.14635916613917e-08,1.12482946905373e-08,1.21946133164904e-08,2.12974502028174e-08,1.28152129402873e-08,2.13080366331587e-08,9.22077415607248e-09,9.83278648439864e-09,8.0959795212408e-09,1.02874831067274e-08,1.08412121945995e-08,1.05963477729257e-08,6.45992650150759e-09,5.5150234997418e-09,3.96284928189301e-09,7.84012083409244e-09,5.96121447243760e-09,8.29947145121593e-09,3.96113117954823e-09,2.69090906332586e-09,2.38549079786139e-09,4.04954202663354e-09,3.23865653894168e-09,4.63497023578693e-09,2.04143056232449e-09,1.80760755063706e-09,1.25817433042286e-09,2.50579093588263e-09,2.14098264370754e-09,3.02672753302338e-09,1.59824073257063e-09,9.37703375070617e-10,1.23702187947002e-09,1.74039656011013e-09,1.354852460104e-09,2.1924128914206e-09,1.07615091034571e-09,1.15268497095723e-09,1.69156088135932e-09,1.39725339954467e-09,2.00321764771508e-09,2.34986409486773e-09,4.24023084858982e-08,2.02535886666049e-08,1.16508999852411e-08,4.01586781740064e-08,2.15047428631226e-08,3.91516857814876e-08,1.56274345146675e-08,9.2514441807596e-09,7.56931982108413e-09,1.63152474392121e-08,8.7237774175501e-09,1.15811274989975e-08,7.866698935222e-09,5.67219104767481e-09,6.67912435827566e-09,6.87556296064185e-09,7.1154511261992e-09,7.52381417590877e-09,3.67975195668154e-09,3.79595667344081e-09,3.25832853569475e-09,4.89126131456363e-09,4.25481935471999e-09,5.35243726456389e-09,2.59348271288634e-09,2.47297978035554e-09,1.97951633775716e-09,2.8041162135134e-09,2.59049138809961e-09,2.7196348986107e-09,1.83294443302383e-09,1.54841832201082e-09,1.13109531949473e-09,1.98071438272499e-09,1.55581638947008e-09,2.11402306721173e-09,1.38279090327731e-09,8.38450137185762e-10,2.27564271047824e-10,1.16484589379436e-09,8.76377535651633e-10,1.35646878879398e-09,1.01840713297176e-09,1.72520660908374e-10,5.86711803202679e-10,8.37021977497993e-10,6.71398679750453e-10,1.45761812115517e-09
2.79115033735062e-08,7.48617129975366e-08,3.25533024323942e-08,5.45303519711299e-08,6.46925949221978e-08,4.67578436795538e-08,5.79340479646906e-08,2.49938149852583e-08,1.33844840661899e-08,4.92193784187116e-08,2.48497029504436e-08,4.79413935562263e-08,1.80815811974733e-08,1.03777477322571e-08,1.11254808040692e-08,1.72338277268416e-08,1.13160461522763e-08,1.76768002033805e-08,7.60928647794107e-09,7.85290484546364e-09,5.44350131500852e-09,8.28377608793592e-09,9.01366975990443e-09,9.15449537224913e-09,5.96503681022968e-09,3.98392652233987e-09,3.73362971753956e-09,6.7602115487375e-09,5.00345388162842e-09,7.85250759463824e-09,3.14981389869137e-09,2.80518899698281e-09,1.89824999030443e-09,3.83761923069808e-09,3.13162403508129e-09,4.2491748314049e-09,2.273376662764e-09,1.51334200276812e-09,1.46519084076236e-09,2.45247514396143e-09,2.05278431222317e-09,2.93908555055849e-09,1.47368079620167e-09,1.5211347096725e-09,1.34004825006038e-09,1.99470327508996e-09,2.03306490074298e-09,2.4593908987715e-09,2.10948893418652e-08,5.81322438915805e-08,2.65318215162802e-08,4.11756852674612e-08,4.97987271791699e-08,3.637071082879e-08,4.41949636505106e-08,2.0975103723827e-08,8.77239826510035e-09,3.67163458389262e-08,1.49882917723355e-08,2.78737871877074e-08,1.54783244798945e-08,6.28622879643503e-09,9.66561633934395e-09,1.12820036649538e-08,8.03933037013968e-09,1.34086939919706e-08,3.86616986412755e-09,6.06454144887391e-09,4.66312904125275e-09,5.3368555883989e-09,7.50262927303224e-09,6.19465210364816e-09,4.40848011866351e-09,3.54488983347466e-09,1.30956426440011e-09,5.73927322866073e-09,2.92941315752001e-09,5.04673274196136e-09,2.92317417236985e-09,9.66416839137685e-10,1.02460966236196e-09,2.40617280851669e-09,1.2108431437061e-09,3.05061112815383e-09,9.14970972787516e-10,7.69281721458152e-10,6.66708423515048e-10,8.20495182175207e-10,1.19523475067905e-09,1.12837777125618e-09,8.47886948744994e-10,6.65457098599275e-10,6.27031855769693e-10,1.1078221981652e-09,6.7051380974489e-10,1.05655703203514e-09
1.46898539088048e-08,3.25533024323942e-08,7.5249864548747e-08,2.79510788926153e-08,6.44042363884178e-08,5.61171147349999e-08,2.50093149459349e-08,5.64771721853571e-08,2.65620482027644e-08,4.83048249232358e-08,4.86890707740002e-08,4.17471826101588e-08,4.18158938514043e-08,2.04074146782901e-08,1.07821435615104e-08,3.60679443448514e-08,2.0686487696361e-08,3.55130004115596e-08,1.57212627054734e-08,8.40102315945312e-09,8.0880250614715e-09,1.62808759402591e-08,8.88013091879291e-09,1.61007084777618e-08,5.93041679673845e-09,5.87351034073098e-09,4.24814913001212e-09,6.16270386918602e-09,6.53147352988449e-09,6.73306155525604e-09,4.59247780324242e-09,3.32352169672971e-09,2.45231914192885e-09,5.06710658588483e-09,3.80841895442346e-09,5.53760235143314e-09,2.90987525088749e-09,2.14410388910867e-09,2.2508307576484e-09,3.29335388072409e-09,2.9352035895993e-09,3.80648716426317e-09,1.77686961556174e-09,1.86039693403473e-09,1.62375756857086e-09,2.17464547012704e-09,2.0464159096624e-09,2.51565542064128e-09,1.41533782802984e-08,2.6694744856266e-08,6.33594525062891e-08,2.36923908074082e-08,5.48802641881022e-08,4.74989240930864e-08,2.12303706665172e-08,4.89704498962563e-08,1.48105872933043e-08,4.23595675078594e-08,3.23322657832878e-08,2.65640907064936e-08,3.64151743025608e-08,1.13929012876008e-08,6.89696916302069e-09,2.48581828915636e-08,1.37941539445962e-08,2.60691423653049e-08,8.24970596597164e-09,5.55849529620669e-09,6.78785045540669e-09,1.07947973065095e-08,6.48988491912238e-09,1.06773201037757e-08,3.74227480132039e-09,5.23591577837357e-09,2.22581121712683e-09,4.53433470760158e-09,4.97645573623977e-09,3.77247230227583e-09,4.15616267689126e-09,1.66853646949972e-09,1.74327730711241e-09,4.08446963624651e-09,1.78668019488551e-09,4.63691307092535e-09,1.36090152455701e-09,1.47035930121964e-09,1.08440128537736e-09,1.48677363466663e-09,2.18086365602925e-09,1.63185879689337e-09,1.30115567330261e-09,8.96142562982907e-10,1.26318403543004e-09,1.66635890632597e-09,1.00982080940324e-09,1.6585576776716e-09
5.31097994192686e-08,5.45303519711299e-08,2.79510788926153e-08,8.79859953697228e-08,4.66042009094462e-08,7.63954017016803e-08,4.21144344476422e-08,2.16457445739561e-08,1.44265871012056e-08,3.57137467066832e-08,2.24463996985779e-08,3.42680423890827e-08,1.7249061956929e-08,1.14723877100624e-08,1.27400907198906e-08,1.7312443004328e-08,1.24104970533454e-08,1.74904919723501e-08,7.80299550630535e-09,8.95244078980137e-09,6.03325165032142e-09,8.84601269684603e-09,9.95851250831632e-09,9.28767255785831e-09,6.82866319818440e-09,4.31094992654064e-09,3.8413033471114e-09,7.36110548160936e-09,5.2175829184095e-09,8.33639177127474e-09,3.35403991912818e-09,3.04977486796271e-09,2.16183521725592e-09,4.0734447838404e-09,3.48755045005192e-09,4.61973416388041e-09,2.66512434600652e-09,1.74784201080899e-09,1.69541181184864e-09,2.90245034305201e-09,2.34741222778448e-09,3.43947772140321e-09,1.80608770275845e-09,1.52876327017152e-09,2.11341031168589e-09,2.27484960380931e-09,2.46005904668418e-09,3.22293377805854e-09,3.68158943681207e-08,4.21479406275503e-08,2.26805604674233e-08,6.46667554431411e-08,3.79641980422158e-08,5.86174500289452e-08,3.15498185160718e-08,1.81939330663449e-08,8.05165896152173e-09,2.86770303138459e-08,1.52047830006857e-08,2.15850266421094e-08,1.47691431475784e-08,5.44861236463714e-09,1.03906979401743e-08,1.11697206806601e-08,7.61165824391956e-09,1.28747953652626e-08,3.28038521228381e-09,6.71103503918332e-09,4.60311376180125e-09,4.85484068120436e-09,7.1805567197663e-09,5.13869279073612e-09,4.93523065114765e-09,3.40690853443113e-09,2.03711452438597e-09,5.17152697999857e-09,2.90977795826108e-09,4.87352630961099e-09,2.66733279051014e-09,1.68976544976985e-09,1.56046768933414e-09,2.45365535502121e-09,2.27039526962271e-09,3.39985801659843e-09,1.57595071444376e-09,1.27529496656084e-09,5.37265011121749e-10,1.85081880587522e-09,1.45373663380974e-09,1.73379703735777e-09,1.34887143953523e-09,5.49475320123428e-10,9.25671060241492e-10,1.45188245767658e-09,8.33570439883722e-10,1.85554523932522e-09
2.81392904802194e-08,6.46925949221978e-08,6.44042363884178e-08,4.66042009094462e-08,1.05604060107369e-07,8.08946080865043e-08,4.92347711800275e-08,4.82992003375242e-08,2.52951932911604e-08,7.89306512969874e-08,4.19805993261953e-08,7.02285335169038e-08,3.52834726897191e-08,1.94801074815236e-08,1.12415646383042e-08,3.04294774177622e-08,1.96649690808058e-08,2.98311287305424e-08,1.53283603598168e-08,8.72063783425327e-09,9.19251510162904e-09,1.55310465857947e-08,9.62778231849745e-09,1.58449049952545e-08,6.03456056010172e-09,6.81703404721533e-09,5.10850112991992e-09,6.7354346396907e-09,8.13707517886543e-09,7.69780474750062e-09,5.37427664788709e-09,3.98657814158242e-09,2.72928899432001e-09,6.2170594499229e-09,4.59278842355339e-09,6.85088629734284e-09,3.34105897829775e-09,2.24432982321619e-09,2.42456162846136e-09,3.76431031453671e-09,3.08517163353966e-09,4.37310907511712e-09,1.99516278761153e-09,2.33426122985548e-09,1.88310969252758e-09,2.64983993298717e-09,2.76647115578872e-09,3.07361860533369e-09,2.27080215181424e-08,5.25586588442748e-08,5.5559795905398e-08,3.77536922955275e-08,8.43344650993674e-08,6.53314112281902e-08,3.95875090903029e-08,4.3159671097671e-08,1.22655681397029e-08,6.33264419491677e-08,2.55663777541105e-08,4.09612683690587e-08,3.17689392839522e-08,8.90182251800515e-09,8.47513122774658e-09,1.94468743965837e-08,1.21448701460102e-08,2.21967542510998e-08,6.33048569759451e-09,6.61475236715638e-09,7.6260841955714e-09,9.37393817906412e-09,7.76975239261531e-09,1.005514880886e-08,4.14370656029178e-09,6.11856855486234e-09,1.94517576449906e-09,5.28739824147607e-09,5.85055421336244e-09,4.29888877067046e-09,4.81130859362249e-09,1.58080948428303e-09,1.53245863832079e-09,4.72207140328315e-09,1.7325342601094e-09,5.2914693378062e-09,1.43919207132034e-09,1.16727281735941e-09,9.84739209920136e-10,1.28302487241951e-09,1.77948506893716e-09,1.57812416348901e-09,1.10859361308001e-09,8.45509901610647e-10,9.53279997198069e-10,1.41080172626023e-09,1.00525680656719e-09,1.44458235808844e-09
5.09706738876273e-08,4.67578436795538e-08,5.61171147349999e-08,7.63954017016803e-08,8.08946080865043e-08,1.19027226789366e-07,3.54421818873863e-08,4.24323567119796e-08,2.39772610239963e-08,6.07597023403464e-08,3.67083460929851e-08,5.2409116335084e-08,3.31679693337426e-08,1.9054552975009e-08,1.21561194396885e-08,2.8762920339907e-08,1.90466367619735e-08,2.78473325062846e-08,1.43836439695196e-08,9.32567773021129e-09,9.76085618034334e-09,1.46653640140844e-08,9.81389932457879e-09,1.46294792323162e-08,6.40326980428232e-09,6.97684763959022e-09,5.07489168394048e-09,6.63266145012857e-09,7.99046726759205e-09,7.54417316996405e-09,5.39383640147117e-09,3.97219084772229e-09,2.80959058573432e-09,6.14536878110903e-09,4.63359024571092e-09,6.88069945714026e-09,3.47865527089325e-09,2.36054596801846e-09,2.56714866819813e-09,3.95143970828275e-09,3.10224186973186e-09,4.51289857610279e-09,2.25216516339816e-09,2.23394139633826e-09,2.58690488660116e-09,2.67950888671704e-09,2.93748884605252e-09,3.42130699803937e-09,3.79257586768025e-08,3.83165215418361e-08,4.85765990478672e-08,5.72676634514765e-08,7.02375197017608e-08,9.39743429569527e-08,2.94723471736331e-08,3.85387254058654e-08,1.0886857957487e-08,5.37841930594581e-08,2.42003160263344e-08,3.39644875069593e-08,3.02367222751695e-08,7.95852019704817e-09,8.6256827131949e-09,1.85815580976355e-08,1.10834315979338e-08,2.00273692884517e-08,5.74417093144955e-09,7.10013941614923e-09,7.80358998186634e-09,8.41802886630319e-09,7.73081967820662e-09,9.07983302840829e-09,4.16747208827812e-09,6.02430482634115e-09,2.5952769200748e-09,4.61817238399743e-09,6.0128815097583e-09,3.97432704094888e-09,4.6201948066023e-09,2.07199200868957e-09,2.04602527162225e-09,4.79536818186319e-09,2.56732000531253e-09,5.65605141695513e-09,1.8923297691498e-09,1.60726299141174e-09,8.11286394014735e-10,2.14517826147692e-09,1.7457874558177e-09,1.92609174883773e-09,1.58988571184936e-09,7.76910921645584e-10,1.19462365631824e-09,1.5226336870383e-09,9.19265010382515e-10,1.65870649164624e-09
2.14635916613917e-08,5.79340479646906e-08,2.50093149459349e-08,4.21144344476422e-08,4.92347711800275e-08,3.54421818873863e-08,7.30476959163314e-08,3.02959703788322e-08,1.62035577849932e-08,6.31276281336165e-08,3.05000941820882e-08,6.18077282729962e-08,2.23889424257318e-08,1.2615156089149e-08,1.27611110848596e-08,2.17805909904337e-08,1.36823000086917e-08,2.1790727548837e-08,9.26542182709012e-09,8.66121378622485e-09,6.24399746064352e-09,9.86247005392728e-09,1.00808742096543e-08,1.07512351391302e-08,6.63760963594926e-09,4.56257584230351e-09,4.391325061966e-09,7.59340629706717e-09,5.89838645471173e-09,8.86774803106015e-09,3.60712185237663e-09,3.34069768511176e-09,2.4137054574443e-09,4.55343664504173e-09,3.64101518061181e-09,4.85450596517533e-09,2.60603728184205e-09,1.73720996720806e-09,1.7977526495209e-09,2.74269303944397e-09,2.3873392363298e-09,3.39397888708191e-09,1.58637773087708e-09,1.75230404756681e-09,1.57281637084397e-09,2.18615662115688e-09,2.3509451966963e-09,2.64264667286238e-09,1.60377021102485e-08,4.41758938295392e-08,2.09927543119557e-08,3.09076473204411e-08,3.67226351490503e-08,2.65958023125083e-08,6.18053573167189e-08,2.50005751962006e-08,1.05352665439589e-08,4.79001341152524e-08,1.98012698320921e-08,3.89387804657613e-08,1.8709707700154e-08,7.53498587225055e-09,9.2973949887729e-09,1.49841503034098e-08,8.78491710584508e-09,1.69012927952694e-08,4.87093497556531e-09,6.13483669430137e-09,5.52216338825503e-09,5.99173451098271e-09,9.10216993277411e-09,7.38770638355127e-09,4.46354255161498e-09,4.06981468522953e-09,1.94710512495543e-09,6.76029757332981e-09,4.1054747256314e-09,6.1497122277868e-09,3.31472612970309e-09,1.42772402711084e-09,1.30140992346895e-09,3.35258652068053e-09,1.49784553017157e-09,3.82893344523761e-09,1.28125189629819e-09,9.09318904839915e-10,8.07780962971863e-10,1.00231210805173e-09,1.28134814756611e-09,1.52580130418647e-09,8.85753062794272e-10,7.43080642985834e-10,8.33599113584451e-10,1.10727520685386e-09,9.38039061075815e-10,1.23214318442213e-09
1.12482946905373e-08,2.49938149852583e-08,5.64771721853571e-08,2.16457445739561e-08,4.82992003375242e-08,4.24323567119796e-08,3.02959703788322e-08,6.5583679851548e-08,3.07607483743114e-08,5.66538659076202e-08,5.7329896488938e-08,5.01512236302461e-08,4.84894889311792e-08,2.32313177804693e-08,1.18060355729771e-08,4.22558065646644e-08,2.29068586252909e-08,4.05268990574427e-08,1.77543066382281e-08,9.06052866563761e-09,8.94519321467623e-09,1.7938081260337e-08,9.94559452328109e-09,1.81408060312576e-08,6.45169333891466e-09,6.57003639393206e-09,4.83285325256423e-09,7.007611511504e-09,7.39715698612136e-09,7.72414716197082e-09,5.08134886076412e-09,3.67074880449869e-09,2.69073041575959e-09,5.63777633991544e-09,4.16095009519596e-09,6.18235434373599e-09,3.03302746928058e-09,2.19876650768237e-09,2.3660000797294e-09,3.40768472661319e-09,3.06730835507328e-09,3.97677752521067e-09,1.77097247396887e-09,1.87459056121441e-09,1.60048711361264e-09,2.27493897482741e-09,2.05700047603703e-09,2.46735894217784e-09,1.08878866190386e-08,2.1196087785414e-08,4.89781125454302e-08,1.8445189438189e-08,4.23482969764504e-08,3.70700270243951e-08,2.87729737500618e-08,5.6041708104049e-08,1.93245168824313e-08,4.86304649994153e-08,4.0136267064775e-08,3.2841179472334e-08,4.17757839815478e-08,1.4658263572735e-08,7.3732288184099e-09,3.07217078710467e-08,1.57625838807348e-08,3.05136110471782e-08,1.06898994017937e-08,5.78690033505109e-09,7.74979171204934e-09,1.23969770505405e-08,7.76296153315342e-09,1.28043821602187e-08,3.86477133320789e-09,5.93848350350141e-09,2.82257478258523e-09,5.39635614194967e-09,6.00146940290548e-09,4.82995982496507e-09,4.63531692527835e-09,1.92618844459793e-09,1.74497248520299e-09,4.6623930932979e-09,1.95315928192538e-09,5.29416045366992e-09,1.63651329969994e-09,1.50414982582026e-09,1.2030043179578e-09,1.49989709231118e-09,2.31225967996809e-09,1.95943837609704e-09,1.29981932030212e-09,9.64693625339591e-10,1.01774610931131e-09,1.73065864192123e-09,1.06669519248571e-09,1.57600136616789e-09
1.21946133164904e-08,1.33844840661899e-08,2.65620482027644e-08,1.44265871012056e-08,2.52951932911604e-08,2.39772610239963e-08,1.62035577849932e-08,3.07607483743114e-08,7.4262880469585e-08,3.01713711545481e-08,6.35072627987632e-08,6.04402734389761e-08,2.32486561442688e-08,5.64362492180126e-08,2.80803816887215e-08,4.81547905082205e-08,4.86189662630565e-08,4.19271428422448e-08,4.07876917375872e-08,1.99186374801508e-08,9.14075433854335e-09,3.58199535504513e-08,1.8791304835291e-08,3.36645438307737e-08,1.39958288432891e-08,5.94350131220467e-09,6.11020733685249e-09,1.26274491705617e-08,6.62302119153651e-09,1.28202129929452e-08,4.25068561002914e-09,4.4601507315342e-09,3.23775444589164e-09,4.63770994994603e-09,5.2911111928526e-09,5.0351452442989e-09,3.63635610436084e-09,2.77955129521076e-09,2.70598679618703e-09,4.45098582081806e-09,3.55390668232301e-09,4.996953891419e-09,2.28903732372074e-09,2.00583263640576e-09,1.58817786136453e-09,2.72429032935589e-09,2.14916305176776e-09,2.97833585504945e-09,8.63877538652602e-09,1.32502088504625e-08,2.38138357442001e-08,1.24790346638641e-08,2.30475361028248e-08,2.01721010899764e-08,1.64225229964355e-08,2.71284262898676e-08,4.92508141863402e-08,2.66162647372407e-08,4.47060095425782e-08,4.38973160804514e-08,2.06866837205684e-08,3.79013616921382e-08,1.91661796367923e-08,3.43571919756315e-08,3.32796910854862e-08,3.15234191534643e-08,2.72084824024881e-08,1.22543215300176e-08,5.33961286263763e-09,2.34851188936515e-08,1.40183226994469e-08,2.30764499545282e-08,8.23668204924439e-09,4.06489880461474e-09,3.95317607706458e-09,9.64641589649388e-09,4.46963272660696e-09,8.98803328174478e-09,2.92586038338593e-09,2.85426279820907e-09,1.74016570641044e-09,3.56697141960233e-09,2.47166841894519e-09,3.25881731349402e-09,2.21005179540413e-09,1.33650497008272e-09,1.08162700192935e-09,1.88160059304612e-09,1.97122221256724e-09,2.43331958008759e-09,1.18841166172806e-09,9.83448260150442e-10,5.55021027949807e-10,1.46850291161636e-09,1.17885920419318e-09,1.65162939914324e-09
2.12974502028174e-08,4.92193784187116e-08,4.83048249232358e-08,3.57137467066832e-08,7.89306512969874e-08,6.07597023403464e-08,6.31276281336165e-08,5.66538659076202e-08,3.01713711545481e-08,9.77964600372075e-08,5.06886530819349e-08,8.88220192237032e-08,4.20572990738092e-08,2.33475121882712e-08,1.29611933154005e-08,3.7321007474876e-08,2.31757772096656e-08,3.58347343063428e-08,1.80797668704327e-08,9.69413665354997e-09,9.94963577540117e-09,1.80480404480681e-08,1.07506616466979e-08,1.8193398612284e-08,6.88006077235027e-09,7.3740454614574e-09,5.99320612289842e-09,7.61465176505993e-09,9.16215084289163e-09,8.79246280132643e-09,5.82479969591931e-09,4.6464411319956e-09,3.35051240272855e-09,7.04412635133449e-09,5.25242409144079e-09,7.66866029052045e-09,3.59586631988714e-09,2.49139072612257e-09,2.72454481663468e-09,4.05328683539312e-09,3.4608359837553e-09,4.79270311947540e-09,2.13672609508134e-09,2.47490608240617e-09,1.9380504435531e-09,2.88077620641799e-09,2.89299213369263e-09,3.18453675958595e-09,1.69679973981667e-08,3.95465433058172e-08,4.31736857510054e-08,2.81576505212932e-08,6.33175316145608e-08,4.92384161096414e-08,5.60930838666639e-08,5.0210506437895e-08,1.61850339336907e-08,7.76979072990591e-08,3.33918418881615e-08,5.43869607796261e-08,3.75239174013683e-08,1.21305110458501e-08,9.43053216418878e-09,2.56845545851661e-08,1.4898283397091e-08,2.82960335486021e-08,8.42392558552236e-09,6.51568882349264e-09,8.4492875273539e-09,1.09017016441051e-08,9.06156210033753e-09,1.21568032526087e-08,4.04468367904046e-09,6.61136975335873e-09,2.62562959633477e-09,6.00585156591094e-09,7.20914893026506e-09,5.28490565493937e-09,5.20934824560829e-09,2.00527017458145e-09,1.64246725673946e-09,5.75910221074795e-09,1.93571890012396e-09,6.31564870795517e-09,1.664404889077e-09,1.16126280241259e-09,1.15654807099499e-09,1.32131230910039e-09,1.86142168055264e-09,1.93682695222947e-09,1.08463694593542e-09,9.46629974637227e-10,1.04874150380683e-09,1.39836220503213e-09,1.22506751184927e-09,1.48797116198577e-09
1.28152129402873e-08,2.48497029504436e-08,4.86890707740002e-08,2.24463996985779e-08,4.19805993261953e-08,3.67083460929851e-08,3.05000941820882e-08,5.7329896488938e-08,6.35072627987632e-08,5.06886530819349e-08,9.65424449575975e-08,8.52987785633621e-08,4.22683786332592e-08,4.81447557762157e-08,2.64077058198623e-08,7.20868811163051e-08,4.21403426390007e-08,6.35226107397441e-08,3.51099992991145e-08,1.95851323468478e-08,1.00884088863106e-08,3.17412753129004e-08,1.91827476487377e-08,3.00383684788113e-08,1.35680718921578e-08,6.77568824216238e-09,7.5311341921349e-09,1.30525726115947e-08,7.97163981415394e-09,1.37729115477845e-08,4.9072854437255e-09,5.60649649675287e-09,3.79975756741572e-09,5.53794874586147e-09,6.60758429068941e-09,6.03201786655946e-09,4.54240372363265e-09,3.32707533535586e-09,3.12596563276201e-09,5.55509910266281e-09,4.33663471871195e-09,6.1802195928321e-09,2.72005938536357e-09,2.37834689515229e-09,1.98367744016301e-09,3.28385073326674e-09,2.59136181213893e-09,3.5142394862456e-09,1.14599350654312e-08,2.11085402715109e-08,4.0873840974628e-08,1.86754703927891e-08,3.57216652560898e-08,3.12257832481714e-08,2.91367752006963e-08,4.68939118285569e-08,4.06707239487878e-08,4.22057055739666e-08,6.49871029707433e-08,5.84061498223303e-08,3.50656985367008e-08,3.13257806172257e-08,1.70772878742457e-08,5.04182194074683e-08,2.97261807612235e-08,4.63392160113893e-08,2.28088200221714e-08,1.21688760381372e-08,6.50999840075501e-09,2.15045456217359e-08,1.45846273425421e-08,2.08523228593928e-08,7.85460626872835e-09,5.3014307471065e-09,4.35141485693607e-09,1.01711649857773e-08,5.34265663998343e-09,9.01390547074411e-09,3.79402532920459e-09,3.2482360325914e-09,2.06976514488749e-09,4.18603858422742e-09,3.20244609351188e-09,4.49496299990426e-09,2.66115014122208e-09,1.74179489645511e-09,1.39721670802459e-09,2.62997458215468e-09,2.56938035928961e-09,3.07181230415964e-09,1.50145086128062e-09,1.12024838525548e-09,9.8064146116385e-10,1.77765808026586e-09,1.3823350612305e-09,1.88202898194771e-09
2.13080366331587e-08,4.79413935562263e-08,4.17471826101588e-08,3.42680423890827e-08,7.02285335169038e-08,5.2409116335084e-08,6.18077282729962e-08,5.01512236302461e-08,6.04402734389761e-08,8.88220192237032e-08,8.52987785633621e-08,1.34342253296467e-07,3.69734164009401e-08,4.60810498101556e-08,2.6650130579462e-08,6.34955674871382e-08,4.0940491760442e-08,5.65508425390243e-08,3.4312054203404e-08,1.99096050894572e-08,1.09743873781751e-08,3.10115504637285e-08,1.91355500901467e-08,2.89573885104699e-08,1.36177852731945e-08,7.26329587314837e-09,8.57543957728808e-09,1.28373142685841e-08,8.82934232822664e-09,1.34761477807032e-08,5.3315449607301e-09,6.30780000594368e-09,4.2577756794087e-09,6.21154075141316e-09,7.39534341296362e-09,6.74881035132662e-09,4.9498785485047e-09,3.49831086470737e-09,3.27294856441436e-09,6.02471587370131e-09,4.57881664104788e-09,6.85114854808e-09,2.95350022990064e-09,2.740387609601e-09,2.0136190382232e-09,3.72766215185286e-09,3.03395847802888e-09,4.03909251773206e-09,1.80936166551566e-08,3.7168663766962e-08,3.53785673671638e-08,2.68452224471394e-08,5.40494436699252e-08,4.19706279284672e-08,5.56731447547642e-08,4.20292394733928e-08,3.67748076706439e-08,6.87333405474248e-08,5.75459353775842e-08,8.87387834009083e-08,3.12082933902766e-08,2.83784482365356e-08,1.75987748920802e-08,4.45574428871017e-08,2.84221792890912e-08,4.32886623570977e-08,2.04128507464448e-08,1.24407907730343e-08,6.52482170361303e-09,2.00778477132696e-08,1.50275178419835e-08,1.97224332582258e-08,7.56101290078956e-09,5.10744198535722e-09,4.35104930391551e-09,9.75294532778953e-09,5.41121118261597e-09,7.97034923267087e-09,3.88538168650151e-09,3.31790322393609e-09,2.0690898687016e-09,4.55819805150106e-09,2.97634217495639e-09,4.74984707644127e-09,2.71363856029337e-09,1.62159563529528e-09,1.54999711619967e-09,2.39493972191104e-09,2.22996694007889e-09,3.24880021116209e-09,1.45492029009981e-09,1.25571307991141e-09,9.62265748846786e-10,1.57378820353165e-09,1.30494681740378e-09,1.61047330004028e-09
9.22077415607248e-09,1.80815811974733e-08,4.18158938514043e-08,1.7249061956929e-08,3.52834726897191e-08,3.31679693337426e-08,2.23889424257318e-08,4.84894889311792e-08,2.32486561442688e-08,4.20572990738092e-08,4.22683786332592e-08,3.69734164009401e-08,6.36849094825271e-08,2.92917113421559e-08,1.5224414404475e-08,5.63929610974462e-08,2.88368023541865e-08,5.3937280656128e-08,2.2299766893919e-08,1.12834986343691e-08,1.05927110976923e-08,2.2349871149934e-08,1.20792613777671e-08,2.22253276608308e-08,8.21758258743074e-09,7.77631954389623e-09,5.14441173671966e-09,8.70466639378021e-09,8.57291456885272e-09,9.32488504609042e-09,5.75261695374227e-09,3.77657038511205e-09,2.9437930869401e-09,6.11310782643102e-09,4.45312978102217e-09,6.93469750039401e-09,3.0621676421154e-09,2.31956076082494e-09,2.4465312399061e-09,3.55270693040848e-09,3.13241882984322e-09,4.04673001839582e-09,1.85217114900431e-09,1.8468049459112e-09,1.64248016626154e-09,2.3419421903593e-09,2.11784362487611e-09,2.70336893172332e-09,8.92392593242564e-09,1.60247892850717e-08,3.64397209006019e-08,1.49971224788754e-08,3.18914438808332e-08,2.8929009320697e-08,2.22740364514609e-08,4.1785393996962e-08,1.4651535366295e-08,3.69179740793946e-08,3.07202458365932e-08,2.56992162527358e-08,5.27351492039788e-08,2.14821763396297e-08,9.53757652453582e-09,4.0813902034515e-08,2.24200301092807e-08,4.10957151341683e-08,1.64514118279678e-08,7.30596749469622e-09,8.97332105911749e-09,1.75520731689334e-08,9.1285946852705e-09,1.76009570977345e-08,5.28080841018177e-09,6.59338108183599e-09,3.21380908404244e-09,6.68903815111536e-09,6.75242616874773e-09,6.07118254253803e-09,5.02995424544281e-09,2.1570439612443e-09,1.75239481699339e-09,4.99075585963117e-09,2.04307803694821e-09,5.22218889084989e-09,1.73721670277606e-09,1.5141148327194e-09,1.23349552880343e-09,1.49468707403276e-09,2.36430915511039e-09,2.27593369994678e-09,1.34961965332639e-09,9.43673588063154e-10,9.5287902810531e-10,1.81074968176585e-09,9.97759718263429e-10,1.75403521756025e-09
9.83278648439864e-09,1.03777477322571e-08,2.04074146782901e-08,1.14723877100624e-08,1.94801074815236e-08,1.9054552975009e-08,1.2615156089149e-08,2.32313177804693e-08,5.64362492180126e-08,2.33475121882712e-08,4.81447557762157e-08,4.60810498101556e-08,2.92917113421559e-08,6.72503561817085e-08,3.30265040315379e-08,5.83339275884069e-08,5.86549274330966e-08,5.1335862572291e-08,4.93937754821576e-08,2.38473400424199e-08,1.08900433127215e-08,4.3851928900387e-08,2.26644156572927e-08,4.1242786331747e-08,1.68813741800007e-08,7.21869382574262e-09,7.22007503798409e-09,1.55338956674504e-08,7.78372214294636e-09,1.55378367673374e-08,5.29122456192056e-09,5.3306402047021e-09,3.93040994415474e-09,5.57753402743634e-09,6.42822825123934e-09,6.11226073229121e-09,4.21946396599497e-09,3.24646341691635e-09,2.94149747137505e-09,5.11002541253312e-09,3.78915520231474e-09,5.45628365355584e-09,2.55500777148321e-09,2.25765616575448e-09,1.86360286528801e-09,2.91269258890886e-09,2.58076933415888e-09,3.40028821660829e-09,7.08705451273178e-09,1.08530644165972e-08,1.82028850055657e-08,1.05828063468522e-08,1.68100864949389e-08,1.54059489442075e-08,1.31768900185588e-08,2.0681542441311e-08,3.78861129439899e-08,1.9837798879481e-08,3.43416618793654e-08,3.28415959172167e-08,2.63471961553007e-08,4.70736144493682e-08,2.12698161999767e-08,4.24934661849724e-08,4.09808214778525e-08,3.82490715350516e-08,3.49282684055761e-08,1.41849011225443e-08,6.759133339099e-09,2.99124916257422e-08,1.57090268948417e-08,2.85685130564909e-08,1.00178784810104e-08,4.95196424316425e-09,5.05039955348588e-09,1.11740695014234e-08,5.5280746315721e-09,1.0820420211275e-08,3.61871063788339e-09,3.79966575153843e-09,1.97512625018443e-09,4.43819382069383e-09,3.40145475833948e-09,3.79125980518883e-09,2.85937026563704e-09,1.41952192043604e-09,1.39061343933331e-09,2.32976798271665e-09,2.20063610552452e-09,2.98336561435011e-09,1.31246976567474e-09,1.27806090180641e-09,7.56587312388192e-10,1.72107634782158e-09,1.52516413122437e-09,1.87218715273782e-09
8.0959795212408e-09,1.11254808040692e-08,1.07821435615104e-08,1.27400907198906e-08,1.12415646383042e-08,1.21561194396885e-08,1.27611110848596e-08,1.18060355729771e-08,2.80803816887215e-08,1.29611933154005e-08,2.64077058198623e-08,2.6650130579462e-08,1.5224414404475e-08,3.30265040315379e-08,7.72279011208938e-08,3.25640811544836e-08,6.48093592317468e-08,6.17747204493211e-08,2.38646579934779e-08,5.43208598882064e-08,2.25614858735161e-08,4.58101801729896e-08,4.45367874799446e-08,3.71173967388045e-08,3.85116341891333e-08,1.48546459503026e-08,7.25074615737134e-09,3.06230214922849e-08,1.44616701454094e-08,2.90254099294488e-08,1.10456558320121e-08,5.2975265857359e-09,6.42960945995407e-09,1.03903890675538e-08,6.58513793554775e-09,1.15694448233549e-08,4.35940008800379e-09,5.10681646567289e-09,3.18536758474943e-09,5.10047244152163e-09,5.57393382282048e-09,5.82945275616762e-09,4.48503385522012e-09,2.59000394968987e-09,2.4288865481371e-09,4.73285967528208e-09,2.84470053262741e-09,4.85081082785125e-09,3.87094983141148e-09,7.70291970472139e-09,1.1433721856785e-08,8.33679183941068e-09,9.56911773336632e-09,9.92748075178726e-09,7.9704198404026e-09,1.20120297781469e-08,2.36120336051786e-08,1.16231006731944e-08,2.26120055244276e-08,2.11222797855661e-08,1.37175357551675e-08,2.75570295238308e-08,5.03987359270621e-08,2.67948027489815e-08,4.58457487526143e-08,4.49034886129637e-08,2.02008654405242e-08,3.47289789013111e-08,1.44083504856687e-08,3.17338624471796e-08,3.22899685498762e-08,2.86264348261583e-08,2.47630581450256e-08,1.04559190429919e-08,5.08477669395551e-09,2.23634887095337e-08,8.84533850967491e-09,1.88613522976122e-08,7.64408440051882e-09,3.93329450703837e-09,4.27471277204581e-09,6.96397474622744e-09,4.17700595074775e-09,6.76004777716439e-09,3.16690728622385e-09,3.21571357940946e-09,1.81930511186813e-09,2.82395535371689e-09,3.87581016213356e-09,3.87597027233837e-09,2.78944480712484e-09,1.34629500916961e-09,1.57662710038825e-09,3.11027754849845e-09,1.79595127117054e-09,4.05438150740883e-09
1.02874831067274e-08,1.72338277268416e-08,3.60679443448514e-08,1.7312443004328e-08,3.04294774177622e-08,2.8762920339907e-08,2.17805909904337e-08,4.22558065646644e-08,4.81547905082205e-08,3.7321007474876e-08,7.20868811163051e-08,6.34955674871382e-08,5.63929610974462e-08,5.83339275884069e-08,3.25640811544836e-08,9.32554560667626e-08,5.15488295411018e-08,8.33098353450249e-08,4.29561167115341e-08,2.41813469101945e-08,1.18735904908939e-08,3.90167673173866e-08,2.30631232179696e-08,3.59511336660657e-08,1.68745349957573e-08,7.85624986529146e-09,8.26989174192196e-09,1.58330606238459e-08,9.0016016032507e-09,1.64709094726461e-08,5.75796585656968e-09,6.20321401455641e-09,4.39089294965544e-09,6.3558049754061e-09,7.45629619199372e-09,6.99310752536775e-09,4.9184121909559e-09,3.67965449235543e-09,3.35242709638809e-09,6.03881618627332e-09,4.52311699223323e-09,6.42498706115379e-09,2.94752416205051e-09,2.51845743028053e-09,2.1436644938486e-09,3.41689891415222e-09,2.8595993672534e-09,3.84942852587744e-09,9.0304851298912e-09,1.61007552531815e-08,3.02470832220378e-08,1.54132551607955e-08,2.62069009403094e-08,2.37996246497363e-08,2.22346640086293e-08,3.50675324706363e-08,3.13108297222509e-08,3.11658696626709e-08,5.04061123504306e-08,4.44135236155545e-08,4.39339047549724e-08,4.15595673802447e-08,1.97536403055189e-08,6.32045497669981e-08,3.8804978946228e-08,5.91614007724507e-08,3.10455691170195e-08,1.40950979181654e-08,8.23184943539489e-09,2.84964021299883e-08,1.66105348356284e-08,2.73097572213076e-08,1.00255393575158e-08,6.00203345523402e-09,5.12629014602675e-09,1.20078259504443e-08,6.01042446012161e-09,1.07609478852824e-08,4.2768849201777e-09,3.82886400065817e-09,2.34607053994781e-09,4.74457497504913e-09,3.79089167540289e-09,4.43376853021633e-09,3.03281566053817e-09,1.99537678126968e-09,1.49025441322211e-09,2.8757690494187e-09,2.87804671063762e-09,3.50951154856243e-09,1.82676695026987e-09,1.20657295867106e-09,9.30934451435247e-10,2.14858848693301e-09,1.25856874090384e-09,2.20698974796149e-09
1.08412121945995e-08,1.13160461522763e-08,2.0686487696361e-08,1.24104970533454e-08,1.96649690808058e-08,1.90466367619735e-08,1.36823000086917e-08,2.29068586252909e-08,4.86189662630565e-08,2.31757772096656e-08,4.21403426390007e-08,4.0940491760442e-08,2.88368023541865e-08,5.86549274330966e-08,6.48093592317468e-08,5.15488295411018e-08,9.9273057214385e-08,8.7070265454668e-08,4.38609529020154e-08,4.57970168212912e-08,2.17778155748613e-08,7.2706417754669e-08,3.73315265235463e-08,6.14980802423728e-08,3.15460928288452e-08,1.37948878497955e-08,7.72714970113457e-09,2.46156468296283e-08,1.40086602661733e-08,2.39912614038049e-08,1.00527833693117e-08,5.68504876642402e-09,7.06959768939574e-09,9.88180115630629e-09,7.19091279579032e-09,1.1032859841923e-08,4.49946164537061e-09,5.57104848140213e-09,3.63161680735596e-09,5.49464831386266e-09,6.15914800040004e-09,6.02382174987657e-09,4.60521146520725e-09,2.74383974051632e-09,2.3315842892493e-09,4.95634823228736e-09,2.98697279026270e-09,5.19838900360505e-09,7.21602601721247e-09,1.03329982298105e-08,2.08622532470664e-08,9.99812590201209e-09,1.82584332842412e-08,1.63381596868342e-08,1.19227002771757e-08,2.24339884342726e-08,3.63543397415538e-08,2.12242294120867e-08,3.49586549160144e-08,3.18313923169675e-08,2.78316091510695e-08,4.55117956430972e-08,4.29453188400585e-08,4.28283593633289e-08,7.0865244429029e-08,6.70660674414165e-08,3.40094931374712e-08,2.98294257575395e-08,1.27240117233117e-08,5.13364858499708e-08,2.65429976624296e-08,4.45411509389866e-08,2.07324148940883e-08,9.02028155194768e-09,5.62810262801224e-09,1.79188352674301e-08,8.60564077228015e-09,1.59381408113501e-08,6.51774227588522e-09,4.25457703739811e-09,4.3754979082361e-09,6.80987974799183e-09,3.78326723661041e-09,5.79845722776839e-09,3.2549667737863e-09,3.13354235471578e-09,1.67815740296381e-09,2.35204858286171e-09,4.1040104926748e-09,3.83975625338251e-09,2.71714082634296e-09,1.33567335185619e-09,1.45702785367867e-09,3.22745598377656e-09,1.55536094618393e-09,3.92038327305688e-09
1.05963477729257e-08,1.76768002033805e-08,3.55130004115596e-08,1.74904919723501e-08,2.98311287305424e-08,2.78473325062846e-08,2.1790727548837e-08,4.05268990574427e-08,4.19271428422448e-08,3.58347343063428e-08,6.35226107397441e-08,5.65508425390243e-08,5.3937280656128e-08,5.1335862572291e-08,6.17747204493211e-08,8.33098353450249e-08,8.7070265454668e-08,1.25337869816911e-07,3.86208997356652e-08,4.44209940047199e-08,2.09652479841957e-08,6.43481497442944e-08,3.59019937847795e-08,5.32005510741598e-08,3.01600049380176e-08,1.31044174090765e-08,8.08654209854414e-09,2.35389105356392e-08,1.39095272432226e-08,2.36475566401007e-08,9.59415028942444e-09,5.90713780940322e-09,7.27491804579797e-09,9.85043947249449e-09,7.37834486985034e-09,1.09802567191177e-08,4.78838636911127e-09,5.94163852670574e-09,3.92779931423104e-09,5.84300084884721e-09,6.71900280368254e-09,6.54820137336946e-09,4.95476244321913e-09,2.93874994396103e-09,2.55713668657672e-09,5.34628819473209e-09,3.11807300116608e-09,5.58724157484719e-09,8.54394680170036e-09,1.4844113412076e-08,3.26140191031229e-08,1.40791921307206e-08,2.72124479454023e-08,2.44123197303406e-08,2.00554764177245e-08,3.62867081294701e-08,3.13229445679558e-08,3.15610340887359e-08,4.94604896003662e-08,4.32744589577158e-08,4.5056406741139e-08,4.11920016809323e-08,3.96219137663988e-08,6.23743836277109e-08,6.44394115251238e-08,9.27837285078577e-08,3.09190084538759e-08,2.79577386277226e-08,1.29720014869774e-08,4.65396496689115e-08,2.56335553118918e-08,3.99707614928271e-08,1.90926753375309e-08,9.24773454574689e-09,5.36981607670591e-09,1.70013397487083e-08,8.50620721289081e-09,1.45767396722482e-08,6.64540087368543e-09,3.9818722428859e-09,4.48878506086772e-09,6.87074488048717e-09,3.71176434935773e-09,6.09677702033124e-09,3.19468689466453e-09,3.6016065864223e-09,1.82307036558793e-09,2.51337188833576e-09,4.38961482247314e-09,4.00851126324347e-09,3.18430672340549e-09,1.34857818648133e-09,1.61353158725216e-09,3.41474681511693e-09,1.27409536696116e-09,3.80841706747829e-09
6.45992650150759e-09,7.60928647794107e-09,1.57212627054734e-08,7.80299550630535e-09,1.53283603598168e-08,1.43836439695196e-08,9.26542182709012e-09,1.77543066382281e-08,4.07876917375872e-08,1.80797668704327e-08,3.51099992991145e-08,3.4312054203404e-08,2.2299766893919e-08,4.93937754821576e-08,2.38646579934779e-08,4.29561167115341e-08,4.38609529020154e-08,3.86208997356652e-08,6.11313706087108e-08,2.87120857950061e-08,1.34211016818837e-08,5.38737547493455e-08,2.74541068968034e-08,5.14328492089766e-08,1.98016401485005e-08,8.85817125583416e-09,8.58739769592043e-09,1.80182860107355e-08,9.55373693794766e-09,1.77597701341167e-08,6.34718295994280e-09,6.17285567247945e-09,4.53473656779942e-09,6.51640638097763e-09,7.29739051187636e-09,6.81161692782706e-09,4.9516711871672e-09,3.60005202359317e-09,3.35725033921354e-09,5.74445831655701e-09,4.35133876262799e-09,6.22016900989708e-09,2.86535270306134e-09,2.57759680016021e-09,2.25812177732616e-09,3.38406591703086e-09,2.91237817019565e-09,3.7998321840096e-09,5.82118215980342e-09,8.06199498824664e-09,1.38368992921707e-08,7.29883541977042e-09,1.3545599207049e-08,1.16206316786189e-08,1.00487380846172e-08,1.55596661700417e-08,2.72070746699912e-08,1.52510870172772e-08,2.45800770224348e-08,2.45990587508241e-08,2.02170905895585e-08,3.49413003191783e-08,1.41948887719765e-08,3.14152369911729e-08,2.9938012819272e-08,2.77103872633328e-08,4.07122632454636e-08,1.74203251018658e-08,6.72919974936215e-09,3.52998914947121e-08,1.84667314539556e-08,3.43080922063288e-08,1.16667736447975e-08,5.12788175230112e-09,5.36091098023784e-09,1.26435619251699e-08,5.98818261525745e-09,1.20916377037776e-08,3.84335955597723e-09,3.91558892266199e-09,2.49452618681654e-09,4.66399824050799e-09,3.81514056106012e-09,4.00378716719778e-09,3.01447047956199e-09,1.74578355991201e-09,1.89457951470482e-09,2.52022728379451e-09,2.63313704416418e-09,3.17378730363967e-09,1.48048903904988e-09,1.6369769766928e-09,9.26435254635506e-10,1.92220221836881e-09,1.83165091860374e-09,1.92790827799709e-09
