2.31113704723007e-08,1.14758850197319e-08,5.04623909444869e-09,2.07517232896057e-08,1.09440849449745e-08,1.96990784471057e-08,9.42664667529128e-09,4.26259284340983e-09,4.34724156147988e-09,9.02360744354018e-09,4.70980939560135e-09,9.10620784790677e-09,3.66104820200253e-09,3.64281425309737e-09,2.64776615052964e-09,3.92316959752243e-09,4.32128366819541e-09,4.46809276929826e-09,3.1846559954696e-09,2.34829954557014e-09,2.03950397236106e-09,3.74694238549152e-09,2.75509902644496e-09,4.08921013246062e-09,2.09226291941878e-09,1.83683605053233e-09,1.43282481599425e-09,2.47866960967831e-09,1.84942381958857e-09,2.54227631640901e-09,1.68055762516752e-09,1.3351120146424e-09,1.34574903198801e-09,1.71931474401511e-09,1.80496329710928e-09,2.27113736437928e-09,1.09885200998554e-09,1.09527080877786e-09,1.13882275228649e-09,1.44963720891461e-09,1.39315531101281e-09,1.73344214133518e-09,1.10404093342728e-09,1.05998360381403e-09,9.07950833618042e-10,1.31427264146974e-09,1.17359094381351e-09,1.44957972113411e-09,1.68638157152807e-08,8.01055243733772e-09,4.00748431655457e-09,1.53709589395241e-08,8.29995599154335e-09,1.56903007635009e-08,6.95843897338533e-09,3.33743773721054e-09,2.49465859464103e-09,7.1177513231449e-09,3.4726452434639e-09,7.01985423061756e-09,2.96548805774869e-09,2.15088045949218e-09,1.97191556602813e-09,3.05721900192894e-09,3.03640349054962e-09,3.59221535339307e-09,1.7733034488221e-09,1.72397743577113e-09,1.40020971103394e-09,2.63883385878081e-09,1.86004985357432e-09,2.59323270177427e-09,1.5418351892053e-09,1.29464836945779e-09,1.02756890259687e-09,1.70207584209864e-09,1.48406658869605e-09,2.00867147602615e-09,1.20248303847605e-09,9.82111970224996e-10,1.01836207402506e-09,1.38193742155068e-09,1.30748538046625e-09,1.6625006825973e-09,8.29311173154611e-10,8.13645442984886e-10,7.13517491577909e-10,1.01146276325278e-09,1.03333604778077e-09,1.27152217821614e-09,8.7242208595909e-10,7.39705657303078e-10,7.42760439852538e-10,1.1082123553893e-09,8.49354356050303e-10,1.20981102938021e-09
1.14758850197319e-08,2.78095106015316e-08,1.18853780775528e-08,2.17875846711457e-08,2.40174076903954e-08,1.86385694738346e-08,2.25679962306251e-08,9.59266387508095e-09,5.43594007894149e-09,1.93624501046191e-08,1.00758152147696e-08,1.93550720199734e-08,8.20487371223844e-09,4.43042658819868e-09,3.80524388728249e-09,8.33214125982188e-09,5.01939685818471e-09,9.01664207342151e-09,3.83842826651715e-09,3.29392045574291e-09,2.17738694958371e-09,4.29750165279607e-09,3.56728124619924e-09,4.30465976836717e-09,3.00530908953484e-09,1.94569225787016e-09,1.59588877371223e-09,3.23703539626965e-09,2.22729648308367e-09,3.5557693844087e-09,1.79930603439666e-09,1.48627578576382e-09,1.47520331680332e-09,2.07438928417508e-09,1.83987288182469e-09,2.55996482709301e-09,1.508778616008e-09,1.41384801558841e-09,1.23543814932191e-09,1.8007687327568e-09,1.77351326435223e-09,2.04671510213902e-09,1.39322467627857e-09,1.20492579391622e-09,1.07235955369366e-09,1.73411928365135e-09,1.39472859934729e-09,1.9757539616041e-09,8.58457252875554e-09,1.82560602815935e-08,9.59749599509932e-09,1.50056281718572e-08,1.74390711410848e-08,1.46721053435299e-08,1.49791474345275e-08,8.00234264360222e-09,3.67634767502627e-09,1.43598075482779e-08,8.12294127142415e-09,1.43206340328986e-08,6.76690622763524e-09,3.10610479657726e-09,2.44460193995883e-09,6.80784420857347e-09,4.01255812795644e-09,7.42417658203745e-09,2.61936637330103e-09,2.28362242109988e-09,1.62399641129214e-09,3.45356375283239e-09,2.41804411458821e-09,3.21327057925717e-09,2.09134510536558e-09,1.49549125277201e-09,1.14389551456113e-09,2.15828278289554e-09,1.76671318733774e-09,2.40569831154684e-09,1.4019572197629e-09,1.05379956413790e-09,1.27940633462909e-09,1.59561009627445e-09,1.40488189146292e-09,2.10158915521919e-09,1.0121010484275e-09,1.10553256144996e-09,9.15318627129694e-10,1.28825042324809e-09,1.37206266685545e-09,1.52303304813843e-09,1.04164042636371e-09,8.89906767515392e-10,7.71629145912224e-10,1.36483772069027e-09,9.63876282644015e-10,1.59153231051813e-09
5.04623909444869e-09,1.18853780775528e-08,2.49323042223492e-08,1.05948215757496e-08,2.2108821391919e-08,1.9902031246095e-08,9.59739097791895e-09,1.96901768281213e-08,1.00146034414263e-08,1.72594811884844e-08,1.78787261388668e-08,1.55459520324157e-08,1.69521605733912e-08,8.40907978821586e-09,4.19798567038348e-09,1.50812149369415e-08,8.93137552713002e-09,1.55529073062304e-08,7.18933447899057e-09,3.58850312326761e-09,2.77820327872325e-09,7.5608492287258e-09,3.58051993315162e-09,7.19412975212059e-09,3.12419774189448e-09,2.44711053489037e-09,1.63511109476905e-09,3.09485920944963e-09,2.66817810477767e-09,3.16061314316505e-09,2.24045400391464e-09,1.51399542732318e-09,1.47708225569574e-09,2.46295977528726e-09,1.85637741296401e-09,2.95359255901921e-09,1.48751840017826e-09,1.35763155637215e-09,1.35207302524547e-09,1.67073905377917e-09,1.74934062759044e-09,1.98763721045921e-09,1.34193870858772e-09,1.2472154434738e-09,9.70215378127136e-10,1.69743867324616e-09,1.45751342779162e-09,1.93352422849895e-09,3.53340992560656e-09,8.15284322534529e-09,1.72900318529433e-08,7.75789966904369e-09,1.56530238535563e-08,1.43472851402796e-08,6.79994511631895e-09,1.43864299309829e-08,7.42546968604312e-09,1.28977259493658e-08,1.3037807613658e-08,1.17320136687943e-08,1.24497022785027e-08,6.13118974195727e-09,2.88721749555222e-09,1.09740418148671e-08,7.05379533940118e-09,1.21187415428697e-08,5.21025719370491e-09,2.50877814637378e-09,1.67336102166138e-09,6.13308035751453e-09,2.29107713182348e-09,5.31270319468368e-09,2.20019719802882e-09,1.55543313874071e-09,1.02105990738174e-09,1.98414358880921e-09,1.63157514346558e-09,1.98837804043144e-09,1.51903811903536e-09,9.71092447421819e-10,1.2201632140513e-09,1.59241102521246e-09,1.39885789693407e-09,2.07355279746985e-09,1.0064751157361e-09,1.08025180764354e-09,9.92837393341416e-10,1.20150905387458e-09,1.35561395022256e-09,1.49148487725877e-09,1.00473403278557e-09,9.51343879407599e-10,7.64799276618067e-10,1.317804212786e-09,1.09761422266729e-09,1.58703799171629e-09
2.07517232896057e-08,2.17875846711457e-08,1.05948215757496e-08,3.30861865602375e-08,1.87338736696004e-08,2.89640981374354e-08,1.75179516905709e-08,8.52706300351687e-09,5.03330713506388e-09,1.49705468803076e-08,8.7553963633528e-09,1.4703005826009e-08,7.32507879350297e-09,4.07977745391748e-09,4.43980672792013e-09,7.29084876699907e-09,4.84607318698127e-09,8.08391442415475e-09,3.57503481846457e-09,3.85560244551706e-09,2.71110600080154e-09,4.15407084645439e-09,4.23012371173047e-09,4.32319803991776e-09,3.5110222890709e-09,2.4656177601901e-09,1.8517205739049e-09,3.87011758317342e-09,2.65920707002223e-09,4.12871138838451e-09,2.25956996571949e-09,1.69944437198618e-09,1.59137208432929e-09,2.44873105299768e-09,2.17524557179445e-09,3.07978671453852e-09,1.5746139618236e-09,1.42233783749018e-09,1.26758941950105e-09,1.94048912123615e-09,1.72789171188692e-09,2.25510072958731e-09,1.48669221412278e-09,1.25917171339291e-09,1.17334469883509e-09,1.73142661939766e-09,1.50921399821698e-09,2.05028842809514e-09,1.51405253526212e-08,1.50018545097381e-08,8.68864678322914e-09,2.31598731195437e-08,1.4678472739636e-08,2.25886441006849e-08,1.25292433781091e-08,7.19804428934011e-09,3.40297710820769e-09,1.20904043939272e-08,6.91562571879434e-09,1.1480050697493e-08,6.14104501244232e-09,2.8718910105983e-09,3.02187041029416e-09,5.90155588031658e-09,3.87989306918085e-09,6.70834684835006e-09,2.46912146378977e-09,2.75654638294401e-09,1.92488903628195e-09,3.43073090658208e-09,2.96386806233337e-09,3.33053789995906e-09,2.46700615095134e-09,1.72790106749746e-09,1.40560441986348e-09,2.66345049912103e-09,2.09667450952345e-09,2.96999764902696e-09,1.62307420473269e-09,1.37915685664798e-09,1.38810253591081e-09,1.93908853711542e-09,1.6892038717891e-09,2.30979843428893e-09,1.23959544572426e-09,1.21159513667988e-09,8.85201186220241e-10,1.51257149710483e-09,1.40116040426439e-09,1.83471934974704e-09,1.23829664589936e-09,9.56700868973286e-10,9.22694657136162e-10,1.46773641402362e-09,1.0269477771029e-09,1.69243987942284e-09
1.09440849449745e-08,2.40174076903954e-08,2.2108821391919e-08,1.87338736696004e-08,3.68590916414531e-08,2.98177353783162e-08,1.93662061297549e-08,1.72566740447524e-08,9.77859889280294e-09,2.91206728555905e-08,1.56784552010448e-08,2.67026751846705e-08,1.48200084568319e-08,8.20685327448987e-09,4.44913779979452e-09,1.32206548938432e-08,8.76356370996461e-09,1.37719609442216e-08,7.0141280825795e-09,3.85037607425887e-09,3.20947902846778e-09,7.46262854040983e-09,3.89211603814284e-09,7.10636361109093e-09,3.34271494586569e-09,2.81983581368326e-09,1.85325185775223e-09,3.32638158172849e-09,3.20552139222236e-09,3.47627621747246e-09,2.60371231755867e-09,1.75510120517209e-09,1.76336291466361e-09,2.99846215497502e-09,2.3192689069679e-09,3.73932879433702e-09,1.81072051638228e-09,1.72328431947926e-09,1.71752398643563e-09,2.22794525365696e-09,2.26801088241771e-09,2.56640915533794e-09,1.70525343725977e-09,1.65206730842561e-09,1.34667463115917e-09,2.20797399787927e-09,1.85859816621104e-09,2.4350870530112e-09,8.19781806291830e-09,1.60913195758003e-08,1.68265786869466e-08,1.35781310933812e-08,2.62413752050922e-08,2.22727965253823e-08,1.32132586313664e-08,1.37757299449541e-08,7.10517821790508e-09,2.14097726139764e-08,1.22208573596937e-08,1.96917047097283e-08,1.181335420005e-08,5.94853742198202e-09,3.31883424759041e-09,1.04007443601662e-08,7.11361155748871e-09,1.1538197436143e-08,5.01914675116122e-09,2.94860486884469e-09,2.10353655748821e-09,6.09533282848622e-09,2.74483901172662e-09,5.2353018846171e-09,2.62421626048647e-09,1.89894059999883e-09,1.32562612208212e-09,2.37973352150396e-09,2.14101356420056e-09,2.58071272642544e-09,1.81227076318773e-09,1.24197984031427e-09,1.55017744819793e-09,2.05743986109248e-09,1.85429281069427e-09,2.72768751368335e-09,1.23541243420158e-09,1.38690334782941e-09,1.26588396875055e-09,1.68328568749239e-09,1.75035828068434e-09,1.92267080394044e-09,1.24118830485378e-09,1.2600200060003e-09,9.52850900739785e-10,1.70249142273878e-09,1.29307958868835e-09,1.82011611083944e-09
1.96990784471057e-08,1.86385694738346e-08,1.9902031246095e-08,2.89640981374354e-08,2.98177353783162e-08,4.24684203206314e-08,1.48967948659489e-08,1.53986978899418e-08,8.70761056074373e-09,2.3299651585472e-08,1.34874888385001e-08,2.06276330593628e-08,1.31312899540089e-08,7.08257474854172e-09,4.39404842179978e-09,1.11997941459653e-08,7.69330187236491e-09,1.17778772226457e-08,6.10212805397147e-09,3.80916486379743e-09,3.63300441036641e-09,6.5242469757658e-09,3.98954335200359e-09,6.38595378005659e-09,3.29976302787545e-09,3.23377922423335e-09,1.92290212930274e-09,3.45388654880031e-09,3.52252919859045e-09,3.55327148538803e-09,2.96304470225148e-09,1.79881529429881e-09,1.78727602919086e-09,3.27399347534468e-09,2.52595572988524e-09,4.23195705730124e-09,1.77739184559892e-09,1.74434697658603e-09,1.7734649508803e-09,2.31710495439416e-09,2.13047578812287e-09,2.69481655441751e-09,1.81746002952552e-09,1.83975779007164e-09,1.54812698379149e-09,2.21302223967818e-09,2.10647569879075e-09,2.51636584156432e-09,1.4494879900174e-08,1.3347992673469e-08,1.52623654530763e-08,2.11968515012554e-08,2.25574730473977e-08,3.19621168233371e-08,1.11716909206332e-08,1.24201567841584e-08,6.21010396131996e-09,1.84613400913553e-08,1.03941042883822e-08,1.60246199149725e-08,1.0611478457171e-08,5.13094479746854e-09,3.05835048785185e-09,8.89862547094207e-09,6.09433449836726e-09,9.84952006219051e-09,4.32314875751351e-09,2.68738452621833e-09,2.24945910592829e-09,5.25866238019141e-09,2.75773251583126e-09,4.73591117277121e-09,2.39506922754018e-09,2.01664205234358e-09,1.44861866973060e-09,2.39759452015779e-09,2.34780018373496e-09,2.72879347010403e-09,1.95555188143106e-09,1.41387251194631e-09,1.51288428842943e-09,2.31806090454835e-09,1.94125483800821e-09,2.91634266504371e-09,1.38228403134757e-09,1.41549622839522e-09,1.3018085911901e-09,1.79031744982197e-09,1.65962484890193e-09,2.16812638112695e-09,1.42432905056722e-09,1.46809306447101e-09,1.27870690677528e-09,1.79783099820691e-09,1.62232447282895e-09,1.9968658317187e-09
9.42664667529128e-09,2.25679962306251e-08,9.59739097791895e-09,1.75179516905709e-08,1.93662061297549e-08,1.48967948659489e-08,2.80020357876018e-08,1.18080999919063e-08,6.6050792467645e-09,2.45574231671459e-08,1.22876674981233e-08,2.45144444363813e-08,9.83581492375067e-09,5.31075797997754e-09,4.55123963380328e-09,9.95872694731707e-09,6.03462358634444e-09,1.07736631854085e-08,4.51403211440033e-09,3.90199156755832e-09,2.53815066513577e-09,5.02424964413968e-09,4.21130229754526e-09,5.01964654289667e-09,3.54500860532434e-09,2.26844924052874e-09,1.96890883527206e-09,3.79183633226487e-09,2.71547505762283e-09,4.36429875680124e-09,2.10742016480906e-09,1.84463482039922e-09,1.78338254544823e-09,2.52437225190761e-09,2.23956709207108e-09,3.0119120068093e-09,1.63212519233424e-09,1.56788994299027e-09,1.33597651658726e-09,2.01245048566613e-09,1.92044542890922e-09,2.27824414829106e-09,1.38168871056886e-09,1.21883080893157e-09,1.12984256683621e-09,1.66570497038073e-09,1.48142251586297e-09,1.95704992199708e-09,6.96896992136405e-09,1.49786281552293e-08,8.00414374661549e-09,1.20667748216946e-08,1.43619452041847e-08,1.17853498318091e-08,1.87000069345814e-08,9.66486049027924e-09,4.39435102214708e-09,1.80889992319623e-08,9.62442503578339e-09,1.77444490906192e-08,8.14736314457847e-09,3.64908093191906e-09,2.76478212288342e-09,8.072011223966e-09,4.70213941369173e-09,8.98962825224693e-09,3.02334910367875e-09,2.74679266537771e-09,1.90940412915156e-09,3.92671659097414e-09,2.91531086320274e-09,3.74801081027901e-09,2.52411152844891e-09,1.72706647013102e-09,1.46791431123339e-09,2.60072941271927e-09,2.16458085774822e-09,2.98207378429614e-09,1.60370352261102e-09,1.34218226987784e-09,1.4885591746177e-09,1.9668807960507e-09,1.73636920261983e-09,2.51045273317957e-09,1.15314706674047e-09,1.30774544294519e-09,9.9784126327125e-10,1.5217935245078e-09,1.47154975691323e-09,1.67884562476939e-09,1.15654328226287e-09,9.35627078361262e-10,7.92386244885155e-10,1.34505153303301e-09,1.00568039643373e-09,1.48984082790245e-09
4.26259284340983e-09,9.59266387508095e-09,1.96901768281213e-08,8.52706300351687e-09,1.72566740447524e-08,1.53986978899418e-08,1.18080999919063e-08,2.34685275513012e-08,1.21224145367488e-08,2.11140966194562e-08,2.14696850654996e-08,1.91691906462151e-08,1.97138444470381e-08,1.00189616020758e-08,4.87784061329882e-09,1.7765658921963e-08,1.05200857735428e-08,1.82368387487557e-08,8.46396562859316e-09,4.1321803850301e-09,3.11043349147682e-09,8.75314427965946e-09,4.07336804632595e-09,8.24639457783209e-09,3.56673519504247e-09,2.75698920665572e-09,1.88158917533549e-09,3.49983580737154e-09,3.13294844114418e-09,3.80314602691905e-09,2.53556819415568e-09,1.74561748152298e-09,1.72878533014697e-09,2.89145183084484e-09,2.07734244577092e-09,3.35283911045458e-09,1.42945808925413e-09,1.39216032873783e-09,1.32846112302294e-09,1.67824461034312e-09,1.71168479492436e-09,1.95297671327526e-09,1.3354536703965e-09,1.14095877759515e-09,9.78376192678904e-10,1.5582940610681e-09,1.41729686733346e-09,1.84728239397573e-09,2.99526332053417e-09,6.79680780532911e-09,1.43859840224429e-08,6.42864571673232e-09,1.28962779860292e-08,1.16391149358316e-08,8.51752378196794e-09,1.68792840732662e-08,8.85790032149524e-09,1.54870337406174e-08,1.54075802860073e-08,1.39949082676776e-08,1.45722094188048e-08,7.34778496745915e-09,3.34035911552669e-09,1.31599415706139e-08,8.26907738481393e-09,1.44670002244505e-08,6.1455171694003e-09,2.95266502282837e-09,1.86901644490109e-09,7.01942613649247e-09,2.70926863596058e-09,6.07202298632487e-09,2.5818369087363e-09,1.75107750080442e-09,1.28614058815952e-09,2.35351373985552e-09,1.95101358983679e-09,2.55344609463683e-09,1.68350836338414e-09,1.1787881494259e-09,1.41781770040921e-09,1.9118130357472e-09,1.59241053647675e-09,2.4011041860167e-09,9.85106606192201e-10,1.18797852745128e-09,8.98947683863932e-10,1.2558253899743e-09,1.26724644581389e-09,1.39259698987346e-09,1.18611088637273e-09,7.73990707357013e-10,8.23374960530653e-10,1.1446031579057e-09,1.04248779764528e-09,1.54423574149878e-09
4.34724156147988e-09,5.43594007894149e-09,1.00146034414263e-08,5.03330713506388e-09,9.77859889280294e-09,8.70761056074373e-09,6.6050792467645e-09,1.21224145367488e-08,2.62238891645384e-08,1.19817997199812e-08,2.31192731852109e-08,2.20836710281917e-08,1.00238182219937e-08,2.07826244783957e-08,9.82131631029196e-09,1.82269893718089e-08,1.91519437818336e-08,1.6974807624489e-08,1.75884364165694e-08,8.25611378795227e-09,3.86629098619521e-09,1.60538564206758e-08,7.66409183677140e-09,1.47211328340232e-08,6.86317815436928e-09,3.18472442128526e-09,2.70776392869104e-09,6.36210882931028e-09,3.27397344380059e-09,6.18845346996031e-09,2.80857756407451e-09,2.451365129915e-09,2.07018881454232e-09,2.92804358409162e-09,2.90721877195121e-09,3.3724593088166e-09,2.05103568965439e-09,1.72260282673258e-09,1.62675152335939e-09,2.48376746103145e-09,2.18084900073131e-09,2.91495154777211e-09,1.62859752096339e-09,1.27861099652453e-09,1.12849422237162e-09,1.92736256685061e-09,1.43882194573716e-09,2.06654413972725e-09,2.84795677106194e-09,4.03741019412669e-09,7.03243469089475e-09,4.12691355581325e-09,7.33033890184175e-09,6.55329787942558e-09,4.89336301879223e-09,8.64826666364328e-09,1.76063464363839e-08,9.1004296130225e-09,1.60490735931582e-08,1.57386385150006e-08,7.142546599955e-09,1.40847875034909e-08,7.84308968030625e-09,1.27137125367025e-08,1.42266561900195e-08,1.30893718409715e-08,1.1789888786392e-08,6.55484642820065e-09,2.62155672647472e-09,1.21345989245352e-08,5.62951853401601e-09,1.04045875005809e-08,5.56117745877104e-09,2.28413583273531e-09,1.96918703895621e-09,4.78300451108529e-09,2.23876801670454e-09,4.72645361607378e-09,2.0264707014546e-09,1.78906231726508e-09,1.5408423865961e-09,2.03698015898483e-09,2.0231069599124e-09,2.43577811506889e-09,1.5261085765576e-09,1.31692989747854e-09,1.07436728491056e-09,1.69127177234719e-09,1.49932227881049e-09,1.90833059696941e-09,1.20356109522049e-09,7.74685875854004e-10,8.40698179371907e-10,1.26813023669776e-09,1.00366537068139e-09,1.6164354166411e-09
9.02360744354018e-09,1.93624501046191e-08,1.72594811884844e-08,1.49705468803076e-08,2.91206728555905e-08,2.3299651585472e-08,2.45574231671459e-08,2.11140966194562e-08,1.19817997199812e-08,3.64423444729042e-08,1.93504702716141e-08,3.37779391517996e-08,1.76965977127415e-08,9.91463495944748e-09,5.26688827244982e-09,1.59383575722352e-08,1.06121782283157e-08,1.6655947521781e-08,8.34188102874045e-09,4.47592240177771e-09,3.69680068538302e-09,8.78805528211866e-09,4.57441144520379e-09,8.38159141358653e-09,3.89056386600912e-09,3.25325153711428e-09,2.29677967891587e-09,3.91664580091906e-09,3.85013582089487e-09,4.35663520873814e-09,3.01406853530101e-09,2.17273058401656e-09,2.14142478212458e-09,3.59747752149886e-09,2.7497824305582e-09,4.30683578910897e-09,1.90100287181161e-09,1.87009228339403e-09,1.76199700740452e-09,2.43129527694081e-09,2.35910269553312e-09,2.7129674212776e-09,1.69193141250182e-09,1.56211134562167e-09,1.36818383827097e-09,2.05753770784668e-09,1.82954094468723e-09,2.32591882014503e-09,6.70281225887716e-09,1.32104574419236e-08,1.37764452057525e-08,1.08877129597884e-08,2.14098915283966e-08,1.77777898259193e-08,1.67008711369194e-08,1.65917928130674e-08,8.58680633414805e-09,2.63125751989983e-08,1.48347812717683e-08,2.44207010615748e-08,1.41347314212734e-08,7.18267263715450e-09,3.68666251462866e-09,1.25647559713061e-08,8.46904934243125e-09,1.40648160640424e-08,5.96026240951590e-09,3.43920372770077e-09,2.46726458997112e-09,7.05526667496075e-09,3.28519045804788e-09,6.20658245945394e-09,3.11262369921115e-09,2.19883760411856e-09,1.77665199243352e-09,2.89235618973482e-09,2.63102997038561e-09,3.33950247666532e-09,2.06340958087038e-09,1.61932555601641e-09,1.83775554237517e-09,2.55018811616044e-09,2.21307133397651e-09,3.20194009062438e-09,1.37773711787763e-09,1.60217442224709e-09,1.24882821271542e-09,1.88191769228787e-09,1.75926361322861e-09,1.9343645561132e-09,1.46721884296892e-09,1.13059991285912e-09,1.03582434455347e-09,1.58451706549653e-09,1.27850626605821e-09,1.80517334836587e-09
4.70980939560135e-09,1.00758152147696e-08,1.78787261388668e-08,8.7553963633528e-09,1.56784552010448e-08,1.34874888385001e-08,1.22876674981233e-08,2.14696850654996e-08,2.31192731852109e-08,1.93504702716141e-08,3.53218033518077e-08,3.17555826481462e-08,1.77693080545066e-08,1.82237799783686e-08,9.62822657749232e-09,2.81967406615301e-08,1.73275764664015e-08,2.69314962919674e-08,1.54137367260183e-08,8.11164796734457e-09,3.96079025503862e-09,1.44417202518459e-08,7.32095660288165e-09,1.28423961223272e-08,6.74326334753301e-09,3.24420546796384e-09,3.05110149031736e-09,6.08996510015425e-09,3.546519639903e-09,6.23147176452042e-09,2.9110726473635e-09,2.77348827212124e-09,2.36955041743995e-09,3.17173233987966e-09,3.2580980205607e-09,3.60836993470003e-09,2.37405992991062e-09,1.96122021561534e-09,1.79932038520645e-09,2.7981399913365e-09,2.46566573471338e-09,3.30203747303381e-09,1.89070164687167e-09,1.49713892088099e-09,1.22577770216538e-09,2.22689437543922e-09,1.68147436509868e-09,2.40529121368762e-09,3.34637466648317e-09,7.01896451616989e-09,1.27067143743173e-08,6.44452880570594e-09,1.17851020546458e-08,1.01721341447173e-08,8.83825831332385e-09,1.53714304562078e-08,1.593910964767e-08,1.44952491442223e-08,2.43043520941823e-08,2.20357297704282e-08,1.29199614013176e-08,1.28870924767489e-08,7.19846714585285e-09,1.97723759094188e-08,1.31889230205772e-08,2.01755175999026e-08,1.08799523288059e-08,6.26280736626364e-09,2.65102143230777e-09,1.13305939407707e-08,5.36876910767013e-09,9.62261295430334e-09,5.18320032581034e-09,2.31486262307814e-09,1.96217664427857e-09,4.49241752653029e-09,2.38278041648359e-09,4.58368564207326e-09,2.11962964617659e-09,1.79300225817908e-09,1.75824056666028e-09,2.14471433595887e-09,2.04478423597052e-09,2.66920443095903e-09,1.5935512779022e-09,1.50098306918071e-09,1.18634835609094e-09,1.70008254480184e-09,1.68363843569642e-09,2.08498125777568e-09,1.49405689259014e-09,9.40165716233434e-10,9.19783385852561e-10,1.43353424565939e-09,1.1518048567485e-09,1.81704036830178e-09
9.10620784790677e-09,1.93550720199734e-08,1.55459520324157e-08,1.4703005826009e-08,2.67026751846705e-08,2.06276330593628e-08,2.45144444363813e-08,1.91691906462151e-08,2.20836710281917e-08,3.37779391517996e-08,3.17555826481462e-08,4.97542477111352e-08,1.58458745485763e-08,1.75224620608954e-08,9.55206959372946e-09,2.53675815364334e-08,1.67746584066478e-08,2.42710859222924e-08,1.47779949150821e-08,7.96508026012859e-09,4.20775821804411e-09,1.38983229160237e-08,7.44998128243016e-09,1.25225505819793e-08,6.59192192977164e-09,3.48652315005943e-09,3.58046672998713e-09,6.15404563818315e-09,3.87008078949429e-09,6.40039713036569e-09,3.2191056547095e-09,3.31071226738797e-09,2.73889783951669e-09,3.61551671328989e-09,3.89725809517279e-09,4.24058876868453e-09,2.92260163706422e-09,2.37629133840899e-09,2.2057165185402e-09,3.44984942345231e-09,3.08449503963442e-09,3.99919541264408e-09,2.18685432131456e-09,1.88213377542926e-09,1.55082124288311e-09,2.65449177513157e-09,2.02443141100365e-09,2.80993337631017e-09,6.74650799078853e-09,1.30231740803693e-08,1.20948143645046e-08,1.04689864426007e-08,1.97418376888586e-08,1.56386031581693e-08,1.67042648731336e-08,1.50358869164662e-08,1.49769298554176e-08,2.49273077215324e-08,2.3194271596025e-08,3.47432768686056e-08,1.24626895245011e-08,1.22991289463317e-08,7.16463138360574e-09,1.87587224580818e-08,1.28878116922564e-08,1.92495665471121e-08,1.03094711209201e-08,6.32140113209123e-09,2.82993869992918e-09,1.09395726696387e-08,5.56294128352952e-09,9.29212276238773e-09,5.34132673915109e-09,2.4053516983132e-09,2.37189248915769e-09,4.68368270136768e-09,2.70574739402953e-09,5.02391538549654e-09,2.23166080558281e-09,2.17631998306507e-09,2.08464903139085e-09,2.56572778688042e-09,2.51389075870968e-09,3.1162412973115e-09,1.96123784787197e-09,1.79897028856876e-09,1.49644890978212e-09,2.17698636630423e-09,1.98148526717932e-09,2.53571115809513e-09,1.66707675230467e-09,1.27889677127537e-09,1.06484160839615e-09,1.69881449262746e-09,1.3946770789445e-09,1.98498029231597e-09
3.66104820200253e-09,8.20487371223844e-09,1.69521605733912e-08,7.32507879350297e-09,1.48200084568319e-08,1.31312899540089e-08,9.83581492375067e-09,1.97138444470381e-08,1.00238182219937e-08,1.76965977127415e-08,1.77693080545066e-08,1.58458745485763e-08,2.328822639122e-08,1.12540313112372e-08,5.6787384047311e-09,2.09224268178361e-08,1.19535370658276e-08,2.1449168644009e-08,9.38916611701371e-09,4.75647513939812e-09,3.56478023191119e-09,9.88884428094791e-09,4.66470740438678e-09,9.34102941974541e-09,4.12760945771114e-09,3.13901464493929e-09,2.0770867409249e-09,4.01713323865137e-09,3.55590343003011e-09,4.30905036480703e-09,2.8341653904451e-09,1.91669959345315e-09,1.91480776497823e-09,3.22796009470156e-09,2.26754095291732e-09,3.67303282871475e-09,1.55593541630569e-09,1.52954002349239e-09,1.38700056889425e-09,1.80038179209831e-09,1.86119840820707e-09,2.12566894353792e-09,1.36676068639888e-09,1.15695917629439e-09,1.10900880909023e-09,1.58640316904263e-09,1.52401612404942e-09,1.97877564351015e-09,2.69464805813665e-09,5.86047594609742e-09,1.24490489785662e-08,5.61540306708886e-09,1.11903145585472e-08,1.00929991676004e-08,7.19886810775796e-09,1.45722924704008e-08,7.35053873944327e-09,1.33466658222178e-08,1.31609183638937e-08,1.20358471547002e-08,1.6585051344711e-08,8.31894736746703e-09,3.96189772736434e-09,1.52034788531942e-08,9.28832749496398e-09,1.6283943574166e-08,6.98477533818369e-09,3.47123912807388e-09,2.35793141727962e-09,7.85389694502694e-09,3.23558408586142e-09,6.85794561393803e-09,3.05245294127873e-09,2.16558887904043e-09,1.40364915814345e-09,2.83080470400304e-09,2.42550215407005e-09,3.04012561597307e-09,2.00303517712965e-09,1.28082981823517e-09,1.5501764176616e-09,2.25922681147023e-09,1.69746969952220e-09,2.64410127504662e-09,1.06352327478259e-09,1.31621504537363e-09,9.03521013090331e-10,1.35778884715657e-09,1.40477728648043e-09,1.51612149806298e-09,1.19888787415462e-09,7.70204725322499e-10,8.72016830157606e-10,1.1968249714743e-09,1.05775902315295e-09,1.55386558521704e-09
3.64281425309737e-09,4.43042658819868e-09,8.40907978821586e-09,4.07977745391748e-09,8.20685327448987e-09,7.08257474854172e-09,5.31075797997754e-09,1.00189616020758e-08,2.07826244783957e-08,9.91463495944748e-09,1.82237799783686e-08,1.75224620608954e-08,1.12540313112372e-08,2.33949846051327e-08,1.11228641071951e-08,2.05700723874946e-08,2.15547955927641e-08,1.91462436056764e-08,1.96229235173879e-08,9.27259318673757e-09,4.27746494366943e-09,1.79416624921344e-08,8.64080305076986e-09,1.65980788423045e-08,7.74812857585460e-09,3.54329570487963e-09,3.01802590502891e-09,7.18617434138931e-09,3.64293111349094e-09,6.97827287577641e-09,3.1191747845639e-09,2.74361625294148e-09,2.29337297030314e-09,3.22293746087985e-09,3.2051678167604e-09,3.67638514074613e-09,2.30595024633444e-09,1.91095062213159e-09,1.72271131927339e-09,2.73769461964161e-09,2.37378483271255e-09,3.16938664283214e-09,1.64962824426399e-09,1.29647635244763e-09,1.21707703124324e-09,1.9174481127861e-09,1.53102309943516e-09,2.14897156155206e-09,2.46232737938547e-09,3.23662128165675e-09,5.83622421727816e-09,3.38946647433746e-09,6.19182329237065e-09,5.35578184608533e-09,3.86499958171727e-09,7.14004306160432e-09,1.40841644202897e-08,7.52064997714366e-09,1.27109877413806e-08,1.25071317738516e-08,7.74154594974588e-09,1.53847794236291e-08,8.67918596188286e-09,1.3939200537748e-08,1.55344405454721e-08,1.43695488404983e-08,1.29582601230191e-08,7.34435269366001e-09,3.13977585627619e-09,1.32843720457234e-08,6.44402280647094e-09,1.15085278223913e-08,6.26772520423562e-09,2.74325606363644e-09,2.13996878759902e-09,5.4423703328812e-09,2.75702105021936e-09,5.38810205051622e-09,2.39229936807807e-09,1.94499748920534e-09,1.73992293545659e-09,2.44009189018679e-09,2.18236361510497e-09,2.86701272436241e-09,1.67034907386385e-09,1.49506962486683e-09,1.17208625340806e-09,1.84646169788115e-09,1.67372012639556e-09,2.09077301407684e-09,1.28455188800443e-09,8.82332376172132e-10,9.41494116043827e-10,1.36240399206328e-09,1.18055873146394e-09,1.70402558994233e-09
2.64776615052964e-09,3.80524388728249e-09,4.19798567038348e-09,4.43980672792013e-09,4.44913779979452e-09,4.39404842179978e-09,4.55123963380328e-09,4.87784061329882e-09,9.82131631029196e-09,5.26688827244982e-09,9.62822657749232e-09,9.55206959372946e-09,5.6787384047311e-09,1.11228641071951e-08,2.6870422439728e-08,1.0960372297332e-08,2.30058086114577e-08,2.21217042691435e-08,9.27630973272673e-09,2.16751492863009e-08,9.8391500107727e-09,1.85258191598856e-08,1.76469654303853e-08,1.49877151637918e-08,1.84731199184532e-08,8.22269792011754e-09,3.79378096192129e-09,1.48860418582784e-08,7.72944288909368e-09,1.39038685460716e-08,6.97186607234468e-09,3.33672111128511e-09,3.84136747740648e-09,6.61919456940817e-09,3.85940190709241e-09,6.900315230541e-09,2.8051830304127e-09,3.20041970759213e-09,1.9202889507414e-09,3.13586328386956e-09,3.61094407667827e-09,3.51545241790276e-09,2.88355921350807e-09,1.62219319781523e-09,1.50337191927282e-09,3.14911014952875e-09,2.01540900127334e-09,3.54491257178014e-09,2.01086321306363e-09,2.41486037809655e-09,2.90746306990119e-09,3.15983792378884e-09,3.18060775554702e-09,3.19215742319673e-09,3.09089033600749e-09,3.37100219148283e-09,6.52777040992614e-09,3.92555640573895e-09,6.42309543095185e-09,6.84362946690497e-09,3.87990317344234e-09,7.08471721512568e-09,1.78794506059308e-08,7.24469538707241e-09,1.50647579960985e-08,1.43690609613087e-08,6.06827305022436e-09,1.52208838747721e-08,7.57130410940264e-09,1.29959586006904e-08,1.28021293222756e-08,1.08488837853741e-08,1.30065994340387e-08,6.65412397881478e-09,2.91363932137095e-09,1.08310523065569e-08,6.28866310029089e-09,9.9559400983687e-09,5.71511582244447e-09,2.59465228637896e-09,2.74545098112502e-09,5.45317178494821e-09,2.7417406646365e-09,5.55476201144815e-09,2.16910499649851e-09,2.35473634813302e-09,1.58898417628653e-09,2.16846419361559e-09,2.78442106876522e-09,2.55114683081225e-09,2.186051912352e-09,1.30813982292822e-09,1.06472477761861e-09,2.43820071090425e-09,1.5766608777334e-09,2.90492060505784e-09
3.92316959752243e-09,8.33214125982188e-09,1.50812149369415e-08,7.29084876699907e-09,1.32206548938432e-08,1.11997941459653e-08,9.95872694731707e-09,1.7765658921963e-08,1.82269893718089e-08,1.59383575722352e-08,2.81967406615301e-08,2.53675815364334e-08,2.09224268178361e-08,2.05700723874946e-08,1.0960372297332e-08,3.29003689380865e-08,1.95358441188605e-08,3.12958498721539e-08,1.72074738317921e-08,9.11748007045096e-09,4.45103414003415e-09,1.6133661915801e-08,8.34196110568266e-09,1.45707703711189e-08,7.62262580380023e-09,3.65521555510767e-09,3.34176389452504e-09,6.95758671175407e-09,3.93140936047405e-09,7.00847279686483e-09,3.25528877768102e-09,3.0445338779341e-09,2.57095711956021e-09,3.49821270115777e-09,3.54566985340200e-09,3.97697062337958e-09,2.62711674847434e-09,2.114961789495e-09,1.86560216968707e-09,3.01624280311175e-09,2.61817324863719e-09,3.51399815484951e-09,1.8631849857743e-09,1.47099839435889e-09,1.2748288393922e-09,2.17011177331429e-09,1.73131558241421e-09,2.44777472139965e-09,3.00513823224353e-09,5.79602182565625e-09,1.07790786530141e-08,5.5499450040589e-09,1.01012329984883e-08,8.67590618610935e-09,7.1568616886377e-09,1.29181351933435e-08,1.28884440802643e-08,1.21327238196798e-08,1.97709740650385e-08,1.80991029464468e-08,1.44625446946533e-08,1.43372148908559e-08,8.06489931407525e-09,2.23564495601664e-08,1.45754731776188e-08,2.25536455699176e-08,1.21365461102025e-08,7.00429493487271e-09,3.17639104005941e-09,1.24590149419524e-08,6.15576006910316e-09,1.07891173676795e-08,5.85413611281137e-09,2.77128458487735e-09,2.07449069829858e-09,5.18755886300842e-09,2.8708333114559e-09,5.28164273179382e-09,2.50548552601963e-09,1.87799824707151e-09,1.87108268891660e-09,2.54413876029539e-09,2.12546002571774e-09,3.04925064871578e-09,1.66597294953414e-09,1.61439430059588e-09,1.19412526438796e-09,1.77154324396782e-09,1.8389368362612e-09,2.23262385202063e-09,1.45255195551659e-09,9.30340813451598e-10,9.67456459897088e-10,1.47695620872165e-09,1.22468704100663e-09,1.81291795422223e-09
4.32128366819541e-09,5.01939685818471e-09,8.93137552713002e-09,4.84607318698127e-09,8.76356370996461e-09,7.69330187236491e-09,6.03462358634444e-09,1.05200857735428e-08,1.91519437818336e-08,1.06121782283157e-08,1.73275764664015e-08,1.67746584066478e-08,1.19535370658276e-08,2.15547955927641e-08,2.30058086114577e-08,1.95358441188605e-08,3.66249515526472e-08,3.33622811404421e-08,1.79450981689334e-08,1.85240720401134e-08,9.4096898309461e-09,2.97247554055022e-08,1.49336542186186e-08,2.46446519397601e-08,1.56197439017138e-08,7.78841883280732e-09,3.90692039046913e-09,1.24700598209611e-08,7.4041355250814e-09,1.14972938774005e-08,6.6310805856679e-09,3.45092401267082e-09,4.21386613457307e-09,6.33486672454001e-09,3.97307037365703e-09,6.66544123831699e-09,2.83167758797412e-09,3.47777583538861e-09,2.39683227929483e-09,3.25156818397134e-09,4.07112612146173e-09,3.90149117338012e-09,3.12479794888718e-09,1.9209748470315e-09,1.75887498332523e-09,3.48686440777255e-09,2.33818586366868e-09,3.88648808409912e-09,2.92295911450802e-09,3.59070294787202e-09,6.49663817973569e-09,3.87249128755568e-09,6.83493696566669e-09,6.16169623707378e-09,4.44957292396446e-09,7.863776360568e-09,1.27586432651408e-08,8.46531414837962e-09,1.21393773421798e-08,1.25365147320692e-08,8.66938673689659e-09,1.40307039946703e-08,1.63695599699698e-08,1.3603514694059e-08,2.47988005781246e-08,2.34873909999588e-08,1.17928768795767e-08,1.40556064796751e-08,7.19470468379767e-09,2.11127273306951e-08,1.15189109980679e-08,1.73294729951237e-08,1.20086109919479e-08,6.3604922843282e-09,2.89156973602109e-09,9.77589549736302e-09,5.77683504346722e-09,8.88430313831959e-09,5.39466954471287e-09,2.58568754706914e-09,3.08814930953016e-09,4.97835887126181e-09,2.85183708905815e-09,5.27727868350574e-09,2.14771668753731e-09,2.65080177009855e-09,1.83656170114886e-09,2.29607164345417e-09,3.00435968909086e-09,2.6628227277037e-09,2.41849076100271e-09,1.43683057373028e-09,1.25253406820732e-09,2.58199540272106e-09,1.82470361745263e-09,3.12333397600861e-09
4.46809276929826e-09,9.01664207342151e-09,1.55529073062304e-08,8.08391442415475e-09,1.37719609442216e-08,1.17778772226457e-08,1.07736631854085e-08,1.82368387487557e-08,1.6974807624489e-08,1.6655947521781e-08,2.69314962919674e-08,2.42710859222924e-08,2.1449168644009e-08,1.91462436056764e-08,2.21217042691435e-08,3.12958498721539e-08,3.33622811404421e-08,4.89791047822767e-08,1.58376541979295e-08,1.78278967489056e-08,9.12130242816875e-09,2.683730825214e-08,1.40830147116705e-08,2.17490484282286e-08,1.49224713861043e-08,7.42448186626758e-09,3.95770564621392e-09,1.16621463163329e-08,7.33099266740451e-09,1.10390218481378e-08,6.32469448044544e-09,3.47828289320017e-09,4.29774784889156e-09,6.26943184873999e-09,4.09226607641064e-09,6.68352674147876e-09,2.99034286949284e-09,3.55596787571898e-09,2.41699873476173e-09,3.43326182673862e-09,4.1628633201935e-09,4.15661926600566e-09,3.21260727257226e-09,1.99745032809506e-09,1.75302536615071e-09,3.62642170109013e-09,2.42105601730091e-09,4.05046612935786e-09,3.28693475694268e-09,6.0384081481553e-09,1.15404001184996e-08,5.93820211005475e-09,1.07627001321313e-08,9.45091206209542e-09,7.67797404360869e-09,1.36936204995766e-08,1.17407867234279e-08,1.30976831897652e-08,1.90249536991738e-08,1.7831224541802e-08,1.54662489854099e-08,1.32517728441957e-08,1.51094886071584e-08,2.19225241230213e-08,2.31250698265691e-08,3.35056194910184e-08,1.12254028894145e-08,1.32210435154033e-08,6.9427066410635e-09,1.97033432881982e-08,1.09592138208974e-08,1.63027383383205e-08,1.10171853748561e-08,6.11262168067322e-09,2.71159702210251e-09,9.13328764934476e-09,5.58755596763936e-09,8.55727353434128e-09,5.22376012286422e-09,2.42357614731629e-09,2.94688496646365e-09,4.78647565984077e-09,2.80445927298431e-09,5.17283852999929e-09,2.07926963649539e-09,2.5953353043042e-09,1.80200129039706e-09,2.31334101095655e-09,2.87367420136831e-09,2.75579319445576e-09,2.36569737936673e-09,1.46514528821464e-09,1.27788938879846e-09,2.45948875004315e-09,1.79196366243687e-09,2.93084518142559e-09
3.1846559954696e-09,3.83842826651715e-09,7.18933447899057e-09,3.57503481846457e-09,7.0141280825795e-09,6.10212805397147e-09,4.51403211440033e-09,8.46396562859316e-09,1.75884364165694e-08,8.34188102874045e-09,1.54137367260183e-08,1.47779949150821e-08,9.38916611701371e-09,1.96229235173879e-08,9.27630973272673e-09,1.72074738317921e-08,1.79450981689334e-08,1.58376541979295e-08,2.28837115107237e-08,1.04773255114609e-08,4.88102539538228e-09,2.0807533867091e-08,9.88113335362874e-09,1.95695513046292e-08,8.80213194866723e-09,4.02108091138559e-09,3.53158068322359e-09,8.27312077250994e-09,4.1760592497022e-09,8.05770230783546e-09,3.51304755170681e-09,3.21182522424132e-09,2.5733454895092e-09,3.64091232013635e-09,3.75426394063651e-09,4.20629639244845e-09,2.6556125061857e-09,2.15356497830593e-09,1.92214684120469e-09,3.13046588436487e-09,2.66592828795767e-09,3.64686754185994e-09,1.87010821302855e-09,1.50154224688892e-09,1.36297026220098e-09,2.18662570206278e-09,1.71270114992377e-09,2.4463634258577e-09,2.14749500617809e-09,2.74789960563776e-09,4.95167163573734e-09,2.89534785803097e-09,5.1483292588149e-09,4.64380535639973e-09,3.17214417236115e-09,5.9675036818236e-09,1.17889833954573e-08,6.20302947370704e-09,1.05141158127134e-08,1.02498503835439e-08,6.48154280556066e-09,1.29580014743843e-08,7.34479691159635e-09,1.1628035816736e-08,1.32848173302002e-08,1.21365760662005e-08,1.53772388140998e-08,8.24246904054704e-09,3.57536080785686e-09,1.54034405737988e-08,7.16147118456291e-09,1.34478748707123e-08,7.02027309424627e-09,3.14930886421598e-09,2.60507620907905e-09,6.08200763276444e-09,3.2255094337952e-09,6.08398618057975e-09,2.71515864151969e-09,2.35989068946753e-09,1.83796830954187e-09,2.82689642044331e-09,2.5208228714407e-09,3.40836726894105e-09,1.96102479537827e-09,1.56829925064463e-09,1.39644219142379e-09,2.0387231781288e-09,1.90857440989354e-09,2.50779018483423e-09,1.35829943092305e-09,1.10462675812213e-09,1.03567044093273e-09,1.54628619306544e-09,1.35344598678854e-09,1.82444487361143e-09
