2.39623538939585e-08,1.19550829564876e-08,5.45044739496862e-09,2.17934242630637e-08,1.13652592172596e-08,2.06385117932358e-08,9.7751655979911e-09,4.30197144232375e-09,3.4388570474471e-09,9.30162585852123e-09,4.82612983096987e-09,9.70439056982174e-09,3.60371463020844e-09,2.9047620070094e-09,2.68188828117661e-09,4.05540771929571e-09,3.72156508824476e-09,4.54255765110179e-09,2.46826605392566e-09,2.2721835673672e-09,1.8968774793713e-09,3.13394151494949e-09,2.65997265572821e-09,3.57437013447548e-09,2.01141220287672e-09,1.68697445430088e-09,1.30581058081646e-09,2.38732183951699e-09,1.78094308112686e-09,2.44018009403543e-09,1.5086096278626e-09,1.18622346471676e-09,1.04567375407863e-09,1.59395086078813e-09,1.35512128357189e-09,1.84561024338521e-09,1.06045412015043e-09,9.09219632868951e-10,1.05029113718819e-09,1.16305309332396e-09,1.21580215970227e-09,1.57610721285621e-09,9.39905279711907e-10,1.06287946481153e-09,8.72156628490944e-10,1.28798553623516e-09,1.20415608158861e-09,1.5580678359351e-09,1.63381359100977e-08,8.56614834522669e-09,4.0968711866917e-09,1.60589786641594e-08,8.20797891572563e-09,1.55479365686582e-08,6.85966165450576e-09,3.10268384718035e-09,2.13180703683313e-09,6.67682345219759e-09,3.7428626661379e-09,7.14897628862233e-09,2.70397880482247e-09,1.74033151165523e-09,1.89783239577711e-09,3.44334380217573e-09,2.57824124469712e-09,3.47601467148744e-09,1.49434782696979e-09,1.61970687610071e-09,1.26955203176798e-09,2.17806177436484e-09,1.86456216482421e-09,2.43811463289308e-09,1.36007443568352e-09,1.08674972574222e-09,8.99593577428804e-10,1.60207052748569e-09,1.29198049204369e-09,1.71692731887904e-09,9.59250217492376e-10,8.59259779332596e-10,6.31406610440963e-10,1.19895965747219e-09,9.39037305232451e-10,1.21829698967675e-09,8.11551582419999e-10,6.2483114552668e-10,6.16753713489398e-10,8.69705316346687e-10,8.20343329220345e-10,1.1445924733149e-09,6.29740761666903e-10,5.52475511858727e-10,8.20872534028908e-10,9.13339145972447e-10,9.32790385621133e-10,1.3589010635266e-09
1.19550829564876e-08,2.83396129132657e-08,1.26233112089834e-08,2.24408433668549e-08,2.46559590431254e-08,1.92722817363227e-08,2.33832466724399e-08,1.03827159318582e-08,5.30928926337232e-09,2.02941857201005e-08,1.02773909570313e-08,1.97544395027491e-08,8.70117826471936e-09,4.46169007454673e-09,4.08911314061302e-09,8.63980232420283e-09,5.35087827950568e-09,9.42830093938531e-09,3.6356269952653e-09,3.26934625612354e-09,2.1006051483115e-09,4.38870659225261e-09,3.53867843641756e-09,4.19217999556832e-09,2.85769169008366e-09,1.85177719604778e-09,1.53243555967932e-09,3.08889797257821e-09,2.26183244171489e-09,3.43761040840154e-09,1.66791880463408e-09,1.37467485224403e-09,1.21833367785973e-09,1.98977976250816e-09,1.65964321615342e-09,2.36104603049946e-09,1.28746285131312e-09,1.0718084734682e-09,1.30112519283327e-09,1.45416448802101e-09,1.51013943275835e-09,1.97397914185813e-09,1.04120235353945e-09,1.17698238448768e-09,9.79549975129912e-10,1.42900587303768e-09,1.39871680170464e-09,1.73424838054674e-09,8.23744505412403e-09,1.90126316111913e-08,9.26188553598776e-09,1.58561045954902e-08,1.67232364513665e-08,1.40749935788375e-08,1.5446592731943e-08,7.60092843384431e-09,3.72918249114637e-09,1.3725210838759e-08,8.31969247002675e-09,1.4265442023581e-08,6.34358633475658e-09,3.0174033884796e-09,2.15795730210455e-09,7.0334437159325e-09,3.98217857264706e-09,7.4506719317934e-09,2.42765682852213e-09,2.03921025299825e-09,1.42477411787541e-09,3.43109917389667e-09,2.27234100094054e-09,3.31985173010674e-09,1.71413083598133e-09,1.19330437351923e-09,1.03775292745826e-09,1.86659289229962e-09,1.56297497985835e-09,2.09456073086849e-09,1.05362391153511e-09,1.00581366060942e-09,8.92873012238656e-10,1.39656877920528e-09,1.10319611455765e-09,1.52688416390604e-09,8.43122507346123e-10,7.79664156155314e-10,7.98013879958354e-10,8.35010121484421e-10,9.75057839263301e-10,1.22415416667894e-09,7.66683211641597e-10,6.61344289495653e-10,7.72624124794803e-10,9.17753646008151e-10,1.08253790606154e-09,1.49254203096981e-09
5.45044739496862e-09,1.26233112089834e-08,2.68013765359807e-08,1.12463481744799e-08,2.29110905518718e-08,2.0549436795855e-08,1.03859445315613e-08,2.1393554893371e-08,1.17039200281175e-08,1.86824452371821e-08,2.00960573021273e-08,1.75544730734172e-08,1.82503734392469e-08,9.9025178593597e-09,4.62024326497197e-09,1.7102378754579e-08,1.01648062213353e-08,1.70556690467541e-08,7.8853063501672e-09,3.73585009646279e-09,2.72486586250303e-09,8.06472271707527e-09,3.70047419738224e-09,7.48408886838711e-09,3.17506178105695e-09,2.37014209600633e-09,1.50798419384837e-09,3.14150494246436e-09,2.54823217832001e-09,3.22068826822299e-09,2.06327853100276e-09,1.35652169547098e-09,1.44840591786185e-09,2.23005516565812e-09,1.85217714785148e-09,2.93473227165542e-09,1.31817163772998e-09,1.33401393018901e-09,1.46186162701927e-09,1.69848174309577e-09,1.68171686385651e-09,2.1646091005251e-09,1.31034654231511e-09,1.40719831492951e-09,1.24514806679768e-09,1.64494878835903e-09,1.64207280256836e-09,1.95943081479374e-09,3.81001929104279e-09,8.92827998792286e-09,1.86064387118573e-08,8.92546251628347e-09,1.50574003063244e-08,1.44945833658566e-08,7.14548059038925e-09,1.40801005570571e-08,7.59756813127016e-09,1.217348708292e-08,1.40934288008132e-08,1.22227566588424e-08,1.22159623447692e-08,6.42181840063899e-09,2.50116315395395e-09,1.22085450972592e-08,6.9843833818129e-09,1.25977271128509e-08,5.25001263690611e-09,2.24054771670483e-09,1.36352793499847e-09,5.79116624900898e-09,2.23944192468791e-09,5.49253928821553e-09,1.9317018048619e-09,1.1391799099359e-09,7.12291513194824e-10,1.85261786673398e-09,1.28916100314155e-09,1.93121446340435e-09,1.05601769133284e-09,7.23967201620091e-10,8.40860676474496e-10,1.22336351243607e-09,9.84214851338441e-10,1.7029304050765e-09,6.65706385768352e-10,8.11204057860472e-10,1.03046244909815e-09,8.64757358627037e-10,9.73384890385115e-10,1.16720854207958e-09,7.47435716682609e-10,8.59074340402374e-10,9.49765271021695e-10,9.11072455517314e-10,1.30932255785397e-09,1.50129084171301e-09
2.17934242630637e-08,2.24408433668549e-08,1.12463481744799e-08,3.43792896963842e-08,1.92238429647027e-08,2.99193805324862e-08,1.83067054714618e-08,9.05397265961782e-09,4.98093344220236e-09,1.558158192452e-08,9.10182288918845e-09,1.52788734992627e-08,7.67900034357621e-09,4.29557007424117e-09,4.58401254174095e-09,7.70336366601547e-09,5.32655869232265e-09,8.61078433424259e-09,3.47825061914711e-09,3.72050535675419e-09,2.69288427012995e-09,4.34236745214648e-09,4.3194428403097e-09,4.46997587608861e-09,3.31077252261221e-09,2.44484563736341e-09,1.8291496915303e-09,3.88301801152525e-09,2.67914621173027e-09,4.03828987930592e-09,2.22803233709175e-09,1.67228824660792e-09,1.46539049901768e-09,2.40222835165302e-09,1.94275323028452e-09,2.75104847483414e-09,1.60873975297741e-09,1.35403058697977e-09,1.33767369435206e-09,1.7752115995094e-09,1.64532864599891e-09,2.24218167169958e-09,1.34891774358087e-09,1.3223804953969e-09,1.13820431292718e-09,1.67962876607035e-09,1.50976389870321e-09,2.10344158175992e-09,1.4335492786482e-08,1.57008766088714e-08,8.15192909184844e-09,2.44128507257354e-08,1.38860282904892e-08,2.20743337625738e-08,1.27584994098588e-08,6.50783500278029e-09,3.4142990496709e-09,1.13889174462206e-08,7.01268066146957e-09,1.17331725494997e-08,5.55372130608318e-09,2.89768826288438e-09,2.68421411597219e-09,6.06076124219787e-09,4.04185354983871e-09,6.53664876957797e-09,2.35666193622236e-09,2.37242781453809e-09,1.81713662493066e-09,3.47729775172047e-09,2.63891142605771e-09,3.37953430886173e-09,2.06007628702206e-09,1.57862394804193e-09,1.17968589370332e-09,2.31059866599486e-09,1.83604297950333e-09,2.36623230696631e-09,1.42569234776243e-09,1.19776812839216e-09,8.85622812625974e-10,1.71269695557919e-09,1.21905945184972e-09,1.7146300616467e-09,1.04309893414265e-09,8.68679685279236e-10,7.30039548938446e-10,1.11798984840006e-09,1.02346411467801e-09,1.5245939993279e-09,8.40702379290475e-10,6.65820824825374e-10,8.25883554255471e-10,1.08480805041904e-09,1.04719960980683e-09,1.55362948937633e-09
1.13652592172596e-08,2.46559590431254e-08,2.29110905518718e-08,1.92238429647027e-08,3.72003422877994e-08,3.00133279483283e-08,2.02956174419775e-08,1.86797107325347e-08,1.11149307927385e-08,3.06924912944006e-08,1.74394873693849e-08,2.85241277979226e-08,1.58209080819567e-08,9.32826097317418e-09,5.02644577836854e-09,1.47661876513739e-08,9.99106942445329e-09,1.51222402706318e-08,7.45071506336687e-09,4.07716119794401e-09,3.23473344233141e-09,8.07229143394921e-09,3.9849551566625e-09,7.38945692839695e-09,3.50561131194778e-09,2.84926475861042e-09,1.95146132994619e-09,3.40668474094004e-09,3.25672713099105e-09,3.70467816088091e-09,2.55161940108732e-09,1.75041398027206e-09,1.58820940060912e-09,2.87633226847688e-09,2.1869076298869e-09,3.50985468919349e-09,1.62672162770932e-09,1.45365457423177e-09,1.63424732308388e-09,1.93076657111498e-09,1.90679704472769e-09,2.47112261839081e-09,1.4195881320584e-09,1.56490045325905e-09,1.30926498222252e-09,1.89606424964376e-09,1.8075702947156e-09,2.20313130691179e-09,8.02624249321827e-09,1.69942025342936e-08,1.64800784416107e-08,1.44953026538082e-08,2.47756838705223e-08,2.15210751523317e-08,1.35893627456045e-08,1.30319141509038e-08,7.33512830703817e-09,2.03379273436767e-08,1.27544693398789e-08,1.97890282131406e-08,1.12044052373936e-08,6.07380647493999e-09,3.0757891880925e-09,1.10001780797243e-08,7.19172382186471e-09,1.15930393728658e-08,4.91646248890648e-09,2.74805393893344e-09,1.95732924393185e-09,6.08413855500381e-09,2.75650996009994e-09,5.67307737155252e-09,2.36607802262837e-09,1.64097804262145e-09,1.14557588141027e-09,2.2532375103753e-09,2.0771943849555e-09,2.45972151085173e-09,1.54976149757947e-09,1.14012250377166e-09,1.05424538499145e-09,2.01344646375761e-09,1.34115002724966e-09,2.32712666338782e-09,9.52073712895692e-10,9.82456835316626e-10,1.13523867577784e-09,1.06558706479058e-09,1.1340322157181e-09,1.35724315704199e-09,8.88760894002869e-10,9.18095135113931e-10,9.39047700110064e-10,1.01900726813124e-09,1.46410741279053e-09,1.70984755761644e-09
2.06385117932358e-08,1.92722817363227e-08,2.0549436795855e-08,2.99193805324862e-08,3.00133279483283e-08,4.25891845884979e-08,1.56355147559708e-08,1.65823980632343e-08,9.90538458274773e-09,2.45125762254962e-08,1.5120356157193e-08,2.23943358626305e-08,1.42044327946036e-08,8.45285591442371e-09,4.8350810147319e-09,1.2872865181807e-08,9.1447964275935e-09,1.32656699011493e-08,6.74872595347179e-09,4.01635334514419e-09,3.83479430996206e-09,7.39463211877204e-09,4.18106205842192e-09,6.99551446953116e-09,3.49689858266199e-09,3.42934580808806e-09,2.15821464263062e-09,3.67402374187226e-09,3.71511052990765e-09,3.79093818600494e-09,3.09003160383874e-09,1.98964982125113e-09,1.77335418776992e-09,3.32736477186244e-09,2.38634593758769e-09,3.91215409048805e-09,1.93086862147444e-09,1.71734339333968e-09,1.67806588224226e-09,2.25801786574593e-09,2.03899184625344e-09,2.74826943611497e-09,1.70788012419039e-09,1.72950216776421e-09,1.47398167326571e-09,2.14578479242809e-09,1.95317989053042e-09,2.591377774123e-09,1.40365753681631e-08,1.39894167335058e-08,1.46638378301319e-08,2.26107237513968e-08,2.09894396336333e-08,3.08721093212843e-08,1.11585197124902e-08,1.15311278243591e-08,6.48281918578004e-09,1.72867414702807e-08,1.08340116652506e-08,1.63659700175252e-08,1.00862625274299e-08,5.53501535956192e-09,3.13714648284398e-09,9.60506686279313e-09,6.60011321392663e-09,1.00329250445541e-08,4.5025850774524e-09,2.77484792151902e-09,2.23530030089624e-09,5.61982201725447e-09,2.79576767632602e-09,5.18742901857864e-09,2.43112401183569e-09,1.95368123988803e-09,1.12175120861844e-09,2.37672793436826e-09,2.2287798840377e-09,2.50611141907266e-09,1.85370663194458e-09,1.16134166331921e-09,9.98191832470782e-10,2.24726449385987e-09,1.39279327121586e-09,2.59979901025055e-09,1.02476361685828e-09,1.06475087634752e-09,9.98731529154954e-10,1.34030228562379e-09,1.15775287458321e-09,1.55590565336709e-09,9.80853889255725e-10,9.03457611290332e-10,1.09732500976176e-09,1.17980166729688e-09,1.5358048472359e-09,1.9501033424825e-09
9.7751655979911e-09,2.33832466724399e-08,1.03859445315613e-08,1.83067054714618e-08,2.02956174419775e-08,1.56355147559708e-08,2.88342979643314e-08,1.2698118088548e-08,6.53616034856007e-09,2.60055994004048e-08,1.27613501810334e-08,2.56728061238757e-08,1.06685417889552e-08,5.50268842588614e-09,4.77693231165423e-09,1.0810670982865e-08,6.35425792871568e-09,1.16067220504602e-08,4.5203729846342e-09,3.81986232603131e-09,2.72357788299853e-09,5.19508624882706e-09,4.30889010242462e-09,5.12971139188428e-09,3.35826301741623e-09,2.38520021926022e-09,1.86949182281984e-09,3.75528557501651e-09,2.72517899882166e-09,4.07290591942924e-09,2.17121633228962e-09,1.69295814983309e-09,1.57448683243006e-09,2.41537382787298e-09,2.12531352387049e-09,2.91577535780685e-09,1.43219085211346e-09,1.26971979920238e-09,1.424615500716e-09,1.73650772874281e-09,1.72198220932354e-09,2.21353551647281e-09,1.08190849125713e-09,1.20850076149892e-09,9.50457222407584e-10,1.41231303504087e-09,1.47766636530343e-09,1.73878441893679e-09,6.8625761261469e-09,1.5447700746048e-08,7.60520079398113e-09,1.29826115488144e-08,1.372730874427e-08,1.17045768973518e-08,1.90580686335158e-08,9.41422815381638e-09,4.6587483483498e-09,1.75860241419847e-08,1.0080093429862e-08,1.81422660936677e-08,8.04714767701687e-09,3.74833335766462e-09,2.59047725323002e-09,8.68616178527336e-09,4.71199504639613e-09,9.43884264658472e-09,3.11347374191003e-09,2.38526571900762e-09,1.842275942325e-09,4.03859310141058e-09,2.68960382069585e-09,3.96533188405913e-09,2.05847781756758e-09,1.52775981493558e-09,1.24730961892016e-09,2.34215005760237e-09,1.96871457604213e-09,2.56167632578213e-09,1.35595777108304e-09,1.21000144601605e-09,1.11190078332042e-09,1.72839568108908e-09,1.36122982974365e-09,1.95853729537632e-09,1.00984575848699e-09,8.92264559774552e-10,8.3919266812252e-10,9.89359810967431e-10,1.07521357878545e-09,1.42174136397002e-09,8.1487314114758e-10,7.10373793485893e-10,7.02479326064925e-10,9.23181308591911e-10,1.12831451031729e-09,1.44056361292e-09
4.30197144232375e-09,1.03827159318582e-08,2.1393554893371e-08,9.05397265961782e-09,1.86797107325347e-08,1.65823980632343e-08,1.2698118088548e-08,2.55557936641475e-08,1.36702776898396e-08,2.29709724004036e-08,2.38203643552357e-08,2.14667676590608e-08,2.15880978097465e-08,1.15412693253959e-08,5.278909691738e-09,2.02187864806297e-08,1.15464676601892e-08,1.98932476583785e-08,9.33192072633251e-09,4.30994765112247e-09,3.25431313197049e-09,9.30346660607216e-09,4.42557400060805e-09,8.84652297593059e-09,3.65096008418358e-09,2.85069137360054e-09,1.87594886569202e-09,3.75406641622412e-09,3.05774330920732e-09,3.83218007901367e-09,2.51319420424912e-09,1.69928165576009e-09,1.79122311288486e-09,2.69778948373783e-09,2.34139364128941e-09,3.51692964085637e-09,1.41993528455943e-09,1.4270167912064e-09,1.59230970497727e-09,1.86928965272906e-09,1.78315466169044e-09,2.30129891887519e-09,1.33037864741442e-09,1.47825255203700e-09,1.16681341335128e-09,1.60490888288233e-09,1.69271116653727e-09,1.86143469447681e-09,3.09416446016757e-09,7.14410397793761e-09,1.40820238759755e-08,7.08799874875406e-09,1.21730295708429e-08,1.16637048875739e-08,9.08141081768875e-09,1.67363771135628e-08,9.14170725188198e-09,1.54025499297201e-08,1.66435486476283e-08,1.54075587446929e-08,1.441388519202e-08,7.7392668413545e-09,2.88649689238034e-09,1.44369515218826e-08,7.98167213072686e-09,1.48011809600774e-08,6.42465955316144e-09,2.55290483651595e-09,1.66468806652007e-09,6.70242568630499e-09,2.7499974367376e-09,6.57725087497277e-09,2.22066302671919e-09,1.43057201421608e-09,9.88602557098301e-10,2.32405058109092e-09,1.78914851766398e-09,2.50531197824724e-09,1.30951962039585e-09,9.80764661553363e-10,1.23523086524239e-09,1.64918904736997e-09,1.43272350761306e-09,2.21675398472536e-09,9.05439492728217e-10,9.48087645609383e-10,1.09733702385308e-09,1.06556478790533e-09,1.04983838155453e-09,1.32516774349507e-09,8.42783189678595e-10,9.37820871496545e-10,8.25305168959392e-10,8.53643443996832e-10,1.30370188745388e-09,1.40431685942691e-09
3.4388570474471e-09,5.30928926337232e-09,1.17039200281175e-08,4.98093344220236e-09,1.11149307927385e-08,9.90538458274773e-09,6.53616034856007e-09,1.36702776898396e-08,2.93661823471357e-08,1.33692795970489e-08,2.61692576959444e-08,2.52000659868561e-08,1.15470562676281e-08,2.36926740166365e-08,1.16615044307738e-08,2.12665035529497e-08,2.16487082891883e-08,1.94686218517522e-08,1.94749549391547e-08,9.29853584547139e-09,3.97133314650264e-09,1.74451122702541e-08,8.52203198810366e-09,1.59394617612102e-08,7.66438515505862e-09,3.13598918644080e-09,2.7742342943883e-09,6.88739738926399e-09,3.22327703668034e-09,6.83104545111099e-09,2.71668377381733e-09,2.56629016395557e-09,2.16433245534977e-09,2.80274305351459e-09,3.37713295892242e-09,3.4671047478667e-09,2.13654469280722e-09,1.76389465956004e-09,1.5219754156466e-09,2.76046987850288e-09,2.05190245966769e-09,3.15804201091051e-09,1.74274793912987e-09,1.45627170965418e-09,1.23892227401727e-09,2.02745542891795e-09,1.67747845389747e-09,2.32181381491731e-09,2.25985768223694e-09,3.61275814979187e-09,8.13695588271765e-09,3.7638694669958e-09,7.78271791690007e-09,7.37673196382963e-09,4.61692119727157e-09,9.58766193295463e-09,1.79205225623587e-08,9.60142479144324e-09,1.70046409148196e-08,1.65187548632025e-08,8.12959059979291e-09,1.4553706368865e-08,7.66073849587904e-09,1.39756854421157e-08,1.40805284031386e-08,1.34683692706684e-08,1.18299223191228e-08,6.3362874712458e-09,2.70308840441294e-09,1.16030458307865e-08,6.011515659051e-09,1.07932617447621e-08,5.30861862592784e-09,2.16130085088664e-09,1.3647376802761e-09,4.83041719844892e-09,2.18114605400765e-09,4.73391537486527e-09,1.92101588641426e-09,1.29165761447477e-09,1.2058038167322e-09,1.98706474690351e-09,1.46670127291868e-09,2.20377915563126e-09,1.18914421599543e-09,9.99360127858132e-10,1.0362397109397e-09,1.22482216278325e-09,1.20872641847442e-09,1.64454987902239e-09,9.78955619695727e-10,8.14100691123863e-10,8.57683572784399e-10,1.04311521968189e-09,1.36210849773788e-09,1.84705181044147e-09
9.30162585852123e-09,2.02941857201005e-08,1.86824452371821e-08,1.558158192452e-08,3.06924912944006e-08,2.45125762254962e-08,2.60055994004048e-08,2.29709724004036e-08,1.33692795970489e-08,3.96131296386377e-08,2.1491985790778e-08,3.71719757125348e-08,1.94366677897631e-08,1.13049194393378e-08,6.0193513031123e-09,1.83168311968983e-08,1.16984408476603e-08,1.85025784070301e-08,9.2162126242985e-09,4.86068925423517e-09,4.16019594684697e-09,9.55162433951839e-09,5.0409224683535e-09,9.01048313475124e-09,4.19432919561005e-09,3.64897470422145e-09,2.40301473418064e-09,4.31099228507871e-09,3.94043861426282e-09,4.51287832329976e-09,3.30471062108422e-09,2.17092431467968e-09,2.06226544648798e-09,3.4874262666276e-09,2.83670221080055e-09,4.29089876480737e-09,1.85297207554715e-09,1.68965347409088e-09,1.85689661802688e-09,2.29685260087979e-09,2.16712273524187e-09,2.78003536391927e-09,1.51688544959543e-09,1.68107389884326e-09,1.22563054355927e-09,1.90475782242682e-09,1.94610161984326e-09,2.21942709443917e-09,6.66458904325799e-09,1.35896907340991e-08,1.30363855774505e-08,1.1655028422068e-08,2.03395013084871e-08,1.76877910187346e-08,1.7493267072161e-08,1.59966061783584e-08,8.90042869775967e-09,2.61648064372421e-08,1.56640200748762e-08,2.56473985238926e-08,1.38503013222432e-08,7.40058569792136e-09,3.73725013612661e-09,1.36759964338541e-08,8.44631950533655e-09,1.46910340698325e-08,6.17355498821278e-09,3.21220400087731e-09,2.53509881306264e-09,7.15675341660482e-09,3.32003354365051e-09,6.84579358462354e-09,2.82284517833825e-09,2.1098457362385e-09,1.41524847828924e-09,2.84781702871725e-09,2.73586847501562e-09,3.07433392670968e-09,1.95071745045891e-09,1.41542204954942e-09,1.50806355403061e-09,2.53777904034937e-09,1.79880476145704e-09,2.99019153619458e-09,1.25170252044735e-09,1.21574252635852e-09,1.20430110081355e-09,1.31502104258844e-09,1.33595765099068e-09,1.64940889962008e-09,1.05730030969684e-09,1.02696106219973e-09,9.05407709513476e-10,1.09963685096954e-09,1.53081228585537e-09,1.79005927549828e-09
4.82612983096987e-09,1.02773909570313e-08,2.00960573021273e-08,9.10182288918845e-09,1.74394873693849e-08,1.5120356157193e-08,1.27613501810334e-08,2.38203643552357e-08,2.61692576959444e-08,2.1491985790778e-08,3.91698693997933e-08,3.5333403953961e-08,2.02222595485091e-08,2.12623028997634e-08,1.08419785533793e-08,3.24439213333302e-08,1.94974459315907e-08,2.98365903167627e-08,1.71642147874616e-08,8.54202243257722e-09,3.89717473183497e-09,1.53929175312626e-08,7.85749860635464e-09,1.39697774558255e-08,7.07168558341691e-09,3.14635942325994e-09,3.12744549576976e-09,6.42457108430141e-09,3.3384267868817e-09,6.35518197791805e-09,2.75308495729663e-09,2.90435213709466e-09,2.4877954639733e-09,2.94954446284644e-09,3.82095626388875e-09,3.77612469501076e-09,2.37733147345657e-09,1.97816847556949e-09,1.87873360257792e-09,3.0527519147561e-09,2.34240987467488e-09,3.47737657674875e-09,1.87507909276771e-09,1.7342985570693e-09,1.4100103072723e-09,2.18391047675774e-09,2.03103502008957e-09,2.54030716072888e-09,3.62450732924502e-09,7.22511811113015e-09,1.38188839214628e-08,7.2825598537435e-09,1.18467507447764e-08,1.11295098922188e-08,9.35733177783342e-09,1.63255790131374e-08,1.61662570432098e-08,1.51745466263525e-08,2.62521636473711e-08,2.43856430694897e-08,1.38792293452544e-08,1.34177099247115e-08,6.55756792496145e-09,2.21247206080242e-08,1.3119281705089e-08,2.10740976236468e-08,1.09059296891227e-08,5.5497211785976e-09,2.59351659087945e-09,1.08874344445279e-08,5.36756843782669e-09,1.01086290660133e-08,4.70387007159096e-09,2.0778723863954e-09,1.36516385786548e-09,4.35472740025340e-09,2.10757639219195e-09,4.12162822847052e-09,1.84814032410911e-09,1.32533928265588e-09,1.6807827072589e-09,1.90034280440494e-09,1.91167090906003e-09,2.53072023254932e-09,1.25881189350359e-09,1.26428268279002e-09,1.32188905999074e-09,1.43975026487948e-09,1.51425305669905e-09,1.8723319017512e-09,1.15175957460495e-09,1.05801231056009e-09,9.03482401587293e-10,1.23223616585557e-09,1.54921890435525e-09,1.93360406421655e-09
9.70439056982174e-09,1.97544395027491e-08,1.75544730734172e-08,1.52788734992627e-08,2.85241277979226e-08,2.23943358626305e-08,2.56728061238757e-08,2.14667676590608e-08,2.52000659868561e-08,3.71719757125348e-08,3.5333403953961e-08,5.46603993917661e-08,1.82301559961388e-08,2.0435285471183e-08,1.13059036457791e-08,2.93237379327416e-08,1.90561252026914e-08,2.73931351194946e-08,1.64811478050016e-08,8.7865189152705e-09,4.48001434234361e-09,1.50512464330785e-08,8.18488664424457e-09,1.36903383597205e-08,7.34874735867598e-09,3.68204150236183e-09,3.73288929673528e-09,6.71856459752025e-09,3.87795713140984e-09,6.72939700258872e-09,3.2774577899772e-09,3.45484823375201e-09,2.82447531021972e-09,3.42557871472636e-09,4.41372792105314e-09,4.34719158020047e-09,2.886732803221e-09,2.25328680841678e-09,2.12307506843239e-09,3.52705815895389e-09,2.73909618998826e-09,4.04107485104049e-09,2.06219473552672e-09,1.93777972999786e-09,1.42943712360801e-09,2.44641631792085e-09,2.28186513552383e-09,2.89728021319268e-09,7.22152154631905e-09,1.33765957545514e-08,1.25291595896732e-08,1.16583424497276e-08,1.92584133018259e-08,1.66233210242895e-08,1.75030931004566e-08,1.53866701280848e-08,1.5642142904292e-08,2.50910997740863e-08,2.45538693169624e-08,3.64538699392144e-08,1.31066632849737e-08,1.26736898449707e-08,7.15110806794507e-09,2.07198668433934e-08,1.31438605655962e-08,2.04584728749681e-08,1.02691701155038e-08,5.93523109800822e-09,3.1087517733903e-09,1.08989596309981e-08,5.82659630143398e-09,1.01195119667585e-08,5.00513615780801e-09,2.48725641070611e-09,1.85301269326525e-09,4.76186634789325e-09,2.62690384009684e-09,4.51430735622007e-09,2.21720617985137e-09,1.81880161161126e-09,1.91294570248367e-09,2.43953879938902e-09,2.31008609120361e-09,3.0822675731129e-09,1.6791614188869e-09,1.48074294662813e-09,1.33028619602751e-09,1.7110460533409e-09,1.75610116975547e-09,2.17361752036696e-09,1.30458689711198e-09,1.11123647671083e-09,9.70178912262246e-10,1.43949257269306e-09,1.71425190554355e-09,2.36296200022672e-09
3.60371463020844e-09,8.70117826471936e-09,1.82503734392469e-08,7.67900034357621e-09,1.58209080819567e-08,1.42044327946036e-08,1.06685417889552e-08,2.15880978097465e-08,1.15470562676281e-08,1.94366677897631e-08,2.02222595485091e-08,1.82301559961388e-08,2.56685875751002e-08,1.29535702063727e-08,6.02340497011709e-09,2.37529174852018e-08,1.28785154817802e-08,2.32057813518862e-08,1.04556477171465e-08,4.85397746154476e-09,3.73333608461705e-09,1.0342008908439e-08,4.98837698403568e-09,9.8676560685836e-09,4.11512964822467e-09,3.19436019316366e-09,2.22211275260231e-09,4.22904761879595e-09,3.59263928829233e-09,4.34178189107528e-09,2.82455969035348e-09,2.02205903424296e-09,2.09946446410866e-09,3.18056687175148e-09,2.71523425296646e-09,4.09949762895017e-09,1.68447363180447e-09,1.68382223038734e-09,1.76269179306756e-09,2.14348593335495e-09,2.07194194018993e-09,2.56967934416606e-09,1.47994370830977e-09,1.57266192852286e-09,1.28136429676577e-09,1.76675012624239e-09,1.90174524722955e-09,2.12305296947366e-09,2.66337711228594e-09,6.05371617848792e-09,1.2219448597438e-08,5.98832033534935e-09,1.05522584785617e-08,1.0033390763999e-08,7.84349173421708e-09,1.44139003279883e-08,7.74339425952822e-09,1.34420564564048e-08,1.4437075194245e-08,1.35531856040069e-08,1.7025528830785e-08,8.47821426949403e-09,3.25101695620401e-09,1.65507428537487e-08,8.59455426337315e-09,1.68269217890456e-08,7.07471623701242e-09,2.77605788227856e-09,1.98058541456017e-09,7.21206779428272e-09,3.15268764665584e-09,7.41084172048641e-09,2.53618533734243e-09,1.59676706699722e-09,1.20302212663525e-09,2.68619941571458e-09,2.01148572864852e-09,2.86112815657875e-09,1.46194751299572e-09,1.17645492751708e-09,1.39727001408625e-09,1.83107858364809e-09,1.69878747308226e-09,2.43247200948482e-09,1.07118147453518e-09,1.11077872298196e-09,1.25005718389492e-09,1.3302302990902e-09,1.21486952413647e-09,1.56032692550773e-09,9.24994277976389e-10,1.07929591918537e-09,9.47853110528813e-10,9.93135590942455e-10,1.53863949409743e-09,1.55714680625966e-09
2.9047620070094e-09,4.46169007454673e-09,9.9025178593597e-09,4.29557007424117e-09,9.32826097317418e-09,8.45285591442371e-09,5.50268842588614e-09,1.15412693253959e-08,2.36926740166365e-08,1.13049194393378e-08,2.12623028997634e-08,2.0435285471183e-08,1.29535702063727e-08,2.6552342533612e-08,1.30908932347405e-08,2.40190334400694e-08,2.40058167951535e-08,2.16725544784843e-08,2.1810673017542e-08,1.04515614724519e-08,4.4265284980011e-09,1.93877485009205e-08,9.61276348709098e-09,1.77573745974078e-08,8.52483724034539e-09,3.44330571858126e-09,3.29822898841795e-09,7.71315149993589e-09,3.6678385097742e-09,7.74615982821456e-09,2.99149042010214e-09,3.06736463657508e-09,2.39601914581936e-09,3.2155060686604e-09,3.85325113312116e-09,3.85531668508443e-09,2.56041363745227e-09,1.96563515898683e-09,1.66556012786463e-09,3.16900581514503e-09,2.23840173897111e-09,3.46758201095078e-09,1.81289612602586e-09,1.51951734053805e-09,1.30412887863108e-09,2.042319370071e-09,1.75005946187026e-09,2.38904272031481e-09,1.98497837904487e-09,3.12017567276922e-09,7.02006423738504e-09,3.23579120706211e-09,6.77625864295029e-09,6.34753573680556e-09,4.03221161982227e-09,8.12696169545511e-09,1.45542342414086e-08,8.3545256391398e-09,1.39713207740245e-08,1.36453724479613e-08,8.67989991277702e-09,1.59924659651834e-08,8.5371163577215e-09,1.51312246306524e-08,1.53984749792252e-08,1.44854301230256e-08,1.30873853826791e-08,7.09972723541776e-09,3.11977835807517e-09,1.27538728035914e-08,6.92619348800727e-09,1.21282180006081e-08,5.96832138362209e-09,2.39920252269839e-09,1.7358382884868e-09,5.48697869537898e-09,2.49584370399735e-09,5.40663036742233e-09,2.13598070267239e-09,1.63128321849097e-09,1.38159230979432e-09,2.2867828208326e-09,1.87627153368722e-09,2.56249708292174e-09,1.46862832483075e-09,1.14862817776089e-09,1.15536744815123e-09,1.59300364656424e-09,1.30499663653942e-09,1.92341589742981e-09,1.05614248303601e-09,1.02091111802845e-09,8.85209354379673e-10,1.12674341716775e-09,1.49104889188957e-09,1.87276361616786e-09
2.68188828117661e-09,4.08911314061302e-09,4.62024326497197e-09,4.58401254174095e-09,5.02644577836854e-09,4.8350810147319e-09,4.77693231165423e-09,5.278909691738e-09,1.16615044307738e-08,6.0193513031123e-09,1.08419785533793e-08,1.13059036457791e-08,6.02340497011709e-09,1.30908932347405e-08,2.96070841149786e-08,1.22289441688374e-08,2.56637638871565e-08,2.38452792899547e-08,1.04555050617988e-08,2.23859034806478e-08,1.00912928599775e-08,1.94546968944105e-08,1.8730425528654e-08,1.62641380741e-08,1.82802093289318e-08,7.93540853247572e-09,3.41925590039512e-09,1.50090041495525e-08,7.37789971627098e-09,1.41335036243529e-08,6.70026472942856e-09,2.97375329916791e-09,3.47118188785828e-09,6.20632414956129e-09,3.70695136578911e-09,6.97120213369027e-09,2.47371227412592e-09,2.87180299127134e-09,1.86214715554876e-09,2.98457938542171e-09,3.30964451480232e-09,3.38909755860446e-09,2.56090707727914e-09,1.62923163084004e-09,1.67698150834025e-09,2.92426543477729e-09,2.03445964260545e-09,3.32626529197145e-09,2.04855640892469e-09,2.68304249092434e-09,2.98885886222444e-09,3.04261179480492e-09,3.59946067789086e-09,3.3580565270822e-09,3.00884403252944e-09,3.39641684774461e-09,7.28757003704675e-09,4.25883030650044e-09,6.67945178286663e-09,8.01033454418819e-09,3.86372665503519e-09,8.10192149070619e-09,1.70849537993121e-08,7.60543249926831e-09,1.54441079401641e-08,1.38968037324172e-08,6.49809597499743e-09,1.39628422180051e-08,7.44844061633173e-09,1.26013558058208e-08,1.28737622713212e-08,1.14831503097963e-08,1.18664068973284e-08,6.08123905247371e-09,2.39541865989041e-09,1.05336862406098e-08,5.20185572955261e-09,9.14558004246747e-09,5.24844778275782e-09,2.08160470655405e-09,1.93965039332781e-09,4.4745127093248e-09,2.31027687299602e-09,4.86172461885664e-09,1.6928884569695e-09,1.67389837234558e-09,1.48977893160059e-09,1.8817362550797e-09,2.25613451161561e-09,2.44064432315527e-09,1.52052666779194e-09,1.28009380494322e-09,9.74999130102308e-10,1.95439634679493e-09,1.48344784309837e-09,2.32890781856662e-09
4.05540771929571e-09,8.63980232420283e-09,1.7102378754579e-08,7.70336366601547e-09,1.47661876513739e-08,1.2872865181807e-08,1.0810670982865e-08,2.02187864806297e-08,2.12665035529497e-08,1.83168311968983e-08,3.24439213333302e-08,2.93237379327416e-08,2.37529174852018e-08,2.40190334400694e-08,1.22289441688374e-08,3.78880844412476e-08,2.16166643138867e-08,3.43634917243719e-08,1.94635463253189e-08,9.56103323412174e-09,4.39308843080788e-09,1.70945555366146e-08,8.87320389437793e-09,1.55561899782656e-08,7.85209789260711e-09,3.43711302639266e-09,3.80255010321572e-09,7.22133506454551e-09,3.84695193413598e-09,7.27494103892285e-09,3.01449322696845e-09,3.54188989797999e-09,2.80194239963111e-09,3.41211139038538e-09,4.49102932578259e-09,4.25936854814856e-09,2.96858282603951e-09,2.26081250505302e-09,2.03076337999411e-09,3.63481255331317e-09,2.58441117303499e-09,3.90346467188696e-09,1.99386712208557e-09,1.78944521973571e-09,1.52322267149352e-09,2.23095162053251e-09,2.1915719945876e-09,2.72523861459348e-09,3.14437877027986e-09,6.19932085220937e-09,1.1965804478581e-08,6.16546462905346e-09,1.02881876528356e-08,9.49222016105999e-09,8.18205542085477e-09,1.38776625796129e-08,1.34210227605246e-08,1.31352243277772e-08,2.21221908983324e-08,2.07853104919601e-08,1.6047183513941e-08,1.49299641146188e-08,7.37177295540542e-09,2.50721507374219e-08,1.44128743536642e-08,2.38104120267318e-08,1.2262437105795e-08,6.19169550383238e-09,3.1546167586522e-09,1.20085610218583e-08,6.2071630869802e-09,1.15335992199846e-08,5.29910303623822e-09,2.34234508716753e-09,1.76016934527561e-09,5.03206371145466e-09,2.45407534676735e-09,4.85546170497122e-09,2.10720184205386e-09,1.68276908094286e-09,1.8946222244562e-09,2.22040814635115e-09,2.41700599944053e-09,2.89414669145466e-09,1.59520919112065e-09,1.49043129732629e-09,1.38340740089502e-09,1.94147569872553e-09,1.65925903601462e-09,2.22571805145627e-09,1.29272183980941e-09,1.16876245495909e-09,9.76045444374302e-10,1.33616701459614e-09,1.7612242518944e-09,2.07383980744678e-09
3.72156508824476e-09,5.35087827950568e-09,1.01648062213353e-08,5.32655869232265e-09,9.99106942445329e-09,9.1447964275935e-09,6.35425792871568e-09,1.15464676601892e-08,2.16487082891883e-08,1.16984408476603e-08,1.94974459315907e-08,1.90561252026914e-08,1.28785154817802e-08,2.40058167951535e-08,2.56637638871565e-08,2.16166643138867e-08,3.97521379644921e-08,3.57966264742599e-08,1.9390817199642e-08,1.94523859038063e-08,9.61816927589001e-09,3.09223263606441e-08,1.61415048327549e-08,2.60762702167568e-08,1.58490735583983e-08,7.49973477021696e-09,3.72684439774749e-09,1.28938225042554e-08,7.06339093172868e-09,1.21054007264745e-08,6.31427904772404e-09,3.27544143333602e-09,3.86449917119483e-09,5.96371841393992e-09,3.99053235447018e-09,6.66412058622562e-09,2.73343750258566e-09,3.16121255560786e-09,2.20217692625919e-09,3.21583837943948e-09,3.72248982267965e-09,3.73531741113854e-09,2.91048193463209e-09,2.0106475378958e-09,1.82377273915647e-09,3.38773728344614e-09,2.43244300461852e-09,3.91540894558257e-09,2.72657458206857e-09,3.9311340279721e-09,7.30097859027393e-09,4.10804659518614e-09,7.63452769366571e-09,6.9478812684879e-09,4.69512491411787e-09,8.2446222418382e-09,1.38632901956745e-08,8.95205777052381e-09,1.28977960808999e-08,1.37413283910844e-08,8.95747031177917e-09,1.52369764928111e-08,1.53200392701791e-08,1.41181545392585e-08,2.50227343984524e-08,2.26406121043592e-08,1.22253547069483e-08,1.25873766253612e-08,7.08952650271272e-09,2.03459016921052e-08,1.13542068460499e-08,1.81854399993645e-08,1.06602197476109e-08,5.6690207603108e-09,2.11736551627796e-09,9.15428856283719e-09,4.77402117719434e-09,8.01339936216279e-09,4.86496601328616e-09,1.90202980789332e-09,2.24506311981247e-09,4.14552273115345e-09,2.20939235190008e-09,4.59469630375557e-09,1.57945432088537e-09,1.97442349790333e-09,1.63760848751359e-09,1.80737921248696e-09,2.42283005054831e-09,2.38670689490451e-09,1.80518093366438e-09,1.445046085043e-09,1.15561004889685e-09,2.115301590869e-09,1.84469676988256e-09,2.83641097505886e-09
4.54255765110179e-09,9.42830093938531e-09,1.70556690467541e-08,8.61078433424259e-09,1.51222402706318e-08,1.32656699011493e-08,1.16067220504602e-08,1.98932476583785e-08,1.94686218517522e-08,1.85025784070301e-08,2.98365903167627e-08,2.73931351194946e-08,2.32057813518862e-08,2.16725544784843e-08,2.38452792899547e-08,3.43634917243719e-08,3.57966264742599e-08,5.13479495632598e-08,1.71761275735361e-08,1.77495029849322e-08,8.93916227789001e-09,2.72799720142279e-08,1.46916395782619e-08,2.28107849217857e-08,1.44478225412006e-08,6.99747898790368e-09,3.86513599806712e-09,1.18067415145519e-08,6.77328644817023e-09,1.097210503406e-08,5.93273364465766e-09,3.42139501429321e-09,4.16762763522874e-09,5.76094216410561e-09,4.26044991622436e-09,6.6571055492862e-09,2.8750950583612e-09,3.40110268893827e-09,2.48852409151685e-09,3.39154945333758e-09,3.98312726273028e-09,3.88598263331971e-09,3.04587612259938e-09,2.20691423193453e-09,2.04756504755223e-09,3.50982440095448e-09,2.77491672274886e-09,4.14530207549816e-09,3.43888776374966e-09,6.99077188858758e-09,1.2236547701045e-08,6.99516757297313e-09,1.12122912267349e-08,1.00661611968785e-08,9.00873753574289e-09,1.40501931016782e-08,1.28402570622952e-08,1.41017597970306e-08,2.0306698022121e-08,2.06562189569954e-08,1.64091417476943e-08,1.43250575529815e-08,1.32325244835175e-08,2.34048281514995e-08,2.27910233508862e-08,3.3716519018789e-08,1.15376726597341e-08,1.10184181703318e-08,6.5581128177827e-09,1.86898932524953e-08,1.02328306604373e-08,1.6947547869562e-08,9.47131385343247e-09,5.17096397444329e-09,1.94212828353425e-09,8.33570707353874e-09,4.45399636894234e-09,7.10977166525366e-09,4.47454960546744e-09,1.85879939808635e-09,2.56942584549773e-09,3.86261527816809e-09,2.43869272139923e-09,4.57272435891913e-09,1.6027886265822e-09,2.16587960207374e-09,1.8430033732984e-09,1.94762923435536e-09,2.56800565907625e-09,2.56863901255659e-09,1.87792291260157e-09,1.57979912171097e-09,1.20298648945367e-09,2.12953732028928e-09,2.00968798248903e-09,2.81642584773436e-09
2.46826605392566e-09,3.6356269952653e-09,7.8853063501672e-09,3.47825061914711e-09,7.45071506336687e-09,6.74872595347179e-09,4.5203729846342e-09,9.33192072633251e-09,1.94749549391547e-08,9.2162126242985e-09,1.71642147874616e-08,1.64811478050016e-08,1.04556477171465e-08,2.1810673017542e-08,1.04555050617988e-08,1.94635463253189e-08,1.9390817199642e-08,1.71761275735361e-08,2.49651295045966e-08,1.19941245994305e-08,5.16429707289915e-09,2.23535900598349e-08,1.11161091985622e-08,2.0868664178949e-08,9.63421933097849e-09,4.03791618252951e-09,3.57956439362377e-09,8.80653279800983e-09,4.2427283704625e-09,8.75005142766956e-09,3.46608783483875e-09,3.29919018193647e-09,2.72791171905389e-09,3.69148476484611e-09,4.19271596466472e-09,4.4164207709738e-09,2.74435231991350e-09,2.24089893203148e-09,1.76826713570562e-09,3.45647460334594e-09,2.52415774777576e-09,3.73642322597472e-09,2.0770539557188e-09,1.63354293179798e-09,1.42120413233037e-09,2.31840221662318e-09,1.91029498219444e-09,2.68673479868073e-09,1.62797806898295e-09,2.37768949038323e-09,5.75204421465294e-09,2.57450578794307e-09,5.35095044071806e-09,5.33947216843252e-09,3.20954423144417e-09,6.72798103205741e-09,1.18336602542841e-08,6.7361412433744e-09,1.1177222117605e-08,1.06419680151953e-08,7.09542746654068e-09,1.30886778124577e-08,7.0991682111225e-09,1.21480618566877e-08,1.27542072762336e-08,1.17290435613795e-08,1.51403459795922e-08,8.15169515116086e-09,3.55905195841705e-09,1.4911023162202e-08,7.90444663245837e-09,1.41246617400108e-08,6.61025089612269e-09,2.81027125163527e-09,1.90335876769358e-09,6.08585081137309e-09,2.84685371189065e-09,5.8279357587813e-09,2.38863302423505e-09,1.80519618246899e-09,1.55374056843978e-09,2.5554192432941e-09,2.15836511772495e-09,3.00759675247915e-09,1.6145619896676e-09,1.30063265388725e-09,1.21196396609144e-09,1.82052006225934e-09,1.50964579981507e-09,2.10988580151767e-09,1.20303810049808e-09,1.07898711553045e-09,8.92435836558908e-10,1.30795372255738e-09,1.52984356700526e-09,2.01231056307789e-09
