4.93278987138618e-08,2.13391874905765e-08,9.85399994571782e-09,4.1946075885391e-08,2.06945521840947e-08,4.04507135002059e-08,1.87711640843872e-08,8.52620042441836e-09,8.4398406577915e-09,1.825204460201e-08,9.86948146320861e-09,1.84516505310062e-08,7.25434095549445e-09,7.40289917004418e-09,6.58855555286809e-09,8.49707618044544e-09,9.29412599286549e-09,9.68082389197489e-09,6.39994297207678e-09,5.72207986658568e-09,4.52947258881455e-09,8.0386912707166e-09,6.22761784735919e-09,8.3819237241551e-09,5.06513213370546e-09,3.90771815446667e-09,2.78795794930439e-09,5.37747662850424e-09,4.63609690870495e-09,5.99842925552739e-09,3.45665054417231e-09,2.47407857523301e-09,2.14207443285683e-09,4.14776254463639e-09,2.8687356742362e-09,4.42854807448059e-09,2.20389651834618e-09,1.80407106440513e-09,1.83875725405777e-09,2.5044835684569e-09,2.31425569552241e-09,3.09410360992057e-09,1.6762664616977e-09,1.70712340160837e-09,1.626081181963e-09,2.08494359535583e-09,2.13284305916641e-09,2.51476814914276e-09,4.21889561406235e-08,1.88830536678676e-08,8.58653007003025e-09,3.58950593684573e-08,1.74979080032266e-08,3.28790845631806e-08,1.66736698418915e-08,7.50911705507139e-09,7.73412606535755e-09,1.56253896109607e-08,8.83476856781896e-09,1.59093547268671e-08,6.43327857983445e-09,6.82166368142444e-09,5.48224818093551e-09,7.56590776980927e-09,8.44873181967105e-09,8.67510515684622e-09,5.86152865317512e-09,4.71205319146588e-09,3.53483261856398e-09,7.35631497886445e-09,5.04561191808964e-09,7.6141305938552e-09,4.16236333430258e-09,3.14062430054611e-09,2.26810793914292e-09,4.41595103029505e-09,3.77539588994925e-09,4.82672125653145e-09,2.69671473099487e-09,2.01479697012186e-09,2.17438417514137e-09,3.29970959400155e-09,2.36620476908133e-09,3.60554357257356e-09,1.88746657002709e-09,1.76342547697392e-09,1.66611930027153e-09,2.14615313931449e-09,2.28050663069379e-09,2.61035780842974e-09,1.60451090205951e-09,1.60625436764268e-09,1.30605502916957e-09,2.05969032397793e-09,2.06203031205273e-09,2.60936765620099e-09
2.13391874905765e-08,5.20910649881341e-08,2.29993203764963e-08,4.0557656522753e-08,4.60719252001869e-08,3.5518169219699e-08,4.49750551304313e-08,1.95993327837444e-08,8.79444680718655e-09,3.98860536498367e-08,1.89529474175101e-08,3.81736507406758e-08,1.5908146424667e-08,7.32038779915655e-09,8.58958958180999e-09,1.52458993228559e-08,8.52717326780716e-09,1.56939496456812e-08,6.37540010343449e-09,7.41298163575747e-09,5.55791362928768e-09,7.30515790004131e-09,8.86873515662136e-09,8.15284167639573e-09,6.58539755446729e-09,4.77936054300685e-09,3.71432944142036e-09,7.72348057258282e-09,5.65800895675439e-09,8.50410243716096e-09,4.311331488798e-09,3.34374123458234e-09,2.68922849088869e-09,5.08303587962074e-09,3.8424532809064e-09,5.51419970291516e-09,2.92513565940164e-09,2.42541570981165e-09,2.24481381643791e-09,3.45158484358164e-09,3.01170084275808e-09,4.01890164345698e-09,2.27630700255665e-09,2.14675027187261e-09,1.83934503609721e-09,2.79548604647163e-09,2.54136604197367e-09,3.05115820775218e-09,1.77054978115885e-08,4.30660715935617e-08,2.01597597606715e-08,3.4088079188165e-08,3.76704133087961e-08,2.88894827104773e-08,3.7002575535909e-08,1.73808857905396e-08,7.9176621336746e-09,3.29786550922543e-08,1.70078234755138e-08,3.14818887965651e-08,1.42891995430888e-08,6.46456238695168e-09,7.08438801275675e-09,1.34652888344124e-08,7.83971743745172e-09,1.4573544662496e-08,5.5770920761031e-09,6.08864650251493e-09,4.62699899126112e-09,6.64357468866573e-09,7.53205463569779e-09,7.31196737474694e-09,5.31030595997758e-09,4.10239531344317e-09,3.06959011881408e-09,6.64913950266867e-09,4.60198604180764e-09,6.86305938008058e-09,3.70244323873144e-09,2.76791186873576e-09,2.51647836425789e-09,4.15048593185281e-09,3.25776906260848e-09,4.79543005397e-09,2.50932033857711e-09,2.25604976101023e-09,1.95845491893395e-09,3.00203135619851e-09,2.85943503110964e-09,3.461238982836e-09,2.18051520804372e-09,2.00921997606365e-09,1.52758434428105e-09,2.74303378886379e-09,2.409312689389e-09,2.96236897814566e-09
9.85399994571782e-09,2.29993203764963e-08,4.76903756566288e-08,2.01134990146864e-08,4.18151086204278e-08,3.66166054177942e-08,1.9606312176332e-08,3.95139363710459e-08,1.90617249442016e-08,3.50923564901811e-08,3.5027557740519e-08,3.16423434737475e-08,3.28375219374386e-08,1.58142770015532e-08,7.82567725041775e-09,2.88833583846978e-08,1.51080380413617e-08,2.71997151685026e-08,1.3556217418103e-08,6.67560102531406e-09,6.40667847943068e-09,1.27872846436082e-08,7.01270585297241e-09,1.24351637545617e-08,5.84613825326443e-09,5.50537592722611e-09,3.82199624264976e-09,6.07826308338676e-09,6.25450540546609e-09,6.46305852705253e-09,4.89780241569631e-09,3.38896710740781e-09,2.45163071230051e-09,5.58377896938349e-09,4.03328917770098e-09,6.17574668991977e-09,3.00716178411776e-09,2.21019568786915e-09,2.07054371525755e-09,3.53968050677259e-09,2.70029432327483e-09,3.99505887281102e-09,2.25049848534715e-09,1.9618925495933e-09,1.73428370707059e-09,2.63096552102269e-09,2.23243260296517e-09,2.99057722845079e-09,7.80746959216714e-09,1.9070374320718e-08,4.00243690087271e-08,1.70263533773253e-08,3.41525551812487e-08,2.9387840609735e-08,1.63659069991973e-08,3.35427448491773e-08,1.58711317007987e-08,2.93090759891291e-08,2.94981737419217e-08,2.62443624106888e-08,2.78945265236351e-08,1.28358116772851e-08,6.71220084332599e-09,2.3822651107203e-08,1.2918966205364e-08,2.31236361816683e-08,1.08706724137358e-08,5.7184654326659e-09,5.67708740507985e-09,1.08237149108186e-08,6.49538343241576e-09,1.06016450733557e-08,4.95920317967677e-09,4.97730156798242e-09,3.27953414207753e-09,5.58375992588324e-09,5.45480934326081e-09,5.73945967288754e-09,4.37045540956636e-09,2.861780305882e-09,2.26995810303693e-09,4.85231423506364e-09,3.24786417974094e-09,5.43433741599018e-09,2.52459162044016e-09,2.04899367013205e-09,1.52628942746299e-09,2.84029691618227e-09,2.4754661788194e-09,3.27238602011606e-09,2.13142058206205e-09,1.53723437198659e-09,1.47872699477015e-09,2.36810417977274e-09,1.88053686909885e-09,2.66330229151392e-09
4.1946075885391e-08,4.0557656522753e-08,2.01134990146864e-08,6.59249229152724e-08,3.51740364830106e-08,5.79195814359165e-08,3.5202455728625e-08,1.72558085816442e-08,8.89532230928512e-09,3.06201109834635e-08,1.69913077952172e-08,2.89659540669437e-08,1.42150332023751e-08,7.57039053260071e-09,1.03506978370799e-08,1.40483385233034e-08,9.44466473598739e-09,1.49138431022306e-08,6.52479021781758e-09,8.99994554758557e-09,6.19345369780936e-09,8.10473710259463e-09,1.01905639926461e-08,8.67704013970172e-09,7.99752455553229e-09,5.34163136104251e-09,3.89905562458246e-09,8.89926001137423e-09,6.38632557176656e-09,9.76772783164665e-09,4.76935283477021e-09,3.49379057210781e-09,3.03719224708665e-09,5.69820093665956e-09,4.08479840895380e-09,6.17214056822973e-09,3.0934493356797e-09,2.61243097992755e-09,2.4139014186106e-09,3.61822067056795e-09,3.27405064255019e-09,4.29950376997823e-09,2.41758459190308e-09,2.30149833937111e-09,2.20649292170981e-09,2.99161610503265e-09,2.87881227085179e-09,3.55888440558064e-09,3.4998568849573e-08,3.48251581636652e-08,1.74313423488317e-08,5.59887313050436e-08,2.92002409826401e-08,4.71765386157363e-08,3.01789753454459e-08,1.50787083946648e-08,8.18037760800883e-09,2.55235899735732e-08,1.51105953819903e-08,2.45760480144505e-08,1.26311587839352e-08,6.80685106459712e-09,8.64441151345795e-09,1.23785708956466e-08,8.71776026149435e-09,1.3630830216865e-08,5.81343168869617e-09,7.51702550373475e-09,4.98634329349508e-09,7.47131483645471e-09,8.60633796180363e-09,7.76999511827958e-09,6.61287167756572e-09,4.43239110510418e-09,3.27484324700183e-09,7.58936744638577e-09,5.26115891950133e-09,8.14881480812823e-09,3.81206650002382e-09,2.95727886944317e-09,2.97997391949242e-09,4.6494324565123e-09,3.53768955143218e-09,5.12908004064176e-09,2.65444386085701e-09,2.44943080838204e-09,2.29163352098455e-09,3.14579681662603e-09,3.2159803825704e-09,3.67708447080062e-09,2.25312657146187e-09,2.31818929259067e-09,1.88912697718719e-09,2.93972579336981e-09,2.86853287849148e-09,3.52803000196929e-09
2.06945521840947e-08,4.60719252001869e-08,4.18151086204278e-08,3.51740364830106e-08,7.20158992813635e-08,5.65544460650658e-08,3.98903836821801e-08,3.50870604169024e-08,1.79937974273514e-08,6.15040113747758e-08,3.16082924913153e-08,5.60731275708158e-08,2.8673255713573e-08,1.48947617231989e-08,8.51217370567922e-09,2.55583008841041e-08,1.45253320864422e-08,2.41963966652679e-08,1.28906684713909e-08,7.30050741964941e-09,7.64309657510644e-09,1.23558041593808e-08,8.45482773569939e-09,1.27779746915613e-08,6.40881763415712e-09,6.5307865072372e-09,4.65001504247169e-09,7.28225699495223e-09,7.4975369796608e-09,8.05003472274214e-09,5.87866077123546e-09,4.24247912831073e-09,3.12792678839824e-09,6.79354156041025e-09,4.98141486855679e-09,7.45465816901615e-09,3.74707514394617e-09,2.76792805240738e-09,2.45268644068818e-09,4.45257891752312e-09,3.38521331264951e-09,5.0342951284305e-09,2.70575771741819e-09,2.40016604850565e-09,2.09259131652434e-09,3.28626875692377e-09,2.6984916151247e-09,3.55995535573499e-09,1.71572577213761e-08,3.76227984392813e-08,3.52187458829339e-08,2.86317923585916e-08,5.8851646332055e-08,4.52523710217928e-08,3.27774926701862e-08,3.02846170103725e-08,1.52592179122499e-08,5.14446910846252e-08,2.73964595471495e-08,4.66803209937501e-08,2.47232253199323e-08,1.23749035348004e-08,7.57395913754079e-09,2.15509124244815e-08,1.25269850469793e-08,2.11817310758843e-08,1.06053430530928e-08,6.4715018464972e-09,6.46382306078141e-09,1.05561258104687e-08,7.84469625778665e-09,1.12942627467679e-08,5.68636427051934e-09,5.65423063097353e-09,3.97385648802239e-09,6.82331358781736e-09,6.4398114558722e-09,7.16562713534058e-09,5.04598183950274e-09,3.61609522392825e-09,2.89005482350828e-09,5.86926695454533e-09,4.11037119800106e-09,6.27512425446067e-09,3.20278657132941e-09,2.50971913243893e-09,1.98023533549384e-09,3.66076433670829e-09,3.15217895464272e-09,4.2884533819316e-09,2.52656754482588e-09,2.07669176243415e-09,1.69045846202263e-09,3.13663932400318e-09,2.34775626020505e-09,3.26424782488523e-09
4.04507135002059e-08,3.5518169219699e-08,3.66166054177942e-08,5.79195814359165e-08,5.65544460650658e-08,8.37773976582687e-08,3.08665562945529e-08,3.0665493152891e-08,1.66506931848878e-08,4.82916343883578e-08,2.74487278147421e-08,4.32725696738836e-08,2.52627557774616e-08,1.3759207395731e-08,8.95418666366352e-09,2.24961206137433e-08,1.41928387639537e-08,2.18372043979009e-08,1.18814435628944e-08,7.73233215140061e-09,8.17561352116348e-09,1.20898701001537e-08,8.7948384341483e-09,1.23214398331423e-08,6.74788452700526e-09,6.95136948284796e-09,4.83816118366315e-09,7.57684914160632e-09,8.11146033454144e-09,8.29902778127152e-09,6.17655594522184e-09,4.36467822228066e-09,3.4448999080714e-09,7.27833665932298e-09,5.03830202485449e-09,7.76192941493557e-09,3.91151661920443e-09,2.95957941157806e-09,2.77375500169388e-09,4.50483375041705e-09,3.65826931485966e-09,5.20618033069142e-09,2.86036810334615e-09,2.74147426161444e-09,2.51683419049598e-09,3.55542917620954e-09,3.22907537207685e-09,4.13986810141325e-09,3.36449412073429e-08,3.01666137975802e-08,3.06890737998592e-08,4.80911821275347e-08,4.69114089375675e-08,6.73744501216688e-08,2.6382636788625e-08,2.60669276419418e-08,1.42773707779606e-08,4.06672013196684e-08,2.36561618849109e-08,3.67351987906385e-08,2.15594834966325e-08,1.16461404974089e-08,7.94600426105234e-09,1.8972166881316e-08,1.25212957602063e-08,1.91220780077898e-08,9.9975043762867e-09,6.81849800287984e-09,6.88432303552508e-09,1.05727753687122e-08,8.16036914251151e-09,1.09669473914684e-08,6.00824943352196e-09,6.01848650530794e-09,4.19484689543404e-09,7.10021452443365e-09,7.10751460840961e-09,7.60074999132269e-09,5.17529734108213e-09,3.83162080966279e-09,3.41702305400751e-09,6.34095204227864e-09,4.31191476365235e-09,6.38136771844435e-09,3.41585537383719e-09,2.75635746644299e-09,2.51970210459321e-09,3.83280580443865e-09,3.54957480348368e-09,4.48688971788091e-09,2.62018329224142e-09,2.620880108591e-09,2.10051343923723e-09,3.41366963640132e-09,3.10016269405143e-09,3.87649620785851e-09
1.87711640843872e-08,4.49750551304313e-08,1.9606312176332e-08,3.5202455728625e-08,3.98903836821801e-08,3.08665562945529e-08,5.56237430021362e-08,2.2978563484552e-08,1.03716158691274e-08,4.94428314618643e-08,2.2355296500784e-08,4.74403432888461e-08,1.86956537450239e-08,8.58972282170511e-09,9.43812929680487e-09,1.80858435235873e-08,9.82085904679064e-09,1.85109852801141e-08,7.46430664723987e-09,8.16585248635402e-09,6.10226082930031e-09,8.41721928486355e-09,9.62519148399138e-09,9.21655473798057e-09,7.29750844289464e-09,5.21386748782294e-09,4.13820920541295e-09,8.38111680535198e-09,6.17804317447826e-09,9.16614747636816e-09,4.71440063600772e-09,3.74938949679887e-09,2.91036741325036e-09,5.58200864335718e-09,4.20744574077059e-09,5.97457891252709e-09,3.17631645959527e-09,2.51322246485596e-09,2.50251856098065e-09,3.60892476048861e-09,3.4654711772636e-09,4.49387995145666e-09,2.33850077050147e-09,2.2972145884075e-09,1.98456380062713e-09,3.16733446550341e-09,2.81001319398182e-09,3.58146978166882e-09,1.54872831881582e-08,3.70009752594809e-08,1.73845106208687e-08,2.92127843053416e-08,3.29759531068302e-08,2.52655835994865e-08,4.49708510418018e-08,2.04160223713425e-08,9.31135444077398e-09,3.99005354282218e-08,2.00851665146291e-08,3.81057756266183e-08,1.6911530958556e-08,7.57652964059632e-09,7.82263892917668e-09,1.5954208192173e-08,9.15993161634863e-09,1.73850861899109e-08,6.43945616217574e-09,6.76310241712193e-09,4.9973835347392e-09,7.67982942155646e-09,8.19847549991166e-09,8.3984538499205e-09,5.91612830970812e-09,4.40613070150085e-09,3.44092220460885e-09,7.14024931903913e-09,5.05667838732227e-09,7.39537661768045e-09,3.99997168531431e-09,3.11434732729907e-09,2.75153175437463e-09,4.58618351372332e-09,3.71909114407793e-09,5.4540161541111e-09,2.69166053510353e-09,2.40444964974278e-09,2.17172292613401e-09,3.20210349362514e-09,3.19004419989478e-09,3.74492713214978e-09,2.28904334722747e-09,2.06932305775221e-09,1.58283452373547e-09,3.00852770351895e-09,2.53513796106791e-09,3.28434071450655e-09
8.52620042441836e-09,1.95993327837444e-08,3.95139363710459e-08,1.72558085816442e-08,3.50870604169024e-08,3.0665493152891e-08,2.2978563484552e-08,4.57442921836432e-08,2.15307164301254e-08,4.10414455814793e-08,4.050200116308e-08,3.70408396752954e-08,3.78546537127975e-08,1.76255214371237e-08,8.46242654702252e-09,3.32099832345522e-08,1.68518025888827e-08,3.12293401979867e-08,1.50026310404042e-08,7.12010150130797e-09,7.19130270634122e-09,1.41644773605514e-08,7.6454526667851e-09,1.38232506460193e-08,6.25444270517362e-09,6.19841141976387e-09,4.2401396103289e-09,6.61281143883361e-09,7.0362821148937e-09,7.10323918172765e-09,5.5150410478479e-09,3.77208268879407e-09,2.72143344665312e-09,6.29729989403544e-09,4.4178490101155e-09,6.89896891701705e-09,3.16885568613152e-09,2.33063933185406e-09,2.1885755965757e-09,3.65299597900566e-09,2.96377294105432e-09,4.18970920221944e-09,2.24750300714565e-09,2.0025976998671e-09,1.82033335806673e-09,2.77512503357606e-09,2.33655729353306e-09,3.14445593115835e-09,6.9354961346076e-09,1.6359218079441e-08,3.35421080033491e-08,1.48469752584431e-08,2.93008680847926e-08,2.52753911250426e-08,1.89288356633157e-08,3.87597187794161e-08,1.78184542747823e-08,3.38874790492129e-08,3.4290031403892e-08,3.06555197958053e-08,3.21657668603978e-08,1.42499204096515e-08,7.35524790088104e-09,2.75876201181719e-08,1.41951214032558e-08,2.66950605485533e-08,1.19836730153241e-08,6.17981210279183e-09,6.30177649724218e-09,1.18361489257964e-08,7.14245816218999e-09,1.17332854369153e-08,5.30096144840661e-09,5.50969368263373e-09,3.64275162710892e-09,6.05503466140548e-09,6.18984622897686e-09,6.40753641905042e-09,4.87258646830857e-09,3.19954343997535e-09,2.51151192465692e-09,5.5322027444435e-09,3.70435689762687e-09,6.18178269441211e-09,2.60919420974508e-09,2.1506120654567e-09,1.70458013956978e-09,2.91975626464426e-09,2.66385197642524e-09,3.29622177022384e-09,2.11685990965161e-09,1.662038967657e-09,1.45103851716296e-09,2.54224575611178e-09,2.00735104763291e-09,2.77591835940792e-09
8.4398406577915e-09,8.79444680718655e-09,1.90617249442016e-08,8.89532230928512e-09,1.79937974273514e-08,1.66506931848878e-08,1.03716158691274e-08,2.15307164301254e-08,4.99687503468368e-08,2.08769802625313e-08,4.25523518911177e-08,4.03870402977923e-08,1.76306212910108e-08,4.13232698845975e-08,2.05935261454791e-08,3.49288714490216e-08,3.76895201282275e-08,3.21015190121058e-08,3.48557019289986e-08,1.71026856108532e-08,7.51689905810365e-09,3.13015267787e-08,1.55492182826804e-08,2.86413787118679e-08,1.48584695322567e-08,6.43300979304293e-09,5.27267514757629e-09,1.32919203230094e-08,6.69901154306507e-09,1.31862208151578e-08,5.65203673735684e-09,4.58852666981735e-09,3.23070956989782e-09,5.8340540570755e-09,5.36908596773201e-09,6.34794772595981e-09,4.00148879227703e-09,2.77629097364498e-09,2.44939345268476e-09,4.60703658406734e-09,3.35189802747036e-09,5.20873262607976e-09,2.55713451548244e-09,2.07742855354319e-09,1.95221521799352e-09,2.928833892593e-09,2.43237488302509e-09,3.23219102061881e-09,7.0971946208527e-09,6.97783085101799e-09,1.63799998970218e-08,6.98556871789651e-09,1.51218969212282e-08,1.37042746857431e-08,8.25292393551274e-09,1.84687081691787e-08,4.09866989198706e-08,1.72770962754761e-08,3.56833993982191e-08,3.35141014498346e-08,1.49541868837837e-08,3.41777527577796e-08,1.69197066532052e-08,2.90987039584856e-08,3.17168379274901e-08,2.71458830498998e-08,2.8688845382354e-08,1.39870402388136e-08,6.17804203657001e-09,2.66030856196748e-08,1.29271997080714e-08,2.3850984083011e-08,1.19926198828203e-08,5.33371679385323e-09,4.41037903957419e-09,1.09735343188781e-08,5.64506092262162e-09,1.11754793696791e-08,4.73055392188514e-09,3.87529280146483e-09,2.70577245404847e-09,4.93221909248219e-09,3.76809918360557e-09,4.90985880300619e-09,3.33282987799373e-09,2.31979067235148e-09,1.83502779107532e-09,3.19436669663507e-09,2.79044240323254e-09,4.03912739136842e-09,2.17452771680417e-09,1.66895725502119e-09,1.55086920914082e-09,2.54891062495969e-09,2.17382201598055e-09,2.89399745264497e-09
1.825204460201e-08,3.98860536498367e-08,3.50923564901811e-08,3.06201109834635e-08,6.15040113747758e-08,4.82916343883578e-08,4.94428314618643e-08,4.10414455814793e-08,2.08769802625313e-08,7.49404577550654e-08,3.71373558200952e-08,6.86535348073537e-08,3.34808583370647e-08,1.71284911157911e-08,9.45321679783852e-09,3.00553034463586e-08,1.6584279126723e-08,2.82982257459811e-08,1.47057969395388e-08,8.02592858312110e-09,8.57626349372712e-09,1.40239498006248e-08,9.32948024438769e-09,1.44649207063503e-08,7.08573276004298e-09,7.35470886285877e-09,5.31031065634559e-09,8.04806881294613e-09,8.43578874713354e-09,8.95995326777817e-09,6.63864010775708e-09,4.8499211098682e-09,3.38282760330165e-09,7.66488886232495e-09,5.45585425139647e-09,8.2296249197285e-09,4.11571476773368e-09,2.87703739848075e-09,2.80352836652959e-09,4.64096151588652e-09,3.90422851315493e-09,5.49203045654006e-09,2.72943782810395e-09,2.61211894727119e-09,2.27071300305662e-09,3.66970538317568e-09,2.99875191710334e-09,4.03009683612279e-09,1.51426401129365e-08,3.27721285328856e-08,3.02869724881316e-08,2.49689807306911e-08,5.14375485713732e-08,3.95326460995876e-08,3.95666755030303e-08,3.5692570943311e-08,1.76643101977148e-08,6.08212862147022e-08,3.25345166095778e-08,5.55451425654714e-08,2.91820255979158e-08,1.42136378079295e-08,8.3515549335801e-09,2.55997049362829e-08,1.4250265892826e-08,2.51070971969501e-08,1.19588985564868e-08,6.97541995732965e-09,7.16553772500476e-09,1.17668143101229e-08,8.570537305632e-09,1.27620755021832e-08,6.07292673929041e-09,6.2709436997512e-09,4.55425213925408e-09,7.31718796646889e-09,7.23869160511596e-09,7.91281966786036e-09,5.64789247451176e-09,4.14839046356994e-09,3.18770049430577e-09,6.62688654687426e-09,4.71177815560146e-09,7.21718797320184e-09,3.45548819214612e-09,2.63859101561403e-09,2.34571312387215e-09,3.81633461889449e-09,3.59458948392358e-09,4.56095840252464e-09,2.54559281047475e-09,2.27895165674061e-09,1.74098486791164e-09,3.47863849551219e-09,2.54105844975681e-09,3.56825754613157e-09
9.86948146320861e-09,1.89529474175101e-08,3.5027557740519e-08,1.69913077952172e-08,3.16082924913153e-08,2.74487278147421e-08,2.2355296500784e-08,4.050200116308e-08,4.25523518911177e-08,3.71373558200952e-08,6.59887301143452e-08,6.03381321766982e-08,3.32145136801336e-08,3.49260057276249e-08,1.86663547235557e-08,5.40977373356649e-08,3.21143286624511e-08,4.9695742602391e-08,2.95274147973733e-08,1.540305764512e-08,7.94358344555161e-09,2.67128552767976e-08,1.44390115725628e-08,2.43595088662664e-08,1.33920934436123e-08,6.8443585044469e-09,6.26062324540044e-09,1.2492469251806e-08,7.31994849946513e-09,1.24324692206359e-08,5.99494384293012e-09,5.59161525153681e-09,3.77129456449136e-09,6.38567352607577e-09,6.57045159774783e-09,7.05525737291244e-09,4.74815090990668e-09,3.27115559854054e-09,2.95154319725038e-09,5.51882217662447e-09,4.07835058085881e-09,6.22291128400928e-09,3.08886620473425e-09,2.55154792514658e-09,2.42657873564588e-09,3.67540909905191e-09,2.94129080985723e-09,4.19029137576753e-09,7.9765901521692e-09,1.55410245288291e-08,2.95908463107593e-08,1.43922624027769e-08,2.62659220185193e-08,2.25870248910104e-08,1.81460029370821e-08,3.40031131342272e-08,3.50271616880053e-08,3.05321304400616e-08,5.42838439319107e-08,4.90449962497014e-08,2.78495944387776e-08,2.88848512603329e-08,1.58857427111171e-08,4.42161993396039e-08,2.72575934524821e-08,4.19240456861677e-08,2.4285441505569e-08,1.30767803812954e-08,6.85086789137843e-09,2.27498054648068e-08,1.28698710848874e-08,2.05761316346583e-08,1.12171300843168e-08,6.00096718480606e-09,5.30316558590829e-09,1.1011879453287e-08,6.44992561057736e-09,1.11034115600486e-08,5.30423505834016e-09,4.73465944542222e-09,3.25166743910008e-09,5.77725249480631e-09,5.18997969273131e-09,6.14319962809222e-09,3.88199643680497e-09,2.75470418983872e-09,2.16416287623651e-09,4.12319672096453e-09,3.41950055605321e-09,4.75065078459198e-09,2.62788222458129e-09,2.01436474211011e-09,1.97496531493941e-09,3.19506126445439e-09,2.67175810201394e-09,3.77104817510805e-09
1.84516505310062e-08,3.81736507406758e-08,3.16423434737475e-08,2.89659540669437e-08,5.60731275708158e-08,4.32725696738836e-08,4.74403432888461e-08,3.70408396752954e-08,4.03870402977923e-08,6.86535348073537e-08,6.03381321766982e-08,9.85144606653868e-08,2.99776764855408e-08,3.31546670944687e-08,1.88656791144355e-08,4.89910573002176e-08,3.00855013564164e-08,4.44354830305088e-08,2.8071285119938e-08,1.55998118970435e-08,8.9846440069203e-09,2.50240976544653e-08,1.52835956259839e-08,2.35407407208267e-08,1.3624142099815e-08,7.71037070647077e-09,7.40723544203803e-09,1.31978141491929e-08,8.21395308701571e-09,1.3299383360183e-08,6.88236446027654e-09,6.68803868860328e-09,4.48745159949064e-09,7.33645705903683e-09,7.66943517695588e-09,7.93184975423584e-09,5.5700246993541e-09,3.79471727087861e-09,3.48280713189051e-09,6.40805081153459e-09,4.98327449095295e-09,7.44857420059917e-09,3.59621060524563e-09,3.0870241107275e-09,2.80289397043656e-09,4.54935040558889e-09,3.51034059653959e-09,4.94170513300584e-09,1.53152963495677e-08,3.11366643795267e-08,2.70411743734724e-08,2.33402568805939e-08,4.71300068152747e-08,3.56480736955832e-08,3.74316912766758e-08,3.17936738232255e-08,3.3545972205586e-08,5.57351539611266e-08,5.05737394949469e-08,7.93796844347551e-08,2.57596696977277e-08,2.76640819528488e-08,1.63034846012106e-08,4.04164583233864e-08,2.58871667269592e-08,3.83109319086034e-08,2.32236210824211e-08,1.33727600946555e-08,7.50652921356335e-09,2.14156059847509e-08,1.38232426137531e-08,2.05266403044026e-08,1.16000994242503e-08,6.56633630483619e-09,6.20880954125684e-09,1.18915560951684e-08,7.18691759212856e-09,1.19838173974339e-08,5.99088219624884e-09,5.63640803615737e-09,3.99792988759846e-09,6.58506115449538e-09,6.20410940316952e-09,6.91082972128688e-09,4.61203284497318e-09,3.27727998647852e-09,2.77638001796067e-09,4.95379823403321e-09,4.33436956453996e-09,5.88031453285737e-09,3.12009001749727e-09,2.59690942469326e-09,2.33200848987869e-09,4.1295124688701e-09,3.16297177774318e-09,4.42860668892226e-09
7.25434095549445e-09,1.5908146424667e-08,3.28375219374386e-08,1.42150332023751e-08,2.8673255713573e-08,2.52627557774616e-08,1.86956537450239e-08,3.78546537127975e-08,1.76306212910108e-08,3.34808583370647e-08,3.32145136801336e-08,2.99776764855408e-08,4.3545163723658e-08,1.9654256171037e-08,9.36466550773524e-09,3.79297653133612e-08,1.86945708960276e-08,3.53842254565266e-08,1.67262476411422e-08,7.85351073664542e-09,8.63389699887863e-09,1.56200112676932e-08,8.72044351358134e-09,1.52934021719089e-08,6.88634364961967e-09,7.41879254648334e-09,5.00073355794021e-09,7.51741808504215e-09,8.2449939335536e-09,8.1002611703871e-09,6.56513302206942e-09,4.41180328642308e-09,3.134069502547e-09,7.33498848049717e-09,5.12710199409061e-09,8.0622975676407e-09,3.76166290063081e-09,2.6427752172249e-09,2.4028989138378e-09,4.27294626023175e-09,3.34485349309904e-09,4.85764600720928e-09,2.39485353269347e-09,2.13880563780427e-09,1.94015511306521e-09,2.94389502708365e-09,2.47246733398535e-09,3.3940518368995e-09,6.03693267171402e-09,1.3553209995739e-08,2.78917737773506e-08,1.25214753657971e-08,2.38689079627635e-08,2.0724811430235e-08,1.57317612409574e-08,3.21650549595076e-08,1.42530586374048e-08,2.76051005214087e-08,2.75898612573392e-08,2.41254973302746e-08,3.705215216406e-08,1.58847088315524e-08,8.22152210498603e-09,3.14291968368882e-08,1.58149508777993e-08,3.05502205569453e-08,1.34443321545047e-08,6.94044990190039e-09,7.36575581719817e-09,1.31917498239444e-08,8.05547157534879e-09,1.30380478974715e-08,6.00798261876275e-09,6.31711502958198e-09,4.20907267200319e-09,6.83911711509212e-09,7.14500814179876e-09,7.27404696351093e-09,5.49080054391596e-09,3.67526359604038e-09,2.75842150571335e-09,6.29918189765018e-09,4.16732612584926e-09,7.0637898293342e-09,3.04244575825737e-09,2.34790920888731e-09,1.86331818328798e-09,3.37622776431182e-09,2.98537738550018e-09,3.83716539204034e-09,2.17551607983427e-09,1.71611573096419e-09,1.57504068401602e-09,2.66133954935335e-09,2.08648493775661e-09,2.93137146670754e-09
7.40289917004418e-09,7.32038779915655e-09,1.58142770015532e-08,7.57039053260071e-09,1.48947617231989e-08,1.3759207395731e-08,8.58972282170511e-09,1.76255214371237e-08,4.13232698845975e-08,1.71284911157911e-08,3.49260057276249e-08,3.31546670944687e-08,1.9654256171037e-08,4.64007254817335e-08,2.27533749072789e-08,3.90827263082962e-08,4.21474595880972e-08,3.55689645675273e-08,3.92932003068558e-08,1.89794577170611e-08,8.62879625007676e-09,3.51497800641178e-08,1.75020462236255e-08,3.22369197735904e-08,1.62992535483119e-08,7.26050501307136e-09,6.13007868118595e-09,1.47920029828311e-08,7.3983917826929e-09,1.45609357429692e-08,6.30282735723478e-09,5.28168860985389e-09,3.63939061353271e-09,6.40506596958994e-09,6.1597504935012e-09,7.09449546037241e-09,4.67203470572559e-09,3.12995577432309e-09,2.61643869399957e-09,5.34216063492945e-09,3.60216340805964e-09,5.76873964384506e-09,2.74075321602707e-09,2.1499263137588e-09,1.91491532604108e-09,3.0226181299462e-09,2.53563972233163e-09,3.44774275773771e-09,6.43555931756158e-09,6.07129833119205e-09,1.35319448257938e-08,6.195797320564e-09,1.25554723955983e-08,1.11658694804937e-08,7.10885418078424e-09,1.49497219686601e-08,3.4177649423006e-08,1.41567506938751e-08,2.90954401020987e-08,2.72675735487052e-08,1.69145709446459e-08,3.84970629606633e-08,1.89135636628943e-08,3.25704141117779e-08,3.55536742626165e-08,3.02594173437257e-08,3.25978381672605e-08,1.58062371792205e-08,6.91544877981703e-09,2.99909261541357e-08,1.46353780545737e-08,2.69990965825415e-08,1.34938623503746e-08,5.87248867789059e-09,4.89771548271998e-09,1.23918225058692e-08,6.24271380648557e-09,1.26789918710462e-08,5.09649248840144e-09,4.25787127694992e-09,2.96964838064343e-09,5.42184236943642e-09,4.36344058170429e-09,5.6014147730388e-09,3.71554182656947e-09,2.55500581277285e-09,1.84259056339423e-09,3.76570906704698e-09,3.03743966164086e-09,4.55864716627702e-09,2.32368619599532e-09,1.57922824270065e-09,1.47329068083424e-09,2.6162721491678e-09,2.12593233339041e-09,3.06968888732276e-09
6.58855555286809e-09,8.58958958180999e-09,7.82567725041775e-09,1.03506978370799e-08,8.51217370567922e-09,8.95418666366352e-09,9.43812929680487e-09,8.46242654702252e-09,2.05935261454791e-08,9.45321679783852e-09,1.86663547235557e-08,1.88656791144355e-08,9.36466550773524e-09,2.27533749072789e-08,5.17096247567087e-08,2.05358834075616e-08,4.25408582077255e-08,3.86526601651266e-08,1.89850964544187e-08,4.24945107896908e-08,1.98744348226e-08,3.4640091643714e-08,3.72470501520548e-08,3.00873744122662e-08,3.65191346888028e-08,1.66192016889886e-08,6.97661649296164e-09,3.16158960368122e-08,1.59356495397099e-08,3.00010724832351e-08,1.46292946285582e-08,6.03707053018551e-09,5.2865821213498e-09,1.3976017053685e-08,6.93936502434383e-09,1.47635315034815e-08,5.14106809202199e-09,4.42570626509218e-09,3.20332225198911e-09,5.88742898798267e-09,4.94926912619873e-09,6.20195543647405e-09,3.94210567934297e-09,2.67153373976408e-09,2.41579529108182e-09,4.30769552970558e-09,3.29706593604388e-09,4.70207974944913e-09,5.8361373396096e-09,6.65684782943544e-09,6.64801891003513e-09,8.2913677346543e-09,7.14318337446804e-09,7.32767844292505e-09,7.53092114120923e-09,7.33184851690688e-09,1.73440816506596e-08,8.15971715645001e-09,1.55357638464793e-08,1.60812237502629e-08,7.9183454658061e-09,1.93958402328214e-08,4.19590341944356e-08,1.7166563522781e-08,3.48550137702737e-08,3.18052318570446e-08,1.61815457587207e-08,3.49490853773834e-08,1.56421364997631e-08,2.88250030996523e-08,3.0565570936441e-08,2.49873934796733e-08,2.97833754723438e-08,1.32654325458325e-08,6.25697400475199e-09,2.602870009126e-08,1.23143569377834e-08,2.45018496312631e-08,1.16530366798621e-08,5.35220955413523e-09,4.1243835575433e-09,1.08201780236371e-08,5.99933488200804e-09,1.17770751174396e-08,4.51731139471592e-09,3.53856627461919e-09,2.24548010263999e-09,5.25906381294983e-09,3.94970586047082e-09,5.49292581523312e-09,3.15617651113503e-09,1.89684957873601e-09,2.18822904389063e-09,3.48325526106633e-09,2.85953320278352e-09,4.31804694450254e-09
8.49707618044544e-09,1.52458993228559e-08,2.88833583846978e-08,1.40483385233034e-08,2.55583008841041e-08,2.24961206137433e-08,1.80858435235873e-08,3.32099832345522e-08,3.49288714490216e-08,3.00553034463586e-08,5.40977373356649e-08,4.89910573002176e-08,3.79297653133612e-08,3.90827263082962e-08,2.05358834075616e-08,6.18754222618848e-08,3.54719551785341e-08,5.60926577019406e-08,3.30781720068697e-08,1.69600748405151e-08,9.30880967655515e-09,2.94697042322268e-08,1.62925794171793e-08,2.70442221047535e-08,1.45434595421987e-08,7.83160001620637e-09,7.38426330866367e-09,1.38290975435825e-08,8.23629958917633e-09,1.3645670980527e-08,6.82306595911858e-09,6.49296804937977e-09,4.15687914830123e-09,7.17805043627197e-09,7.5082156397792e-09,7.91539305289093e-09,5.60828608098242e-09,3.57120468227894e-09,3.15981579494424e-09,6.38780233935446e-09,4.34939418596497e-09,6.98064435007898e-09,3.16510141589056e-09,2.59736186183782e-09,2.41630115242368e-09,3.64620744088138e-09,3.06511549197079e-09,4.31772102741256e-09,7.09567629433672e-09,1.28696120396502e-08,2.43575153075081e-08,1.23562581662977e-08,2.11785545506238e-08,1.84030949402321e-08,1.50382894217954e-08,2.78452280068953e-08,2.88865229030983e-08,2.46167334261948e-08,4.42145592449136e-08,3.91560121202043e-08,3.20678760789006e-08,3.23095992487981e-08,1.74844837746357e-08,5.01464046389614e-08,3.03042377066812e-08,4.7702836603456e-08,2.73614768492595e-08,1.44291999553173e-08,7.82584620087309e-09,2.53211053326697e-08,1.42462274506557e-08,2.29421240074685e-08,1.23500160675887e-08,6.60647040986214e-09,5.91013110566923e-09,1.21040914256775e-08,7.14734003931547e-09,1.21368757316857e-08,5.70170247464269e-09,5.20150045061151e-09,3.5090070820517e-09,6.33750215155263e-09,5.73530493956785e-09,6.86577886169859e-09,4.33043207994837e-09,2.99185595767102e-09,2.21983448525294e-09,4.67924420791509e-09,3.67803605745274e-09,5.31921794353322e-09,2.68764430146896e-09,1.89918872230811e-09,1.93494180040818e-09,3.16660362212202e-09,2.68072049975126e-09,3.86817086930688e-09
9.29412599286549e-09,8.52717326780716e-09,1.51080380413617e-08,9.44466473598739e-09,1.45253320864422e-08,1.41928387639537e-08,9.82085904679064e-09,1.68518025888827e-08,3.76895201282275e-08,1.6584279126723e-08,3.21143286624511e-08,3.00855013564164e-08,1.86945708960276e-08,4.21474595880972e-08,4.25408582077255e-08,3.54719551785341e-08,6.74466909044729e-08,5.7989506896604e-08,3.51552307862612e-08,3.46368851078322e-08,1.78912691961642e-08,5.49357205353312e-08,2.97897358376023e-08,4.79062261952339e-08,2.96666789452755e-08,1.50283583822784e-08,6.72873668434008e-09,2.52627326197902e-08,1.44382614006619e-08,2.39503094713635e-08,1.31389072205755e-08,5.76539230028192e-09,5.63111460629508e-09,1.25281653746443e-08,6.8983911149538e-09,1.33019787632412e-08,5.10048075629946e-09,4.85476674721196e-09,3.31284343990885e-09,6.04899103402334e-09,5.36884510743278e-09,6.45600292803514e-09,4.31789223068002e-09,2.79269373065772e-09,2.42509179091781e-09,4.68098036539547e-09,3.41964096240173e-09,5.11166369110133e-09,8.34590723509651e-09,6.81545731199881e-09,1.30830186582048e-08,7.62463292582093e-09,1.24546658971058e-08,1.15210478770948e-08,7.91842525790167e-09,1.4494031970643e-08,3.18084366861137e-08,1.40583016851865e-08,2.70272089435867e-08,2.52966710315812e-08,1.60300574945208e-08,3.57005074835189e-08,3.53605869482321e-08,3.0001796609942e-08,5.65018957069411e-08,4.91790097624674e-08,2.97826769696481e-08,2.89651431204257e-08,1.45103361950681e-08,4.6850536900991e-08,2.49977643214587e-08,4.08358312496126e-08,2.47630069210245e-08,1.24445365463741e-08,6.05525762958447e-09,2.13433046388306e-08,1.17740944329088e-08,2.01420067491571e-08,1.08703414585223e-08,5.11238149293316e-09,4.47912006539324e-09,1.02377006346143e-08,5.52169182316313e-09,1.0682188061571e-08,4.47299856054867e-09,3.92841416799102e-09,2.32438137110908e-09,4.9383204652507e-09,4.39684182587493e-09,5.4094573822524e-09,3.57452706923358e-09,1.98649867093985e-09,2.09767544434423e-09,3.9194768997063e-09,2.82227728871259e-09,4.56690285006039e-09
9.68082389197489e-09,1.56939496456812e-08,2.71997151685026e-08,1.49138431022306e-08,2.41963966652679e-08,2.18372043979009e-08,1.85109852801141e-08,3.12293401979867e-08,3.21015190121058e-08,2.82982257459811e-08,4.9695742602391e-08,4.44354830305088e-08,3.53842254565266e-08,3.55689645675273e-08,3.86526601651266e-08,5.60926577019406e-08,5.7989506896604e-08,8.31929674279517e-08,2.95839439515379e-08,3.11855408733122e-08,1.71079695063555e-08,4.69542064918511e-08,2.70449786010787e-08,4.08686918903072e-08,2.66250751289758e-08,1.42990897239046e-08,7.27241905088333e-09,2.29605564396182e-08,1.39844824269017e-08,2.19867109970332e-08,1.24974441860796e-08,6.24705205160959e-09,5.83172674405574e-09,1.21283054389141e-08,7.22538201830781e-09,1.28152230168822e-08,5.51966450172478e-09,5.04242750196208e-09,3.66568812345732e-09,6.38339898518654e-09,5.95782187871254e-09,7.05615115071418e-09,4.55983296505203e-09,3.14440065292211e-09,2.71522441338015e-09,5.241820559592e-09,3.70893422285519e-09,5.72983604861822e-09,8.39494285501348e-09,1.28790083388645e-08,2.29805153098017e-08,1.28701776193311e-08,2.03409915839973e-08,1.79257804070519e-08,1.50123943046523e-08,2.60612649450228e-08,2.67170857042408e-08,2.3384124203557e-08,4.06119817078189e-08,3.58928122076486e-08,2.96505219817409e-08,2.95568326527178e-08,3.21246198869982e-08,4.59619572654769e-08,4.88621853108902e-08,7.03031589798811e-08,2.46202045853909e-08,2.60445591244016e-08,1.40990079240281e-08,4.01357950682465e-08,2.34080716721301e-08,3.51849854361939e-08,2.22802949366032e-08,1.21371413156443e-08,6.48682735089854e-09,2.01054827750237e-08,1.15205807176121e-08,1.87805334662442e-08,1.05944062700972e-08,5.51797760426236e-09,4.79355540107914e-09,1.01285761231733e-08,6.10487364171425e-09,1.07500655662324e-08,4.86846170742896e-09,4.2072113825984e-09,2.62050253062747e-09,5.42118548324218e-09,4.91229023185148e-09,5.91183090299287e-09,3.89461395510848e-09,2.27794233956638e-09,2.38088181415343e-09,4.38913162537362e-09,3.24747762689507e-09,5.14776980222646e-09
6.39994297207678e-09,6.37540010343449e-09,1.3556217418103e-08,6.52479021781758e-09,1.28906684713909e-08,1.18814435628944e-08,7.46430664723987e-09,1.50026310404042e-08,3.48557019289986e-08,1.47057969395388e-08,2.95274147973733e-08,2.8071285119938e-08,1.67262476411422e-08,3.92932003068558e-08,1.89850964544187e-08,3.30781720068697e-08,3.51552307862612e-08,2.95839439515379e-08,4.57531654684582e-08,2.14071971094908e-08,9.70852451854934e-09,4.11390622994899e-08,1.96769066874725e-08,3.774792106041e-08,1.78866889559319e-08,7.99801922096334e-09,7.06576486079261e-09,1.61755712926481e-08,8.4071837123625e-09,1.60507668425972e-08,6.96051176754206e-09,5.9561843490512e-09,4.05023926704491e-09,7.22265336929833e-09,6.8034637206468e-09,7.86649238186856e-09,5.28669628879758e-09,3.50873183058267e-09,2.83597678123706e-09,5.91138529076939e-09,3.95436277847366e-09,6.21428110353442e-09,3.08293762076118e-09,2.3142472278215e-09,2.29232549155579e-09,3.32481747946493e-09,2.82074099662938e-09,3.84432199051089e-09,5.57339587799992e-09,5.3152034943447e-09,1.14013073026623e-08,5.35248324130843e-09,1.08196699499493e-08,9.51228264004931e-09,6.13242925635797e-09,1.2434864169326e-08,2.86888111036186e-08,1.18998775590163e-08,2.43373351261495e-08,2.28829787865916e-08,1.40631819080132e-08,3.25981224666855e-08,1.58097607566148e-08,2.72687033236537e-08,2.99941874840515e-08,2.51415136489853e-08,3.80330367643829e-08,1.74549166518505e-08,7.77472730151959e-09,3.4881003316092e-08,1.6395142378082e-08,3.17728711059778e-08,1.46598590789424e-08,6.52650622777239e-09,5.7205180896657e-09,1.36530710568541e-08,6.97695161314527e-09,1.38638109160133e-08,5.64192783973862e-09,4.89133228793535e-09,3.33396872402882e-09,6.00878142178344e-09,5.05735002105466e-09,6.26381995138377e-09,4.32551449742592e-09,2.88563902488302e-09,2.08300216364659e-09,4.3762700586938e-09,3.17146336824434e-09,4.86454435861537e-09,2.62686249917117e-09,1.78347086293807e-09,1.85860650541223e-09,2.74941910839668e-09,2.44381639723491e-09,3.33989531322195e-09
