2.13808383855627e-08,1.02708548817622e-08,4.61507835393895e-09,1.87983723629412e-08,9.67688372445745e-09,1.77805696381888e-08,8.41783755936541e-09,3.71115119731879e-09,3.8912133291974e-09,7.86812924980955e-09,4.16742516326999e-09,7.91085428843986e-09,3.15339913814341e-09,3.05608524763329e-09,2.22628430265551e-09,3.49088926854538e-09,3.80712508324156e-09,3.90116416208157e-09,2.67791588775341e-09,1.94624131803277e-09,1.51497906281116e-09,3.30146858124693e-09,1.96915273408068e-09,3.348854720594e-09,1.66130260921992e-09,1.32133099389161e-09,1.04161228426531e-09,1.67829053502827e-09,1.49977139286543e-09,1.82688039640722e-09,1.17333262152039e-09,9.63431215011433e-10,1.04378829934141e-09,1.34206000478761e-09,1.48201632355877e-09,1.79457732342118e-09,8.25134051311325e-10,8.42192794231936e-10,9.16118365753662e-10,1.22886561147604e-09,1.18201183556496e-09,1.54309003899989e-09,7.54758806708758e-10,7.4769458195354e-10,8.36177785548661e-10,9.97551618263723e-10,9.43497559548788e-10,1.1978617152594e-09,1.43637475004755e-08,6.89908463732298e-09,2.47743556394084e-09,1.29196640368399e-08,5.91273151282015e-09,1.15478910759845e-08,5.73604575415795e-09,1.97560204538729e-09,2.28980215411002e-09,4.95964867604447e-09,2.64329715149507e-09,5.61168231074778e-09,1.88282226997794e-09,1.72963872978567e-09,1.32937405089755e-09,2.36817499867086e-09,2.12395143850177e-09,2.72422495864147e-09,1.4594977136929e-09,1.16843906959026e-09,7.4587349197625e-10,1.9140914013781e-09,1.26796839624051e-09,1.83338012768112e-09,1.07313743583786e-09,6.48484007156111e-10,6.64019807028618e-10,1.09436280507267e-09,7.21094298070824e-10,1.22948032698756e-09,5.2861983835309e-10,5.81642878682076e-10,6.31339925138191e-10,5.84910320174562e-10,8.04582253253845e-10,6.54801201298759e-10,4.13392185441628e-10,5.92179857719476e-10,7.08506764229632e-10,6.79614031001034e-10,7.87395876407326e-10,9.55416159383652e-10,4.4044526344783e-10,5.8047124055708e-10,5.09786525540103e-10,5.65635430666748e-10,7.59702796538967e-10,7.47851192295254e-10
1.02708548817622e-08,2.3066958628428e-08,1.06073418543763e-08,1.89990618506722e-08,2.02266854451612e-08,1.63433383001206e-08,1.86987912414926e-08,8.07971404329825e-09,4.33346390051426e-09,1.60809125698645e-08,8.09457167860296e-09,1.55157645090232e-08,6.73817400708483e-09,3.49081653185484e-09,3.27357139465754e-09,6.68649522891454e-09,4.00697040831749e-09,6.78947759702992e-09,2.9638042378425e-09,2.63465722678736e-09,1.73085680796469e-09,3.28744604677124e-09,2.79132956089648e-09,3.49495190668419e-09,2.26875085432853e-09,1.45413103633909e-09,1.1124367259681e-09,2.34117745134683e-09,1.68017411684587e-09,2.54851393942598e-09,1.35563204129146e-09,1.07421867191836e-09,1.10765761591583e-09,1.57005317241708e-09,1.37882100730644e-09,1.8299319777829e-09,9.62457694161372e-10,8.92621158443924e-10,8.51554447094447e-10,1.12957016727446e-09,1.13181364552853e-09,1.40129163682319e-09,9.18478264986854e-10,8.21084339941772e-10,8.51617848081926e-10,1.15817928162762e-09,1.05735251793807e-09,1.4392004124327e-09,6.72817470511617e-09,1.43489039812568e-08,6.43334580400605e-09,1.21136851328769e-08,1.24774248472353e-08,1.02327316094431e-08,1.15247865341236e-08,5.10566062515533e-09,2.98383793695773e-09,1.03301018087574e-08,5.57405689270827e-09,1.05193291492225e-08,4.42512052530824e-09,2.40005047302204e-09,1.58278370770572e-09,4.75802231937007e-09,2.58501438940738e-09,4.96420235056034e-09,1.95846024277761e-09,1.30367522216789e-09,9.00752586729018e-10,2.09481781882528e-09,1.4781481171196e-09,2.38123990337464e-09,1.09050534128562e-09,8.30009738841578e-10,6.3939198706541e-10,1.18318851774722e-09,1.00884188383448e-09,1.39783537551997e-09,7.45668744112935e-10,5.49829861900816e-10,8.18954619362077e-10,9.05004601607894e-10,7.91124320219843e-10,1.118856452524e-09,5.29164792717425e-10,7.65839250837833e-10,4.81099849150398e-10,7.31409064240637e-10,7.66114059958427e-10,7.68989293306531e-10,7.74016539903019e-10,4.5661804010552e-10,6.22374745792973e-10,7.15488526046155e-10,7.58161356692594e-10,1.01545632491600e-09
4.61507835393895e-09,1.06073418543763e-08,2.25315383730943e-08,9.72285270777228e-09,1.92938646308804e-08,1.78467551159166e-08,8.08513783764706e-09,1.70776158164909e-08,8.77824205872716e-09,1.44525755815909e-08,1.53564202372295e-08,1.30043458733538e-08,1.41331109355966e-08,7.07631545219978e-09,3.56868935614447e-09,1.26757663879752e-08,7.13741951541689e-09,1.23321252857947e-08,5.88281968814237e-09,2.92653737263761e-09,2.21303599685949e-09,5.97621681386943e-09,3.06596344316315e-09,6.01013601089687e-09,2.38534246834061e-09,1.89114297517682e-09,1.10404280652654e-09,2.481636947308e-09,2.07876762654285e-09,2.46083390622528e-09,1.67475369891329e-09,9.91002853871804e-10,1.02759374127874e-09,1.80200104422375e-09,1.28508928896932e-09,2.09396620900481e-09,9.38287662377819e-10,9.14303387578223e-10,9.74677925269589e-10,1.12011126066261e-09,1.22318557877232e-09,1.49023882061297e-09,1.01537549550229e-09,9.22017299951131e-10,8.73915317330435e-10,1.39420252877592e-09,1.24661856126815e-09,1.72208672405088e-09,2.81495782212733e-09,6.08787416395417e-09,1.33390814546676e-08,6.13801596645475e-09,1.12179052379711e-08,1.08431317021114e-08,4.66329817592515e-09,1.01837664608857e-08,4.94711583284447e-09,8.6076039929419e-09,9.41437089045215e-09,8.31212290679419e-09,8.73618127971773e-09,3.97834352158598e-09,2.17717049431909e-09,8.04900370318127e-09,4.26565262122782e-09,8.13828021272805e-09,3.33578011732839e-09,1.74760571689458e-09,1.37728818845892e-09,3.52224078233648e-09,2.27709761860027e-09,4.06919702055785e-09,1.38258368607611e-09,1.19334119730723e-09,7.16978081485814e-10,1.72438541218488e-09,1.37724820411727e-09,1.787548354017e-09,1.14550051996166e-09,6.21183402315695e-10,5.69372418604908e-10,1.1339546616181e-09,7.33458977923066e-10,1.0910185094474e-09,5.64745996543932e-10,5.94869927965762e-10,4.54445538474411e-10,6.67523563842771e-10,7.67365166092165e-10,7.29451002054598e-10,6.42752287583909e-10,4.90277750278908e-10,7.83452532943117e-10,8.73283160666959e-10,1.03736505595054e-09,1.37443564202017e-09
1.87983723629412e-08,1.89990618506722e-08,9.72285270777228e-09,2.92025970007008e-08,1.63348665735087e-08,2.55579770724613e-08,1.53693459242202e-08,7.3985815338305e-09,4.42788803286329e-09,1.29535199269958e-08,7.58303872294744e-09,1.26633215736544e-08,6.06098401929209e-09,3.47507197109025e-09,3.58876345324367e-09,6.13435989759944e-09,4.14995542947357e-09,6.56447043018148e-09,2.89805091943399e-09,2.99195119429913e-09,2.00079609254155e-09,3.39932567580329e-09,3.09805811862946e-09,3.55434976739523e-09,2.62154729362088e-09,1.72297029733399e-09,1.29297580524473e-09,2.67397762711399e-09,1.98926755918471e-09,2.94421889654629e-09,1.53627270116269e-09,1.24024450216216e-09,1.30043066601396e-09,1.81238331991896e-09,1.742042320592e-09,2.27983062461965e-09,1.1136007818466e-09,1.08642299170686e-09,1.10661589829415e-09,1.48619002684478e-09,1.48281525011804e-09,1.92927158075213e-09,1.05139615709302e-09,9.4415173713743e-10,1.02693635523598e-09,1.35231218585499e-09,1.21142265467153e-09,1.62198597823756e-09,1.28285189871433e-08,1.25242210018656e-08,5.79990819602398e-09,1.92447539590113e-08,1.03493717009515e-08,1.66919623251259e-08,1.00772409645269e-08,4.53812161241248e-09,2.97636370358782e-09,8.57161506632679e-09,5.12673666722809e-09,8.92087522707515e-09,3.91235154959429e-09,2.35177290477061e-09,2.00589347928256e-09,4.3588882009633e-09,2.7698801868276e-09,4.84578331515922e-09,1.89342649236978e-09,1.72596303201775e-09,1.13101539788315e-09,2.22971451534631e-09,1.95916855140136e-09,2.37840877741092e-09,1.50251387059272e-09,9.6988964427119e-10,7.34241247702333e-10,1.65057975276384e-09,1.15803720662963e-09,1.90095175164106e-09,8.28634064709524e-10,6.55010341431881e-10,9.85274777145393e-10,9.83043430221893e-10,1.02339317693995e-09,1.22212155198187e-09,5.46602988600969e-10,9.41474707616284e-10,7.46348724838056e-10,9.32868639922535e-10,1.05100729705074e-09,1.12333823420608e-09,8.49261205742524e-10,6.24752166135292e-10,7.70890531246325e-10,8.83941803878024e-10,8.96014934232778e-10,1.1599938536714e-09
9.67688372445745e-09,2.02266854451612e-08,1.92938646308804e-08,1.63348665735087e-08,3.07911727211522e-08,2.5624174470266e-08,1.60837772121087e-08,1.44481639142994e-08,8.41944967121197e-09,2.38432877384945e-08,1.31829769859293e-08,2.18574919736317e-08,1.19100600678014e-08,6.82469821268571e-09,3.8695213342315e-09,1.08259105464272e-08,6.98828423915232e-09,1.04506011904453e-08,5.63252708866901e-09,3.1133971144523e-09,2.67568054590389e-09,5.73654347816402e-09,3.43245236579116e-09,5.96004446606644e-09,2.48023545592959e-09,2.25631799146323e-09,1.43637849948396e-09,2.64945916816126e-09,2.61173155921612e-09,2.87220083474905e-09,2.01186664264743e-09,1.33324098099465e-09,1.27820595611581e-09,2.29961149350078e-09,1.69419671402512e-09,2.69925413968975e-09,1.20945869801468e-09,1.03919025087215e-09,1.17414858771208e-09,1.40202220399913e-09,1.43062262235241e-09,1.83972349837999e-09,1.10812091865269e-09,1.09701748008752e-09,1.07483769128831e-09,1.52534646685669e-09,1.44355110021167e-09,1.84492968961575e-09,6.01942864875776e-09,1.22823247252258e-08,1.1491671565193e-08,1.04211164447477e-08,1.80499993281345e-08,1.54333156306512e-08,9.80664440012083e-09,8.89189545365046e-09,5.10642030120028e-09,1.45043651133632e-08,8.95577372235837e-09,1.44766871699054e-08,7.64460255440489e-09,4.12373562808538e-09,2.30746400666596e-09,7.49844188903637e-09,4.32281958910171e-09,7.54352016644275e-09,3.4458071410485e-09,1.88236417105098e-09,1.6077601501551e-09,3.55467358718086e-09,2.40306496295450e-09,4.26485043007789e-09,1.46005165874272e-09,1.34810694025582e-09,8.32173716843165e-10,1.66177082342371e-09,1.44984695617864e-09,1.79639787914256e-09,1.2391051120513e-09,7.28417799838414e-10,6.81903477728329e-10,1.2597907940321e-09,9.58527522779382e-10,1.37543927163208e-09,6.78816231922501e-10,6.23305595442288e-10,6.58351921304012e-10,8.62634660753233e-10,8.08834135829254e-10,1.00628527899706e-09,6.83919686272808e-10,6.71822156055297e-10,8.11288840033404e-10,8.80694883068368e-10,1.08081681398327e-09,1.31901080588566e-09
1.77805696381888e-08,1.63433383001206e-08,1.78467551159166e-08,2.55579770724613e-08,2.5624174470266e-08,3.6777938128486e-08,1.29705580553532e-08,1.33349331490955e-08,8.070369580716e-09,1.97881147433737e-08,1.21931731539441e-08,1.8088724564666e-08,1.08551384253808e-08,6.39261394287909e-09,3.8752476815239e-09,9.79919520119819e-09,6.74988663911751e-09,9.78113768814656e-09,5.17158095402407e-09,3.17176036823219e-09,3.00016907483913e-09,5.48575448366803e-09,3.42388792760126e-09,5.65478047629789e-09,2.61291890143954e-09,2.609358348176e-09,1.70666499925371e-09,2.80032681302286e-09,3.01218759853686e-09,3.02551497764396e-09,2.27506723827422e-09,1.57000624188763e-09,1.52655329011929e-09,2.62393428250723e-09,2.09909988239244e-09,3.18022414802853e-09,1.43646122153993e-09,1.30801097865606e-09,1.47693533668554e-09,1.82020653785977e-09,1.92513353608804e-09,2.44278411493458e-09,1.26974657363447e-09,1.22778339120737e-09,1.2291426235276e-09,1.80116936698294e-09,1.6154169067375e-09,2.15415676942111e-09,1.17363803163073e-08,1.04807497161319e-08,1.04424802026153e-08,1.68258066079757e-08,1.5392272949017e-08,2.30783297995247e-08,8.3892245452692e-09,7.97777587969412e-09,4.80092038688477e-09,1.23135639372974e-08,8.03981164768326e-09,1.22446313780362e-08,6.79868735879143e-09,3.83205083682316e-09,2.4195041810735e-09,6.68041440369434e-09,4.19334422390798e-09,6.98454632852157e-09,3.19998240522335e-09,2.03332056646056e-09,1.83880394007868e-09,3.4128500209232e-09,2.59381954187552e-09,4.01225798883646e-09,1.65606584027635e-09,1.56750293638821e-09,9.44529292162456e-10,1.99550206968143e-09,1.73840683272283e-09,2.14607072088249e-09,1.39863795667665e-09,8.38687447462983e-10,8.45895272927559e-10,1.46893035856410e-09,1.08139958514421e-09,1.48611875398725e-09,7.03463084292706e-10,7.93675384395718e-10,8.60195854498908e-10,9.33484864715185e-10,1.11337450884038e-09,1.28471963984482e-09,7.02623069077336e-10,7.64339789975042e-10,9.49485280195189e-10,1.00237713393889e-09,1.23754249695897e-09,1.57494325272612e-09
8.41783755936541e-09,1.86987912414926e-08,8.08513783764706e-09,1.53693459242202e-08,1.60837772121087e-08,1.29705580553532e-08,2.29005072794376e-08,9.58923518881216e-09,5.13289549403156e-09,2.03411750679572e-08,9.83260494587206e-09,2.01199384399765e-08,7.92536032469842e-09,4.12182865582322e-09,3.81351729453629e-09,8.04823116662451e-09,4.73971909512849e-09,8.31069807810169e-09,3.5202466925391e-09,3.12141580335409e-09,1.99250936555854e-09,3.93214657891487e-09,3.37475167098418e-09,4.20181526861785e-09,2.67005111483015e-09,1.68942669849081e-09,1.25138707693298e-09,2.83976188251794e-09,1.94271610812473e-09,3.05714925077101e-09,1.56723258915356e-09,1.18942390825251e-09,1.23559083091527e-09,1.79338118152721e-09,1.49030618996259e-09,2.02130034911815e-09,9.7815621608884e-10,9.81921716302949e-10,9.92486031574079e-10,1.15102257510085e-09,1.25079178798467e-09,1.46061959644263e-09,9.27469216280426e-10,8.92488899240822e-10,9.2909756874031e-10,1.13378742948903e-09,1.18713925386194e-09,1.45135260104457e-09,5.44193939621471e-09,1.15253455890475e-08,5.10721197031699e-09,9.4255822856682e-09,1.03290006777877e-08,8.1575028364057e-09,1.4129421133182e-08,6.44534645040858e-09,3.59310488879263e-09,1.32964544756821e-08,7.03998726857763e-09,1.35743365689142e-08,5.43363400460935e-09,2.89322107858226e-09,1.94230394718559e-09,5.95679362086231e-09,3.12278547049762e-09,6.39058789588445e-09,2.37720334269894e-09,1.59866335490544e-09,1.09987948494746e-09,2.51524648531628e-09,1.80697847161979e-09,2.7880132559597e-09,1.30602516070498e-09,9.79248420695017e-10,7.19016962003008e-10,1.39116083736707e-09,1.22229096626776e-09,1.67595299362024e-09,8.62993454613543e-10,6.3584364983073e-10,9.11174536486938e-10,1.07133011931326e-09,9.03433167890411e-10,1.28175768934676e-09,5.42178640020911e-10,8.13439262617593e-10,6.53328051210849e-10,8.0185441105776e-10,8.75091140589431e-10,8.62024634099001e-10,7.68587891858971e-10,5.76315555081086e-10,5.65255513263106e-10,7.42854569617616e-10,7.90458920305804e-10,9.08925392200169e-10
3.71115119731879e-09,8.07971404329825e-09,1.70776158164909e-08,7.3985815338305e-09,1.44481639142994e-08,1.33349331490955e-08,9.58923518881216e-09,1.97022356970826e-08,1.0220740147972e-08,1.70755288320171e-08,1.8037538898623e-08,1.57317046106832e-08,1.62713691404241e-08,8.24819534474685e-09,4.11681267227043e-09,1.48689604696309e-08,8.23399753663613e-09,1.43802688755705e-08,6.93907699995624e-09,3.40095474121469e-09,2.57131315977037e-09,6.95725596580229e-09,3.52395908521635e-09,6.99901976685903e-09,2.81064702119195e-09,2.23779574592577e-09,1.27740178642593e-09,2.89715753773878e-09,2.46009711947857e-09,2.90881651010025e-09,1.98132962828776e-09,1.15324603544237e-09,1.15512181921199e-09,2.15422557521616e-09,1.42512898620369e-09,2.44477671355446e-09,9.81541819837595e-10,9.67358211053114e-10,1.01505806930805e-09,1.17298461910209e-09,1.29442864697864e-09,1.59456836102956e-09,8.8508272986119e-10,8.5545631212597e-10,7.8732418309318e-10,1.13111698533635e-09,1.1407754373387e-09,1.43409773560403e-09,2.13662219475376e-09,4.66091843180696e-09,1.01815703787582e-08,4.41011006809217e-09,8.6031952254036e-09,7.75631258999322e-09,5.79520823479886e-09,1.2066490772134e-08,5.79641209677806e-09,1.06086337448227e-08,1.12117749790176e-08,1.02742936621602e-08,1.02710372609241e-08,4.68187567640092e-09,2.60386712373775e-09,9.64879726725985e-09,4.95954705502904e-09,9.83215893995639e-09,3.93185528372588e-09,2.14215578090038e-09,1.5258415573953e-09,4.14450778280416e-09,2.67836902319254e-09,4.62934004431153e-09,1.70204769177139e-09,1.33002416921383e-09,8.50031923496822e-10,2.07939902828693e-09,1.63745613452812e-09,2.18548381083329e-09,1.24785190153724e-09,7.56965944041558e-10,6.32646430792194e-10,1.36520881249078e-09,8.10455640695326e-10,1.29835677485385e-09,6.73941195754649e-10,6.13190445226765e-10,5.44387453168467e-10,7.31147218996209e-10,8.07748348223798e-10,8.62445254336259e-10,5.88246636574089e-10,4.41980326800195e-10,5.44362558312454e-10,7.04147431735849e-10,7.598318683092e-10,9.98464448674518e-10
3.8912133291974e-09,4.33346390051426e-09,8.77824205872716e-09,4.42788803286329e-09,8.41944967121197e-09,8.070369580716e-09,5.13289549403156e-09,1.0220740147972e-08,2.41741731750589e-08,9.96752633276458e-09,2.04202326452752e-08,1.94749894706034e-08,8.25205175727345e-09,1.93410065275713e-08,9.46579312236194e-09,1.628931647563e-08,1.71816334043214e-08,1.43448401271366e-08,1.64928426891636e-08,8.11616492892140e-09,3.38709877760042e-09,1.47289729526111e-08,7.54186142381785e-09,1.41182048891547e-08,6.55782300364038e-09,2.78518952676574e-09,2.18004155323239e-09,6.0718020404084e-09,3.02702238911432e-09,6.0327103680509e-09,2.24497044906643e-09,1.93811414828978e-09,1.55553670962738e-09,2.41269447942011e-09,2.23452101166777e-09,2.59315628610298e-09,1.70927481549534e-09,1.2734128113944e-09,9.43191396889779e-10,1.89289047378589e-09,1.5184559975934e-09,2.20319599389805e-09,1.17196327992816e-09,7.9393334879795e-10,7.78034949140664e-10,1.31499483951752e-09,1.04125956410584e-09,1.51025671910292e-09,2.62539940457849e-09,2.5153774660688e-09,4.83778579496451e-09,3.14288322705776e-09,4.57710247801756e-09,4.93123130227125e-09,3.32807964539872e-09,5.78521589842419e-09,1.39311857691846e-08,5.97565196945968e-09,1.20453406168586e-08,1.17267172158031e-08,4.83154298363258e-09,1.11694430686694e-08,6.06722657965801e-09,9.99221102869262e-09,1.02874697952092e-08,9.16127052823331e-09,9.51796573113709e-09,5.24663759732104e-09,2.3520219581069e-09,8.83433736546174e-09,5.58174878535441e-09,9.1086558610809e-09,4.47369616015602e-09,1.83212223543838e-09,1.34898119677347e-09,4.59620447745983e-09,2.04204131030478e-09,4.58038973893825e-09,1.38466075184273e-09,1.19512107790777e-09,8.88963629765783e-10,1.55761244994517e-09,1.31346258721844e-09,1.42937825032203e-09,1.06837834293055e-09,8.38427642218924e-10,7.17474773268233e-10,1.15903192849855e-09,1.04522079519794e-09,1.33842687263308e-09,8.05062048055502e-10,5.98808546600196e-10,6.09869970906635e-10,9.13650252830121e-10,7.23231452503453e-10,1.03249332573441e-09
7.86812924980955e-09,1.60809125698645e-08,1.44525755815909e-08,1.29535199269958e-08,2.38432877384945e-08,1.97881147433737e-08,2.03411750679572e-08,1.70755288320171e-08,9.96752633276458e-09,2.99825193166765e-08,1.59716028779056e-08,2.81404003039338e-08,1.39781812555369e-08,8.03826717773279e-09,4.51198124839636e-09,1.30252700761477e-08,8.23629212138828e-09,1.2771930393476e-08,6.72251302103012e-09,3.67692154607593e-09,3.11410659969671e-09,6.83476352163802e-09,4.01706882560058e-09,7.11005088867623e-09,2.98172502834313e-09,2.6646849303968e-09,1.60467369649583e-09,3.1857487765066e-09,2.9822158035028e-09,3.36339826521456e-09,2.36703690308005e-09,1.49454335247498e-09,1.41117320246875e-09,2.63446424593274e-09,1.83066311949577e-09,2.99715226984439e-09,1.24566069858369e-09,1.10130648516381e-09,1.26703377661823e-09,1.41993686938598e-09,1.50771101229189e-09,1.8763913096813e-09,1.04008871812363e-09,1.07579558346416e-09,1.04039637770913e-09,1.34743622154439e-09,1.39675789407632e-09,1.66011003254423e-09,4.68075710077314e-09,9.80584224005917e-09,8.89199741715382e-09,7.82639890354128e-09,1.45011409193593e-08,1.16420611631549e-08,1.24253567551418e-08,1.10931427723386e-08,6.1531912361614e-09,1.84863572931245e-08,1.10447918794998e-08,1.835974945196e-08,9.24869817269819e-09,4.99601366855263e-09,2.80525456211457e-09,9.2029583483487e-09,5.19698338114532e-09,9.53753967524241e-09,4.19057704814181e-09,2.33681073763377e-09,1.74623374294647e-09,4.28627682315033e-09,2.77882713330097e-09,4.88044950564514e-09,1.86876064500762e-09,1.47901773615204e-09,9.33707987304458e-10,2.01066211669273e-09,1.68375353639579e-09,2.20196570991415e-09,1.32903468195273e-09,8.41253301955597e-10,7.56393846824238e-10,1.45240120268529e-09,1.04798189562802e-09,1.57796146533511e-09,7.40653079548139e-10,6.43848730420152e-10,8.0846848787139e-10,8.99195554419248e-10,8.53430735155607e-10,1.12018678149633e-09,6.28341388549282e-10,7.11172695270058e-10,6.61923124194278e-10,7.77416378046171e-10,9.14967957793249e-10,9.89097487490471e-10
4.16742516326999e-09,8.09457167860296e-09,1.53564202372295e-08,7.58303872294744e-09,1.31829769859293e-08,1.21931731539441e-08,9.83260494587206e-09,1.8037538898623e-08,2.04202326452752e-08,1.59716028779056e-08,3.03375613241493e-08,2.72436015147273e-08,1.48711135337404e-08,1.6286657974814e-08,8.59258868959385e-09,2.45602302860514e-08,1.44450972557269e-08,2.19893246789376e-08,1.37640387789738e-08,7.28158088539503e-09,3.36271993760487e-09,1.22878477797277e-08,6.90610654130919e-09,1.18001672171474e-08,5.82573367907464e-09,2.76142590599184e-09,2.37333635572157e-09,5.4822806420412e-09,2.98595072220516e-09,5.46632070501025e-09,2.29868040524866e-09,2.13794760814656e-09,1.76594586939904e-09,2.46439718799958e-09,2.56633448521812e-09,2.75074671803724e-09,1.90488423367866e-09,1.52203939965145e-09,1.23578543205449e-09,2.24570401924739e-09,1.78917702587192e-09,2.64003151265647e-09,1.4051318964608e-09,1.05541427257297e-09,1.03786334778638e-09,1.59585760679126e-09,1.44831867936856e-09,1.93328554467461e-09,2.48369304123646e-09,4.59729806579979e-09,8.92072209241854e-09,4.69605135818131e-09,7.39587643400064e-09,7.11340250260993e-09,6.14192237445904e-09,1.08216650484381e-08,1.15523382653977e-08,9.64982088388301e-09,1.8037718434653e-08,1.66585517695836e-08,9.39941422556361e-09,9.50740544788189e-09,5.69990575225119e-09,1.53937388331578e-08,8.68412444905908e-09,1.43870625164129e-08,8.00320130770122e-09,4.87442343247534e-09,2.32105626991598e-09,7.3526515715996e-09,5.29238298957840e-09,7.72620356336592e-09,3.97107046236426e-09,1.89197290831365e-09,1.57209295257697e-09,4.17687465098031e-09,2.08583371021844e-09,4.2129409822083e-09,1.49465457991557e-09,1.429905165814e-09,1.10702946712699e-09,1.55561734651416e-09,1.6169388518959e-09,1.59978905591986e-09,1.28474420120982e-09,1.01110427443997e-09,8.26171850977695e-10,1.49544544411778e-09,1.14802834921743e-09,1.54738297136363e-09,9.9584360270056e-10,7.07303544725402e-10,7.41096342431162e-10,1.08433476613998e-09,1.00470432217525e-09,1.21787303273748e-09
7.91085428843986e-09,1.55157645090232e-08,1.30043458733538e-08,1.26633215736544e-08,2.18574919736317e-08,1.8088724564666e-08,2.01199384399765e-08,1.57317046106832e-08,1.94749894706034e-08,2.81404003039338e-08,2.72436015147273e-08,4.25607194268802e-08,1.28616256857146e-08,1.55168020990889e-08,8.78117594060748e-09,2.18791460072918e-08,1.40196403055626e-08,1.98029523386274e-08,1.30526266535784e-08,7.36130535792083e-09,3.78631783203261e-09,1.18101078440428e-08,7.23036386192636e-09,1.16341555014734e-08,5.75025395109839e-09,3.05840809230441e-09,2.69666451114229e-09,5.56285619347448e-09,3.45225260450131e-09,5.78020510846723e-09,2.5626635607452e-09,2.44991243020127e-09,1.96563423132923e-09,2.8695439965787e-09,2.90092912932462e-09,3.14815209912479e-09,2.17647044409057e-09,1.66692028328685e-09,1.552457077897e-09,2.49874320994091e-09,2.05475002188468e-09,2.97871929833740e-09,1.58569498922018e-09,1.30805058758962e-09,1.24264542678889e-09,1.85066775813793e-09,1.7110552881175e-09,2.21564241928086e-09,4.63171257284758e-09,9.33036851928239e-09,7.71577274693547e-09,7.59514372263701e-09,1.27478810867539e-08,1.0344475179741e-08,1.24159974831296e-08,9.87883529031627e-09,1.14335661895367e-08,1.6946091390779e-08,1.75343714982562e-08,2.64130059148486e-08,8.33500036830981e-09,9.40905771632812e-09,5.80174524443458e-09,1.46105284336755e-08,8.81855340139967e-09,1.40087529129312e-08,7.87215977732528e-09,4.90795230404917e-09,2.63233128720211e-09,7.36463020601985e-09,5.37207467053639e-09,7.99460065626328e-09,3.89290463372027e-09,2.029473461285e-09,1.66983177193856e-09,3.95406901020565e-09,2.22605947215334e-09,4.17037716293294e-09,1.56544583785296e-09,1.49786335918489e-09,1.25302001375863e-09,1.68039396877332e-09,1.8730180738255e-09,1.85730426691299e-09,1.36251622393283e-09,1.08689005485857e-09,1.08691022829254e-09,1.73921476117787e-09,1.19625495361121e-09,1.85709450134781e-09,1.08171363176618e-09,9.6390972881008e-10,8.10404619260902e-10,1.14877800572012e-09,1.25940851700375e-09,1.27454920484707e-09
3.15339913814341e-09,6.73817400708483e-09,1.41331109355966e-08,6.06098401929209e-09,1.19100600678014e-08,1.08551384253808e-08,7.92536032469842e-09,1.62713691404241e-08,8.25205175727345e-09,1.39781812555369e-08,1.48711135337404e-08,1.28616256857146e-08,1.95966774521026e-08,9.40365049466603e-09,4.68472875033786e-09,1.77990184647724e-08,9.34088007072904e-09,1.71382531338662e-08,7.82207901772739e-09,3.84167839758419e-09,2.92254794556108e-09,7.84654845273754e-09,4.04168315984514e-09,7.92830422415942e-09,3.13326643807297e-09,2.51425397057293e-09,1.55659748183605e-09,3.28721228176915e-09,2.8995062757913e-09,3.37939230754212e-09,2.20134840062549e-09,1.34211240961738e-09,1.34594639511029e-09,2.4559148175633e-09,1.65776997935822e-09,2.75328382937845e-09,1.15183988804972e-09,1.10886622309042e-09,1.15830660763025e-09,1.35260901427745e-09,1.4481610044126e-09,1.78302789124436e-09,9.90638393346101e-10,9.58133472376473e-10,8.85666694760621e-10,1.2450279734125e-09,1.23285512520921e-09,1.56649253554319e-09,1.81818721524799e-09,4.03637829479956e-09,8.73408484658284e-09,3.68100207040598e-09,7.29856577777561e-09,6.5315781601034e-09,4.91769584627427e-09,1.02710873989181e-08,4.68306231240331e-09,8.73884490068973e-09,9.64745628542391e-09,8.48872000594843e-09,1.1797481221093e-08,5.71215530982221e-09,3.34383043155829e-09,1.1296878195126e-08,6.06551572634727e-09,1.1373598295477e-08,4.79962330289978e-09,2.66905743517461e-09,1.75235174658085e-09,5.0349819469775e-09,3.2497850658564e-09,5.4896555006822e-09,2.15492161008962e-09,1.51566319198071e-09,7.97816434251591e-10,2.55272139409991e-09,1.64331246238885e-09,2.49978852470516e-09,1.3917621365824e-09,7.55140641885143e-10,8.36968021751225e-10,1.45815978032269e-09,9.10430002192067e-10,1.41736627250643e-09,6.70083822721203e-10,7.73488665859194e-10,6.5147517790729e-10,8.01052986213564e-10,9.71307114765368e-10,9.72675919338969e-10,7.3162053671191e-10,4.95515250885747e-10,6.36139371678197e-10,8.20731928848894e-10,8.0713007920634e-10,1.10950162781486e-09
3.05608524763329e-09,3.49081653185484e-09,7.07631545219978e-09,3.47507197109025e-09,6.82469821268571e-09,6.39261394287909e-09,4.12182865582322e-09,8.24819534474685e-09,1.93410065275713e-08,8.03826717773279e-09,1.6286657974814e-08,1.55168020990889e-08,9.40365049466603e-09,2.17149763919023e-08,1.0368577887519e-08,1.84211837194276e-08,1.91979970738603e-08,1.62228699881904e-08,1.83804362679748e-08,8.83599269117508e-09,3.73270270011155e-09,1.63809398222293e-08,8.26843450310624e-09,1.57107958752693e-08,7.10367308651187e-09,3.07682214347895e-09,2.45105938446469e-09,6.6476756591876e-09,3.3998842967411e-09,6.63092123965546e-09,2.49999766738627e-09,2.15343719601385e-09,1.78996303215555e-09,2.72157284587056e-09,2.5439274279954e-09,2.96275577566123e-09,1.89329362859976e-09,1.46508080729819e-09,1.0982393181696e-09,2.13800647026658e-09,1.70751932470615e-09,2.44766695139957e-09,1.29386654423949e-09,8.4542990070448e-10,8.12082295201086e-10,1.37832436846813e-09,1.11390416555624e-09,1.61474372612551e-09,2.03293901370288e-09,2.04994129648558e-09,4.1024904719904e-09,2.44320232266533e-09,3.7424699591544e-09,3.98532971115322e-09,2.71252021546202e-09,4.82999985771001e-09,1.11680765723559e-08,4.84877480773644e-09,9.9883223685365e-09,9.68261850519479e-09,5.48036659632538e-09,1.26654783455407e-08,6.78805806097198e-09,1.11807478142899e-08,1.17428271799838e-08,1.04583430026356e-08,1.07355963759582e-08,5.81988768928659e-09,2.60828303969253e-09,1.00365238079649e-08,6.11362923675269e-09,1.00315107463997e-08,4.94436735333566e-09,2.0956459816244e-09,1.27162636114767e-09,5.00382668802394e-09,2.33056717220807e-09,5.02153192939282e-09,1.60789202926424e-09,1.13553717943774e-09,1.13351464876092e-09,1.84186374065085e-09,1.41476280453054e-09,1.93738979459736e-09,1.00424797152711e-09,1.08429200802643e-09,8.62103143480989e-10,1.2406600518302e-09,1.24493095989403e-09,1.53910696685733e-09,9.94907547060004e-10,6.58510193058556e-10,6.43591061995048e-10,1.00247041912847e-09,8.58681774954026e-10,1.13916298702485e-09
2.22628430265551e-09,3.27357139465754e-09,3.56868935614447e-09,3.58876345324367e-09,3.8695213342315e-09,3.8752476815239e-09,3.81351729453629e-09,4.11681267227043e-09,9.46579312236194e-09,4.51198124839636e-09,8.59258868959385e-09,8.78117594060748e-09,4.68472875033786e-09,1.0368577887519e-08,2.48079519291686e-08,9.58029857946869e-09,2.09441620348273e-08,1.92865909075203e-08,8.83979710793385e-09,1.96218488374601e-08,8.11293823216053e-09,1.67203960590231e-08,1.56183464395015e-08,1.32557821090099e-08,1.59686554199336e-08,6.40222981866675e-09,2.78894969193635e-09,1.24043143358292e-08,6.16866934851733e-09,1.17063664963525e-08,5.42223165713779e-09,2.41001857794606e-09,3.10955352156487e-09,5.21073649306457e-09,2.92597835564372e-09,5.56145153450617e-09,2.15365100105087e-09,2.68716754460465e-09,1.64054022943538e-09,2.45047297751425e-09,3.14841297953616e-09,2.8447912464868e-09,2.40994074549474e-09,1.41958213122445e-09,1.24423227800245e-09,2.75255809769185e-09,1.69449021570652e-09,3.01624528527231e-09,1.68457786939828e-09,1.59330675115724e-09,1.96676292848597e-09,2.36660368056247e-09,2.03552118668227e-09,2.3373646701438e-09,1.94074512296237e-09,2.12777508636349e-09,5.97667905930799e-09,2.63974000859636e-09,4.96371309287377e-09,5.49928974385545e-09,2.34781764861055e-09,6.24226326438536e-09,1.43761399248432e-08,5.49898533720051e-09,1.1699962433888e-08,1.06682094459818e-08,5.27306177626089e-09,1.16280152697823e-08,5.18908848989637e-09,9.53995842901067e-09,1.02365613435596e-08,8.12984752062509e-09,9.51640565989684e-09,4.29766578569974e-09,1.52596999165826e-09,8.07196038812546e-09,4.27984546839335e-09,7.751466568788e-09,3.59492179193663e-09,1.32332143157461e-09,1.73869839754092e-09,3.61317180759256e-09,1.43990792069078e-09,3.37013398614857e-09,1.22796505627849e-09,1.60280966571841e-09,1.18733746272117e-09,1.43530848224705e-09,2.02727289465532e-09,1.59174668198988e-09,1.45015946040006e-09,1.02785723791914e-09,7.07837073106929e-10,1.77058832202371e-09,1.20238472152958e-09,1.86737992440848e-09
3.49088926854538e-09,6.68649522891454e-09,1.26757663879752e-08,6.13435989759944e-09,1.08259105464272e-08,9.79919520119819e-09,8.04823116662451e-09,1.48689604696309e-08,1.628931647563e-08,1.30252700761477e-08,2.45602302860514e-08,2.18791460072918e-08,1.77990184647724e-08,1.84211837194276e-08,9.58029857946869e-09,2.88268808009759e-08,1.63886755983549e-08,2.59117126162313e-08,1.5381504443336e-08,8.05841380991121e-09,3.75592337867949e-09,1.38151210275343e-08,7.6505390067784e-09,1.32171505717123e-08,6.38536447233351e-09,3.07427155459128e-09,2.71335984823286e-09,6.03443424508474e-09,3.46097065048458e-09,6.13240724624996e-09,2.55972384540277e-09,2.3886984656695e-09,1.99750408617859e-09,2.82682190380045e-09,2.90772879176355e-09,3.18551485872297e-09,2.12844102006769e-09,1.68772769315953e-09,1.45278284338488e-09,2.48223284514191e-09,2.00371468570581e-09,2.8900396899271e-09,1.48980492993658e-09,1.17155341184657e-09,1.08220506062044e-09,1.69004659040559e-09,1.52743375461683e-09,2.02206193233881e-09,2.1561017774684e-09,3.91147194645631e-09,7.82950048925555e-09,3.90878681599797e-09,6.30408774526157e-09,6.07556903518104e-09,5.09394935828437e-09,9.39858725046159e-09,9.50746055573426e-09,8.11736449148533e-09,1.53906433303194e-08,1.39130481488352e-08,1.08101065625958e-08,1.1100770669564e-08,6.70517182265613e-09,1.75299469049092e-08,1.04517563606374e-08,1.66877731578949e-08,9.21945081468568e-09,5.61228061154607e-09,2.58822625103418e-09,8.72636191618695e-09,6.11076728175824e-09,8.92749465833088e-09,4.58318866236773e-09,2.14592178115672e-09,1.52008840540133e-09,4.76811361346663e-09,2.37200790834216e-09,4.75817859675922e-09,1.69043504197181e-09,1.39077266630501e-09,1.28033915031596e-09,1.8599201497234e-09,1.63953632749125e-09,2.06837775671226e-09,1.24239316817773e-09,1.16258896356219e-09,1.02079580992174e-09,1.50328785592806e-09,1.35979983179994e-09,1.71243511622385e-09,1.0917366505958e-09,7.87758823492923e-10,7.86110845305601e-10,1.17469806226613e-09,1.0749993604125e-09,1.29060863910432e-09
3.80712508324156e-09,4.00697040831749e-09,7.13741951541689e-09,4.14995542947357e-09,6.98828423915232e-09,6.74988663911751e-09,4.73971909512849e-09,8.23399753663613e-09,1.71816334043214e-08,8.23629212138828e-09,1.44450972557269e-08,1.40196403055626e-08,9.34088007072904e-09,1.91979970738603e-08,2.09441620348273e-08,1.63886755983549e-08,3.20028471339527e-08,2.77782653763551e-08,1.63839456133044e-08,1.67183047301808e-08,7.72462647937814e-09,2.6229858776283e-08,1.32596532688172e-08,2.18865125551909e-08,1.34739305149517e-08,6.13403094866241e-09,2.9137293256909e-09,1.05080504501337e-08,6.05894030959682e-09,9.93093083440547e-09,5.10961059738899e-09,2.5153939247644e-09,3.52782646376173e-09,5.00227738534876e-09,3.21643423010646e-09,5.44021878110364e-09,2.2168012617287e-09,2.98438664147985e-09,1.76987286554929e-09,2.69699053229157e-09,3.39319265447876e-09,3.00997795715788e-09,2.64262960655607e-09,1.49703040041135e-09,1.33467135471678e-09,2.93417072890498e-09,1.79947331130102e-09,3.21115007293609e-09,2.64289026729938e-09,2.18123251521742e-09,4.23221637408075e-09,2.93403813678369e-09,3.98306271947914e-09,4.48955010029736e-09,2.89926176908284e-09,4.85694364980855e-09,1.05335725915612e-08,5.22969426619619e-09,9.14250581287545e-09,9.35087798267349e-09,5.40364411773345e-09,1.17701253239984e-08,1.26865797769777e-08,1.02974107876638e-08,1.88076528581219e-08,1.68294783494067e-08,1.00051118630281e-08,1.05659960636259e-08,4.85037145154962e-09,1.57844983073641e-08,9.37918355920550e-09,1.36028238310185e-08,8.77901109329252e-09,4.05437183864205e-09,1.69033275465043e-09,7.51943477625899e-09,4.09234541171408e-09,7.25046973867242e-09,3.30204083687294e-09,1.44557200309629e-09,1.97098020451219e-09,3.33793024963721e-09,1.83590102360217e-09,3.36635226140769e-09,1.29315136435873e-09,1.85826390037169e-09,1.20856415785115e-09,1.67895977679756e-09,2.19514083739815e-09,1.89468659557233e-09,1.68917608193651e-09,9.5490755944971e-10,8.39243317077386e-10,1.87299584399987e-09,1.20820073557138e-09,2.11084028617228e-09
3.90116416208157e-09,6.78947759702992e-09,1.23321252857947e-08,6.56447043018148e-09,1.04506011904453e-08,9.78113768814656e-09,8.31069807810169e-09,1.43802688755705e-08,1.43448401271366e-08,1.2771930393476e-08,2.19893246789376e-08,1.98029523386274e-08,1.71382531338662e-08,1.62228699881904e-08,1.92865909075203e-08,2.59117126162313e-08,2.77782653763551e-08,3.97169219516614e-08,1.36858160700213e-08,1.53126856017612e-08,7.39373210341471e-09,2.25124526442416e-08,1.22361943258085e-08,1.87534462522828e-08,1.21553605791645e-08,5.76887677019928e-09,3.03201070198385e-09,9.50230762168745e-09,5.79423095892173e-09,9.07110196613141e-09,4.81276984026874e-09,2.57330759813173e-09,3.58853204336577e-09,4.78240393477718e-09,3.27001308382371e-09,5.2230395036519e-09,2.31220443585257e-09,3.11411026852367e-09,2.02591034749722e-09,2.80450486471203e-09,3.51422004884589e-09,3.27952263209584e-09,2.74579608468383e-09,1.7292532737119e-09,1.57475690097087e-09,3.10112717220204e-09,2.11532947719246e-09,3.49653927960013e-09,2.653875190325e-09,3.82112561357745e-09,7.75073229966668e-09,4.4594152582955e-09,6.23806477759589e-09,6.61328692068216e-09,5.05170515741172e-09,9.16721843118806e-09,8.79952632381859e-09,8.28191431191777e-09,1.39403266935605e-08,1.29985012896589e-08,1.04551853989674e-08,1.02198283074698e-08,1.20909689430357e-08,1.6017180701738e-08,1.71206616885684e-08,2.41466894380301e-08,8.52877265841636e-09,9.93075124670271e-09,4.79575262293384e-09,1.41293183794762e-08,9.16719029844658e-09,1.24399768460116e-08,7.89293668537236e-09,4.0357516392369e-09,1.77703183305274e-09,7.0201027918493e-09,4.08758883734748e-09,6.72660975441012e-09,3.24884308432901e-09,1.56719169505414e-09,1.85201414494423e-09,3.28127624689296e-09,1.72003632653482e-09,3.23380029409617e-09,1.45723378213727e-09,1.73680426785075e-09,1.32457517713411e-09,1.63186793715635e-09,2.12613646068318e-09,2.03724633004745e-09,1.58385475668563e-09,1.04358794097579e-09,9.92155820679438e-10,1.89030069977716e-09,1.28621383772909e-09,2.02784151390251e-09
2.67791588775341e-09,2.9638042378425e-09,5.88281968814237e-09,2.89805091943399e-09,5.63252708866901e-09,5.17158095402407e-09,3.5202466925391e-09,6.93907699995624e-09,1.64928426891636e-08,6.72251302103012e-09,1.37640387789738e-08,1.30526266535784e-08,7.82207901772739e-09,1.83804362679748e-08,8.83979710793385e-09,1.5381504443336e-08,1.63839456133044e-08,1.36858160700213e-08,2.16243885710204e-08,1.02213981150009e-08,4.17977297277972e-09,1.94706469142414e-08,9.51928607445164e-09,1.84523267515084e-08,8.28292266423106e-09,3.41702559060646e-09,2.84360598556205e-09,7.69562621482903e-09,3.91429251443246e-09,7.9497294936502e-09,2.80859149509749e-09,2.50039860639827e-09,2.06385196579899e-09,3.17173484921564e-09,2.93866357492334e-09,3.42116268279461e-09,2.17098808034027e-09,1.66366677190337e-09,1.27597879899492e-09,2.44415876902692e-09,1.92674996207198e-09,2.789841653512e-09,1.44894334293578e-09,9.76569115977134e-10,9.39698722402207e-10,1.55581081649535e-09,1.25871582393256e-09,1.79117613855653e-09,1.78418863228146e-09,1.68989338532448e-09,3.53774842149856e-09,2.0551287958984e-09,3.22982340029281e-09,3.51527351090415e-09,2.30443690332325e-09,4.14085270119497e-09,9.51664678729056e-09,4.21891353268733e-09,8.39683412777495e-09,8.28816505876854e-09,4.57990677198817e-09,1.07355494540073e-08,5.82167065022605e-09,9.24891124499055e-09,1.00370894294583e-08,8.76874922526536e-09,1.30727950199874e-08,6.54072990228528e-09,2.84834733489346e-09,1.21457857072515e-08,6.8503076398574e-09,1.17908785075419e-08,5.58258578069961e-09,2.30830385901836e-09,1.77020602462781e-09,5.68541004461662e-09,2.80274022888544e-09,5.85941550737573e-09,1.82802149696454e-09,1.58799077720634e-09,1.32469520133846e-09,2.29200491044419e-09,1.66506027210795e-09,2.28264983179121e-09,1.32442795531475e-09,1.20969407117757e-09,9.93956205368712e-10,1.37216672414281e-09,1.33520434990543e-09,1.80703739176014e-09,1.07669204038383e-09,7.14836683079146e-10,7.08057373315178e-10,1.04984902285704e-09,9.75338681969113e-10,1.21214662033342e-09
