1.97519035675367e-08,9.63286784124938e-09,4.16347284884899e-09,1.73537246865652e-08,9.05080734022182e-09,1.60404943081255e-08,8.15443843308176e-09,3.34199368741405e-09,3.44911245848663e-09,7.5981179931321e-09,3.83414879110289e-09,7.48231991214419e-09,2.92244093164916e-09,3.04990505977709e-09,2.25845990939756e-09,3.30841292430213e-09,3.60926858031861e-09,3.67976110950145e-09,2.7661329653095e-09,1.99984478626356e-09,1.54347069824393e-09,3.19108263231409e-09,2.00601862454385e-09,3.10669490397102e-09,1.84586445383339e-09,1.42604190018739e-09,1.09876463584115e-09,1.83281630308269e-09,1.51433907368949e-09,1.94068266944643e-09,1.32588917056932e-09,1.07178959154582e-09,1.22306796588313e-09,1.42317014728826e-09,1.57569064230504e-09,1.89563661736059e-09,9.48194304574772e-10,9.90393701778864e-10,1.00003905472806e-09,1.28775471811588e-09,1.32346019101889e-09,1.6737419506536e-09,9.72912594227309e-10,9.1570060866658e-10,9.45079650424407e-10,1.31088438757286e-09,1.09678974354766e-09,1.55264160816458e-09,1.2397758016704e-08,6.24918682805656e-09,2.2068442985559e-09,1.15425711337145e-08,5.49392765871816e-09,1.02461494843995e-08,5.45478973259831e-09,1.67863413450818e-09,1.74920967037661e-09,4.62167838177233e-09,2.30526638501655e-09,4.97754948495964e-09,1.57597194291892e-09,1.5322965132001e-09,1.26094951601752e-09,2.07419867158163e-09,1.80186242847423e-09,2.4993514674305e-09,1.36525863148694e-09,1.12721878958265e-09,7.66646868381759e-10,1.56371229887019e-09,1.1736245191057e-09,1.45778713695772e-09,1.00257597353345e-09,7.54206432895559e-10,5.76234361400799e-10,1.05844708716265e-09,8.98402637306007e-10,1.21765663610218e-09,6.38996685854287e-10,5.94780456265662e-10,5.72269233982159e-10,7.39876017096088e-10,7.02404189063213e-10,7.57276133600207e-10,5.15286969146399e-10,5.31659007904291e-10,6.36866820997268e-10,6.07566092082229e-10,8.17700530971712e-10,1.17647605221547e-09,4.31146769288009e-10,5.57797751565132e-10,5.69890972687974e-10,7.71097347451496e-10,7.30382176668389e-10,8.58742894361789e-10
9.63286784124938e-09,2.27845695830876e-08,9.72632228965764e-09,1.80453477609338e-08,1.96811391768773e-08,1.5292636398066e-08,1.90480164134905e-08,7.78615254414575e-09,4.16794493837153e-09,1.6263435138158e-08,7.76745172860703e-09,1.57636141844052e-08,6.66315873029887e-09,3.61199140404923e-09,3.5160248724654e-09,6.67318454014358e-09,3.98392460595e-09,6.72980801712709e-09,3.12199930820639e-09,2.92756810850625e-09,1.79495689395412e-09,3.30833106541313e-09,3.15562658003117e-09,3.39437309419866e-09,2.54410664234769e-09,1.52265732329285e-09,1.32913828676172e-09,2.70818616519342e-09,1.66551824236444e-09,2.87202671936227e-09,1.45927091000214e-09,1.26170923437181e-09,1.12096589577479e-09,1.61973847903776e-09,1.48542297637223e-09,1.82857932928622e-09,1.12517086131516e-09,9.36091017780028e-10,9.57900744051891e-10,1.22430650280169e-09,1.22800143611889e-09,1.50077824361535e-09,9.79316078340383e-10,8.69768522187973e-10,8.23048988504706e-10,1.27182110686968e-09,1.07292913336531e-09,1.48554109126939e-09,5.93368846161853e-09,1.27975579484114e-08,5.93440951867083e-09,1.11824627689655e-08,1.14764967388814e-08,1.00837327615578e-08,1.07567705291308e-08,4.77969373824161e-09,2.65732951282499e-09,9.56984992181983e-09,5.15552097600611e-09,9.96700741568778e-09,4.17320781639969e-09,2.2452289636892e-09,1.59808187763189e-09,4.4179402166053e-09,2.50213972974648e-09,4.82573924390264e-09,1.87885669649278e-09,1.37214648983296e-09,7.96889650329222e-10,2.02773949326341e-09,1.55858275399554e-09,2.36840993826869e-09,1.23444239364624e-09,7.81918297313021e-10,5.78771344453612e-10,1.33820427294175e-09,1.00696987627453e-09,1.31704099699439e-09,7.4091422653667e-10,6.03024874431418e-10,7.14032997127589e-10,9.13490162914271e-10,7.74717495777918e-10,9.35523154332753e-10,5.55067006389656e-10,5.9608514584021e-10,4.26206060721802e-10,6.13172636771454e-10,6.75083405678555e-10,6.92006925046708e-10,6.27759491950827e-10,4.06396255205369e-10,4.522025810587e-10,6.94014180149488e-10,6.82592542212248e-10,1.1151806464921e-09
4.16347284884899e-09,9.72632228965764e-09,2.1275755517343e-08,8.72511361033746e-09,1.8009135253866e-08,1.64320346922665e-08,7.79064050866579e-09,1.63824116178902e-08,8.12678883838554e-09,1.38592826140356e-08,1.45290719978953e-08,1.22533173503222e-08,1.37232717001145e-08,6.58347335429107e-09,3.29929448155344e-09,1.20838660696694e-08,6.57226499142358e-09,1.17698709064119e-08,5.41615350813534e-09,2.73141155126857e-09,2.30757440610343e-09,5.44825502515089e-09,2.87212679042007e-09,5.33790429365888e-09,2.26787319157997e-09,1.98717609317475e-09,1.26523874380115e-09,2.35164918938355e-09,2.18181077454823e-09,2.36210372934723e-09,1.79833933332907e-09,1.16975426011145e-09,1.23227057314123e-09,2.02720327043056e-09,1.51619223749926e-09,2.41821621003463e-09,1.1008865170338e-09,1.03274778894084e-09,1.14019378652577e-09,1.29002412931658e-09,1.51186334362026e-09,1.70875360132754e-09,9.45070460400562e-10,8.92816050738265e-10,9.0205647293236e-10,1.29250194599478e-09,1.19372256861622e-09,1.57401902785965e-09,2.7012035518183e-09,5.59331550694996e-09,1.22971384468731e-08,5.4582656881426e-09,1.03992887077636e-08,1.01589961268392e-08,4.56076150754647e-09,8.8837617081757e-09,4.46866823436769e-09,7.84825733166456e-09,8.59000771623512e-09,7.81294403033250e-09,7.45729316735665e-09,3.84134858588851e-09,1.60024156167824e-09,7.30495506055127e-09,3.94724091004216e-09,7.78520807745129e-09,3.27719265272994e-09,1.35125127101697e-09,1.07190806504636e-09,3.22836243037285e-09,1.90699430105172e-09,3.91333009989929e-09,1.17431514695943e-09,9.44068138890439e-10,7.17089988675196e-10,1.56397785747541e-09,1.13926612298977e-09,1.51550402881599e-09,9.57333906081039e-10,6.56399633739819e-10,6.82271313852419e-10,9.32475847536463e-10,6.53302842344195e-10,9.6197657268589e-10,5.74309070767395e-10,6.08779116165718e-10,4.52893016504074e-10,5.02626638018511e-10,8.53516121680934e-10,7.82901434142159e-10,6.11108765103808e-10,2.18497368459831e-10,8.25115758275541e-10,6.59927621520624e-10,8.21811885572527e-10,1.2914606684414e-09
1.73537246865652e-08,1.80453477609338e-08,8.72511361033746e-09,2.73687175671604e-08,1.51473861840348e-08,2.31341748266233e-08,1.50353107086598e-08,6.92285033803878e-09,4.15211040300284e-09,1.25183933978072e-08,7.06839779972397e-09,1.20106289826282e-08,5.89720611447677e-09,3.55349085493163e-09,3.78485111181085e-09,5.97928221147939e-09,4.10857901829451e-09,6.2706792432749e-09,3.0096638593788e-09,3.27064159879696e-09,2.14908256411266e-09,3.40935140901887e-09,3.54564056397715e-09,3.50507349618229e-09,2.97810732295066e-09,1.97128645248256e-09,1.54518799927537e-09,3.22658520562924e-09,2.09758498933765e-09,3.41491393139463e-09,1.86916578780594e-09,1.503113409544e-09,1.38289678180708e-09,2.00273050599602e-09,1.88298264711436e-09,2.33886798577055e-09,1.34792741530591e-09,1.19684142177918e-09,1.21630234167758e-09,1.60116779391568e-09,1.59167721666662e-09,2.01945785011375e-09,1.22937515953345e-09,1.1464987765004e-09,1.02861075404982e-09,1.64344858295673e-09,1.29837835855051e-09,1.87444409444807e-09,1.07089163039036e-08,1.08655928386326e-08,5.43076751455148e-09,1.70522312414572e-08,9.81770636757214e-09,1.5326615897413e-08,9.21964386705953e-09,4.11120248763059e-09,2.64768052423365e-09,8.04091325194712e-09,4.58212408465859e-09,8.33427019812395e-09,3.60002787038291e-09,2.26329988315864e-09,1.98684245140168e-09,3.96668389129859e-09,2.63745668715741e-09,4.48928779446236e-09,1.83694151165702e-09,1.73211997571041e-09,1.01048022663062e-09,2.08138251681553e-09,1.70199946774536e-09,2.11138369155735e-09,1.60732998213743e-09,1.0373254906654e-09,7.22358288888713e-10,1.57662776816181e-09,1.2661395262068e-09,1.60951920409867e-09,9.39024414345669e-10,6.99423941492644e-10,6.93463997459268e-10,1.10072083207904e-09,8.25619384184861e-10,9.71446515709482e-10,5.91416621349953e-10,6.63781240000616e-10,5.29939279877975e-10,7.30538104132826e-10,9.31990625583461e-10,1.10476638943554e-09,5.88562525326563e-10,4.8309085482695e-10,6.06858764209635e-10,9.15834562097473e-10,8.2006233292363e-10,1.2287461708423e-09
9.05080734022182e-09,1.96811391768773e-08,1.8009135253866e-08,1.51473861840348e-08,2.98675290082532e-08,2.4086345582258e-08,1.62662875005467e-08,1.38559250091987e-08,7.78891162915295e-09,2.3829772156244e-08,1.23819699315764e-08,2.15986746858112e-08,1.16286610115686e-08,6.41922563973064e-09,3.64338536123791e-09,1.03384803979621e-08,6.49332510753892e-09,1.00093245506585e-08,5.3600831941541e-09,2.91711203332695e-09,2.87976871946478e-09,5.38434869511092e-09,3.31037334772929e-09,5.55242266412757e-09,2.30223319301623e-09,2.447686507707e-09,1.69246184601399e-09,2.54234432433e-09,2.72396308906444e-09,2.70734001314343e-09,2.26370986777156e-09,1.63021305955106e-09,1.5378365062004e-09,2.58787529056605e-09,2.06009011998275e-09,3.06539217437697e-09,1.46840103533843e-09,1.23709843562026e-09,1.34662248589017e-09,1.68084154818146e-09,1.71315858908604e-09,2.08099234072701e-09,1.11637132832405e-09,1.07294653076042e-09,1.03431510810714e-09,1.49066507077837e-09,1.36630810822676e-09,1.7674310176435e-09,5.93654889096329e-09,1.11300331787611e-08,1.04944898229949e-08,1.00158375939654e-08,1.67898851281342e-08,1.52200806773155e-08,9.29931949238099e-09,7.99656661681918e-09,4.68897989074442e-09,1.35134156787999e-08,8.12693398950172e-09,1.36697789591407e-08,6.84170523893955e-09,4.03012917781546e-09,1.77609011057627e-09,6.93126752725839e-09,4.2106293160494e-09,7.42275744636977e-09,3.38100133599831e-09,1.51304641291291e-09,1.38071071689094e-09,3.45806040326049e-09,2.19858212910024e-09,4.30630153720157e-09,1.24644693599386e-09,1.22498888027599e-09,8.71621635801188e-10,1.67840462474835e-09,1.47490955421081e-09,1.75063035859297e-09,1.14085802065181e-09,8.5776883285961e-10,8.07050565976479e-10,1.2271223428249e-09,9.06730686087386e-10,1.32203834473108e-09,7.768422359592e-10,6.54601260615084e-10,5.89560407743946e-10,7.11697398311094e-10,9.88442328012854e-10,1.05728031251349e-09,6.88150581927617e-10,4.3546218368826e-10,7.79536906217403e-10,8.58519974799188e-10,8.42310368881169e-10,1.38896070870331e-09
1.60404943081255e-08,1.5292636398066e-08,1.64320346922665e-08,2.31341748266233e-08,2.4086345582258e-08,3.35018886978576e-08,1.26072049134192e-08,1.25851389360417e-08,7.36340122464949e-09,1.91284524863216e-08,1.12232028753382e-08,1.70146541926836e-08,1.05382741845922e-08,5.97629049580539e-09,3.7538207429538e-09,9.24045897935683e-09,6.28611304946871e-09,9.25748470644933e-09,4.90222297060042e-09,3.13440124558066e-09,3.21843936761424e-09,5.21369192865705e-09,3.60773824385978e-09,5.4332840832503e-09,2.64364025693235e-09,2.89663661649713e-09,1.96433567185192e-09,3.02643121915169e-09,3.1923007711867e-09,3.13336190585297e-09,2.66770876245304e-09,1.90776238230421e-09,1.89024357954219e-09,2.99335765751851e-09,2.44501996455895e-09,3.54180773441618e-09,1.74778684145021e-09,1.62529420727199e-09,1.60354566452804e-09,2.11365572313444e-09,2.2250250764622e-09,2.66437870695286e-09,1.48921621565853e-09,1.42839225858801e-09,1.33005376570882e-09,2.07913179181617e-09,1.73247228604903e-09,2.40764134154191e-09,1.0266064276585e-08,9.33948728111372e-09,9.84669140692931e-09,1.49948993095056e-08,1.49191623659932e-08,2.16033068299345e-08,7.88335672867195e-09,7.36042972583430e-09,4.53723462934844e-09,1.18727067609011e-08,7.43807501238514e-09,1.17538129691893e-08,6.40901526327229e-09,3.93520446999698e-09,2.03329816264777e-09,6.42379925789728e-09,4.06710948813785e-09,6.76028154741541e-09,3.23024105294079e-09,1.69925434510254e-09,1.64254642422806e-09,3.24398009956776e-09,2.32587990885543e-09,3.88890544853815e-09,1.52997980672462e-09,1.61373761109469e-09,1.06998021870334e-09,2.00288385404975e-09,1.99729793870753e-09,2.11682989680603e-09,1.47718506499573e-09,9.81221128964918e-10,8.62181549273922e-10,1.65971982156114e-09,9.9921556180795e-10,1.54863698917572e-09,8.53706379704732e-10,7.64195311499866e-10,6.27811669115062e-10,8.25645298119061e-10,1.23275715302272e-09,1.33977201577115e-09,6.74518730485167e-10,5.15133744560663e-10,9.36628167716519e-10,1.11673438090256e-09,1.10134316628163e-09,1.70661969455555e-09
8.15443843308176e-09,1.90480164134905e-08,7.79064050866579e-09,1.50353107086598e-08,1.62662875005467e-08,1.26072049134192e-08,2.32750490508355e-08,9.3549894718265e-09,5.21185009244971e-09,2.01948458043688e-08,9.71500425213377e-09,2.01978076995708e-08,8.03765625497444e-09,4.56347502696269e-09,4.18198711293146e-09,8.4012810917004e-09,4.87509960614247e-09,8.40493721381444e-09,3.88904739085226e-09,3.49121007065163e-09,2.16376523641598e-09,4.00147716330365e-09,3.80757737726327e-09,4.18717704408126e-09,3.03794092409267e-09,1.84919929077961e-09,1.47000479772157e-09,3.29174068845148e-09,2.02338384293147e-09,3.45830013279609e-09,1.74021216180467e-09,1.38957243130821e-09,1.26157727970226e-09,1.9354486249963e-09,1.68100712114904e-09,2.17910335836533e-09,1.22430548675081e-09,1.03945915070317e-09,1.05141519988617e-09,1.38044109119838e-09,1.35495096440693e-09,1.6570534511601e-09,9.82194804337769e-10,9.50509377164142e-10,8.46295668317333e-10,1.2792406714704e-09,1.15533562916208e-09,1.48044057926285e-09,5.16231090940735e-09,1.0757010721432e-08,4.78125749295979e-09,9.31704260852885e-09,9.5713150555947e-09,8.27117407611608e-09,1.31975656572652e-08,6.33085593178722e-09,3.26332408772753e-09,1.21289585743121e-08,6.87533561545423e-09,1.30447910399351e-08,5.45900570197144e-09,2.79675684700579e-09,2.14680498249993e-09,5.94114098248998e-09,3.0930784776856e-09,6.35242449845644e-09,2.42810927028182e-09,1.82425158896208e-09,1.13037430053525e-09,2.54083999984361e-09,2.0051201468178e-09,2.85698664302544e-09,1.6637295482422e-09,1.05485219034088e-09,5.66469842860188e-10,1.71330650049243e-09,1.31199385379159e-09,1.69512805680064e-09,9.36638532383066e-10,6.0943136743477e-10,7.98153973956454e-10,1.14095157440128e-09,7.71493081589478e-10,1.14346950349735e-09,5.85915413954508e-10,6.74249536226837e-10,5.49751207097201e-10,6.55230756742219e-10,8.96625922631543e-10,8.46937301657751e-10,6.58723814444252e-10,5.07820125494867e-10,4.60744870630981e-10,8.41748386255162e-10,7.46589424728355e-10,1.12052697129549e-09
3.34199368741405e-09,7.78615254414575e-09,1.63824116178902e-08,6.92285033803878e-09,1.38559250091987e-08,1.25851389360417e-08,9.3549894718265e-09,1.89742713860291e-08,9.23872081737655e-09,1.6462029138797e-08,1.69207799160632e-08,1.46886261632831e-08,1.59197325948591e-08,7.52518170344778e-09,3.78802205159924e-09,1.41417277058699e-08,7.51123548166739e-09,1.38051860715468e-08,6.1781199137267e-09,3.13004958448781e-09,2.74886310849386e-09,6.18642536353702e-09,3.30485423728291e-09,6.15576432742838e-09,2.6184491473852e-09,2.39976827985627e-09,1.40891131007591e-09,2.73904870982574e-09,2.60272964000052e-09,2.77614156556271e-09,2.16459580433898e-09,1.31054382806526e-09,1.36365013588659e-09,2.41342032166267e-09,1.68072987442988e-09,2.80626223109255e-09,1.15718267972133e-09,1.13014039880491e-09,1.16643788528359e-09,1.39629188561825e-09,1.63588130083339e-09,1.83497098236213e-09,9.46252294411965e-10,8.63540781029655e-10,7.84255278288519e-10,1.25267248788708e-09,1.12329898032581e-09,1.45643779446431e-09,2.1313971634395e-09,4.55931036994897e-09,8.88212428364297e-09,4.21593245158929e-09,7.84624426370127e-09,7.412012825167e-09,5.38460001279253e-09,1.0913703800165e-08,5.20598526399264e-09,9.58148484535693e-09,1.07253510696616e-08,9.77178121766752e-09,9.06583623627513e-09,4.46054937360743e-09,2.04010942069468e-09,9.0898126895212e-09,4.5743158436054e-09,9.40103929227243e-09,3.80928026453299e-09,1.70373695546736e-09,1.33486975922301e-09,3.74323976329516e-09,2.26499379396087e-09,4.33228548809174e-09,1.47444660693886e-09,1.17025157375527e-09,7.74374036703769e-10,1.86626741724469e-09,1.35164314240522e-09,1.83554696803232e-09,1.1247077189797e-09,7.24649683881407e-10,7.05394879443985e-10,1.11197529852305e-09,6.7586223029273e-10,1.13396544357938e-09,6.43309008514283e-10,6.49579914215644e-10,4.94106173564382e-10,5.5231288858013e-10,9.79349972549012e-10,9.28626442732052e-10,6.24608470905325e-10,2.64235762977417e-10,6.21660568386613e-10,7.33916877224071e-10,7.23261049241692e-10,1.14063021588731e-09
3.44911245848663e-09,4.16794493837153e-09,8.12678883838554e-09,4.15211040300284e-09,7.78891162915295e-09,7.36340122464949e-09,5.21185009244971e-09,9.23872081737655e-09,2.28446827672685e-08,9.41987302747455e-09,1.95557910930494e-08,1.9261574259882e-08,7.53054760103094e-09,1.8346605664975e-08,9.02885602629309e-09,1.55769461418556e-08,1.58758543900653e-08,1.34829720344909e-08,1.54850086678812e-08,7.66077713861113e-09,3.50289619077111e-09,1.34357561686706e-08,6.87980914365813e-09,1.23894146915564e-08,6.39149226925221e-09,2.93646840869453e-09,2.71978155092594e-09,5.6485178207353e-09,3.14577997656698e-09,5.80868954636134e-09,2.43201380996086e-09,2.46614031998223e-09,1.81649940913928e-09,2.56388253789544e-09,2.90162547577932e-09,2.97368463897254e-09,2.17374685668013e-09,1.49689663299694e-09,1.26148953318169e-09,2.4926001930264e-09,1.8650952208548e-09,2.84958141426857e-09,1.37313915725896e-09,1.00527880711309e-09,9.61652267155325e-10,1.61909358572644e-09,1.30014753227641e-09,1.82142781979102e-09,2.19609210467238e-09,2.44798175363904e-09,4.52432014595643e-09,2.61944784809994e-09,4.6437700367296e-09,4.59208879383583e-09,3.21634921668165e-09,5.54242695272374e-09,1.17148126294913e-08,5.95357120907609e-09,1.07403901955671e-08,1.07190028266973e-08,4.63557989905932e-09,1.00095157875256e-08,5.90427278292631e-09,9.199981613224e-09,9.44540020348029e-09,8.98244660623795e-09,8.54692969048877e-09,4.94131867863802e-09,2.41611932726849e-09,7.82599726201805e-09,4.89199801686696e-09,7.96445792907625e-09,4.07130773736557e-09,1.88275883234744e-09,1.14605578804746e-09,3.89829183402762e-09,2.12175917726779e-09,3.82995913619771e-09,1.49757895078356e-09,1.02760226153902e-09,7.34501237183228e-10,1.62519482345986e-09,1.04788513885485e-09,1.63892152898364e-09,8.99361078303966e-10,6.71597704414237e-10,5.24432085717945e-10,9.26151649217422e-10,8.24001269399963e-10,1.07041646061757e-09,6.82073592233654e-10,3.51244071888031e-10,5.41031136923555e-10,7.64451351448538e-10,7.42536181678451e-10,1.26802993268045e-09
7.5981179931321e-09,1.6263435138158e-08,1.38592826140356e-08,1.25183933978072e-08,2.3829772156244e-08,1.91284524863216e-08,2.01948458043688e-08,1.6462029138797e-08,9.41987302747455e-09,2.95875173213616e-08,1.50748958975936e-08,2.75929460879247e-08,1.39011332753179e-08,7.85913630174087e-09,4.35480674936037e-09,1.2715342828673e-08,7.76821235251076e-09,1.22387327915035e-08,6.53988198456077e-09,3.48436482248228e-09,3.48536752956633e-09,6.38502772828344e-09,3.95878195865012e-09,6.68657695764657e-09,2.81441450928906e-09,3.01099780519429e-09,1.92802774868781e-09,3.14320546871591e-09,3.30402886219092e-09,3.35030241169371e-09,2.74705179267337e-09,1.85337158014262e-09,1.74662794913244e-09,3.10271250881129e-09,2.36322115615869e-09,3.61496124812035e-09,1.6227542897235e-09,1.41407071003984e-09,1.44374546891404e-09,1.91598429750167e-09,1.91975640783668e-09,2.31223330274588e-09,1.21418389591263e-09,1.13821813439999e-09,1.03832078985789e-09,1.57398721233485e-09,1.45353477719842e-09,1.84613643928079e-09,4.98446305981115e-09,9.29857690641425e-09,7.99669583848581e-09,8.18535820946582e-09,1.35132323754136e-08,1.19590997222345e-08,1.11936284360471e-08,1.0319743225434e-08,5.69150735298604e-09,1.69339593248441e-08,1.05815128899636e-08,1.76421602752115e-08,8.75152805994575e-09,4.91035324614464e-09,2.42076154420232e-09,9.02731269229262e-09,5.11182680157875e-09,9.46483374678519e-09,4.19339744686887e-09,1.97325776130022e-09,1.8104407493615e-09,4.22751884788249e-09,2.56920864280968e-09,4.86842105088855e-09,1.7067890284345e-09,1.58552040026796e-09,8.89772913075711e-10,2.01639517700808e-09,1.84233363075516e-09,2.16585510547556e-09,1.38692029772933e-09,9.02216916806654e-10,8.69376121467824e-10,1.52132223806962e-09,9.21534039543058e-10,1.62099437978893e-09,8.35724739652187e-10,7.33254796550061e-10,7.23591276232209e-10,7.7019254228186e-10,1.21803040856063e-09,1.27952000386556e-09,6.98774349503476e-10,5.63289194794106e-10,7.11908196294126e-10,1.00485454305584e-09,9.13774061601328e-10,1.3838472412084e-09
3.83414879110289e-09,7.76745172860703e-09,1.45290719978953e-08,7.06839779972397e-09,1.23819699315764e-08,1.12232028753382e-08,9.71500425213377e-09,1.69207799160632e-08,1.95557910930494e-08,1.50748958975936e-08,2.93479141653321e-08,2.64595619389736e-08,1.41460088070847e-08,1.55739148167789e-08,8.04604009194226e-09,2.38749335695924e-08,1.35215607484832e-08,2.10124149553231e-08,1.28860993770209e-08,6.81010526815659e-09,3.27814697039994e-09,1.13415590904418e-08,6.24288546908078e-09,1.04556474410144e-08,5.68515044830158e-09,2.77832233079983e-09,2.76021287873337e-09,5.11539954086372e-09,2.97406627923534e-09,5.17383036350857e-09,2.30764185198253e-09,2.47577568011507e-09,1.84212137135626e-09,2.4351478888545e-09,2.9523939926958e-09,2.96969796165627e-09,2.1626360587631e-09,1.58941246997671e-09,1.38748520075055e-09,2.56788735606931e-09,1.98965565711099e-09,3.02475478269182e-09,1.47550233946068e-09,1.15296962602758e-09,1.10078517639888e-09,1.7773013104471e-09,1.49112920995631e-09,2.04305511113779e-09,2.33938850079575e-09,4.39592602367086e-09,7.97775556049656e-09,4.22229981447431e-09,7.19810685665189e-09,6.85766747793018e-09,5.78945414679713e-09,1.00922215070566e-08,1.01971118754349e-08,9.39808394849199e-09,1.66005945481817e-08,1.52783964299056e-08,8.43810697756516e-09,8.80301989095905e-09,5.26319843405868e-09,1.41238131844176e-08,8.42080038493936e-09,1.37706915203767e-08,7.52324206619975e-09,4.33418001617743e-09,2.14380178098131e-09,6.80022659665369e-09,4.39995426980311e-09,6.97324662963034e-09,3.63662186441478e-09,1.73841019972232e-09,1.23475380468118e-09,3.55608547130436e-09,1.86141445215691e-09,3.41104926421816e-09,1.45687546261651e-09,1.15553919988374e-09,9.30769025559813e-10,1.41133808499282e-09,1.0501438618647e-09,1.60181111792844e-09,9.69008823795848e-10,8.45210685178186e-10,4.89254461047376e-10,9.64310910830556e-10,8.57798543114283e-10,1.02863955849792e-09,8.39927793342923e-10,3.69609763560877e-10,6.79485168426113e-10,8.92233733870257e-10,9.43369287580986e-10,1.49436456627209e-09
7.48231991214419e-09,1.57636141844052e-08,1.22533173503222e-08,1.20106289826282e-08,2.15986746858112e-08,1.70146541926836e-08,2.01978076995708e-08,1.46886261632831e-08,1.9261574259882e-08,2.75929460879247e-08,2.64595619389736e-08,4.28611647717762e-08,1.23488814283513e-08,1.55534402091261e-08,8.25034777188665e-09,2.17174666922328e-08,1.32963036200897e-08,1.87175221508814e-08,1.29371831740057e-08,6.82673246617165e-09,3.78713795441208e-09,1.10900312216338e-08,6.61174269242042e-09,1.06273219109346e-08,5.56136259169491e-09,3.20637253170031e-09,3.33909287886567e-09,5.23203643210882e-09,3.58084702785523e-09,5.62513726564559e-09,2.73579142693145e-09,3.05593651523701e-09,2.27844948145896e-09,3.07356765176767e-09,3.66117117678743e-09,3.65660577532577e-09,2.69801710684173e-09,1.9408133595148e-09,1.79581637565688e-09,3.15642552595818e-09,2.41412791663238e-09,3.5694627728488e-09,1.80179369379176e-09,1.46807739129468e-09,1.38442922200603e-09,2.17948808518546e-09,1.9008028388314e-09,2.58195510767723e-09,4.55570378530425e-09,8.63019328757617e-09,7.16062177015734e-09,7.68970916340338e-09,1.19509176581276e-08,1.05568841954301e-08,1.12738155467531e-08,9.50696243259116e-09,1.0549766396035e-08,1.58741144585937e-08,1.62067034153674e-08,2.47612645280635e-08,8.03635010706638e-09,9.15038303491629e-09,5.47686690124932e-09,1.38796684885305e-08,8.84421120803284e-09,1.36886361290091e-08,7.80746203086639e-09,4.46253365190752e-09,2.50837005548987e-09,7.16934318720123e-09,4.73654839151948e-09,7.63375874931338e-09,3.61447828896004e-09,2.00799978271293e-09,1.34407849645857e-09,3.60917788036709e-09,2.18524299873599e-09,3.62169786479675e-09,1.65109518028287e-09,1.39178268237805e-09,1.13013337828472e-09,1.73919067009303e-09,1.46075364313648e-09,1.91655633102736e-09,1.22857902775202e-09,1.01027233925233e-09,8.53711544577173e-10,1.30654927128178e-09,1.07913784321434e-09,1.46564531168072e-09,9.93307345871805e-10,7.06175324953548e-10,8.6998948378476e-10,1.13001312176614e-09,1.24802706282388e-09,1.86520042922415e-09
2.92244093164916e-09,6.66315873029887e-09,1.37232717001145e-08,5.89720611447677e-09,1.16286610115686e-08,1.05382741845922e-08,8.03765625497444e-09,1.59197325948591e-08,7.53054760103094e-09,1.39011332753179e-08,1.41460088070847e-08,1.23488814283513e-08,1.97018989455087e-08,9.14520493964905e-09,4.62811457005294e-09,1.76857644751505e-08,9.17455095267292e-09,1.72586275541449e-08,7.54769059795246e-09,3.81872683712848e-09,3.25706465222187e-09,7.5609956698377e-09,4.13164163093793e-09,7.57867849736754e-09,3.21538491891032e-09,2.86547189413248e-09,1.76089353675795e-09,3.46641590077989e-09,3.09430260244516e-09,3.54209060044986e-09,2.56939315264475e-09,1.61329327357304e-09,1.59750622201551e-09,2.83739441070624e-09,2.05310704816143e-09,3.28483770756402e-09,1.43928174699172e-09,1.33641655732099e-09,1.32828539671884e-09,1.75395952168083e-09,1.85471881140814e-09,2.20125793727926e-09,1.08720816224766e-09,9.99811292532555e-10,9.39560492076896e-10,1.41485472412971e-09,1.3355497662198e-09,1.7467119405894e-09,1.96157512405883e-09,4.05600841128624e-09,7.45881241217481e-09,3.73872829007168e-09,6.78340770937685e-09,6.44735681867746e-09,4.76091274327141e-09,9.067715008833e-09,4.458965632198e-09,8.11517611122417e-09,9.08817206331423e-09,8.31771393541348e-09,1.08013713941259e-08,5.78937593526223e-09,2.51924508002749e-09,1.11697939363298e-08,5.59110585252462e-09,1.09855254648529e-08,4.92655168318544e-09,2.19101657347914e-09,1.48910989850052e-09,4.62728072732427e-09,2.86335307096148e-09,5.23326877948787e-09,1.9458377754402e-09,1.3459745663779e-09,9.71000566832218e-10,2.40097854683198e-09,1.68090281063612e-09,2.31793826208839e-09,1.27879405282926e-09,8.72468404855633e-10,8.53047205217003e-10,1.35234573739315e-09,8.52249373883624e-10,1.34197437664903e-09,7.70449363174341e-10,8.18509065122423e-10,6.10117540244513e-10,7.39183115741217e-10,1.10873605938703e-09,1.07610747588002e-09,7.42923203746211e-10,3.37602815981182e-10,7.22099224337371e-10,7.96729267419328e-10,7.95781465101402e-10,1.23913342528623e-09
3.04990505977709e-09,3.61199140404923e-09,6.58347335429107e-09,3.55349085493163e-09,6.41922563973064e-09,5.97629049580539e-09,4.56347502696269e-09,7.52518170344778e-09,1.8346605664975e-08,7.85913630174087e-09,1.55739148167789e-08,1.55534402091261e-08,9.14520493964905e-09,2.13711387091643e-08,1.04576392662282e-08,1.83855544973104e-08,1.86215240536708e-08,1.60268597489791e-08,1.80458391146441e-08,8.80619018766269e-09,4.03753952883665e-09,1.56942436844751e-08,8.16219370888791e-09,1.47152312237394e-08,7.33186564060343e-09,3.37444376284484e-09,3.05203104311384e-09,6.72395703591486e-09,3.60768590303684e-09,6.93263147167449e-09,2.82066031324933e-09,2.76582495827306e-09,1.99343637989565e-09,2.96122389508847e-09,3.24987062066038e-09,3.35788236822227e-09,2.42456123218739e-09,1.64603076197411e-09,1.41370129639319e-09,2.80479892634475e-09,2.04229906977941e-09,3.14874263823567e-09,1.41279869879975e-09,1.08130977729918e-09,1.02194558108847e-09,1.6827028400802e-09,1.30918438485588e-09,1.84249978525447e-09,1.89552992002744e-09,2.08538630560516e-09,3.81921021359382e-09,2.25336328115162e-09,3.85150744305707e-09,3.84528253054362e-09,2.85271460584621e-09,4.63467869552469e-09,1.0004572718947e-08,4.96727862944264e-09,9.1936829634138e-09,9.29915039307064e-09,5.31813466929313e-09,1.23926932396888e-08,6.85636424603641e-09,1.13211227386125e-08,1.13534520984797e-08,1.07484187591895e-08,1.058800027172e-08,5.75532066753874e-09,2.59416479229069e-09,9.45770423229748e-09,5.71635335775317e-09,9.65947592748826e-09,4.81528441375211e-09,2.04737331567439e-09,1.34603680912996e-09,4.57881598440604e-09,2.35393314575368e-09,4.48923425875332e-09,1.63562716864513e-09,1.19343644439386e-09,8.70547619808938e-10,1.85012601556457e-09,1.2321895842618e-09,1.85269773987607e-09,1.02324099594581e-09,7.84002382274977e-10,6.18178619756303e-10,1.07587738690001e-09,9.29693187779791e-10,1.22540747440555e-09,7.30221216495294e-10,4.1122859768657e-10,5.80741828601785e-10,7.94723060677118e-10,7.17403922851121e-10,1.23714380071168e-09
2.25845990939756e-09,3.5160248724654e-09,3.29929448155344e-09,3.78485111181085e-09,3.64338536123791e-09,3.7538207429538e-09,4.18198711293146e-09,3.78802205159924e-09,9.02885602629309e-09,4.35480674936037e-09,8.04604009194226e-09,8.25034777188665e-09,4.62811457005294e-09,1.04576392662282e-08,2.65259399124392e-08,9.55845248789575e-09,2.18512154748504e-08,2.00812131147223e-08,8.8101840615739e-09,2.08800656052236e-08,9.39850100196579e-09,1.71708217669722e-08,1.72761455167292e-08,1.41910579934867e-08,1.74740980104921e-08,7.5528137239862e-09,3.85088850370324e-09,1.40984269683899e-08,7.31573387969255e-09,1.3624264521329e-08,6.21342225092188e-09,3.13523549931752e-09,3.51803641719449e-09,5.85893235634042e-09,3.65930022799437e-09,6.32378716060366e-09,2.71958371211525e-09,2.93419163327528e-09,1.94138334265974e-09,2.91584245906198e-09,3.34051265201994e-09,3.34310810782101e-09,2.66022129308904e-09,1.59427470211646e-09,1.47915641406832e-09,2.9220351498941e-09,1.90887301879804e-09,3.31906918728218e-09,1.43228479289216e-09,1.93445976943198e-09,1.65540163918944e-09,2.31684698629379e-09,2.03894601733566e-09,2.15183645641361e-09,2.251461017708e-09,1.86665587340039e-09,5.22965688871958e-09,2.25262694978806e-09,4.88043938815108e-09,4.94676574725256e-09,2.45319415051886e-09,6.26712140658407e-09,1.46751187475133e-08,6.16781291290551e-09,1.20463378689772e-08,1.16875094021171e-08,5.18498317769392e-09,1.18141207037431e-08,5.71089919880104e-09,9.41555913066301e-09,1.05182719662671e-08,8.57513551430438e-09,1.00523146292366e-08,4.53878434350964e-09,1.80302340945591e-09,8.30876812508526e-09,4.71141645217493e-09,8.31993881022955e-09,3.79342512819443e-09,1.60453112393595e-09,1.70044408040002e-09,3.7947212120623e-09,1.73857816718002e-09,3.55620016567566e-09,1.41216425931005e-09,1.54587030801973e-09,9.42821817004138e-10,1.57028045561147e-09,1.65373387978122e-09,1.68104713747906e-09,1.41440585638426e-09,7.68262141149016e-10,9.19257757892829e-10,1.42889533402651e-09,1.09453123554467e-09,1.79239238940143e-09
3.30841292430213e-09,6.67318454014358e-09,1.20838660696694e-08,5.97928221147939e-09,1.03384803979621e-08,9.24045897935683e-09,8.4012810917004e-09,1.41417277058699e-08,1.55769461418556e-08,1.2715342828673e-08,2.38749335695924e-08,2.17174666922328e-08,1.76857644751505e-08,1.83855544973104e-08,9.55845248789575e-09,2.91927547502461e-08,1.60748871645388e-08,2.5826823726086e-08,1.52706607424225e-08,8.04866518207223e-09,3.86196859492965e-09,1.34364118854481e-08,7.59184384489226e-09,1.25662922670821e-08,6.70137168336015e-09,3.27744324690233e-09,3.28725263385786e-09,6.24580175270233e-09,3.58986214951089e-09,6.44676394557293e-09,2.74661524605786e-09,2.95093668937146e-09,2.11941783423128e-09,2.95662223394543e-09,3.53126790771818e-09,3.52719662902165e-09,2.58072286001757e-09,1.80093760025608e-09,1.56237578336035e-09,3.05774473938549e-09,2.19257713817411e-09,3.4725445640754e-09,1.52912934856197e-09,1.2374312823414e-09,1.20080840339448e-09,1.8324024006277e-09,1.5544514163778e-09,2.11785900352537e-09,2.10115256472491e-09,3.78564114439969e-09,6.77224205270325e-09,3.70184661074727e-09,6.13000136648568e-09,5.92632764195425e-09,5.1079895678944e-09,8.43844932976104e-09,8.79818144379484e-09,7.9482604384092e-09,1.4117861071426e-08,1.32617675640149e-08,1.01532013785975e-08,1.10727387682892e-08,6.16589786271384e-09,1.75251915317696e-08,1.01358789467494e-08,1.64658920843616e-08,9.37069235608791e-09,5.18463486670869e-09,2.33929958343549e-09,8.20912933500713e-09,5.31417472651975e-09,8.47103435153631e-09,4.41591232879454e-09,1.92776477900127e-09,1.58691586703195e-09,4.29936480530943e-09,2.19883294282454e-09,4.12998872068839e-09,1.60643915595164e-09,1.468561439481e-09,1.16701590875476e-09,1.6968215268961e-09,1.38792593059428e-09,1.88001726826626e-09,1.2395708173316e-09,1.03836891269552e-09,6.22103477797605e-10,1.25413877073842e-09,9.97445691283593e-10,1.23718892201479e-09,9.46428775369611e-10,4.43245718870715e-10,7.66790957904071e-10,9.5061494390323e-10,9.53991338953737e-10,1.53935361657098e-09
3.60926858031861e-09,3.98392460595e-09,6.57226499142358e-09,4.10857901829451e-09,6.49332510753892e-09,6.28611304946871e-09,4.87509960614247e-09,7.51123548166739e-09,1.58758543900653e-08,7.76821235251076e-09,1.35215607484832e-08,1.32963036200897e-08,9.17455095267292e-09,1.86215240536708e-08,2.18512154748504e-08,1.60748871645388e-08,3.22096850073763e-08,2.81983821671838e-08,1.56973116000943e-08,1.71681602418673e-08,8.91172463067091e-09,2.58669851879301e-08,1.43043865163259e-08,2.20250826628088e-08,1.427275887557e-08,7.16507203571638e-09,3.9790217462267e-09,1.15639955898023e-08,7.0613550049252e-09,1.12188972489451e-08,5.78725167396031e-09,3.25463084161567e-09,3.86180136144334e-09,5.61544571643975e-09,3.9162970420249e-09,6.17251377881809e-09,2.67982662436998e-09,3.11723082655066e-09,2.11991362901461e-09,3.08732340139650e-09,3.58394107649207e-09,3.59637850313007e-09,2.84187545032279e-09,1.77340085036039e-09,1.59155217198547e-09,3.20549460223391e-09,2.05137690698873e-09,3.5713070878916e-09,2.27773974278109e-09,2.41860759014155e-09,3.90149184032963e-09,2.67423105149708e-09,4.06216068418441e-09,4.13658214195098e-09,3.17063207755402e-09,4.61491815756401e-09,9.3257070274552e-09,5.08615288220021e-09,8.75344212551704e-09,8.59539694575852e-09,5.47035279505987e-09,1.15109036380569e-08,1.24472158617418e-08,1.08901945112085e-08,1.7944637965926e-08,1.66734292133745e-08,9.76268590189147e-09,9.9998576435918e-09,5.38088325740409e-09,1.45470467254217e-08,9.28929540623839e-09,1.36884738470775e-08,8.45553233390467e-09,4.32261213616993e-09,1.81283229527788e-09,7.34310991142359e-09,4.48793686367521e-09,7.26587074002417e-09,3.58530063160757e-09,1.58375273644709e-09,1.76340070761672e-09,3.58643889845255e-09,1.72518899399785e-09,3.59778482125063e-09,1.28254117446569e-09,1.56747038396744e-09,1.02409180531347e-09,1.47555330403225e-09,1.78505493314042e-09,1.92379724376299e-09,1.46062788968428e-09,7.99306325807011e-10,1.04427636026234e-09,1.56881232913643e-09,1.2613991107008e-09,2.0545767222189e-09
3.67976110950145e-09,6.72980801712709e-09,1.17698709064119e-08,6.2706792432749e-09,1.00093245506585e-08,9.25748470644933e-09,8.40493721381444e-09,1.38051860715468e-08,1.34829720344909e-08,1.22387327915035e-08,2.10124149553231e-08,1.87175221508814e-08,1.72586275541449e-08,1.60268597489791e-08,2.00812131147223e-08,2.5826823726086e-08,2.81983821671838e-08,4.03415517973563e-08,1.33434102903187e-08,1.5865896658663e-08,8.41443108061648e-09,2.25537234355911e-08,1.32035455954341e-08,1.91241350252125e-08,1.31079107995693e-08,6.72072582794981e-09,3.91529663553681e-09,1.05631758178591e-08,6.68574831655086e-09,1.02036307060389e-08,5.43765869954219e-09,3.17582980278606e-09,3.75605708943961e-09,5.30143170824788e-09,3.91108809119297e-09,6.04795656818103e-09,2.70381555634555e-09,3.17229425395755e-09,2.23030771290087e-09,3.18006675993708e-09,3.72001545236954e-09,3.83916264819649e-09,2.85498488201956e-09,1.87529944152889e-09,1.77930176695394e-09,3.31704345356303e-09,2.25234771309166e-09,3.79234581815919e-09,2.48350709289580e-09,3.94906678642926e-09,6.90727031565722e-09,3.99686026729153e-09,6.28534393288456e-09,6.18782726848204e-09,5.21847924219819e-09,8.50780216082833e-09,8.1404855952254e-09,8.030498924212e-09,1.33353959757771e-08,1.23444707799433e-08,1.04656884038671e-08,1.02301801140531e-08,1.12330653888695e-08,1.66833712704904e-08,1.62676078845958e-08,2.38351842090534e-08,8.55834191705626e-09,9.07810558862951e-09,5.2281157769401e-09,1.2942948849866e-08,8.69982883472966e-09,1.23632460563108e-08,7.72244137960618e-09,4.18612552380276e-09,1.75813466347165e-09,6.87727402955981e-09,4.13376172710775e-09,6.55404989438089e-09,3.52322992468566e-09,1.58351435652784e-09,1.95422618433691e-09,3.30178823158727e-09,1.80066488148476e-09,3.550077234421e-09,1.30909241304172e-09,1.81784954718319e-09,9.79157085710107e-10,1.57832446485759e-09,1.85876730853909e-09,1.99228889036128e-09,1.67629194101952e-09,7.49224120010195e-10,1.11854684818746e-09,1.67810290352697e-09,1.3295808052515e-09,2.20824719425571e-09
2.7661329653095e-09,3.12199930820639e-09,5.41615350813534e-09,3.0096638593788e-09,5.3600831941541e-09,4.90222297060042e-09,3.88904739085226e-09,6.1781199137267e-09,1.54850086678812e-08,6.53988198456077e-09,1.28860993770209e-08,1.29371831740057e-08,7.54769059795246e-09,1.80458391146441e-08,8.8101840615739e-09,1.52706607424225e-08,1.56973116000943e-08,1.33434102903187e-08,2.19179429464295e-08,1.08157919572906e-08,4.85413404934604e-09,1.96063679419046e-08,1.01198468486605e-08,1.84783750396971e-08,9.06181672524637e-09,4.08946774809372e-09,3.65665219826855e-09,8.40670760238913e-09,4.38394753255379e-09,8.64284482002521e-09,3.42362294650525e-09,3.26915820405697e-09,2.282453461216e-09,3.65711691409788e-09,3.79742013923721e-09,4.04910216130996e-09,2.85096826148836e-09,1.89216780059118e-09,1.6043389700079e-09,3.28762863914892e-09,2.26870163540898e-09,3.58300144427249e-09,1.59059742822967e-09,1.23858102995563e-09,1.13041876851863e-09,1.87088848201464e-09,1.46872752724387e-09,2.04968082890106e-09,1.69374222017495e-09,1.9634453690015e-09,3.17453661305443e-09,2.06085735537869e-09,3.30290419094938e-09,3.23464939968184e-09,2.6658838799175e-09,3.83032014796618e-09,8.54017133535271e-09,4.22820699846492e-09,7.6695596552183e-09,7.98521271080248e-09,4.36038407300232e-09,1.0588560919552e-08,5.75799304041162e-09,9.35541570883927e-09,9.45938381000351e-09,8.65528216641594e-09,1.23991177104644e-08,6.4454930855418e-09,3.08338074353377e-09,1.12319534476239e-08,6.81438352560481e-09,1.17482183619759e-08,5.51075035037452e-09,2.4606351299011e-09,1.60027928204195e-09,5.61203767845367e-09,2.7534131671655e-09,5.42561876378824e-09,2.05152671765747e-09,1.39626292508871e-09,1.10851343416815e-09,2.29385076611474e-09,1.51284210974733e-09,2.26909792852041e-09,1.1800558810169e-09,1.01867543991568e-09,8.02631554863924e-10,1.347149589894e-09,1.07814839756707e-09,1.42909293250151e-09,8.83956193739194e-10,5.4151545199951e-10,6.78456077528427e-10,8.86283584601906e-10,8.51622894808173e-10,1.32867694765505e-09
