3.092293547103e-08,1.523615701175e-08,7.06288213719935e-09,2.81683930350446e-08,1.47075697267732e-08,2.69764609627922e-08,1.28565355370533e-08,5.98552444889392e-09,5.22656788948351e-09,1.24115387801784e-08,6.54475885835617e-09,1.24824170431012e-08,5.09611051219223e-09,4.44412195912883e-09,3.50612406949583e-09,5.48007060485154e-09,5.38448850636663e-09,5.88282795374364e-09,3.75063344522873e-09,3.08350105449018e-09,2.25029816517341e-09,4.60692635787491e-09,3.2321691697041e-09,4.6427965320825e-09,2.70582131579058e-09,1.88800909271612e-09,1.63168939568975e-09,2.81058143579947e-09,2.08619327665138e-09,3.05791705239296e-09,1.69316821414189e-09,1.47972844305583e-09,1.55671358259345e-09,1.92341843991008e-09,1.91302762311307e-09,2.53034674851042e-09,1.26225333935534e-09,1.26456507050194e-09,1.28800442663016e-09,1.6173083951235e-09,1.61877107312634e-09,1.88776341410156e-09,1.3308349341193e-09,1.20052767989272e-09,1.17810481319114e-09,1.65512901189109e-09,1.49309519325486e-09,2.00731070124753e-09,2.22675231231554e-08,1.15829914797949e-08,5.25114151434145e-09,2.12436275212646e-08,1.20179180719151e-08,2.16527187398026e-08,9.96914706444734e-09,4.41260297634118e-09,2.92768836633635e-09,1.03655452790126e-08,4.91573735083419e-09,9.8924290740135e-09,3.62256300913472e-09,2.30279364836874e-09,2.30803558515193e-09,4.13068424798193e-09,3.32592607451085e-09,4.72784727107948e-09,2.19719166874565e-09,2.09299852661484e-09,1.62238215888134e-09,2.9876662146875e-09,2.21498179005923e-09,3.21103862944993e-09,1.74271747662689e-09,1.39522662456859e-09,1.20935217672443e-09,1.89969116576537e-09,1.39626571953562e-09,2.17969771511819e-09,1.24508957623537e-09,1.14313278537776e-09,1.14928703029635e-09,1.31711692107211e-09,1.62745650733694e-09,1.66776148015734e-09,9.87294444814663e-10,9.01356316368704e-10,9.42446883786630e-10,1.29665368269526e-09,1.27326877304652e-09,1.58308473109612e-09,1.00950744229201e-09,9.59708656989061e-10,9.76127508494816e-10,1.42970976430553e-09,1.2861462259827e-09,1.73184848641099e-09
1.523615701175e-08,3.75219024073088e-08,1.70078903515989e-08,2.92341169808196e-08,3.2887555813709e-08,2.53504934899196e-08,3.22415649831698e-08,1.45069910953803e-08,7.36338760605855e-09,2.80924271926677e-08,1.49754035449943e-08,2.7803446878451e-08,1.2318952164235e-08,6.13843015388957e-09,5.46835041201786e-09,1.25438619693524e-08,6.70218040421964e-09,1.24862868476518e-08,5.24777341673692e-09,4.78494246983653e-09,2.86925691532998e-09,5.61593614430266e-09,4.93557354003776e-09,5.55386740169334e-09,4.13495115019559e-09,2.43659985476779e-09,2.12205706726331e-09,4.23250870786279e-09,2.84379444812839e-09,4.71434904424339e-09,2.16803025481223e-09,1.93206299141173e-09,2.04072664347737e-09,2.57002842737132e-09,2.42879760553051e-09,3.26669145608601e-09,1.84400415891318e-09,1.87971840203408e-09,1.45755620862452e-09,2.26947814255474e-09,2.12198783495105e-09,2.38546561497192e-09,1.83512534998588e-09,1.49843236046672e-09,1.34932051113172e-09,2.17033905248156e-09,1.88483188523944e-09,2.59607807394749e-09,1.0119966866982e-08,2.69934512989211e-08,1.33008800094596e-08,2.04758662620028e-08,2.57583311697592e-08,1.96851434876586e-08,2.35250152787791e-08,1.14760519543507e-08,5.27553760440953e-09,2.24243899116504e-08,1.12257971375125e-08,2.01888782005031e-08,9.63547264436843e-09,4.39767064808842e-09,3.76725198150236e-09,9.69310151486814e-09,5.14087189376565e-09,9.86823713662377e-09,3.69302178587503e-09,3.42488784227233e-09,1.8741600301755e-09,4.43055659508443e-09,3.20732776846647e-09,4.28837540810805e-09,2.84481202681408e-09,1.61030618829369e-09,1.58128725922419e-09,2.74110237120858e-09,2.1334844168049e-09,3.22759129888535e-09,1.4273075249333e-09,1.34179922607348e-09,1.47260015868139e-09,1.81740142623243e-09,1.69875259487317e-09,2.30232447297966e-09,1.22989034275975e-09,1.30491190312847e-09,1.15251878333615e-09,1.56800237312108e-09,1.76098635374062e-09,1.9630320104505e-09,1.24079748765016e-09,1.20175542001539e-09,1.00423004485272e-09,1.79748926964746e-09,1.43677534817971e-09,1.96430742375865e-09
7.06288213719935e-09,1.70078903515989e-08,3.59618765713293e-08,1.48716640831087e-08,3.21712813856326e-08,2.82180634118984e-08,1.45130260352018e-08,3.0125054857165e-08,1.53947786504408e-08,2.68070861902708e-08,2.70499747835055e-08,2.43360897508236e-08,2.55293239407382e-08,1.28714958914352e-08,5.91255796130652e-09,2.26088522045731e-08,1.29555398787444e-08,2.23126903180656e-08,1.0876063754249e-08,5.04005253299491e-09,3.78867672861063e-09,1.07160735263309e-08,4.87622728185471e-09,1.02111353512004e-08,4.27036623955124e-09,3.33614401511174e-09,2.44142374860211e-09,4.14627558822658e-09,3.74150404050258e-09,4.37146721470212e-09,2.93269854900946e-09,2.19178965406093e-09,1.89207801286922e-09,3.30874688123476e-09,2.57981335390863e-09,3.88195490243624e-09,1.99476622996139e-09,1.66960323452458e-09,1.65427376575646e-09,2.20587345092127e-09,2.13245193445727e-09,2.5637263723334e-09,1.61453290078104e-09,1.5022303242183e-09,1.20485505233038e-09,2.04247111651639e-09,1.86029084624115e-09,2.36877215711701e-09,4.97402121147464e-09,1.26317412936581e-08,2.59767913774775e-08,1.04892307215777e-08,2.37398281715498e-08,2.05197521041065e-08,1.11548777172817e-08,2.19809662888706e-08,1.13275870428412e-08,2.0114770516694e-08,1.9321374720321e-08,1.79508801646534e-08,1.87507171761406e-08,9.51104805068287e-09,4.39076136021297e-09,1.62956917013524e-08,1.06628400656262e-08,1.70359881939055e-08,7.97420553829366e-09,3.85939763617833e-09,2.4451636742841e-09,9.19068784905136e-09,3.37804489248757e-09,8.4130295711692e-09,3.11575216123117e-09,2.22841092282194e-09,1.54193064331596e-09,2.82417578642371e-09,2.55453533685971e-09,2.96426013090629e-09,1.96100553194626e-09,1.33682956411798e-09,1.28374893691577e-09,2.23352965786692e-09,1.56755448715384e-09,2.7301687614275e-09,1.3345979190561e-09,1.19912502602348e-09,1.38724914745517e-09,1.5208661560513e-09,1.64466724259007e-09,1.78801854167505e-09,1.07444892523389e-09,1.3169749557339e-09,9.69585448542979e-10,1.57651631082661e-09,1.70361340503835e-09,1.78953519543271e-09
2.81683930350446e-08,2.92341169808196e-08,1.48716640831087e-08,4.52628514986642e-08,2.52089963402629e-08,3.98826725491536e-08,2.48716027260488e-08,1.2641037687734e-08,6.66494746745362e-09,2.146438251282e-08,1.27854792582902e-08,2.08246287656512e-08,1.0839845124104e-08,5.63076307427105e-09,5.95795054233627e-09,1.0881491570519e-08,6.40668335007548e-09,1.0967163385382e-08,4.8739368316558e-09,5.29815046760345e-09,3.11349354227814e-09,5.53231855117972e-09,5.47510794927968e-09,5.43134100322223e-09,4.61769385326275e-09,2.71183236100218e-09,2.29511696379754e-09,4.78173591976337e-09,3.17943020140818e-09,5.35256176441956e-09,2.38810056773674e-09,2.09171548500571e-09,2.05314654056286e-09,2.87242142057962e-09,2.56698583248167e-09,3.59820786598455e-09,1.92831066244075e-09,1.83133321911849e-09,1.49079155292333e-09,2.33167348834665e-09,2.10807094739309e-09,2.6157418687482e-09,1.92057118048301e-09,1.56919777380591e-09,1.52459827766185e-09,2.30053339768794e-09,2.03631147855779e-09,2.78701100441737e-09,1.9891893050834e-08,2.17615309075308e-08,1.16928253388486e-08,3.28876179171379e-08,2.07194821589793e-08,3.13739545938866e-08,1.88295967694601e-08,9.92009890765842e-09,4.67077273040353e-09,1.79187642529784e-08,9.71464583632072e-09,1.62589922071896e-08,8.26345467945779e-09,3.76310685391279e-09,3.87096483185945e-09,8.42873994501565e-09,4.73145378920553e-09,8.93537583913174e-09,3.49879653268326e-09,3.6455559182967e-09,2.29485837841652e-09,4.26282460998403e-09,3.69375569896824e-09,4.51738244669752e-09,3.11807970515131e-09,1.89929902164942e-09,1.83339032967492e-09,3.13906722856854e-09,2.15160735084811e-09,3.75764903355687e-09,1.65422217987264e-09,1.69585335131021e-09,1.55173732679893e-09,1.968359021351e-09,2.08075027184746e-09,2.51191674971737e-09,1.56207930437115e-09,1.35664621763129e-09,1.15197118129618e-09,1.84420308041493e-09,1.77195892099542e-09,2.37156515588135e-09,1.42992846998911e-09,1.31068945626922e-09,1.30947605990911e-09,1.96854330147354e-09,1.67916875879634e-09,2.22028533761582e-09
1.47075697267732e-08,3.2887555813709e-08,3.21712813856326e-08,2.52089963402629e-08,5.20180026937173e-08,4.11780402828546e-08,2.80977118998478e-08,2.68031769085637e-08,1.51836626520436e-08,4.33680903482451e-08,2.47269949218667e-08,4.02946735092675e-08,2.28468618257324e-08,1.27118344585884e-08,6.25999518939429e-09,2.07645092050981e-08,1.26727401069557e-08,2.01183930002867e-08,1.07501859879566e-08,5.40747454003433e-09,4.04667921475167e-09,1.05787445592871e-08,5.17473154490015e-09,9.93557150163058e-09,4.62821345319014e-09,3.56934857240942e-09,2.72020152333683e-09,4.43056164021671e-09,4.2599967499321e-09,4.83787383546694e-09,3.17725010415812e-09,2.52085417323066e-09,2.32003959911946e-09,3.82169109115921e-09,3.10449993038505e-09,4.58394238910998e-09,2.37646522931387e-09,2.15143746246779e-09,1.99934428396322e-09,2.80651522464233e-09,2.60284487495683e-09,3.0301561438912e-09,2.10340962325524e-09,1.90075379088518e-09,1.51435736986906e-09,2.57197903858321e-09,2.37150022492737e-09,3.05468724934881e-09,1.02222739646354e-08,2.37474747993275e-08,2.41507477918091e-08,1.7629916305857e-08,3.87885643043919e-08,3.06892040875169e-08,2.06136952269366e-08,2.02753576602611e-08,1.09792606339666e-08,3.28943724133073e-08,1.83967303152817e-08,2.90463478178054e-08,1.73400161699057e-08,9.28513573486847e-09,4.81543786961226e-09,1.56665520594828e-08,1.01331849844033e-08,1.59658435123298e-08,7.65267265158163e-09,4.1821743435604e-09,2.47929389755406e-09,8.59293083574682e-09,3.55380342982046e-09,7.85646624708985e-09,3.46179207263329e-09,2.26384420440455e-09,1.761927874953e-09,3.09523007778451e-09,2.99852027457959e-09,3.48972576204658e-09,2.00107679589777e-09,1.53610667402175e-09,1.62431772268694e-09,2.59578995538224e-09,1.84710454194444e-09,3.12626798438435e-09,1.46990222755944e-09,1.5254384134774e-09,1.74574052786749e-09,1.80047434657483e-09,2.21613259644004e-09,2.24901442172325e-09,1.3612297729164e-09,1.75310494594008e-09,1.15781789087657e-09,2.22216459231432e-09,2.06046627849973e-09,2.27215825178742e-09
2.69764609627922e-08,2.53504934899196e-08,2.82180634118984e-08,3.98826725491536e-08,4.11780402828546e-08,5.91904158626938e-08,2.14510759264252e-08,2.34984561919619e-08,1.30228847519067e-08,3.43409214497039e-08,2.07823199240719e-08,3.06411469339134e-08,2.00823888126107e-08,1.09017256753133e-08,5.86004929160461e-09,1.75218943102707e-08,1.09453874332789e-08,1.70865102756936e-08,9.23325216957988e-09,5.0284353175516e-09,4.17617231853217e-09,9.13545991015309e-09,4.85895030899613e-09,8.60560023915635e-09,4.34110694238348e-09,3.72922471688804e-09,2.90672590454072e-09,4.22472831260265e-09,4.53798239881164e-09,4.71291923711814e-09,3.29837181350316e-09,2.63134501290601e-09,2.27915830071022e-09,4.07580058421589e-09,3.14067858905291e-09,4.96359429235065e-09,2.44981962426035e-09,2.11954846455396e-09,1.98093890037082e-09,2.81675268816443e-09,2.48491439350423e-09,3.11783945717273e-09,2.19461055681832e-09,2.0347056625081e-09,1.78808466487152e-09,2.66432759391988e-09,2.60695826227488e-09,3.15653662401116e-09,2.00360643171763e-08,1.8867067477658e-08,2.15791760943443e-08,2.95786475325339e-08,3.21975133279999e-08,4.52781037405497e-08,1.63707042734885e-08,1.79527032001186e-08,9.29889830939876e-09,2.73884512395533e-08,1.5456863992172e-08,2.3685954222721e-08,1.51693235620869e-08,7.69816888155941e-09,4.10063486577225e-09,1.3187555304239e-08,8.35190723234603e-09,1.33905881960349e-08,6.57229849055644e-09,3.58830521559368e-09,2.88483109030352e-09,7.16649148738274e-09,3.66856447073284e-09,7.22925624433245e-09,3.05485751994181e-09,2.50468160703391e-09,2.06946177944642e-09,3.17392238692642e-09,2.94784332269304e-09,3.57362229681554e-09,2.21005867468903e-09,1.908884897846e-09,1.63636564898811e-09,2.68122979155104e-09,2.1763983205917e-09,3.25517702339299e-09,1.82735417297745e-09,1.56675144320759e-09,1.67173612954935e-09,2.08783288452865e-09,2.02752239589538e-09,2.5813153505741e-09,1.58815722494436e-09,1.83692177045572e-09,1.58029677030943e-09,2.30345426440771e-09,2.40332984176266e-09,2.49185697663521e-09
1.28565355370533e-08,3.22415649831698e-08,1.45130260352018e-08,2.48716027260488e-08,2.80977118998478e-08,2.14510759264252e-08,4.11122466758214e-08,1.76166796193616e-08,8.8049174596543e-09,3.6593251777827e-08,1.83530476013116e-08,3.65218354272911e-08,1.48547447587272e-08,7.30805484907629e-09,6.49280724074313e-09,1.52565955910225e-08,8.34648462210772e-09,1.57535572265137e-08,6.13779052905938e-09,5.63217217290949e-09,3.55174955973903e-09,6.85497667022161e-09,5.76083476933502e-09,6.75836610768384e-09,4.81804443823065e-09,3.04932131544921e-09,2.50125635030529e-09,4.95956264910553e-09,3.66241054753319e-09,5.71811754756953e-09,2.73083038797578e-09,2.27489341659961e-09,2.34918286926564e-09,3.29968854784454e-09,2.80167784192606e-09,3.94848675380117e-09,1.98745257920273e-09,2.0192470937913e-09,1.55570392052873e-09,2.42364069544736e-09,2.21197237897989e-09,2.54037866075315e-09,1.84514011420952e-09,1.43074094568687e-09,1.34530585057982e-09,2.05608171906481e-09,1.79299618395828e-09,2.51092011865037e-09,8.77749496253797e-09,2.35232692306463e-08,1.14804366947324e-08,1.7472137105589e-08,2.24266156942029e-08,1.67431135078853e-08,3.01977972264472e-08,1.45579724153058e-08,6.45550384241933e-09,2.91831453899739e-08,1.45603518034847e-08,2.73305073954238e-08,1.21081551991417e-08,5.56773243596931e-09,4.46397823259869e-09,1.24237777200206e-08,6.48818465661526e-09,1.26842596305853e-08,4.61751098812474e-09,4.25918321448802e-09,2.33925651964739e-09,5.44078852665775e-09,3.91159199529203e-09,5.19868122310039e-09,3.66382433834757e-09,2.0979929641522e-09,1.85930774325382e-09,3.4443746384882e-09,2.75937173197858e-09,4.00800546802043e-09,1.89069420728751e-09,1.58745592024412e-09,1.76399408020696e-09,2.4283851845875e-09,2.00119814002818e-09,2.98451330259235e-09,1.32046464607972e-09,1.5487493301785e-09,1.19471874468345e-09,1.72978728806028e-09,1.98112719871468e-09,2.06074794957255e-09,1.45178426996803e-09,1.16239915231369e-09,1.0537230897004e-09,1.88590710298018e-09,1.36215369044938e-09,2.0097463262168e-09
5.98552444889392e-09,1.45069910953803e-08,3.0125054857165e-08,1.2641037687734e-08,2.68031769085637e-08,2.34984561919619e-08,1.76166796193616e-08,3.50139783280961e-08,1.76648226609709e-08,3.19525218665122e-08,3.15155730735695e-08,2.90675992633553e-08,2.95192396768671e-08,1.47129295632522e-08,6.87642250269635e-09,2.62019187665483e-08,1.5080703293041e-08,2.61938585476052e-08,1.22247364304968e-08,5.7787410234012e-09,4.67328078299989e-09,1.21635858515125e-08,5.61686023003012e-09,1.14537612616376e-08,4.85504791106262e-09,3.99848897494073e-09,2.80151453534827e-09,4.66636895817479e-09,4.57667992345564e-09,5.1431370506452e-09,3.54842880028541e-09,2.51406332994759e-09,2.232427901766e-09,4.07918760613104e-09,2.93703022608415e-09,4.62992724825025e-09,1.96475702337315e-09,1.72185592957478e-09,1.58156972274351e-09,2.24694210576189e-09,2.10926702685997e-09,2.57819730354723e-09,1.63340772749199e-09,1.32372876195655e-09,1.14196966397534e-09,1.90513076329903e-09,1.63309025781312e-09,2.23320284159536e-09,4.27723698858117e-09,1.11502018963821e-08,2.19805868748889e-08,8.95535494214244e-09,2.01104280337329e-08,1.72580816766423e-08,1.38217873977184e-08,2.64447165481811e-08,1.30050140462205e-08,2.42686333968995e-08,2.33186149011007e-08,2.16866161486587e-08,2.25231556034353e-08,1.10781478724848e-08,4.95616507183023e-09,1.97083718546085e-08,1.21634322208646e-08,2.04819233573674e-08,9.17106058564779e-09,4.3796430496293e-09,3.34019032505226e-09,1.02281895016658e-08,4.12553042427975e-09,9.23249238796052e-09,3.63050507987506e-09,2.94390441770665e-09,1.97822670874672e-09,3.45646729032387e-09,3.20370377175486e-09,3.73236844444423e-09,2.59210001708019e-09,1.6846083219733e-09,1.68542734144628e-09,2.86113501613446e-09,1.93442249654729e-09,3.43789951555302e-09,1.28424492480131e-09,1.44652693398651e-09,1.14420026846453e-09,1.54677257835672e-09,1.77145544404022e-09,1.77125173852194e-09,1.29370945199985e-09,1.05616233521448e-09,9.47013859003455e-10,1.59503606489489e-09,1.4693513426555e-09,1.81414608696302e-09
5.22656788948351e-09,7.36338760605855e-09,1.53947786504408e-08,6.66494746745362e-09,1.51836626520436e-08,1.30228847519067e-08,8.8049174596543e-09,1.76648226609709e-08,3.6463401422188e-08,1.77916161239705e-08,3.26563175004111e-08,3.16618918926779e-08,1.47172643742426e-08,2.98182193747681e-08,1.39327242115539e-08,2.66115008931941e-08,2.66535070209462e-08,2.39774727372795e-08,2.48234596671791e-08,1.16264340158736e-08,4.7452383655198e-09,2.20154475052658e-08,1.03866341830146e-08,1.96395553329268e-08,9.58094099494223e-09,3.78109125439395e-09,3.63905602580979e-09,8.42647943185894e-09,4.19235001613182e-09,8.64923267727164e-09,3.20296619253388e-09,3.10851699017652e-09,2.52337561379399e-09,3.57478328896538e-09,3.7234541159937e-09,4.0122096213089e-09,2.5811144950377e-09,2.07956374047842e-09,1.84014660204213e-09,3.09720349684814e-09,2.58561087440205e-09,3.52366156526056e-09,2.00256801742458e-09,1.50840808572929e-09,1.41782752488211e-09,2.34697375498909e-09,1.84603302858825e-09,2.64789434182695e-09,3.2210764539516e-09,5.38461904129645e-09,1.04010647958243e-08,4.3072827642246e-09,1.03767226034829e-08,9.03723146134907e-09,6.50845190434982e-09,1.26484604134891e-08,2.54797311537008e-08,1.29479978920285e-08,2.22701416828712e-08,2.15779727129596e-08,1.04561645348738e-08,2.09408436108124e-08,1.00995028569503e-08,1.82517187310641e-08,2.06317888934193e-08,1.82201467315997e-08,1.76762206748015e-08,8.44432521423832e-09,3.49586250270281e-09,1.72379744915671e-08,7.36796070618464e-09,1.51401658927761e-08,6.99276993238888e-09,3.03013502726329e-09,2.46122073852061e-09,6.05010308269757e-09,3.24074296886532e-09,6.11775797673938e-09,2.54542910436164e-09,2.10399913018453e-09,2.13155899266365e-09,2.74571117407295e-09,2.64901488328763e-09,3.17128071220911e-09,1.70440710578866e-09,1.71883112013558e-09,1.35641401160861e-09,2.15667972303897e-09,2.07199930522563e-09,2.51004674339551e-09,1.54474050729664e-09,1.2462049819443e-09,1.029169288794e-09,1.93893093114264e-09,1.53732132957538e-09,2.02746451102703e-09
1.24115387801784e-08,2.80924271926677e-08,2.68070861902708e-08,2.146438251282e-08,4.33680903482451e-08,3.43409214497039e-08,3.6593251777827e-08,3.19525218665122e-08,1.77916161239705e-08,5.49462913987058e-08,2.95712609136876e-08,5.13465808269992e-08,2.72004644874295e-08,1.49570752745437e-08,7.57536776887168e-09,2.47365810515795e-08,1.55105622213123e-08,2.47482669601296e-08,1.23952972655484e-08,6.36769092747044e-09,5.04900389563244e-09,1.25816763667515e-08,6.10461850042401e-09,1.1770521666266e-08,5.32874963013911e-09,4.4070016845178e-09,3.22841341274699e-09,5.10539585950966e-09,5.40109356272874e-09,5.90245757317393e-09,3.95595000714117e-09,2.95786356254552e-09,2.78120244738579e-09,4.8704684164619e-09,3.56549814957479e-09,5.60023337009734e-09,2.44494821265954e-09,2.31250788603283e-09,1.90296150743427e-09,2.95775409149117e-09,2.61104991782328e-09,3.12117111629174e-09,2.16280474113687e-09,1.67702541662888e-09,1.43447073626065e-09,2.3811420699287e-09,2.11232706182022e-09,2.86347263641919e-09,8.65068617494774e-09,2.06084696340991e-08,2.02778657372295e-08,1.48925382315444e-08,3.28920115712298e-08,2.57621893587585e-08,2.7379342843517e-08,2.53680065830489e-08,1.3228701932333e-08,4.21869239383537e-08,2.31334219801899e-08,3.79674235785623e-08,2.16357937658744e-08,1.14301882069058e-08,5.51998141516149e-09,1.95828075328745e-08,1.24730899785718e-08,2.00146081170969e-08,9.19902398556667e-09,4.85279327330969e-09,3.37889119241926e-09,1.01697201501619e-08,4.26571272542999e-09,9.28641095652089e-09,4.14812771923851e-09,3.1231403854351e-09,2.30025897591036e-09,3.74822624360626e-09,3.89066304785552e-09,4.39461390520454e-09,2.7921368907378e-09,1.96472893558721e-09,2.08140604665883e-09,3.50321743703565e-09,2.29221671231496e-09,4.13243157396914e-09,1.52383660700759e-09,1.80240758986259e-09,1.37962682638999e-09,1.94317318451543e-09,2.33095417781631e-09,2.25710086508393e-09,1.64704070151774e-09,1.30019277313171e-09,1.09480392423852e-09,2.17786528651177e-09,1.61026902530518e-09,2.2247856000791e-09
6.54475885835617e-09,1.49754035449943e-08,2.70499747835055e-08,1.27854792582902e-08,2.47269949218667e-08,2.07823199240719e-08,1.83530476013116e-08,3.15155730735695e-08,3.26563175004111e-08,2.95712609136876e-08,5.07960407236067e-08,4.69010318434733e-08,2.62057534486659e-08,2.66092459914262e-08,1.36105012391545e-08,4.17135449408396e-08,2.44309227205498e-08,3.86788905062877e-08,2.22257532876848e-08,1.13960830012693e-08,5.27100847229449e-09,2.01713476753154e-08,1.01406550267922e-08,1.78769191319864e-08,9.41966331906989e-09,4.27387898910242e-09,4.3234297814554e-09,8.28798520178701e-09,4.94506973122908e-09,8.70896873165023e-09,3.70470578850277e-09,3.86453223955859e-09,3.03058785696232e-09,4.25020195968886e-09,4.51825809655977e-09,4.74699427306562e-09,3.18050783330426e-09,2.45770447227405e-09,2.08191044613806e-09,3.64771428609308e-09,2.98910840751659e-09,4.07639324278385e-09,2.39750424386082e-09,1.79036624924574e-09,1.59989156411487e-09,2.77742852446531e-09,2.09574364844277e-09,3.13278046347373e-09,4.38511013419933e-09,1.10121634084084e-08,1.87743145638201e-08,8.71283177746477e-09,1.77617412951533e-08,1.47850446784008e-08,1.37547896921618e-08,2.31046486120746e-08,2.26997246348361e-08,2.17127100746353e-08,3.53713005587661e-08,3.25182074903352e-08,1.93294045876794e-08,1.88810939768199e-08,9.86250354511009e-09,2.95114684117486e-08,1.89996367465678e-08,2.91463826054009e-08,1.60815797527569e-08,8.4751435577467e-09,3.86637589455151e-09,1.60131938776072e-08,7.4236204982137e-09,1.41239975990444e-08,6.99700417475432e-09,3.41397765365279e-09,2.92121736838123e-09,6.18216025870741e-09,3.9136962556018e-09,6.426689872257e-09,2.9152419645513e-09,2.55381245839245e-09,2.24349376921004e-09,3.40019787002266e-09,2.87548487734242e-09,3.80389363536563e-09,1.91942319391862e-09,1.85214916063708e-09,1.41866364089527e-09,2.15651446278438e-09,2.23754655825219e-09,2.6388832651325e-09,1.75319543453532e-09,1.34454333195224e-09,1.21571210723894e-09,2.12117693918854e-09,1.75378417854419e-09,2.33639581315653e-09
1.24824170431012e-08,2.7803446878451e-08,2.43360897508236e-08,2.08246287656512e-08,4.02946735092675e-08,3.06411469339134e-08,3.65218354272911e-08,2.90675992633553e-08,3.16618918926779e-08,5.13465808269992e-08,4.69010318434733e-08,7.42909561574982e-08,2.43915555508011e-08,2.61919459179078e-08,1.3656775798976e-08,3.88972061369181e-08,2.4282840491631e-08,3.61204068302726e-08,2.18711487047984e-08,1.14860246147534e-08,5.50740836226106e-09,2.01381575637559e-08,1.02621578060764e-08,1.79125469089168e-08,9.37837168969918e-09,4.44489188402629e-09,4.74194762009571e-09,8.31567791830282e-09,5.19721115182615e-09,8.8750307125173e-09,3.91838056042336e-09,4.23915856364489e-09,3.61470586989951e-09,4.5834017557763e-09,5.09103321397884e-09,5.25685458155332e-09,3.57090036043829e-09,3.04223101966095e-09,2.45746404512567e-09,4.24331354171507e-09,3.5178961935607e-09,4.48913861742418e-09,2.92660690300507e-09,2.20163648803138e-09,1.8830085768311e-09,3.30448924217822e-09,2.53404933824709e-09,3.74223143616484e-09,8.50199975868881e-09,1.95463179302906e-08,1.7769508728176e-08,1.40462836327062e-08,2.97682194020186e-08,2.28019000323578e-08,2.62263035024221e-08,2.2574176566334e-08,2.24505619815456e-08,3.85826866699972e-08,3.4484236567685e-08,5.2423399630552e-08,1.8966072691925e-08,1.89484753270231e-08,9.79119617668043e-09,2.88737894051427e-08,1.88267493729101e-08,2.80009649557944e-08,1.57313258556538e-08,8.43119521550037e-09,3.36142026476536e-09,1.55493667887187e-08,7.20655143144543e-09,1.37384190554288e-08,7.04664773759255e-09,3.09571099680252e-09,3.17242167945611e-09,6.19917697187511e-09,4.00520894765019e-09,6.62619020635235e-09,2.74364341189666e-09,2.78353648623935e-09,2.66237593542771e-09,3.64396169922181e-09,3.21842650895159e-09,4.12405551967052e-09,2.15971351419935e-09,2.23584933232945e-09,1.70173117604429e-09,2.52433548560576e-09,2.75697124533335e-09,3.0496599193757e-09,2.11006904195718e-09,1.63092243298523e-09,1.35474820685653e-09,2.65204504361412e-09,1.83738089532552e-09,2.66177957340633e-09
5.09611051219223e-09,1.2318952164235e-08,2.55293239407382e-08,1.0839845124104e-08,2.28468618257324e-08,2.00823888126107e-08,1.48547447587272e-08,2.95192396768671e-08,1.47172643742426e-08,2.72004644874295e-08,2.62057534486659e-08,2.43915555508011e-08,3.32073658625588e-08,1.59515133364635e-08,7.66635661090335e-09,2.9248323880528e-08,1.65443787929196e-08,2.94346541852257e-08,1.31524525921051e-08,6.35833582104309e-09,5.265996139145e-09,1.32548328535966e-08,6.24357787938752e-09,1.25368494068743e-08,5.3326728122431e-09,4.54778274882134e-09,2.99732279244226e-09,5.21346535493296e-09,5.17752727294014e-09,5.68658160976494e-09,4.0101618021515e-09,2.68442952607857e-09,2.37837424134707e-09,4.60334622200794e-09,3.10429410756854e-09,5.03616328588822e-09,2.06790386864063e-09,1.80491320457819e-09,1.70990748727878e-09,2.34373284049014e-09,2.28251474999384e-09,2.73166276232257e-09,1.58767784705518e-09,1.39209849178788e-09,1.2411150730036e-09,1.89734757619381e-09,1.73374476973938e-09,2.24832199171569e-09,3.861037731982e-09,9.28789290353734e-09,1.87533890831766e-08,7.6300411544555e-09,1.72427825406756e-08,1.48179162890358e-08,1.1614778432467e-08,2.25248575423368e-08,1.10806858808631e-08,2.09702538283635e-08,1.97098651783183e-08,1.86270663093103e-08,2.52749474716832e-08,1.17246509391727e-08,5.55216606703206e-09,2.22196026504062e-08,1.29531613001442e-08,2.32282525182038e-08,9.84423904927848e-09,4.93382085243156e-09,3.76508706991504e-09,1.10306967854807e-08,4.80328194486098e-09,1.00094787590302e-08,4.09791516557666e-09,3.33286454350236e-09,2.10165343933434e-09,4.01695477215097e-09,3.81067424764153e-09,4.31140823322367e-09,2.88515690390273e-09,1.79554296878989e-09,1.91120098691569e-09,3.33585304678965e-09,2.03429066404554e-09,3.76175299893226e-09,1.35335856096023e-09,1.55676461611047e-09,1.23914403320986e-09,1.55567213716624e-09,1.9487471449906e-09,1.78345611240606e-09,1.33226131341182e-09,1.0677999612571e-09,1.05704412920011e-09,1.65483636019417e-09,1.53476205203346e-09,1.89107095501289e-09
4.44412195912883e-09,6.13843015388957e-09,1.28714958914352e-08,5.63076307427105e-09,1.27118344585884e-08,1.09017256753133e-08,7.30805484907629e-09,1.47129295632522e-08,2.98182193747681e-08,1.49570752745437e-08,2.66092459914262e-08,2.61919459179078e-08,1.59515133364635e-08,3.32756493616779e-08,1.57380580950427e-08,2.92144786863374e-08,3.02219627635002e-08,2.67166648029085e-08,2.75655801562611e-08,1.30791915244433e-08,5.34546295251811e-09,2.47887668867557e-08,1.16992986714127e-08,2.21817308846378e-08,1.07246024895396e-08,4.27168992239994e-09,4.01792719895565e-09,9.49464566816803e-09,4.72519142828643e-09,9.65461948936314e-09,3.63634979412184e-09,3.43953258658264e-09,2.80880383975210e-09,4.02172933609341e-09,4.1287869409979e-09,4.44950727271034e-09,2.79025888146987e-09,2.29349356613666e-09,2.02203463344168e-09,3.37852175623614e-09,2.76855971507563e-09,3.73502235775529e-09,1.98704192764736e-09,1.5801815590584e-09,1.41922717522416e-09,2.28561428320219e-09,1.85910017772159e-09,2.5062085533306e-09,2.96102479299037e-09,4.47164561219424e-09,8.60919903769267e-09,3.57342517265868e-09,8.82990481752182e-09,7.49952537102734e-09,5.53102234406449e-09,1.04544674991951e-08,2.09415273874487e-08,1.11726197959863e-08,1.82496141690372e-08,1.82999018166662e-08,1.11917700635399e-08,2.24567974777866e-08,1.11063240706605e-08,2.01609156639288e-08,2.19210486716996e-08,2.00529325295796e-08,1.91672631002718e-08,9.40577197977625e-09,3.83929702557818e-09,1.85972340161206e-08,8.2155090861976e-09,1.63711110993652e-08,7.81019412691677e-09,3.33630245819575e-09,2.9089502759905e-09,6.78141594724728e-09,3.79110741650192e-09,6.94897339031529e-09,2.77934325125965e-09,2.49863587750185e-09,2.4226753857422e-09,3.21418697948246e-09,3.00507335346285e-09,3.56956828384626e-09,1.95482349590726e-09,1.92861536773479e-09,1.44065585193762e-09,2.36111733427298e-09,2.20436059345586e-09,2.62479704130008e-09,1.60189332643621e-09,1.1746595884568e-09,1.10456541121788e-09,1.91386514089711e-09,1.46587363648357e-09,1.994121588128e-09
3.50612406949583e-09,5.46835041201786e-09,5.91255796130652e-09,5.95795054233627e-09,6.25999518939429e-09,5.86004929160461e-09,6.49280724074313e-09,6.87642250269635e-09,1.39327242115539e-08,7.57536776887168e-09,1.36105012391545e-08,1.3656775798976e-08,7.66635661090335e-09,1.57380580950427e-08,3.52067077601867e-08,1.50792236611615e-08,3.0245835372879e-08,2.83697389675234e-08,1.30832418781761e-08,2.89137109047708e-08,1.23627803580983e-08,2.44930085839776e-08,2.39488747045939e-08,1.99856741354815e-08,2.43874580333224e-08,1.03846469844401e-08,4.85449191811181e-09,2.0006671915712e-08,1.0137462648642e-08,1.92047664172036e-08,8.9175883928052e-09,4.21182151438238e-09,4.64928137480197e-09,8.67577003571938e-09,5.03511479710938e-09,9.15729080135999e-09,3.49168728902881e-09,3.89916653765178e-09,2.40371851372143e-09,4.20079055558915e-09,4.20880994935007e-09,4.44302785322805e-09,3.47724607534067e-09,1.99395493364837e-09,1.59544808562908e-09,3.69586202981997e-09,2.04508941958281e-09,3.71273693855957e-09,2.20413757580406e-09,3.93531473364198e-09,3.76159860403028e-09,3.6971888162484e-09,4.09376214402367e-09,3.93034814660116e-09,5.09502006684109e-09,4.75199745218347e-09,9.85933518023255e-09,5.63539362336739e-09,9.38641675647031e-09,9.54015523438761e-09,5.25639907723386e-09,1.08629747396884e-08,2.46567510075887e-08,1.04357478227699e-08,2.13689056757455e-08,1.99304948461498e-08,9.22926616122987e-09,2.08302474809216e-08,9.06751096558182e-09,1.79114672724031e-08,1.7414647366858e-08,1.49272021338771e-08,1.7799701094173e-08,7.698888847415e-09,3.85128638642505e-09,1.4604872747722e-08,7.43638339927929e-09,1.35895356270825e-08,6.62213413525328e-09,3.38966470849087e-09,3.7849649796341e-09,6.51282323343425e-09,4.06957349030273e-09,6.95614236652255e-09,2.75787857186379e-09,3.10205397333292e-09,1.7524374424631e-09,3.41379861823579e-09,3.27558529432596e-09,3.68000439778621e-09,2.81298427312454e-09,1.49586039715143e-09,1.29035667907955e-09,2.93875316843252e-09,1.56746826255343e-09,2.85204305413416e-09
5.48007060485154e-09,1.25438619693524e-08,2.26088522045731e-08,1.0881491570519e-08,2.07645092050981e-08,1.75218943102707e-08,1.52565955910225e-08,2.62019187665483e-08,2.66115008931941e-08,2.47365810515795e-08,4.17135449408396e-08,3.88972061369181e-08,2.9248323880528e-08,2.92144786863374e-08,1.50792236611615e-08,4.64222267332326e-08,2.70874778238857e-08,4.33106459875551e-08,2.42654393278462e-08,1.24786854354325e-08,5.83750419776444e-09,2.21979037145324e-08,1.12053155840702e-08,1.98208592860815e-08,1.02711068472443e-08,4.77400526340628e-09,4.65131157057434e-09,9.16397229775579e-09,5.40114137204147e-09,9.49875035849229e-09,4.13012724045476e-09,4.15456355478117e-09,3.16112177253859e-09,4.64629987924765e-09,4.84056383991151e-09,5.14300578731626e-09,3.36236993737177e-09,2.52376829563247e-09,2.22016172374273e-09,3.84832478753228e-09,3.0771286568946e-09,4.26567119507421e-09,2.26338685183149e-09,1.80391051614255e-09,1.61726644473406e-09,2.61801610578484e-09,2.12368524604286e-09,2.95137893662099e-09,3.95753117810852e-09,9.03846711064903e-09,1.57647922546974e-08,7.30087823610496e-09,1.51650252671106e-08,1.24861364580782e-08,1.14963767065337e-08,1.93287886698601e-08,1.88830190955017e-08,1.87574410410342e-08,2.95103834675361e-08,2.78319469589869e-08,2.13940121219677e-08,2.02684950542914e-08,1.09430045567077e-08,3.31803402307545e-08,2.03761772528657e-08,3.27600280683635e-08,1.74632861682919e-08,9.40613333189011e-09,4.28088807781777e-09,1.73198084594182e-08,8.40246028016069e-09,1.53557753501398e-08,7.74390022177923e-09,3.79266798794241e-09,3.24096555833067e-09,6.97045898037833e-09,4.42584161537644e-09,7.26769768450284e-09,3.19201772614331e-09,2.82795752786046e-09,2.40522638870822e-09,3.81441216719907e-09,3.04136001502078e-09,4.10103571964659e-09,2.081246125765e-09,1.91684606431258e-09,1.45555872804928e-09,2.18601738893257e-09,2.32803036064679e-09,2.67415205635174e-09,1.67859016328537e-09,1.23360663475566e-09,1.29326978336038e-09,2.05812460252492e-09,1.71522738324716e-09,2.27414015400029e-09
5.38448850636663e-09,6.70218040421964e-09,1.29555398787444e-08,6.40668335007548e-09,1.26727401069557e-08,1.09453874332789e-08,8.34648462210772e-09,1.5080703293041e-08,2.66535070209462e-08,1.55105622213123e-08,2.44309227205498e-08,2.4282840491631e-08,1.65443787929196e-08,3.02219627635002e-08,3.0245835372879e-08,2.70874778238857e-08,4.89948015889038e-08,4.39582787996054e-08,2.47934677359204e-08,2.44912742691886e-08,1.15833435310005e-08,3.92580265975508e-08,1.9821970912125e-08,3.25310348512426e-08,2.03835169770221e-08,9.57710610329954e-09,4.90912518867409e-09,1.62923421187406e-08,9.35716612496566e-09,1.54858605681764e-08,8.22979425354944e-09,4.25214606477635e-09,4.93823105761517e-09,7.97764283974544e-09,5.02393458980875e-09,8.46196052164031e-09,3.48099467119674e-09,4.09549809264905e-09,2.82927613162143e-09,4.20407216071225e-09,4.83628215109738e-09,4.71528192902349e-09,3.67042142509004e-09,2.25693878520134e-09,1.78472136025265e-09,4.17986942892683e-09,2.41485075266025e-09,4.21470394799921e-09,3.42424419832372e-09,4.61465905086247e-09,8.87469549054472e-09,4.08304139338829e-09,8.88884179328899e-09,7.7870869161233e-09,6.34127525348864e-09,1.10955791737598e-08,1.92456526267609e-08,1.20112872946944e-08,1.7181877050761e-08,1.75879561953806e-08,1.20589074975129e-08,2.08744612234019e-08,2.11055393411913e-08,1.91820064766666e-08,3.47835874504636e-08,3.18181449274287e-08,1.75167868141925e-08,1.78032670571981e-08,8.28500834147623e-09,2.94337439477781e-08,1.44038563978845e-08,2.47790863359739e-08,1.51254886638805e-08,7.19340347518402e-09,3.81123623513137e-09,1.20749546081341e-08,6.99772723967942e-09,1.10228457939514e-08,6.10255798053572e-09,3.35063564250533e-09,3.98358722684769e-09,6.07929485715041e-09,3.90090368099391e-09,6.49326245218393e-09,2.65338631037389e-09,3.20294738874368e-09,2.06951893261329e-09,3.2275794242978e-09,3.64961512842889e-09,3.65639478098427e-09,2.85291490327999e-09,1.75006868742196e-09,1.27256113685755e-09,3.28712896266835e-09,1.83930185923156e-09,3.03764047074277e-09
5.88282795374364e-09,1.24862868476518e-08,2.23126903180656e-08,1.0967163385382e-08,2.01183930002867e-08,1.70865102756936e-08,1.57535572265137e-08,2.61938585476052e-08,2.39774727372795e-08,2.47482669601296e-08,3.86788905062877e-08,3.61204068302726e-08,2.94346541852257e-08,2.67166648029085e-08,2.83697389675234e-08,4.33106459875551e-08,4.39582787996054e-08,6.46410257170738e-08,2.19220524257247e-08,2.29279857785858e-08,1.10421660759513e-08,3.51073857658612e-08,1.83362347609077e-08,2.87968196659312e-08,1.91166413918126e-08,9.20175661725452e-09,5.0042596187213e-09,1.51434496331902e-08,9.29884704537843e-09,1.47288850100595e-08,7.93132051637759e-09,4.34761307348768e-09,5.06307515639705e-09,7.93321442070436e-09,5.12942579817568e-09,8.45677509581486e-09,3.6883450814107e-09,4.17851704389457e-09,2.94183059169116e-09,4.35374845966521e-09,4.95158697179231e-09,4.97233277840478e-09,3.79860683481529e-09,2.45063695621606e-09,1.93083856605705e-09,4.36303211200887e-09,2.70626147931201e-09,4.61527270957244e-09,4.23588522922502e-09,8.82888648386474e-09,1.59299797440899e-08,7.42032284136792e-09,1.50594023332205e-08,1.27647972409644e-08,1.20014849863229e-08,1.96261465243021e-08,1.7462833918306e-08,1.94630261117368e-08,2.76424365925125e-08,2.66378020578022e-08,2.18877043701832e-08,1.90237729414466e-08,1.97809575964605e-08,3.12671910404433e-08,3.21756839045456e-08,4.7149206385293e-08,1.61072561813376e-08,1.69141518066714e-08,8.05171257356445e-09,2.72452869259288e-08,1.37030874912218e-08,2.27811677499479e-08,1.43830034996702e-08,7.12334137726968e-09,3.74976698652815e-09,1.15892135060075e-08,7.11777480803936e-09,1.08526845649585e-08,6.10181341123108e-09,3.31027945813485e-09,3.84940871225887e-09,6.29107786964112e-09,3.77096240745422e-09,6.7416323577621e-09,2.64577004240723e-09,3.18563119477424e-09,1.97420758669394e-09,3.15867501846643e-09,3.66072608585258e-09,3.5330329648996e-09,2.89380889736727e-09,1.77059305207194e-09,1.41257653328099e-09,3.38411573841733e-09,2.07232143160178e-09,3.17254789807322e-09
3.75063344522873e-09,5.24777341673692e-09,1.0876063754249e-08,4.8739368316558e-09,1.07501859879566e-08,9.23325216957988e-09,6.13779052905938e-09,1.22247364304968e-08,2.48234596671791e-08,1.23952972655484e-08,2.22257532876848e-08,2.18711487047984e-08,1.31524525921051e-08,2.75655801562611e-08,1.30832418781761e-08,2.42654393278462e-08,2.47934677359204e-08,2.19220524257247e-08,3.28092565148249e-08,1.496461044712e-08,6.365860665138e-09,2.95339638411824e-08,1.37716687619476e-08,2.69165899629267e-08,1.23242900398186e-08,5.10605109100824e-09,4.76949690373624e-09,1.11305189829066e-08,5.48249304812624e-09,1.11320707050312e-08,4.33393578369777e-09,4.12435575191408e-09,3.21257826072838e-09,4.69179354795514e-09,4.83609303890767e-09,5.09275487185638e-09,3.42668974988991e-09,2.63214791706276e-09,2.38209645856587e-09,4.02682134856911e-09,3.16596140161648e-09,4.36974507123844e-09,2.25805945234113e-09,1.90073320662388e-09,1.52791516696199e-09,2.59734106924525e-09,2.13014759624576e-09,2.84078135796102e-09,2.53999978474738e-09,3.78462616290888e-09,7.26336181011777e-09,3.0513475857196e-09,7.56374518048623e-09,6.38983505530094e-09,4.49232703185331e-09,8.65251352429204e-09,1.76766088033632e-08,9.31997788946271e-09,1.5272479605788e-08,1.53322411515029e-08,9.29556028422271e-09,1.91663752020523e-08,9.40761344945929e-09,1.69743158910631e-08,1.85994696692622e-08,1.68893949492311e-08,2.31655775752706e-08,1.0835499046435e-08,4.40628838206547e-09,2.25304513479468e-08,1.00692685727751e-08,2.0363689046218e-08,8.99055970563272e-09,3.99177652698395e-09,3.48519104826782e-09,8.46146736145469e-09,4.26663835430001e-09,8.35250634222809e-09,3.32337356359969e-09,3.03940875422069e-09,2.6963635512257e-09,3.60745853380016e-09,3.64477164359044e-09,4.01203190150433e-09,2.4450940963139e-09,2.15686701430679e-09,1.82254598075144e-09,2.93219977316404e-09,2.5218515951536e-09,3.18649690961997e-09,1.82784534243882e-09,1.5076829136052e-09,1.18006453900139e-09,2.19148266857756e-09,1.81962048075078e-09,2.37624632528507e-09
