2.94506527111873e-08,1.41422203977554e-08,6.06942570860146e-09,2.62616133030388e-08,1.33239083932208e-08,2.47015550426346e-08,1.2256538469215e-08,5.24567487655384e-09,5.13187805436947e-09,1.15260960408418e-08,6.15198370956712e-09,1.14872535706648e-08,4.71335252655493e-09,4.42574040500583e-09,3.30959784448774e-09,5.41965689476968e-09,5.02029421860365e-09,5.59590058944856e-09,3.73861028528978e-09,2.95476889186862e-09,2.41726401071095e-09,4.3952383366348e-09,3.31806785534755e-09,4.60362719513128e-09,2.73585791976021e-09,2.2423432301913e-09,1.75729897285108e-09,3.09505240195638e-09,2.52256351559174e-09,3.37954204308256e-09,2.06765126816089e-09,1.6611795254572e-09,1.84099463878564e-09,2.33812609830595e-09,2.32737282405013e-09,2.92968885796554e-09,1.48556660971616e-09,1.60537375050774e-09,1.53504254501443e-09,2.02944719089959e-09,2.00125466331276e-09,2.42926304533930e-09,1.4000700793817e-09,1.28681403748326e-09,9.74763024291338e-10,1.73410130722213e-09,1.40024087798587e-09,1.88395225676595e-09,2.18349878744451e-08,1.11163816795233e-08,4.55423485186515e-09,2.08940724189201e-08,1.053335946423e-08,1.99066441063359e-08,9.76421349517216e-09,3.93770682581207e-09,3.44672947967191e-09,9.16504998726289e-09,4.85278283681697e-09,9.39550607315481e-09,3.67584824403718e-09,3.00969435084239e-09,2.42436162813273e-09,4.36583420307572e-09,3.62554946060224e-09,4.83215576783089e-09,2.54272952005741e-09,2.1016269466641e-09,1.44265672113237e-09,3.05905606159516e-09,2.19048791631246e-09,2.98741090875132e-09,1.98380619794755e-09,1.33273077740442e-09,1.16233653559607e-09,2.12230731803861e-09,1.67043391075715e-09,2.71044781130165e-09,1.18326456904174e-09,1.13146291894368e-09,1.04086995467278e-09,1.58386062008206e-09,1.36444362714404e-09,1.70163476525953e-09,1.0368581340778e-09,9.28804273591082e-10,1.00293699735362e-09,1.21887520168043e-09,1.42616901069746e-09,1.76054199958592e-09,7.21479715329326e-10,8.1619580646788e-10,5.29752172766207e-10,1.26327239698527e-09,7.32016095133565e-10,1.14554800815257e-09
1.41422203977554e-08,3.31519488370744e-08,1.5039159459707e-08,2.63849648884376e-08,2.94029055203747e-08,2.29222294399017e-08,2.85428399614841e-08,1.28347310301117e-08,6.37871163008637e-09,2.52321974410464e-08,1.2473611775144e-08,2.39581202822893e-08,1.15266219596815e-08,5.6398128787038e-09,4.5445932903083e-09,1.11237979192154e-08,6.14026516235052e-09,1.12053662620597e-08,4.88119063130877e-09,3.91026867903029e-09,2.70284420531702e-09,5.29983077662751e-09,4.28586775856342e-09,5.42531194046949e-09,3.62860045081096e-09,2.53921260490157e-09,2.17537614601038e-09,4.0004382746323e-09,3.02499552553956e-09,4.65886058521027e-09,2.32602361674021e-09,1.99983182407386e-09,1.80738749663334e-09,2.80496469694234e-09,2.46174557180076e-09,3.27304194673548e-09,1.91339847858084e-09,1.64032435731634e-09,1.61277567302937e-09,2.23996119168912e-09,2.19224034429687e-09,2.77046016062945e-09,1.52071720415745e-09,1.46835265936611e-09,1.35776886487961e-09,2.0238283405298e-09,1.72821965642642e-09,2.23299262751827e-09,1.02406772767377e-08,2.28546906309357e-08,1.14272743674879e-08,1.93696027317354e-08,2.15606459410017e-08,1.810397159333e-08,1.98859261145221e-08,9.69276619135895e-09,4.97351428454011e-09,1.8631414629587e-08,9.90398982055212e-09,1.78191355256281e-08,8.84434596443674e-09,4.46707931104458e-09,2.57706731890949e-09,9.00613715795983e-09,4.78587116965602e-09,9.228152981986e-09,3.81450925564948e-09,2.32694931721152e-09,1.46225761039605e-09,4.16103148037529e-09,2.57287541229769e-09,4.65161555250087e-09,2.10999840764309e-09,1.36380888912112e-09,1.3290988482574e-09,2.42512567283242e-09,1.92254669817781e-09,3.20759851669248e-09,1.24627487492557e-09,1.2229912229378e-09,1.31581039350497e-09,1.80226192662389e-09,1.45486616856549e-09,2.01786363913984e-09,1.20115808771716e-09,1.09762988385805e-09,1.0974695507247e-09,1.32118811764023e-09,1.47226273265822e-09,1.8612211852465e-09,1.06098797955499e-09,9.75220206755618e-10,1.02767598608387e-09,1.42266835404014e-09,1.05653319992519e-09,1.46778754592041e-09
6.06942570860146e-09,1.5039159459707e-08,3.00381208839096e-08,1.30065100600878e-08,2.68120242250377e-08,2.34917094289669e-08,1.28416181921132e-08,2.49316812459281e-08,1.3159203918499e-08,2.22216165153875e-08,2.32195963327473e-08,2.04862995628718e-08,2.21650271697663e-08,1.1588364838797e-08,5.06482457241646e-09,2.065092404216e-08,1.11160532475892e-08,1.9622821562116e-08,9.79747639276422e-09,4.30059618112243e-09,3.03729455348702e-09,9.48882201733057e-09,4.34900487010774e-09,9.07564274011993e-09,3.80129335357365e-09,2.77475621419088e-09,1.96818274766105e-09,3.86183443355168e-09,3.22000645992127e-09,4.107789799947e-09,2.56670918671623e-09,1.7777298086356e-09,1.70594805781952e-09,2.99097019703226e-09,2.17682770097237e-09,3.49596681118051e-09,1.7272195609026e-09,1.58718638961062e-09,1.67294612381656e-09,2.05724323294577e-09,2.07970779628145e-09,2.56038760201189e-09,1.6577968807257e-09,1.65035001319641e-09,1.21084555275355e-09,2.18399500432648e-09,1.79777664254108e-09,2.29453155501146e-09,4.20191712462582e-09,9.67740094524746e-09,2.10260513735367e-08,9.06344509812569e-09,1.85805151530002e-08,1.71177210416206e-08,8.51386556312289e-09,1.75025003250965e-08,1.00428270465916e-08,1.55730361861586e-08,1.69978722155284e-08,1.50692257935524e-08,1.57798406742843e-08,8.94656249984383e-09,3.85755338014439e-09,1.5305967495632e-08,8.92797699982939e-09,1.53313898544037e-08,7.62088916799991e-09,3.24437411567407e-09,1.66180738806223e-09,7.57840830995003e-09,3.34912710622869e-09,7.59648124903099e-09,2.78603859853357e-09,1.48795013067066e-09,1.19006191236572e-09,2.92508970495614e-09,1.98421342467313e-09,3.18940302287549e-09,1.4233890688552e-09,1.12147785890569e-09,1.18518353022226e-09,1.80300490958543e-09,1.23278233123023e-09,2.04956370549948e-09,1.08467900485851e-09,1.06028930545649e-09,1.15547482963266e-09,1.11451154357207e-09,1.42364477143199e-09,1.50396716104649e-09,1.06374169385885e-09,1.13103331841273e-09,1.00621312506299e-09,1.42908722760009e-09,1.28312981616921e-09,1.54766181869849e-09
2.62616133030388e-08,2.63849648884376e-08,1.30065100600878e-08,4.08773029676807e-08,2.28423650010597e-08,3.58850128048892e-08,2.26389213484173e-08,1.10876239746504e-08,6.20115585590649e-09,1.94955369267604e-08,1.11503018234573e-08,1.85887380232096e-08,9.98349848733167e-09,5.50275687068443e-09,5.0178213369395e-09,1.0011585617773e-08,6.02903978748189e-09,1.00297564356595e-08,4.63595503671322e-09,4.41559500759033e-09,3.07434515952043e-09,5.16276008551779e-09,4.85124934761842e-09,5.35915009065462e-09,4.08583681400987e-09,2.86866394839071e-09,2.43556761707197e-09,4.51784056234429e-09,3.39929758946171e-09,5.2024590088459e-09,2.63490692726531e-09,2.26075587929383e-09,2.26847962771425e-09,3.15337387068411e-09,2.96954215117305e-09,3.7920164864779e-09,2.11283938261008e-09,2.05642477354114e-09,1.93577551668418e-09,2.67108243879362e-09,2.52782449324882e-09,3.17180095180351e-09,1.85084563798218e-09,1.64494932397136e-09,1.34100350240394e-09,2.2822705610249e-09,1.85004708216173e-09,2.49619099110777e-09,1.94276327601412e-08,1.92878736270043e-08,1.01228021181031e-08,3.08548775241213e-08,1.79665006774879e-08,2.89575659768621e-08,1.67590317134969e-08,8.56225299003407e-09,4.8685662080484e-09,1.54352454572387e-08,8.87042509899318e-09,1.49360419933081e-08,7.86490245735209e-09,4.37382396856424e-09,3.15102852113084e-09,8.07605530407763e-09,4.91288727246281e-09,8.41647896972891e-09,3.73099046794746e-09,2.78907068723861e-09,1.83849798013758e-09,4.2651179741827e-09,2.90576510971783e-09,4.46854156232151e-09,2.57023343649625e-09,1.72651336351355e-09,1.72382705056495e-09,2.80628632353139e-09,2.31269529818945e-09,3.75414207620159e-09,1.56192295871405e-09,1.59446559381929e-09,1.49672403196992e-09,2.16133583023236e-09,1.69041151434984e-09,2.30142668003771e-09,1.46311443858897e-09,1.34605389710564e-09,1.11612783920562e-09,1.59970811564238e-09,1.63965721208866e-09,2.14574444640468e-09,1.09357207268167e-09,9.16457507186301e-10,9.1731951059703e-10,1.47366051665669e-09,9.76618192411567e-10,1.46969478142007e-09
1.33239083932208e-08,2.94029055203747e-08,2.68120242250377e-08,2.28423650010597e-08,4.42610038153988e-08,3.54546468406452e-08,2.52363202815645e-08,2.22157407205767e-08,1.24910266357932e-08,3.73075168313305e-08,2.04085442969208e-08,3.43331307242659e-08,1.96881207274463e-08,1.09725802955591e-08,5.60395997334701e-09,1.80514328153357e-08,1.09014997386786e-08,1.73346454345399e-08,9.5195228758305e-09,4.80762328164456e-09,3.82732198957738e-09,9.48797017877487e-09,5.12185713027589e-09,9.3473982991288e-09,4.23195919054375e-09,3.51285650899239e-09,2.63657605831564e-09,4.52513783062157e-09,4.18701793579445e-09,5.0210238318997e-09,3.26650608969596e-09,2.46936944688091e-09,2.14572134543987e-09,3.92957176235498e-09,2.97495664938533e-09,4.52806687484102e-09,2.3956372180844e-09,1.98101413895188e-09,1.90824743534912e-09,2.78552298948054e-09,2.50849739122464e-09,3.31814711881506e-09,1.93088969971525e-09,1.83996233784677e-09,1.40156652168471e-09,2.48419445472262e-09,2.01038880079462e-09,2.55136154921736e-09,9.46797594288819e-09,2.00039107512869e-08,1.95152060139769e-08,1.66643113612001e-08,3.14037353921218e-08,2.63878657463294e-08,1.7400703697282e-08,1.62196201027879e-08,9.83920073393942e-09,2.66011555643717e-08,1.59410375913257e-08,2.54747782765108e-08,1.46105082993944e-08,8.81525724062707e-09,3.92658614400518e-09,1.4330900027618e-08,8.70646015719863e-09,1.42960890880485e-08,7.68238482982412e-09,3.41257879909652e-09,2.23655413486555e-09,7.6072351884311e-09,3.7857778265996e-09,8.19526684252609e-09,2.93004147218798e-09,1.9475826301057e-09,1.56609606149075e-09,3.25544114565457e-09,2.60496699034202e-09,3.85764524753373e-09,1.82038934655353e-09,1.49667561553047e-09,1.38114422839108e-09,2.44410338977003e-09,1.68349765257078e-09,2.75481057827429e-09,1.52714552843653e-09,1.21585178995425e-09,1.36520414619981e-09,1.59522055739228e-09,1.5943356747168e-09,2.04794663225561e-09,1.18223271414863e-09,1.2681603270983e-09,1.04864696319799e-09,1.57570707458096e-09,1.3664075554761e-09,1.69619652125086e-09
2.47015550426346e-08,2.29222294399017e-08,2.34917094289669e-08,3.58850128048892e-08,3.54546468406452e-08,5.09879201818762e-08,1.95696192268324e-08,1.93652383219403e-08,1.11157768812802e-08,2.97289292660045e-08,1.76817711966214e-08,2.6936712597777e-08,1.7287331295609e-08,9.89013953721075e-09,5.18888475336122e-09,1.58179664593128e-08,9.78874299609574e-09,1.5012962424765e-08,8.37770826609231e-09,4.42096900877386e-09,4.02038501046064e-09,8.36443399508972e-09,4.77265137666876e-09,8.35165900614404e-09,3.92645933993193e-09,3.72098043492577e-09,2.78691911863182e-09,4.30708125425767e-09,4.39704013819482e-09,4.74545241720647e-09,3.45794832893057e-09,2.59982544256579e-09,2.39641687740178e-09,4.11226335591087e-09,3.23628619846291e-09,4.84513007677766e-09,2.52668657360553e-09,2.28509255365848e-09,2.25314701946168e-09,3.07364162565726e-09,2.8193053868892e-09,3.60576596409848e-09,2.11191524248872e-09,1.99030770393273e-09,1.42923140813258e-09,2.6101016633293e-09,2.15151560680246e-09,2.72277880386347e-09,1.81652873065502e-08,1.6531709285239e-08,1.73511913515277e-08,2.72126913546115e-08,2.65985365799276e-08,3.92493756888491e-08,1.43930046544218e-08,1.43636094315365e-08,8.91719938920095e-09,2.25214447632715e-08,1.42022072679936e-08,2.16081247236303e-08,1.29981646977438e-08,8.08978540872753e-09,3.86353803398645e-09,1.28319759616184e-08,7.95501252349985e-09,1.25033443992589e-08,6.93349201406582e-09,3.13656826123209e-09,2.40455608918876e-09,6.800825302168e-09,3.4151376562644e-09,7.15850804333034e-09,2.76715608601436e-09,2.18670848671968e-09,1.83729147652185e-09,3.1227273325661e-09,2.7769287320815e-09,3.68747743044208e-09,2.02193767601021e-09,1.7295731305734e-09,1.54214481297923e-09,2.5949858512818e-09,1.93829056454271e-09,2.9946950499476e-09,1.70621287746553e-09,1.44048587989235e-09,1.39693076289218e-09,1.8745876424354e-09,1.77228724302721e-09,2.32471114376243e-09,1.18715772664389e-09,1.22202100990788e-09,1.02453996032329e-09,1.61864709701323e-09,1.42639639945866e-09,1.75427255032951e-09
1.2256538469215e-08,2.85428399614841e-08,1.28416181921132e-08,2.26389213484173e-08,2.52363202815645e-08,1.95696192268324e-08,3.58075743743519e-08,1.55870332694367e-08,7.77823243327825e-09,3.29397869879335e-08,1.55098894339213e-08,3.21139136748569e-08,1.39478235303384e-08,6.86712716477281e-09,5.379461342364e-09,1.37758964737107e-08,7.42802678057473e-09,1.38618467993994e-08,5.90541184706454e-09,4.55023762748566e-09,3.26123600334021e-09,6.31537647702546e-09,5.07477694816693e-09,6.39157571227577e-09,4.22749527761352e-09,3.05573252826662e-09,2.54598859035659e-09,4.73859258751382e-09,3.66764360196023e-09,5.47503415242653e-09,2.8189099617548e-09,2.32678284199368e-09,2.24509480882029e-09,3.3861369361266e-09,2.9647588491875e-09,3.95530477099344e-09,2.06249482428529e-09,1.8754046101348e-09,1.94020922005287e-09,2.52594837735856e-09,2.56351697260783e-09,3.19225066046458e-09,1.56353410603041e-09,1.64680093373353e-09,1.58054078469537e-09,2.06063881492242e-09,1.99172607574194e-09,2.39549997338762e-09,9.0629649491771e-09,1.98841705974276e-08,9.69718555415088e-09,1.66008010180015e-08,1.86330538074948e-08,1.53512196976375e-08,2.5003748049044e-08,1.2160107768257e-08,6.16527840316012e-09,2.39761867335504e-08,1.27766614827124e-08,2.38053561850411e-08,1.1034969412061e-08,5.4609475649613e-09,3.04824277569133e-09,1.15073640038663e-08,5.80981939841966e-09,1.18403077352984e-08,4.65782757629412e-09,2.79240933629678e-09,1.81072564330447e-09,4.97931174455282e-09,3.11473933416493e-09,5.45793716515683e-09,2.51850295981038e-09,1.73230160765505e-09,1.57007952995613e-09,2.96869393611972e-09,2.36738950855393e-09,3.81400985088169e-09,1.57262953602894e-09,1.45792437412598e-09,1.71585527503285e-09,2.20787358468432e-09,1.82070389055723e-09,2.59846891185285e-09,1.33190174278193e-09,1.4479859639369e-09,1.2572290391269e-09,1.53052382918242e-09,1.80024113229829e-09,2.06727770312306e-09,1.27068901235655e-09,1.1143625591225e-09,1.14500973291955e-09,1.53263743316845e-09,1.18526128394533e-09,1.56552343127681e-09
5.24567487655384e-09,1.28347310301117e-08,2.49316812459281e-08,1.10876239746504e-08,2.22157407205767e-08,1.93652383219403e-08,1.55870332694367e-08,2.87301157317971e-08,1.51878838607864e-08,2.69324165085127e-08,2.70393593555026e-08,2.51716604845692e-08,2.5533719478924e-08,1.34417068776998e-08,5.88767591086806e-09,2.40563342834952e-08,1.28730596165158e-08,2.28514367847201e-08,1.13726541145957e-08,4.97371900836966e-09,3.58172539851995e-09,1.09347449963792e-08,5.05808428881768e-09,1.04350474382692e-08,4.4086640489763e-09,3.28472839965386e-09,2.39914408151881e-09,4.49858625256077e-09,3.83529218320663e-09,4.76142528093157e-09,3.04526255483273e-09,2.18423120303012e-09,2.09097990570644e-09,3.56650488736977e-09,2.77559677866084e-09,4.23729846740046e-09,1.90983913215848e-09,1.7419793862527e-09,1.8119236271644e-09,2.38437892872875e-09,2.26828206374008e-09,2.8753077689209e-09,1.5544288211557e-09,1.58805917188067e-09,1.24465032839414e-09,1.92885375872535e-09,1.82232086675815e-09,2.11092173352699e-09,3.8121662462688e-09,8.50769558544572e-09,1.75018411672872e-08,7.82106580134531e-09,1.55679500605084e-08,1.41391312196252e-08,1.03834444794692e-08,2.04034145191837e-08,1.16211282742727e-08,1.87987791227365e-08,2.02579745852969e-08,1.88275202497045e-08,1.83375133383354e-08,1.03523918129382e-08,4.41986408497542e-09,1.81876354431371e-08,1.01585511916898e-08,1.80936800420674e-08,8.83400599999926e-09,3.7832384230926e-09,1.96729305065312e-09,8.66066992058719e-09,3.88473160467694e-09,8.63344796259621e-09,3.27120773415087e-09,1.81244228441624e-09,1.49501305450553e-09,3.43466644703535e-09,2.44844461100283e-09,3.76157947284707e-09,1.71215271781643e-09,1.41136695324866e-09,1.55374833804811e-09,2.22383836915146e-09,1.64090232257806e-09,2.63841740345859e-09,1.32135249119182e-09,1.34435839189005e-09,1.25396155632911e-09,1.38462372665715e-09,1.66539321019758e-09,1.70570847245009e-09,1.16970952053204e-09,1.09697882395849e-09,9.36660531032325e-10,1.42243247872946e-09,1.14529713908462e-09,1.38337961760265e-09
5.13187805436947e-09,6.37871163008637e-09,1.3159203918499e-08,6.20115585590649e-09,1.24910266357932e-08,1.11157768812802e-08,7.77823243327825e-09,1.51878838607864e-08,3.30707289515851e-08,1.51153706675625e-08,2.95217542316842e-08,2.80007663909803e-08,1.34458555781554e-08,2.8979252072743e-08,1.46389828992568e-08,2.57912617720346e-08,2.62058977451555e-08,2.32992947080643e-08,2.44709581886938e-08,1.23697134894146e-08,4.9427774505995e-09,2.20718319031265e-08,1.12043305551899e-08,2.01563055679216e-08,1.07972022831444e-08,4.30467264097537e-09,3.09464489173875e-09,9.70204663296441e-09,4.43275614254256e-09,9.44874491194692e-09,3.9173423149982e-09,2.86975738424855e-09,2.6951101033556e-09,4.03437552441665e-09,3.81046709102803e-09,4.77314612691992e-09,2.50916779366922e-09,2.14117776785485e-09,1.61667141848352e-09,3.2397896605192e-09,2.2714154448172e-09,3.50011159223133e-09,1.95588480041088e-09,1.46989321570682e-09,1.31931710099405e-09,1.99925023305124e-09,1.82814973965211e-09,2.33829707203425e-09,3.41153860879259e-09,3.90180318223827e-09,8.99564638489673e-09,4.14059478723727e-09,8.73995462706957e-09,8.39980697486783e-09,4.94577994328852e-09,1.05215954329581e-08,2.27506441054281e-08,1.05954478511907e-08,1.99628565704676e-08,1.92555476538603e-08,9.47140140384934e-09,1.99343641992805e-08,1.12685924580966e-08,1.75487053337457e-08,1.9465002238649e-08,1.71064499483902e-08,1.652832762397e-08,9.3492567754603e-09,3.32886474170069e-09,1.61116522942775e-08,8.33549500291593e-09,1.47559654954281e-08,8.15469624079974e-09,2.90332559720949e-09,1.68487616549796e-09,7.1915935223932e-09,3.41100355317599e-09,7.52000678270212e-09,2.65429874170441e-09,1.5429516319891e-09,1.900485507381e-09,3.11828410297634e-09,2.35668679719843e-09,3.75876004535676e-09,1.35396051298169e-09,1.48826186226116e-09,1.1389422419951e-09,1.92647050265166e-09,1.46059099232333e-09,2.0709296074889e-09,1.35964620746202e-09,1.0366220770622e-09,9.44801967923605e-10,1.31573023419418e-09,1.25047997523887e-09,1.57335741620503e-09
1.15260960408418e-08,2.52321974410464e-08,2.22216165153875e-08,1.94955369267604e-08,3.73075168313305e-08,2.97289292660045e-08,3.29397869879335e-08,2.69324165085127e-08,1.51153706675625e-08,4.8790266363205e-08,2.52663994748182e-08,4.59555766788341e-08,2.38343156738643e-08,1.33520986969397e-08,6.85552048190320e-09,2.23392918850054e-08,1.32859426188745e-08,2.15420756154433e-08,1.15415087833051e-08,5.76099148845069e-09,4.67519763112414e-09,1.14097729244919e-08,6.15971426902254e-09,1.11411757014047e-08,5.10769313491727e-09,4.29923711791231e-09,3.20161327208972e-09,5.47203728045547e-09,5.12929415239402e-09,6.01255036748836e-09,4.01232569694779e-09,2.98046371076449e-09,2.67971548436755e-09,4.78355266173146e-09,3.66048238004625e-09,5.48935812810326e-09,2.61533124579404e-09,2.22153357636508e-09,2.25606459045664e-09,3.13700011657762e-09,2.91175080565395e-09,3.7533606702501e-09,1.87566826366157e-09,1.94778595642955e-09,1.58442237765653e-09,2.37046295634114e-09,2.19923387380393e-09,2.56305924638428e-09,8.34020237225659e-09,1.73955124599931e-08,1.62229959006025e-08,1.42704122005817e-08,2.6599509340301e-08,2.21600935483754e-08,2.27375783533072e-08,2.01056986416699e-08,1.20673160377145e-08,3.43093259894674e-08,2.04482026166487e-08,3.40367268150206e-08,1.80228172518925e-08,1.0775993419834e-08,4.67095946664657e-09,1.82574627359489e-08,1.04916825497727e-08,1.81747742506341e-08,9.3490412710407e-09,4.06044753806291e-09,2.68280505796307e-09,9.05384640865533e-09,4.4278582973842e-09,9.58284845392902e-09,3.51041803259362e-09,2.40920970364058e-09,1.92387986172857e-09,3.88304483940673e-09,3.21967122216618e-09,4.56526726079086e-09,2.23092996447751e-09,1.85490947747765e-09,1.88718713422127e-09,3.0131736039523e-09,2.19892853677347e-09,3.57884903113578e-09,1.76251771082693e-09,1.6082407815971e-09,1.58031325788663e-09,1.87758963262693e-09,2.01309571368827e-09,2.30696475612571e-09,1.35864783517473e-09,1.39049018521055e-09,1.09578478022643e-09,1.67655443778056e-09,1.37180273334379e-09,1.64698938647088e-09
6.15198370956712e-09,1.2473611775144e-08,2.32195963327473e-08,1.11503018234573e-08,2.04085442969208e-08,1.76817711966214e-08,1.55098894339213e-08,2.70393593555026e-08,2.95217542316842e-08,2.52663994748182e-08,4.4793677420177e-08,4.11267040510154e-08,2.40593204104553e-08,2.57887267623837e-08,1.35936886815124e-08,3.93081424388024e-08,2.32065243832519e-08,3.57282850085473e-08,2.17202275013835e-08,1.14660980451482e-08,5.00024793659481e-09,1.95997422578677e-08,1.06904270729504e-08,1.79848101319164e-08,1.00245151822216e-08,4.41661915440051e-09,3.80534340277538e-09,9.31600282538669e-09,4.842920449579e-09,9.22140246967701e-09,4.02731110629713e-09,3.47945937872542e-09,3.20272939836891e-09,4.40754073793662e-09,4.48103013652068e-09,5.17974016917989e-09,3.03969846702348e-09,2.57293269989532e-09,2.11545605984963e-09,3.77968491378472e-09,2.98337278789843e-09,4.30297849269446e-09,2.33131964537718e-09,1.91517253899458e-09,1.59814037498773e-09,2.56933935329633e-09,2.27521725229149e-09,2.87867921210613e-09,4.13420644274295e-09,7.86163023255846e-09,1.62928065695338e-08,7.62815259323005e-09,1.42656514441126e-08,1.32425990638429e-08,1.00841117404002e-08,1.91841291054354e-08,2.1210164253734e-08,1.77678409973303e-08,3.14043659519923e-08,2.89205299499148e-08,1.72267622808202e-08,1.85769984384143e-08,1.06147252563894e-08,2.78801072084963e-08,1.78053233215354e-08,2.70512699877727e-08,1.5632967189509e-08,8.88513509474086e-09,3.21761381680898e-09,1.49253396239293e-08,8.22079588138081e-09,1.40240997141616e-08,7.72543912471779e-09,2.88467034841969e-09,2.17656997660821e-09,7.15575314967412e-09,3.49786676922036e-09,7.4972700683079e-09,2.65001482014797e-09,2.03392555522761e-09,2.28914095009287e-09,3.13659038012469e-09,2.77471999997619e-09,3.79225670205488e-09,1.80964976660941e-09,1.83330455525841e-09,1.49444360484261e-09,2.24702718019906e-09,2.04414237224085e-09,2.5640914797478e-09,1.66605135817582e-09,1.34312369830141e-09,1.07268937931324e-09,1.79018299090761e-09,1.42296135087e-09,1.90129514460849e-09
1.14872535706648e-08,2.39581202822893e-08,2.04862995628718e-08,1.85887380232096e-08,3.43331307242659e-08,2.6936712597777e-08,3.21139136748569e-08,2.51716604845692e-08,2.80007663909803e-08,4.59555766788341e-08,4.11267040510154e-08,6.5970736807452e-08,2.2266377805984e-08,2.45128150447978e-08,1.38155630505598e-08,3.5987323330579e-08,2.25201462793544e-08,3.31151182291093e-08,2.09153193341494e-08,1.15668926645632e-08,5.62079325160247e-09,1.91253981401888e-08,1.11641697611652e-08,1.78922200094468e-08,1.00492483370233e-08,4.986883440437e-09,4.42656646431486e-09,9.65993626802147e-09,5.6042983300345e-09,9.86065799191071e-09,4.60500785457012e-09,4.08532989932144e-09,3.56570401082773e-09,5.14102055614863e-09,5.00558259986624e-09,5.94635982902457e-09,3.62203739819846e-09,2.9445933149344e-09,2.44616807394614e-09,4.29140807322226e-09,3.49798934631297e-09,4.93469452463817e-09,2.52793773118291e-09,2.13647873530392e-09,1.91556804178933e-09,2.8786670207226e-09,2.58290234596363e-09,3.25502018163829e-09,8.14186866192892e-09,1.60866441367572e-08,1.48791852420279e-08,1.33860970618196e-08,2.43199478455789e-08,2.03307014761884e-08,2.1859369495042e-08,1.87372407869641e-08,2.0737040581738e-08,3.22509564865716e-08,3.05900265223743e-08,4.65762587506838e-08,1.67571439844061e-08,1.82715108328032e-08,1.02551310103613e-08,2.71041514681838e-08,1.75637446040109e-08,2.6486419758693e-08,1.55975193737753e-08,8.61853611557303e-09,3.70960736315002e-09,1.48347545801653e-08,8.37831191971058e-09,1.47006464376474e-08,7.44841919847687e-09,3.22684693282164e-09,2.42451673426055e-09,7.16619013168873e-09,3.84486316517439e-09,7.71479501633942e-09,2.96067643194167e-09,2.29340478441561e-09,2.52694426953569e-09,3.57874417128654e-09,2.95729050236629e-09,4.34889364006023e-09,2.09318016944647e-09,2.04028248805682e-09,1.80262566174841e-09,2.45172492488801e-09,2.35700287593672e-09,2.91833508503086e-09,1.80255567286319e-09,1.61595179623226e-09,1.25485967520496e-09,2.07266969181835e-09,1.68434489456978e-09,2.19296448403445e-09
4.71335252655493e-09,1.15266219596815e-08,2.21650271697663e-08,9.98349848733167e-09,1.96881207274463e-08,1.7287331295609e-08,1.39478235303384e-08,2.5533719478924e-08,1.34458555781554e-08,2.38343156738643e-08,2.40593204104553e-08,2.2266377805984e-08,2.95392842460874e-08,1.49646218272114e-08,6.6848991479799e-09,2.77654201876839e-08,1.43174308770989e-08,2.62832617364004e-08,1.26988563726213e-08,5.67532588346893e-09,4.07813483740551e-09,1.21707813464412e-08,5.85002352699374e-09,1.16585930240896e-08,5.00755343240945e-09,3.6842385666782e-09,2.72088942341822e-09,5.18325188504504e-09,4.33018463852858e-09,5.40706783672272e-09,3.41463731122035e-09,2.46133526756003e-09,2.33582309507857e-09,4.01474406332017e-09,3.08459283653267e-09,4.70839912968823e-09,2.12508114546138e-09,1.96056220680381e-09,1.99133017069132e-09,2.63249145730116e-09,2.53679990842459e-09,3.14710801795805e-09,1.68444366086674e-09,1.7333355735657e-09,1.3433611990468e-09,2.10236358494774e-09,1.93429975156991e-09,2.2526320422793e-09,3.42784485238895e-09,7.74210192721544e-09,1.57766956527501e-08,7.12442953039379e-09,1.40373755479043e-08,1.27232048854059e-08,9.36639265432183e-09,1.83363941551219e-08,1.03544479621186e-08,1.69211402091276e-08,1.81876760438946e-08,1.69284269256085e-08,2.14834123705804e-08,1.16752486416629e-08,5.01116040596361e-09,2.14231824899741e-08,1.1224494633576e-08,2.09418207518976e-08,1.00251326039541e-08,4.28609114860411e-09,2.20932601915688e-09,9.59998844899309e-09,4.57909678660419e-09,9.67123695943393e-09,3.7968524049103e-09,2.07098191287753e-09,1.72241040552111e-09,4.12821031273329e-09,2.70559594633246e-09,4.30758704042062e-09,1.94635842649266e-09,1.61498611645057e-09,1.78509506515545e-09,2.44481850872779e-09,1.94073195810951e-09,2.81685066160931e-09,1.49941124317933e-09,1.55755904781977e-09,1.35420436157322e-09,1.6399522935489e-09,1.80018001410278e-09,1.94665893954405e-09,1.30901249148479e-09,1.17072869553457e-09,1.13983818316775e-09,1.47527747113691e-09,1.31248775525106e-09,1.53745287986555e-09
4.42574040500583e-09,5.6398128787038e-09,1.1588364838797e-08,5.50275687068443e-09,1.09725802955591e-08,9.89013953721075e-09,6.86712716477281e-09,1.34417068776998e-08,2.8979252072743e-08,1.33520986969397e-08,2.57887267623837e-08,2.45128150447978e-08,1.49646218272114e-08,3.23804215887489e-08,1.60889953824805e-08,2.86418823964623e-08,2.91862165816128e-08,2.57264074138367e-08,2.74853140160718e-08,1.3669816422089e-08,5.5855404413123e-09,2.46919983693421e-08,1.26070770598224e-08,2.27468826111265e-08,1.18628525077826e-08,4.80311591632185e-09,3.53795129215618e-09,1.08297281327743e-08,4.96172955048157e-09,1.05562395762194e-08,4.35170700263209e-09,3.25522971182951e-09,2.9291081889936e-09,4.4680006856964e-09,4.22182062247038e-09,5.14725121000475e-09,2.84146493857697e-09,2.34673623644448e-09,1.81607166568013e-09,3.60684934280655e-09,2.53063847624781e-09,3.85627818145304e-09,2.06973225191286e-09,1.59339088889982e-09,1.40576776145084e-09,2.14864211138046e-09,1.9583354330076e-09,2.47609031982953e-09,2.94443212062642e-09,3.51447388533877e-09,8.05863908644329e-09,3.69303600292233e-09,7.75365913032249e-09,7.44131007251992e-09,4.43236471109451e-09,9.46747937788873e-09,1.99340734118141e-08,9.48237126683061e-09,1.75451303172966e-08,1.70014305392061e-08,1.04890907279534e-08,2.22425479136628e-08,1.23507056598134e-08,1.95966287737377e-08,2.15043296973808e-08,1.8729884903472e-08,1.86335231631988e-08,1.02406991767817e-08,3.71637333528611e-09,1.7890331496068e-08,9.39003713698861e-09,1.6653929335219e-08,8.99499612486897e-09,3.29205912341856e-09,2.03585467483947e-09,8.1415568434224e-09,3.85692083311784e-09,8.4094942450096e-09,2.98540204431802e-09,1.82699209358438e-09,2.10941814756851e-09,3.47729141930106e-09,2.68373097205555e-09,4.10263118614901e-09,1.61421280506188e-09,1.6726163267569e-09,1.27932712308317e-09,2.22881377144544e-09,1.63986079089576e-09,2.37504446296974e-09,1.45416385367286e-09,1.14247304657283e-09,1.04583613829933e-09,1.4279724346513e-09,1.38748747015423e-09,1.70167795967758e-09
3.30959784448774e-09,4.5445932903083e-09,5.06482457241646e-09,5.0178213369395e-09,5.60395997334701e-09,5.18888475336122e-09,5.379461342364e-09,5.88767591086806e-09,1.46389828992568e-08,6.85552048190320e-09,1.35936886815124e-08,1.38155630505598e-08,6.6848991479799e-09,1.60889953824805e-08,3.3115997223478e-08,1.49958777578927e-08,2.869665143843e-08,2.62390309309539e-08,1.36731570146907e-08,2.74975018617674e-08,1.25583356497454e-08,2.37859400849601e-08,2.35527765988887e-08,2.03978135575971e-08,2.41363983599162e-08,1.08756314920952e-08,4.57351614682353e-09,2.03817762073575e-08,1.03899446047603e-08,1.94462259485735e-08,9.59044084091683e-09,3.99480006857508e-09,3.70260623702498e-09,9.15528446300725e-09,4.92530863482551e-09,9.84381600763096e-09,3.53748906671184e-09,3.14703671972215e-09,2.14662731389943e-09,4.27424183561434e-09,3.43563719756883e-09,4.57031811777554e-09,2.82399972180354e-09,1.90406358857351e-09,1.87360688067823e-09,3.06923330865546e-09,2.31607439899024e-09,3.49652855281807e-09,2.36458848840992e-09,2.99051527467659e-09,3.2289778462809e-09,3.36933390699544e-09,3.65616666071982e-09,3.70609752868311e-09,3.702938620598e-09,3.92571984330593e-09,9.64198671601166e-09,4.62449892642269e-09,9.04999723640082e-09,9.27254388223662e-09,4.5156310986212e-09,1.05484375123841e-08,2.22938120413878e-08,1.011410836484e-08,1.85819276807337e-08,1.74798872591251e-08,8.66527446856432e-09,1.8456708308467e-08,9.09565938018771e-09,1.53167053400022e-08,1.68323319159108e-08,1.37351083437846e-08,1.63510493486646e-08,7.92095876683943e-09,3.34585877709047e-09,1.4622009651705e-08,8.09376341377092e-09,1.46342602500242e-08,6.99322423906778e-09,2.93024803681455e-09,2.41967135093471e-09,7.21526682960612e-09,3.44552501960991e-09,7.38561717314451e-09,2.62854634101132e-09,2.02071561426251e-09,1.63477929388177e-09,2.95191377927858e-09,2.36014434076367e-09,3.43682866001931e-09,1.84533668861775e-09,1.42166371238431e-09,1.3069771573262e-09,2.06551751810777e-09,1.60319301016159e-09,2.26498618716099e-09
5.41965689476968e-09,1.11237979192154e-08,2.065092404216e-08,1.0011585617773e-08,1.80514328153357e-08,1.58179664593128e-08,1.37758964737107e-08,2.40563342834952e-08,2.57912617720346e-08,2.23392918850054e-08,3.93081424388024e-08,3.5987323330579e-08,2.77654201876839e-08,2.86418823964623e-08,1.49958777578927e-08,4.49998726901879e-08,2.55772525924894e-08,4.07044408847991e-08,2.41483741177017e-08,1.26548356033266e-08,5.56569092174715e-09,2.15475419863893e-08,1.1960746246515e-08,1.98739213837312e-08,1.10452618192164e-08,4.90886176959024e-09,4.30486050157334e-09,1.0426226291349e-08,5.37382983216374e-09,1.02973927101491e-08,4.46921158172076e-09,3.91199594069308e-09,3.50823367438751e-09,4.86320201638509e-09,4.9911772297985e-09,5.65351584116746e-09,3.44900024650404e-09,2.84514486563906e-09,2.34511789560679e-09,4.23956041540645e-09,3.2565045723692e-09,4.7036022399468e-09,2.48028815016588e-09,2.03781685899426e-09,1.65991880912269e-09,2.71022120901179e-09,2.37987818356182e-09,2.99937086555973e-09,3.66668661838412e-09,7.07713945977804e-09,1.45980881043402e-08,6.87133314850592e-09,1.27295379840251e-08,1.18441478715378e-08,9.01163259016449e-09,1.72232554458819e-08,1.85780455204514e-08,1.59562459952993e-08,2.78775588129675e-08,2.58058905056685e-08,1.98768887838882e-08,2.08711698377258e-08,1.18233748676471e-08,3.24708138797902e-08,1.96259974291034e-08,3.09249472253329e-08,1.76356240611515e-08,9.83940555292656e-09,3.54047903294218e-09,1.63908108573746e-08,9.34099133941889e-09,1.56010930814181e-08,8.65240917033116e-09,3.26704758431957e-09,2.54573670072457e-09,8.24806681891421e-09,3.86852719882486e-09,8.4090450591928e-09,2.97903872811354e-09,2.33559550795565e-09,2.55514787990511e-09,3.44369258440848e-09,3.19545238605435e-09,4.15588146854975e-09,2.08748221914124e-09,2.10008149896146e-09,1.64413095410572e-09,2.63296100893507e-09,2.23072797496732e-09,2.88624244857227e-09,1.84172975416079e-09,1.41937890144089e-09,1.16710486966592e-09,1.87031553066682e-09,1.56541436600357e-09,2.08280083739747e-09
5.02029421860365e-09,6.14026516235052e-09,1.11160532475892e-08,6.02903978748189e-09,1.09014997386786e-08,9.78874299609574e-09,7.42802678057473e-09,1.28730596165158e-08,2.62058977451555e-08,1.32859426188745e-08,2.32065243832519e-08,2.25201462793544e-08,1.43174308770989e-08,2.91862165816128e-08,2.869665143843e-08,2.55772525924894e-08,4.45608295443729e-08,3.90754387210691e-08,2.46949272088824e-08,2.3784021154754e-08,1.18258932247182e-08,3.71301753737242e-08,2.03428836877893e-08,3.217541193398e-08,2.06823187339848e-08,1.01596632985134e-08,4.55353439384146e-09,1.74046991091956e-08,9.74328192930034e-09,1.64753743965887e-08,8.92941371354837e-09,3.94049197983507e-09,4.07353895322154e-09,8.48003001092889e-09,4.92907891532734e-09,9.16401708211705e-09,3.43469099019416e-09,3.37371694040946e-09,2.32557486687316e-09,4.21705245064903e-09,3.66454859082896e-09,4.42260432208219e-09,3.07493120764288e-09,2.08578726848889e-09,1.80633271535043e-09,3.28036589078721e-09,2.48035047973415e-09,3.73102890491697e-09,3.43455722806934e-09,3.67826325699685e-09,7.65348394026753e-09,3.9659122417727e-09,7.4953029480112e-09,7.33153033536694e-09,4.68553684558633e-09,9.00231142471382e-09,1.83654697678545e-08,9.27135991199617e-09,1.59914588316335e-08,1.56138282074839e-08,1.01272892902854e-08,2.04391733099992e-08,2.04865491578802e-08,1.7809772134549e-08,3.06641563573292e-08,2.70747664105898e-08,1.70331822188841e-08,1.67840528300083e-08,8.47427656616164e-09,2.54550318178842e-08,1.51078656596638e-08,2.27938891703125e-08,1.47672429848929e-08,7.42187523165466e-09,3.0404037231311e-09,1.29812767235497e-08,7.66699274447049e-09,1.30958549971287e-08,6.50345483032076e-09,2.61424063565079e-09,2.80808952109772e-09,6.73135202216093e-09,3.42436339548553e-09,7.31802757444445e-09,2.34624178293826e-09,2.31632031963318e-09,1.7611619961327e-09,2.90381578093927e-09,2.54616735592061e-09,3.27406068850226e-09,2.10386237476493e-09,1.52749447438142e-09,1.3548311148864e-09,2.21854059582687e-09,1.78837189503082e-09,2.4681657003127e-09
5.59590058944856e-09,1.12053662620597e-08,1.9622821562116e-08,1.00297564356595e-08,1.73346454345399e-08,1.5012962424765e-08,1.38618467993994e-08,2.28514367847201e-08,2.32992947080643e-08,2.15420756154433e-08,3.57282850085473e-08,3.31151182291093e-08,2.62832617364004e-08,2.57264074138367e-08,2.62390309309539e-08,4.07044408847991e-08,3.90754387210691e-08,5.68133546772303e-08,2.16756122339907e-08,2.16795018462061e-08,1.10760395831036e-08,3.24622509797995e-08,1.87827364402785e-08,2.81316423916611e-08,1.88499706043602e-08,9.60446893737132e-09,4.87371536009086e-09,1.61773330480182e-08,9.44160080431343e-09,1.52667982857143e-08,8.49181708504845e-09,4.22398000993692e-09,4.4625092827675e-09,8.27524523143141e-09,5.22481957559962e-09,8.93240911593676e-09,3.67238489152521e-09,3.74805784611933e-09,2.83864259000537e-09,4.44028897759174e-09,4.32053212135473e-09,4.86337511682376e-09,3.33226465745278e-09,2.51052843690807e-09,2.0237021830092e-09,3.77754182460215e-09,2.88443323335387e-09,4.18358185352811e-09,3.79967548484749e-09,6.83580883682311e-09,1.39370310815216e-08,6.78537904416015e-09,1.20782828279554e-08,1.12727686413665e-08,8.89544087153672e-09,1.64148791088788e-08,1.676479014829e-08,1.53466345439724e-08,2.53987207875201e-08,2.36321320247946e-08,1.90476001826304e-08,1.88751015459743e-08,1.91467351317137e-08,2.96409667913058e-08,2.79929778976304e-08,4.12398024565894e-08,1.59055631976235e-08,1.57201824942678e-08,7.90515568918186e-09,2.33093763952129e-08,1.45789136989922e-08,2.11682123487823e-08,1.37615460010015e-08,7.07034701430467e-09,3.40355646527097e-09,1.26955962898701e-08,7.42692825611838e-09,1.26810616923012e-08,6.2497827497515e-09,3.02999905230229e-09,3.15435389107714e-09,6.52028320626819e-09,3.67984413392577e-09,7.04545075724281e-09,2.72548649476262e-09,2.68213579095594e-09,2.06062960672639e-09,3.12509988047516e-09,3.01622442436561e-09,3.57568208081199e-09,2.36233639108477e-09,1.74220234788554e-09,1.44312525002696e-09,2.5412193708382e-09,1.85553692133539e-09,2.62551038268174e-09
3.73861028528978e-09,4.88119063130877e-09,9.79747639276422e-09,4.63595503671322e-09,9.5195228758305e-09,8.37770826609231e-09,5.90541184706454e-09,1.13726541145957e-08,2.44709581886938e-08,1.15415087833051e-08,2.17202275013835e-08,2.09153193341494e-08,1.26988563726213e-08,2.74853140160718e-08,1.36731570146907e-08,2.41483741177017e-08,2.46949272088824e-08,2.16756122339907e-08,3.20590482545379e-08,1.58199157487562e-08,6.51330928852120e-09,2.91435155134017e-08,1.46749876805344e-08,2.69961600377471e-08,1.37840816645445e-08,5.6554420450818e-09,4.2436292161074e-09,1.26680597011478e-08,5.99468398143547e-09,1.25075508361444e-08,5.12485365465473e-09,3.89548689640241e-09,3.38573849014733e-09,5.40567679949469e-09,4.8446624187072e-09,6.07176400315866e-09,3.3793877259346e-09,2.69910100800341e-09,2.09768731961368e-09,4.12408414322605e-09,2.89925445615153e-09,4.40210427752363e-09,2.41486188469766e-09,1.85563377119764e-09,1.63803631850628e-09,2.49408051071889e-09,2.20876556071544e-09,2.85665815786374e-09,2.43209391152561e-09,3.03897960847426e-09,6.67670628548473e-09,3.11813845578479e-09,6.80732605958339e-09,6.36891084389126e-09,3.84534242260061e-09,7.89338775093895e-09,1.6528051356344e-08,8.27368868701293e-09,1.4645778098142e-08,1.4524508665674e-08,8.7618026867034e-09,1.86338844831027e-08,1.02419653105559e-08,1.62929545969378e-08,1.78918236973768e-08,1.54135722836514e-08,2.24099649591133e-08,1.15236292774903e-08,4.34430123529467e-09,2.15106788550588e-08,1.06048517443663e-08,2.00739801224821e-08,1.01257583543073e-08,3.93938397512406e-09,2.52417615403643e-09,9.22962010861031e-09,4.74435360098341e-09,9.69193238624753e-09,3.56105781122075e-09,2.27646499695603e-09,2.48497159673658e-09,4.33020293684586e-09,3.18343861888781e-09,4.88555938307206e-09,1.98808882262612e-09,1.98632390478844e-09,1.41600643522683e-09,2.63761366815884e-09,1.8698489499287e-09,2.66464298446449e-09,1.76611669042619e-09,1.27530423674006e-09,1.19103975295884e-09,1.6754685883378e-09,1.63630027080277e-09,2.15193448858435e-09
