1.94072046524326e-08,9.65390706626418e-09,4.05662249215346e-09,1.68314335723024e-08,9.37974938549517e-09,1.61454275780819e-08,8.1836072245681e-09,3.30112072306228e-09,3.76901858535006e-09,7.76374791561471e-09,4.06368019720067e-09,7.79970986344495e-09,2.9446385848729e-09,3.23295082745102e-09,2.22474332178363e-09,3.51853603277232e-09,3.55254890223317e-09,3.73876740966164e-09,2.49634236765456e-09,1.79917316393079e-09,1.45613949208444e-09,2.89537203399922e-09,1.89353230896274e-09,3.0817507148042e-09,1.56880985898681e-09,1.26886180777785e-09,9.45198342924516e-10,1.63522130174539e-09,1.36593517088127e-09,1.645048736778e-09,1.1695910099601e-09,8.87033428793078e-10,1.05409776708718e-09,1.27878764598706e-09,1.30499752403338e-09,1.55582065080829e-09,8.25719106472752e-10,8.84216431548608e-10,7.70121002942587e-10,1.14437212127579e-09,1.09441560622281e-09,1.4334299402929e-09,7.42368488596463e-10,6.54084148642051e-10,6.98142782608208e-10,8.96421582282361e-10,8.66640612152968e-10,1.12043095054463e-09,1.10645907535944e-08,5.87870847482766e-09,2.25506093166279e-09,1.06930700165594e-08,5.79404543413459e-09,1.06882537243923e-08,5.19198333665244e-09,2.06308413518837e-09,2.35834065837244e-09,5.18604736175993e-09,2.50808908842274e-09,4.86322643705906e-09,1.87484120472239e-09,2.03295236947365e-09,1.79375627853998e-09,2.19372083237982e-09,2.12874798924036e-09,2.61334425734265e-09,1.37302187750277e-09,1.20205758952115e-09,7.33117404779098e-10,1.54243145022467e-09,1.17975097394793e-09,1.63067349779856e-09,1.05752829652695e-09,6.63249171196656e-10,4.58891851379591e-10,1.06602853029363e-09,7.6853644048904e-10,1.22233455107454e-09,6.58346014162604e-10,4.61183806592436e-10,4.16788784899446e-10,7.38285968447718e-10,4.29780932228321e-10,6.60884065171081e-10,4.48501172075947e-10,3.73572090501992e-10,3.35224253057748e-10,3.63538429069436e-10,3.99203597797919e-10,4.78198725798138e-10,2.97566716586507e-10,2.86708455608884e-10,3.42135332747934e-10,3.33657771386994e-10,2.81773479334046e-10,3.71140047256688e-10
9.65390706626418e-09,2.07343782960633e-08,8.31373142436481e-09,1.66718436768364e-08,1.81590099371831e-08,1.44312232070011e-08,1.71928435286897e-08,6.76935267030912e-09,3.97859585920272e-09,1.46489483553013e-08,7.02688432857302e-09,1.44933188583147e-08,5.85927325491030e-09,3.30812081627351e-09,3.08081202427434e-09,6.01268497823395e-09,3.60495551254566e-09,6.1010650814852e-09,2.64085334820534e-09,2.50539982134661e-09,1.38389839579539e-09,2.91164479998334e-09,2.63002990513074e-09,2.9378701556865e-09,2.28562278784148e-09,1.224788038744e-09,9.54487822177966e-10,2.35677952737614e-09,1.30949706910498e-09,2.41312468395911e-09,1.10490255901202e-09,8.62544998126961e-10,9.38781676317316e-10,1.20741457563252e-09,1.24175913341415e-09,1.53438643954337e-09,7.80353389980011e-10,7.8108162260402e-10,7.63822313129744e-10,9.89279469403292e-10,1.04604000505705e-09,1.23897999116025e-09,8.08034950208549e-10,6.96017982031614e-10,7.57544760402251e-10,1.01146559406089e-09,9.48240111857499e-10,1.16826443004121e-09,6.10260878308486e-09,1.1922889058147e-08,5.06880098483059e-09,1.04057691790067e-08,9.96674501881277e-09,9.01370788942313e-09,1.01066612195365e-08,4.37430550694669e-09,2.55081242477099e-09,8.79819055361098e-09,4.71742743836018e-09,8.80717870352135e-09,3.8645679745811e-09,2.30914565330085e-09,2.1752302835548e-09,4.11834712228365e-09,2.5000784838591e-09,4.38694841682819e-09,1.7696776282751e-09,1.45647647171254e-09,6.96685257955907e-10,1.96139678533082e-09,1.41818496762425e-09,2.30408060731061e-09,1.34676491822801e-09,6.06957086588207e-10,4.65618468755385e-10,1.28762973852611e-09,7.00496495556372e-10,1.3765153724199e-09,5.85641285236024e-10,4.51679628686936e-10,6.22238364109176e-10,6.26110888332705e-10,6.60182594840342e-10,7.1377550384322e-10,3.95847402672381e-10,3.92540771543163e-10,3.30953926811252e-10,3.66693445360771e-10,3.5314847296389e-10,4.14709852833431e-10,4.07956171696837e-10,2.99657180966112e-10,3.68144735918284e-10,3.77119977008224e-10,4.03413521659233e-10,5.3961011171837e-10
4.05662249215346e-09,8.31373142436481e-09,1.82519523482487e-08,7.91597084714923e-09,1.59517533230514e-08,1.50874617490279e-08,6.77331409504572e-09,1.38335682953323e-08,6.96338369396991e-09,1.19265657998083e-08,1.2317209878941e-08,1.0588606234751e-08,1.17767129015208e-08,5.73978823889738e-09,3.02780916460984e-09,1.03784960267605e-08,5.91103691313148e-09,1.03844526398306e-08,4.57177963659857e-09,2.46483370426765e-09,1.96985325447789e-09,4.767200748852e-09,2.40383866299301e-09,4.65029491170108e-09,2.08405806008766e-09,1.78793433347646e-09,9.29411504512513e-10,2.00398153108846e-09,1.86951891823378e-09,1.95000706274093e-09,1.63793514162414e-09,8.546846397081e-10,9.61064478388043e-10,1.73888682507751e-09,1.19005183438687e-09,2.01907135599124e-09,8.02861743423592e-10,8.4557159869652e-10,8.3605430791698e-10,9.92104212090235e-10,1.11891007109446e-09,1.22662553000865e-09,8.32982332676469e-10,7.82728115482267e-10,7.61928954398666e-10,1.04565149197923e-09,1.00338106489877e-09,1.25711378044888e-09,2.90501693539633e-09,4.83767382909195e-09,1.0135173550042e-08,5.09639908284363e-09,8.73846923445557e-09,8.63247421843814e-09,4.12731647222575e-09,8.11150756085225e-09,3.92324123387558e-09,7.2238750868219e-09,7.37408273699799e-09,6.49650489126159e-09,6.85933730037684e-09,3.40419610576068e-09,1.93179536687377e-09,6.33304497232803e-09,3.62569195054264e-09,6.684807630489e-09,2.63292030926214e-09,1.44253068168357e-09,8.83738379428007e-10,2.69290101095595e-09,1.4455963937701e-09,3.02188382411344e-09,1.33558859874155e-09,8.63565833891139e-10,4.71769214770233e-10,1.34384816514743e-09,9.36603101093293e-10,1.32954954183661e-09,7.9720586778227e-10,4.38572351940739e-10,7.1208792416006e-10,8.53110428470784e-10,6.26748417580954e-10,8.59199346094884e-10,3.87593470441067e-10,5.07784648905184e-10,4.19542181229851e-10,4.26553424600173e-10,4.89006638768032e-10,4.87834472208258e-10,4.83968975383957e-10,4.31856782669027e-10,4.213662253516e-10,4.89490306741962e-10,4.61130945277531e-10,4.62766608882938e-10
1.68314335723024e-08,1.66718436768364e-08,7.91597084714923e-09,2.54608125710033e-08,1.43590810456103e-08,2.22713594723981e-08,1.40385977550632e-08,6.44438296021312e-09,4.1213214562854e-09,1.18481885856366e-08,6.86247435740779e-09,1.16556581138971e-08,5.58269156602601e-09,3.39528244217547e-09,3.49250256819074e-09,5.86679095990933e-09,3.85451354254993e-09,6.20020490011235e-09,2.663732959332e-09,2.82040510704668e-09,1.74104229151661e-09,3.08218575839736e-09,2.99670431664148e-09,3.14903467623543e-09,2.53509452410126e-09,1.55191949276853e-09,1.04641199334611e-09,2.67038170147152e-09,1.63045656616894e-09,2.72548110359103e-09,1.44196715528639e-09,9.67294681956469e-10,1.14027232864229e-09,1.51973417629144e-09,1.44743497710931e-09,1.88695229608457e-09,8.90290373013153e-10,9.64079596422097e-10,9.19573982075287e-10,1.19988165427781e-09,1.24539199206954e-09,1.52478324859126e-09,8.71471633973608e-10,8.02525839845924e-10,8.9770969782704e-10,1.09291319199455e-09,1.0920730395525e-09,1.35167340963208e-09,1.04643801873301e-08,1.02530230263491e-08,5.23838445937168e-09,1.56071555175866e-08,9.11462787735977e-09,1.46373479801589e-08,8.89440449156223e-09,4.40547121575855e-09,2.71905202525372e-09,8.07170318218573e-09,4.70151865823523e-09,7.72179978544776e-09,3.8302766966771e-09,2.40150477152151e-09,2.42334642980038e-09,4.05070082934983e-09,2.64051696315333e-09,4.48451466217694e-09,1.82469369134238e-09,1.6346619055075e-09,9.34889923091704e-10,2.02370846091942e-09,1.68877364911973e-09,2.43394911096068e-09,1.47627163588632e-09,8.07422720198064e-10,5.74437442558781e-10,1.52346141269818e-09,8.75118832488858e-10,1.63196865412811e-09,7.85660792771291e-10,5.06194492744579e-10,6.39344552085588e-10,8.06209339427925e-10,5.19491121436442e-10,7.92170705885244e-10,5.01226716588202e-10,5.18627546167864e-10,2.76911526139346e-10,3.91179224746242e-10,4.3471035764693e-10,4.68096111900999e-10,4.02022473560607e-10,2.06780808341441e-10,4.39746302035169e-10,2.87781838281402e-10,3.57408831832885e-10,4.59562660433385e-10
9.37974938549517e-09,1.81590099371831e-08,1.59517533230514e-08,1.43590810456103e-08,2.8204168867278e-08,2.31971854838409e-08,1.46523021116463e-08,1.19243383795967e-08,6.76745889596894e-09,2.16901711661671e-08,1.06255166413265e-08,1.96271957099609e-08,1.00429743572529e-08,5.49383654837506e-09,3.15395708133721e-09,8.85948389210727e-09,5.78146955433724e-09,8.92182554910417e-09,4.48493246113112e-09,2.56432124939372e-09,2.31791970723355e-09,4.7350500797628e-09,2.63187215545867e-09,4.77672606504263e-09,2.1710715727528e-09,2.11332888701442e-09,1.23574569614198e-09,2.21361705019892e-09,2.30081695947144e-09,2.2100536087739e-09,1.9331795820184e-09,1.11852900579711e-09,1.16739697842213e-09,2.13610583694569e-09,1.54333108663012e-09,2.4197220246214e-09,1.04295214427349e-09,1.04448482205028e-09,9.87204771684802e-10,1.33572904622043e-09,1.29366058396649e-09,1.58500741337252e-09,1.11427700409107e-09,9.3362426481294e-10,8.41698306791919e-10,1.28782503597108e-09,1.13568567735959e-09,1.43456656181946e-09,5.94721858760702e-09,9.9258387146411e-09,9.18880945816781e-09,8.97727048082449e-09,1.50359679555911e-08,1.36239333312856e-08,8.34190823054390e-09,7.38095160931467e-09,3.89172275421473e-09,1.27044048449494e-08,6.69251339775146e-09,1.17585960355129e-08,6.31025625246552e-09,3.39426242182077e-09,1.92930011108324e-09,5.83180684137559e-09,3.55990104579709e-09,6.241842243246e-09,2.76646401448694e-09,1.46155321963546e-09,1.17947694529857e-09,2.86636004646585e-09,1.51549192528142e-09,3.3474525883583e-09,1.31209595930214e-09,1.10961654932532e-09,6.75362277825598e-10,1.39654922562904e-09,1.3298577103875e-09,1.45434895033289e-09,1.04312359279768e-09,6.43210061486638e-10,8.57238123787406e-10,1.17501007691919e-09,8.98197878599224e-10,1.17289641799847e-09,5.85015493887997e-10,6.5494478572982e-10,4.12423452319582e-10,6.49542108503277e-10,4.53317293643609e-10,5.37770501036494e-10,6.78341775632381e-10,4.10512744613756e-10,4.30085540069346e-10,4.75364785969373e-10,4.97329461131099e-10,5.96677794764396e-10
1.61454275780819e-08,1.44312232070011e-08,1.50874617490279e-08,2.22713594723981e-08,2.31971854838409e-08,3.25651786552272e-08,1.1864324615274e-08,1.12458362617162e-08,6.53408975291027e-09,1.80092394528904e-08,1.00447920330137e-08,1.60914333318916e-08,9.4684711804981e-09,5.1892319646809e-09,3.40710762794783e-09,8.32318965365633e-09,5.66891554091509e-09,8.63737533885732e-09,4.23835687089249e-09,2.85677509640268e-09,2.68724431028889e-09,4.71775417751349e-09,2.92031403827922e-09,4.80308948632821e-09,2.40280133602773e-09,2.44674170663231e-09,1.33995414854983e-09,2.43654899637809e-09,2.66323742401358e-09,2.42303557165238e-09,2.30638393627341e-09,1.25708991237953e-09,1.61493625809422e-09,2.52133157227031e-09,1.87573545032182e-09,2.985430517644e-09,1.18904809952747e-09,1.4882769702106e-09,1.28296023842819e-09,1.68437484579333e-09,1.85601132551592e-09,2.09542789907777e-09,1.20114119895067e-09,1.03841704085083e-09,9.6436091199088e-10,1.41799844438648e-09,1.29294093623664e-09,1.66261194373751e-09,9.95853293543944e-09,8.54755721652545e-09,9.11098899045136e-09,1.38374951949023e-08,1.40019126952678e-08,2.05802629028092e-08,7.39315527312822e-09,7.19740520071966e-09,3.88315677908294e-09,1.19178876649686e-08,6.55617057134865e-09,1.05479646693228e-08,6.12273084385307e-09,3.324136194155e-09,2.06615316471827e-09,5.63166612021356e-09,3.49212973731243e-09,6.03037254761652e-09,2.7441513758065e-09,1.63140535430686e-09,1.45421910450542e-09,2.87427122644093e-09,1.73006438898763e-09,3.4015060129698e-09,1.44997776682351e-09,1.28325333128622e-09,8.42917160566191e-10,1.57532135884544e-09,1.52495293301833e-09,1.63483685373356e-09,1.24300640442121e-09,7.54992800433569e-10,1.09103174029745e-09,1.41015115992613e-09,9.69004262777975e-10,1.38637376456566e-09,7.31869859238274e-10,9.35484353588227e-10,3.59699652887269e-10,7.92121566855656e-10,5.89564052055218e-10,5.8065863695185e-10,7.09063177419684e-10,3.48673244717375e-10,5.08832678168513e-10,4.06551727873584e-10,5.89113826069735e-10,6.36529016196269e-10
8.1836072245681e-09,1.71928435286897e-08,6.77331409504572e-09,1.40385977550632e-08,1.46523021116463e-08,1.1864324615274e-08,2.08041430318311e-08,8.11807784551147e-09,4.68922890950807e-09,1.8035535167739e-08,8.76336952894543e-09,1.83526852091779e-08,6.87730773455140e-09,3.85938291350319e-09,3.72600188964365e-09,7.34946648058226e-09,4.18166872515161e-09,7.41055512196555e-09,3.05991024120896e-09,2.97946085800272e-09,1.59416487101651e-09,3.31467035447504e-09,3.09083774390636e-09,3.32981030425674e-09,2.67157113125061e-09,1.39683946839551e-09,1.12585519085506e-09,2.75184595992061e-09,1.55675503608108e-09,2.86906584840288e-09,1.258389355485e-09,9.91724938385369e-10,1.10374599190862e-09,1.43372026889098e-09,1.46687155636088e-09,1.83199200152618e-09,8.53865470328904e-10,8.61133934939762e-10,8.57891245951993e-10,1.13582033721013e-09,1.19351856901769e-09,1.45061258871502e-09,7.59165243196538e-10,6.9545767895659e-10,7.46488422437149e-10,9.54505598167722e-10,9.33881485551412e-10,1.10323261640557e-09,5.31901761994758e-09,1.01051296527365e-08,4.37527013096996e-09,8.97942548696257e-09,8.79666395466959e-09,8.06318982228263e-09,1.27456600888996e-08,5.23305896287135e-09,3.11336526162997e-09,1.0910738638783e-08,6.02831814605742e-09,1.17795643608557e-08,4.66826278582004e-09,2.79924672280255e-09,2.48503255485708e-09,5.20964473203124e-09,2.90821227986237e-09,5.38005980306161e-09,2.1481558013077e-09,1.82953319869605e-09,7.35842503796313e-10,2.32618711342344e-09,1.69539778650638e-09,2.54867555733944e-09,1.66594437735288e-09,6.72520901187547e-10,5.39753775149088e-10,1.57372293905275e-09,8.23179856405282e-10,1.55580856676556e-09,6.11137454302911e-10,5.20272166889546e-10,7.38687805658785e-10,7.0752797014476e-10,7.41177479776359e-10,7.66060729246662e-10,4.72061215785745e-10,5.00475578910509e-10,3.66689590434105e-10,4.65813761910023e-10,5.09856329804596e-10,5.66907751293445e-10,4.40198327608652e-10,3.16734858837451e-10,3.66699164339687e-10,3.65415344319735e-10,4.25612711564767e-10,5.31249755310853e-10
3.30112072306228e-09,6.76935267030912e-09,1.38335682953323e-08,6.44438296021312e-09,1.19243383795967e-08,1.12458362617162e-08,8.11807784551147e-09,1.59717008918546e-08,7.90750177098199e-09,1.43305697865082e-08,1.43387587701589e-08,1.29436751616126e-08,1.35437260303428e-08,6.4878071212225e-09,3.40237578665242e-09,1.20384522499332e-08,6.6417742180154e-09,1.19397221263135e-08,5.12364609893292e-09,2.75190260195611e-09,2.3331774949124e-09,5.26897097709167e-09,2.74243717887243e-09,5.09968061587367e-09,2.32388335970031e-09,2.07552299189696e-09,1.13276483584489e-09,2.27136033986372e-09,2.20970692539060e-09,2.28763395132228e-09,1.85855477986037e-09,1.05373243785798e-09,1.134140654058e-09,2.01748974281161e-09,1.49549862956003e-09,2.39800931412164e-09,9.46105003260585e-10,9.55277111702111e-10,8.4571175093962e-10,1.2314286671547e-09,1.20575108785999e-09,1.43329201764214e-09,8.61418024284249e-10,7.18450478197068e-10,6.46620824317088e-10,1.02569298741095e-09,9.07379692823587e-10,1.18633360169372e-09,2.63449764590604e-09,4.12380782114611e-09,8.11076363431152e-09,4.34466250465397e-09,7.21977487850064e-09,7.12306592602702e-09,4.98636879558356e-09,9.31311031387531e-09,4.66038982505311e-09,8.54133641992645e-09,8.85293323345218e-09,8.19819765435712e-09,8.03481513245982e-09,4.03339991980667e-09,2.06043610735689e-09,7.6820001146859e-09,4.13930862265402e-09,7.85915951177474e-09,3.18395575542342e-09,1.60554864775663e-09,9.81331882974015e-10,3.15192933718876e-09,1.57842126499047e-09,3.32313398205803e-09,1.47467891774141e-09,9.6598331031339e-10,6.37275694326798e-10,1.47240976895738e-09,1.1207762700001e-09,1.50291650519e-09,8.3963152754538e-10,6.04530209761788e-10,8.01087881592303e-10,1.00482317400134e-09,7.80458687901666e-10,9.62685224115397e-10,5.46900640737943e-10,6.50531999410994e-10,3.74820229380038e-10,6.19483007868181e-10,5.61422666005244e-10,6.41846052463003e-10,6.09689706462366e-10,3.57802681265444e-10,3.70053056705366e-10,5.26641609525717e-10,4.37552349330826e-10,5.50570956657401e-10
3.76901858535006e-09,3.97859585920272e-09,6.96338369396991e-09,4.1213214562854e-09,6.76745889596894e-09,6.53408975291027e-09,4.68922890950807e-09,7.90750177098199e-09,2.01032427390605e-08,7.99568648076174e-09,1.68680972888711e-08,1.62974992262512e-08,6.49223778426583e-09,1.59707199154602e-08,8.08008631003468e-09,1.32731415226815e-08,1.44888635228701e-08,1.19895954397667e-08,1.28418578788215e-08,6.46055468137004e-09,3.16643810387092e-09,1.16422606802965e-08,6.02911511470888e-09,1.09499391112938e-08,5.26786749849801e-09,2.58890688843485e-09,2.02783016421983e-09,4.84309818602709e-09,2.46003401204629e-09,4.55884318068172e-09,2.11961334474235e-09,1.776972897124e-09,1.42935390662587e-09,1.98659396946798e-09,2.3527678978453e-09,2.40960998472857e-09,1.63366279717006e-09,1.22142356047142e-09,1.03487919851679e-09,2.12464777829524e-09,1.4767747513186e-09,2.49051511887544e-09,1.14592753248842e-09,8.8013536019949e-10,8.44025102943211e-10,1.29914297813464e-09,1.10505283520335e-09,1.49039428912008e-09,2.05245940930917e-09,2.20850285817277e-09,3.79481896627096e-09,2.42193252054478e-09,3.64349724074633e-09,3.6731405737329e-09,2.63399896122752e-09,4.26671655901917e-09,1.06635767362134e-08,4.57870001010421e-09,9.73037491831905e-09,9.7710625348062e-09,3.83460377136705e-09,8.91746567116265e-09,5.26951534689395e-09,7.91624980970117e-09,8.72545640355996e-09,7.96079243648410e-09,7.11126328928761e-09,3.85437433220854e-09,1.67234200522557e-09,6.62986704977627e-09,3.27683678144526e-09,6.18818268480157e-09,3.23126438590317e-09,1.31253393397746e-09,9.88153230434744e-10,2.65354658593994e-09,1.43562955982792e-09,2.79709177378499e-09,1.06925769262846e-09,9.11106543028861e-10,8.95909634796289e-10,1.15127688594475e-09,1.04223631702572e-09,1.23305060242616e-09,8.35149229547301e-10,7.91905072857748e-10,4.80609430593862e-10,9.7745539991979e-10,7.72306758833904e-10,1.25163624416111e-09,7.34515604953043e-10,4.25139148684857e-10,4.43087322282981e-10,7.19642295443718e-10,5.15195079188449e-10,8.27258695888487e-10
7.76374791561471e-09,1.46489483553013e-08,1.19265657998083e-08,1.18481885856366e-08,2.16901711661671e-08,1.80092394528904e-08,1.8035535167739e-08,1.43305697865082e-08,7.99568648076174e-09,2.69687572783412e-08,1.31353389454858e-08,2.51513393721305e-08,1.20303753985503e-08,6.47243638983551e-09,3.77691159294167e-09,1.08863588730368e-08,6.78743891617925e-09,1.08572811447088e-08,5.23079149107086e-09,3.03400352769741e-09,2.69530851657565e-09,5.43441770360593e-09,3.12420268226394e-09,5.44268649861625e-09,2.57317504482268e-09,2.43502092496202e-09,1.45366367400126e-09,2.64201223535336e-09,2.68073196759687e-09,2.70280683444751e-09,2.17572237726793e-09,1.31803416058307e-09,1.37938031925874e-09,2.44583194343777e-09,1.88387725560538e-09,2.84727369312813e-09,1.17750435992762e-09,1.16746368175941e-09,1.09052355360272e-09,1.58983200724899e-09,1.4750285766888e-09,1.88309142026494e-09,1.04205825458774e-09,9.00915350671329e-10,7.92036044581114e-10,1.18052980842327e-09,1.08210449622045e-09,1.32656947071709e-09,5.26140167051458e-09,8.33807662836126e-09,7.38086418488192e-09,7.78033965889937e-09,1.27000752216066e-08,1.18386617563081e-08,1.08384529888093e-08,8.96610984002585e-09,4.93822055666279e-09,1.60415687226801e-08,8.77232360361602e-09,1.61084986336985e-08,7.79078138321498e-09,4.34587554210939e-09,2.15138344681947e-09,7.57177441738978e-09,4.30810808743972e-09,7.77195636917615e-09,3.50899565219379e-09,1.70876817977987e-09,1.27879754585811e-09,3.50192466718606e-09,1.7230510109027e-09,3.87031086398242e-09,1.54276991842334e-09,1.22391927733312e-09,7.93907475528493e-10,1.60783935320502e-09,1.51613409978125e-09,1.7023700670704e-09,1.06272490856426e-09,7.67714776448753e-10,9.72048572496197e-10,1.30112166266877e-09,1.02080224858366e-09,1.25451426537935e-09,7.16269610672544e-10,8.00383061688971e-10,4.2353635139678e-10,8.22380785915565e-10,5.72941638909087e-10,7.31201509776014e-10,7.60970263450783e-10,3.85491735949087e-10,3.80181092867851e-10,4.37179250267649e-10,4.7667422870922e-10,6.04857118295884e-10
4.06368019720067e-09,7.02688432857302e-09,1.2317209878941e-08,6.86247435740779e-09,1.06255166413265e-08,1.00447920330137e-08,8.76336952894543e-09,1.43387587701589e-08,1.68680972888711e-08,1.31353389454858e-08,2.55114188562813e-08,2.30975250740057e-08,1.20421412267126e-08,1.32710232672026e-08,7.16237840383652e-09,2.06533946884221e-08,1.18614738422975e-08,1.86118067456233e-08,1.07423661945816e-08,5.85199730535397e-09,3.01972225378198e-09,9.55639295038121e-09,5.53774908973586e-09,8.92604831953742e-09,4.80720208276355e-09,2.4987908062877e-09,2.25047729586704e-09,4.5184249776189e-09,2.45756566986876e-09,4.27088844452275e-09,2.05974364299244e-09,1.98720872952655e-09,1.70468208884942e-09,2.02053724052163e-09,2.6554675877403e-09,2.53249205623973e-09,1.78844860418913e-09,1.42749089775331e-09,1.23022160537177e-09,2.30071083040255e-09,1.76181775354574e-09,2.710434152979e-09,1.36178314076706e-09,1.05971838930077e-09,9.90064501960395e-10,1.58820718343083e-09,1.33299249482074e-09,1.86252526605792e-09,2.95377150514495e-09,3.86043044194832e-09,7.02415118282473e-09,4.56535705828985e-09,6.13470531488008e-09,6.56713610021382e-09,5.10175443856186e-09,8.25294110918779e-09,9.22003321223093e-09,7.75311899771713e-09,1.49830214285363e-08,1.38347713440539e-08,7.25271660881077e-09,7.69134931265449e-09,4.48473516799607e-09,1.24639156265852e-08,7.53213219421928e-09,1.21293181669693e-08,6.31524800935238e-09,3.62023304785314e-09,1.57364374507381e-09,5.89328953763457e-09,3.23004947460081e-09,5.6415796742762e-09,3.12654360174122e-09,1.32337302534575e-09,1.07811337873544e-09,2.79060771626523e-09,1.41834241017494e-09,2.84675953280544e-09,1.0852225974049e-09,1.02942155664361e-09,1.0212038830609e-09,1.16193014128101e-09,1.18102942477582e-09,1.28599056146677e-09,9.24173906021722e-10,8.36934717012363e-10,4.84243170360044e-10,1.00605308902e-09,7.27770067653945e-10,1.1615652554683e-09,7.88200899455312e-10,4.51113782826551e-10,5.47404983061831e-10,6.91253577789594e-10,5.34250318915588e-10,8.66463476369875e-10
7.79970986344495e-09,1.44933188583147e-08,1.0588606234751e-08,1.16556581138971e-08,1.96271957099609e-08,1.60914333318916e-08,1.83526852091779e-08,1.29436751616126e-08,1.62974992262512e-08,2.51513393721305e-08,2.30975250740057e-08,3.80126532240475e-08,1.07391458263414e-08,1.26727572968188e-08,7.082579154078e-09,1.85717897514733e-08,1.13770626040994e-08,1.66813806560665e-08,1.04478509176033e-08,5.76679446950681e-09,3.1941513399843e-09,9.26041498916151e-09,5.56028353453151e-09,8.80560209560675e-09,4.75961887059423e-09,2.68974349770976e-09,2.59425295761818e-09,4.59961457863417e-09,2.72968991281745e-09,4.44188102682268e-09,2.27287777594373e-09,2.24474980791504e-09,1.88772703947465e-09,2.3047664151193e-09,2.98112826112884e-09,2.84678426175241e-09,1.98813956726702e-09,1.61103199427602e-09,1.38903783837781e-09,2.60298782177002e-09,1.95581494821955e-09,3.03511521717154e-09,1.485101460728e-09,1.14199241753421e-09,1.09643791612628e-09,1.6642697317998e-09,1.44243778332038e-09,1.93024957396146e-09,4.97232600142326e-09,7.54529411532316e-09,6.12153790982478e-09,7.42147310475026e-09,1.08441685198626e-08,1.04728131658317e-08,1.06166626486236e-08,7.70699641869173e-09,9.01463199284918e-09,1.47109554666302e-08,1.43701834195987e-08,2.33414585986581e-08,6.81710504318828e-09,7.57140799473249e-09,4.27623791789946e-09,1.1870235045331e-08,7.26446725583017e-09,1.15769463763358e-08,6.35503562661971e-09,3.60098564802439e-09,1.67505653185378e-09,6.02044847934588e-09,3.24564571880195e-09,6.00713237666907e-09,3.06766479125239e-09,1.42068568063187e-09,1.07074953633619e-09,2.79356243841565e-09,1.5689209843993e-09,2.81388911577423e-09,1.1768017833056e-09,1.11319744047475e-09,1.23016718013833e-09,1.26157527525429e-09,1.35361560068003e-09,1.42831749851476e-09,1.02479510843492e-09,1.01424816115171e-09,5.28404219812238e-10,1.13002078295903e-09,7.99209289019072e-10,1.26420305828343e-09,9.75711169709989e-10,4.49541222620825e-10,6.85046319161437e-10,6.98241138050794e-10,7.07983130684553e-10,1.10329375456515e-09
2.9446385848729e-09,5.85927325491030e-09,1.17767129015208e-08,5.58269156602601e-09,1.00429743572529e-08,9.4684711804981e-09,6.87730773455140e-09,1.35437260303428e-08,6.49223778426583e-09,1.20303753985503e-08,1.20421412267126e-08,1.07391458263414e-08,1.6921131696953e-08,7.82347911487961e-09,4.11889768944449e-09,1.51923552152781e-08,7.93075259710258e-09,1.49104076171619e-08,6.10088374039037e-09,3.30810172101284e-09,2.82394837132367e-09,6.22580992604893e-09,3.33895895702181e-09,6.0380179221277e-09,2.83516361505836e-09,2.48429574794112e-09,1.45421985398463e-09,2.78059460145288e-09,2.66002251334541e-09,2.87648717740403e-09,2.23572680242765e-09,1.30534292069529e-09,1.32242310288326e-09,2.38735722352068e-09,1.78786943800715e-09,2.80232228882714e-09,1.16640307727573e-09,1.10129155470102e-09,9.44838369257794e-10,1.49037398355956e-09,1.33333676131742e-09,1.68864699135187e-09,9.45140150402783e-10,7.84863328655243e-10,7.56356390938411e-10,1.10536133897624e-09,1.0309023871341e-09,1.3288261605978e-09,2.36927741831191e-09,3.64257848787222e-09,6.85721807641517e-09,3.82316988107014e-09,6.16259000614394e-09,6.06447674256324e-09,4.2944307050182e-09,8.03425373894894e-09,4.0336666045277e-09,7.40972639094015e-09,7.68391526634207e-09,7.12306919876091e-09,9.33738266192488e-09,4.83606175667939e-09,2.46680864054051e-09,9.16187332136556e-09,4.76634969769647e-09,9.28010035888548e-09,3.80025375720059e-09,1.99934532340467e-09,1.16254540993783e-09,3.65590927683935e-09,1.902903207996e-09,3.73581576142033e-09,1.84585719695835e-09,1.1584680611158e-09,6.75008860953483e-10,1.80043512544207e-09,1.24098577273535e-09,1.83841697680453e-09,1.00653493002851e-09,7.24627610864933e-10,8.94060953862052e-10,1.16669615251011e-09,9.82698807545984e-10,1.12433502870719e-09,6.78470937400317e-10,7.52124445747301e-10,4.63718060593665e-10,8.38340863401882e-10,6.32407318997182e-10,7.25960827269548e-10,6.44416462573981e-10,4.12967057907962e-10,3.92107414008326e-10,5.78511722142866e-10,4.0940787785025e-10,5.71822454369592e-10
3.23295082745102e-09,3.30812081627351e-09,5.73978823889738e-09,3.39528244217547e-09,5.49383654837506e-09,5.1892319646809e-09,3.85938291350319e-09,6.4878071212225e-09,1.59707199154602e-08,6.47243638983551e-09,1.32710232672026e-08,1.26727572968188e-08,7.82347911487961e-09,1.87329474377758e-08,9.30179574659611e-09,1.57426906456755e-08,1.68312907615717e-08,1.40448940841656e-08,1.50130401132601e-08,7.39133025605712e-09,3.59569274901895e-09,1.34811917069976e-08,6.99825616155019e-09,1.27700344441218e-08,6.06877330902957e-09,2.92395139795295e-09,2.35020227389072e-09,5.64433528936529e-09,2.78551604708617e-09,5.34841681913879e-09,2.37589394070442e-09,2.01979682866533e-09,1.58044313954679e-09,2.2276697269552e-09,2.62014006832901e-09,2.68452433438224e-09,1.85972286927063e-09,1.34952200684554e-09,1.1174536816565e-09,2.36609887090854e-09,1.61376482801594e-09,2.74160224921966e-09,1.19240775880407e-09,8.98087184833859e-10,8.85923259843673e-10,1.32678499158008e-09,1.14761308597343e-09,1.57026230308826e-09,1.67587654473454e-09,1.96687738384412e-09,3.29952167255162e-09,2.04169162228098e-09,3.02796856150199e-09,2.86193727177152e-09,2.30739880896817e-09,3.83236798962259e-09,8.91528298219488e-09,3.83342303085711e-09,7.91594258366884e-09,7.58571567260869e-09,4.43801641742976e-09,1.0544816175193e-08,6.04585800916607e-09,9.09862620687593e-09,1.01157180702053e-08,8.88491971360594e-09,8.42448027611704e-09,4.41002279535599e-09,1.85900414307966e-09,7.67945662522847e-09,3.8864934327823e-09,7.16654149646453e-09,3.76897173456507e-09,1.51605718193796e-09,1.18356118723599e-09,3.25584601721212e-09,1.68449092262023e-09,3.44829351611089e-09,1.21471127953993e-09,1.04524827811222e-09,9.54407527635689e-10,1.34735275121e-09,1.15325649281969e-09,1.38715520167754e-09,9.83883594814238e-10,8.24545934206796e-10,5.59845290555007e-10,1.09008932392377e-09,7.92404615614021e-10,1.34062018308832e-09,7.46855946408282e-10,4.53656785041884e-10,4.909990858465e-10,6.88415114324171e-10,5.59855727778135e-10,8.4282205969528e-10
2.22474332178363e-09,3.08081202427434e-09,3.02780916460984e-09,3.49250256819074e-09,3.15395708133721e-09,3.40710762794783e-09,3.72600188964365e-09,3.40237578665242e-09,8.08008631003468e-09,3.77691159294167e-09,7.16237840383652e-09,7.082579154078e-09,4.11889768944449e-09,9.30179574659611e-09,2.20427705956006e-08,8.4677640304735e-09,1.87679906771359e-08,1.72128653431773e-08,7.39526043709471e-09,1.68736973955203e-08,7.93929255071914e-09,1.43384580833434e-08,1.40136593306536e-08,1.18824782876426e-08,1.40741972276515e-08,6.3162711230553e-09,3.03838568066538e-09,1.13657678478558e-08,6.10866045459842e-09,1.08861608271938e-08,5.00027330839438e-09,2.43474676837876e-09,3.0086226743595e-09,4.82701045791847e-09,2.93074920288016e-09,5.19268069947526e-09,2.18024036341241e-09,2.60499990025629e-09,1.5061570332531e-09,2.47896834418699e-09,2.86791982053489e-09,2.8363237046698e-09,2.22482618596761e-09,1.2137711557327e-09,1.06077087781899e-09,2.39197942836372e-09,1.50995969630683e-09,2.65848224212872e-09,1.26176876800563e-09,1.7844763350315e-09,1.70583210631043e-09,1.92387539903337e-09,1.72695767012063e-09,1.71199445008157e-09,2.22577589582641e-09,1.93785041275908e-09,4.59522823285069e-09,2.229767407368e-09,4.29667949486436e-09,4.37411595824969e-09,2.30577893558688e-09,5.30839759933267e-09,1.21763148641619e-08,4.92502417244962e-09,1.02745382895148e-08,9.77406472131353e-09,4.07416650442712e-09,9.1699358005523e-09,4.3942894030487e-09,7.69072477531535e-09,7.249758099855e-09,5.97065549271538e-09,7.57413283689795e-09,3.57042395141621e-09,1.81208913796906e-09,5.93765841131717e-09,3.77876791707348e-09,6.18100568284303e-09,2.83574467985098e-09,1.51388420021353e-09,1.46253099636508e-09,3.01728782673356e-09,1.48439541607208e-09,2.83691633825808e-09,1.41229618557506e-09,1.26999515536711e-09,8.43742703999151e-10,1.18344362917966e-09,1.44964332212788e-09,1.42628043955002e-09,1.16654453931056e-09,6.65375042143588e-10,6.53701776575695e-10,1.25093983955177e-09,8.67470181070204e-10,1.42178698359804e-09
3.51853603277232e-09,6.01268497823395e-09,1.03784960267605e-08,5.86679095990933e-09,8.85948389210727e-09,8.32318965365633e-09,7.34946648058226e-09,1.20384522499332e-08,1.32731415226815e-08,1.08863588730368e-08,2.06533946884221e-08,1.85717897514733e-08,1.51923552152781e-08,1.57426906456755e-08,8.4677640304735e-09,2.52630844494805e-08,1.39204438013298e-08,2.26036248969761e-08,1.25682177737447e-08,6.83712463493906e-09,3.51239612980379e-09,1.1113835057992e-08,6.55960742414852e-09,1.04535906429677e-08,5.67375100232054e-09,2.90721534686535e-09,2.68864463322742e-09,5.37534413656756e-09,2.8726723118031e-09,5.1542399016257e-09,2.40125799252284e-09,2.33801399526634e-09,1.92082851570636e-09,2.34178680610337e-09,3.04193268455575e-09,2.90026577433631e-09,2.11667873632307e-09,1.61364598865564e-09,1.32689136942871e-09,2.66197201003139e-09,1.93427489509719e-09,3.07451492351847e-09,1.42681030150675e-09,1.09111556106705e-09,1.02229665378445e-09,1.64408568516337e-09,1.38415193422459e-09,1.93408786916219e-09,2.56262496529907e-09,3.34899009849651e-09,5.98227956459308e-09,3.93043517745088e-09,5.20225555095083e-09,5.44495111080051e-09,4.30529882298233e-09,7.25058669693821e-09,7.68965950178993e-09,6.64830432878161e-09,1.24645754444862e-08,1.132475492318e-08,8.2772797273052e-09,9.27592169396844e-09,5.19604677756564e-09,1.45255451316084e-08,8.67207040362927e-09,1.38301243244468e-08,7.54129145584328e-09,4.17993585742968e-09,1.73269277454595e-09,6.76198764182647e-09,3.80374694425078e-09,6.50444258122008e-09,3.67280565890579e-09,1.50063355491003e-09,1.2247792100495e-09,3.33088207795583e-09,1.48692098515603e-09,3.40276870456344e-09,1.24917813120332e-09,1.24168304562002e-09,1.11688336531585e-09,1.28903378326908e-09,1.43734020356594e-09,1.417330289225e-09,1.13462063255145e-09,9.45004158980608e-10,5.79006125320813e-10,1.2725503999288e-09,7.62243682603446e-10,1.31481938692096e-09,8.41187817312882e-10,4.90830644228927e-10,6.16037343386033e-10,7.08293973449129e-10,5.87990660310956e-10,9.01432396788217e-10
3.55254890223317e-09,3.60495551254566e-09,5.91103691313148e-09,3.85451354254993e-09,5.78146955433724e-09,5.66891554091509e-09,4.18166872515161e-09,6.6417742180154e-09,1.44888635228701e-08,6.78743891617925e-09,1.18614738422975e-08,1.13770626040994e-08,7.93075259710258e-09,1.68312907615717e-08,1.87679906771359e-08,1.39204438013298e-08,2.8506847377689e-08,2.43020672935388e-08,1.348403687705e-08,1.43356868832651e-08,7.58048841451189e-09,2.22084125457545e-08,1.18742177714115e-08,1.89391873189928e-08,1.18672544946729e-08,6.01499282271685e-09,2.95173100072415e-09,9.49763662241372e-09,5.75354399329086e-09,8.9727661121872e-09,4.69027132842602e-09,2.38275919870048e-09,3.11809396613651e-09,4.47990253068221e-09,2.91167388961496e-09,4.78879434433806e-09,2.13291505706181e-09,2.69955031860461e-09,1.50915187505432e-09,2.51736648018904e-09,2.86370623186757e-09,2.79100888511775e-09,2.40835537083413e-09,1.2742335870674e-09,1.16615606405253e-09,2.5218008389609e-09,1.58942529984353e-09,2.80390524648297e-09,1.94890932971926e-09,2.14999109640407e-09,3.52115427713541e-09,2.37355751425206e-09,3.34571515785048e-09,3.21815387038299e-09,2.53256221841163e-09,3.98274051436869e-09,7.79089114268018e-09,4.1703433525142e-09,7.02540129379565e-09,7.06706531427017e-09,4.61947525561214e-09,9.14517694328096e-09,1.110872593885e-08,8.09342412470598e-09,1.57334189995887e-08,1.42379459271079e-08,7.19246016673903e-09,8.27909215195864e-09,4.17087989302455e-09,1.19648375888509e-08,6.57713970242015e-09,9.88071347101523e-09,7.00601099464806e-09,3.45577437202131e-09,1.65410996890103e-09,5.47748601730815e-09,3.58535224138729e-09,5.88431111064794e-09,2.72321236570102e-09,1.40440373130129e-09,1.78362445618947e-09,2.87864341247445e-09,1.35501220274175e-09,2.65208760566623e-09,1.3332079415188e-09,1.58874133916585e-09,9.49752388516517e-10,1.20534013515269e-09,1.50895786309244e-09,1.39730641259969e-09,1.46081362749819e-09,7.69735472396333e-10,6.87545183600533e-10,1.29450995220134e-09,9.45421167941798e-10,1.49742093213228e-09
3.73876740966164e-09,6.1010650814852e-09,1.03844526398306e-08,6.20020490011235e-09,8.92182554910417e-09,8.63737533885732e-09,7.41055512196555e-09,1.19397221263135e-08,1.19895954397667e-08,1.08572811447088e-08,1.86118067456233e-08,1.66813806560665e-08,1.49104076171619e-08,1.40448940841656e-08,1.72128653431773e-08,2.26036248969761e-08,2.43020672935388e-08,3.46338579062554e-08,1.12148188386031e-08,1.31953675158261e-08,7.10728199594847e-09,1.87523075258821e-08,1.09457229932629e-08,1.5791006883229e-08,1.09422465384935e-08,5.60869173690888e-09,3.04695578834514e-09,8.76465542722093e-09,5.34503108600188e-09,8.18419239714454e-09,4.3857171417049e-09,2.49056432583979e-09,3.31266817263581e-09,4.17045803617036e-09,3.07866547818501e-09,4.55719234309319e-09,2.1825098768031e-09,2.90705698150581e-09,1.69078044820544e-09,2.62358281343046e-09,3.18496893126927e-09,3.02341900408779e-09,2.56700549411828e-09,1.41265155867675e-09,1.22258034937e-09,2.75923652410829e-09,1.77494088164227e-09,3.08600838555548e-09,2.84568689422395e-09,3.41494580210948e-09,6.17727595184721e-09,4.16855151279416e-09,5.46167200531939e-09,5.68856413230703e-09,4.41495784637527e-09,7.26518634623113e-09,6.6406992910635e-09,6.81822687088646e-09,1.1165608059525e-08,1.0373004754546e-08,8.5784323186187e-09,7.91038805576657e-09,9.88689690866527e-09,1.31212660500605e-08,1.38348827305764e-08,2.02662598015858e-08,6.37704887961279e-09,7.75431203315006e-09,4.02307489058522e-09,1.06691551921051e-08,6.35747645855969e-09,8.96430262881777e-09,6.62949897598365e-09,3.4125594938801e-09,1.58731675513428e-09,5.42783048063713e-09,3.1543506474344e-09,5.50636120117463e-09,2.76456453011997e-09,1.50378259559994e-09,1.84447729254181e-09,2.6346906900608e-09,1.5780844167344e-09,2.55577943213638e-09,1.40098682466729e-09,1.68364002901508e-09,9.29856382253079e-10,1.4036422759836e-09,1.44246822942442e-09,1.4497533303086e-09,1.50883372469683e-09,7.53093392204048e-10,6.96146758743258e-10,1.23076926413273e-09,9.23821999607585e-10,1.37724772532363e-09
2.49634236765456e-09,2.64085334820534e-09,4.57177963659857e-09,2.663732959332e-09,4.48493246113112e-09,4.23835687089249e-09,3.05991024120896e-09,5.12364609893292e-09,1.28418578788215e-08,5.23079149107086e-09,1.07423661945816e-08,1.04478509176033e-08,6.10088374039037e-09,1.50130401132601e-08,7.39526043709471e-09,1.25682177737447e-08,1.348403687705e-08,1.12148188386031e-08,1.83299036072797e-08,8.76402528792981e-09,4.13814182713095e-09,1.6392547544549e-08,8.43608872138348e-09,1.58243758541529e-08,7.1900922752947e-09,3.35826521203498e-09,3.04982510832625e-09,6.8459393346072e-09,3.26801193109059e-09,6.38831199920437e-09,2.69760535148173e-09,2.64888055431129e-09,2.00144488715465e-09,2.62432499566059e-09,3.27986176424024e-09,3.10488156519339e-09,2.43578388727532e-09,1.71010278651626e-09,1.21170346725939e-09,2.99108491722574e-09,1.81433731271395e-09,3.18842393711907e-09,1.52263282305727e-09,9.75984405922143e-10,9.69597152169645e-10,1.51877987923802e-09,1.27395720747843e-09,1.83020885940318e-09,1.43998749912076e-09,1.55281609456434e-09,2.49266896091048e-09,1.77457420628739e-09,2.43431847452699e-09,2.47721100565505e-09,1.80472399622129e-09,2.93087637278296e-09,7.10631466557042e-09,3.09122609562363e-09,6.33693774901737e-09,6.29538254480354e-09,3.48144562382673e-09,8.42378026245293e-09,4.41149535091361e-09,7.37375208251738e-09,7.67982372222039e-09,6.79787201200675e-09,1.05142812869738e-08,5.31619445543956e-09,2.17807058289832e-09,9.41302109111511e-09,5.01685177067915e-09,9.13288139925347e-09,4.47301495611556e-09,1.78702302470767e-09,1.4428875297155e-09,4.12288448890104e-09,1.82476824611708e-09,3.99502153137794e-09,1.46036588597681e-09,1.27944617081868e-09,1.11706279284621e-09,1.53376913575145e-09,1.36601228664604e-09,1.53444277359091e-09,1.19211481925787e-09,1.00828093242931e-09,6.3711514389548e-10,1.27610897741196e-09,8.79458118955559e-10,1.42174936415007e-09,9.16995379023513e-10,4.95627902007974e-10,5.30545158255739e-10,7.4729138668982e-10,7.75482801696989e-10,1.06664523425952e-09
