1.51349196105066e-08,5.7526440590458e-09,3.31955961168244e-09,1.09373885721117e-08,5.51794001796655e-09,1.05389265471902e-08,4.60204326888351e-09,2.63712116186602e-09,4.45825926897392e-09,4.23843714104118e-09,2.95629253663867e-09,4.33924429682126e-09,2.10604039748564e-09,3.48473669584503e-09,2.22794836735123e-09,2.19513573763525e-09,4.17613002581046e-09,2.52695627685387e-09,2.89769240401833e-09,1.77216873972279e-09,1.29493315616815e-09,3.41612208314686e-09,1.57780774318045e-09,3.37575862879731e-09,1.37755958499449e-09,9.88081064368417e-10,6.56166483205267e-10,1.1764233860208e-09,1.17593930891108e-09,1.36631359537229e-09,7.95275707773746e-10,5.16757766034534e-10,5.7539356028858e-10,9.68218962579374e-10,7.08589786979585e-10,1.20592395815198e-09,5.07749090692918e-10,4.67880702345192e-10,5.84439066985651e-10,6.17675090527363e-10,6.24192957510213e-10,6.80571204944089e-10,4.01818191096226e-10,4.56532807649363e-10,4.52207592432585e-10,5.45658697908209e-10,7.07690168569078e-10,8.0521907311805e-10,8.33344765919557e-09,4.03432432035961e-09,1.17538895658809e-09,5.8168043602885e-09,3.52020204866648e-09,5.1022805424728e-09,3.5016835814349e-09,8.52943597076657e-10,2.6857949621818e-09,2.93086055884378e-09,9.97173267303061e-10,2.67950253874335e-09,8.43690560706064e-10,2.18152093237277e-09,1.07887048360685e-09,9.45119360711109e-10,2.54488599647892e-09,1.08630204487738e-09,1.7412465201467e-09,8.4302716590979e-10,3.45473950022096e-10,1.98857517203822e-09,6.84465147080286e-10,1.67350889746874e-09,8.05342342715054e-10,5.08212041442435e-10,2.80583041663465e-10,8.6524348033521e-10,7.73261416643336e-10,1.00109581693645e-09,4.40911753953066e-10,2.38261539169912e-10,2.32006151048796e-10,5.9859433513186e-10,2.11450456148154e-10,7.77421198548396e-10,2.89525701119124e-10,1.80417029159783e-10,3.5161058516651e-10,2.5084025292196e-10,4.19139084604043e-10,4.98104956345095e-10,1.54056251901149e-10,2.2924559336569e-10,2.48110977179970e-10,3.88633750404998e-10,3.88766692762651e-10,4.73303238548363e-10
5.7526440590458e-09,1.87996839159383e-08,6.24633059098396e-09,1.39642356996936e-08,1.34281030298382e-08,8.98177723282371e-09,1.54201931261263e-08,4.72437248695538e-09,3.5084323463816e-09,1.07586458637633e-08,4.31823592045244e-09,9.87857022047425e-09,3.83418077813937e-09,2.74707910750011e-09,4.96581077552051e-09,3.43567774095409e-09,3.01399243253373e-09,3.54427071241753e-09,2.18436407717423e-09,4.20947925779437e-09,1.68818911744852e-09,2.37635141163433e-09,3.96903521430795e-09,2.2477582222498e-09,3.31494854108183e-09,1.30172693334309e-09,8.8884650091382e-10,3.13156690057951e-09,1.44530904408595e-09,3.29827796690196e-09,1.16912418948862e-09,7.56551161485804e-10,6.46949897858413e-10,1.29943203831608e-09,8.45390754970093e-10,1.46088893847991e-09,6.56795233687325e-10,5.05039245591978e-10,5.7206461977187e-10,6.43722158639568e-10,6.40849541458346e-10,7.80197727855865e-10,4.67261124693751e-10,4.39999930011554e-10,5.04205639122567e-10,5.56934019187793e-10,6.89942314704158e-10,8.41412792617613e-10,3.55717147310278e-09,1.05571899598107e-08,3.54471411322786e-09,8.19797096168374e-09,6.69305265313496e-09,5.29152314456609e-09,8.62174656804585e-09,2.63914210169866e-09,2.3432575819476e-09,5.47459370889435e-09,1.86399154479423e-09,4.19101749987712e-09,2.149320725803e-09,2.03370725428016e-09,2.17791900421502e-09,1.41379873132851e-09,1.85058274693351e-09,1.35795860139572e-09,1.5698885866592e-09,1.79718807746382e-09,8.12777717931954e-10,1.35589091846255e-09,1.7204586985562e-09,1.28619468759343e-09,1.43547704703387e-09,7.6467780780879e-10,4.10835074458409e-10,1.38571042784809e-09,1.00926304939084e-09,1.36591052767763e-09,6.45796746689117e-10,3.24933775126511e-10,4.10607972211381e-10,8.64459657181185e-10,3.57640023947234e-10,8.98102415621418e-10,2.54866518930402e-10,3.44995512183432e-10,2.24451468772289e-10,2.7956836235026e-10,3.47308349418086e-10,4.02808296747216e-10,3.91420381016323e-10,1.9287485348889e-10,2.48636636862144e-10,4.26230037551109e-10,2.47316000121913e-10,4.74133812005871e-10
3.31955961168244e-09,6.24633059098396e-09,1.80826003939365e-08,5.93270007724425e-09,1.44708345010432e-08,1.38500304776344e-08,4.72487616188489e-09,1.358987047459e-08,5.96666525430081e-09,1.04299935239331e-08,1.02286872889537e-08,7.26482927986331e-09,1.10041132095415e-08,4.82551623474581e-09,3.57679913077563e-09,8.20590681622942e-09,5.06589740975261e-09,8.08573273966229e-09,3.84061599819377e-09,2.90922432392643e-09,3.23919221212901e-09,3.91224134109328e-09,2.60010602605202e-09,3.50457889434607e-09,2.26823265749478e-09,2.69621521035606e-09,1.09253630457334e-09,2.024608377616e-09,2.97045795345629e-09,2.14715594988335e-09,2.27624224026647e-09,8.02350230601219e-10,8.3645450428114e-10,2.54118310308265e-09,1.00572921786447e-09,2.64538289053784e-09,7.31824397180101e-10,6.85748229397155e-10,6.79789809926064e-10,8.24113498202458e-10,7.77652437447995e-10,8.53309727650162e-10,6.07285822749699e-10,5.65669581378228e-10,6.1100279592402e-10,6.55872320214634e-10,7.52839208608109e-10,8.13149501266383e-10,1.83800649169375e-09,3.37905923222045e-09,8.13990280775979e-09,3.38556140128607e-09,7.67962243855128e-09,8.04287608668172e-09,2.53213026798239e-09,6.10768530096273e-09,3.18035350669395e-09,6.03173905665648e-09,4.21046325481942e-09,3.46040194065577e-09,4.60759690388729e-09,2.38353040872802e-09,1.82946652284938e-09,3.01714339581977e-09,2.69968576230987e-09,3.34148625230817e-09,1.94823280771235e-09,1.48724474116185e-09,1.69557183203105e-09,2.00896631949812e-09,1.45984439749787e-09,1.71490770507424e-09,1.15654106481381e-09,1.45597392814754e-09,4.54450171104376e-10,1.19436355389619e-09,1.68108372871953e-09,1.54318167931047e-09,1.09218698114094e-09,3.48872599598091e-10,4.43398526100191e-10,1.26341807938465e-09,5.48163301533673e-10,1.14990204814534e-09,2.61610029808111e-10,4.12759841221531e-10,3.29725866261945e-10,4.8877039803879e-10,4.55947012051261e-10,4.50185110037546e-10,3.52856405089737e-10,2.66738414517129e-10,2.11490559763316e-10,4.18192260605955e-10,3.25234686245962e-10,3.05678510894811e-10
1.09373885721117e-08,1.39642356996936e-08,5.93270007724425e-09,2.10067669500562e-08,9.00994412945755e-09,1.48257935648781e-08,1.09273545953316e-08,4.33952074877441e-09,3.19512152942438e-09,6.51010607991119e-09,3.83821000672472e-09,5.70771238931935e-09,3.46025339092142e-09,2.42341042043419e-09,5.6084771465038e-09,2.90706578286709e-09,2.78374874556182e-09,3.01088960600378e-09,1.99049565882233e-09,4.71555128281515e-09,1.90960624691416e-09,2.24969366678397e-09,4.48098590359017e-09,2.18351091995758e-09,3.72177270451172e-09,1.47999940960919e-09,8.63533118667918e-10,3.51459083718765e-09,1.60808777577793e-09,3.6298913293818e-09,1.30751344050445e-09,7.15840810007621e-10,7.08135838705084e-10,1.41414615318706e-09,9.07366251171501e-10,1.69078384308924e-09,6.53455032722413e-10,5.52868278231136e-10,6.065425720553e-10,7.11354865514605e-10,7.44614686358873e-10,9.11755840719945e-10,5.54940371145136e-10,5.1511793589467e-10,5.90688803748492e-10,6.87179306737259e-10,7.50312219982787e-10,9.99616132182577e-10,6.36076154734868e-09,8.66002357377067e-09,3.02994437219558e-09,1.09765290541215e-08,5.59811275533004e-09,7.95629964824064e-09,6.81766674565779e-09,2.11819292132869e-09,2.50725339441334e-09,4.35037017178567e-09,1.76754182807357e-09,3.70731424467103e-09,1.77960809484857e-09,2.058792986261e-09,2.80672326278582e-09,1.39711100593876e-09,1.95933610318042e-09,1.53962507083221e-09,1.70552533399116e-09,2.31160774849471e-09,7.63331143517891e-10,1.66335866121494e-09,1.92522472607939e-09,1.48783740239767e-09,1.75753213274246e-09,8.24217779361681e-10,4.3535849131667e-10,1.62508933554149e-09,9.65379887433739e-10,1.52833446556052e-09,7.58850594478652e-10,3.83083509768787e-10,3.53599136287408e-10,8.5820425449822e-10,4.35716165875104e-10,1.07351495123173e-09,3.88695020529739e-10,3.35560298392071e-10,3.13667285025801e-10,4.22235163524363e-10,4.98341362348404e-10,6.83701488131513e-10,3.3674911975729e-10,2.47668854009081e-10,2.29487531443585e-10,4.94472453520781e-10,3.53191110717179e-10,6.35309292511814e-10
5.51794001796655e-09,1.34281030298382e-08,1.44708345010432e-08,9.00994412945755e-09,2.42383518167898e-08,1.85507020365936e-08,1.07595878290481e-08,1.04306677421248e-08,5.70425921399236e-09,1.82425095929926e-08,7.21534555331038e-09,1.38029231032456e-08,8.50583356421045e-09,4.70266989758694e-09,3.63841137641138e-09,5.67533076817696e-09,5.19988666411422e-09,5.85010603722537e-09,3.63338744713541e-09,2.90098926961858e-09,3.42417175053851e-09,3.89911754790847e-09,2.66269615241376e-09,3.58343671049331e-09,2.23715336903582e-09,2.79811441859558e-09,1.23511234822874e-09,2.02950134610863e-09,3.13496640229166e-09,2.31522798955202e-09,2.45616181506952e-09,9.59393260645216e-10,9.17446787851111e-10,2.74296520761685e-09,1.24942351127836e-09,2.87506877655223e-09,9.11091263817118e-10,7.44772958662549e-10,7.98079802253224e-10,1.05424369006653e-09,8.74741571221171e-10,1.00755212487145e-09,6.67283093145723e-10,5.99259489368589e-10,7.20014656816678e-10,7.69325501574956e-10,8.72730552814071e-10,1.02343597699225e-09,3.38531902371878e-09,7.13123026079034e-09,7.75632731262971e-09,5.33810183471431e-09,1.2398570779383e-08,1.06090570605311e-08,5.75632105694551e-09,5.90039716019131e-09,3.29150538779943e-09,1.02555918753851e-08,3.67236071860029e-09,6.44059610333059e-09,4.63452695941285e-09,2.74737778289337e-09,1.58269244856198e-09,2.88929512127072e-09,3.25589438529924e-09,3.40095264871818e-09,2.07420528724419e-09,1.31492866007181e-09,1.50664259820442e-09,2.31064308589916e-09,1.51315290009787e-09,1.77916782057099e-09,1.15855771340096e-09,1.41869843323835e-09,6.37244972163296e-10,1.31301398420662e-09,1.68977738740086e-09,1.54890151853467e-09,1.09958881661138e-09,4.63348421902362e-10,5.92002547007059e-10,1.2874147048711e-09,5.80052889826927e-10,1.13977207716124e-09,3.8486696599474e-10,4.41946478156367e-10,2.86418761226922e-10,5.80472543617392e-10,4.73528675866225e-10,5.56842082611193e-10,3.88076615037299e-10,2.42488298729901e-10,2.00636124766727e-10,5.3572328932723e-10,2.34707785202847e-10,4.83805113887393e-10
1.05389265471902e-08,8.98177723282371e-09,1.38500304776344e-08,1.48257935648781e-08,1.85507020365936e-08,2.60627632724413e-08,6.51993838541212e-09,9.85046225800696e-09,5.15051896638663e-09,1.29722690726166e-08,6.65528214671367e-09,9.17767796929737e-09,8.03392554203335e-09,4.12868271793265e-09,3.8988540389938e-09,5.05457926639341e-09,4.63710544984963e-09,5.20199342814298e-09,3.29433700254286e-09,3.11618220826792e-09,3.8344754591869e-09,3.62524507286056e-09,2.94187178971241e-09,3.43658827464846e-09,2.39539619505824e-09,3.1230219668682e-09,1.20536292597146e-09,2.17212847642816e-09,3.3735134017699e-09,2.39584509432598e-09,2.72548482718474e-09,9.30135229140584e-10,9.54595910782431e-10,2.9394442245103e-09,1.27607549071016e-09,3.12022958020235e-09,8.9990418461556e-10,7.91991405853841e-10,8.36348672224255e-10,1.07908084244665e-09,9.89670295529121e-10,1.11757804227849e-09,8.00392864056521e-10,7.21873393141045e-10,8.32987978965219e-10,9.58948901537465e-10,9.64532375974257e-10,1.19755299236886e-09,6.14907584852371e-09,5.41165455117289e-09,6.98687789427457e-09,8.0515931889096e-09,1.03880829464734e-08,1.41142022442972e-08,4.20086785664164e-09,5.15827013218925e-09,2.91457018213431e-09,8.21636271408185e-09,3.27071780107516e-09,5.47998981952137e-09,4.09149025538633e-09,2.32140258053996e-09,2.06767465285032e-09,2.61990940862028e-09,2.8893843992781e-09,3.39780135840869e-09,1.85892952555229e-09,1.7620988866512e-09,1.68254344235647e-09,2.26967310290424e-09,1.56611617343926e-09,1.67262888989375e-09,1.4129497100698e-09,1.65640464082552e-09,6.76570847250224e-10,1.41863225681647e-09,1.85286452114225e-09,1.74853738726819e-09,1.36689379234038e-09,5.38434996724675e-10,5.7798288042844e-10,1.4984038644175e-09,6.93415465522909e-10,1.41038464459621e-09,5.44523735583225e-10,4.48224305494395e-10,3.38383613975177e-10,7.46220089400933e-10,6.10912918969655e-10,8.31668756365164e-10,4.07110285888357e-10,3.07976416565163e-10,1.6845799348484e-10,5.99664118944235e-10,3.14946315352679e-10,5.12224619543435e-10
4.60204326888351e-09,1.54201931261263e-08,4.72487616188489e-09,1.09273545953316e-08,1.07595878290481e-08,6.51993838541212e-09,1.77014851106036e-08,5.8663865644872e-09,4.02903511960659e-09,1.28981371705447e-08,5.44338943367572e-09,1.19317016332659e-08,4.8151630695362e-09,3.2026707875008e-09,5.3724500696407e-09,4.43155693705603e-09,3.53546365297679e-09,4.58772965046599e-09,2.55075278810718e-09,4.53393782313419e-09,1.87675250205977e-09,2.78111245098225e-09,4.41090713161601e-09,2.54289905472438e-09,3.56906555958833e-09,1.48768908029552e-09,1.0570050745699e-09,3.50288944896932e-09,1.61258536163002e-09,3.64215230553907e-09,1.32686935437423e-09,9.05494982361483e-10,7.17774948961492e-10,1.44711069245878e-09,9.49343440298293e-10,1.59728149755645e-09,7.73266971433376e-10,5.78983802687322e-10,5.83325430720056e-10,7.30049293814624e-10,7.37019530536736e-10,8.7792700121373e-10,4.83870334860557e-10,4.11142073107635e-10,4.60359436445038e-10,5.47998844133609e-10,6.16458092271183e-10,7.57017462822155e-10,2.7848540416548e-09,8.62057279729948e-09,2.63770923830613e-09,6.25184584689807e-09,5.47423825513432e-09,4.00873489346229e-09,1.01033381928033e-08,3.29741926192118e-09,2.22787395271074e-09,6.6030474199154e-09,2.70229702595922e-09,5.51119360444022e-09,2.73989804060598e-09,1.85902148315398e-09,2.54109402850878e-09,2.03014732827212e-09,1.90582620666983e-09,2.21967729773822e-09,1.45400181258621e-09,2.06556288425973e-09,9.1882646047787e-10,1.47963423580486e-09,2.12873479171445e-09,1.26236051937793e-09,1.64995485540845e-09,8.55725067465564e-10,5.3346016932947e-10,1.70557897981106e-09,1.11729649049693e-09,1.67648879686743e-09,7.32727867816377e-10,4.37744976675881e-10,5.39467653830648e-10,9.70276475863565e-10,5.42441115939936e-10,1.05516207364936e-09,3.27170276226677e-10,4.73402627436518e-10,2.40061204640573e-10,4.26627812214684e-10,3.93896491553202e-10,4.53644005643599e-10,4.14114823034321e-10,1.65643688878022e-10,2.59802488638653e-10,3.43523265046604e-10,3.45498059513792e-10,4.67210616522275e-10
2.63712116186602e-09,4.72437248695538e-09,1.358987047459e-08,4.33952074877441e-09,1.04306677421248e-08,9.85046225800696e-09,5.8663865644872e-09,1.70644724962988e-08,7.40748662729745e-09,1.31494958471596e-08,1.35798188618501e-08,9.82999972352279e-09,1.392900360583e-08,6.06932364651557e-09,4.16462636705215e-09,1.11498960174233e-08,6.16958355617134e-09,1.07305799149744e-08,4.91339384422899e-09,3.2710517796682e-09,3.63877611875022e-09,4.80693754536787e-09,3.04836550030759e-09,4.31217951270725e-09,2.50394701471492e-09,3.06879084597639e-09,1.47352027505863e-09,2.36379690293676e-09,3.39028415721204e-09,2.50884043856645e-09,2.61616253545632e-09,1.10848216652287e-09,9.7499388236098e-10,2.90116339833938e-09,1.30204672358484e-09,3.01837879342583e-09,8.64303011195245e-10,7.64210412689798e-10,7.62576903283083e-10,9.74194758308145e-10,9.28820636522822e-10,1.06181836456852e-09,6.42427272802591e-10,6.16507582916172e-10,5.23547119651605e-10,7.45652626195992e-10,6.92768134919249e-10,8.49117198042903e-10,1.48623999491049e-09,2.52989072553206e-09,6.10475331534286e-09,2.48976631554205e-09,6.03084860518332e-09,6.0549291691802e-09,3.30462750612589e-09,7.34557872617266e-09,3.49702910865038e-09,6.82810980590475e-09,6.29317278142324e-09,5.07708877058054e-09,5.57899253074272e-09,2.48985269316714e-09,2.27067378054045e-09,4.84289217028416e-09,2.97734424243438e-09,5.45721876405558e-09,2.02846199656376e-09,1.85599823307676e-09,1.79483585392656e-09,2.22534763302236e-09,2.01897686539948e-09,1.79972063838156e-09,1.4405739033943e-09,1.55984304334078e-09,6.38460828306589e-10,1.61914614275515e-09,1.82263582225233e-09,2.0775397339899e-09,1.26261358353358e-09,5.57840577632412e-10,6.61890759696177e-10,1.50986354319415e-09,8.61028926619092e-10,1.48696815199824e-09,4.04615286681588e-10,5.35775124294721e-10,3.40477013284709e-10,6.41228897086837e-10,6.25166044449709e-10,6.31402418832849e-10,4.9695522702769e-10,2.60510587403931e-10,1.48331172546025e-10,5.40887188225974e-10,2.63003127598638e-10,4.55564744707254e-10
4.45825926897392e-09,3.5084323463816e-09,5.96666525430081e-09,3.19512152942438e-09,5.70425921399236e-09,5.15051896638663e-09,4.02903511960659e-09,7.40748662729745e-09,2.2385396377479e-08,6.99983088117111e-09,1.75726600816943e-08,1.64373572737981e-08,6.07410057107664e-09,1.73997340862404e-08,8.47118254902797e-09,1.35877507329256e-08,1.49417984175512e-08,1.10880268915111e-08,1.39585464700383e-08,6.65366570971779e-09,2.67276173561625e-09,1.18624357103104e-08,5.06830779731112e-09,9.90274143377338e-09,4.5984045668708e-09,2.10170135456581e-09,2.94245816380154e-09,3.59808492887975e-09,2.27148650839887e-09,3.59948768485218e-09,1.48867355749481e-09,2.38890666716488e-09,1.204921389835e-09,1.63354616896692e-09,2.48551998772905e-09,1.82551841677207e-09,2.05784227786164e-09,9.38488123894247e-10,7.59861142627769e-10,2.05163213086765e-09,1.02041207546673e-09,2.15643456406335e-09,7.44208654623585e-10,6.00619727627847e-10,5.71592741092361e-10,8.07256017415775e-10,7.18948565888622e-10,8.99182148167093e-10,2.7205617972418e-09,2.24280880871604e-09,2.78836855503639e-09,1.79131751487868e-09,3.19309557997058e-09,3.21778742887305e-09,2.58119961315232e-09,3.5254872858134e-09,1.20473439056282e-08,3.93711050727671e-09,9.72866711930363e-09,8.82671322411857e-09,2.69794692381352e-09,9.45304687755636e-09,4.57275321308367e-09,7.45788350733196e-09,7.90995028314262e-09,6.43096646276631e-09,7.53438180747733e-09,3.74728039107629e-09,1.25490905012765e-09,6.38385115579002e-09,2.63606509766806e-09,4.48721069467429e-09,2.94717993977644e-09,1.02738047818682e-09,1.38979317974124e-09,2.36921016637015e-09,1.50156756447787e-09,2.41411113578596e-09,7.20826153442246e-10,1.09728509299022e-09,6.38801483832574e-10,1.04733234326396e-09,1.34011162493833e-09,9.50942427931839e-10,8.35579546036237e-10,6.19292040129697e-10,5.39284573379889e-10,1.03675538318806e-09,6.68292764972817e-10,9.78057315736894e-10,4.68691151003695e-10,4.15579312259724e-10,1.90094563176397e-10,4.47658086831889e-10,3.86396066538761e-10,4.15281676070604e-10
4.23843714104118e-09,1.07586458637633e-08,1.04299935239331e-08,6.51010607991119e-09,1.82425095929926e-08,1.29722690726166e-08,1.28981371705447e-08,1.31494958471596e-08,6.99983088117111e-09,2.20362987478102e-08,9.75471093711603e-09,1.72504807992462e-08,1.07203547616047e-08,5.79018224196828e-09,4.0441876143716e-09,7.90826748725635e-09,6.15938309230226e-09,7.77295281677811e-09,4.55617606981161e-09,3.16183559858659e-09,3.73609422508597e-09,4.65576305078597e-09,3.02785347206308e-09,4.24043183561079e-09,2.38504566880438e-09,3.09258441227952e-09,1.48338069044186e-09,2.28954767220092e-09,3.38614707661876e-09,2.5028376082021e-09,2.70203211937924e-09,1.14053313128264e-09,9.47320967109613e-10,2.93973041472454e-09,1.36787657961439e-09,3.04522035127421e-09,9.50735136574767e-10,7.76916993144097e-10,8.07586249180216e-10,1.04190304234096e-09,9.68068478234709e-10,1.12699282905145e-09,6.26782984535584e-10,5.53532419740021e-10,5.6903214767263e-10,7.31002895638085e-10,7.27028313990308e-10,9.20040489457173e-10,2.68554273678496e-09,5.75370390533641e-09,5.89683183263773e-09,3.84393736622895e-09,1.02544023760689e-08,7.86502506802861e-09,7.0440736907194e-09,6.8026590520416e-09,3.4359948534257e-09,1.15624388600442e-08,5.18694687260339e-09,8.5334716862809e-09,5.36189582866536e-09,2.66678406138728e-09,1.76997782994609e-09,4.08953854074585e-09,3.35765537227524e-09,4.84616855801056e-09,2.02278582785827e-09,1.42022557547751e-09,1.54289708802749e-09,2.42374970916636e-09,1.74638290912794e-09,1.75369029458716e-09,1.20233034441255e-09,1.45161938330468e-09,7.58081929477857e-10,1.43550278108713e-09,1.70836210149374e-09,1.67444416021403e-09,1.18602028282631e-09,5.84906288133602e-10,7.2514675540966e-10,1.38419009842919e-09,7.18465688395431e-10,1.2645683631121e-09,4.59860009813559e-10,5.57490495054317e-10,2.6457377602619e-10,5.72748528981595e-10,6.609805270099e-10,6.70986811442653e-10,4.91027896148834e-10,1.55546930461624e-10,1.76101715815917e-10,5.85685346673204e-10,1.94894831351659e-10,5.38475203875079e-10
2.95629253663867e-09,4.31823592045244e-09,1.02286872889537e-08,3.83821000672472e-09,7.21534555331038e-09,6.65528214671367e-09,5.44338943367572e-09,1.35798188618501e-08,1.75726600816943e-08,9.75471093711603e-09,2.64657551113782e-08,2.09520856650057e-08,1.11532353567835e-08,1.35853074161645e-08,7.66069013229861e-09,2.08089529335718e-08,1.11321524972198e-08,1.69201556733129e-08,1.08602629871803e-08,5.89556410798925e-09,2.76195956598497e-09,8.74534317845899e-09,4.77260920787887e-09,7.1220429309784e-09,4.30679183179303e-09,2.27766416934103e-09,3.51635866318786e-09,3.62290915027183e-09,2.19499044776276e-09,3.31284930296974e-09,1.68827973890858e-09,2.77550940697947e-09,1.36334536988124e-09,1.59288818458764e-09,2.81583926940702e-09,1.84849500267568e-09,2.27817112364121e-09,1.09399200331888e-09,8.32295988074147e-10,2.30858216958891e-09,1.18104974133575e-09,2.3664600091855e-09,9.61874218499062e-10,6.24329612922478e-10,6.22799572248596e-10,9.90142100806813e-10,7.12747168240298e-10,1.07134044672666e-09,1.49351444703781e-09,2.46767694631703e-09,4.28498094336196e-09,2.16960726494516e-09,4.05359505982479e-09,4.15410082223099e-09,3.38685796784192e-09,5.11421015041521e-09,8.38487965481121e-09,4.66529585036654e-09,1.2044793829499e-08,9.67022737442187e-09,3.7897738813357e-09,6.47255586631242e-09,4.22189656655821e-09,9.3817359650363e-09,5.29317479324689e-09,8.19858427770296e-09,5.24702465854444e-09,3.44737936201704e-09,1.59075791152467e-09,4.36575351764188e-09,3.04078140084394e-09,3.00447453329837e-09,2.53947369264643e-09,1.31568954205871e-09,1.43368892870684e-09,2.48633299294657e-09,1.34292992223685e-09,2.30598434569582e-09,1.04455341371551e-09,1.20150861202766e-09,5.68478300408906e-10,1.0703974978408e-09,1.25573251654514e-09,8.74386218660392e-10,9.23334686188033e-10,4.99394409066608e-10,5.04209930372193e-10,9.74722312298727e-10,5.43571566354872e-10,8.78743722602899e-10,5.01382053577438e-10,4.36763364668132e-10,1.87276704492774e-10,4.5567734321015e-10,2.35936087269146e-10,4.11880914468034e-10
4.33924429682126e-09,9.87857022047425e-09,7.26482927986331e-09,5.70771238931935e-09,1.38029231032456e-08,9.17767796929737e-09,1.19317016332659e-08,9.82999972352279e-09,1.64373572737981e-08,1.72504807992462e-08,2.09520856650057e-08,2.98524672632969e-08,7.98353343807324e-09,1.28080597133831e-08,7.10129862862909e-09,1.62893582704622e-08,1.05197271536746e-08,1.2908366878485e-08,1.01441405500596e-08,5.39951349691916e-09,2.65259290217239e-09,8.11560214940205e-09,4.3409811992287e-09,6.64386621337897e-09,3.99276748354801e-09,2.21101808830746e-09,3.59137711403146e-09,3.2666408638694e-09,2.17780845615691e-09,3.13538516978696e-09,1.73432160379513e-09,2.87200996924359e-09,1.37676932178358e-09,1.6349564193548e-09,2.91112807001393e-09,1.85088861063663e-09,2.39844649915666e-09,1.09865808530633e-09,9.06112948690748e-10,2.35761887493302e-09,1.26764926682923e-09,2.45616974831406e-09,8.99589425012958e-10,5.31969392768284e-10,6.82081880828131e-10,9.73811956573173e-10,7.6049905616562e-10,1.15254052973878e-09,2.37656824204663e-09,5.09911966047218e-09,4.36136004626252e-09,3.32430738960323e-09,7.28616156586296e-09,5.602822340858e-09,6.49267949632797e-09,4.86304890280956e-09,7.87693740740656e-09,8.43577567504937e-09,1.06612500116858e-08,1.38565609854229e-08,3.66657061966287e-09,6.38559238369138e-09,3.58394001341036e-09,8.21532987104871e-09,5.41095157525015e-09,7.06834590307916e-09,4.97434204876543e-09,2.93734637923003e-09,1.23108756035448e-09,4.27083940235974e-09,2.64969308306021e-09,2.69963191778284e-09,2.15358814989401e-09,1.04727417115418e-09,1.49554435183243e-09,2.08592988783785e-09,1.1627808341709e-09,1.98545871308438e-09,8.19366642292486e-10,1.20408465498878e-09,6.73297341043395e-10,8.8119465963197e-10,1.14892475944573e-09,7.15172535166521e-10,8.9395319736139e-10,5.31698059082833e-10,3.24967963575493e-10,8.7715146499303e-10,3.60122934109984e-10,8.37402397227244e-10,4.5384593662303e-10,2.63101437793199e-10,1.49803697401195e-10,3.54481724365914e-10,1.40611527886239e-10,4.3345987681311e-10
2.10604039748564e-09,3.83418077813937e-09,1.10041132095415e-08,3.46025339092142e-09,8.50583356421045e-09,8.03392554203335e-09,4.8151630695362e-09,1.392900360583e-08,6.07410057107664e-09,1.07203547616047e-08,1.11532353567835e-08,7.98353343807324e-09,1.86610494663101e-08,7.57253925358525e-09,4.95158750306868e-09,1.47156976994196e-08,7.50356470181993e-09,1.39731392797059e-08,6.05449246110164e-09,3.77075229186022e-09,4.70391507348905e-09,5.80302193379164e-09,3.60826386706099e-09,5.3179650765481e-09,2.86781114793432e-09,3.83183356723655e-09,1.6396434914756e-09,2.71961758967373e-09,4.32830269949773e-09,2.91714471843627e-09,3.18134702757078e-09,1.22715835356672e-09,1.04175891052905e-09,3.59571645992516e-09,1.39378395411651e-09,3.65937494855918e-09,9.84193387076081e-10,8.00152890046269e-10,8.13109535602559e-10,1.06001494253196e-09,9.81529734508359e-10,1.21079719387394e-09,6.2183386428483e-10,6.58308791420686e-10,6.55105119624591e-10,7.57963103726636e-10,8.210499710261e-10,9.45512150740525e-10,1.07070816407692e-09,2.27641725572988e-09,4.60668270215952e-09,2.20345303606397e-09,4.72628799474115e-09,4.83348785322342e-09,2.9928361559153e-09,5.58082942250554e-09,2.49270291781243e-09,5.40656151580776e-09,4.84472815107959e-09,3.9604072340651e-09,7.48668525029539e-09,2.96324334978281e-09,2.67357362897532e-09,5.57198999701471e-09,3.8897169711688e-09,6.46955802553654e-09,2.59845044539869e-09,1.97046507253175e-09,2.46323039419903e-09,2.93199129712264e-09,2.279600181258e-09,2.73724475981306e-09,1.55634719712996e-09,1.88555562414345e-09,7.69692671231068e-10,1.89977658082068e-09,2.11606525684125e-09,2.39528466301988e-09,1.51487664479541e-09,6.34111330470823e-10,8.49195380100078e-10,1.67697149984655e-09,8.96626613263233e-10,1.75916426597259e-09,5.25178864082316e-10,6.24298440480146e-10,4.36528306804401e-10,6.7751277113191e-10,7.69373941715754e-10,7.87395829974855e-10,5.241544670676e-10,3.62038237551086e-10,2.49239761664943e-10,6.43790587758347e-10,3.013678929474e-10,5.44722103071647e-10
3.48473669584503e-09,2.74707910750011e-09,4.82551623474581e-09,2.42341042043419e-09,4.70266989758694e-09,4.12868271793265e-09,3.2026707875008e-09,6.06932364651557e-09,1.73997340862404e-08,5.79018224196828e-09,1.35853074161645e-08,1.28080597133831e-08,7.57253925358525e-09,2.00801473690761e-08,9.46246139822187e-09,1.58395085751674e-08,1.67932981426023e-08,1.26133613371435e-08,1.59593140867599e-08,7.30249427312935e-09,3.06493050541609e-09,1.3276007444346e-08,5.74782182419001e-09,1.13281496768254e-08,5.10595943917983e-09,2.29266608845608e-09,3.23742051386347e-09,4.09184051758701e-09,2.53531090869303e-09,4.21694292826233e-09,1.61483844434515e-09,2.63444204795003e-09,1.53120006480342e-09,1.79939623355388e-09,2.94030786271663e-09,2.09770075875201e-09,2.29597933474401e-09,1.24140633219627e-09,8.72812751243747e-10,2.47399890877047e-09,1.22030312290535e-09,2.460325200724e-09,9.95751869228219e-10,6.66493919655468e-10,6.97851301820555e-10,9.20157394125152e-10,8.60534291628832e-10,1.103389099278e-09,2.07247092702995e-09,1.73669318410575e-09,2.04472599137284e-09,1.36721663330073e-09,2.59207474053193e-09,2.4118967595995e-09,2.0344787852418e-09,2.69695089373675e-09,9.45418860775645e-09,3.26515852417189e-09,7.45713572170303e-09,7.35751495596695e-09,3.57661450353591e-09,9.8728134294329e-09,4.99857836077607e-09,8.45961664143079e-09,8.61564166325563e-09,7.26616148767189e-09,7.98346941418045e-09,3.83527114437479e-09,1.70744826833869e-09,6.83451917483151e-09,3.02161714030902e-09,4.99314108011382e-09,2.94306797639122e-09,1.25756736957381e-09,1.59619929833172e-09,2.68880640443557e-09,1.63021363744203e-09,2.7441162711625e-09,8.70520926626796e-10,1.27389553787308e-09,1.19830647506422e-09,1.18622032556381e-09,1.76655501508617e-09,1.48235194931692e-09,1.02422513731924e-09,1.09397088579045e-09,7.04710020860797e-10,1.46238580690122e-09,9.25383167503397e-10,1.24186084377242e-09,8.97787683656853e-10,6.01596586820446e-10,4.86934140051166e-10,6.86814624499649e-10,6.56551241257247e-10,7.89739121026202e-10
2.22794836735123e-09,4.96581077552051e-09,3.57679913077563e-09,5.6084771465038e-09,3.63841137641138e-09,3.8988540389938e-09,5.3724500696407e-09,4.16462636705215e-09,8.47118254902797e-09,4.0441876143716e-09,7.66069013229861e-09,7.10129862862909e-09,4.95158750306868e-09,9.46246139822187e-09,2.91208287959931e-08,8.57595658050903e-09,2.30303366709463e-08,2.19218845129023e-08,7.30529383576945e-09,2.23998737309484e-08,7.74400551627335e-09,1.74483298965747e-08,1.56883195418414e-08,1.14636485369566e-08,1.7221627861003e-08,5.84705458701459e-09,3.04106233333509e-09,1.18140850681346e-08,5.2318576554103e-09,1.08161144402171e-08,4.32235288985138e-09,2.30764642879076e-09,3.72712749714539e-09,3.8854163477114e-09,2.42685325672446e-09,3.91590120027443e-09,2.0190130354656e-09,3.29137809544519e-09,1.40654241112427e-09,1.98947430385489e-09,3.32780464513746e-09,2.20570407443328e-09,2.92697580238399e-09,1.25732789218022e-09,1.01996967103374e-09,3.02396324145312e-09,1.47652979273202e-09,3.3267115995458e-09,1.66929346370203e-09,2.75811133643676e-09,1.60421009691119e-09,2.33037866747728e-09,2.35006250350955e-09,2.18347345597103e-09,3.18122517969069e-09,1.39005585895097e-09,4.87318896956108e-09,2.34568939299853e-09,3.85420006509245e-09,4.51931131944642e-09,1.56971084992174e-09,4.74440764250436e-09,1.57635215173324e-08,4.00638233757687e-09,1.20135856620206e-08,1.18275747876128e-08,4.03077604642484e-09,1.21438231976425e-08,4.8030232286442e-09,9.47058614060203e-09,8.31134391514517e-09,5.55388541981645e-09,9.41226666142844e-09,4.01002046991788e-09,1.38345142129999e-09,6.62802828331227e-09,3.60670801880194e-09,5.56556666556489e-09,3.05892723308669e-09,1.06456750074641e-09,1.70444924421023e-09,2.70954123847001e-09,1.46261283720983e-09,2.91533137943832e-09,8.45329827147259e-10,1.67237874561919e-09,1.1315029864779e-09,1.22610832958640e-09,1.91151082781713e-09,1.33635220991988e-09,1.39087955390139e-09,1.17351325236689e-09,7.31317317805001e-10,1.75259958330125e-09,1.13104660222478e-09,1.911370012545e-09
2.19513573763525e-09,3.43567774095409e-09,8.20590681622942e-09,2.90706578286709e-09,5.67533076817696e-09,5.05457926639341e-09,4.43155693705603e-09,1.11498960174233e-08,1.35877507329256e-08,7.90826748725635e-09,2.08089529335718e-08,1.62893582704622e-08,1.47156976994196e-08,1.58395085751674e-08,8.57595658050903e-09,2.56992194879764e-08,1.26242311291682e-08,2.07211967286768e-08,1.24779485443715e-08,6.46866132884227e-09,3.4365620533889e-09,9.77342429789098e-09,5.39396064353629e-09,8.18773288431531e-09,4.76240715719763e-09,2.61279689339834e-09,3.8160901143213e-09,4.03611478242809e-09,2.64871440160317e-09,3.86584785836046e-09,1.96096682919525e-09,3.0383285589385e-09,1.55888124367404e-09,1.96803290327187e-09,3.2361319838238e-09,2.17384158607478e-09,2.5255282617903e-09,1.20748523944594e-09,9.38445847532136e-10,2.60699038108391e-09,1.31640663342623e-09,2.61395060786818e-09,9.9459764821419e-10,7.16480523482947e-10,7.67559636520738e-10,1.05548534184156e-09,9.0284003123048e-10,1.21966787036511e-09,1.04882025009172e-09,2.13078100602595e-09,3.18620397200756e-09,1.96165964600408e-09,3.07747397704411e-09,3.08085943441951e-09,2.87121579178221e-09,3.79001713951958e-09,6.47481184211995e-09,3.54896962740195e-09,9.38215229412861e-09,7.8230925973238e-09,5.46963596358265e-09,6.99149875565127e-09,4.65894437660778e-09,1.03773799958403e-08,6.33039187623707e-09,9.36311102575607e-09,5.85251761837401e-09,3.56563368772235e-09,2.45161296004166e-09,5.11605156066003e-09,3.40209892422804e-09,4.22623903804153e-09,2.67408875850489e-09,1.56642850332695e-09,1.61210459294269e-09,2.84190205557644e-09,1.51283095785731e-09,2.69647242103296e-09,1.26419313913989e-09,1.33421324322795e-09,8.87796383034624e-10,1.22508733424619e-09,1.51013499998794e-09,1.1908039148508e-09,1.08646255520404e-09,6.55141852809202e-10,6.23143568475363e-10,1.18409147134378e-09,6.84282047969455e-10,1.04102049381361e-09,5.61385970680371e-10,6.02523220975997e-10,3.78757388705564e-10,6.39770411469834e-10,3.70340870771031e-10,5.76884614982626e-10
4.17613002581046e-09,3.01399243253373e-09,5.06589740975261e-09,2.78374874556182e-09,5.19988666411422e-09,4.63710544984963e-09,3.53546365297679e-09,6.16958355617134e-09,1.49417984175512e-08,6.15938309230226e-09,1.11321524972198e-08,1.05197271536746e-08,7.50356470181993e-09,1.67932981426023e-08,2.30303366709463e-08,1.26242311291682e-08,3.47449137157116e-08,2.8571846038623e-08,1.32786528511784e-08,1.74476662442387e-08,7.48438564192238e-09,2.65940558676918e-08,1.12035754014227e-08,1.8965627963374e-08,1.31221212568223e-08,5.55952956900152e-09,3.24103202549834e-09,8.10164541330794e-09,5.19508636233547e-09,7.5863082917234e-09,3.70969259598067e-09,2.36493293586057e-09,3.82278505950238e-09,3.46455998096964e-09,2.50996867235725e-09,3.46875580972387e-09,1.99420746383982e-09,3.4012369235155e-09,1.39328083000062e-09,2.06596655607074e-09,3.25490331390724e-09,2.22192858567824e-09,2.91455320628328e-09,1.1720698928514e-09,9.90367894824456e-10,2.82377004176266e-09,1.42567012933429e-09,3.14667814109913e-09,2.52539010562081e-09,1.80826891057693e-09,1.93088136420415e-09,1.44583104176064e-09,2.66613771663723e-09,2.27509272223852e-09,2.16953232000326e-09,2.47972124965039e-09,8.17513552127635e-09,3.50740313359566e-09,6.36535613995431e-09,6.31805873843693e-09,2.79450047374373e-09,8.79998534986617e-09,1.39491358293214e-08,6.99790289326964e-09,1.90406958646056e-08,1.63978453301778e-08,7.08582841157357e-09,1.05056583300259e-08,4.51217174256462e-09,1.45017040685263e-08,6.37185774128832e-09,9.12170160383836e-09,8.63766729639703e-09,3.72414719253706e-09,1.66296532461356e-09,5.44494012180845e-09,3.85271903515125e-09,5.55888454120472e-09,2.53316386566717e-09,1.22162031600413e-09,2.13517755249245e-09,2.48932481585661e-09,1.51647938510014e-09,2.63182081915912e-09,9.83692704787604e-10,2.08323631601112e-09,1.03917675534742e-09,1.36872524874166e-09,2.20853699103125e-09,1.44771976277111e-09,1.64254310020221e-09,9.84277937546217e-10,7.55461046920639e-10,1.82778945890466e-09,1.09254429414303e-09,2.23773093315515e-09
2.52695627685387e-09,3.54427071241753e-09,8.08573273966229e-09,3.01088960600378e-09,5.85010603722537e-09,5.20199342814298e-09,4.58772965046599e-09,1.07305799149744e-08,1.10880268915111e-08,7.77295281677811e-09,1.69201556733129e-08,1.2908366878485e-08,1.39731392797059e-08,1.26133613371435e-08,2.19218845129023e-08,2.07211967286768e-08,2.8571846038623e-08,3.95425192849651e-08,9.8090602443326e-09,1.63095546792764e-08,7.53490895795399e-09,2.13620542697203e-08,1.03846763325262e-08,1.45226572651718e-08,1.26018113514289e-08,5.68539829270992e-09,3.17611999168611e-09,7.74279919623554e-09,5.01792118185837e-09,6.7759010059387e-09,4.04717250382232e-09,2.35787808622363e-09,4.03074878025214e-09,3.5751852594644e-09,2.49564745625736e-09,3.54847540739481e-09,2.08339765773739e-09,3.59479939200286e-09,1.57655144356323e-09,2.11614640829988e-09,3.52765178488377e-09,2.37504507972583e-09,3.08876909337782e-09,1.39058007541686e-09,1.14544212166993e-09,3.11480209358214e-09,1.65156159594382e-09,3.44201204796832e-09,1.3239650760197e-09,1.88635483902503e-09,2.91861050714469e-09,1.8019234820666e-09,2.88685140428177e-09,2.80224771924538e-09,2.47564639079331e-09,3.58566883422147e-09,4.91560516420118e-09,3.39586137135991e-09,7.87349620240375e-09,6.95937090949893e-09,4.85307177917579e-09,5.70627639765707e-09,1.27236995982405e-08,8.63033065017588e-09,1.50644643459985e-08,1.93940561407521e-08,4.8509423447896e-09,9.53261765080218e-09,5.27956483456275e-09,1.151934824873e-08,6.42928719099380e-09,7.53571814390901e-09,7.82867212258884e-09,4.1407050458304e-09,1.69393107947879e-09,5.17905586407064e-09,3.60304388256655e-09,4.95519599353997e-09,3.11815359749445e-09,1.31812633433462e-09,1.84415613360362e-09,2.55311166024715e-09,1.67755893763648e-09,2.61828149885212e-09,1.16070586185155e-09,1.71830328292873e-09,1.21111257742628e-09,1.48180130693431e-09,1.96255967101981e-09,1.64365947678374e-09,1.35167963315661e-09,1.23617616012926e-09,6.81869123547473e-10,1.71555007968592e-09,8.46976799099988e-10,1.83414186050281e-09
2.89769240401833e-09,2.18436407717423e-09,3.84061599819377e-09,1.99049565882233e-09,3.63338744713541e-09,3.29433700254286e-09,2.55075278810718e-09,4.91339384422899e-09,1.39585464700383e-08,4.55617606981161e-09,1.08602629871803e-08,1.01441405500596e-08,6.05449246110164e-09,1.59593140867599e-08,7.30529383576945e-09,1.24779485443715e-08,1.32786528511784e-08,9.8090602443326e-09,1.83626941414811e-08,8.17878399872486e-09,3.48375477760833e-09,1.5063629119487e-08,6.53766002523757e-09,1.28002236485527e-08,5.76779388810106e-09,2.56011302072258e-09,3.8495678562223e-09,4.61311349599316e-09,2.9304161764298e-09,4.97190923533873e-09,1.84932683023649e-09,3.1018088533448e-09,1.90586363301158e-09,2.15007634362561e-09,3.48456882907517e-09,2.49119820968847e-09,2.74532691230914e-09,1.61773630413792e-09,1.0637797210562e-09,3.01397523891346e-09,1.61498421260192e-09,3.02125442578049e-09,1.20848679227117e-09,7.98410249639697e-10,8.39072510525769e-10,1.13785451497246e-09,9.60007934582084e-10,1.30878389224058e-09,1.65456523292049e-09,1.37734574026913e-09,1.37577296347321e-09,1.11477960328464e-09,1.87077894845343e-09,1.93257253393125e-09,1.70785985713268e-09,2.083568993997e-09,7.53843948696021e-09,2.55816644213536e-09,5.85812434831157e-09,5.77304835225919e-09,2.97535629766437e-09,7.98450894362883e-09,3.83778987515934e-09,7.02671736755341e-09,6.83678186221977e-09,5.88886054071384e-09,8.86143024433151e-09,4.45465005204204e-09,1.88851674873116e-09,7.90899466655089e-09,3.28907936649138e-09,5.51764849605704e-09,3.43271335590143e-09,1.32830921727498e-09,1.72233555474625e-09,2.85774777914461e-09,1.56904173238552e-09,2.93401163329989e-09,9.52880759037205e-10,1.37133811412321e-09,1.49106161712762e-09,1.14256401372468e-09,1.85408633296709e-09,1.55401536209932e-09,1.16205705012527e-09,1.42229422190149e-09,8.56483096587499e-10,1.58366163127699e-09,1.35124008604771e-09,1.38171527333807e-09,1.02415020424482e-09,6.69703049689429e-10,6.45170566647388e-10,8.29678488681236e-10,8.28277603026111e-10,1.00757728587179e-09
