2.87877568076105e-08,1.33897248393708e-08,5.91510702232369e-09,2.54416328032348e-08,1.31406049712601e-08,2.46705867394141e-08,1.15828232487408e-08,5.00838270130113e-09,4.92973487939305e-09,1.13181867777816e-08,5.6422052441662e-09,1.15239170395357e-08,4.29584967730494e-09,4.32854970146670e-09,3.60837719086639e-09,4.78152308966517e-09,5.25458656899588e-09,5.38657994507625e-09,3.72872106655883e-09,3.03664767629448e-09,2.603280895908e-09,4.40529952528983e-09,3.52951031008557e-09,4.89125631190674e-09,2.82927037122717e-09,2.4446299460613e-09,2.23744970010029e-09,3.27152985678364e-09,3.14548842033852e-09,3.8523456500672e-09,2.44781152044394e-09,2.18671132350365e-09,2.05459345044426e-09,3.11608141717827e-09,2.67437098835392e-09,3.67319529352667e-09,2.06477272754716e-09,1.8561603639761e-09,1.64615429715768e-09,2.40909950261469e-09,2.24236888580493e-09,2.80560141454712e-09,1.7604257099223e-09,1.5542502725403e-09,1.66100385110647e-09,2.10979728347869e-09,2.08031218819876e-09,2.5804738396017e-09,2.03809898381927e-08,9.45857947658596e-09,4.41125615542767e-09,1.86557124538016e-08,9.27674485040405e-09,1.76248321294425e-08,8.18518957955357e-09,3.71882635474372e-09,3.525191762578e-09,7.96543207058209e-09,3.93748647995164e-09,6.94768587006012e-09,3.06443732539161e-09,3.05032910887457e-09,2.91135858206764e-09,3.09525715102487e-09,4.16975380049046e-09,3.90368944526141e-09,2.71053783676077e-09,2.59586829949556e-09,1.48614994852401e-09,3.76000555794255e-09,2.74445832525077e-09,3.87174925660662e-09,2.42811895800176e-09,1.35083645329102e-09,1.46385356969902e-09,2.54052048234803e-09,1.86858868740849e-09,2.92062923139306e-09,1.35715328067076e-09,1.49963417199327e-09,1.43918712225608e-09,1.89615153248098e-09,1.66691238551736e-09,2.14844610494125e-09,1.44527385151034e-09,1.45172784186237e-09,1.11923836626803e-09,1.58273288461924e-09,1.70229028685424e-09,1.85188023394995e-09,1.37055466817514e-09,1.03645753705314e-09,1.14939542206021e-09,1.54671075137087e-09,1.61390087449227e-09,2.10903251055705e-09
1.33897248393708e-08,3.32328950374296e-08,1.43996870100698e-08,2.63838455466158e-08,2.83763648884567e-08,2.25228761832712e-08,2.84575584118807e-08,1.19976777948801e-08,6.52435040344907e-09,2.42377004503605e-08,1.23868225510127e-08,2.38293142861227e-08,9.78452531368255e-09,5.34038168243761e-09,5.39049348460529e-09,9.89014991074904e-09,6.24140694355351e-09,1.05167732997897e-08,4.58975170911293e-09,4.73391708262565e-09,3.36419291260845e-09,5.22517091160053e-09,5.44494346182789e-09,5.67040307697159e-09,4.38412583572895e-09,3.02960645792396e-09,2.4319221241181e-09,4.88783183092036e-09,3.49430475903802e-09,5.36740863914378e-09,2.93306104967421e-09,2.31094408691678e-09,2.02452503676094e-09,3.32021675892751e-09,2.84218467448876e-09,3.84524061621084e-09,2.18703950018356e-09,1.94394230662141e-09,1.87700395016084e-09,2.64558905542094e-09,2.56502367162478e-09,3.24821330949612e-09,1.87158939762627e-09,1.65231918187514e-09,1.60668894400222e-09,2.36757245833528e-09,2.1287579566179e-09,2.81599731057192e-09,9.75180465838279e-09,2.37390692456051e-08,1.08327767871622e-08,1.92928514972086e-08,2.04809023004574e-08,1.64731076133451e-08,2.05223380045439e-08,9.01267741873587e-09,4.47219559742568e-09,1.75270547945569e-08,8.97531717639036e-09,1.62322250392007e-08,7.06672396445204e-09,3.38800092953431e-09,4.13758171385579e-09,6.6791055757359e-09,4.37387929013977e-09,7.64285349916931e-09,2.84688730708435e-09,3.76130594564267e-09,2.37894040719927e-09,3.61181509874313e-09,4.2326492401209e-09,4.0136293747987e-09,3.40203808579841e-09,2.1705198410589e-09,1.57635082738291e-09,3.74787849555929e-09,2.29614645296059e-09,3.93388926212525e-09,2.12467067460272e-09,1.58102905745797e-09,1.42648519488055e-09,2.19795663968399e-09,1.86457028742937e-09,2.50910847998955e-09,1.5036580048617e-09,1.3389790983211e-09,1.19180995363875e-09,1.69567811611353e-09,1.8659500930761e-09,2.22773099388998e-09,1.32330914987773e-09,1.14121246632009e-09,1.13018505539838e-09,1.74571180876741e-09,1.53059699142472e-09,2.21947652687254e-09
5.91510702232369e-09,1.43996870100698e-08,3.36414156939774e-08,1.29518310945662e-08,2.85505151856432e-08,2.59442747054692e-08,1.20055118755417e-08,2.70590578904754e-08,1.38733140660852e-08,2.31822448425869e-08,2.41584166255676e-08,2.08680060513521e-08,2.24726970366405e-08,1.1480681087877e-08,6.26319876383277e-09,1.99401898101981e-08,1.22912286407841e-08,2.03678871170847e-08,9.65436524750830e-09,5.29616393702822e-09,4.64023031637684e-09,1.02609984172048e-08,5.43611526494109e-09,9.89464867264205e-09,4.5646128589241e-09,4.18566219352042e-09,2.61708121870679e-09,4.70991745796034e-09,4.42934755817524e-09,4.70804934942722e-09,3.84220534693298e-09,2.45854497529911e-09,2.26140525242953e-09,4.12370123681458e-09,2.96008851865826e-09,4.51293781143848e-09,2.34918038461318e-09,2.16583307034651e-09,2.0981584369625e-09,2.78554163374502e-09,2.80549045939626e-09,3.26863459636688e-09,2.09854735398211e-09,1.73211240770598e-09,1.68308600349441e-09,2.44909764704349e-09,2.04809717900605e-09,2.73530610621106e-09,4.79679092946911e-09,1.00999454380164e-08,2.36722785661659e-08,9.36839477757822e-09,2.01423255638404e-08,1.79508275528299e-08,8.61629246977814e-09,1.95556270810341e-08,8.65524243282561e-09,1.7018938937271e-08,1.69962623051867e-08,1.48696378543964e-08,1.61314340599336e-08,6.93291040189786e-09,3.89386385762047e-09,1.35720307877963e-08,7.81085146168636e-09,1.44001760114648e-08,5.60176785225015e-09,3.33956092872881e-09,3.02289968865695e-09,6.46709589568274e-09,3.98487623031361e-09,6.67035392188093e-09,2.80759387249067e-09,2.78003450340953e-09,2.0155777134699e-09,3.36734742691277e-09,2.83623841801678e-09,3.04733824937335e-09,2.58220442509989e-09,2.0066785040316e-09,1.44630898179653e-09,2.78570023389896e-09,1.8719832096269e-09,2.69717309774262e-09,1.83998954941435e-09,1.29183470401563e-09,1.39256143582818e-09,1.66688989090816e-09,2.01312541243199e-09,2.30428457759882e-09,1.31424617076e-09,1.21254580314616e-09,1.29093255982788e-09,1.85122167001749e-09,1.52452011920024e-09,1.9958118744372e-09
2.54416328032348e-08,2.63838455466158e-08,1.29518310945662e-08,4.15646300207945e-08,2.26137013321348e-08,3.64450271579749e-08,2.25049227439362e-08,1.07952511079529e-08,6.4042329577097e-09,1.92135709813659e-08,1.10507975583086e-08,1.8680312345926e-08,8.97128943347604e-09,5.23873296861592e-09,6.02524664750756e-09,8.9046937842637e-09,6.36079621792256e-09,9.7508448704519e-09,4.32526872291018e-09,5.22106089126664e-09,3.81303023411647e-09,5.09683653180253e-09,5.97919129521583e-09,5.64138431750128e-09,4.93855363935567e-09,3.57585937888485e-09,2.89209254799065e-09,5.5187729880406e-09,4.31298777580253e-09,6.27490707954550e-09,3.54859349753573e-09,2.81062370878617e-09,2.58055794433575e-09,4.23460256332339e-09,3.37732558161637e-09,4.72716065303405e-09,2.60058722141588e-09,2.4026917904004e-09,2.05650021787819e-09,3.06120792204881e-09,3.01448905773764e-09,3.75012368368392e-09,2.29048155917325e-09,1.91924859729688e-09,2.15961276085085e-09,2.80705278384317e-09,2.52555452681465e-09,3.35371173959277e-09,1.77771001710826e-08,1.90431309375857e-08,9.89823886655821e-09,3.01535430473351e-08,1.66264667778688e-08,2.65254080321345e-08,1.65193854084915e-08,8.24210631547561e-09,4.14442500748618e-09,1.41406770752107e-08,7.70592467839521e-09,1.22303628156582e-08,6.39518773107641e-09,3.1257586387741e-09,4.28055842838477e-09,5.74594185889088e-09,4.47265137628059e-09,7.03178792375959e-09,2.55477649908886e-09,4.04469218102439e-09,2.32758995481941e-09,3.72950670930926e-09,4.2789887631125e-09,3.70930378083486e-09,3.73434865276904e-09,2.06203681117339e-09,1.89727407243073e-09,3.88741621314943e-09,2.46601604046516e-09,4.28372571858909e-09,2.07089423072434e-09,1.9258984021577e-09,1.73940043110341e-09,2.47282379028961e-09,2.07907314156056e-09,2.68019549592389e-09,1.78879373555354e-09,1.73485478856014e-09,1.28903024100474e-09,1.99631660447067e-09,2.1565118685327e-09,2.26911615038675e-09,1.6960644100368e-09,1.24199668801603e-09,1.38023838484251e-09,2.01542933865859e-09,1.87630823898662e-09,2.69649900526001e-09
1.31406049712601e-08,2.83763648884567e-08,2.85505151856432e-08,2.26137013321348e-08,4.63302619234586e-08,3.83412864348383e-08,2.4242123883742e-08,2.31767596464617e-08,1.36131863870754e-08,3.86026472374738e-08,2.10668400492522e-08,3.52185968281154e-08,1.90736077171178e-08,1.11877856339045e-08,6.61677379483438e-09,1.71690390479017e-08,1.18694275279241e-08,1.74817117988436e-08,9.37835976463265e-09,5.64106089269189e-09,5.38536131799759e-09,9.9201022368695e-09,5.99958845828198e-09,9.83034851423727e-09,4.86831812064754e-09,4.89938438045561e-09,3.28449753881251e-09,5.21306876742622e-09,5.46765548133158e-09,5.525497621956e-09,4.57338960156567e-09,3.09855532607569e-09,2.61567880661464e-09,5.0910500893413e-09,3.6097136730952e-09,5.55836895821122e-09,3.00464275321319e-09,2.54782498342715e-09,2.58872507536826e-09,3.42353088800058e-09,3.48947233244138e-09,4.21119925038648e-09,2.43576552303601e-09,2.29476718418183e-09,2.26075088423985e-09,3.17227387927058e-09,2.75231928369677e-09,3.67892758573538e-09,9.50228775727004e-09,2.01104929112582e-08,2.0761052706677e-08,1.63138049312505e-08,3.31767409461111e-08,2.75246017559266e-08,1.74045658671108e-08,1.74600751073418e-08,8.53732540944182e-09,2.82553681965295e-08,1.49744075603438e-08,2.41532818141154e-08,1.41767477117215e-08,6.68886861913615e-09,4.46427719951139e-09,1.16868711455233e-08,7.45072136114017e-09,1.27101389002861e-08,5.25765913614893e-09,3.80609418101402e-09,3.63294628213139e-09,6.05967024828855e-09,4.63364446629792e-09,6.72807530279143e-09,3.1448955222701e-09,3.45370634578441e-09,2.07697800248421e-09,3.96127633963763e-09,3.50848751893098e-09,3.72502269311592e-09,3.2750625119644e-09,2.11946522492772e-09,1.66523607360652e-09,3.40657139214129e-09,2.13136076541506e-09,3.34102146394926e-09,2.08268676319942e-09,1.48034342733727e-09,1.62738503690146e-09,1.93842743390145e-09,2.42429031919275e-09,2.80982578174677e-09,1.44398391832727e-09,1.56933503934786e-09,1.55905509820683e-09,2.3090766768456e-09,1.91211818597723e-09,2.56385923266457e-09
2.46705867394141e-08,2.25228761832712e-08,2.59442747054692e-08,3.64450271579749e-08,3.83412864348383e-08,5.55313642167783e-08,1.91652569212593e-08,2.10411781820436e-08,1.26071270419639e-08,3.18392294986233e-08,1.86227226962152e-08,2.83017547199952e-08,1.755928079451e-08,1.03758228126333e-08,6.75330073560988e-09,1.53156768179827e-08,1.12048661701761e-08,1.58617795716568e-08,8.53062487660757e-09,5.81718928338677e-09,5.95272877221078e-09,9.19951785602851e-09,6.26875968251964e-09,9.33076722901002e-09,5.08708753028952e-09,5.54084790645724e-09,3.65540052877895e-09,5.5551371861494e-09,6.28501182247581e-09,6.11686958244357e-09,5.31060976337836e-09,3.52983359501355e-09,3.13864904818946e-09,6.03830487115327e-09,4.02788927560384e-09,6.51227958141724e-09,3.44049064899259e-09,3.05810498584064e-09,2.92866570320772e-09,3.89568069178366e-09,3.95873705380148e-09,4.76655647053456e-09,2.9040583525931e-09,2.70382291261618e-09,3.02271882936383e-09,3.63539435691129e-09,3.35613909017429e-09,4.30554820598994e-09,1.75316032800913e-08,1.62296405969185e-08,1.91159131393651e-08,2.67689080484838e-08,2.80066358191716e-08,3.97701320565336e-08,1.41041597363517e-08,1.58914893946222e-08,7.60061185795883e-09,2.37581736050572e-08,1.27700124026093e-08,1.87825472750956e-08,1.29098231808512e-08,6.00025416078343e-09,4.47947524946822e-09,1.00639567926705e-08,7.08744084773999e-09,1.11519739069772e-08,4.56033279621935e-09,3.87679284193777e-09,3.77171904286717e-09,5.69029684275086e-09,4.63316342577954e-09,6.13822194253313e-09,3.3028981143087e-09,3.53176500003912e-09,2.34541583360888e-09,3.98968542450205e-09,3.89642855316512e-09,4.03806263000168e-09,3.41573679450817e-09,2.4063588680687e-09,1.99762592870946e-09,3.91905666050671e-09,2.28596601637477e-09,3.74711166742117e-09,2.42057333422111e-09,1.88375947080787e-09,1.93662542203305e-09,2.27404581257274e-09,2.75873166290968e-09,2.9785375107195e-09,1.90025788817589e-09,1.86230344111974e-09,2.00000833103694e-09,2.67671226104624e-09,2.44712896106604e-09,3.22432106536055e-09
1.15828232487408e-08,2.84575584118807e-08,1.20055118755417e-08,2.25049227439362e-08,2.4242123883742e-08,1.91652569212593e-08,3.48082592698858e-08,1.43328994695349e-08,7.70105350169134e-09,3.02771451019949e-08,1.4958422562282e-08,3.00564145917718e-08,1.14781367837664e-08,6.11151853504174e-09,6.19639530336428e-09,1.16548695345933e-08,7.14822293694876e-09,1.23421662453365e-08,5.14223321970674e-09,5.37323973148441e-09,3.79604825425402e-09,5.93242876954813e-09,5.97164205675787e-09,6.40100040445137e-09,4.97036524752468e-09,3.41916732174522e-09,2.82369766599349e-09,5.37230846639768e-09,4.07872853057235e-09,5.9801507968045e-09,3.2931946919482e-09,2.67742429762949e-09,2.34528502609855e-09,3.86574358052549e-09,3.21328172402125e-09,4.33239007664007e-09,2.36643517004236e-09,2.08457184546342e-09,2.04270810789481e-09,2.82998216271243e-09,2.71268234325793e-09,3.42628615933124e-09,1.91087655519973e-09,1.73296951257504e-09,1.64037708292347e-09,2.45003506420205e-09,2.13979818048582e-09,2.84128461868167e-09,8.5733227007381e-09,2.05212710592875e-08,9.01374275041034e-09,1.68679534609156e-08,1.75270073692834e-08,1.41701083360372e-08,2.58255094247919e-08,1.07752734767738e-08,5.16724294785603e-09,2.12452263855747e-08,1.08770634861231e-08,2.02528385056802e-08,8.34520074599213e-09,3.73765542884085e-09,4.68971669333493e-09,8.05810328246024e-09,4.7008984945988e-09,9.05532072765799e-09,3.08456033997761e-09,4.08866284513975e-09,2.65649772073582e-09,3.78963018482473e-09,4.84752520700376e-09,4.42708477635656e-09,3.75227695210744e-09,2.3955043722658e-09,1.87407918941708e-09,4.29749667672169e-09,2.75617512392712e-09,4.48973756266548e-09,2.34785848780528e-09,1.87127761774542e-09,1.64242879801344e-09,2.60667805327353e-09,2.1920691519817e-09,2.93754946660251e-09,1.68698213558277e-09,1.45744502938489e-09,1.25906679412248e-09,1.95898842574206e-09,1.9288186096552e-09,2.48902096698531e-09,1.37757003045337e-09,1.1828303901972e-09,1.1872780841707e-09,1.81627981742471e-09,1.53813166578561e-09,2.26517424843982e-09
5.00838270130113e-09,1.19976777948801e-08,2.70590578904754e-08,1.07952511079529e-08,2.31767596464617e-08,2.10411781820436e-08,1.43328994695349e-08,3.17863938708961e-08,1.60489120107985e-08,2.76401605133607e-08,2.850431980044e-08,2.52047712546879e-08,2.59678829766994e-08,1.30747567891714e-08,6.96036157061574e-09,2.31042974013244e-08,1.37557934390441e-08,2.33345875948029e-08,1.0918121869264e-08,5.80942002980254e-09,4.89903997567016e-09,1.13563183122233e-08,5.86680563946055e-09,1.09494567484238e-08,5.04659409284826e-09,4.41471920398244e-09,2.83772503678025e-09,5.10149533352414e-09,4.81521590186519e-09,5.24522298773282e-09,4.07169057734141e-09,2.66647924685873e-09,2.51227197488252e-09,4.49407462996217e-09,3.25122794456971e-09,4.99597931448807e-09,2.43615726714186e-09,2.23601539392926e-09,2.15829672334029e-09,2.90161039634545e-09,2.93266291819275e-09,3.36670443162226e-09,2.05956618020738e-09,1.85274105764733e-09,1.75733511656622e-09,2.62488600248398e-09,2.19290229708196e-09,2.93038932174937e-09,4.19890266984547e-09,8.6091160752575e-09,1.9551802613413e-08,8.14955066293392e-09,1.70122825525479e-08,1.53735416668521e-08,1.07891403110015e-08,2.31001765791281e-08,9.62288477549682e-09,2.01336754226018e-08,2.03028327797014e-08,1.78201516707353e-08,1.876832289517e-08,7.74792594191763e-09,4.26490390854115e-09,1.62083487655143e-08,8.50950244773239e-09,1.68766622713406e-08,6.28186502807232e-09,3.53142136248541e-09,3.2746351185626e-09,6.91191653870448e-09,4.28160457090705e-09,7.08049987092218e-09,2.98784659307487e-09,2.98810458306212e-09,2.24391778171369e-09,3.61160956147628e-09,3.22215898405193e-09,3.39234981422165e-09,2.77820950034838e-09,2.21266398375998e-09,1.43660548585842e-09,3.10888231490688e-09,2.05576452843102e-09,2.95709614862663e-09,1.98919022176996e-09,1.27680146983827e-09,1.37135374235516e-09,1.8609818760136e-09,2.04989304039208e-09,2.54500668960876e-09,1.18744252920685e-09,1.33857272820301e-09,1.39429499636573e-09,2.01613973735575e-09,1.85707120698295e-09,2.27441220631447e-09
4.92973487939305e-09,6.52435040344907e-09,1.38733140660852e-08,6.4042329577097e-09,1.36131863870754e-08,1.26071270419639e-08,7.70105350169134e-09,1.60489120107985e-08,3.58524954993489e-08,1.58997774945781e-08,3.17138827929149e-08,3.03714397246111e-08,1.3081102246771e-08,2.95138918442526e-08,1.55855279691938e-08,2.5754847851123e-08,2.75360121519048e-08,2.43123653144415e-08,2.45296723579811e-08,1.28187080507545e-08,5.52061302666289e-09,2.27168170638593e-08,1.1482697127522e-08,2.05072034008785e-08,1.08463412599132e-08,4.6689781851873e-09,3.59275955861389e-09,9.73146862317877e-09,4.79049644315096e-09,9.50371841766957e-09,4.17728928084629e-09,3.3838301999906e-09,3.01289026987101e-09,4.19324736524419e-09,4.32428630106687e-09,4.84182121875434e-09,3.01339392357856e-09,2.57887713359668e-09,2.45539537580417e-09,3.72704922353743e-09,3.24906087838623e-09,4.30661231983888e-09,2.3312285915084e-09,2.00295738912398e-09,1.95658802085513e-09,2.83380979841411e-09,2.41868922691592e-09,3.32924830034539e-09,3.56084745379627e-09,5.12557048365056e-09,1.05485911393117e-08,5.11378316949578e-09,1.06507716337485e-08,9.05406509426766e-09,5.96822950562273e-09,1.19956637280374e-08,2.31579953696208e-08,1.22268234544326e-08,2.24685634711046e-08,2.2303553606999e-08,9.89869995261287e-09,1.95157124615723e-08,9.97272958118596e-09,1.84652469284258e-08,1.81733404541494e-08,1.77828524377781e-08,1.54297716973872e-08,7.71681448831583e-09,3.24030734523998e-09,1.43718161111756e-08,7.15008498984763e-09,1.28465491372054e-08,6.34073354417192e-09,2.84061689372443e-09,2.60568006434184e-09,6.04070790784475e-09,3.16174693326289e-09,5.89643679032326e-09,2.47927971661049e-09,2.5022837476183e-09,1.62011345907398e-09,2.81539550414611e-09,2.75666477659324e-09,2.88939072829318e-09,2.27444066429593e-09,1.50988727605234e-09,1.48591031943146e-09,2.40398055093939e-09,2.19538211030885e-09,3.13540135370022e-09,1.38358043536878e-09,1.26275910431448e-09,1.35519601005284e-09,2.09091273871843e-09,1.77916923272173e-09,2.36089578576075e-09
1.13181867777816e-08,2.42377004503605e-08,2.31822448425869e-08,1.92135709813659e-08,3.86026472374738e-08,3.18392294986233e-08,3.02771451019949e-08,2.76401605133607e-08,1.58997774945781e-08,4.74908392211592e-08,2.55794716834367e-08,4.39789491138681e-08,2.24758993849241e-08,1.28316477501792e-08,7.63846856806452e-09,2.04040743648436e-08,1.35854486600524e-08,2.06657494364186e-08,1.0643809523996e-08,6.39824293060434e-09,5.79613993429929e-09,1.12089716497849e-08,6.64233914775167e-09,1.10457137485551e-08,5.57997569206944e-09,5.24487448702972e-09,3.71622249426751e-09,5.78172559082536e-09,6.1206058157532e-09,6.35864127619633e-09,4.89157007908156e-09,3.51425901001214e-09,3.06657950876678e-09,5.69257069339570e-09,4.10314193873389e-09,6.24067026884815e-09,3.18478724397882e-09,2.71930656931623e-09,2.74774459286194e-09,3.65679070641013e-09,3.68029628038057e-09,4.36186202637095e-09,2.48907394130974e-09,2.39838028732176e-09,2.28262562126754e-09,3.34091308027506e-09,2.86163657302584e-09,3.8425633776752e-09,8.38113214983994e-09,1.73997667453396e-08,1.74586615752318e-08,1.41936298940359e-08,2.82515765312929e-08,2.34937575177454e-08,2.24575031185095e-08,2.07175569016759e-08,9.73850444480871e-09,3.37430447141309e-08,1.84376033431702e-08,3.01923805613897e-08,1.66510116001434e-08,7.53962319683636e-09,5.00867394354969e-09,1.42299274785454e-08,8.19746582285911e-09,1.52227439755613e-08,5.914951154745e-09,4.04717346879782e-09,3.79941957986826e-09,6.49295043526532e-09,5.14742110285022e-09,7.34974663485553e-09,3.45840881543912e-09,3.56043689152326e-09,2.53317006390824e-09,4.378328884977e-09,4.19983330592312e-09,4.41060886138066e-09,3.37853250025657e-09,2.56133738811722e-09,1.89364164823453e-09,3.98062712276563e-09,2.53634139243409e-09,3.88464734295815e-09,2.31930479732615e-09,1.60634912184737e-09,1.69271616259032e-09,2.23337146392202e-09,2.52393391047944e-09,3.10335478897817e-09,1.42644088026948e-09,1.69728079959539e-09,1.70958330091467e-09,2.44886345437997e-09,2.17431893975035e-09,2.83690573855516e-09
5.6422052441662e-09,1.23868225510127e-08,2.41584166255676e-08,1.10507975583086e-08,2.10668400492522e-08,1.86227226962152e-08,1.4958422562282e-08,2.850431980044e-08,3.17138827929149e-08,2.55794716834367e-08,4.77092982817917e-08,4.2630148953077e-08,2.31090029346155e-08,2.57507088402913e-08,1.4742235546271e-08,3.84925923865372e-08,2.4478785547895e-08,3.63745033256974e-08,2.1501429895136e-08,1.21298785094452e-08,5.80480370346117e-09,2.02831783407781e-08,1.10225398746136e-08,1.83220498723234e-08,1.02691922820573e-08,4.97388042409612e-09,4.22249582897835e-09,9.38096597906281e-09,5.25783669351349e-09,9.1890076343009e-09,4.46123374714613e-09,4.01404145563729e-09,3.54224951780968e-09,4.68026652281579e-09,5.02906711714569e-09,5.44900011835209e-09,3.58507893629175e-09,3.12727939294535e-09,2.75532168730763e-09,4.42357152688416e-09,3.80224880917411e-09,4.85114401390438e-09,2.84524096302275e-09,2.26110425016662e-09,2.0999408380292e-09,3.38814878981325e-09,2.64976009487678e-09,3.76225920717481e-09,4.68656589764251e-09,9.10038380799236e-09,1.77980614188163e-08,8.66272407195650e-09,1.59585060582143e-08,1.36978576067617e-08,1.123254093064e-08,2.11696325914584e-08,2.05348843744539e-08,1.9049611506399e-08,3.3537198726331e-08,3.05760935624596e-08,1.70459412342376e-08,1.69313224628057e-08,9.5498657192109e-09,2.70834102556224e-08,1.61322713736013e-08,2.61474550971523e-08,1.34862783117919e-08,7.51109185816702e-09,3.41498519288607e-09,1.27386950170126e-08,7.30257482417507e-09,1.15826734489957e-08,6.12444605299790e-09,2.94420038771985e-09,3.1441328411419e-09,6.08432807793499e-09,3.39700216393952e-09,5.70948246152067e-09,2.62092460892668e-09,3.07289489701584e-09,2.03995828530466e-09,3.14597573548301e-09,3.11625243334349e-09,3.26854302598462e-09,2.79395208731219e-09,1.81995606828941e-09,1.72886158903146e-09,2.77933507597706e-09,2.46725852496577e-09,3.41774937307123e-09,1.75525517758833e-09,1.51471660630476e-09,1.53355447324062e-09,2.48724124912985e-09,2.06588794184111e-09,2.70459021141727e-09
1.15239170395357e-08,2.38293142861227e-08,2.08680060513521e-08,1.8680312345926e-08,3.52185968281154e-08,2.83017547199952e-08,3.00564145917718e-08,2.52047712546879e-08,3.03714397246111e-08,4.39789491138681e-08,4.2630148953077e-08,6.60760054670712e-08,2.01515361534023e-08,2.43823809149005e-08,1.4755203542058e-08,3.39209321707469e-08,2.3199221994322e-08,3.20743792188048e-08,2.00986007792124e-08,1.1961001059016e-08,6.08966796441921e-09,1.90604165904009e-08,1.10341543885109e-08,1.73410307084199e-08,9.98165127024914e-09,5.206753840046e-09,4.87187491522315e-09,9.21828395061355e-09,5.72532972062258e-09,9.29253121637621e-09,4.69741288793273e-09,4.62921903598997e-09,3.88883273781337e-09,5.0387123545395e-09,5.64245000983226e-09,5.79358947953086e-09,4.21593077546403e-09,3.45979269796915e-09,3.1734298646636e-09,5.0199247665221e-09,4.3111315842619e-09,5.59901320142167e-09,3.18709377775147e-09,2.62214068375541e-09,2.37813755612321e-09,3.89894497343982e-09,3.0912183285914e-09,4.43631896225884e-09,8.64929715589226e-09,1.69600025466431e-08,1.60654957325485e-08,1.39758042269973e-08,2.6203528515101e-08,2.10185325863493e-08,2.20835869726128e-08,1.92468893869536e-08,1.96750570287961e-08,3.14965827614831e-08,3.04098958747275e-08,4.60219149262783e-08,1.52640193135192e-08,1.5749252595024e-08,9.75363395955159e-09,2.38894405010466e-08,1.50193577015828e-08,2.33801450356496e-08,1.21496435658992e-08,7.39826442919898e-09,3.66106138707669e-09,1.14692140779279e-08,7.71162762109163e-09,1.11453748758873e-08,5.9166205738541e-09,3.17423423364407e-09,3.30347993981662e-09,6.25048895730747e-09,3.74533513942061e-09,5.88020658980386e-09,2.8587345338632e-09,3.28405237344839e-09,2.26967337391662e-09,3.46755184974204e-09,3.37017041921904e-09,3.80116492086897e-09,3.05276574331714e-09,1.94861123800959e-09,2.02933127686394e-09,2.97415106348061e-09,2.57346544207619e-09,3.78293922277275e-09,1.92945966203453e-09,1.84826891647503e-09,1.82222813029581e-09,2.65200602737866e-09,2.38582732145804e-09,3.15280837164857e-09
4.29584967730494e-09,9.78452531368255e-09,2.24726970366405e-08,8.97128943347604e-09,1.90736077171178e-08,1.755928079451e-08,1.14781367837664e-08,2.59678829766994e-08,1.3081102246771e-08,2.24758993849241e-08,2.31090029346155e-08,2.01515361534023e-08,3.18063084451082e-08,1.52347459799795e-08,8.06905609965978e-09,2.83947003575535e-08,1.5942530305749e-08,2.83353077364927e-08,1.26735169482732e-08,6.71145524475432e-09,5.62840399056322e-09,1.31360616773389e-08,6.90639394643481e-09,1.28470689279238e-08,5.83451342220283e-09,5.08751478549832e-09,3.33368329373491e-09,6.00731960239769e-09,5.59718929207487e-09,6.16507196185453e-09,4.59844787572196e-09,3.09565617957124e-09,2.89021007210928e-09,5.06706123661243e-09,3.86093947703309e-09,5.79690039085094e-09,2.76412386761852e-09,2.46358034700105e-09,2.23649518459253e-09,3.31145590045839e-09,3.10074692577278e-09,3.70116182632218e-09,2.16325867747307e-09,1.78340403744619e-09,1.80089180946269e-09,2.56288826662933e-09,2.13503119136517e-09,2.89432655447017e-09,3.7524838795547e-09,6.75232500855752e-09,1.61277968693833e-08,6.65807594008677e-09,1.39240822714708e-08,1.28496431935669e-08,8.61155631068228e-09,1.87696233833794e-08,7.74905216144765e-09,1.64042302639928e-08,1.62095533782386e-08,1.41573272511403e-08,2.25899704523035e-08,9.25709033527102e-09,4.80992838810647e-09,1.95565992088877e-08,9.89128405804782e-09,1.98735956942094e-08,7.74928041676649e-09,3.96425178233343e-09,3.97028879169925e-09,8.20172719884499e-09,4.97552769930885e-09,8.72143158193102e-09,3.42356600103721e-09,3.59241250888525e-09,2.45273410420030e-09,4.27630667067091e-09,3.72575972247171e-09,3.91987772028883e-09,3.2737490918617e-09,2.43119944827692e-09,1.71843344179316e-09,3.53991573257291e-09,2.45031762024766e-09,3.58605494835869e-09,2.08659882002378e-09,1.47042869218326e-09,1.48774072313567e-09,2.12835716876236e-09,2.25552667597745e-09,2.71460602716238e-09,1.36359666653374e-09,1.23871340390723e-09,1.33526554390477e-09,1.98164368656377e-09,1.73798771742371e-09,2.15479079234483e-09
4.32854970146670e-09,5.34038168243761e-09,1.1480681087877e-08,5.23873296861592e-09,1.11877856339045e-08,1.03758228126333e-08,6.11151853504174e-09,1.30747567891714e-08,2.95138918442526e-08,1.28316477501792e-08,2.57507088402913e-08,2.43823809149005e-08,1.52347459799795e-08,3.4264345383512e-08,1.77797939993827e-08,2.97840211129958e-08,3.18629282508513e-08,2.80354048766277e-08,2.86722866393536e-08,1.46872333699991e-08,6.22721444452014e-09,2.6394451576712e-08,1.32333161388804e-08,2.37965570421796e-08,1.24205880067937e-08,5.30044909597475e-09,4.16167166981319e-09,1.12043451250162e-08,5.40875004696025e-09,1.09075964036696e-08,4.6739544821225e-09,3.9568941128587e-09,3.5104787624992e-09,4.72225962693425e-09,5.21520475368249e-09,5.59161691428469e-09,3.48862702050922e-09,2.92824867438353e-09,2.70334439940905e-09,4.40726179825063e-09,3.55359180955492e-09,4.99217493222736e-09,2.49918259533094e-09,2.10032381737014e-09,2.09172170286613e-09,2.91978998389753e-09,2.55293176612226e-09,3.41893471531366e-09,3.295447833485e-09,4.24489983316506e-09,8.68503713006858e-09,4.29343185461739e-09,8.55174967667563e-09,7.42166435664227e-09,4.85002420365482e-09,9.89593683200259e-09,1.95135513664546e-08,9.85074491285325e-09,1.84610955236777e-08,1.80482101937388e-08,1.15158255755281e-08,2.23336357721658e-08,1.11760422144983e-08,2.11754346707829e-08,2.07065093370323e-08,2.0152761138432e-08,1.79339458873108e-08,8.75728743363729e-09,3.88604520246957e-09,1.66534703312389e-08,8.32638249888848e-09,1.52175914604344e-08,7.30750565098263e-09,3.40072820122272e-09,2.99607711038838e-09,7.09534626890434e-09,3.69151443984381e-09,6.87980271452095e-09,2.86001698032964e-09,2.90187039692623e-09,1.941942442891e-09,3.27861060155878e-09,3.33482578833034e-09,3.39799691611206e-09,2.60537277050454e-09,1.68871350098298e-09,1.75169927145841e-09,2.75475531184517e-09,2.49140806026824e-09,3.5870074322004e-09,1.52055208462936e-09,1.34784005411464e-09,1.39403107584821e-09,2.15993394451112e-09,1.83483701591163e-09,2.34767869759086e-09
3.60837719086639e-09,5.39049348460529e-09,6.26319876383277e-09,6.02524664750756e-09,6.61677379483438e-09,6.75330073560988e-09,6.19639530336428e-09,6.96036157061574e-09,1.55855279691938e-08,7.63846856806452e-09,1.4742235546271e-08,1.4755203542058e-08,8.06905609965978e-09,1.77797939993827e-08,4.083305690051e-08,1.70510396977635e-08,3.49088293664756e-08,3.29541221043164e-08,1.46967714689507e-08,3.22701425702125e-08,1.44065534594898e-08,2.76376537485673e-08,2.6643111402414e-08,2.27376755943237e-08,2.76081829601222e-08,1.19019392346742e-08,5.33147978965585e-09,2.21861685176387e-08,1.14308374963558e-08,2.09767066992568e-08,1.0518924538656e-08,4.76477077498167e-09,5.5458056531416e-09,1.00704755180565e-08,6.15454827398014e-09,1.12919002335299e-08,4.09080676437511e-09,4.86826853322971e-09,2.96645849766692e-09,5.11264917218290e-09,5.29507388595567e-09,5.52508570303373e-09,4.36041572230821e-09,2.44546158163304e-09,2.5605073593261e-09,4.58022373913133e-09,3.13799882093141e-09,5.0068505978371e-09,2.34670696615973e-09,3.39345167706872e-09,5.23315850818253e-09,3.78845053364812e-09,5.25775591763516e-09,4.81108137509809e-09,3.98990360874143e-09,5.58630899939394e-09,1.02064888476842e-08,6.04223842428306e-09,1.02816849952258e-08,1.07856136604077e-08,6.26135936304481e-09,1.1524931984415e-08,2.47499972172802e-08,1.19489034408069e-08,2.1797257441393e-08,2.14016983408688e-08,9.00085254727935e-09,1.90870441524601e-08,9.30907950378652e-09,1.67588227297484e-08,1.67211609140983e-08,1.48035909786069e-08,1.61136628654499e-08,8.10425386598503e-09,3.64984293619207e-09,1.40621294447546e-08,7.44622142001267e-09,1.27382573301634e-08,7.19317919019059e-09,3.39518235902848e-09,2.96613541548906e-09,6.7207111183177e-09,4.19668909363695e-09,7.42456043806292e-09,2.8680002877608e-09,2.66773785615573e-09,2.04156001336752e-09,3.42017471708119e-09,3.30402867996911e-09,3.93864283364708e-09,2.44070158485901e-09,1.60193294629536e-09,1.81349827677112e-09,2.92805800807565e-09,2.31830827327873e-09,3.5610765008712e-09
4.78152308966517e-09,9.89014991074904e-09,1.99401898101981e-08,8.9046937842637e-09,1.71690390479017e-08,1.53156768179827e-08,1.16548695345933e-08,2.31042974013244e-08,2.5754847851123e-08,2.04040743648436e-08,3.84925923865372e-08,3.39209321707469e-08,2.83947003575535e-08,2.97840211129958e-08,1.70510396977635e-08,4.63465857676564e-08,2.83421683426981e-08,4.3835498534307e-08,2.49217539048998e-08,1.40437132389937e-08,6.71470557155903e-09,2.34605015864064e-08,1.29176236194095e-08,2.13186447179376e-08,1.19383813674755e-08,5.83099219888226e-09,5.0003604738902e-09,1.10079887116475e-08,6.12126032454645e-09,1.07322022869676e-08,5.15000069788788e-09,4.77964423129611e-09,4.11259222775947e-09,5.42711024834223e-09,6.0506555842289e-09,6.39072791588443e-09,4.22421661846138e-09,3.51876971462136e-09,2.96925112001653e-09,5.20065545467417e-09,4.13664297525912e-09,5.57086683137297e-09,3.08552475299653e-09,2.2966484402463e-09,2.22971206949854e-09,3.43698229139966e-09,2.73531306356653e-09,3.87118427847836e-09,4.14079507005731e-09,7.20961836030462e-09,1.44263530016588e-08,7.01597061986253e-09,1.27737960895093e-08,1.11164825324094e-08,8.94179058543479e-09,1.70447404979449e-08,1.69304544922769e-08,1.52485478346251e-08,2.70811174866764e-08,2.45145137774056e-08,2.00533416791822e-08,1.95141322962669e-08,1.10391208818903e-08,3.18739483446619e-08,1.85319160601675e-08,3.05824493836737e-08,1.58713053298318e-08,8.75950745765811e-09,4.21430290858120e-09,1.49834736140939e-08,8.69816909984633e-09,1.40222513900225e-08,7.28363905999549e-09,3.67443737034808e-09,3.51909611279227e-09,7.35879418965258e-09,4.02391316435393e-09,6.86255097192193e-09,3.11720709192326e-09,3.45236854485028e-09,2.46540581324846e-09,3.69457876332304e-09,3.75682783134456e-09,3.97186627822816e-09,3.06742829925132e-09,2.12886718182298e-09,1.90410002344535e-09,3.19810745982881e-09,2.8228562972603e-09,3.80851202805738e-09,2.05051630141244e-09,1.48578742136583e-09,1.50672444028457e-09,2.5695975316517e-09,2.0428531112264e-09,2.72004935441594e-09
5.25458656899588e-09,6.24140694355351e-09,1.22912286407841e-08,6.36079621792256e-09,1.18694275279241e-08,1.12048661701761e-08,7.14822293694876e-09,1.37557934390441e-08,2.75360121519048e-08,1.35854486600524e-08,2.4478785547895e-08,2.3199221994322e-08,1.5942530305749e-08,3.18629282508513e-08,3.49088293664756e-08,2.83421683426981e-08,5.31027473266506e-08,4.74227835117631e-08,2.6403594628112e-08,2.76339303081705e-08,1.36804966193244e-08,4.24497402095439e-08,2.26585830426017e-08,3.5658577890732e-08,2.33127420162089e-08,1.11542688177322e-08,5.40913181173638e-09,1.87148173468178e-08,1.07979210851651e-08,1.76898494558282e-08,9.87777601638463e-09,4.87798972325552e-09,6.31058122356952e-09,9.48076761989014e-09,6.59701056258202e-09,1.1001309895412e-08,4.21296908700975e-09,5.32357147682055e-09,3.52064396621802e-09,5.43870463128993e-09,6.08362941249927e-09,5.98940913607174e-09,4.66527893493948e-09,2.77549346628695e-09,2.73650819762913e-09,5.15965713978353e-09,3.47153620469543e-09,5.69510846460401e-09,3.72638782082718e-09,4.41534781583641e-09,9.86467145827872e-09,4.86351856251909e-09,9.38278849536657e-09,8.35404633275014e-09,5.17839876350865e-09,1.08172712094728e-08,1.78648257438257e-08,1.07420792372761e-08,1.74775932884227e-08,1.72720388557336e-08,1.22597295820565e-08,2.04407543187276e-08,2.14854358253237e-08,1.99863764911779e-08,3.39118848105905e-08,3.21979472245947e-08,1.65188158145059e-08,1.66829041945951e-08,8.71692077547443e-09,2.7190322350925e-08,1.42132232492481e-08,2.34667071418711e-08,1.39625084974349e-08,7.50317927091826e-09,3.65131080104452e-09,1.1955006197083e-08,7.0723466084192e-09,1.1033349696095e-08,6.6981933549698e-09,3.45150890311579e-09,3.21909845881288e-09,6.4477287763656e-09,3.99276463679778e-09,6.86529285245756e-09,2.95942680723973e-09,2.74701869635485e-09,2.20076671470656e-09,3.21477008758955e-09,3.82561609885198e-09,4.22767480280625e-09,2.50739583499155e-09,1.69777915643609e-09,1.79347096798442e-09,3.32721166289103e-09,2.36262054481096e-09,3.70103873371948e-09
5.38657994507625e-09,1.05167732997897e-08,2.03678871170847e-08,9.7508448704519e-09,1.74817117988436e-08,1.58617795716568e-08,1.23421662453365e-08,2.33345875948029e-08,2.43123653144415e-08,2.06657494364186e-08,3.63745033256974e-08,3.20743792188048e-08,2.83353077364927e-08,2.80354048766277e-08,3.29541221043164e-08,4.3835498534307e-08,4.74227835117631e-08,6.73711794664214e-08,2.32335736820501e-08,2.59837376944161e-08,1.30795979016747e-08,3.78214593506351e-08,2.12762718708181e-08,3.16620778547714e-08,2.18533498636119e-08,1.06693537916876e-08,5.61984596139524e-09,1.7494256270702e-08,1.04316688332539e-08,1.63693568026488e-08,9.3948222342827e-09,5.08953406985888e-09,6.67414703839102e-09,9.16738520122094e-09,6.82943261207466e-09,1.08049659435245e-08,4.45376764728139e-09,5.81671522357863e-09,3.77161110193941e-09,5.77007675922081e-09,6.56699013112105e-09,6.38979449233725e-09,5.14551332070526e-09,2.97855112122582e-09,2.78719187718159e-09,5.52710803166244e-09,3.53451529201324e-09,5.99826740141241e-09,4.13209322237506e-09,7.15474068251554e-09,1.54143711393114e-08,7.2512883066114e-09,1.34268719849434e-08,1.1843743671459e-08,9.08658114078639e-09,1.76732193283782e-08,1.55735084401565e-08,1.59167281991537e-08,2.54911925531629e-08,2.33019240989137e-08,2.01631099487468e-08,1.80065304539408e-08,2.02010025684595e-08,2.98409567401354e-08,3.03768943755209e-08,4.50964848556725e-08,1.4760459083219e-08,1.56795005272794e-08,8.2603736660873e-09,2.44390690200492e-08,1.36368920756934e-08,2.12345940979225e-08,1.30456802435812e-08,6.99968137920088e-09,3.71986944575256e-09,1.12988328666891e-08,6.4936429700568e-09,9.99184789253621e-09,6.14564842750376e-09,3.56752007896887e-09,3.48340655066703e-09,5.9662084407675e-09,4.00351481186038e-09,6.39016633489140e-09,3.12160063268254e-09,3.07314800372756e-09,2.44856199131968e-09,3.32571335795075e-09,4.0561434769701e-09,4.417819065785e-09,2.97407789878675e-09,1.92357647167043e-09,1.91629490067054e-09,3.64583449979757e-09,2.50109000940077e-09,3.83697264683732e-09
3.72872106655883e-09,4.58975170911293e-09,9.65436524750830e-09,4.32526872291018e-09,9.37835976463265e-09,8.53062487660757e-09,5.14223321970674e-09,1.0918121869264e-08,2.45296723579811e-08,1.0643809523996e-08,2.1501429895136e-08,2.00986007792124e-08,1.26735169482732e-08,2.86722866393536e-08,1.46967714689507e-08,2.49217539048998e-08,2.6403594628112e-08,2.32335736820501e-08,3.54638730707044e-08,1.75341166673332e-08,7.61398985745903e-09,3.2449599029282e-08,1.61126585067357e-08,2.98813762651473e-08,1.47194446647239e-08,6.49607477339189e-09,5.08174987250344e-09,1.35041879262506e-08,6.56248102032456e-09,1.30520330762969e-08,5.74653294629175e-09,4.75288699302133e-09,4.11627202012409e-09,5.71938432303897e-09,6.20906626637401e-09,6.6524874859943e-09,4.09501871452294e-09,3.41435922769097e-09,3.13487013190403e-09,5.16541160406636e-09,4.18881756437388e-09,5.86119141320245e-09,2.91506264839932e-09,2.45361452142966e-09,2.41015399790973e-09,3.43397894081055e-09,2.92629123522789e-09,3.9894980756318e-09,2.91871234769192e-09,3.80143781028407e-09,7.27018830167482e-09,3.58239864024491e-09,7.39890781007896e-09,6.09719885143236e-09,4.23590555639005e-09,8.14234228069991e-09,1.54322207976825e-08,8.38767754349078e-09,1.4916320779205e-08,1.48302543447428e-08,9.50478621420555e-09,1.79377304433143e-08,8.76501443634204e-09,1.72850828063347e-08,1.66578380195112e-08,1.64974321674937e-08,2.27515271702277e-08,1.05065376501838e-08,4.82118104292019e-09,2.0988370173878e-08,1.02091737339011e-08,1.99268126344717e-08,8.89216962837542e-09,4.20020717194456e-09,3.60807701821235e-09,8.59185647036957e-09,4.68193871365697e-09,8.51209380343236e-09,3.51356972827025e-09,3.42736357326953e-09,2.32541320799606e-09,4.14099599076946e-09,3.9532993304307e-09,4.23118996718738e-09,2.9783513305596e-09,2.02267412328075e-09,2.094615200273e-09,3.26514575565629e-09,2.93329231968501e-09,4.15342058220472e-09,1.79354039220439e-09,1.63299661635489e-09,1.64531541872974e-09,2.48802210507691e-09,2.0933972487204e-09,2.70213134822611e-09
