1.03010172177173e-08,4.99299442704276e-09,2.31010122938067e-09,8.80231945620834e-09,4.93808193972421e-09,8.51035260929711e-09,4.1852294833183e-09,1.88388328451347e-09,1.85254178081873e-09,4.08475189954764e-09,2.12254746660241e-09,4.3551441118282e-09,1.61370990726971e-09,1.56944253579414e-09,9.25525423497664e-10,1.75749930751259e-09,1.74257588379499e-09,1.9609367427935e-09,1.33147474583145e-09,7.22351703350845e-10,6.44511243721113e-10,1.47094954876218e-09,7.99924471732356e-10,1.52302548149971e-09,6.32282258683715e-10,5.36202506510544e-10,4.27657956042607e-10,6.91973552725691e-10,5.7830119229684e-10,7.22731871152247e-10,4.89721254782529e-10,4.06162567731133e-10,4.1858120678692e-10,5.20423372802477e-10,5.27650115057601e-10,6.48095063802602e-10,3.66805607828491e-10,3.47970646595079e-10,3.22984983648464e-10,4.27080392808789e-10,4.24652326527146e-10,4.87176425374537e-10,3.29619270145268e-10,2.7215766945512e-10,2.94607886714935e-10,4.00698816890648e-10,3.71507629990009e-10,4.8547497468905e-10,4.18733875664255e-09,1.83673319622954e-09,6.81057022999304e-10,3.49519254935505e-09,1.75133512932364e-09,3.5149021885277e-09,1.4798270061006e-09,6.01578812649559e-10,4.78103133498995e-10,1.52775133380874e-09,6.23882325956924e-10,1.48027289694763e-09,5.32159458497376e-10,4.25797900456896e-10,3.37640577383642e-10,5.73167551957762e-10,5.28835014520128e-10,6.89834730567848e-10,3.85260832940999e-10,2.6065543520139e-10,1.78948898510663e-10,4.57393456190767e-10,2.43443639301028e-10,3.58764584663453e-10,1.90561475129453e-10,2.10516509299979e-10,1.04052638404446e-10,2.59062937423461e-10,1.67972311259747e-10,2.24742847161201e-10,1.72556134286447e-10,1.18504865854895e-10,1.34346653220972e-10,1.61549744303304e-10,8.75313130856189e-11,2.08836885455746e-10,1.04187626305861e-10,1.01313144105159e-10,9.91904759001441e-11,6.5844220203195e-11,1.40330505801404e-10,1.56465736908348e-10,9.93253852976932e-11,7.49027641514839e-11,6.24223146759325e-11,1.19975033518261e-10,1.90627547392079e-10,1.77565885526604e-10
4.99299442704276e-09,1.17647726594453e-08,4.99166704967059e-09,9.34169884465287e-09,1.04135162119727e-08,8.14448584294067e-09,9.61763350585956e-09,4.01644843906963e-09,2.06677809928272e-09,8.4240224130127e-09,4.02624428926343e-09,8.38979104979825e-09,3.45894952539182e-09,1.77617945336791e-09,1.75895099545621e-09,3.41985442589265e-09,2.12833647061601e-09,3.76778067759665e-09,1.5260641807566e-09,1.42569732868064e-09,8.0729328927238e-10,1.73353127838993e-09,1.42121845803488e-09,1.76018139253075e-09,1.23841876098938e-09,6.85487737019574e-10,5.57318912907167e-10,1.22581714156182e-09,7.96567049536836e-10,1.3027769028869e-09,6.16133223995666e-10,5.03293767259407e-10,4.88212920104403e-10,7.08554825627026e-10,6.1437579571798e-10,7.98113131620763e-10,4.6627225718204e-10,4.44717547855197e-10,3.6159294462705e-10,5.49735577490903e-10,5.29651636029631e-10,6.34149457280476e-10,4.3599799678477e-10,3.06946996275017e-10,3.13334968752552e-10,4.98607486534317e-10,3.82615492371372e-10,5.64102546352992e-10,1.93540605220976e-09,4.19909152530997e-09,1.96692083501525e-09,3.48544573769149e-09,3.84223500356046e-09,3.39044968504367e-09,3.34457423086237e-09,1.66475418878962e-09,6.81822158315445e-10,3.15513827221429e-09,1.48879042450433e-09,2.90436230862066e-09,1.44168724751381e-09,5.78016264502927e-10,4.20372944729848e-10,1.28546453134608e-09,8.01322464742432e-10,1.388978078982e-09,5.06849939029843e-10,3.54409715314156e-10,2.41519505458637e-10,6.44902353695864e-10,3.89044033525397e-10,6.20650529621805e-10,3.06048942004271e-10,2.42353894962947e-10,4.94226061290014e-11,3.48712722217397e-10,1.92711665008e-10,2.86649228197317e-10,2.2668752062287e-10,9.50451876299716e-11,1.42590475689061e-10,2.08182769505526e-10,1.20898567918061e-10,2.23442453664346e-10,8.45194078569092e-11,1.49428423726661e-10,8.94023460582378e-11,1.17113382549703e-10,1.95290272996864e-10,1.46856274331557e-10,1.42334993579545e-10,7.91829548299344e-11,9.91603855594976e-11,1.93670011569372e-10,1.18036881427121e-10,2.10367072460941e-10
2.31010122938067e-09,4.99166704967059e-09,1.14106707051218e-08,4.70294105962186e-09,9.79440991766241e-09,9.29391416326297e-09,4.01891777338669e-09,8.70192068498068e-09,4.07330640862812e-09,7.4360883566512e-09,7.45400619683816e-09,6.34199657338256e-09,7.26738075533314e-09,3.42211443017991e-09,1.91096719800628e-09,6.15530058896311e-09,3.69485280755706e-09,6.37074654657108e-09,2.84484957563573e-09,1.5578730372618e-09,1.31078727639153e-09,2.98706369511779e-09,1.64311015522814e-09,3.01782885767583e-09,1.24535663528428e-09,1.11886982433699e-09,6.70980636300738e-10,1.28162353661155e-09,1.32059963388169e-09,1.31505589059984e-09,1.01410592818155e-09,5.84298310353777e-10,5.50293821446075e-10,1.17272256137139e-09,7.13406271675701e-10,1.24384253281198e-09,5.3369041542861e-10,4.72175113143632e-10,3.99871954298862e-10,6.33835141248821e-10,6.14814598040065e-10,7.70784146650517e-10,4.23964497441489e-10,3.32896457364083e-10,3.45202246169571e-10,5.23036367697341e-10,3.82238445274069e-10,5.78966796648413e-10,8.79610792888598e-10,1.63619584335955e-09,4.30207222570861e-09,1.50822137504962e-09,3.53351427036016e-09,3.66558168241239e-09,1.25241159341207e-09,3.37264315606704e-09,1.4906277429672e-09,2.73997535879417e-09,2.97322285761887e-09,2.40800353107583e-09,2.69791951334024e-09,1.20182754559584e-09,4.99012849575137e-10,2.36416570707207e-09,1.38489838498244e-09,2.54179984905864e-09,9.93648037006996e-10,3.9676757375097e-10,3.24966429518363e-10,1.11752909456716e-09,5.74638493289502e-10,1.20391316322294e-09,2.71071862822784e-10,3.52227295028195e-10,1.74156688011755e-10,4.35878520286649e-10,4.02158133610652e-10,3.99306873361845e-10,3.7805051739443e-10,1.65582160231658e-10,2.03641001935419e-10,3.90840889036215e-10,2.25578547803308e-10,3.67431629188537e-10,1.50495342859895e-10,1.70639537031655e-10,2.37774508765391e-10,2.07708617326141e-10,2.99351701245491e-10,2.98080917355363e-10,1.96739717442913e-10,1.66756743171962e-10,1.11580410298657e-10,2.36610517869031e-10,1.19632309310825e-10,2.32672731873316e-10
8.80231945620834e-09,9.34169884465287e-09,4.70294105962186e-09,1.41190164782013e-08,8.10808490162675e-09,1.22360749951622e-08,7.64492830922409e-09,3.70985567765902e-09,2.05178911332334e-09,6.5111731803585e-09,3.81292890186761e-09,6.58707928448899e-09,3.19666849780375e-09,1.73252701691976e-09,1.86621583482663e-09,3.21425432838193e-09,2.02867836616937e-09,3.52499887263172e-09,1.47501190392701e-09,1.50686629478579e-09,9.32497326736273e-10,1.65352062552232e-09,1.58326915213086e-09,1.7445936068406e-09,1.30237916965857e-09,8.01534035549588e-10,6.27526728192383e-10,1.3646751699127e-09,9.02064234914987e-10,1.44469272960709e-09,7.45747516006444e-10,5.87889008872768e-10,5.82960875233152e-10,8.33956600968071e-10,7.49951890508936e-10,9.62697662407769e-10,5.4500526601675e-10,5.16484978740824e-10,4.26951668552911e-10,6.57922779979558e-10,6.16890412456775e-10,7.52343283507475e-10,4.91618965711808e-10,3.48423157353163e-10,3.65991205819784e-10,5.63899837418319e-10,4.38301252044724e-10,6.38979904575583e-10,3.48693309000349e-09,3.39193779100402e-09,1.87729994943143e-09,5.27335989657851e-09,3.26445731267196e-09,5.32140090605276e-09,2.73224556935066e-09,1.51554205312612e-09,7.10637647064168e-10,2.6526951208957e-09,1.43650183963852e-09,2.4877142339212e-09,1.31812732467387e-09,6.20640998207999e-10,5.34169146318492e-10,1.24230372066294e-09,7.35508455482088e-10,1.34018160653927e-09,5.35427125946988e-10,4.6216801208084e-10,1.96538771776089e-10,6.04391514575777e-10,3.85383526329415e-10,5.5406131039933e-10,3.66826517615822e-10,2.25044477884423e-10,9.42683188557521e-11,3.66745401688551e-10,2.0312917334837e-10,3.59787361503715e-10,2.23136763739089e-10,1.47950373652611e-10,1.30412938812593e-10,2.36278649003592e-10,1.3074522313257e-10,2.40433383313228e-10,1.25710551934568e-10,1.40857688076677e-10,1.18702274248231e-10,1.21640010444853e-10,2.27351520210874e-10,1.73323325324681e-10,1.31051699089771e-10,9.67074145117772e-11,8.33874231487007e-11,2.03429532018916e-10,1.44792376305727e-10,2.23121118520558e-10
4.93808193972421e-09,1.04135162119727e-08,9.79440991766241e-09,8.10808490162675e-09,1.66424124055212e-08,1.35972540358636e-08,8.42609012530184e-09,7.4347916083429e-09,3.8652764947712e-09,1.29222527539685e-08,6.37404938441464e-09,1.15782606073425e-08,6.31556299696493e-09,3.2931759347441e-09,2.06950890327507e-09,5.36925746753133e-09,3.7106991691588e-09,5.73813928273935e-09,2.76875630578183e-09,1.67357202656223e-09,1.37006693232358e-09,3.01316277141678e-09,1.71707718745312e-09,3.06292889474839e-09,1.36136220611884e-09,1.18074609392992e-09,7.44430826294418e-10,1.37878047083779e-09,1.42421524885958e-09,1.44200289910791e-09,1.08066497288199e-09,6.78819112856118e-10,6.56090125556307e-10,1.29657491125302e-09,8.45114065126974e-10,1.40138381192165e-09,6.2550919958081e-10,5.80523235026748e-10,4.78267484313992e-10,7.59303785633288e-10,7.26645569623149e-10,8.64366414851978e-10,5.1678801903527e-10,4.01174661895521e-10,4.1471181451528e-10,6.30156368268793e-10,4.76692941472862e-10,7.03748652139856e-10,1.97152450743637e-09,3.51294268681408e-09,3.79196940614721e-09,2.99171457822431e-09,5.90406546357174e-09,5.4793336365566e-09,2.82841413548186e-09,3.05898118520629e-09,1.45745730607051e-09,4.94974872965047e-09,2.62354187750658e-09,4.36410893247223e-09,2.51295845164439e-09,1.21810026143274e-09,5.26626211775078e-10,2.21264880659684e-09,1.35012155608557e-09,2.28209058716291e-09,1.01240884119758e-09,4.13073541772479e-10,2.64958888711128e-10,1.10910594493298e-09,5.21735137768792e-10,1.15384482123161e-09,3.1022903994842e-10,3.07692782104843e-10,1.46699393471641e-10,4.48975014107418e-10,3.80311452392094e-10,4.06875133219e-10,3.50715134234663e-10,1.83589068302562e-10,2.05122181217214e-10,4.15873380200017e-10,2.32204517484726e-10,4.35637381515264e-10,1.91583713991538e-10,2.02888641537799e-10,2.45548424382808e-10,2.44975835452943e-10,3.47258280487225e-10,3.33649956354344e-10,2.12055062947645e-10,1.69678203950201e-10,1.13896267303096e-10,2.91361188322706e-10,1.80052798542799e-10,2.98879975868138e-10
8.51035260929711e-09,8.14448584294067e-09,9.29391416326297e-09,1.22360749951622e-08,1.35972540358636e-08,1.85451640033697e-08,6.55923165035856e-09,6.9397403948407e-09,3.71445121514778e-09,1.04027905712016e-08,5.97446221139481e-09,9.25700706211857e-09,5.89131264141391e-09,3.1256022661925e-09,2.02917175238957e-09,5.0025516424291e-09,3.48158894867329e-09,5.34784980940222e-09,2.61682191518775e-09,1.64639151563201e-09,1.53923952187188e-09,2.84935111457322e-09,1.79636731832132e-09,2.99829939735048e-09,1.33499715836928e-09,1.35661457005753e-09,8.42238651516967e-10,1.45341355065783e-09,1.56329331542899e-09,1.47132198306846e-09,1.26671793374803e-09,7.90593376580961e-10,7.39560100023109e-10,1.44979675002932e-09,1.00372171891473e-09,1.59925270408705e-09,7.11279864319922e-10,6.41075596812374e-10,5.21616170303988e-10,8.70102099065914e-10,7.77439191501933e-10,9.78807631722837e-10,5.7430912082663e-10,4.48079730461956e-10,4.71041168806623e-10,6.96367016625808e-10,5.30339677476006e-10,7.84367817813184e-10,3.52929030889091e-09,2.66589397893125e-09,3.67804272521787e-09,4.53487485822111e-09,5.0507222247718e-09,7.81992083833673e-09,2.14703370907327e-09,2.87691826134394e-09,1.40210818620757e-09,4.17202901039628e-09,2.48735507417779e-09,3.67705260415517e-09,2.37803296819827e-09,1.15343584144311e-09,6.4271287857092e-10,2.04514891399105e-09,1.2916954545213e-09,2.21708467845951e-09,9.40389402349953e-10,5.30436956077593e-10,2.67482837032414e-10,1.05522775752981e-09,5.79932771770656e-10,1.08111389323303e-09,3.72753997073551e-10,3.45361521886987e-10,2.16200761622463e-10,4.83364609154565e-10,4.56360215648085e-10,4.92964849316045e-10,3.78740602817819e-10,2.48249914870003e-10,2.00664518737423e-10,4.94610865525762e-10,2.90787257234851e-10,4.74364274753389e-10,2.20411784746554e-10,1.93781750063208e-10,2.57757383611178e-10,2.60589183018799e-10,3.42754979202077e-10,3.45484937800966e-10,2.06240449481298e-10,1.91200311801877e-10,1.02100907792489e-10,2.81672770608169e-10,1.66703850897932e-10,2.68323060795668e-10
4.1852294833183e-09,9.61763350585956e-09,4.01891777338669e-09,7.64492830922409e-09,8.42609012530184e-09,6.55923165035856e-09,1.26535393388243e-08,5.03640602430391e-09,2.60463417967776e-09,1.10796605373741e-08,5.06209216778361e-09,1.10616300418393e-08,4.31519393374333e-09,2.21435300857864e-09,2.21885662000068e-09,4.27118613431306e-09,2.65309873216455e-09,4.71188610993921e-09,1.85879306085414e-09,1.81176334520377e-09,1.0377176364208e-09,2.13257982420071e-09,1.89066281349366e-09,2.23750707574988e-09,1.55701003536414e-09,8.37820142066028e-10,6.79618478989628e-10,1.58894268087432e-09,9.63343226606524e-10,1.69468727828354e-09,7.15681016770539e-10,5.99588149271132e-10,5.57610366688645e-10,8.21786585865467e-10,7.23262733591743e-10,9.13471275818447e-10,5.26525595850561e-10,4.86083109643243e-10,4.21076307320835e-10,6.10477952149479e-10,6.02358366030154e-10,7.49624807990176e-10,4.32007146916566e-10,3.36532336908337e-10,3.50945744213155e-10,5.18330814006117e-10,4.43690379482796e-10,5.91273968863903e-10,1.64417847559188e-09,3.3444177798568e-09,1.66405370181118e-09,2.86790004181701e-09,3.15414953800056e-09,2.82828540017609e-09,4.83389391261659e-09,2.3099303675919e-09,7.57675455937395e-10,4.6680091412322e-09,1.91348743575158e-09,4.193419331326e-09,1.99021837524381e-09,6.18375698294485e-10,4.47650206240565e-10,1.60374224857053e-09,8.42474556063022e-10,1.6768242038817e-09,5.4216421116105e-10,3.98329354352274e-10,3.26513205841445e-10,7.08660676622461e-10,5.25068540486532e-10,7.64952373927275e-10,3.73239888378827e-10,3.22977386123191e-10,1.01292695115571e-10,5.24000606615733e-10,2.35461436548583e-10,4.35272346020847e-10,2.62120591671516e-10,1.33033819336948e-10,1.91270599581297e-10,2.54818066145542e-10,1.72237571385213e-10,2.44168764465409e-10,1.19318577045721e-10,1.60745281033627e-10,1.5065860399985e-10,1.38904589804004e-10,2.50681692356281e-10,2.31601963849304e-10,1.69439103307016e-10,1.39041733976128e-10,8.92074173361841e-11,2.60567656670512e-10,1.72843181768762e-10,2.29694115274646e-10
1.88388328451347e-09,4.01644843906963e-09,8.70192068498068e-09,3.70985567765902e-09,7.4347916083429e-09,6.9397403948407e-09,5.03640602430391e-09,1.06016477455881e-08,4.95624151129667e-09,9.2764295877104e-09,9.18665994982164e-09,8.03149716969543e-09,8.83154272007732e-09,4.16926926628193e-09,2.31393324864363e-09,7.57878645344451e-09,4.53441421388244e-09,7.88284940885879e-09,3.40296682463558e-09,1.87124687300702e-09,1.50723838878264e-09,3.63435857366616e-09,2.00782791803245e-09,3.74457052328293e-09,1.4797348665236e-09,1.24955175912806e-09,7.71943314904659e-10,1.55768271012312e-09,1.46084367122592e-09,1.55720550479508e-09,1.13238017268929e-09,6.67413490119478e-10,6.203616594368e-10,1.28998831484746e-09,8.13403256591198e-10,1.37079215767265e-09,5.69685872771908e-10,5.16379711370773e-10,4.53788224715496e-10,6.81789475323346e-10,6.62660193109963e-10,8.32859185380054e-10,4.33789466370573e-10,3.62009219559952e-10,3.48643864053577e-10,5.27901835725673e-10,4.27975256357208e-10,5.82878579500597e-10,8.25548275197674e-10,1.25125293658996e-09,3.3707755570308e-09,1.19874365237548e-09,2.73775850027319e-09,2.8307653899569e-09,1.68615018364356e-09,4.26545940856725e-09,1.79181812869911e-09,3.52189559125686e-09,3.74007410773717e-09,3.12803690157138e-09,3.39247135561521e-09,1.45011377983942e-09,6.48068310338388e-10,3.04230977019377e-09,1.63625865002572e-09,3.17259612974556e-09,1.16635331962478e-09,4.76592441016649e-10,3.33325037289153e-10,1.27787764973558e-09,7.35704959463599e-10,1.46414485623039e-09,3.39065512861084e-10,3.73754636228855e-10,1.70876477077466e-10,5.73956801337972e-10,3.70978426539342e-10,5.03515718343984e-10,4.00195819066114e-10,1.82462323049196e-10,2.55207910136171e-10,4.09634810604423e-10,2.67745834802971e-10,3.93429427885077e-10,1.56446761069085e-10,2.02547902344774e-10,2.57650876215603e-10,2.19755139674102e-10,3.29371618825697e-10,2.99879966033276e-10,2.0817471008487e-10,1.80963135781244e-10,8.29175748705079e-11,2.4251632277329e-10,1.20659679247059e-10,2.03963227696035e-10
1.85254178081873e-09,2.06677809928272e-09,4.07330640862812e-09,2.05178911332334e-09,3.8652764947712e-09,3.71445121514778e-09,2.60463417967776e-09,4.95624151129667e-09,1.22415139737165e-08,4.85413463107915e-09,1.02914216929582e-08,9.93193659269286e-09,4.17198302316916e-09,9.84512894825979e-09,4.77286616713533e-09,8.26678226077209e-09,8.75624031671860e-09,7.39373175464247e-09,7.8536376883541e-09,3.71762832134846e-09,1.65822139201897e-09,6.94369612283623e-09,3.5128544031183e-09,6.60175533630634e-09,2.90856741116143e-09,1.3004146182738e-09,1.32960198727565e-09,2.72597309172443e-09,1.41067608328222e-09,2.70359643352818e-09,9.67495828866179e-10,1.11084966278801e-09,7.17091917049273e-10,1.06280247608067e-09,1.26724328126193e-09,1.13756708343637e-09,9.80471918859837e-10,6.12173175257562e-10,4.88990123093937e-10,1.09004053394856e-09,7.02673876205095e-10,1.19639039441661e-09,5.55876922313242e-10,4.10549027712311e-10,3.47610533376512e-10,6.35050809606431e-10,4.62657212930828e-10,6.68353479470783e-10,7.27559953323087e-10,7.8700143759037e-10,1.44324981069552e-09,6.59062903276739e-10,1.41037019106963e-09,1.45763505203715e-09,1.00156581658457e-09,1.80726231527324e-09,3.92352950130744e-09,1.90142894417074e-09,3.38282999597875e-09,3.55289377851962e-09,1.49369502221213e-09,3.14815084535526e-09,1.9385218194095e-09,2.81281080290862e-09,2.98619244785436e-09,2.90088983715123e-09,2.6728420501364e-09,1.44528131737675e-09,6.50880547158639e-10,2.38110992048284e-09,1.37556870871692e-09,2.39383712533493e-09,1.02341006214851e-09,5.22226826417263e-10,2.80177669434483e-10,9.96543511018402e-10,4.99230882438251e-10,9.17900697549511e-10,3.71470351059084e-10,2.08482995425193e-10,3.00482521207273e-10,3.69348855117973e-10,3.84130435537152e-10,4.53651517724649e-10,1.93361516024604e-10,2.58409760555471e-10,2.70961662092901e-10,3.24544982997335e-10,2.4318390654443e-10,2.26988683068914e-10,2.40264642641262e-10,1.77058120684229e-10,7.09748385501459e-11,1.70346027828882e-10,1.53206382211666e-10,1.91285311369204e-10
4.08475189954764e-09,8.4240224130127e-09,7.4360883566512e-09,6.5111731803585e-09,1.29222527539685e-08,1.04027905712016e-08,1.10796605373741e-08,9.2764295877104e-09,4.85413463107915e-09,1.65821685907131e-08,8.10143191860409e-09,1.50383422943145e-08,7.8673723618512e-09,4.13479072566937e-09,2.57280704251434e-09,6.82634626759399e-09,4.64742683879502e-09,7.3158056543605e-09,3.38415260840043e-09,2.08575072406088e-09,1.66618073690417e-09,3.72494433390779e-09,2.22757716560267e-09,3.85355102603891e-09,1.66383826053674e-09,1.35555148611507e-09,9.02623308364782e-10,1.73377553432446e-09,1.63764534407963e-09,1.81008013593847e-09,1.2228700320777e-09,8.11413019221345e-10,7.40059131419859e-10,1.46661302533272e-09,9.91309023784553e-10,1.56910123386481e-09,6.82673746097403e-10,6.21072494737512e-10,5.21929400672564e-10,8.15164828711997e-10,7.67184356465041e-10,9.28759220955762e-10,5.34264389531452e-10,4.18688407679478e-10,4.29359408707823e-10,6.4001767721256e-10,5.336323755179e-10,7.3149552686585e-10,1.67557600691678e-09,2.82736176824714e-09,3.05704948533481e-09,2.44267652529182e-09,4.94737320480326e-09,4.54219154459312e-09,4.09326539901042e-09,4.06704654573872e-09,1.75820837991643e-09,6.79145414259236e-09,3.32876458418846e-09,5.95883155811371e-09,3.34134602709009e-09,1.45559127843893e-09,6.57494066545776e-10,2.82285812915233e-09,1.60578461086891e-09,2.88255229845948e-09,1.16390887529714e-09,4.75366740994345e-10,3.03363376878867e-10,1.28248444206385e-09,6.64021937112583e-10,1.42558053148197e-09,3.83979372072459e-10,3.69305616083229e-10,1.79427560170153e-10,6.29010957772218e-10,3.94698478484663e-10,5.5302694893053e-10,3.79623189794113e-10,2.25428358037286e-10,2.72674445644311e-10,4.73292786703539e-10,3.04626337970698e-10,4.82121037475619e-10,1.99407750198064e-10,2.18200773526945e-10,2.81313530408379e-10,2.34137202604502e-10,3.78967848414392e-10,3.67653647850743e-10,2.1548609319071e-10,2.02015368389995e-10,1.00723395387944e-10,2.98078890173807e-10,2.11320603004542e-10,2.57110525380019e-10
2.12254746660241e-09,4.02624428926343e-09,7.45400619683816e-09,3.81292890186761e-09,6.37404938441464e-09,5.97446221139481e-09,5.06209216778361e-09,9.18665994982164e-09,1.02914216929582e-08,8.10143191860409e-09,1.57918508758978e-08,1.40722455242449e-08,7.58121395147912e-09,8.26551594621619e-09,4.51857974561059e-09,1.25533639559166e-08,7.48429177911625e-09,1.14407066031757e-08,6.62833080730994e-09,3.54847719787333e-09,1.66872264756332e-09,5.95641504674629e-09,3.42461383732561e-09,5.72413922719753e-09,2.77431615344518e-09,1.34023240976573e-09,1.43608008911834e-09,2.68357131205644e-09,1.47154514497716e-09,2.61359807714879e-09,1.05417388487758e-09,1.20538061771812e-09,8.02184356683996e-10,1.14253559274223e-09,1.38055616100991e-09,1.21389717241234e-09,1.04612849581341e-09,6.5924997136121e-10,5.68929142444785e-10,1.17927328336626e-09,8.10026137282197e-10,1.33777092373248e-09,5.83225801587238e-10,4.58416974434444e-10,4.08522202100264e-10,6.96636185144151e-10,5.18340088117706e-10,7.4421249637682e-10,9.70609894994398e-10,1.32374126621803e-09,2.57334660175711e-09,1.29373906576177e-09,2.15663170520945e-09,2.28122714585453e-09,1.78286746473703e-09,3.22037233478912e-09,3.6248677080711e-09,2.90907999146675e-09,5.53895761860097e-09,5.0628122291393e-09,2.6397762795445e-09,2.90138845736352e-09,1.81865480212659e-09,4.56209130252117e-09,2.73606826557311e-09,4.47301171466184e-09,2.43605162027997e-09,1.32704039470461e-09,6.40098991817368e-10,2.18015157072963e-09,1.40999989607796e-09,2.32396407474177e-09,9.63817421423561e-10,5.34695910996082e-10,2.90818921822232e-10,1.04603460104063e-09,4.2197633294604e-10,8.38285622398181e-10,4.45534954038661e-10,2.69596369995979e-10,3.03780234849484e-10,3.84069775033402e-10,3.13820966450834e-10,4.61670547862211e-10,2.36529168597262e-10,2.45357422957438e-10,3.07049061947504e-10,2.79113638200338e-10,2.96924476335724e-10,2.83011372555011e-10,2.79092727730718e-10,2.21273382982021e-10,8.06786939469269e-11,2.65635426156149e-10,1.92504812928175e-10,2.77396775709947e-10
4.3551441118282e-09,8.38979104979825e-09,6.34199657338256e-09,6.58707928448899e-09,1.15782606073425e-08,9.25700706211857e-09,1.10616300418393e-08,8.03149716969543e-09,9.93193659269286e-09,1.50383422943145e-08,1.40722455242449e-08,2.25986219954657e-08,6.77494429075476e-09,8.06279245549664e-09,4.60856668451768e-09,1.13743431223984e-08,7.47289635521897e-09,1.05724436766654e-08,6.49481155661949e-09,3.64542358118931e-09,1.83536632890304e-09,5.96416667616651e-09,3.59056807592999e-09,5.80375141385852e-09,2.85320460972751e-09,1.47549054973169e-09,1.58210744771049e-09,2.82570808148026e-09,1.63502131821907e-09,2.81529616513546e-09,1.17766924657549e-09,1.34510166595347e-09,9.04471882336614e-10,1.30275693159608e-09,1.52064572747937e-09,1.3863027096186e-09,1.15988816527094e-09,7.60152610855929e-10,6.73732462382871e-10,1.29907529660051e-09,9.20354515955699e-10,1.45118507935845e-09,6.6414771721552e-10,5.3990870674966e-10,4.83245619560069e-10,7.92227011625232e-10,6.28829057349522e-10,8.66032990853324e-10,1.83258537501542e-09,2.71300632253489e-09,2.35676833695619e-09,2.49240745487221e-09,4.07232330811478e-09,3.87184059505183e-09,3.98054886429996e-09,3.10761805422498e-09,3.58407246807726e-09,5.79852977622185e-09,5.10940600171445e-09,8.46648779834227e-09,2.68272217342256e-09,2.9255932579081e-09,1.73802164236277e-09,4.3426753557833e-09,2.68659014159732e-09,4.09403476113691e-09,2.41691227278825e-09,1.28530925928578e-09,7.0078895548558e-10,2.10746430471914e-09,1.36518306957842e-09,2.2713098032393e-09,9.62631944488422e-10,6.14200847552781e-10,3.15990105448025e-10,1.07970668973642e-09,4.99742875862817e-10,8.74125065141834e-10,5.05206146305973e-10,3.29050346714221e-10,3.18891208955608e-10,4.7528588984086e-10,4.00927025416594e-10,5.77212401417342e-10,3.05314141978653e-10,2.54519231022456e-10,3.69668742120748e-10,3.49063366702069e-10,3.21818880002513e-10,4.19461325221699e-10,2.66423078327332e-10,2.68915276842348e-10,9.64150442003379e-11,2.87292591865432e-10,2.88341670446782e-10,2.9559174445175e-10
1.61370990726971e-09,3.45894952539182e-09,7.26738075533314e-09,3.19666849780375e-09,6.31556299696493e-09,5.89131264141391e-09,4.31519393374333e-09,8.83154272007732e-09,4.17198302316916e-09,7.8673723618512e-09,7.58121395147912e-09,6.77494429075476e-09,1.13647362494463e-08,5.14001783553303e-09,2.84978444872413e-09,9.58551142220984e-09,5.65208986380937e-09,1.00465341512768e-08,4.21981257210128e-09,2.31533811376233e-09,1.88054668492801e-09,4.57593487975369e-09,2.51266674919103e-09,4.79199786515583e-09,1.793734834377e-09,1.5218493483749e-09,8.94698993831107e-10,1.90121026135904e-09,1.74053932370757e-09,1.88093440949533e-09,1.35062126800211e-09,7.55524082886215e-10,7.25696499095107e-10,1.52659044346346e-09,9.15357443762464e-10,1.60296158036311e-09,6.37015578045412e-10,6.01225795274627e-10,5.39828977976976e-10,7.70418812615919e-10,7.66784124604319e-10,9.52712391418853e-10,4.89423940987321e-10,4.32023856183699e-10,4.10546087819336e-10,6.01863911230125e-10,5.20967281030175e-10,6.91868977136512e-10,7.03991624188117e-10,1.22262915289531e-09,2.69633383255134e-09,1.18661402208075e-09,2.34314903255386e-09,2.46898378384909e-09,1.6759874043757e-09,3.39303608565135e-09,1.44962887489687e-09,3.0939233920674e-09,3.04081313225382e-09,2.77693903179563e-09,4.17770468312092e-09,1.86068189477843e-09,9.37539748363333e-10,3.81977282334739e-09,2.09895922445233e-09,4.14220623858028e-09,1.53503368989886e-09,6.85708193075495e-10,4.83866417773068e-10,1.62362803445866e-09,9.85660580774421e-10,1.89217005943337e-09,4.78249990899109e-10,4.81370749406173e-10,1.88972017207293e-10,7.31520813506391e-10,4.6061286936662e-10,6.24459445332588e-10,4.94110764148595e-10,1.77831949325778e-10,3.118979619997e-10,4.83653763152255e-10,2.6395552148868e-10,4.76685362163462e-10,1.49942428116094e-10,2.54767476935815e-10,3.24659102608991e-10,2.29206404985331e-10,3.90864702411529e-10,3.48361865242898e-10,2.29449164694322e-10,2.39527272568971e-10,1.41239333486127e-10,2.88115691830671e-10,1.63021014217511e-10,2.37383389682252e-10
1.56944253579414e-09,1.77617945336791e-09,3.42211443017991e-09,1.73252701691976e-09,3.2931759347441e-09,3.1256022661925e-09,2.21435300857864e-09,4.16926926628193e-09,9.84512894825979e-09,4.13479072566937e-09,8.26551594621619e-09,8.06279245549664e-09,5.14001783553303e-09,1.19728753828409e-08,5.83645830499144e-09,1.0144457290795e-08,1.07715454935822e-08,9.13812124743659e-09,9.56175863127295e-09,4.47988297698962e-09,2.01926872955281e-09,8.45855202322108e-09,4.34680522485559e-09,8.14708357434987e-09,3.44832380011038e-09,1.54980700922313e-09,1.49765078419125e-09,3.31884545498906e-09,1.68128479512784e-09,3.31698235929523e-09,1.15005283650597e-09,1.24758865518358e-09,8.34962344484784e-10,1.26589086910154e-09,1.46183995275175e-09,1.35495703704267e-09,1.06613839436e-09,7.02672460268045e-10,5.77726271274415e-10,1.22309134603686e-09,8.0553962539029e-10,1.32252646370588e-09,5.81192785614574e-10,4.69548534100193e-10,3.90142939103616e-10,6.7228875274619e-10,5.48284031680391e-10,7.34205576292216e-10,6.12234445056704e-10,7.12211618072103e-10,1.14961501443131e-09,6.07009319922596e-10,1.2115456175786e-09,1.24984245317988e-09,9.27707698450179e-10,1.49339999648422e-09,3.14629427199695e-09,1.64892849417932e-09,2.80976690874011e-09,2.94852465363329e-09,1.91824939522055e-09,4.20282439695001e-09,2.42270008899368e-09,3.84100156248536e-09,3.865465981459e-09,3.78690986335492e-09,3.56795882107627e-09,1.8295592201864e-09,7.93465293428692e-10,3.10653871585663e-09,1.80697710706562e-09,3.19256802750004e-09,1.24540663450741e-09,5.93814491800541e-10,3.26003035388467e-10,1.26336232883007e-09,5.59187731058363e-10,1.18082700387588e-09,4.39236461483353e-10,2.6336931969505e-10,3.5950113279744e-10,4.43653556717836e-10,4.98115127639309e-10,5.71650255742145e-10,2.07671163352968e-10,3.07612683533968e-10,3.03126226559336e-10,4.0713265627184e-10,3.04521328775351e-10,2.77106308918221e-10,2.66369843753108e-10,2.10337090195589e-10,9.76435098436917e-11,2.30760388445156e-10,1.55877615120317e-10,2.23539855734072e-10
9.25525423497664e-10,1.75895099545621e-09,1.91096719800628e-09,1.86621583482663e-09,2.06950890327507e-09,2.02917175238957e-09,2.21885662000068e-09,2.31393324864363e-09,4.77286616713533e-09,2.57280704251434e-09,4.51857974561059e-09,4.60856668451768e-09,2.84978444872413e-09,5.83645830499144e-09,1.50240271931836e-08,5.53294024388096e-09,1.2800623868693e-08,1.21555933577608e-08,4.48350317688639e-09,1.11513997216732e-08,4.86947891132088e-09,9.41717677552606e-09,9.24687569155235e-09,7.80058091919765e-09,8.78925321439406e-09,3.63109849119694e-09,1.89343431867886e-09,7.04646081989376e-09,3.50584698023023e-09,6.75169115227954e-09,2.52957019492391e-09,1.39376156559859e-09,1.67364203958617e-09,2.41785806251007e-09,1.66084290430395e-09,2.60400947657098e-09,1.15788568541852e-09,1.41694353765577e-09,8.21158650621872e-10,1.30089448243876e-09,1.60752319267941e-09,1.42860694498066e-09,1.24812624638612e-09,6.96917250789e-10,6.28460723766987e-10,1.3966530728519e-09,8.58916141896047e-10,1.5530784980812e-09,3.22738965638365e-10,7.16893361302885e-10,7.17943547124183e-10,6.13838620131665e-10,7.05133446180063e-10,7.93258927957274e-10,8.71532458345036e-10,9.24143237672266e-10,1.3797340726865e-09,1.00498111199693e-09,1.71558461619169e-09,1.83434079092749e-09,1.17123199104934e-09,1.87642073790055e-09,5.81473057506163e-09,2.22336719453576e-09,4.57293210238214e-09,4.8471757318372e-09,1.55559645210619e-09,4.54517361202629e-09,1.85676508715765e-09,3.55289122747466e-09,3.84016079174757e-09,2.97242026610298e-09,3.61063643395666e-09,1.55423850880897e-09,4.95150992576411e-10,3.0203401868889e-09,1.33366406447941e-09,2.73235333607466e-09,1.1051015334184e-09,4.09388484616992e-10,5.18509898877305e-10,9.31784142585964e-10,7.37455189928733e-10,1.15303655346306e-09,3.30414209125829e-10,4.46883387991444e-10,3.82228105638527e-10,5.6911045992908e-10,5.12718845655724e-10,5.51740091731214e-10,3.75247806503063e-10,3.02758637997937e-10,2.35068252503172e-10,4.17360271081682e-10,3.44755578149618e-10,4.72835926831927e-10
1.75749930751259e-09,3.41985442589265e-09,6.15530058896311e-09,3.21425432838193e-09,5.36925746753133e-09,5.0025516424291e-09,4.27118613431306e-09,7.57878645344451e-09,8.26678226077209e-09,6.82634626759399e-09,1.25533639559166e-08,1.13743431223984e-08,9.58551142220984e-09,1.0144457290795e-08,5.53294024388096e-09,1.56834386198727e-08,9.22152492843072e-09,1.43191210681409e-08,8.19250474087643e-09,4.30428026173951e-09,2.06599303504892e-09,7.31373308930464e-09,4.25018872970222e-09,7.16754483387106e-09,3.30184056254611e-09,1.62425194193018e-09,1.66648156953491e-09,3.26813495339674e-09,1.80436056174938e-09,3.24359016503045e-09,1.26061067272406e-09,1.39452339943046e-09,9.49574735716619e-10,1.39368807622834e-09,1.63151582277524e-09,1.466733266705e-09,1.17646601055035e-09,7.64905697555363e-10,6.73524247336098e-10,1.36083416495957e-09,9.38599689430659e-10,1.51246107819486e-09,6.27053437029822e-10,5.32572441157094e-10,4.51964229064783e-10,7.60815893842513e-10,6.11831559732437e-10,8.29098032625622e-10,8.15519416937232e-10,1.25792139605489e-09,2.08727984354556e-09,1.25213926836962e-09,1.84252433359085e-09,2.0054165902399e-09,1.70795143640009e-09,2.63977589317617e-09,2.89950145326616e-09,2.55476620341814e-09,4.55867011856638e-09,4.24817109086619e-09,3.41888476020105e-09,3.83769543557758e-09,2.33499977229441e-09,5.99796269279119e-09,3.55297298937245e-09,5.86034563936394e-09,3.24653896592618e-09,1.74733050002287e-09,8.26055973739982e-10,2.84969943036055e-09,1.83884260915722e-09,3.04455300943492e-09,1.21796020703806e-09,6.34920037804945e-10,3.49007269718091e-10,1.29931155099165e-09,5.45379145426522e-10,1.11500034539525e-09,5.34193815324223e-10,3.27333240260658e-10,3.92999149347035e-10,4.92596076464411e-10,4.28844011805643e-10,5.89048502260573e-10,2.52290503468886e-10,3.19281955294683e-10,3.88704353304843e-10,3.58156925371503e-10,3.83196004811521e-10,3.57637247677439e-10,3.07511894597578e-10,2.84641359097935e-10,1.0335930301549e-10,3.35812318091219e-10,1.91086398706967e-10,2.95945188331393e-10
1.74257588379499e-09,2.12833647061601e-09,3.69485280755706e-09,2.02867836616937e-09,3.7106991691588e-09,3.48158894867329e-09,2.65309873216455e-09,4.53441421388244e-09,8.75624031671860e-09,4.64742683879502e-09,7.48429177911625e-09,7.47289635521897e-09,5.65208986380937e-09,1.07715454935822e-08,1.2800623868693e-08,9.22152492843072e-09,1.97562475955615e-08,1.73323458293544e-08,8.46199497957688e-09,9.41588767200348e-09,4.80830609139477e-09,1.50122814174258e-08,7.81927117439504e-09,1.2924957084217e-08,7.37580983304833e-09,3.55577029072741e-09,2.05062465256174e-09,5.84229123368585e-09,3.45179281959746e-09,5.58396793690469e-09,2.47431831787689e-09,1.54169223785553e-09,1.81734620176309e-09,2.37486821974308e-09,1.82134991960218e-09,2.5767281206847e-09,1.26150659071228e-09,1.54104841354244e-09,9.13035183044923e-10,1.42931388475064e-09,1.73878206055275e-09,1.60256764451127e-09,1.3207469098971e-09,7.52088447086069e-10,6.67391328948587e-10,1.45650584074051e-09,9.24730127551563e-10,1.62687981978338e-09,5.87084594413104e-10,8.43986509740431e-10,1.30259803885689e-09,7.65320452463306e-10,1.42445410644246e-09,1.46189139990334e-09,1.11579357454227e-09,1.74949554219196e-09,2.65035585699912e-09,2.00809429265619e-09,2.83531204947527e-09,2.99533988085524e-09,2.24937217934662e-09,3.60260628938306e-09,5.07614903971202e-09,3.74176111991459e-09,7.19453384094943e-09,7.06228105376744e-09,3.08839258989065e-09,3.88070441671289e-09,1.87498726425343e-09,5.72849744856195e-09,3.27969985961011e-09,5.0962186461339e-09,3.00862784885077e-09,1.53472625362132e-09,6.33078726614355e-10,2.51525261516768e-09,1.36510162542897e-09,2.37618183953027e-09,1.10617468422155e-09,5.27832221619896e-10,6.45471424810772e-10,9.55768787282077e-10,9.00630617069239e-10,1.27928621947623e-09,4.2636758820784e-10,5.56326031164103e-10,4.27533071832948e-10,7.18536492464846e-10,5.63986687705089e-10,6.82468050750055e-10,4.62211331145331e-10,3.01930777388677e-10,2.63920816642918e-10,4.24902053632525e-10,4.17614441319477e-10,5.65581896733253e-10
1.9609367427935e-09,3.76778067759665e-09,6.37074654657108e-09,3.52499887263172e-09,5.73813928273935e-09,5.34784980940222e-09,4.71188610993921e-09,7.88284940885879e-09,7.39373175464247e-09,7.3158056543605e-09,1.14407066031757e-08,1.05724436766654e-08,1.00465341512768e-08,9.13812124743659e-09,1.21555933577608e-08,1.43191210681409e-08,1.73323458293544e-08,2.42236527582303e-08,7.2356104893948e-09,9.04175957247937e-09,4.57557998295791e-09,1.32158635416903e-08,7.49351338926798e-09,1.1372879732887e-08,7.07896098676534e-09,3.4372486878823e-09,2.10550657807724e-09,5.61808241633699e-09,3.42894996517516e-09,5.37660450456965e-09,2.43686396517145e-09,1.59751224502496e-09,1.9246911126784e-09,2.40513591668178e-09,1.9194274032424e-09,2.61151644917629e-09,1.31746517922353e-09,1.63156304601042e-09,1.04001217522455e-09,1.53574134778954e-09,1.92985952320422e-09,1.85503486635194e-09,1.39968099214072e-09,8.36034944588579e-10,7.59062755310867e-10,1.59401388772043e-09,1.00767360603366e-09,1.75944566431011e-09,8.78158427778349e-10,1.44331045540325e-09,2.25723474077191e-09,1.50150034628217e-09,2.09754198377537e-09,2.30580899373257e-09,1.96207434101491e-09,2.95333608396497e-09,2.42347371422684e-09,2.98596019554697e-09,4.50719194150598e-09,4.26700696418765e-09,3.78167862176105e-09,3.23063229134045e-09,4.84861645429417e-09,5.79106454984813e-09,6.65054191079953e-09,9.8328798351513e-09,2.76417338736937e-09,3.62539120679859e-09,1.90701093245867e-09,5.25499798509681e-09,3.20389117477759e-09,4.83889666996297e-09,2.83338394869969e-09,1.52078626280744e-09,6.18741671554692e-10,2.44171185074773e-09,1.29195745580339e-09,2.21409766161736e-09,1.14156177746685e-09,5.52476613385598e-10,6.58931193795084e-10,9.66148023048734e-10,9.21328440316746e-10,1.32067118332745e-09,4.64389967841995e-10,5.63696105558118e-10,4.74815048757744e-10,7.44968285967569e-10,6.00608129994345e-10,8.26912702803522e-10,5.12021783167724e-10,3.41981362813307e-10,2.42370665523737e-10,4.81989142466553e-10,3.88187571571204e-10,5.10426502304915e-10
1.33147474583145e-09,1.5260641807566e-09,2.84484957563573e-09,1.47501190392701e-09,2.76875630578183e-09,2.61682191518775e-09,1.85879306085414e-09,3.40296682463558e-09,7.8536376883541e-09,3.38415260840043e-09,6.62833080730994e-09,6.49481155661949e-09,4.21981257210128e-09,9.56175863127295e-09,4.48350317688639e-09,8.19250474087643e-09,8.46199497957688e-09,7.2356104893948e-09,1.22405021029409e-08,5.46141724843085e-09,2.49339904707225e-09,1.07503058920581e-08,5.35020704999148e-09,1.04035938765258e-08,4.18340246917692e-09,1.91126299400171e-09,1.89743552370665e-09,4.05402519311987e-09,2.07332187149465e-09,4.0664784866195e-09,1.41666306659281e-09,1.56014785639826e-09,1.02721654834276e-09,1.55707786340536e-09,1.86329369638536e-09,1.74345520332307e-09,1.33365622000408e-09,8.59286998157189e-10,7.27987828137494e-10,1.55150010273336e-09,9.89533128694891e-10,1.67169605096809e-09,7.03071532097335e-10,5.73637490409714e-10,5.28955816688211e-10,8.00964466232466e-10,7.11191444309753e-10,9.11635873982204e-10,5.69937751307958e-10,6.17228133863748e-10,1.00278265901063e-09,5.06871895818175e-10,1.0954305748521e-09,1.08766770856241e-09,8.09750971678316e-10,1.27057666585054e-09,2.66531932518861e-09,1.4434408958858e-09,2.43466500274205e-09,2.64483921447756e-09,1.64688788256077e-09,3.56537226128853e-09,1.82906463280041e-09,3.2947819851798e-09,3.10504879511385e-09,3.0346616097412e-09,4.92032629850437e-09,2.34200114190804e-09,9.70590131394904e-10,4.2911412182527e-09,2.40086589908705e-09,4.39565925210133e-09,1.59578853443475e-09,7.45350103430807e-10,5.22029179088442e-10,1.69460511175953e-09,6.77503208149201e-10,1.49439368344431e-09,5.37812211635179e-10,4.081906596251e-10,4.7974239817458e-10,5.44144966934308e-10,7.05670168384812e-10,7.04717632712326e-10,3.10644099685881e-10,4.09458310877485e-10,3.43833463840355e-10,5.83933736241307e-10,3.47768628970611e-10,3.8065986888255e-10,3.65221726269257e-10,2.18432176443633e-10,1.71937305761602e-10,2.9024096220945e-10,2.05980426846523e-10,3.16654562127263e-10
