1.82079120207782e-08,8.89776385026109e-09,3.90512763953909e-09,1.54245048099419e-08,8.22822326308142e-09,1.40357570363074e-08,7.16003781774172e-09,3.07019982030378e-09,3.43983425523662e-09,6.51800332855375e-09,3.5687138025571e-09,6.87650406905566e-09,2.47992809641327e-09,2.86217008094152e-09,2.21632226461381e-09,2.76503823721666e-09,3.37882794657213e-09,3.35964010833163e-09,2.26944698164538e-09,1.89438827135564e-09,1.30833160265803e-09,2.83082222615627e-09,1.90014234137743e-09,2.79215913707665e-09,1.63946632068672e-09,1.07093915543316e-09,8.47025485239474e-10,1.55954255459337e-09,1.25736624266245e-09,1.73658707948368e-09,9.47699185421519e-10,7.88479615458138e-10,8.77406384682897e-10,1.11803604674648e-09,1.07835552012975e-09,1.42174711986181e-09,8.01919315899848e-10,7.45805010605493e-10,6.6818266872958e-10,9.9217879292748e-10,8.51858602159794e-10,1.12357304275757e-09,8.09343612214927e-10,6.67110155047915e-10,7.34263432304931e-10,9.5719575370135e-10,8.34295051721242e-10,1.06965241423844e-09,1.19917528292801e-08,5.78632355706781e-09,2.48725136571292e-09,1.00919031181732e-08,5.64832345601246e-09,9.51007664780196e-09,4.50671832378105e-09,1.89788985563936e-09,1.52254273734585e-09,4.40526902408908e-09,1.93853699972072e-09,4.2579883022928e-09,1.62674298571325e-09,1.2576617756641e-09,1.24953904621533e-09,1.5784702254645e-09,1.91440056880845e-09,2.02142105619915e-09,9.33130262127569e-10,1.05133360881339e-09,7.45853630420776e-10,1.57360755036065e-09,1.07272927826548e-09,1.42693041424937e-09,8.7802562053295e-10,7.37227651177178e-10,5.46901075234806e-10,9.94623058338157e-10,6.52073347812526e-10,9.52363078433162e-10,7.08382791593217e-10,5.74131171925805e-10,6.1455188114841e-10,6.33492293424983e-10,8.01798430870284e-10,7.88911861721219e-10,5.21518024592673e-10,5.32322097528075e-10,4.73976789212354e-10,7.21965659130758e-10,5.68022818919454e-10,6.97354250420157e-10,5.78378122295834e-10,4.33416614095028e-10,3.7759043343974e-10,6.25340763973264e-10,4.90223099299093e-10,7.32072646708625e-10
8.89776385026109e-09,2.07245422425287e-08,8.64635918749676e-09,1.60195028238552e-08,1.73885071133508e-08,1.30260631379238e-08,1.65697596096427e-08,6.55455210835072e-09,3.56590197795007e-09,1.38231073417581e-08,6.36731300104885e-09,1.3562873403789e-08,5.07079459134571e-09,2.83613016772695e-09,3.43025150265055e-09,4.7532534142423e-09,3.33905946726282e-09,5.1213812704385e-09,2.32577662346862e-09,2.92577512990237e-09,1.67000586999364e-09,2.68197626613432e-09,2.93629278732821e-09,2.73898533398662e-09,2.55074468374106e-09,1.39649622104728e-09,1.23948080787499e-09,2.48222832568395e-09,1.83190951880252e-09,2.90873328824473e-09,1.30428071342936e-09,1.16410860704806e-09,1.11161404368559e-09,1.69923727616238e-09,1.3860986039024e-09,1.91365919889561e-09,1.13150912434831e-09,9.45232481896962e-10,6.99006674219366e-10,1.25813765254423e-09,1.06960712161552e-09,1.36348039441568e-09,9.34321415848672e-10,6.79883974024167e-10,7.78730341866692e-10,1.04829911244338e-09,8.92675681562031e-10,1.19503223692469e-09,6.02705143426056e-09,1.34447389032145e-08,6.09810609314856e-09,1.0124101244768e-08,1.18124672406008e-08,8.63925827829671e-09,1.0456647835314e-08,4.27423255050421e-09,1.9527063187857e-09,9.06439740704186e-09,3.90596190174921e-09,8.18723105769171e-09,3.28390203367122e-09,1.33440460131176e-09,2.09179698839712e-09,2.66584876800726e-09,1.90967832974613e-09,3.28486320038235e-09,1.0254882171653e-09,1.91866183449828e-09,1.12391802758008e-09,1.51829033236305e-09,1.90257301252657e-09,1.58492665538463e-09,1.43570781720691e-09,9.44037975194077e-10,6.90366829997041e-10,1.52714872934469e-09,1.17263098825291e-09,1.6142697015088e-09,9.85789837603198e-10,6.09308473712423e-10,6.09064229497573e-10,1.12497679624064e-09,7.35421222818456e-10,1.19687548685013e-09,6.12086319842745e-10,5.1019941742531e-10,5.61351325168296e-10,6.65540134454872e-10,7.61830489221201e-10,8.77097082907467e-10,5.44297183592012e-10,5.56556253213215e-10,5.18562883214436e-10,7.99986360578751e-10,6.14796411771939e-10,7.85865212525934e-10
3.90512763953909e-09,8.64635918749676e-09,1.97913812250027e-08,7.43322900455896e-09,1.64900458514612e-08,1.46804532290632e-08,6.55856738586593e-09,1.53497032819214e-08,7.40021688928374e-09,1.23779528335252e-08,1.31522489991016e-08,1.04752627135256e-08,1.23287393072133e-08,5.82460699919723e-09,3.46869364606262e-09,1.02709934247298e-08,6.02352778904627e-09,1.01478142464601e-08,4.6272856892039e-09,2.79254102548385e-09,2.87357956051498e-09,4.74811365671639e-09,2.84457352013742e-09,4.46479613742026e-09,2.41196210355794e-09,2.3421291634334e-09,1.48296464126348e-09,2.34719883854969e-09,2.77134559136741e-09,2.55273855826782e-09,2.13596013517015e-09,1.34949938039509e-09,1.14931647927348e-09,2.53917307259041e-09,1.54530498531164e-09,2.77929232088084e-09,1.33761052964975e-09,9.60598169976273e-10,8.10788970751249e-10,1.42020948112312e-09,1.16619605582372e-09,1.59354862913291e-09,9.25394758277132e-10,7.6088518522775e-10,7.35732656861631e-10,1.09093646293039e-09,8.72424791972763e-10,1.18978431887975e-09,2.73380043391907e-09,5.94272715209376e-09,1.28290192638052e-08,5.20580883830711e-09,1.07832496440191e-08,9.11054528716531e-09,4.39633031171452e-09,9.86583355276924e-09,3.66501366833766e-09,8.20811243240679e-09,8.08130420018786e-09,6.71721536437273e-09,7.85018595655935e-09,2.67014930794249e-09,1.24279062405827e-09,6.13403174498488e-09,2.88691660776148e-09,6.1999375221227e-09,2.12492110662103e-09,1.2437941203397e-09,1.65060690206856e-09,2.33631999662311e-09,1.24535867324972e-09,2.15627144951296e-09,9.63719683411856e-10,1.36869944050794e-09,7.11591960989901e-10,9.44412461905305e-10,1.71854045415684e-09,1.01997723538118e-09,1.2956993091189e-09,6.03211489925627e-10,7.18571583950848e-10,1.57689879933287e-09,7.08250104220309e-10,1.72682450677564e-09,6.85814166241639e-10,6.46259881670635e-10,5.08776892767525e-10,6.90062358320159e-10,8.59544163233947e-10,8.49918237278309e-10,6.94429883033532e-10,4.09662458109733e-10,5.38854474359611e-10,7.59918444882624e-10,5.49753271538213e-10,8.71572159803495e-10
1.54245048099419e-08,1.60195028238552e-08,7.43322900455896e-09,2.42855085504601e-08,1.28604011000445e-08,1.96644818911154e-08,1.25256994980349e-08,5.69315456614765e-09,3.53819884703063e-09,9.9681929124763e-09,5.64665997210634e-09,9.66625977212302e-09,4.47190751519797e-09,2.85456083549736e-09,3.75487841300157e-09,4.30385174315655e-09,3.37372694354641e-09,4.87333650410848e-09,2.36390486062056e-09,3.29272784686066e-09,1.86560845114875e-09,2.80387540866858e-09,3.35768662037958e-09,2.81684181534057e-09,2.87806871442697e-09,1.58120295345855e-09,1.26065691510374e-09,2.85545210644257e-09,1.97745431852392e-09,3.31458075318697e-09,1.41982284820155e-09,1.17850405463311e-09,1.10551007871502e-09,1.8073886070687e-09,1.39775814679853e-09,2.00544811860766e-09,1.20079208174708e-09,1.01210998827572e-09,7.76901469950947e-10,1.37129066598662e-09,1.13892863621648e-09,1.46053625273596e-09,1.04288563929666e-09,7.73667759489035e-10,8.77903552159437e-10,1.16934950299515e-09,9.75384549921545e-10,1.29532163988996e-09,1.09076880841968e-08,1.03985347494322e-08,5.29833991986254e-09,1.50535156788312e-08,9.14342656152299e-09,1.3156413709886e-08,7.71264956368619e-09,3.67063939168639e-09,1.96065977515741e-09,6.77241840481107e-09,3.32295169659694e-09,6.27329487557638e-09,3.01174940312348e-09,1.47392829883628e-09,2.30715290594274e-09,2.52936974058367e-09,2.22996823401542e-09,3.14349243899385e-09,1.13085411939791e-09,2.1415170123438e-09,1.0912033281426e-09,1.90612509977333e-09,2.05449637910626e-09,1.72401335382902e-09,1.68319907793943e-09,9.66338985730083e-10,8.05543910259589e-10,1.71466394732092e-09,1.16456461448923e-09,1.94807792242777e-09,9.69418538596809e-10,7.95845139621762e-10,6.75062570670351e-10,1.14380704444676e-09,8.90049211099691e-10,1.06204321547676e-09,7.9331500171767e-10,6.42442821942283e-10,6.02739429837311e-10,8.64543310277304e-10,9.07345043181091e-10,9.64199059130428e-10,7.03878323601045e-10,5.92094728518927e-10,5.11370388956424e-10,9.81777725075884e-10,5.42319703636268e-10,8.0559714587365e-10
8.22822326308142e-09,1.73885071133508e-08,1.64900458514612e-08,1.28604011000445e-08,2.70017524367245e-08,2.09813589873705e-08,1.3825827264599e-08,1.23754368326634e-08,6.55133883392041e-09,2.09297726638329e-08,1.04052966859297e-08,1.83646787216671e-08,9.75556993793842e-09,5.10123975932664e-09,3.43018012387044e-09,7.74654283967163e-09,5.50074385085558e-09,7.93847737013944e-09,4.1322700920511e-09,2.76506938048869e-09,3.12867221409716e-09,4.36310197613436e-09,2.88757406983497e-09,4.27464209879933e-09,2.40170678847078e-09,2.60379042159007e-09,1.72251546936409e-09,2.43369477543524e-09,3.15900033471067e-09,2.7678608379541e-09,2.45737202147489e-09,1.62501354618474e-09,1.31727413521336e-09,2.97271623902221e-09,1.86301684620399e-09,3.18053972998208e-09,1.56206470187636e-09,1.05659255072698e-09,9.16500324105308e-10,1.67127596148697e-09,1.20631468741069e-09,1.84681915367033e-09,1.02171882198288e-09,8.71628551004533e-10,8.6833725441626e-10,1.14764658717345e-09,1.05923411945414e-09,1.27737943976327e-09,5.3783254524366e-09,1.17471378475902e-08,1.0295610199085e-08,8.61591194411294e-09,1.69609158338712e-08,1.25423223980324e-08,9.16277636162141e-09,7.53845224611229e-09,2.86392281575011e-09,1.32371559489604e-08,6.07609719937638e-09,1.09176240957343e-08,5.91118692200791e-09,1.9713566861903e-09,1.85481680040704e-09,4.35631780087959e-09,2.7495783635142e-09,4.94244229497073e-09,1.57815348770413e-09,1.6610341403341e-09,1.90781727404727e-09,2.19208108606854e-09,1.6259272368611e-09,2.24190159834556e-09,1.32472173882482e-09,1.62874786269586e-09,9.02766136089858e-10,1.3010040924981e-09,2.06802170020132e-09,1.67880561432537e-09,1.67508383981388e-09,8.18763168900971e-10,7.15919005781779e-10,1.97971772098003e-09,8.86398530642451e-10,2.10886397615192e-09,8.70581844792071e-10,6.04716714209473e-10,5.43122809984039e-10,8.37268434989715e-10,8.36181671204729e-10,1.06601667015899e-09,6.56850526418217e-10,4.90903953065001e-10,6.22149497178055e-10,7.68909607260063e-10,7.23484554969255e-10,8.47310817913002e-10
1.40357570363074e-08,1.30260631379238e-08,1.46804532290632e-08,1.96644818911154e-08,2.09813589873705e-08,2.9119975757638e-08,1.00876950293553e-08,1.10741682230712e-08,6.2525004283042e-09,1.59552976045303e-08,9.17399904962135e-09,1.3518821309237e-08,8.86459930904896e-09,4.94204032483811e-09,3.60475728509532e-09,6.9506865427554e-09,5.43929973076391e-09,7.43983199136799e-09,3.97514449484951e-09,2.911720608224e-09,3.39610403231776e-09,4.3182319172799e-09,3.09375337442324e-09,4.22114616102001e-09,2.47988085062469e-09,2.84419999625315e-09,1.76774097377444e-09,2.5596464740932e-09,3.3446950962621e-09,2.82017224999885e-09,2.63237696448807e-09,1.66328645495119e-09,1.24461134186775e-09,3.11547969420747e-09,1.87946003091587e-09,3.2416650341696e-09,1.63962788017706e-09,1.09929415490384e-09,9.83864354736565e-10,1.80331007915559e-09,1.25939732410234e-09,1.8917815775248e-09,1.09422708922866e-09,9.84692590615971e-10,9.57865122371761e-10,1.24671623530464e-09,1.15742833588802e-09,1.35032385926048e-09,9.85510983263751e-09,8.88835717643911e-09,9.13132079412687e-09,1.26061231649924e-08,1.37518768557694e-08,1.7901690043721e-08,6.66101219338752e-09,6.69348495497431e-09,2.46690448710057e-09,1.05199415361341e-08,5.05396292938183e-09,8.48372890559402e-09,5.43402379990091e-09,1.81239238193046e-09,1.7316642371237e-09,3.89106814977247e-09,2.70925224357849e-09,4.40604477645856e-09,1.44801644380704e-09,1.56164468194378e-09,1.90597660585358e-09,2.21514579300527e-09,1.53404260496766e-09,2.12700093053847e-09,1.20899386641209e-09,1.70489246342554e-09,1.0172210590662e-09,1.24986311630749e-09,2.05474294168111e-09,1.65177409201651e-09,1.67714717073707e-09,9.62892014160582e-10,6.55009332935621e-10,1.92599055465795e-09,1.02368259329645e-09,1.8972021737515e-09,1.00774256801521e-09,6.00028616845309e-10,5.47796434910854e-10,1.02961268843789e-09,7.69238417805307e-10,1.06150452580403e-09,6.33257954020876e-10,5.62605617292879e-10,6.40033846878021e-10,7.45486523292121e-10,7.46914823666124e-10,7.00110316487055e-10
7.16003781774172e-09,1.65697596096427e-08,6.55856738586593e-09,1.25256994980349e-08,1.3825827264599e-08,1.00876950293553e-08,2.15207924325658e-08,7.99250016132818e-09,4.28022013956065e-09,1.83643222299807e-08,7.88403609033134e-09,1.80427070777351e-08,6.15628868732232e-09,3.38139365338771e-09,4.10780768899457e-09,5.89340112666298e-09,4.00641357317609e-09,6.41394619487503e-09,2.63394183397811e-09,3.34319346679453e-09,1.92032299279489e-09,2.9768263619546e-09,3.40392953690263e-09,3.12588083100934e-09,2.86080845457771e-09,1.60822091520948e-09,1.35217375103148e-09,2.8799771862246e-09,2.02082075489691e-09,3.28216851861073e-09,1.4213020594232e-09,1.28218891697436e-09,1.2360675241303e-09,1.85023443278434e-09,1.54143954636286e-09,2.05060799036114e-09,1.16611642773035e-09,1.02271440833667e-09,8.7955403257591e-10,1.33065355209157e-09,1.27108332104551e-09,1.55236895138797e-09,9.26865308972544e-10,7.74495361400243e-10,7.82172576188744e-10,1.14479479329753e-09,9.7196174441349e-10,1.24949938291155e-09,4.90600491963795e-09,1.04558316783667e-08,4.27773105849890e-09,7.67068245062135e-09,9.06451772606941e-09,6.43361314699172e-09,1.51575722949065e-08,5.35299653789423e-09,2.46862373861968e-09,1.27139484875217e-08,5.11875273597056e-09,1.17932152639968e-08,4.08916487113038e-09,1.70626765709925e-09,2.27626274564547e-09,3.61627907129393e-09,2.4181085871325e-09,4.28788069282464e-09,1.30037095749213e-09,2.23783057095696e-09,1.20052404736402e-09,1.89378470166128e-09,2.13376273077426e-09,1.95644590435188e-09,1.71822305253767e-09,1.01918709385154e-09,8.39380236760015e-10,1.72417751057505e-09,1.33520439803994e-09,1.82772369816251e-09,1.02030710719774e-09,6.91591039700402e-10,8.22277128146519e-10,1.225582059069e-09,8.73922654605239e-10,1.31654916936384e-09,6.27120206774355e-10,6.70913877066506e-10,6.47267886798561e-10,7.21004814392945e-10,9.52503449463869e-10,9.77649300333748e-10,6.04809047047871e-10,6.10986184105549e-10,5.3483374822921e-10,9.09521039026224e-10,7.31960720697636e-10,9.27457387724701e-10
3.07019982030378e-09,6.55455210835072e-09,1.53497032819214e-08,5.69315456614765e-09,1.23754368326634e-08,1.10741682230712e-08,7.99250016132818e-09,1.79166620012506e-08,8.54784863052172e-09,1.49473786440999e-08,1.56125087285081e-08,1.29405936314137e-08,1.41488803959212e-08,6.6245643626906e-09,3.92957239772655e-09,1.20303210711823e-08,6.98297696798032e-09,1.20532940344291e-08,5.00682055455259e-09,2.96454609413027e-09,3.04385071428544e-09,5.12536700278014e-09,3.03623881737548e-09,4.86079163312713e-09,2.51621482790052e-09,2.50602700485719e-09,1.60679539013813e-09,2.47485234842098e-09,2.93430762857468e-09,2.72926168181888e-09,2.27427576690231e-09,1.46320669441554e-09,1.25562495181879e-09,2.67670358736562e-09,1.68104451621168e-09,2.95792589842623e-09,1.29950996453412e-09,9.95713320412194e-10,8.25433158283626e-10,1.41462866091556e-09,1.23520677706005e-09,1.64536776322933e-09,9.049348479584e-10,7.27971659280821e-10,6.77585075354102e-10,1.10100977892076e-09,8.30099001330599e-10,1.15541316641516e-09,2.29185909240356e-09,4.3922876585586e-09,9.86673352950218e-09,3.97726216345455e-09,8.20487164146216e-09,7.02392760235527e-09,5.91676849290531e-09,1.15590356620425e-08,4.58425419958879e-09,9.95693982111502e-09,9.76656101490494e-09,8.43960444638717e-09,9.06022140738128e-09,3.29533714815333e-09,1.39846311080426e-09,7.38159714500581e-09,3.75845558881533e-09,7.65034430874606e-09,2.50321123341583e-09,1.33208747125897e-09,1.75214593979608e-09,2.8200524993357e-09,1.38639239933485e-09,2.5382880484534e-09,1.00483755177317e-09,1.46555652731721e-09,9.21490184440745e-10,1.02538837859514e-09,1.89067341823782e-09,1.17634515509425e-09,1.36375479142073e-09,7.48417247614177e-10,8.65998918072689e-10,1.68888234195577e-09,8.11717918243847e-10,1.77517582197333e-09,6.84271479324202e-10,7.47405937977982e-10,5.30833013985098e-10,6.6749290746166e-10,9.24498045130446e-10,8.02712701765303e-10,7.35426414917593e-10,4.48099986926432e-10,4.48245395200446e-10,8.30610274800543e-10,5.58147897217094e-10,9.14994657050325e-10
3.43983425523662e-09,3.56590197795007e-09,7.40021688928374e-09,3.53819884703063e-09,6.55133883392041e-09,6.2525004283042e-09,4.28022013956065e-09,8.54784863052172e-09,2.13069604436259e-08,7.86015015145737e-09,1.81403079898657e-08,1.68991774578823e-08,6.62904973296743e-09,1.63842416910096e-08,8.54667828581528e-09,1.37140285602091e-08,1.47046655906674e-08,1.23345201933461e-08,1.26897691059751e-08,6.42553042151821e-09,3.30753552119632e-09,1.10613403205935e-08,5.84914480149712e-09,1.00735948461942e-08,5.27461708412169e-09,2.62752680328766e-09,2.67415471218006e-09,4.59445312276433e-09,3.01031634307592e-09,4.83311472436663e-09,2.05958756687434e-09,2.36688559140855e-09,1.59075774854009e-09,2.37535034277704e-09,2.67032479249256e-09,2.49949799414947e-09,2.01999416999981e-09,1.26607405313409e-09,1.03590849781502e-09,2.24153995955266e-09,1.5468666288392e-09,2.54590677403504e-09,1.17232825551692e-09,9.30564447574134e-10,1.01947121607153e-09,1.40388258200407e-09,1.09894249415643e-09,1.50624477320186e-09,2.02579944651446e-09,2.41304699334797e-09,4.61649526861635e-09,2.34259233313491e-09,4.39403402421515e-09,3.7079702240346e-09,3.34125929017752e-09,5.54288824491256e-09,1.12782921761349e-08,5.99324739590122e-09,1.06883739555754e-08,1.16083076095467e-08,4.17755978271306e-09,8.69962361858487e-09,4.40877497057354e-09,7.94768819179118e-09,8.46389075509114e-09,7.93849489853047e-09,6.803639413419e-09,3.47938607019234e-09,2.00588862772823e-09,6.2087101942266e-09,3.02967427957497e-09,5.22190890101554e-09,2.63008239119145e-09,1.71619437452243e-09,1.5499174222667e-09,2.29807055724131e-09,1.85662352040843e-09,2.2523726029306e-09,1.46456268709568e-09,1.32742279484704e-09,1.0855023486305e-09,1.72744829350586e-09,1.50451961927699e-09,1.58772825936079e-09,1.05235807548823e-09,8.50438751230022e-10,7.46700405751195e-10,1.21073758810928e-09,1.13301240445084e-09,1.44386655827522e-09,8.18786039397643e-10,7.10968830659928e-10,6.43307743953872e-10,1.07673171949216e-09,6.87276123782062e-10,1.10767343964171e-09
6.51800332855375e-09,1.38231073417581e-08,1.23779528335252e-08,9.9681929124763e-09,2.09297726638329e-08,1.59552976045303e-08,1.83643222299807e-08,1.49473786440999e-08,7.86015015145737e-09,2.7223471528321e-08,1.29229929009269e-08,2.43197707430076e-08,1.16478235351915e-08,6.04669116643369e-09,4.11389790665878e-09,9.58250264878338e-09,6.68028899356544e-09,1.00328001728881e-08,4.63321306782885e-09,3.10487894310715e-09,3.34290574552257e-09,4.90338925015082e-09,3.19960400955939e-09,4.76371779500199e-09,2.65249472610729e-09,2.79707544969069e-09,1.87287775754481e-09,2.6530476459065e-09,3.34963246103362e-09,2.97310741053261e-09,2.61087662862519e-09,1.77160579070452e-09,1.43192902921024e-09,3.15862789150706e-09,2.00958575182646e-09,3.35211284711326e-09,1.55994006566831e-09,1.12871051199759e-09,1.01572254624248e-09,1.68997346156728e-09,1.38105804921532e-09,1.9890265743166e-09,1.02758611981149e-09,8.85222712265374e-10,8.43826537731582e-10,1.23618260348691e-09,1.07257812741775e-09,1.32643344016201e-09,4.33458333901208e-09,9.15952648507111e-09,7.54125407397076e-09,6.51528648449911e-09,1.323503605102e-08,9.53040224839176e-09,1.38883443121218e-08,9.704066587542e-09,3.55551631831173e-09,1.82865649873482e-08,7.98118595620841e-09,1.56241450606272e-08,7.56404760533876e-09,2.4867528952667e-09,1.9547910571597e-09,5.78599281340267e-09,3.509380925436e-09,6.54562974792616e-09,1.85641260246996e-09,1.8648225521416e-09,2.01118086858402e-09,2.61784511734844e-09,1.77128935704153e-09,2.54460743249092e-09,1.47678094106191e-09,1.70554522748977e-09,1.05021243258959e-09,1.36149282632478e-09,2.28260279746383e-09,1.81450655232386e-09,1.71692561572711e-09,9.03383876662859e-10,9.11010975858329e-10,2.12004582375166e-09,9.75945403941491e-10,2.1498121780616e-09,8.10575629771435e-10,7.22427118148917e-10,5.98868477141902e-10,7.99458063825128e-10,9.47578428347713e-10,1.0803884985744e-09,6.87874579487648e-10,5.20505928620744e-10,5.84314806724741e-10,8.45922359042844e-10,7.84813142421872e-10,9.85439077209551e-10
3.5687138025571e-09,6.36731300104885e-09,1.31522489991016e-08,5.64665997210634e-09,1.04052966859297e-08,9.17399904962135e-09,7.88403609033134e-09,1.56125087285081e-08,1.81403079898657e-08,1.29229929009269e-08,2.75573344645999e-08,2.35681112973979e-08,1.20349067055185e-08,1.37123992116213e-08,8.2721117529692e-09,2.0980571603508e-08,1.24474573433474e-08,1.91000264397246e-08,1.0471052713803e-08,6.19599338561508e-09,3.38537767094568e-09,9.11568665467933e-09,5.73727319054141e-09,8.30770159838208e-09,5.06394243659028e-09,2.71653309491008e-09,2.95649087496618e-09,4.53558358413648e-09,3.19609968935496e-09,4.89824934126454e-09,2.07504876833817e-09,2.63637983593584e-09,1.88199882965465e-09,2.51504753324313e-09,2.97926537948638e-09,2.63395406134601e-09,2.27836599247414e-09,1.45741926863177e-09,1.15069359352209e-09,2.49728531105211e-09,1.87054055999545e-09,2.91411643755748e-09,1.35802207033024e-09,1.03605401120469e-09,1.05776038380014e-09,1.7086298205675e-09,1.2300065430374e-09,1.76590497726957e-09,2.5962552583419e-09,4.19292216592296e-09,8.4676212682768e-09,3.89668538594286e-09,7.08311803021314e-09,6.00032297688131e-09,6.21122524608119e-09,9.95398505798946e-09,9.0732939660282e-09,9.18102278120135e-09,1.6099365790443e-08,1.51768227657718e-08,7.55115720901716e-09,6.94405111895627e-09,3.73605974420268e-09,1.21051597388948e-08,6.93310001512863e-09,1.19023975553428e-08,5.44199179212577e-09,3.07167532363715e-09,1.85233478179835e-09,5.15128118270471e-09,2.6972314777088e-09,4.16167509328368e-09,2.19048034783353e-09,1.63345019878315e-09,1.60629467049893e-09,2.0543911935124e-09,1.84403476876847e-09,2.1146189753492e-09,1.45257786778438e-09,1.31885867879848e-09,1.30334192520847e-09,1.66792002465235e-09,1.51296219627983e-09,1.62523818524307e-09,1.0649442642185e-09,9.6947252459482e-10,8.3474440013703e-10,1.12522949803203e-09,1.38866233816938e-09,1.50702228245935e-09,9.97451268652114e-10,7.53093909103514e-10,6.25771684565729e-10,1.34525840287961e-09,8.01789800439492e-10,1.37866029619094e-09
6.87650406905566e-09,1.3562873403789e-08,1.04752627135256e-08,9.66625977212302e-09,1.83646787216671e-08,1.3518821309237e-08,1.80427070777351e-08,1.29405936314137e-08,1.68991774578823e-08,2.43197707430076e-08,2.35681112973979e-08,3.79430997786879e-08,9.709091244768e-09,1.25504922173312e-08,8.25315888551086e-09,1.73873342591667e-08,1.1653492438472e-08,1.62514866750859e-08,9.67212130965072e-09,6.08296664191229e-09,3.54974957016792e-09,8.45099852347854e-09,5.48181602873398e-09,7.70282129226997e-09,4.94596221088891e-09,2.79934776503333e-09,3.22126045197719e-09,4.31621538369006e-09,3.36469787933666e-09,4.6365463340751e-09,2.24220096580912e-09,2.94826495938305e-09,2.10685324956989e-09,2.79788852966854e-09,3.35030118519039e-09,2.96362004034839e-09,2.46056364292262e-09,1.58314894251856e-09,1.36953584529401e-09,2.74602625517932e-09,2.09632426585139e-09,3.27323175241155e-09,1.45640147076531e-09,1.19370871419823e-09,1.21211367700552e-09,1.90024346115746e-09,1.4285185572591e-09,1.98589522323926e-09,4.71102814743302e-09,9.09283162186397e-09,6.31144069367208e-09,6.41096129450512e-09,1.17395189248097e-08,8.22481933863076e-09,1.43588307425968e-08,8.23287509209983e-09,7.63518578014469e-09,1.7099835805692e-08,1.39943099043697e-08,2.44881155372527e-08,6.15016784095803e-09,5.84052472666503e-09,4.06613555256381e-09,1.02026311402796e-08,6.43633074600071e-09,1.05917297036361e-08,4.60863413677574e-09,3.42906076474965e-09,1.76720206764848e-09,4.71542324290224e-09,2.62797032997384e-09,3.89874999985726e-09,2.54059326213134e-09,1.5390298762136e-09,1.61736522347418e-09,2.00542743503114e-09,2.07845236552705e-09,2.54955841209844e-09,1.54297370940405e-09,1.35548984131557e-09,1.39890062587789e-09,1.94334620348709e-09,1.5362508263622e-09,1.87851570626583e-09,1.04402414534566e-09,9.79042676613163e-10,9.27457270265003e-10,1.13759306901422e-09,1.47950554982306e-09,1.7013315179455e-09,9.59196553294481e-10,8.20981924517353e-10,7.61451876389316e-10,1.3995835602922e-09,9.30714988776879e-10,1.4545818944656e-09
2.47992809641327e-09,5.07079459134571e-09,1.23287393072133e-08,4.47190751519797e-09,9.75556993793842e-09,8.86459930904896e-09,6.15628868732232e-09,1.41488803959212e-08,6.62904973296743e-09,1.16478235351915e-08,1.20349067055185e-08,9.709091244768e-09,1.77708684620152e-08,7.89717878154702e-09,4.7880492067577e-09,1.49455824552265e-08,8.35954074308427e-09,1.49851956020638e-08,6.01647320354265e-09,3.57036204564101e-09,3.68294100371596e-09,6.19467487442506e-09,3.74961244062059e-09,6.03341402092392e-09,3.03918293937138e-09,3.07033431432572e-09,1.86722365681068e-09,3.09655536519183e-09,3.51381507369767e-09,3.33235771076794e-09,2.76337597577595e-09,1.69217598733397e-09,1.45679830687665e-09,3.17102026403083e-09,2.01260505270567e-09,3.52175224999087e-09,1.4825029026192e-09,1.16635272316514e-09,1.05992408327429e-09,1.70239971975478e-09,1.5042551308252e-09,1.9999943437768e-09,1.00253827036543e-09,9.08072939181074e-10,8.11473354327204e-10,1.27928269078264e-09,1.06757388685792e-09,1.42209081493345e-09,1.75834957533282e-09,3.35095593516998e-09,7.85247557040047e-09,3.12480901111256e-09,6.50703063543306e-09,5.66068708738715e-09,4.49481027087307e-09,9.06068942078373e-09,3.29420134105723e-09,7.80498419938352e-09,7.38234532922282e-09,6.27196637603728e-09,1.09740670009171e-08,4.27016865815007e-09,2.13066299944491e-09,8.93689950979331e-09,4.81997445869828e-09,9.23493809975723e-09,3.37379283862856e-09,1.84060150054683e-09,2.22025301916932e-09,3.68507705765004e-09,1.99207157077958e-09,3.51007419572727e-09,1.44224809979391e-09,1.87243291830917e-09,1.06707664326663e-09,1.5415797257001e-09,2.44928213416697e-09,1.65637730551477e-09,1.76472189316868e-09,8.79336875886964e-10,1.03617260181565e-09,2.19936732572991e-09,1.03274421726637e-09,2.24229724977289e-09,7.81705866559275e-10,9.05353927878209e-10,7.63882176103033e-10,8.60696416525827e-10,1.20170007562977e-09,1.08905692896079e-09,7.91387931767011e-10,6.24840371611033e-10,5.42499073361082e-10,1.02454646309507e-09,7.23942401031072e-10,1.07165319190786e-09
2.86217008094152e-09,2.83613016772695e-09,5.82460699919723e-09,2.85456083549736e-09,5.10123975932664e-09,4.94204032483811e-09,3.38139365338771e-09,6.6245643626906e-09,1.63842416910096e-08,6.04669116643369e-09,1.37123992116213e-08,1.25504922173312e-08,7.89717878154702e-09,1.93167539787136e-08,1.00232821398619e-08,1.61621635692833e-08,1.74003753879416e-08,1.45900041183818e-08,1.49674723276131e-08,7.49600370937526e-09,3.90390302045161e-09,1.31902369398724e-08,6.98105145370135e-09,1.21613454948406e-08,6.15801316754401e-09,3.14683223691751e-09,3.04876782565776e-09,5.54952045155119e-09,3.53461687199913e-09,5.79872610479426e-09,2.51046061044778e-09,2.70960577093846e-09,1.90247473037842e-09,2.82537037005552e-09,3.16087379624482e-09,2.99757226800669e-09,2.27966720188522e-09,1.51358735027104e-09,1.22203932276216e-09,2.60031022454878e-09,1.83055880039217e-09,2.93126401649187e-09,1.32379160888269e-09,1.05746384472905e-09,1.09846672687015e-09,1.5540412089289e-09,1.26304293214598e-09,1.73160009258677e-09,1.72365561905415e-09,2.05249336401632e-09,3.51969993485386e-09,1.99761631749909e-09,3.42491158972111e-09,2.90511562333201e-09,2.72226085232181e-09,4.17492969320119e-09,8.69594217131535e-09,4.53580207575971e-09,7.94466850940427e-09,8.49026676198393e-09,4.85543745713668e-09,1.07941820510366e-08,5.23354863989925e-09,9.46797593152018e-09,1.04834658641194e-08,9.30321401487141e-09,8.64719286383159e-09,4.14360687633183e-09,2.40112271363488e-09,8.00629064056261e-09,3.7329470555478e-09,6.96601366365489e-09,3.31709602463794e-09,2.10717870445743e-09,1.79546316181768e-09,2.96536185700751e-09,2.27630010502683e-09,2.90967929459233e-09,1.8206985170494e-09,1.57992053542737e-09,1.24658892864802e-09,2.18797305944148e-09,1.81958290886778e-09,2.03346256064207e-09,1.22365999029349e-09,9.65318555790258e-10,9.41244343561799e-10,1.42740392033608e-09,1.32206702528077e-09,1.72929975677893e-09,8.90847682969801e-10,8.55708838348318e-10,7.64097671911178e-10,1.17553933742257e-09,8.49353539043786e-10,1.21541183137217e-09
2.21632226461381e-09,3.43025150265055e-09,3.46869364606262e-09,3.75487841300157e-09,3.43018012387044e-09,3.60475728509532e-09,4.10780768899457e-09,3.92957239772655e-09,8.54667828581528e-09,4.11389790665878e-09,8.2721117529692e-09,8.25315888551086e-09,4.7880492067577e-09,1.00232821398619e-08,2.62309255364565e-08,9.76217576569665e-09,2.14579222096331e-08,2.05671023741533e-08,7.50393886791119e-09,1.98387075582576e-08,8.59788061411157e-09,1.59810247779614e-08,1.57578495874122e-08,1.24063811423361e-08,1.63163848694643e-08,6.79587888248736e-09,3.15306496523859e-09,1.26294427951073e-08,6.64028338862921e-09,1.21736283494451e-08,5.42696734233173e-09,2.63341166262751e-09,3.35138653529093e-09,5.29849944715242e-09,3.03822934879828e-09,5.44525116221544e-09,2.15385890403322e-09,2.73553484369478e-09,1.6981160788669e-09,2.36825085343342e-09,3.17305562251203e-09,2.60897382178009e-09,2.5477620593253e-09,1.4762328939913e-09,1.2888832393336e-09,2.8812229294678e-09,1.67414092064861e-09,3.12787832550852e-09,1.83111478686535e-09,2.54695275074421e-09,2.19954580863037e-09,2.54059381331321e-09,2.71242970745798e-09,2.19952042446111e-09,2.89655792963552e-09,2.41980152596304e-09,5.0579071351661e-09,3.21205507794949e-09,4.92356721425585e-09,5.78276129509784e-09,2.84210844340195e-09,6.38956228116905e-09,1.44635528838928e-08,5.93483984447651e-09,1.38217307721318e-08,1.2480868572945e-08,5.00039596032943e-09,1.14638621447789e-08,5.28108515468996e-09,1.06041864579687e-08,8.8851558933306e-09,7.90188615611893e-09,9.35265029737902e-09,4.29262614265997e-09,2.00055607223497e-09,7.14885631773593e-09,4.00290204854647e-09,6.43234095753952e-09,3.77202294242812e-09,1.73427116058222e-09,2.02292010463787e-09,3.56916128021546e-09,1.91141680058146e-09,3.50548349289923e-09,1.43679930955495e-09,1.64523720981023e-09,1.39534451371961e-09,1.56812097560285e-09,2.22861314144143e-09,2.0008501779528e-09,1.55423731116266e-09,1.19919122229457e-09,8.63622094560481e-10,1.97979762020453e-09,1.29627494226126e-09,2.09869142029097e-09
2.76503823721666e-09,4.7532534142423e-09,1.02709934247298e-08,4.30385174315655e-09,7.74654283967163e-09,6.9506865427554e-09,5.89340112666298e-09,1.20303210711823e-08,1.37140285602091e-08,9.58250264878338e-09,2.0980571603508e-08,1.73873342591667e-08,1.49455824552265e-08,1.61621635692833e-08,9.76217576569665e-09,2.54754407546115e-08,1.46833603143481e-08,2.32031038721345e-08,1.24014757341612e-08,7.27670808623312e-09,4.06584410352691e-09,1.08588197442419e-08,6.9532212523348e-09,1.01387398271668e-08,5.92615820470441e-09,3.2878186107563e-09,3.34482518069286e-09,5.53677555516441e-09,3.78801703110411e-09,5.8784555434367e-09,2.59284899822722e-09,2.99582509975233e-09,2.23379382014993e-09,3.0463561492634e-09,3.49938635853265e-09,3.28222565235814e-09,2.58299433938005e-09,1.75458428742437e-09,1.45552768414847e-09,2.93992718776878e-09,2.24846540365603e-09,3.38518358099117e-09,1.5209416039902e-09,1.24936559651628e-09,1.17111030619745e-09,1.92203705602407e-09,1.47833913700588e-09,2.05158231105891e-09,1.92231890280875e-09,3.15369625988852e-09,6.47306781111106e-09,2.96400072773097e-09,5.26332767175529e-09,4.50221868390704e-09,4.66040220173293e-09,7.54863833741925e-09,6.93987478667178e-09,6.79236597342036e-09,1.21023443400398e-08,1.10955157376041e-08,8.97128951133782e-09,8.79668644330447e-09,4.55783546357035e-09,1.45194909671216e-08,8.65831023650329e-09,1.4091400365784e-08,7.07358901407919e-09,3.60975143730064e-09,2.31686690010991e-09,6.6230971625727e-09,3.41519494088191e-09,5.77218373550687e-09,2.73910702563225e-09,2.04000192077696e-09,1.83319372402075e-09,2.68222003648314e-09,2.25412471555883e-09,2.65480983001368e-09,1.84913302126891e-09,1.53367876943518e-09,1.54560360638394e-09,2.11424159230182e-09,1.88952930666864e-09,2.17775329214633e-09,1.22329050047849e-09,1.18912233817457e-09,1.1364304966731e-09,1.44364415540936e-09,1.69227385941257e-09,1.84218873418044e-09,1.10678952965419e-09,9.77670994023533e-10,7.68491726237853e-10,1.49057949262531e-09,1.00583773119398e-09,1.4565322757756e-09
3.37882794657213e-09,3.33905946726282e-09,6.02352778904627e-09,3.37372694354641e-09,5.50074385085558e-09,5.43929973076391e-09,4.00641357317609e-09,6.98297696798032e-09,1.47046655906674e-08,6.68028899356544e-09,1.24474573433474e-08,1.1653492438472e-08,8.35954074308427e-09,1.74003753879416e-08,2.14579222096331e-08,1.46833603143481e-08,3.18899002616041e-08,2.76231967877901e-08,1.3196062375407e-08,1.59757874986314e-08,7.90908200536761e-09,2.39592186716717e-08,1.23481938546111e-08,1.91723683161115e-08,1.31636783126607e-08,6.17134448874368e-09,3.10190880517176e-09,9.73554079712283e-09,6.02470079768585e-09,9.37298859896351e-09,4.8538808673943e-09,2.56989692835938e-09,3.67413411391869e-09,4.73426494390532e-09,3.02546715175e-09,4.87212945608399e-09,2.16194011380951e-09,3.08471299163766e-09,1.86567390640414e-09,2.46012378222992e-09,3.58163590728803e-09,2.69334513473803e-09,2.85451318583883e-09,1.70259772049533e-09,1.45811865093316e-09,3.29305608888338e-09,1.91680874298022e-09,3.57843802083273e-09,1.96891442402305e-09,2.6020051172982e-09,3.86407849536406e-09,2.28727614798349e-09,4.0894947359397e-09,3.16120021203237e-09,3.33945470805119e-09,4.65110526023464e-09,7.75297730385278e-09,5.22343292919393e-09,7.61217683637991e-09,8.40124936304337e-09,5.3880627457966e-09,9.99577181940826e-09,1.20419964049306e-08,9.1623347478456e-09,1.94064835620651e-08,1.72974929869467e-08,7.93948000547137e-09,9.51295889752816e-09,5.02599008160746e-09,1.49469833390181e-08,7.14965301629964e-09,1.14607229834237e-08,7.83656947156546e-09,4.18913092025552e-09,2.09268988749832e-09,5.72652862772049e-09,3.88162626255511e-09,5.26241562027627e-09,3.57600586561763e-09,1.87872389310363e-09,2.37546451038984e-09,3.48471687097756e-09,2.0231225781336e-09,3.27683878701254e-09,1.4983790887056e-09,2.04708968257057e-09,1.45996225802462e-09,1.59775507914874e-09,2.59416485016954e-09,1.94700318243047e-09,1.91097703153558e-09,1.3564167999713e-09,1.00834834784061e-09,2.3514479168551e-09,1.29746970372317e-09,2.40063545857522e-09
3.35964010833163e-09,5.1213812704385e-09,1.01478142464601e-08,4.87333650410848e-09,7.93847737013944e-09,7.43983199136799e-09,6.41394619487503e-09,1.20532940344291e-08,1.23345201933461e-08,1.00328001728881e-08,1.91000264397246e-08,1.62514866750859e-08,1.49851956020638e-08,1.45900041183818e-08,2.05671023741533e-08,2.32031038721345e-08,2.76231967877901e-08,3.86739896636293e-08,1.0857581685747e-08,1.52405936904485e-08,7.78331833690404e-09,2.03351559216334e-08,1.18603400708978e-08,1.60598421627601e-08,1.25169275243471e-08,6.06459596886632e-09,3.2706520261118e-09,9.34144133633086e-09,6.02770975834506e-09,9.10353198446136e-09,4.71849209187036e-09,2.79574091891194e-09,3.85854665875341e-09,4.75245539740618e-09,3.29813362845115e-09,4.92467282575878e-09,2.41114637630817e-09,3.2023064224433e-09,1.98484409791714e-09,2.72622636275956e-09,3.83975150833215e-09,3.11803997734396e-09,2.96494858173196e-09,1.77265295475855e-09,1.46791854218403e-09,3.5285955821689e-09,2.08060899888193e-09,3.86960017304361e-09,2.25187353344859e-09,3.42523473592388e-09,7.0164116288563e-09,3.26595127925785e-09,5.67784329658752e-09,4.86696144462161e-09,5.18627868401265e-09,8.2172873507408e-09,6.28723488045869e-09,7.32794485102199e-09,1.17974775199193e-08,1.10418810738308e-08,9.7553888643176e-09,8.25712276863806e-09,1.07120852330585e-08,1.43663075969427e-08,1.66751350074768e-08,2.38781602301809e-08,6.60104631766889e-09,8.44787080506608e-09,4.78568783398879e-09,1.29021613001339e-08,6.65787252642442e-09,9.89056506690533e-09,6.84566859859021e-09,3.91135927458883e-09,2.19997225652965e-09,5.29235050230245e-09,3.69403509589185e-09,4.83709305550897e-09,3.4652806342862e-09,1.96362181559788e-09,2.57201911457235e-09,3.33738018314951e-09,2.18765134008026e-09,3.35541876409661e-09,1.67141823166411e-09,2.1789380460147e-09,1.55010122806591e-09,1.78026582640348e-09,2.74088153920154e-09,2.21515159940912e-09,2.06009889626859e-09,1.4069914874162e-09,1.02956564620846e-09,2.50219493019883e-09,1.43778366818402e-09,2.49161149485403e-09
2.26944698164538e-09,2.32577662346862e-09,4.6272856892039e-09,2.36390486062056e-09,4.1322700920511e-09,3.97514449484951e-09,2.63394183397811e-09,5.00682055455259e-09,1.26897691059751e-08,4.63321306782885e-09,1.0471052713803e-08,9.67212130965072e-09,6.01647320354265e-09,1.49674723276131e-08,7.50393886791119e-09,1.24014757341612e-08,1.3196062375407e-08,1.0857581685747e-08,1.92958461874096e-08,9.40579405146532e-09,4.92174874726112e-09,1.74562584388529e-08,8.96968636823892e-09,1.64415232638454e-08,7.63497640946132e-09,3.92429903318124e-09,3.6507337530655e-09,7.05481851156591e-09,4.41836052728025e-09,7.31141530199188e-09,3.14808325872641e-09,3.22614324228e-09,2.23852355673439e-09,3.56096640748329e-09,3.59436377512713e-09,3.68902559009697e-09,2.77637060916752e-09,1.80382826689701e-09,1.43149620742333e-09,2.98452796192175e-09,2.19341374820092e-09,3.38188264732322e-09,1.58231533945398e-09,1.24882528896544e-09,1.35801067806551e-09,1.87060037887164e-09,1.55222990154543e-09,2.14256656841072e-09,1.30707059890354e-09,1.73010304242443e-09,2.94372366764428e-09,1.59400946277264e-09,2.85279004631602e-09,2.35510708612936e-09,2.08677995451027e-09,3.21231724339582e-09,6.79892177650241e-09,3.50776685487825e-09,6.23654877604979e-09,6.90653787828981e-09,3.82054226140861e-09,8.64781776093142e-09,4.14490708441905e-09,7.51590301249233e-09,8.01046524177825e-09,7.05978083686775e-09,1.14492570781498e-08,4.78778429649494e-09,3.00713694893614e-09,9.94171933077592e-09,4.94310044120714e-09,9.52868643232827e-09,3.82870578940207e-09,2.61182092057574e-09,2.3125811882833e-09,3.97277372901114e-09,2.86212933639814e-09,3.73238740419911e-09,2.26847990093277e-09,2.02265464953498e-09,1.46731228232167e-09,2.62262288228239e-09,2.20581731072291e-09,2.52888286088017e-09,1.62571241076214e-09,1.16359493838771e-09,1.11983115226996e-09,1.76777724962603e-09,1.57999576191187e-09,2.05450342809543e-09,1.07932245884582e-09,1.01828967691034e-09,8.66617580929677e-10,1.41711138081299e-09,1.09675641720121e-09,1.53751036881957e-09
