3.50471997578025e-08,1.6697044944486e-08,7.82165231899921e-09,2.922833850922e-08,1.62514312902524e-08,2.83045805871048e-08,1.40951066653407e-08,6.25577379720222e-09,6.71338686101564e-09,1.35329427372378e-08,6.99444497026324e-09,1.40716538951252e-08,5.28459808479155e-09,5.5978060432099e-09,4.96604342871262e-09,5.73797723117776e-09,7.00516084578329e-09,6.70740806911634e-09,4.76677382353185e-09,4.22200064097545e-09,3.43402000620722e-09,5.9816544293627e-09,4.63510089359209e-09,6.26216835310144e-09,3.57246707318507e-09,2.94802222844772e-09,2.23143460545223e-09,3.82734130470572e-09,3.70210884930056e-09,4.5000188992414e-09,2.6974654887968e-09,2.0122502210343e-09,1.88849090111521e-09,3.33742210185121e-09,2.57490355168211e-09,4.00322555936737e-09,1.9546222856684e-09,1.78154244573982e-09,1.63010054723345e-09,2.39825461183395e-09,2.1457316362278e-09,2.69667046931853e-09,1.72292830449409e-09,1.54959334626307e-09,1.8233348003555e-09,2.10662862695902e-09,2.22321608323903e-09,2.75607838058035e-09,2.60622401631789e-08,9.96889512522272e-09,5.86733167269184e-09,1.99517333711933e-08,1.06763394047976e-08,2.00367944691296e-08,8.72057670413168e-09,4.88538136269798e-09,5.17127849994550e-09,9.22169444553946e-09,4.97005350908776e-09,9.1311414940254e-09,3.89442424288301e-09,4.37776027015581e-09,3.33202822664402e-09,3.83050812938118e-09,5.76588299616952e-09,4.58356440428802e-09,3.70681644305108e-09,2.86781594758882e-09,2.17442173358587e-09,5.14259529972617e-09,3.48460196890173e-09,5.67736678332971e-09,2.50291429960848e-09,1.75867049971899e-09,1.62840124795396e-09,2.82915767564787e-09,2.19002679983318e-09,2.87404407483935e-09,1.5466122515344e-09,1.48239280675864e-09,1.22082131440819e-09,1.96831814294451e-09,1.81304400167214e-09,2.57525756461643e-09,1.43828742717579e-09,1.22360747738901e-09,1.29825150452175e-09,1.66611834108611e-09,1.67212490087471e-09,1.97203157173769e-09,1.08794684944782e-09,1.24061511777144e-09,1.19571459990035e-09,1.57617163462619e-09,1.58701966593925e-09,2.05497896238283e-09
1.6697044944486e-08,3.86727392553608e-08,1.7150479436859e-08,2.98516560783987e-08,3.48441535706886e-08,2.66890310794567e-08,3.26849272137535e-08,1.39066846351593e-08,8.04647967127288e-09,2.93130357620555e-08,1.42194287126189e-08,2.87413266341368e-08,1.13187101632383e-08,6.13138031980087e-09,5.70816133358419e-09,1.11497825845373e-08,7.03494803627057e-09,1.19704141485664e-08,5.08843170691421e-09,4.9340290131584e-09,3.92284640732662e-09,5.81792865801571e-09,5.7765237872209e-09,6.36604333286603e-09,4.00739172862667e-09,3.24739781385158e-09,2.37505717882307e-09,4.54488516179476e-09,3.71250901806547e-09,4.99654572353704e-09,2.99428714551788e-09,2.12336118951205e-09,1.74727655116878e-09,3.31740411404153e-09,2.54819772481516e-09,3.74668759640931e-09,1.95669611880448e-09,1.69382266616099e-09,1.69768423710863e-09,2.33504572701877e-09,2.25454230899844e-09,2.9405553955171e-09,1.61585774483072e-09,1.5269589148328e-09,1.5127163842867e-09,2.13531232077897e-09,1.88930160365167e-09,2.47926782659062e-09,1.22594582540899e-08,2.52549478964063e-08,1.20233142658454e-08,2.02936330627339e-08,2.39017846328265e-08,1.86519180657365e-08,2.18432415808158e-08,9.88285568631753e-09,5.10920985149088e-09,2.08681440559559e-08,1.00385555111841e-08,1.96219656332141e-08,7.53252522357736e-09,4.18301304385178e-09,4.0042319595848e-09,7.75596143068716e-09,4.99105008837671e-09,8.50210660480272e-09,3.59110620453298e-09,3.62999092532618e-09,2.46093503983299e-09,4.35097270450663e-09,3.8362161167032e-09,4.5896276745287e-09,2.93629852144009e-09,2.0380390893366e-09,1.71171285315063e-09,3.08583209183141e-09,2.36116191256885e-09,3.23900489929074e-09,1.98617601595801e-09,1.53475466650539e-09,1.17339720255128e-09,2.19604916577951e-09,1.7606838811122e-09,2.48045071148655e-09,1.42922837512724e-09,1.06013906440222e-09,1.06479164074961e-09,1.594311966663e-09,1.54915919582649e-09,2.1715425932292e-09,1.04227410487127e-09,1.03825812624735e-09,1.15303179350365e-09,1.48405517855246e-09,1.33523303622346e-09,1.87951272973679e-09
7.82165231899921e-09,1.7150479436859e-08,3.9619896002128e-08,1.52641099834549e-08,3.40677220382678e-08,3.10347984338168e-08,1.39155860577118e-08,3.06455946915585e-08,1.5386160445026e-08,2.64858432536962e-08,2.72259717028453e-08,2.37678360268072e-08,2.50528085991538e-08,1.24087475297658e-08,6.41597692166783e-09,2.1965831723822e-08,1.29417815819923e-08,2.22621523893799e-08,9.93755714285434e-09,5.21794827018791e-09,4.71002874679132e-09,1.03606883636238e-08,5.5153837819925e-09,1.00441645849968e-08,4.29848886425669e-09,4.02404472686052e-09,2.63858266061102e-09,4.6157967898417e-09,4.55787152078218e-09,4.7666685503707e-09,3.59938453473431e-09,2.37340607540939e-09,2.17187658609135e-09,4.08876163964815e-09,2.92631338893688e-09,4.81505987016379e-09,2.17737493700235e-09,2.10394183037735e-09,2.2024437508265e-09,2.6846193336854e-09,2.76231014236447e-09,3.39645501829757e-09,2.03338682142946e-09,1.88017575157743e-09,1.64311502211995e-09,2.46252218933579e-09,2.03448781415045e-09,2.66258302456671e-09,6.00231122423611e-09,1.20338315000482e-08,2.72631125980782e-08,1.13463171303355e-08,2.27869632244166e-08,2.09206740706832e-08,1.00015014311129e-08,2.17732493168653e-08,9.51338863208665e-09,1.85544356402948e-08,1.89196541847447e-08,1.65353744793722e-08,1.72507619237536e-08,7.70731199798643e-09,3.96309642944424e-09,1.47564559984033e-08,8.4125333108698e-09,1.51394342360038e-08,6.23532701302036e-09,3.3175089441119e-09,2.84131047287716e-09,6.90919290165367e-09,3.76643763088699e-09,7.03717968557936e-09,2.77168000113334e-09,2.40641414839873e-09,1.79054549363912e-09,3.22703763051382e-09,2.504343764559e-09,2.8183326115492e-09,2.28823246462836e-09,1.77006989508589e-09,1.33834868524261e-09,2.41095221572687e-09,1.55439739510798e-09,2.80542568532604e-09,1.62969061801803e-09,1.18284405326123e-09,1.50903244567169e-09,1.41116054393678e-09,2.01650206160677e-09,2.30090366200542e-09,1.20634348575359e-09,1.2821697007387e-09,1.22346747134806e-09,1.81390375901888e-09,1.63483970590496e-09,1.99545493407583e-09
2.922833850922e-08,2.98516560783987e-08,1.52641099834549e-08,4.50882205573964e-08,2.67149837783275e-08,4.0572017165119e-08,2.50324064640159e-08,1.21357647794827e-08,7.60103720032635e-09,2.21665672761081e-08,1.24759195453136e-08,2.15333175215848e-08,9.89341026164623e-09,6.02756969069315e-09,6.86570928449013e-09,9.88348190943686e-09,7.68476882217235e-09,1.1406248433789e-08,4.82578907216047e-09,5.81137915100786e-09,4.45814555236109e-09,6.17006154213344e-09,6.56807681268307e-09,6.56089535309179e-09,4.93840153916152e-09,3.84463665818458e-09,2.85809165525203e-09,5.41356886098281e-09,4.64450994860389e-09,6.20675332205096e-09,3.57165417673288e-09,2.60252528967596e-09,2.315645797512e-09,4.25388907518617e-09,3.11758531102334e-09,4.76789831718476e-09,2.36420509028351e-09,2.13112465144415e-09,1.89790086501359e-09,2.79364423356973e-09,2.65634671927246e-09,3.38250171792895e-09,2.04225117398665e-09,1.81063821716549e-09,1.94217055810431e-09,2.59544118103273e-09,2.28993333624187e-09,3.00692280642908e-09,2.09817904134641e-08,1.89918095189494e-08,1.15666035189474e-08,3.08405614359707e-08,1.82700734699166e-08,2.89971046416684e-08,1.64955464244724e-08,9.40098828398818e-09,5.28345984891172e-09,1.56710959165195e-08,8.8601048519778e-09,1.44714073596627e-08,7.08337177747854e-09,4.35904879444276e-09,4.65030347206282e-09,6.73168293113904e-09,5.91012780750592e-09,7.91896051305624e-09,3.62774936030665e-09,4.12755574251357e-09,2.78649348463272e-09,5.0523511560949e-09,4.47053066255019e-09,5.22745389448085e-09,3.48541286871492e-09,2.31537842202311e-09,2.10501381471449e-09,3.65031911328336e-09,2.86714255572606e-09,3.90079190157133e-09,2.17689984560522e-09,1.92718343574234e-09,1.57131468204643e-09,2.679488807451e-09,2.14900258244289e-09,3.07607784275828e-09,1.77608270919995e-09,1.40565105910285e-09,1.43157425609437e-09,1.97534945729577e-09,1.91128870146407e-09,2.41878664978903e-09,1.34748114745191e-09,1.42673259431056e-09,1.46980998711329e-09,1.88443012634685e-09,1.85458558055722e-09,2.35565798942049e-09
1.62514312902524e-08,3.48441535706886e-08,3.40677220382678e-08,2.67149837783275e-08,5.68185748817879e-08,4.58279269926165e-08,2.93194561673365e-08,2.64808443114981e-08,1.56043764035625e-08,4.6144323109074e-08,2.40459401922512e-08,4.24289171441173e-08,2.16210072118049e-08,1.22847648139074e-08,7.19701923443145e-09,1.91593216038701e-08,1.28280682751479e-08,1.94897615183226e-08,9.82842038637918e-09,5.81122956063716e-09,5.75429289773297e-09,1.02005564478287e-08,6.42942531514551e-09,1.02894205883259e-08,4.85204848315891e-09,4.94688087751445e-09,3.45561277849021e-09,5.44409468978207e-09,5.60999960105922e-09,5.69178161718035e-09,4.5136228666827e-09,3.07880047254031e-09,2.56733325201598e-09,4.99161632551872e-09,3.63777571232825e-09,5.5749579070983e-09,2.78492718631058e-09,2.42876953176263e-09,2.54712196295824e-09,3.25813846603489e-09,3.30209436706416e-09,4.15245652433692e-09,2.41363889095506e-09,2.40529227892707e-09,2.00078457457819e-09,3.19907494512743e-09,2.58967979894433e-09,3.50173953398677e-09,1.15253252336633e-08,2.29080506904736e-08,2.34247321295897e-08,1.73955186249117e-08,3.8978410107362e-08,3.12914971306007e-08,1.9901055891835e-08,1.90337085967669e-08,9.42935125621368e-09,3.34529483067517e-08,1.67942058071502e-08,2.91551032076598e-08,1.48468609497427e-08,7.535874482736e-09,4.4284136521361e-09,1.30650024022e-08,8.21914315864538e-09,1.34134127922283e-08,6.09962645350628e-09,3.84644872481031e-09,3.59426475959305e-09,6.80169260803605e-09,4.60074973543001e-09,7.27726912218799e-09,3.2128767657239e-09,3.01500785713788e-09,2.33529006543889e-09,3.96398322305668e-09,3.17438861169958e-09,3.49803709226496e-09,2.90523975987368e-09,2.22957667581226e-09,1.5724862729503e-09,3.07092273308806e-09,2.16362808039442e-09,3.39459088524954e-09,2.12909234189411e-09,1.37200456905208e-09,1.78085123514867e-09,1.96989888864953e-09,2.54102941319327e-09,3.07160821431870e-09,1.41239812512788e-09,1.74884018219907e-09,1.53458971087288e-09,2.47441977248357e-09,2.01557290438264e-09,2.71198938804514e-09
2.83045805871048e-08,2.66890310794567e-08,3.10347984338168e-08,4.0572017165119e-08,4.58279269926165e-08,6.36446474140763e-08,2.22262014314547e-08,2.36814768737652e-08,1.41475219031105e-08,3.66202142732009e-08,2.11503833537141e-08,3.27485513596624e-08,1.93714509890504e-08,1.13192173309234e-08,7.79728840536582e-09,1.68776868257542e-08,1.28239636427435e-08,1.80936714458834e-08,8.80416970477832e-09,6.26477275905731e-09,6.30617406934659e-09,9.92227753577682e-09,6.69046216098946e-09,9.81743787164774e-09,5.35634771124406e-09,5.55178082365841e-09,3.75846509269348e-09,5.81430763740129e-09,6.52606736750146e-09,6.25791397882617e-09,5.09613284740521e-09,3.40180666956726e-09,2.99925952043248e-09,5.88617132830184e-09,4.07173539597159e-09,6.70018461224067e-09,3.12155139205937e-09,2.81323363014338e-09,2.77032729661599e-09,3.7494013072772e-09,3.53024222636854e-09,4.5312146696463e-09,2.76723858613414e-09,2.68777295368262e-09,2.4778824556781e-09,3.4525793377091e-09,2.99996305050663e-09,3.79927360235668e-09,2.00869097342702e-08,1.67401438350285e-08,2.24851138265681e-08,2.7528059887347e-08,3.17036363342454e-08,4.4243852474327e-08,1.4534085303736e-08,1.76353208425292e-08,8.93098062129182e-09,2.64660943670947e-08,1.45691589744126e-08,2.2304858413706e-08,1.37171248568794e-08,7.24664625186469e-09,4.75673927712877e-09,1.13242831924725e-08,8.55535230137313e-09,1.18637435709514e-08,5.63549829080849e-09,3.96279905618952e-09,3.95522850993376e-09,6.85807379584155e-09,4.71359904536444e-09,7.36503562822107e-09,3.43626065697656e-09,3.3559244118439e-09,2.70624728959319e-09,4.15099478152854e-09,3.78305341725488e-09,3.77457477842793e-09,3.19398010214504e-09,2.56138338067795e-09,1.90196942061994e-09,3.62226321899639e-09,2.4173346916212e-09,4.06263906730706e-09,2.4877711313082e-09,1.69701596863366e-09,2.2020801488283e-09,2.3265666973514e-09,2.72859708744697e-09,3.27750536646023e-09,1.69597913861708e-09,2.1400637667638e-09,1.78489226109214e-09,2.69633322083245e-09,2.44643110537546e-09,2.90981051775339e-09
1.40951066653407e-08,3.26849272137535e-08,1.39155860577118e-08,2.50324064640159e-08,2.93194561673365e-08,2.22262014314547e-08,4.09684249948069e-08,1.71344088445806e-08,9.66088227110442e-09,3.69708104443216e-08,1.7901160867645e-08,3.67513867374464e-08,1.36643595598727e-08,7.23100544225556e-09,6.64096132374367e-09,1.37732558600684e-08,8.26793870854479e-09,1.45436207117952e-08,5.82974097961473e-09,5.64969954524326e-09,4.44299533956456e-09,6.6892108436229e-09,6.49798445972272e-09,7.40186972687915e-09,4.59888256747192e-09,3.61385795625275e-09,2.64111031888463e-09,5.15327357151122e-09,4.02535171063423e-09,5.57513762222214e-09,3.2812622502183e-09,2.37083779364591e-09,2.0386768839232e-09,3.61426417928524e-09,2.83977159651842e-09,4.00131406321295e-09,2.08211673222683e-09,1.79142794703653e-09,1.73460109939579e-09,2.47601784635400e-09,2.31247056116108e-09,3.07175992347306e-09,1.64458358532955e-09,1.49895582310251e-09,1.57697815501545e-09,2.12010052804993e-09,1.98703376834838e-09,2.58682479839663e-09,1.02180896845377e-08,2.18408597197782e-08,9.88496284983974e-09,1.71033560859673e-08,2.08680062082569e-08,1.56759811081788e-08,2.8772373554872e-08,1.19062777261643e-08,5.84813133637416e-09,2.60791730061381e-08,1.21935529152195e-08,2.51759788471874e-08,9.14729146670042e-09,4.51184085732529e-09,4.67930795519923e-09,9.73782869909879e-09,5.47080044809925e-09,1.05666208592805e-08,3.74339897658733e-09,4.08387446742784e-09,2.58747685392571e-09,4.57195828224149e-09,4.50908078971373e-09,4.87080850257813e-09,3.34363487004244e-09,2.06462375928647e-09,2.025370689601e-09,3.61245546056189e-09,2.49767908095158e-09,3.71922834364403e-09,1.96687387620499e-09,1.80149721321338e-09,1.36617316504839e-09,2.29592573134849e-09,2.11051068715137e-09,2.67052603236059e-09,1.56978937170473e-09,1.11813407045292e-09,1.08955794035632e-09,1.70519274125212e-09,1.56629341106039e-09,2.26973413477937e-09,1.06157829651212e-09,1.04564550218862e-09,1.29931087751833e-09,1.43736000634375e-09,1.52389921393529e-09,2.07100680513561e-09
6.25577379720222e-09,1.39066846351593e-08,3.06455946915585e-08,1.21357647794827e-08,2.64808443114981e-08,2.36814768737652e-08,1.71344088445806e-08,3.7305760424302e-08,1.8359458871494e-08,3.2410086250635e-08,3.37144933522179e-08,2.99334182530204e-08,2.98286511935934e-08,1.44029854674969e-08,7.11453091638725e-09,2.65271837405402e-08,1.45635653160023e-08,2.62376863858055e-08,1.1574603253075e-08,5.73978982075031e-09,5.00063244717362e-09,1.17122055389708e-08,6.09625315718408e-09,1.15232653940388e-08,4.75333172265331e-09,4.30297168345164e-09,3.02289226667938e-09,5.12314005194818e-09,4.91625850160916e-09,5.33732955748224e-09,3.84827055692933e-09,2.72230858861472e-09,2.47880000260785e-09,4.4185699324868e-09,3.25577347071922e-09,5.08654318459704e-09,2.24960305351668e-09,2.13580715915718e-09,1.95822530203605e-09,2.69008340200238e-09,2.69886684409858e-09,3.31962864258992e-09,1.91211694008421e-09,1.73605463073163e-09,1.70133366951864e-09,2.43245591870079e-09,2.07408955467516e-09,2.75236731842703e-09,4.91789446614127e-09,9.99237777920318e-09,2.1770295146849e-08,9.18373013995694e-09,1.85482650448032e-08,1.67928689302254e-08,1.35298747711128e-08,2.64898003419723e-08,1.0796825505307e-08,2.29040668400766e-08,2.3486330654432e-08,2.1016943280824e-08,2.09217133203149e-08,8.75135477508709e-09,4.17078111507687e-09,1.86313563647079e-08,9.27431507488979e-09,1.87893067849997e-08,7.07666602979548e-09,3.39286276767303e-09,2.87419401679364e-09,7.48188904271327e-09,3.870734248119e-09,7.12853983761391e-09,2.84378985561609e-09,2.46133008845115e-09,2.30782240465374e-09,3.3067034985157e-09,2.87582843967959e-09,3.12749630063615e-09,2.30907052730738e-09,2.20811815311138e-09,1.47042219773968e-09,2.71840316746504e-09,1.97978595718522e-09,3.08891522542271e-09,1.80892963334121e-09,1.20887095521823e-09,1.36994279445774e-09,1.52924408473582e-09,1.86522487957886e-09,2.21943636906871e-09,1.10417975495942e-09,1.35224842048704e-09,1.34157302936052e-09,1.79258618523775e-09,1.92076526960379e-09,2.24363284198202e-09
6.71338686101564e-09,8.04647967127288e-09,1.5386160445026e-08,7.60103720032635e-09,1.56043764035625e-08,1.41475219031105e-08,9.66088227110442e-09,1.8359458871494e-08,4.1733696469943e-08,1.8630875240007e-08,3.69861522848398e-08,3.57629737380594e-08,1.44097290377095e-08,3.28493170353896e-08,1.68522115390626e-08,2.85251600013763e-08,3.0357476180201e-08,2.65047614188266e-08,2.64074421289497e-08,1.35866322872591e-08,6.00318514722036e-09,2.42445761147279e-08,1.21466495277955e-08,2.1836652122703e-08,1.09200082322815e-08,4.95110338438967e-09,4.31545015967113e-09,9.79995757157528e-09,5.22177701552761e-09,9.46685100698958e-09,4.30230970213906e-09,3.8439775855535e-09,3.13933328988655e-09,4.53381752056131e-09,4.70201453696765e-09,5.32170127247277e-09,3.16726851301849e-09,2.52001364890256e-09,2.1809613893239e-09,3.76539804076484e-09,3.08269502730426e-09,4.37917647332367e-09,2.32196349292442e-09,1.94340143738005e-09,2.08031122185497e-09,2.7540936438009e-09,2.50983235721141e-09,3.26214081048094e-09,5.15573805909162e-09,6.31692297849123e-09,1.21893359706891e-08,5.58206322366165e-09,1.2151405101681e-08,9.82179567242758e-09,7.81514113314568e-09,1.35870617426817e-08,2.63953612495518e-08,1.46432256170252e-08,2.4677133185243e-08,2.55005911453998e-08,1.09755098485863e-08,2.13667961438649e-08,9.45151738816363e-09,1.93029694561481e-08,1.98759807509336e-08,1.84936685898787e-08,1.67375315770691e-08,7.1090843420182e-09,3.19223163801041e-09,1.57313990946627e-08,6.57961449037623e-09,1.41507550025396e-08,6.18835224813465e-09,2.6344159063307e-09,2.85048331455046e-09,5.61121127746089e-09,2.65978365417921e-09,5.14040042058226e-09,2.36403332797918e-09,2.77135562101214e-09,1.7504570902818e-09,2.50159437344447e-09,3.06448458837789e-09,3.05575131294013e-09,2.33599681394036e-09,1.36353770835482e-09,1.40312117273458e-09,2.44608875656758e-09,1.94752777234423e-09,2.96284776883626e-09,1.1783329941487e-09,1.35342825718409e-09,1.54160732602419e-09,1.7601926349552e-09,1.98106680535386e-09,2.18327749915498e-09
1.35329427372378e-08,2.93130357620555e-08,2.64858432536962e-08,2.21665672761081e-08,4.6144323109074e-08,3.66202142732009e-08,3.69708104443216e-08,3.2410086250635e-08,1.8630875240007e-08,5.72175995504798e-08,3.03846781907163e-08,5.35574409300863e-08,2.59300524837805e-08,1.43943222490231e-08,8.36946205317834e-09,2.36384000398301e-08,1.4860225064975e-08,2.36608362342567e-08,1.14808419670679e-08,6.73683566152634e-09,6.25443357574167e-09,1.17991565997801e-08,7.39787423078484e-09,1.20713503096542e-08,5.64607241838053e-09,5.34134946262683e-09,3.89432486634465e-09,6.24374093053114e-09,6.12125777035739e-09,6.53564020492602e-09,4.82747317176527e-09,3.49377679341815e-09,2.97871940940315e-09,5.4679889578816e-09,4.05592005110554e-09,5.92026152204362e-09,2.90755415076884e-09,2.53573825359785e-09,2.46810060866268e-09,3.38668432287514e-09,3.31962124907116e-09,4.23203447780299e-09,2.33817028596945e-09,2.28833608027409e-09,2.14208135670867e-09,3.12838651224231e-09,2.75224597418519e-09,3.63167207396608e-09,9.44371196422906e-09,1.98931375700006e-08,1.90327611773995e-08,1.44183853839367e-08,3.34484201747229e-08,2.57362222243779e-08,2.69988024151371e-08,2.31975481605898e-08,1.0633524624037e-08,4.12394860713948e-08,2.10129088565062e-08,3.70937891540506e-08,1.79691295747932e-08,8.48369835504622e-09,5.21299793447691e-09,1.66126475943025e-08,9.18711546528555e-09,1.67378693920238e-08,6.87870459788108e-09,4.30797477433108e-09,3.67356828913998e-09,7.4008387884835e-09,5.31239793652749e-09,7.89478278761804e-09,3.69391789363832e-09,3.02013427345862e-09,2.84654669959613e-09,4.53664234707117e-09,3.56295137597186e-09,4.16223807189689e-09,2.8875634556811e-09,2.66333162397987e-09,1.87645865727969e-09,3.40122176109858e-09,2.72674667814283e-09,3.89669392363366e-09,2.26818623944736e-09,1.4698765912717e-09,1.80436253251475e-09,2.08312496713086e-09,2.51877977073284e-09,3.14702501553673e-09,1.36936077513414e-09,1.85524808063404e-09,1.78205746780206e-09,2.43444125693006e-09,2.39683988213782e-09,3.04105036338819e-09
6.99444497026324e-09,1.42194287126189e-08,2.72259717028453e-08,1.24759195453136e-08,2.40459401922512e-08,2.11503833537141e-08,1.7901160867645e-08,3.37144933522179e-08,3.69861522848398e-08,3.03846781907163e-08,5.67414255936307e-08,5.0744285385198e-08,2.65323057452013e-08,2.85201191827948e-08,1.56282396773239e-08,4.37867111740526e-08,2.65007800619581e-08,4.06088319864023e-08,2.29611760990105e-08,1.24855812768527e-08,6.11424708266508e-09,2.11918803432079e-08,1.13651772816146e-08,1.90399352813249e-08,1.01334280786522e-08,5.08396814829095e-09,5.16473824469706e-09,9.39447493287399e-09,5.63554255056711e-09,9.28434822089313e-09,4.46677950696919e-09,4.58435204171224e-09,3.56338215930164e-09,4.92744701979772e-09,5.38429078808579e-09,5.66261580721705e-09,3.75717392563406e-09,3.01357234368804e-09,2.38578892077984e-09,4.40899161787707e-09,3.67594802825033e-09,5.19187630937153e-09,2.75035498684224e-09,2.09704605581411e-09,2.10038000455569e-09,3.29732528152934e-09,2.53598355552139e-09,3.58401296762708e-09,5.82524785764797e-09,1.0733296328785e-08,2.0190072526452e-08,9.86320752931916e-09,1.76970681155467e-08,1.53315789635427e-08,1.44525601807491e-08,2.46046655463175e-08,2.31933642003986e-08,2.2511158021624e-08,3.83105410713168e-08,3.52651617895998e-08,1.97097409828755e-08,1.86039229529227e-08,9.15965126162302e-09,2.99806837001271e-08,1.76357889849533e-08,2.88623937253986e-08,1.4894341754728e-08,7.06855012561598e-09,3.02945482202691e-09,1.41102707985902e-08,6.61678167934367e-09,1.23642792915729e-08,5.95027532226305e-09,2.58802689699029e-09,3.55200598827104e-09,5.61520140790636e-09,2.91006644121168e-09,5.2367726060497e-09,2.40916864641927e-09,3.43914930168898e-09,2.15067979244014e-09,2.74311846267964e-09,3.50521886540807e-09,2.90915133411177e-09,2.782619900526e-09,1.75910743002119e-09,1.63744902515669e-09,2.73671983363862e-09,2.25136820154908e-09,3.27991142066195e-09,1.62775843657165e-09,1.51311098785894e-09,1.60037004837101e-09,2.08668295533187e-09,2.38282157047384e-09,2.7048473876948e-09
1.40716538951252e-08,2.87413266341368e-08,2.37678360268072e-08,2.15333175215848e-08,4.24289171441173e-08,3.27485513596624e-08,3.67513867374464e-08,2.99334182530204e-08,3.57629737380594e-08,5.35574409300863e-08,5.0744285385198e-08,8.01825065951487e-08,2.33732882200301e-08,2.73111816436955e-08,1.62389190530606e-08,3.89736757405029e-08,2.55794760775209e-08,3.64394209488315e-08,2.16871512997945e-08,1.2662141487682e-08,6.58728071444662e-09,2.00439715272596e-08,1.16200588892321e-08,1.8187560152686e-08,1.03355179923177e-08,5.37835594272432e-09,5.86310074551568e-09,9.62639868958768e-09,5.91599822247736e-09,9.44119223605269e-09,4.73649931342048e-09,5.18920476428391e-09,4.10210890945181e-09,5.08062219907995e-09,5.99445747088174e-09,5.61139992215084e-09,4.31428594155715e-09,3.4476954152647e-09,2.80247768552519e-09,4.96623007955065e-09,4.25652956858344e-09,5.94660501517004e-09,3.24731368364078e-09,2.57577224054236e-09,2.58788507036715e-09,3.96347566740775e-09,3.15227303752543e-09,4.44223276239236e-09,9.99412473560386e-09,1.96145773969329e-08,1.79577221467144e-08,1.45329457850116e-08,3.12642927652763e-08,2.33620926524186e-08,2.70621812320172e-08,2.20870500949146e-08,2.20323282787909e-08,3.93836320626479e-08,3.48715229449932e-08,5.54147112532802e-08,1.72764489015213e-08,1.74099808053894e-08,9.94878822633362e-09,2.71136269632312e-08,1.66037185332196e-08,2.59864282583931e-08,1.35539677691733e-08,7.36201427328514e-09,3.453139089413e-09,1.28622421802362e-08,7.36719943467786e-09,1.19414157578768e-08,6.17454102671567e-09,2.83924507478931e-09,4.12443601738712e-09,6.24795553206333e-09,2.95098021823215e-09,5.38983024923182e-09,2.70006577923559e-09,3.87409325368577e-09,2.51943132722013e-09,2.77815326483705e-09,4.01068871927529e-09,3.02908739168137e-09,3.20214644645549e-09,1.97134008648007e-09,2.01036020779835e-09,3.13644276186439e-09,2.60440463653038e-09,3.94546272461786e-09,1.87094360840917e-09,1.98495314618355e-09,1.99815472784682e-09,2.48160715308298e-09,2.82679709087463e-09,3.37932457280805e-09
5.28459808479155e-09,1.13187101632383e-08,2.50528085991538e-08,9.89341026164623e-09,2.16210072118049e-08,1.93714509890504e-08,1.36643595598727e-08,2.98286511935934e-08,1.44097290377095e-08,2.59300524837805e-08,2.65323057452013e-08,2.33732882200301e-08,3.55126684410391e-08,1.64433113798781e-08,8.39652432449322e-09,3.18549133616527e-08,1.67785824569393e-08,3.14572306103502e-08,1.30837250277867e-08,6.6195876914497e-09,6.12807034990114e-09,1.3244346726747e-08,7.40948396812496e-09,1.33425138595626e-08,5.52860404727729e-09,5.19167167286614e-09,3.61657976816169e-09,6.26218913322509e-09,5.82072799589765e-09,6.37418240654358e-09,4.67224291813533e-09,3.25391370205165e-09,2.87569332068303e-09,5.24530692005214e-09,3.95965531395207e-09,6.08132960083001e-09,2.74738745160034e-09,2.47604392978588e-09,2.16400915056619e-09,3.33223214687385e-09,2.99666729421898e-09,3.88689149004983e-09,2.14344313981298e-09,1.72607789670665e-09,1.71237770840465e-09,2.48918880931488e-09,2.00586158216274e-09,2.78343775066224e-09,4.18864336256849e-09,8.15007168613429e-09,1.72525640475849e-08,7.40405972462603e-09,1.51258061145808e-08,1.35485321852865e-08,1.0991337727362e-08,2.09250774343525e-08,8.75439115410406e-09,1.85610436348601e-08,1.86320101319424e-08,1.72946648499469e-08,2.4637182841822e-08,1.00653014313737e-08,4.84915616817885e-09,2.22839112523249e-08,1.0354726030236e-08,2.17119524834951e-08,8.44336176415432e-09,4.00633653861155e-09,3.88883849806557e-09,8.64291459079577e-09,4.83828626397387e-09,8.56847288962989e-09,3.42247462079887e-09,3.35238100348639e-09,2.4132860950057e-09,4.15376931018889e-09,3.57099921044e-09,3.75992243998909e-09,3.12662158215771e-09,2.30044705257193e-09,1.79152977356465e-09,3.3624901404162e-09,2.40589317308436e-09,3.95849124430468e-09,1.86728749564674e-09,1.46989493000603e-09,1.52756031622698e-09,1.93754468149734e-09,2.12262042285721e-09,2.55759106018992e-09,1.31952776751982e-09,1.28567986311269e-09,1.22581710057303e-09,1.84928525228852e-09,1.70660500057122e-09,2.05014863260733e-09
5.5978060432099e-09,6.13138031980087e-09,1.24087475297658e-08,6.02756969069315e-09,1.22847648139074e-08,1.13192173309234e-08,7.23100544225556e-09,1.44029854674969e-08,3.28493170353896e-08,1.43943222490231e-08,2.85201191827948e-08,2.73111816436955e-08,1.64433113798781e-08,3.7521929587258e-08,1.91042405857841e-08,3.26740986429541e-08,3.44615812885766e-08,3.01872390864045e-08,3.00205265323687e-08,1.52321146350587e-08,6.72105652432594e-09,2.72492249113037e-08,1.37848606445169e-08,2.45844327788077e-08,1.22798562146705e-08,5.52983981040518e-09,5.00075628628488e-09,1.11723826294595e-08,5.76978539034936e-09,1.07594742560556e-08,4.78790413205538e-09,4.48329352067243e-09,3.49200006542431e-09,4.98629036240547e-09,5.54772100166778e-09,5.92153116247038e-09,3.7367278854126e-09,2.83640982624409e-09,2.49131673463544e-09,4.51477981713508e-09,3.44457469895575e-09,5.25185215871179e-09,2.53755314112595e-09,2.06830803452107e-09,2.16604561877109e-09,2.93199890410193e-09,2.57534564527057e-09,3.40668120785074e-09,4.37081240039749e-09,4.97936225937202e-09,9.80367216621172e-09,4.61519299879004e-09,9.56445174230183e-09,7.83479456480285e-09,6.05773692145051e-09,1.09741774636553e-08,2.13671278545141e-08,1.15829689463427e-08,1.92985518769923e-08,2.00188901068283e-08,1.2178292920897e-08,2.37963971938463e-08,1.05862645790097e-08,2.18728596602731e-08,2.19787672235361e-08,2.06725258470338e-08,1.90051059804516e-08,8.04721606257945e-09,3.92027357669709e-09,1.7657213287797e-08,7.61898391338275e-09,1.61482424963599e-08,6.96320521292602e-09,3.22871975778592e-09,3.01808375029203e-09,6.47466440489478e-09,3.05222599444827e-09,5.78414326019224e-09,2.83241953024313e-09,2.92275662801334e-09,2.00002279162163e-09,2.86713543394962e-09,3.5137901133882e-09,3.58226829058665e-09,2.50294221855169e-09,1.55462699912338e-09,1.70239552611203e-09,2.77282094067102e-09,2.26051291135086e-09,3.49875469073544e-09,1.34293796626102e-09,1.48852006554325e-09,1.47469239061701e-09,1.99247757789717e-09,1.97896706374492e-09,2.32634603872021e-09
4.96604342871262e-09,5.70816133358419e-09,6.41597692166783e-09,6.86570928449013e-09,7.19701923443145e-09,7.79728840536582e-09,6.64096132374367e-09,7.11453091638725e-09,1.68522115390626e-08,8.36946205317834e-09,1.56282396773239e-08,1.62389190530606e-08,8.39652432449322e-09,1.91042405857841e-08,4.11332503773742e-08,1.79566212427817e-08,3.62321610012768e-08,3.36037979541806e-08,1.52392931494569e-08,3.22967225287447e-08,1.55114848280113e-08,2.82730035217313e-08,2.74198451920937e-08,2.37243433180803e-08,2.65114254393268e-08,1.26942666106221e-08,5.69914312498893e-09,2.21518392023886e-08,1.21314896961058e-08,2.08178464182476e-08,1.09830165824934e-08,4.80870222822428e-09,5.21994789639963e-09,1.03464458793535e-08,5.97899591665719e-09,1.1420900253226e-08,4.11331247732246e-09,4.44253764273532e-09,3.08499357260502e-09,5.03497362692065e-09,5.20610141299208e-09,5.74914578222647e-09,3.87336268142266e-09,2.49069595116232e-09,2.47863158632376e-09,4.41208818857307e-09,3.16664204552959e-09,4.86696567531712e-09,4.03242541678267e-09,3.81628361770933e-09,6.13766198601758e-09,4.49827013366939e-09,6.08298066405717e-09,5.6160619244756e-09,4.30691685193936e-09,6.0614855519031e-09,1.11524236091899e-08,6.73941512169068e-09,1.04613557900083e-08,1.20964518171887e-08,6.57345549310494e-09,1.22472473662801e-08,2.47148889174957e-08,1.20370888558281e-08,2.35300625601721e-08,2.21912893843442e-08,9.56352064250164e-09,1.90106179096383e-08,1.00900733640581e-08,1.86359011009047e-08,1.68779646232712e-08,1.6424721373564e-08,1.59731636310149e-08,8.4416644618868e-09,4.00635652367928e-09,1.38876198514586e-08,7.2174481576507e-09,1.20335988861028e-08,7.56912949155468e-09,3.47684329881831e-09,3.09630893268204e-09,6.39404950212595e-09,3.94776605374235e-09,7.30788257628777e-09,2.91772958177755e-09,2.4874475596401e-09,2.29837480281079e-09,3.17386370126252e-09,3.47912285041217e-09,4.16970232097082e-09,2.17927945801933e-09,1.85390131201109e-09,1.75708070718174e-09,2.96410039776276e-09,2.3691045474593e-09,3.28307271692911e-09
5.73797723117776e-09,1.11497825845373e-08,2.1965831723822e-08,9.88348190943686e-09,1.91593216038701e-08,1.68776868257542e-08,1.37732558600684e-08,2.65271837405402e-08,2.85251600013763e-08,2.36384000398301e-08,4.37867111740526e-08,3.89736757405029e-08,3.18549133616527e-08,3.26740986429541e-08,1.79566212427817e-08,5.21346413799798e-08,3.02250907309522e-08,4.79661711584377e-08,2.60876846453782e-08,1.4164813375711e-08,7.25115399235299e-09,2.37687698095302e-08,1.34077915569264e-08,2.18325615464301e-08,1.15528032855236e-08,6.03012679470534e-09,6.13729728433345e-09,1.11103961967094e-08,6.58077104782482e-09,1.09162413858301e-08,5.31778301319072e-09,5.49577042955841e-09,4.12203400495912e-09,5.77062183636736e-09,6.53282785689584e-09,6.70243315929784e-09,4.5781604272732e-09,3.44758682738217e-09,2.82007812041545e-09,5.40567095308144e-09,4.16815482406322e-09,6.22545570817121e-09,3.05795625914269e-09,2.25131671836559e-09,2.20653553511634e-09,3.49564628296117e-09,2.68430155043508e-09,3.85859953998187e-09,4.83077378077223e-09,8.52933035546204e-09,1.59714860964332e-08,7.85943731981459e-09,1.42988479294013e-08,1.21409337376756e-08,1.14389215989163e-08,1.97112436597078e-08,1.86064445933482e-08,1.83992257193781e-08,2.99778170674094e-08,2.83066858624958e-08,2.24617174201525e-08,2.09967044231808e-08,1.04958541449257e-08,3.49558019564597e-08,1.95102891992914e-08,3.28104423247482e-08,1.72222186515118e-08,8.24554808271154e-09,3.90974381882589e-09,1.59992956178117e-08,7.98114784899735e-09,1.4534918081175e-08,6.97897540112448e-09,3.38143618919236e-09,3.68813733304611e-09,6.76490171480993e-09,3.42613526062611e-09,6.097224102911e-09,3.10616978565942e-09,3.53066420077917e-09,2.68778656636441e-09,3.28002308353182e-09,4.23118197998544e-09,3.88980722055796e-09,2.85399066176337e-09,2.16573986655922e-09,1.96067080654968e-09,3.32042003809476e-09,2.6677837597622e-09,3.90063911342499e-09,1.97773861937012e-09,1.57884679630493e-09,1.52974179317743e-09,2.31032154015645e-09,2.42580410103203e-09,2.85963564814814e-09
7.00516084578329e-09,7.03494803627057e-09,1.29417815819923e-08,7.68476882217235e-09,1.28280682751479e-08,1.28239636427435e-08,8.26793870854479e-09,1.45635653160023e-08,3.0357476180201e-08,1.4860225064975e-08,2.65007800619581e-08,2.55794760775209e-08,1.67785824569393e-08,3.44615812885766e-08,3.62321610012768e-08,3.02250907309522e-08,5.63160194321847e-08,4.95433813441818e-08,2.72565066383363e-08,2.82701592775418e-08,1.45484858406498e-08,4.36041197554923e-08,2.35255102853068e-08,3.67708372948096e-08,2.31786895246289e-08,1.19198649386645e-08,5.8391521018749e-09,1.91859172462825e-08,1.14586939199449e-08,1.78725449088434e-08,1.02613783020103e-08,4.91842926653813e-09,5.84389315959772e-09,9.72581022143894e-09,6.27847135523997e-09,1.10479511931886e-08,4.33053506645127e-09,4.99412288103993e-09,3.29913200540749e-09,5.36547856404974e-09,5.77821466491988e-09,6.11642063419599e-09,4.41007837369318e-09,2.69038046437386e-09,2.6806052613435e-09,4.94346032608113e-09,3.48490773335528e-09,5.6074052285492e-09,5.30001382260859e-09,5.22585668701991e-09,1.12358690943586e-08,5.69282254772156e-09,1.0830175453854e-08,9.5893036225769e-09,6.25236367001591e-09,1.17635499010525e-08,1.99929775010188e-08,1.25080453593112e-08,1.81225484178415e-08,1.98575220364055e-08,1.27967912469267e-08,2.19741169335904e-08,2.14940709797168e-08,2.03248665848104e-08,3.63433222447055e-08,3.29735665360302e-08,1.74358442194856e-08,1.63298514581595e-08,9.37625730604438e-09,2.91805705210793e-08,1.44584202605112e-08,2.5416895479945e-08,1.39468418856098e-08,7.77704235704082e-09,3.70315892323149e-09,1.21492658557082e-08,6.57946606023302e-09,1.04028615630966e-08,6.95679958293636e-09,3.31702146217449e-09,3.22504433787751e-09,6.00573206176939e-09,3.61280279722501e-09,6.81907222280529e-09,2.86709398375004e-09,2.5798897166466e-09,2.20851732639466e-09,2.86462693082929e-09,3.76901250290842e-09,4.1916707432408e-09,2.22741278476932e-09,1.7959007935599e-09,1.78947908395253e-09,3.20981230076573e-09,2.42187461565223e-09,3.55896542498108e-09
6.70740806911634e-09,1.19704141485664e-08,2.22621523893799e-08,1.1406248433789e-08,1.94897615183226e-08,1.80936714458834e-08,1.45436207117952e-08,2.62376863858055e-08,2.65047614188266e-08,2.36608362342567e-08,4.06088319864023e-08,3.64394209488315e-08,3.14572306103502e-08,3.01872390864045e-08,3.36037979541806e-08,4.79661711584377e-08,4.95433813441818e-08,7.12178797866073e-08,2.37638339246527e-08,2.59439536088407e-08,1.38249081448091e-08,3.80899286953354e-08,2.17227494635825e-08,3.21181445276347e-08,2.13122836249557e-08,1.13419404907886e-08,6.20007540009213e-09,1.79012578419732e-08,1.12324077867108e-08,1.68371251414223e-08,9.80499164384089e-09,5.26006782740861e-09,6.14234952372389e-09,9.56887955290164e-09,6.55552845159358e-09,1.07371232103358e-08,4.60810608660383e-09,5.39637129351585e-09,3.47756062587319e-09,5.64864896529838e-09,6.27232137097973e-09,6.64760356007625e-09,4.74652086062696e-09,2.82525121946359e-09,2.63890086180435e-09,5.35377252335457e-09,3.38780087580937e-09,5.79102360867591e-09,5.16718000958975e-09,8.4128065886101e-09,1.7573132140059e-08,8.50214995070043e-09,1.56377969855645e-08,1.37496034679561e-08,1.15092284237465e-08,2.03645169283426e-08,1.71797891705454e-08,1.93188421136142e-08,2.80050199922403e-08,2.76997979092223e-08,2.26986200701544e-08,1.90986193109546e-08,1.97642422954422e-08,3.21984744209761e-08,3.19294417229004e-08,4.77086575007122e-08,1.55339652756115e-08,1.51526138062245e-08,8.42368248257857e-09,2.58454568417539e-08,1.34186425931945e-08,2.21332579378287e-08,1.28101363211776e-08,7.07570228953059e-09,3.88881251239705e-09,1.13202182692023e-08,6.131529861021e-09,9.64010857795775e-09,6.43106392025004e-09,3.50909570081913e-09,3.52338074570654e-09,5.62088496525342e-09,3.66991340251347e-09,5.98553467190052e-09,3.01099321010317e-09,2.93350657020041e-09,2.36322487980804e-09,2.95070729021194e-09,3.97693663637858e-09,4.20757187919581e-09,2.69645262446301e-09,1.87275913215411e-09,1.8289454306012e-09,3.4487528453483e-09,2.52192968038504e-09,3.77517543767027e-09
4.76677382353185e-09,5.08843170691421e-09,9.93755714285434e-09,4.82578907216047e-09,9.82842038637918e-09,8.80416970477832e-09,5.82974097961473e-09,1.1574603253075e-08,2.64074421289497e-08,1.14808419670679e-08,2.29611760990105e-08,2.16871512997945e-08,1.30837250277867e-08,3.00205265323687e-08,1.52392931494569e-08,2.60876846453782e-08,2.72565066383363e-08,2.37638339246527e-08,3.66333382889224e-08,1.80271860995571e-08,7.9958017657273e-09,3.31026111986533e-08,1.66076391586022e-08,3.05524924368309e-08,1.42058969472598e-08,6.47774525524453e-09,5.72340691416416e-09,1.31482731287787e-08,6.80224392389079e-09,1.26974933136541e-08,5.45003244229195e-09,5.08307470625724e-09,3.87139116174123e-09,5.73297725090806e-09,6.26068169200542e-09,6.76273479621391e-09,4.31122509609713e-09,3.15537731270047e-09,2.7147405667117e-09,5.15130020266918e-09,3.78334708725242e-09,5.87617087236931e-09,2.80509792802183e-09,2.25275399565535e-09,2.45542775215941e-09,3.22916254329567e-09,2.85299577803374e-09,3.80192365382654e-09,3.6784790262934e-09,4.22194827009262e-09,7.71547051170619e-09,3.75029763746538e-09,7.68929535372928e-09,6.02753052914243e-09,5.04185908994114e-09,8.55191515569827e-09,1.67354835427711e-08,9.266637725533e-09,1.52739319230019e-08,1.60580179934924e-08,9.63471382213618e-09,1.90037791805484e-08,8.0505683962668e-09,1.76495344717265e-08,1.76590027853605e-08,1.67325545716113e-08,2.37147406743742e-08,9.76207207084901e-09,4.65223396784917e-09,2.16475027353967e-08,9.52644610777615e-09,2.0648545117965e-08,8.23041921663377e-09,3.86857536872215e-09,3.26835594317952e-09,7.93668842363104e-09,3.66489614988376e-09,7.06887426265771e-09,3.28613989774653e-09,3.14037326582643e-09,2.35087082170671e-09,3.37838069457372e-09,3.83956385035602e-09,4.31420252963209e-09,2.65303493775521e-09,1.92294990628821e-09,1.85863878603403e-09,3.04322111480091e-09,2.60141932691593e-09,3.69392711254852e-09,1.64566559595802e-09,1.61671962253302e-09,1.62538103064304e-09,2.24923560388258e-09,2.18065887099328e-09,2.75938902587811e-09
