2.65061602237269e-08,1.1303800774263e-08,4.89072473976026e-09,2.23493851714471e-08,1.08676400901714e-08,2.14218856442221e-08,9.79345319403049e-09,4.18964804351562e-09,4.03159605812981e-09,9.4088083799374e-09,4.57040174853097e-09,9.30882794874426e-09,3.70911035936946e-09,3.60621757620353e-09,2.92291726626568e-09,4.02570863529012e-09,4.33100256874942e-09,4.3222169965973e-09,3.24194371634699e-09,2.59885118567463e-09,2.22340053730326e-09,3.88819060014226e-09,2.97732553154896e-09,4.18948315948713e-09,2.37832316653078e-09,1.9452073406523e-09,1.51310490001383e-09,2.66749878190522e-09,2.17459956525822e-09,2.77455555960256e-09,1.77928334069442e-09,1.39628226677737e-09,1.19982493203453e-09,1.98585009027019e-09,1.67474885486069e-09,2.33682039780472e-09,1.3339564953362e-09,1.1060709295348e-09,1.15491598722091e-09,1.56313301491329e-09,1.40366615238694e-09,1.87218630982846e-09,1.01476694141291e-09,1.08738555554233e-09,1.08612466562397e-09,1.29462466028216e-09,1.38873647581344e-09,1.59566309197795e-09,2.34320864236673e-08,1.01010733427507e-08,4.63762456163346e-09,1.96295015694311e-08,1.00664001827456e-08,1.91188312676618e-08,8.74941306121719e-09,3.95400183957819e-09,3.67234034943119e-09,8.72484687279119e-09,4.30493785147332e-09,8.56672048885637e-09,3.53488047980277e-09,3.30926443461446e-09,2.73886918778915e-09,3.82516814248664e-09,4.02216853103233e-09,4.2004663618266e-09,2.96263201545783e-09,2.41645346622125e-09,1.93733887439144e-09,3.62037937904386e-09,2.70565758924127e-09,3.79452804525389e-09,2.1975465726467e-09,1.72255284289182e-09,1.36287851513882e-09,2.45467566082427e-09,1.99041029603218e-09,2.54484205427588e-09,1.57088371245948e-09,1.23853388126737e-09,1.11696665062636e-09,1.79545802132109e-09,1.53197564413747e-09,2.11811913414227e-09,1.19830321280514e-09,1.03239316681028e-09,1.02758129085342e-09,1.42069019313535e-09,1.28721048655857e-09,1.70818670887331e-09,9.13444936781637e-10,9.43850602706173e-10,1.00071943985276e-09,1.20523563573827e-09,1.24677796631154e-09,1.50624345291453e-09
1.1303800774263e-08,2.79116907260094e-08,1.23131346187239e-08,2.11147680668049e-08,2.44048203825146e-08,1.8449599181621e-08,2.41139545394918e-08,1.04786500940619e-08,4.75646900655609e-09,2.09903761550042e-08,1.0134492507643e-08,2.02967301295457e-08,9.0823965993442e-09,4.1628667092095e-09,3.77854090208851e-09,8.79262875668768e-09,4.48676525670588e-09,8.55824144490397e-09,3.68133060853263e-09,3.35048072713276e-09,2.40268639311835e-09,3.92876930801926e-09,3.83817874326758e-09,4.10727519539068e-09,3.0699886962039e-09,2.12004598115626e-09,1.71464588028107e-09,3.45173627130123e-09,2.45591658470903e-09,3.66124884819362e-09,1.95953333109378e-09,1.5999781020812e-09,1.5007955292239e-09,2.26337887080582e-09,1.99134699864398e-09,2.6968540203335e-09,1.51393221590025e-09,1.43857022620041e-09,1.4139322268361e-09,1.88749117024155e-09,1.72652344484185e-09,2.1574607413009e-09,1.42404157919355e-09,1.38893090377269e-09,1.09545549353322e-09,1.72063669671119e-09,1.53553508307399e-09,1.92164597098367e-09,9.71516495783688e-09,2.42726851957293e-08,1.1187491559601e-08,1.82582943148556e-08,2.15340926188656e-08,1.62925945069001e-08,2.0787735809667e-08,9.55787281613142e-09,4.40600000604081e-09,1.83781021214388e-08,9.44292640853607e-09,1.78691107989339e-08,8.3023031415697e-09,3.78894771771533e-09,3.36932699692893e-09,8.19724290449104e-09,4.09238842483847e-09,7.99061230239667e-09,3.31663374192364e-09,3.04052410334998e-09,2.13996202126613e-09,3.5925411890982e-09,3.39726444575482e-09,3.91453244380738e-09,2.73871179156843e-09,1.91831791856487e-09,1.59576715557638e-09,3.03744339661402e-09,2.31367870624315e-09,3.24607674824884e-09,1.7712147114251e-09,1.47323062087746e-09,1.248513132519e-09,2.13029381166828e-09,1.67943247827732e-09,2.34415558697356e-09,1.40899971286954e-09,1.19977647316762e-09,1.28407981260717e-09,1.60876149259773e-09,1.56993605017931e-09,1.93324322894775e-09,1.18296526842547e-09,1.25478554472325e-09,1.02243616948079e-09,1.58537027209224e-09,1.45433622406046e-09,1.80942814449622e-09
4.89072473976026e-09,1.23131346187239e-08,2.57100218447297e-08,1.0464356247013e-08,2.25507763289167e-08,1.93992288842575e-08,1.04834627313962e-08,2.17980484866292e-08,1.04887493384681e-08,1.90837158316242e-08,1.93087562686806e-08,1.70835147721397e-08,1.90476129746447e-08,9.23743704831658e-09,4.0361441101369e-09,1.69013002288658e-08,8.91567605947662e-09,1.58748760115743e-08,8.1813147545323e-09,3.59526037556405e-09,2.96988513697762e-09,7.82805938555302e-09,3.61608783513496e-09,7.4088663513001e-09,3.21150606432836e-09,2.62838630264183e-09,1.88376978923335e-09,3.17625079705687e-09,2.98091192737933e-09,3.30097578808135e-09,2.40880028618073e-09,1.71491057096849e-09,1.43095016787821e-09,2.73503987930733e-09,2.13004955099672e-09,3.25788914741761e-09,1.6220343771354e-09,1.38619024236268e-09,1.31580396839128e-09,1.99362210072652e-09,1.66296133135488e-09,2.29375222453324e-09,1.37312274762169e-09,1.30794307980518e-09,1.15500369825261e-09,1.66214220811771e-09,1.51258552380992e-09,1.8957366244705e-09,4.0702101663128e-09,1.05624556807766e-08,2.25516199065934e-08,8.92468999034214e-09,1.97096825786751e-08,1.67698276810014e-08,8.84434377090977e-09,1.91616973016309e-08,9.48278513499863e-09,1.66803566158053e-08,1.70684012993628e-08,1.49527451258665e-08,1.67467067959096e-08,8.2888984626822e-09,3.72652515954578e-09,1.49453755174612e-08,8.09394286449558e-09,1.40243800450484e-08,7.34208597632426e-09,3.357386607762e-09,2.51474436151168e-09,7.17207486340776e-09,3.29444538426889e-09,6.8300103936609e-09,2.97560606627181e-09,2.25073523357738e-09,1.67247687208688e-09,2.90316069481964e-09,2.69954269623613e-09,3.02246467064677e-09,2.06414603827869e-09,1.53050189583839e-09,1.19308518976458e-09,2.48450171056143e-09,1.75870754180464e-09,2.7961387551577e-09,1.42712317174133e-09,1.14671627587288e-09,1.19415201508875e-09,1.64836669436112e-09,1.48795348339834e-09,2.01226702047513e-09,1.15552446875538e-09,1.18690912098413e-09,1.07432039561586e-09,1.50114949542248e-09,1.4575935216407e-09,1.76801411104966e-09
2.23493851714471e-08,2.11147680668049e-08,1.0464356247013e-08,3.49054190457001e-08,1.83746778515238e-08,3.07270100968853e-08,1.82474254715915e-08,8.93398568683819e-09,4.46626781457962e-09,1.57996110579036e-08,8.65749925305835e-09,1.4819517067919e-08,7.7561765077599e-09,3.92698422058904e-09,4.35144150483879e-09,7.53499084113368e-09,4.53184148050601e-09,7.64336110597403e-09,3.46638770955633e-09,3.89944448943064e-09,2.80364096899388e-09,3.98523657689603e-09,4.44144966373529e-09,4.16075014077283e-09,3.58389532525081e-09,2.47276448640904e-09,1.97161765413356e-09,4.02033615035461e-09,2.90015104664184e-09,4.31422832905836e-09,2.26667354464696e-09,1.81986810080824e-09,1.68011349392978e-09,2.64704527464412e-09,2.28064244963034e-09,3.18440066983035e-09,1.71961837468054e-09,1.57725027849545e-09,1.54324391713522e-09,2.11997420235468e-09,1.95966934407853e-09,2.54515668184687e-09,1.52753903648025e-09,1.49723544495188e-09,1.35590657711057e-09,1.91190575836267e-09,1.78632045574767e-09,2.23361476805225e-09,1.920354631946e-08,1.88308007130947e-08,9.64116318898527e-09,3.03086810887744e-08,1.6711580003409e-08,2.71111528393511e-08,1.61970441099787e-08,8.23879357636069e-09,4.12036474601968e-09,1.42838321785937e-08,8.01906927254841e-09,1.33544168928139e-08,7.15412708364965e-09,3.58799160519696e-09,4.0075105766844e-09,7.0092088945026e-09,4.17582646049018e-09,7.14690935064483e-09,3.13009037021851e-09,3.62295417797353e-09,2.48798239575934e-09,3.66050601116729e-09,4.07059436285267e-09,3.93578834503961e-09,3.3015363571346e-09,2.20937818977348e-09,1.80218497743697e-09,3.684202685391e-09,2.67902401711883e-09,3.96117386169691e-09,2.00913713578786e-09,1.64100760652944e-09,1.49723538902534e-09,2.43156144512173e-09,2.00476480486188e-09,2.80716997062337e-09,1.56316569372447e-09,1.40485866246454e-09,1.40486845910454e-09,1.8603081408347e-09,1.84262741868908e-09,2.33433446247746e-09,1.29690385349885e-09,1.35326724697661e-09,1.22973771135076e-09,1.78674944830342e-09,1.61388822586293e-09,2.0700520811993e-09
1.08676400901714e-08,2.44048203825146e-08,2.25507763289167e-08,1.83746778515238e-08,3.7901010987478e-08,2.96353392124433e-08,2.09937473150297e-08,1.9079914991024e-08,9.8801504938708e-09,3.23444168167145e-08,1.72042290893186e-08,2.97177100410273e-08,1.66563646218158e-08,8.67915240422132e-09,4.37064980311355e-09,1.50300855835416e-08,8.5221416386742e-09,1.40965714311916e-08,7.71628458864666e-09,3.90004715320241e-09,3.3645532828745e-09,7.513139731545e-09,4.0628809263069e-09,7.21943364100273e-09,3.51891337978469e-09,2.9718527957923e-09,2.13822799027178e-09,3.58174173237793e-09,3.44020221547936e-09,3.78203008997633e-09,2.74795683848438e-09,1.97675190938503e-09,1.7295993949788e-09,3.17733240147776e-09,2.39013531481909e-09,3.69445980136699e-09,1.86906458589126e-09,1.65743100622819e-09,1.55961019741656e-09,2.24527322636965e-09,1.98708222102779e-09,2.56753681931192e-09,1.66632296549797e-09,1.55963919434722e-09,1.37728604476846e-09,2.00644347196492e-09,1.86470074377071e-09,2.31207008381441e-09,9.37958395622687e-09,2.10644997226428e-08,2.01394179761964e-08,1.57292075131506e-08,3.32975337942935e-08,2.5984760109095e-08,1.78602520983084e-08,1.71117346425705e-08,8.89996628179562e-09,2.83271954352537e-08,1.54546393360497e-08,2.58510895872392e-08,1.49685127294807e-08,7.73936610762402e-09,4.06776726354119e-09,1.34732394759509e-08,7.70027150442299e-09,1.27190127694911e-08,6.85486941893942e-09,3.67138720903119e-09,2.95462452980315e-09,6.83116021058808e-09,3.79932144958188e-09,6.7395053993178e-09,3.27837946646907e-09,2.64607234543132e-09,1.94817012660102e-09,3.35802377946812e-09,3.17613411255522e-09,3.47030342232546e-09,2.44609001214567e-09,1.79210170626547e-09,1.48784793639579e-09,2.93909681964587e-09,2.0284251024955e-09,3.24600483425309e-09,1.68424667306502e-09,1.42621168810335e-09,1.41748587202223e-09,1.90251716856968e-09,1.80120414549714e-09,2.25148000603525e-09,1.43516220326494e-09,1.39285671765438e-09,1.28678178073087e-09,1.826360877672e-09,1.77504512451573e-09,2.15917894974293e-09
2.14218856442221e-08,1.8449599181621e-08,1.93992288842575e-08,3.07270100968853e-08,2.96353392124433e-08,4.47793634586778e-08,1.58715756899257e-08,1.63785876480804e-08,8.85067505281963e-09,2.52594723580449e-08,1.45921707324337e-08,2.25318846872904e-08,1.42982509819935e-08,7.72491775193969e-09,4.47072468468969e-09,1.27142222769731e-08,7.87355638422921e-09,1.22427825616669e-08,6.83785453602902e-09,3.99005598157869e-09,3.80922809262468e-09,6.8985715544049e-09,4.19952646493779e-09,6.67787620673573e-09,3.59403661895804e-09,3.36568882002678e-09,2.46735529104645e-09,3.70848049547577e-09,3.98791907142414e-09,3.94994673283044e-09,3.09320351436651e-09,2.25925230661229e-09,1.94172600494918e-09,3.64896119682487e-09,2.7361515962982e-09,4.20588857776831e-09,2.15551776733838e-09,1.83400046446863e-09,1.70613172605202e-09,2.54855787142476e-09,2.25908024021064e-09,3.02517610356819e-09,1.79384912343703e-09,1.67755592458017e-09,1.60647395702562e-09,2.22849642467113e-09,2.07176482715055e-09,2.6062758874305e-09,1.84377475775386e-08,1.62862638811159e-08,1.73464855620568e-08,2.65278773949134e-08,2.6597980826978e-08,3.91641131886026e-08,1.3844858150396e-08,1.47022488824844e-08,7.95644964503457e-09,2.26711435008682e-08,1.29816855723723e-08,1.99771267861654e-08,1.28543345166709e-08,6.95232870881615e-09,4.25968556768703e-09,1.13281007553949e-08,7.31009795514059e-09,1.1083182098442e-08,6.11997365280252e-09,3.82344399685354e-09,3.35700418881597e-09,6.41789861018299e-09,4.01207196413902e-09,6.32530652171429e-09,3.41887796555153e-09,2.99586867559551e-09,2.24181994216212e-09,3.56881882665646e-09,3.68690860998847e-09,3.79561750241753e-09,2.73147501369352e-09,2.02487049643289e-09,1.74652956298331e-09,3.36566731422044e-09,2.38303482866154e-09,3.70718711087028e-09,1.92256008369769e-09,1.64327486748448e-09,1.53312045659352e-09,2.20704721205044e-09,2.07886127059247e-09,2.66836957353595e-09,1.5479503340623e-09,1.49953384987133e-09,1.48325064806868e-09,2.04308843424747e-09,1.9425540123585e-09,2.41016101840466e-09
9.79345319403049e-09,2.41139545394918e-08,1.04834627313962e-08,1.82474254715915e-08,2.09937473150297e-08,1.58715756899257e-08,3.10502835885467e-08,1.25004388634763e-08,5.60445951703851e-09,2.75746977446856e-08,1.2133776535303e-08,2.68076928387141e-08,1.07952011629216e-08,4.85744137358667e-09,4.27882657564002e-09,1.04621383063895e-08,5.23870769860401e-09,1.03112216296857e-08,4.29498456540931e-09,3.78583852772188e-09,2.7665201211161e-09,4.59862782992e-09,4.32076455079803e-09,4.82123273076899e-09,3.4439622401047e-09,2.46732428043835e-09,1.90874664623815e-09,3.88413993281317e-09,2.78799956844578e-09,4.11678143120575e-09,2.26676564613746e-09,1.78002258774758e-09,1.67683172526704e-09,2.55876643509768e-09,2.21146869087678e-09,3.04998283085517e-09,1.59656032088024e-09,1.5045559294832e-09,1.47689958473767e-09,1.99593321981097e-09,1.84624262550191e-09,2.32350292472081e-09,1.4396192328843e-09,1.41518979208308e-09,1.07271483440339e-09,1.78542207959951e-09,1.55876322683278e-09,1.94531446050172e-09,8.39247028727115e-09,2.07890359416785e-08,9.56208097904012e-09,1.56015294515944e-08,1.8381495182892e-08,1.38874082008168e-08,2.54236216499945e-08,1.11141989044698e-08,5.15646305860761e-09,2.26440001546091e-08,1.09826348950005e-08,2.2256333800503e-08,9.76533146507379e-09,4.39823105277481e-09,3.80660799996319e-09,9.57193877923319e-09,4.81928395309413e-09,9.59835039057404e-09,3.84794351968324e-09,3.41865386484476e-09,2.42417817584917e-09,4.23185224314898e-09,3.80439983628827e-09,4.63484380936601e-09,3.09906326938611e-09,2.19726123063667e-09,1.75230951184058e-09,3.42345237778307e-09,2.56937134270701e-09,3.64399183062349e-09,2.0057110662501e-09,1.60689932892464e-09,1.41844304149039e-09,2.34893631374853e-09,1.86124812302463e-09,2.61590300936126e-09,1.45238939454930e-09,1.29293385125241e-09,1.33810018612694e-09,1.69474616973851e-09,1.70322608462764e-09,2.05631166985879e-09,1.2297465533512e-09,1.26810197808631e-09,9.60420388637478e-10,1.65165169427469e-09,1.42180441921889e-09,1.76674612083525e-09
4.18964804351562e-09,1.04786500940619e-08,2.17980484866292e-08,8.93398568683819e-09,1.9079914991024e-08,1.63785876480804e-08,1.25004388634763e-08,2.49303940182073e-08,1.19462997206192e-08,2.24344545391319e-08,2.21327279664162e-08,2.01845032185552e-08,2.17455807944428e-08,1.04651062863482e-08,4.49879810371582e-09,1.93129660165781e-08,1.00431531648022e-08,1.82079584261254e-08,9.2790800891404e-09,3.99193388087808e-09,3.33800747722283e-09,8.80811402351698e-09,4.0311010548294e-09,8.37564453437475e-09,3.55917391210508e-09,2.97882485829388e-09,2.09611136832828e-09,3.54362375420642e-09,3.33059266728038e-09,3.69067283355514e-09,2.73260130309815e-09,1.91209373422106e-09,1.6254268393201e-09,3.05927374757394e-09,2.36072632922371e-09,3.66256667685538e-09,1.67873447694883e-09,1.4460953908388e-09,1.28584154987316e-09,2.08585741321995e-09,1.69782293783689e-09,2.39133481655847e-09,1.39687316699038e-09,1.28136907694949e-09,1.12389507342714e-09,1.66471569031846e-09,1.47895940468608e-09,1.88150471378893e-09,3.44612408235859e-09,8.84129161655402e-09,1.9162167306836e-08,7.540521106866e-09,1.66780519318253e-08,1.40989811491388e-08,1.03425297576174e-08,2.16753154663201e-08,1.06173685101029e-08,1.92077033020928e-08,1.93889775878549e-08,1.73328496872227e-08,1.90286106131526e-08,9.27708221854903e-09,4.12231523544033e-09,1.6990027651271e-08,9.03834514747661e-09,1.6121217805049e-08,8.25367247342657e-09,3.70862627618423e-09,2.79247514604175e-09,8.02883837657431e-09,3.67420855304395e-09,7.70315599625638e-09,3.30450919962674e-09,2.53910161330949e-09,1.83118121716837e-09,3.27716443619217e-09,2.97120677911941e-09,3.41160068788849e-09,2.32568350158842e-09,1.6763499089049e-09,1.36947916348006e-09,2.7498426082921e-09,1.96210456426906e-09,3.10378435897846e-09,1.46866724286125e-09,1.2362949610961e-09,1.12577055033256e-09,1.74176464192027e-09,1.53272015962999e-09,2.09059624423872e-09,1.18646127128468e-09,1.10858559185987e-09,1.01854819513889e-09,1.47510266431747e-09,1.37334289378795e-09,1.7458373821571e-09
4.03159605812981e-09,4.75646900655609e-09,1.04887493384681e-08,4.46626781457962e-09,9.8801504938708e-09,8.85067505281963e-09,5.60445951703851e-09,1.19462997206192e-08,2.7432209489689e-08,1.15231736028437e-08,2.33504604724254e-08,2.21148025747502e-08,1.04674104934026e-08,2.35851095013491e-08,1.1208758730112e-08,2.00113199690659e-08,2.14049195999614e-08,1.81812608954666e-08,2.09296840842864e-08,9.84780825234755e-09,4.02214656656239e-09,1.88649544002311e-08,8.91448536162996e-09,1.7188965919418e-08,8.72094706687004e-09,3.52400850250844e-09,2.6731827884194e-09,7.82325768646641e-09,3.49988040572339e-09,7.44564206768304e-09,3.15674119630562e-09,2.41744190897912e-09,1.81336597375618e-09,3.1201051216253e-09,2.83066196265022e-09,3.56556932030489e-09,2.17073635234092e-09,1.61687327851449e-09,1.43021737650209e-09,2.54770022624097e-09,1.94605020441361e-09,2.81960413239538e-09,1.56159169325422e-09,1.33722219156304e-09,1.26021719058698e-09,1.86276075218798e-09,1.60622473334289e-09,2.14953733169129e-09,3.48265242967569e-09,4.05850750743383e-09,9.06618474832572e-09,3.81348924031066e-09,8.50413126506534e-09,7.41265767279067e-09,4.77142101142701e-09,1.03403926055793e-08,2.37652506177318e-08,9.91265097703158e-09,2.01834065323181e-08,1.90822910469052e-08,9.01993183681443e-09,2.04061196771809e-08,1.00485929549574e-08,1.7174007306388e-08,1.88420835128314e-08,1.57900233536788e-08,1.81320854814334e-08,8.84088532270574e-09,3.5816655796177e-09,1.66755428892172e-08,8.07617234498467e-09,1.52673587256661e-08,7.84784871438661e-09,3.17733299272509e-09,2.28604757200938e-09,7.14735450681671e-09,3.13760198841355e-09,6.74318627668872e-09,2.86413332027656e-09,2.05147204489554e-09,1.53444075413259e-09,2.82454729904468e-09,2.25141422900553e-09,3.06670518673713e-09,1.85731787223156e-09,1.3683898419246e-09,1.22269621437865e-09,2.02271659668539e-09,1.6643351170197e-09,2.39313712576608e-09,1.31193220248714e-09,1.10773192870825e-09,1.11344747377642e-09,1.57394637104232e-09,1.41094235387693e-09,1.95134273721321e-09
9.4088083799374e-09,2.09903761550042e-08,1.90837158316242e-08,1.57996110579036e-08,3.23444168167145e-08,2.52594723580449e-08,2.75746977446856e-08,2.24344545391319e-08,1.15231736028437e-08,4.12450928380168e-08,2.0323877814307e-08,3.82114416066261e-08,1.94837486166053e-08,1.00489015130915e-08,4.98720939695931e-09,1.76201285991391e-08,9.81897319588991e-09,1.66127265105842e-08,8.90889766943029e-09,4.41165837997203e-09,3.92218870197088e-09,8.62701463483536e-09,4.66053408043694e-09,8.3796159089834e-09,3.92666803084237e-09,3.49971459538528e-09,2.40546627991526e-09,4.09391292848494e-09,3.91075760393965e-09,4.2911060327637e-09,3.2311322446094e-09,2.22687880138555e-09,1.94857494953595e-09,3.61093456932443e-09,2.68776097249365e-09,4.2127283952775e-09,1.99381922225966e-09,1.73842389729239e-09,1.62388648544796e-09,2.41398315444002e-09,2.09490516965888e-09,2.76782845074653e-09,1.68924032324651e-09,1.55543832357714e-09,1.32107860278682e-09,2.02180347967153e-09,1.84864618253534e-09,2.28717713734906e-09,8.06307411160938e-09,1.78591409183363e-08,1.71153873215437e-08,1.33086272662144e-08,2.83282607611592e-08,2.20148408840291e-08,2.22564204384126e-08,1.9836923445575e-08,1.0210587477734e-08,3.44569266433717e-08,1.80068876316071e-08,3.18584495010185e-08,1.7430857819045e-08,8.82720783596177e-09,4.51340637863098e-09,1.56710047579481e-08,8.8338757762103e-09,1.50405290422591e-08,7.80682892925695e-09,4.02754139357641e-09,3.33837684775533e-09,7.80813598523624e-09,4.23738850079129e-09,7.78928349505582e-09,3.62682757257377e-09,3.04325033698061e-09,2.18189312196442e-09,3.78869340755052e-09,3.52904255707032e-09,3.90308881330054e-09,2.78854334863656e-09,1.99641483522887e-09,1.69644196844925e-09,3.26323790310681e-09,2.26480162532278e-09,3.60362411121847e-09,1.78473525865689e-09,1.52777850738878e-09,1.42009209152522e-09,2.03296093091989e-09,1.9257993560414e-09,2.41836948662875e-09,1.48289869872328e-09,1.31323213820194e-09,1.20830192316184e-09,1.85077758943107e-09,1.67165362108578e-09,2.12800478903604e-09
4.57040174853097e-09,1.0134492507643e-08,1.93087562686806e-08,8.65749925305835e-09,1.72042290893186e-08,1.45921707324337e-08,1.2133776535303e-08,2.21327279664162e-08,2.33504604724254e-08,2.0323877814307e-08,3.60443070772765e-08,3.2968907864839e-08,1.9315049976219e-08,2.00101398663503e-08,9.96623829097186e-09,3.10815592591652e-08,1.81766881012442e-08,2.8342210186891e-08,1.77581864072115e-08,8.77127637713249e-09,4.10544685814093e-09,1.59830486044199e-08,8.06639239309543e-09,1.4464111555846e-08,7.74546174077012e-09,3.62311130185753e-09,3.05542207439004e-09,7.07760084050994e-09,3.67413797942659e-09,6.80882811460213e-09,3.2335645239945e-09,2.7799058318645e-09,2.02925890797757e-09,3.2791578318231e-09,3.28906642787921e-09,3.74969753200513e-09,2.48323229070559e-09,1.79702592584035e-09,1.6046825983401e-09,2.95070162898969e-09,2.18051729221788e-09,3.28593181999673e-09,1.76199164159966e-09,1.5646445629711e-09,1.47476815007602e-09,2.14902110500645e-09,1.88811359893075e-09,2.5051067459458e-09,3.74601693332505e-09,8.47567848088522e-09,1.67829115993169e-08,7.21935277391373e-09,1.4810695372372e-08,1.23529928645348e-08,9.94705764212909e-09,1.90855976280395e-08,2.06223182153884e-08,1.72185384382031e-08,3.12292071904159e-08,2.8324260527689e-08,1.66723492093326e-08,1.76583476234502e-08,8.98886425378956e-09,2.69290693779686e-08,1.62771821487643e-08,2.47513592652968e-08,1.57194334813982e-08,7.96990119919364e-09,3.62587380645439e-09,1.44335991952347e-08,7.41737618670716e-09,1.32017713136443e-08,7.05764477592898e-09,3.23206222162174e-09,2.67530128636059e-09,6.57406794793774e-09,3.31846983042992e-09,6.30756088414103e-09,2.9052308886216e-09,2.43674918675059e-09,1.72012984589949e-09,3.02103719803501e-09,2.70244070166387e-09,3.24422013314876e-09,2.17555913171272e-09,1.5303986891982e-09,1.43085117107078e-09,2.41698666922336e-09,1.92559152581003e-09,2.85136220791991e-09,1.46913395601164e-09,1.38384708001428e-09,1.28885135792503e-09,1.87100977019076e-09,1.67487036720688e-09,2.22483393137156e-09
9.30882794874426e-09,2.02967301295457e-08,1.70835147721397e-08,1.4819517067919e-08,2.97177100410273e-08,2.25318846872904e-08,2.68076928387141e-08,2.01845032185552e-08,2.21148025747502e-08,3.82114416066261e-08,3.2968907864839e-08,5.52138511048651e-08,1.75489067066356e-08,1.88834318201559e-08,9.98559491378354e-09,2.82603643690098e-08,1.7159094582098e-08,2.5584128444462e-08,1.67149520200534e-08,8.75826480226654e-09,4.341134793489e-09,1.50719690339852e-08,8.23101289782811e-09,1.38043806982547e-08,7.71315764092462e-09,3.83432953965916e-09,3.30320508496046e-09,7.21087118263325e-09,3.89470517812616e-09,6.9429365008358e-09,3.46791364856458e-09,3.05594454689418e-09,2.32970609831961e-09,3.52812219440412e-09,3.63138389453613e-09,4.02440171393078e-09,2.74655879121787e-09,2.07788867524444e-09,1.93589807932654e-09,3.26355887894534e-09,2.54830285358394e-09,3.63862541076835e-09,2.04184810101781e-09,1.85880402177538e-09,1.64978258597538e-09,2.49101733367386e-09,2.24071117739831e-09,2.84777041971906e-09,7.87773778045241e-09,1.69947561983807e-08,1.51597661617861e-08,1.22569083554802e-08,2.58105806237331e-08,1.94891783574144e-08,2.11858916064446e-08,1.77023844851117e-08,1.95257551632814e-08,3.1527739313472e-08,2.8894109373921e-08,4.63638309294406e-08,1.54943747194564e-08,1.65354826574668e-08,8.92430743482868e-09,2.47130703515352e-08,1.52790867756165e-08,2.26918854921596e-08,1.46210418525603e-08,7.84835549451047e-09,3.86401613524272e-09,1.34744800639678e-08,7.62451911490163e-09,1.27468340757002e-08,6.99397016916628e-09,3.48925569313072e-09,2.96127562777646e-09,6.79309971287078e-09,3.60351748012014e-09,6.41956556308029e-09,3.16622617612976e-09,2.7010324264646e-09,2.05734893412813e-09,3.29324303324897e-09,3.05402034372173e-09,3.53185764057603e-09,2.44312703750862e-09,1.84339223498403e-09,1.68029644081054e-09,2.73496757772488e-09,2.28268303775295e-09,3.16914627970521e-09,1.78401026910614e-09,1.59336720393322e-09,1.47331068424288e-09,2.23393216387986e-09,1.97824803517297e-09,2.58893798766561e-09
3.70911035936946e-09,9.0823965993442e-09,1.90476129746447e-08,7.7561765077599e-09,1.66563646218158e-08,1.42982509819935e-08,1.07952011629216e-08,2.17455807944428e-08,1.04674104934026e-08,1.94837486166053e-08,1.9315049976219e-08,1.75489067066356e-08,2.47723884057925e-08,1.15407289417572e-08,5.01163575429189e-09,2.17846932308708e-08,1.09879489783448e-08,2.04313325861394e-08,1.01875913843385e-08,4.40896178178386e-09,3.85743898567767e-09,9.56892958747447e-09,4.54269988167814e-09,9.18771746084522e-09,3.893414558942e-09,3.45213418593111e-09,2.37380569222763e-09,3.96398809376991e-09,3.86459334647204e-09,4.10518363079585e-09,3.16982149970865e-09,2.17418194880546e-09,1.83001594076225e-09,3.55622398108231e-09,2.695796936836e-09,4.23578590768182e-09,1.88196565069087e-09,1.57819662572556e-09,1.40696700536134e-09,2.33148706757534e-09,1.86400778986836e-09,2.65827160217306e-09,1.43077342021782e-09,1.27056046063726e-09,1.12973354462486e-09,1.68903239842957e-09,1.46730833629612e-09,1.8875003990627e-09,3.07021476695669e-09,7.64568281713185e-09,1.6747345002669e-08,6.57284861208683e-09,1.45310750093794e-08,1.23094637568104e-08,8.98100974211917e-09,1.90284141893926e-08,9.27852919559392e-09,1.67957119865146e-08,1.69912616965315e-08,1.51278669760763e-08,2.15784803521593e-08,1.01944138763267e-08,4.54094195544123e-09,1.91160487907881e-08,9.8124562872057e-09,1.80201861008358e-08,9.07023088712966e-09,4.04806041054061e-09,3.20205418891447e-09,8.68113925559922e-09,4.09072165590483e-09,8.41950478367598e-09,3.57147676791307e-09,2.90353085451014e-09,2.04444201306634e-09,3.59226672669577e-09,3.40585746862108e-09,3.71629085420087e-09,2.65863207711776e-09,1.88393413121925e-09,1.53221130921423e-09,3.16103169650740e-09,2.20738262403282e-09,3.58509434593092e-09,1.63384693803915e-09,1.32789992063295e-09,1.2463694281161e-09,1.92179717392113e-09,1.68063613246014e-09,2.32981271185092e-09,1.19574675033558e-09,1.13166182530223e-09,1.06274041997574e-09,1.51046720652414e-09,1.3956399426826e-09,1.76679782768557e-09
3.60621757620353e-09,4.1628667092095e-09,9.23743704831658e-09,3.92698422058904e-09,8.67915240422132e-09,7.72491775193969e-09,4.85744137358667e-09,1.04651062863482e-08,2.35851095013491e-08,1.00489015130915e-08,2.00101398663503e-08,1.88834318201559e-08,1.15407289417572e-08,2.62912647937888e-08,1.24280148252483e-08,2.21917199933312e-08,2.37688454174103e-08,2.00422583485036e-08,2.32127793869213e-08,1.08583201783196e-08,4.39455253411252e-09,2.08166076710352e-08,9.86378852765827e-09,1.90332791105433e-08,9.53766510975181e-09,3.83312578253094e-09,2.95291330163748e-09,8.5723193488384e-09,3.83361385668347e-09,8.18009363380572e-09,3.42665845808924e-09,2.67173169561475e-09,1.958220506116e-09,3.41722361751144e-09,3.11477807699324e-09,3.86041769935484e-09,2.40242523600496e-09,1.74368974803351e-09,1.52757218557486e-09,2.80308988150081e-09,2.08449581642632e-09,3.08372146431144e-09,1.59453105395138e-09,1.33842471092977e-09,1.21526927910748e-09,1.8506234579605e-09,1.59742936551898e-09,2.11463400072721e-09,3.1615877702847e-09,3.51228432910696e-09,7.92861507309108e-09,3.37464264242846e-09,7.42130808556636e-09,6.46753491289045e-09,4.11702624413719e-09,9.01804053772647e-09,2.04061586810481e-08,8.62450785153394e-09,1.71727974162948e-08,1.62104757860889e-08,9.8395556581751e-09,2.26905223378267e-08,1.12101513465467e-08,1.88969906302208e-08,2.07905766086667e-08,1.72283489899927e-08,2.01210634848061e-08,9.80991384920591e-09,3.89594482092747e-09,1.83608592627371e-08,8.99208113456611e-09,1.68678284293935e-08,8.62116568186798e-09,3.4441078371328e-09,2.48660667251648e-09,7.84909728558327e-09,3.43136201687029e-09,7.42303483091257e-09,3.08553322557266e-09,2.23111012662738e-09,1.64742736534304e-09,3.07342381015817e-09,2.46599729537126e-09,3.342838406209e-09,2.01489130122009e-09,1.47486948635649e-09,1.30629322664425e-09,2.22271010910956e-09,1.80790062196935e-09,2.640882045798e-09,1.34982704155064e-09,1.1415759828364e-09,1.11891528044573e-09,1.61156674739119e-09,1.47711537927614e-09,1.99330804326065e-09
2.92291726626568e-09,3.77854090208851e-09,4.0361441101369e-09,4.35144150483879e-09,4.37064980311355e-09,4.47072468468969e-09,4.27882657564002e-09,4.49879810371582e-09,1.1208758730112e-08,4.98720939695931e-09,9.96623829097186e-09,9.98559491378354e-09,5.01163575429189e-09,1.24280148252483e-08,2.69741252351462e-08,1.10087697008319e-08,2.31053011658626e-08,2.06745763703753e-08,1.08613360788299e-08,2.32340799306177e-08,1.06913475645754e-08,1.98199552141592e-08,2.01029771029571e-08,1.70860752485899e-08,2.05957061027256e-08,9.35641315456951e-09,3.77481719920579e-09,1.7687973656774e-08,8.90693101030932e-09,1.66641521568639e-08,8.37343557232552e-09,3.3629319824495e-09,2.77738306790179e-09,7.94704359083271e-09,3.78262741706245e-09,8.29724504938782e-09,2.99905618060871e-09,2.43868957399385e-09,1.72507138954558e-09,3.41398077910528e-09,2.74560836225144e-09,3.64079029165940e-09,2.18439936080514e-09,1.55254180374088e-09,1.45416390065053e-09,2.45939252858175e-09,1.88087707738963e-09,2.71156876729507e-09,2.4423030799135e-09,3.34777969404349e-09,3.32659293511276e-09,3.79235970618566e-09,3.74841087300999e-09,3.62874099402266e-09,3.81820282413806e-09,3.81012945238718e-09,9.82037506731917e-09,4.36159948793399e-09,8.29277594601222e-09,8.51889957545346e-09,4.2088364778538e-09,1.08695498615696e-08,2.34329906478015e-08,9.12592636912207e-09,1.98741467293298e-08,1.71743246405817e-08,9.46872292892011e-09,2.01714691129952e-08,9.34591047310021e-09,1.70785043475668e-08,1.77048601096736e-08,1.50502130137551e-08,1.78657297861182e-08,8.23265065774965e-09,3.43489613373487e-09,1.56378965584158e-08,7.9145910798893e-09,1.47001185365622e-08,7.40180860100446e-09,3.02587101065462e-09,2.37423211501831e-09,7.09197454794208e-09,3.33160626250435e-09,7.37392473409665e-09,2.68664323461668e-09,2.07535488770122e-09,1.5188620953759e-09,2.98325840044427e-09,2.36650063210421e-09,3.33647917684269e-09,1.83704026516964e-09,1.36538763408999e-09,1.27404401930945e-09,2.09835324684871e-09,1.70268088621408e-09,2.4429439309001e-09
4.02570863529012e-09,8.79262875668768e-09,1.69013002288658e-08,7.53499084113368e-09,1.50300855835416e-08,1.27142222769731e-08,1.04621383063895e-08,1.93129660165781e-08,2.00113199690659e-08,1.76201285991391e-08,3.10815592591652e-08,2.82603643690098e-08,2.17846932308708e-08,2.21917199933312e-08,1.10087697008319e-08,3.49749565178206e-08,1.99969946128813e-08,3.17059774086107e-08,1.96006763629744e-08,9.6007924277139e-09,4.51702468753542e-09,1.746570785305e-08,8.89143638799799e-09,1.59022831861947e-08,8.40681369662359e-09,3.96723872957572e-09,3.42909655879156e-09,7.72231238242294e-09,4.05372820040713e-09,7.40966889651274e-09,3.55188382842004e-09,3.12525334717493e-09,2.23408418452862e-09,3.63033371746404e-09,3.6927520957819e-09,4.13814993499376e-09,2.78422688660599e-09,1.95026049257632e-09,1.74054903924458e-09,3.28998781549835e-09,2.36132621165873e-09,3.65302245934554e-09,1.76955966894342e-09,1.54543406952288e-09,1.41643200930969e-09,2.10800996471593e-09,1.82631470458041e-09,2.40114793829483e-09,3.32295338230045e-09,7.27797256577197e-09,1.46756267501969e-08,6.27371794557751e-09,1.28784784748326e-08,1.07601173169307e-08,8.56881228886188e-09,1.66705380911988e-08,1.76591239703595e-08,1.49687742768788e-08,2.69286071530314e-08,2.42791181570084e-08,1.87916984729795e-08,1.95062313415419e-08,9.94044398562884e-09,3.01296491389429e-08,1.78258616417378e-08,2.75715580927114e-08,1.73223050335935e-08,8.70502311606224e-09,3.97716130165443e-09,1.57081543052691e-08,8.17252392107984e-09,1.44626768117977e-08,7.63252155270092e-09,3.52465825238348e-09,2.95159740494783e-09,7.13198694344953e-09,3.6021204635312e-09,6.78652255896766e-09,3.16295537392583e-09,2.69650968135922e-09,1.86912202324587e-09,3.27462081724183e-09,2.99989260661283e-09,3.56666510774646e-09,2.39396774970079e-09,1.64107991549731e-09,1.54018434311558e-09,2.6722251084486e-09,2.10409537485454e-09,3.19161551812695e-09,1.47628534458241e-09,1.36821123911042e-09,1.32952512825373e-09,1.86620549352528e-09,1.74607055315868e-09,2.27829585802858e-09
4.33100256874942e-09,4.48676525670588e-09,8.91567605947662e-09,4.53184148050601e-09,8.5221416386742e-09,7.87355638422921e-09,5.23870769860401e-09,1.00431531648022e-08,2.14049195999614e-08,9.81897319588991e-09,1.81766881012442e-08,1.7159094582098e-08,1.09879489783448e-08,2.37688454174103e-08,2.31053011658626e-08,1.99969946128813e-08,3.74673900523045e-08,3.22812778090868e-08,2.08198188653753e-08,1.98185127583142e-08,1.0032810832334e-08,3.23227763186534e-08,1.70086217124985e-08,2.82555840267791e-08,1.74506856063854e-08,8.73074547176101e-09,3.90463484019823e-09,1.48216431821485e-08,8.32163209922936e-09,1.3834818358355e-08,7.79348992729861e-09,3.46886892892816e-09,2.99260223249622e-09,7.40617354947732e-09,3.87052391614715e-09,7.66151013911262e-09,3.13318604976972e-09,2.66064513868494e-09,1.85673811082736e-09,3.52963789130522e-09,3.05559593954297e-09,3.82631262506023e-09,2.42037667284213e-09,1.66933943096971e-09,1.51041917219237e-09,2.76081415844668e-09,2.01055429652631e-09,3.05866132927978e-09,3.81302848524432e-09,3.87447964307152e-09,7.54308040160104e-09,3.90535695637843e-09,7.3252188403093e-09,6.46907036907876e-09,4.52257181738644e-09,8.60015218905253e-09,1.88015598630354e-08,8.54858343474104e-09,1.5467348352307e-08,1.48069872233106e-08,9.31934419919794e-09,2.08620102328994e-08,2.03008889677819e-08,1.69557274494404e-08,3.25764079953623e-08,2.73516139525968e-08,1.83421552042753e-08,1.74986792525334e-08,8.89237614254885e-09,2.8401642532545e-08,1.53419191411912e-08,2.52860565011833e-08,1.54412446725652e-08,7.82585684157427e-09,3.52922502534019e-09,1.34792211312632e-08,7.45063894895381e-09,1.2524365012755e-08,7.01925153245252e-09,3.07246504157397e-09,2.59224850767718e-09,6.64442821763689e-09,3.35307094861191e-09,6.8021885450213e-09,2.77893579075036e-09,2.2999668206823e-09,1.60900773886115e-09,3.0483933764187e-09,2.63674105511158e-09,3.46141316478566e-09,2.07788160343992e-09,1.44044168809257e-09,1.32813655303243e-09,2.37570479538509e-09,1.81470098981163e-09,2.75297400590043e-09
4.3222169965973e-09,8.55824144490397e-09,1.58748760115743e-08,7.64336110597403e-09,1.40965714311916e-08,1.22427825616669e-08,1.03112216296857e-08,1.82079584261254e-08,1.81812608954666e-08,1.66127265105842e-08,2.8342210186891e-08,2.5584128444462e-08,2.04313325861394e-08,2.00422583485036e-08,2.06745763703753e-08,3.17059774086107e-08,3.22812778090868e-08,4.66666232906733e-08,1.75350718906227e-08,1.76829781073593e-08,9.35976622958329e-09,2.77136239345187e-08,1.51047136450775e-08,2.39824869840513e-08,1.55309061547582e-08,8.15118624845243e-09,3.88481688175139e-09,1.31493056427842e-08,7.82638566768168e-09,1.22925728168268e-08,7.2869336124922e-09,3.49353052693443e-09,3.246187173933e-09,7.00394522025695e-09,3.88443264417361e-09,7.19372613533005e-09,3.15323929425535e-09,2.84361232200214e-09,2.01573456643137e-09,3.54364245923196e-09,3.3267801104722e-09,3.92571782112339e-09,2.56653807718154e-09,1.81427125485831e-09,1.60941740702128e-09,2.98739454108221e-09,2.13941530136327e-09,3.23955626270004e-09,3.60664809635455e-09,7.20308230209912e-09,1.36633700613511e-08,6.41516598663044e-09,1.21906976439022e-08,1.02910729751692e-08,8.57310187417557e-09,1.56621316384056e-08,1.61949302293324e-08,1.43238065622721e-08,2.42995565297922e-08,2.20023458114958e-08,1.75726628660616e-08,1.77935302574114e-08,1.81539269271945e-08,2.71100912998423e-08,2.84588461913155e-08,3.99928304496929e-08,1.56602823265416e-08,1.56409156906272e-08,8.27337778679323e-09,2.47236365319428e-08,1.37133349751223e-08,2.19039143508753e-08,1.37683433604539e-08,7.2689444747781e-09,3.55374042024115e-09,1.20479340961081e-08,6.98039012368711e-09,1.11853222971648e-08,6.54614964743342e-09,3.17144818769688e-09,2.73964969052061e-09,6.29788922944861e-09,3.45644724985646e-09,6.42726024036118e-09,2.86457004704384e-09,2.39153380006055e-09,1.83482867788259e-09,3.1317963914586e-09,2.90920184697835e-09,3.65880878505239e-09,2.14681705488335e-09,1.64545199226484e-09,1.42784360944304e-09,2.60102261943585e-09,2.00205088556479e-09,2.89314258614644e-09
3.24194371634699e-09,3.68133060853263e-09,8.1813147545323e-09,3.46638770955633e-09,7.71628458864666e-09,6.83785453602902e-09,4.29498456540931e-09,9.2790800891404e-09,2.09296840842864e-08,8.90889766943029e-09,1.77581864072115e-08,1.67149520200534e-08,1.01875913843385e-08,2.32127793869213e-08,1.08613360788299e-08,1.96006763629744e-08,2.08198188653753e-08,1.75350718906227e-08,2.70983682111199e-08,1.23044170919227e-08,5.01727947998479e-09,2.44300182590845e-08,1.12326115327285e-08,2.24154853234056e-08,1.07115009075249e-08,4.36163328196971e-09,3.4083109578388e-09,9.66687977174513e-09,4.41780897712846e-09,9.23030412696655e-09,3.91439296018584e-09,3.06935212083951e-09,2.24767988935722e-09,3.9501012426467e-09,3.59395026149462e-09,4.48331068478025e-09,2.7604093610487e-09,1.99037154727759e-09,1.70130894637634e-09,3.21814699774797e-09,2.32013066929716e-09,3.47954135471463e-09,1.8064031504466e-09,1.49112190689549e-09,1.33529588591821e-09,2.05666612411434e-09,1.78640976246987e-09,2.35565118806358e-09,2.83707908498182e-09,3.0526832671387e-09,7.10347094919835e-09,2.94627287423358e-09,6.59854653826494e-09,5.7851732082223e-09,3.57565651726105e-09,8.06445776773263e-09,1.81310493570218e-08,7.64271296336997e-09,1.53538061039246e-08,1.43476603170818e-08,8.779676877312e-09,2.01206404828559e-08,9.81191922747563e-09,1.68330107477407e-08,1.83625175474331e-08,1.52765790616923e-08,2.33867798914907e-08,1.12341127008486e-08,4.43680358888853e-09,2.14938845380236e-08,1.03370051237131e-08,1.98149125516597e-08,9.74656789888095e-09,3.902504011668e-09,2.91603945297459e-09,8.86435888105595e-09,4.00029678065842e-09,8.48531476252473e-09,3.51393592450679e-09,2.60897623908311e-09,1.87491220574408e-09,3.59197708255397e-09,2.9119614345622e-09,3.89106150847009e-09,2.34854838496079e-09,1.67798085290289e-09,1.43763960756548e-09,2.61076120340542e-09,2.00701309478494e-09,2.98464526328655e-09,1.53205394564418e-09,1.25383577000012e-09,1.2376699657066e-09,1.78977063937221e-09,1.61209041558287e-09,2.21185779315582e-09
