1.38033289783469e-08,6.50513718378842e-09,3.22142464538712e-09,1.16434285493064e-08,6.30104336780517e-09,1.11529818971558e-08,5.41340782245495e-09,2.58635666010775e-09,2.73126921304556e-09,5.12779663693924e-09,2.9770135796843e-09,5.50459856683061e-09,1.9682261545574e-09,2.15071911569266e-09,1.54224734678178e-09,2.19879651891923e-09,2.29662181481947e-09,2.47723617008704e-09,1.85736077300308e-09,1.22495326070154e-09,9.04388182169194e-10,1.91596256563477e-09,1.33365019248557e-09,2.031883511644e-09,1.01850748445554e-09,7.12678161080827e-10,5.8067378118349e-10,1.12752478033967e-09,7.41472792163672e-10,1.09918493444371e-09,5.44007040846306e-10,5.02080187130865e-10,4.88607863461236e-10,5.69516743144864e-10,5.83558839028942e-10,7.05923280445735e-10,4.62748842366342e-10,4.56546808905525e-10,4.21949849805048e-10,5.05587539250445e-10,5.79326919896506e-10,6.43881321740059e-10,4.54751568090613e-10,4.46278593604796e-10,5.36103031294458e-10,5.99854969900643e-10,6.58033372140093e-10,8.25844002171493e-10,6.21192704884334e-09,2.84652948346342e-09,1.64269844408018e-09,5.39894348453316e-09,3.18181602349576e-09,5.93897059356685e-09,2.40573404218852e-09,1.24931486098804e-09,1.00708110220168e-09,2.72169700160026e-09,1.10062064655964e-09,2.65857797382134e-09,8.14109942966424e-10,6.90098816833138e-10,9.94275595876487e-10,8.73107283734417e-10,1.01864389185399e-09,1.31979250683644e-09,5.68819725261166e-10,8.58048151721093e-10,7.74169986864114e-10,7.87639514236866e-10,1.0745861982013e-09,7.48451260615444e-10,7.66993642081246e-10,6.67731721328144e-10,3.71544403033719e-10,8.96906023258304e-10,5.14009744978701e-10,5.5148538929512e-10,4.77757022705431e-10,3.70421497878912e-10,2.60592871682144e-10,3.67870764280496e-10,3.84511447741198e-10,3.93865941264852e-10,3.00521004881227e-10,2.46433453094518e-10,2.2832973947134e-10,3.03228733106871e-10,2.78601743887983e-10,4.21737450188647e-10,2.14879291702813e-10,2.24761128392824e-10,2.45097620491276e-10,3.02127539367891e-10,3.35426235056666e-10,3.65846225654995e-10
6.50513718378842e-09,1.51628593905357e-08,6.06279262939635e-09,1.23802202318213e-08,1.25666657095465e-08,9.89615689704147e-09,1.24764851081972e-08,4.74487534608301e-09,2.73574100150526e-09,1.01772018863e-08,5.21405818718567e-09,1.0604841718102e-08,3.37189219787607e-09,1.84906685299315e-09,2.4564267129533e-09,3.27511613914098e-09,2.127718215218e-09,3.53304220853874e-09,1.54587257575253e-09,1.81310468244408e-09,1.12274434696445e-09,1.64407744239041e-09,2.08962333688666e-09,1.71662508972804e-09,1.47430035566778e-09,8.62014712163073e-10,7.93404277097173e-10,1.67693462782979e-09,1.01577812778226e-09,1.68668348905637e-09,7.46118020464576e-10,7.12744035900379e-10,6.15977601194421e-10,8.76846520948414e-10,7.36839986185281e-10,9.18854432583089e-10,5.29435200601204e-10,5.21720889388015e-10,4.42104245325815e-10,5.47647026907295e-10,6.96904210743268e-10,6.81337624832981e-10,5.19174739432432e-10,4.16905922424393e-10,4.81903525860239e-10,6.7723464382372e-10,5.40398178237071e-10,8.00960363506155e-10,2.53198113316455e-09,8.06083719074061e-09,3.5373903175393e-09,5.65580355287194e-09,7.19909884184608e-09,5.20623853357029e-09,6.61121780165834e-09,2.84163774574665e-09,1.1509371640772e-09,5.96002759984096e-09,2.55197583335791e-09,5.62196600094896e-09,1.82595000333834e-09,8.12723139068507e-10,1.70450141162562e-09,1.76282956569228e-09,1.02549668082126e-09,1.95625746129032e-09,6.0762720548739e-10,1.40275463412481e-09,8.9635419997304e-10,6.71473893423228e-10,1.48241275460707e-09,9.65395627099769e-10,1.1517463791744e-09,7.37091510782397e-10,6.49794285446848e-10,1.20035445954359e-09,8.6862641778387e-10,1.28086703643363e-09,6.06676212755856e-10,5.47604318747836e-10,4.07502285796438e-10,6.93533963632448e-10,4.82373099439374e-10,6.39717027100378e-10,3.8229692562098e-10,3.31347237763846e-10,2.80115314166161e-10,2.97301393748696e-10,3.51389760373099e-10,4.24608827024331e-10,2.91562927344039e-10,2.14781661118952e-10,2.27596791166575e-10,3.17180978238178e-10,2.51788393965374e-10,2.53878207174055e-10
3.22142464538712e-09,6.06279262939635e-09,1.47459273935513e-08,5.83847456696466e-09,1.19615178064524e-08,1.12769492170598e-08,4.74767178173917e-09,1.13910487106357e-08,5.2620482430865e-09,9.0096072534934e-09,1.01855164799737e-08,8.02047314453094e-09,8.62383620137212e-09,3.69728243398766e-09,2.3145391008213e-09,7.26022839886038e-09,3.75710870756529e-09,7.10804322206927e-09,3.0562863070695e-09,1.86675102546982e-09,1.78574842488955e-09,3.10481761145712e-09,2.13676476179449e-09,3.09306990816752e-09,1.38412573138814e-09,1.4351810748345e-09,8.22293226665373e-10,1.52781400164629e-09,1.55412363437675e-09,1.60016024132473e-09,1.25837067515413e-09,7.21874409080736e-10,6.26696949093846e-10,1.35218192334582e-09,7.40256684939752e-10,1.43191585436811e-09,6.3621815681165e-10,5.40816623413475e-10,4.83425836296965e-10,6.04827388428052e-10,6.71047691532677e-10,7.86671178890514e-10,5.53481028214609e-10,4.55303584103647e-10,6.22767924486954e-10,6.48608774496524e-10,6.58013421471707e-10,8.98444569422217e-10,1.2750845007896e-09,4.01400649521923e-09,8.26216147963671e-09,3.41400035510838e-09,7.58462940596023e-09,6.84489991733058e-09,3.2240301388228e-09,6.28324436861288e-09,2.56894716876261e-09,5.84609931750181e-09,4.6568354168694e-09,4.63259226137921e-09,4.69312312705416e-09,2.00513269053266e-09,1.43776871989345e-09,3.40425307408663e-09,2.10360743444397e-09,3.64359053711057e-09,1.62607614663903e-09,1.07459455061689e-09,1.03666392204649e-09,1.75666209412468e-09,1.40145258218318e-09,1.8200538481409e-09,6.94258129818754e-10,8.96971603599681e-10,6.20744394686876e-10,9.43864928106815e-10,9.83615877626153e-10,9.42210925723608e-10,8.77538474697213e-10,5.60540890093575e-10,3.47877402455397e-10,8.91857741349075e-10,3.94266188905156e-10,7.13491239993942e-10,4.52965977708204e-10,3.16831406484592e-10,3.44925418851792e-10,3.13888226638168e-10,4.64189417199097e-10,4.71641820416932e-10,3.06639341479366e-10,3.52416096013081e-10,4.18602982601733e-10,4.23567489683633e-10,4.58667936515628e-10,5.76212538461703e-10
1.16434285493064e-08,1.23802202318213e-08,5.83847456696466e-09,1.91017257822329e-08,9.7675306602358e-09,1.56720771656975e-08,1.01487035088924e-08,4.4980788110061e-09,2.70474404917551e-09,7.76173742744827e-09,4.82229068518832e-09,8.07238693244216e-09,3.2095856894709e-09,1.86105051150761e-09,3.01892640482271e-09,3.06329834402256e-09,2.30973106627063e-09,3.57154675415482e-09,1.54349818229474e-09,2.26882103687914e-09,1.44706300602776e-09,1.76512774483638e-09,2.50810415279025e-09,1.8172939422815e-09,1.9136767478609e-09,1.19202574732082e-09,8.88373147031579e-10,2.10989653623696e-09,1.25116805967638e-09,2.03933998632625e-09,8.99948324865938e-10,7.60683456310154e-10,6.37847655854829e-10,9.64034460276655e-10,8.04502191156717e-10,1.05961821262739e-09,5.85575290369758e-10,5.40741026024964e-10,4.54235178372382e-10,5.96066723957036e-10,7.11405957551381e-10,7.87005822426225e-10,5.4331323986648e-10,4.59413035494092e-10,5.82441245842985e-10,7.00990130466027e-10,6.50149888942689e-10,9.50731166005426e-10,5.17530994619201e-09,6.58334741759055e-09,3.21271382240847e-09,9.45686512865664e-09,5.36511766464049e-09,8.44125352508973e-09,5.44549007316981e-09,2.43806624547731e-09,1.23330236387922e-09,4.41110441792112e-09,2.06778774825933e-09,3.9911032135956e-09,1.50341042782909e-09,8.95221890430043e-10,2.02037719012460e-09,1.47902005770863e-09,1.06162306942904e-09,1.85796533209094e-09,6.72660646547601e-10,1.72909244612083e-09,1.06021922263084e-09,6.63092156124004e-10,1.70671966458651e-09,9.06838979182771e-10,1.45392501953751e-09,9.17313036966834e-10,6.77918771182579e-10,1.47573231695105e-09,8.49705698434597e-10,1.30384441274812e-09,6.43113745749241e-10,6.17454243609074e-10,3.27608311960858e-10,6.55439536544413e-10,5.29519723386005e-10,6.18429450376986e-10,4.22811387328624e-10,2.49277564647518e-10,2.42562648770846e-10,3.25435165047241e-10,3.1508711101448e-10,5.1851525299817e-10,1.737732602687e-10,2.03918733302566e-10,3.23118842494209e-10,2.53737584193498e-10,3.09463831584629e-10,3.04595802482528e-10
6.30104336780517e-09,1.25666657095465e-08,1.19615178064524e-08,9.7675306602358e-09,2.02405991802477e-08,1.62643762575336e-08,1.01794390694418e-08,9.00802354856945e-09,4.8035872972038e-09,1.58269537118544e-08,8.05313384839644e-09,1.46480630069224e-08,6.56170026563675e-09,3.27495767184763e-09,2.441927317906e-09,5.39864259754069e-09,3.43961343118732e-09,5.45329336756884e-09,2.69692356096596e-09,2.00486082834731e-09,1.88279163894398e-09,2.81253249626676e-09,2.12518990169804e-09,2.72007879048319e-09,1.50066871219966e-09,1.5573036744022e-09,9.90397582595279e-10,1.60444771798717e-09,1.71244068256899e-09,1.71735345682448e-09,1.37722059072751e-09,8.97325475875336e-10,7.45440874970622e-10,1.49963924730679e-09,9.40058910908673e-10,1.55743306322686e-09,7.2528174690007e-10,6.21268315929473e-10,5.29650245062613e-10,7.16634129812925e-10,8.00182792475236e-10,8.76822481814993e-10,6.71219912993844e-10,5.34761882595985e-10,6.44446573461453e-10,8.05702517653290e-10,7.24978748500854e-10,1.03973685547578e-09,2.38149748147544e-09,6.67197635609322e-09,7.65293926004551e-09,4.55051410671754e-09,1.22460826865245e-08,9.28072756941969e-09,5.42550800168187e-09,5.89421241457725e-09,2.36049682950973e-09,9.93605867402488e-09,4.33647625761296e-09,8.2526834505522e-09,4.19916296090004e-09,1.8752092482173e-09,1.8178935757572e-09,3.02569835882254e-09,2.05382814850244e-09,3.19400880597887e-09,1.46305820122226e-09,1.43380569978587e-09,1.13208368361375e-09,1.60033625951722e-09,1.59858681940626e-09,1.64795317031975e-09,1.0146627627547e-09,1.02128726992728e-09,6.57790669638627e-10,1.19291391971172e-09,1.04159626874396e-09,1.1304274263716e-09,9.40038406297321e-10,5.5673992533662e-10,5.27500236539091e-10,9.17203374431622e-10,4.62622093352264e-10,7.69376320478498e-10,3.68202826909234e-10,4.66601659627035e-10,3.84668534401815e-10,3.11854309599326e-10,4.89741680862863e-10,4.60832205955013e-10,4.39587060174435e-10,3.59908457997696e-10,3.52210058814872e-10,4.48948606834233e-10,4.6893323910028e-10,5.51026989196438e-10
1.11529818971558e-08,9.89615689704147e-09,1.12769492170598e-08,1.56720771656975e-08,1.62643762575336e-08,2.30388227817519e-08,7.90313093507363e-09,8.31953906871815e-09,4.52115601148228e-09,1.2351162469953e-08,7.26475868808233e-09,1.10986224844354e-08,6.08760874052505e-09,3.09931732547412e-09,2.62469735289252e-09,4.87021141278359e-09,3.361715761347e-09,5.13287879824731e-09,2.53971863166701e-09,2.15001839003901e-09,2.20448313317033e-09,2.73100819055201e-09,2.34634937101272e-09,2.66686522280314e-09,1.67755597635374e-09,1.87740317277322e-09,1.03387014007772e-09,1.84316594748064e-09,1.94577765939222e-09,1.89565864005606e-09,1.52320141816997e-09,8.96448963540562e-10,7.98403812399029e-10,1.58634470047627e-09,1.01725835601738e-09,1.74274453088318e-09,7.60280595676891e-10,6.93775011708553e-10,5.76459976767444e-10,7.94141820250709e-10,8.92526046488678e-10,9.84615439828245e-10,7.16401330942306e-10,5.79873743808551e-10,7.79618623764265e-10,8.77208516173601e-10,8.52535973396686e-10,1.15644103764979e-09,4.86793639066793e-09,4.91978428952617e-09,6.99374021753152e-09,7.8560573398589e-09,9.85663303405811e-09,1.31283784658429e-08,4.09904598763464e-09,5.17393882457701e-09,2.19523324680416e-09,7.87691508717983e-09,3.48463979727253e-09,6.22571238986611e-09,3.73558422640068e-09,1.74250240252228e-09,1.86102064994707e-09,2.51646332923789e-09,1.83240694042506e-09,2.79969508704541e-09,1.3269886566692e-09,1.50041452134354e-09,1.33063003131804e-09,1.37517496012632e-09,1.63533197141121e-09,1.43187034890253e-09,1.10486926883249e-09,1.2111888179036e-09,6.77852752614995e-10,1.27643381964824e-09,1.1576929884824e-09,1.04541460508689e-09,9.78924327460302e-10,6.07512225580763e-10,5.15424395388409e-10,9.73141938195267e-10,5.2792138951834e-10,8.4115996047654e-10,4.17099015128033e-10,4.28729599487309e-10,3.7384337597289e-10,3.3756680261071e-10,5.03835605987099e-10,5.45368020774773e-10,3.72185751729936e-10,3.57829740364196e-10,4.02404208847416e-10,4.42626470920954e-10,4.57618367360635e-10,4.72488397910879e-10
5.41340782245495e-09,1.24764851081972e-08,4.74767178173917e-09,1.01487035088924e-08,1.01794390694418e-08,7.90313093507363e-09,1.56649862479322e-08,5.5850899942595e-09,3.27880329058163e-09,1.26623158874499e-08,6.18553220140178e-09,1.34068671961004e-08,3.98152484583426e-09,2.32345195917503e-09,2.9222307563282e-09,4.09720319443939e-09,2.61594557380925e-09,4.34062352477815e-09,1.8858183601869e-09,2.17007618657519e-09,1.30771355437396e-09,1.9949916924159e-09,2.49978786236462e-09,2.11527917226127e-09,1.74604570974562e-09,1.04050946602878e-09,9.45084167780281e-10,2.02973414925841e-09,1.14328414294183e-09,1.97224099007655e-09,8.92442135977362e-10,8.07104700858569e-10,6.81870474340596e-10,9.85499436137557e-10,8.7006322455211e-10,1.04045485745842e-09,5.83125628784873e-10,5.63439982248103e-10,4.51485127014724e-10,6.33457573987927e-10,7.09282706204597e-10,7.53616706614631e-10,5.36368147378889e-10,3.73451423230078e-10,4.22861869413933e-10,6.58503489427522e-10,5.02449869707427e-10,7.76191863107301e-10,1.93076658780348e-09,6.61020907911216e-09,2.84297761868576e-09,4.35444059194244e-09,5.96099179511028e-09,3.9735118713508e-09,8.97528747567754e-09,3.0285505311043e-09,1.47607335007529e-09,6.90300412058657e-09,3.23565259198873e-09,7.43667738894082e-09,2.10967887348394e-09,1.07718819082025e-09,1.78117208803917e-09,2.3080877488715e-09,1.14660982052252e-09,2.39801703536745e-09,7.56669990892559e-10,1.45708781798554e-09,1.0468812541335e-09,7.32300878391716e-10,1.78623850657139e-09,1.10435664808082e-09,1.15639600729887e-09,8.5340074079586e-10,7.33828998438367e-10,1.42210677679711e-09,8.89982368110108e-10,1.40540834209401e-09,6.88907205943904e-10,6.01262636866077e-10,4.31834338268147e-10,7.39069119826754e-10,5.70989902598128e-10,6.77722521327749e-10,4.20899273751865e-10,3.58225502647225e-10,3.23295805769133e-10,3.52333224820655e-10,3.33402976212255e-10,4.95647475037652e-10,3.02670280897915e-10,2.62486594915976e-10,2.12686876395031e-10,2.64306992727979e-10,3.16937145713031e-10,2.68049932837869e-10
2.58635666010775e-09,4.74487534608301e-09,1.13910487106357e-08,4.4980788110061e-09,9.00802354856945e-09,8.31953906871815e-09,5.5850899942595e-09,1.29045406801243e-08,5.81015558590055e-09,1.04933349067141e-08,1.13535822958858e-08,9.2310975144153e-09,9.71007271753169e-09,4.19428557524465e-09,2.59100137093668e-09,8.25372946431988e-09,4.24815875647319e-09,8.0219987831709e-09,3.4296504362611e-09,2.10430814620011e-09,2.10849179791652e-09,3.48178395010521e-09,2.38669340737254e-09,3.49261572664936e-09,1.58202288758653e-09,1.74088828216551e-09,1.19427063851504e-09,1.7505293608226e-09,1.95862670255235e-09,1.88815250439925e-09,1.52502320678353e-09,1.02211638948583e-09,7.70206893121069e-10,1.69555562847574e-09,1.02423367837634e-09,1.70295540166221e-09,7.51591420783755e-10,6.34939961181199e-10,5.09659176437577e-10,7.31309830903066e-10,7.50269214100998e-10,8.98912051354682e-10,5.7138988554831e-10,4.30868220461157e-10,5.65946887059775e-10,6.40246682387906e-10,6.20443450983039e-10,8.83910585314972e-10,1.11458956320301e-09,3.22175152066054e-09,6.28319117365673e-09,2.64081138996551e-09,5.84611025208806e-09,4.89669885283214e-09,3.84692292481368e-09,6.72996654811067e-09,3.07372496952838e-09,5.78130706180346e-09,5.4587875178138e-09,5.24840253320583e-09,5.39151121130748e-09,2.43511756478607e-09,1.50255484671648e-09,4.22029232536263e-09,2.3844827334294e-09,4.13761798979663e-09,1.99774309707565e-09,1.13454532811578e-09,1.14848146392143e-09,2.0005386723869e-09,1.51283628857444e-09,2.0221929989311e-09,7.26234436895384e-10,9.84691803132699e-10,9.36952375406569e-10,1.04709381009952e-09,1.14641432231831e-09,1.09215758830371e-09,9.17529535718233e-10,8.24938682683892e-10,4.30653311020253e-10,1.0141131065146e-09,6.40482786084428e-10,8.48521077892155e-10,5.80486441077878e-10,3.74293653424893e-10,3.68260245847297e-10,4.24968836232018e-10,5.201489934169e-10,6.15013170505247e-10,3.36493608549796e-10,3.18702542211491e-10,3.39943584319016e-10,4.32188176771623e-10,4.12641859714814e-10,5.74051155087279e-10
2.73126921304556e-09,2.73574100150526e-09,5.2620482430865e-09,2.70474404917551e-09,4.8035872972038e-09,4.52115601148228e-09,3.27880329058163e-09,5.81015558590055e-09,1.54619887908204e-08,5.61236308693423e-09,1.3003748312258e-08,1.26385161974801e-08,4.19758397555947e-09,1.10032364346579e-08,5.39483846788215e-09,8.95032448986246e-09,9.6143974549922e-09,7.80476547459809e-09,8.98605860439101e-09,4.35820802495363e-09,1.99192532420702e-09,7.82066807468734e-09,3.89680350997573e-09,6.93317648101165e-09,3.15912758680856e-09,1.52994580850549e-09,1.89952350944905e-09,2.83465913883055e-09,1.81422821195596e-09,3.02329745548762e-09,1.23156814600267e-09,1.57786028136617e-09,1.04044556740925e-09,1.44906514452148e-09,1.71941706273702e-09,1.6630614981704e-09,1.31758420991066e-09,9.15256159857218e-10,6.61387606047064e-10,1.46100312570774e-09,1.05049736115756e-09,1.66587518786332e-09,8.26694140634942e-10,5.60774621477514e-10,6.77941340204919e-10,9.18623171529135e-10,7.96389744571764e-10,1.08692082063162e-09,1.35877572108864e-09,1.58192180336539e-09,2.91707657201447e-09,1.43894737414978e-09,3.13412223000187e-09,2.88384750745726e-09,1.88263258933709e-09,3.21442247142953e-09,7.85883723397357e-09,3.17657873573366e-09,7.07303595171486e-09,7.27085205943167e-09,2.22946173367131e-09,5.42678790548038e-09,2.53951762104614e-09,4.99388672468837e-09,4.67238367933657e-09,4.09146007520769e-09,4.36558442873408e-09,2.20605509183783e-09,1.09298064473054e-09,3.82083011481943e-09,1.88102759125268e-09,3.18351700846124e-09,1.77690344439635e-09,8.0316881819733e-10,1.05322433863199e-09,1.43859412541837e-09,9.61822732774315e-10,1.51222390964703e-09,7.6859155457472e-10,9.03004935458774e-10,6.12719107968739e-10,8.37068327594942e-10,9.17350548898179e-10,9.54049909410073e-10,7.01130277073194e-10,5.54182225841877e-10,3.80658759125387e-10,7.73637389178683e-10,5.29104147973806e-10,7.1734440112376e-10,4.81547984218487e-10,3.88072196287426e-10,5.01182328657928e-10,4.5514582447588e-10,6.5171153648242e-10,8.53985303696381e-10
5.12779663693924e-09,1.01772018863e-08,9.0096072534934e-09,7.76173742744827e-09,1.58269537118544e-08,1.2351162469953e-08,1.26623158874499e-08,1.04933349067141e-08,5.61236308693423e-09,1.92427415135425e-08,9.38099491314816e-09,1.80544822849346e-08,7.67622566943615e-09,4.00742325921178e-09,2.9653481649799e-09,6.53225539497845e-09,4.22035984447104e-09,6.55436474981043e-09,3.27617194662616e-09,2.41368700205542e-09,2.2743739957297e-09,3.44189979328242e-09,2.59221366522068e-09,3.38098151782411e-09,1.84629406496e-09,1.92405409778712e-09,1.3168197620546e-09,2.01106337549726e-09,2.12991054409187e-09,2.13935817477083e-09,1.70344038878761e-09,1.14175087778384e-09,8.61883276848013e-10,1.85718511313144e-09,1.18306105166452e-09,1.83749128487182e-09,8.10992823533789e-10,6.95775712678352e-10,5.59587971351544e-10,8.17315422702746e-10,8.4418556333572e-10,9.62930246660849e-10,6.46086124283688e-10,4.85192263517231e-10,6.10490308088385e-10,7.50196135208667e-10,7.02728127742528e-10,1.0156404345127e-09,1.82556375461467e-09,5.42311380927936e-09,5.8949286679648e-09,3.37591464246607e-09,9.93661347437017e-09,6.88264633701699e-09,7.18965494151471e-09,6.05700123516421e-09,2.93923084585382e-09,1.04856021451136e-08,5.17292604583138e-09,9.95106851133825e-09,4.50845178837592e-09,2.34371444253672e-09,1.94730373849423e-09,3.73567477510728e-09,2.31215068545703e-09,3.77955572408513e-09,1.86376700416393e-09,1.5326223153501e-09,1.32466888347975e-09,1.80638140861689e-09,1.92753588519001e-09,1.99200399994899e-09,1.12900177003332e-09,1.18290593256379e-09,8.9124260904544e-10,1.49158661948169e-09,1.17901270805012e-09,1.42923323466128e-09,1.07575473154689e-09,7.09101205746268e-10,5.45422840611828e-10,1.05712117556622e-09,6.3003148104453e-10,9.15350706984803e-10,4.36469579134107e-10,4.6988787023052e-10,4.41219740083977e-10,3.81551957745145e-10,5.13649249416529e-10,5.81951602267017e-10,4.40448027542524e-10,3.77221695712362e-10,3.38953664510987e-10,4.31881310001214e-10,5.12118295932987e-10,5.53355987329735e-10
2.9770135796843e-09,5.21405818718567e-09,1.01855164799737e-08,4.82229068518832e-09,8.05313384839644e-09,7.26475868808233e-09,6.18553220140178e-09,1.13535822958858e-08,1.3003748312258e-08,9.38099491314816e-09,2.08061863510959e-08,1.79061507682546e-08,8.2579789590168e-09,8.95039128525514e-09,5.17911376469296e-09,1.44568475982465e-08,7.85303490396602e-09,1.25932195294156e-08,7.17158713126197e-09,4.17678934236813e-09,2.14261263091557e-09,6.27520267756571e-09,3.8809008234397e-09,5.63545448151894e-09,3.06262727560271e-09,1.66595868866101e-09,2.14784060502072e-09,2.8329294356169e-09,1.96314407915473e-09,3.00024607713935e-09,1.40565453375195e-09,1.81332828140955e-09,1.1114074828267e-09,1.63999015203419e-09,1.89632635774754e-09,1.77793778394904e-09,1.38726979658482e-09,9.08190364593555e-10,6.93472573235168e-10,1.45577968400858e-09,1.0703372921909e-09,1.65715720012843e-09,8.476421560819e-10,6.19388482105054e-10,7.65413550978487e-10,9.88725497510279e-10,8.73359043821359e-10,1.20066347950024e-09,1.34192135484081e-09,3.26473949338672e-09,5.37164134119633e-09,2.65520726039612e-09,5.51260133979704e-09,4.62263169381884e-09,4.02885341857725e-09,6.22702126921485e-09,7.09979354451486e-09,5.98263823498248e-09,1.03476479471125e-08,1.01554101266192e-08,4.58596781835212e-09,5.123041625912e-09,2.68856456480372e-09,7.63169492695175e-09,4.27754445220563e-09,6.54495743784846e-09,4.02095386734229e-09,2.18493328920199e-09,1.26504924393611e-09,3.42195762769875e-09,2.21002011182189e-09,3.10125004863337e-09,1.55364443579588e-09,1.04301869593788e-09,1.25147744679088e-09,1.62834973559506e-09,1.19383695840461e-09,1.71524834822072e-09,1.00909680754577e-09,1.1104261554023e-09,5.68541150127323e-10,1.05532645299089e-09,1.06847936587543e-09,9.9972476968718e-10,7.33192360288685e-10,5.07774303913088e-10,5.03566907946413e-10,7.4395336305889e-10,6.27032838760494e-10,8.4410983246115e-10,4.9132777987578e-10,4.41098513866168e-10,5.11154815353728e-10,5.13730168565673e-10,6.66705186431345e-10,9.11949112658451e-10
5.50459856683061e-09,1.0604841718102e-08,8.02047314453094e-09,8.07238693244216e-09,1.46480630069224e-08,1.10986224844354e-08,1.34068671961004e-08,9.2310975144153e-09,1.26385161974801e-08,1.80544822849346e-08,1.79061507682546e-08,2.90397234716405e-08,6.44239947285714e-09,8.63162127157304e-09,5.5720586290185e-09,1.20427802129145e-08,7.71722074208581e-09,1.06197635121483e-08,6.86078880040461e-09,4.48400812036548e-09,2.2600817541235e-09,6.12334108644428e-09,4.06410758014099e-09,5.4542109492617e-09,3.27149742264264e-09,1.78296228771659e-09,2.32314946321482e-09,3.0347769613427e-09,2.05136248167845e-09,3.16817004433086e-09,1.53143104463337e-09,2.01046386179189e-09,1.2414079573989e-09,1.74096733037656e-09,2.04609386484026e-09,1.83365252454695e-09,1.54907349055353e-09,1.04584240014154e-09,7.37152836684307e-10,1.61125139775802e-09,1.23377351962146e-09,1.82922831702762e-09,9.79560420248369e-10,6.58890927814696e-10,8.45832566576914e-10,1.14406040632902e-09,9.55936226638549e-10,1.39251694545535e-09,1.96225517728562e-09,5.22988725125016e-09,5.09510717966287e-09,3.15406986870359e-09,9.34976407901621e-09,6.39699518191689e-09,7.16603531957072e-09,5.69329571617901e-09,6.80173037570167e-09,1.04072107175778e-08,9.63607867896638e-09,1.60237158009908e-08,3.74213577097821e-09,5.02095315297004e-09,3.03500008831009e-09,6.85925911347166e-09,4.06653073423123e-09,5.71333547499214e-09,3.86282709523463e-09,2.55150652594311e-09,1.44722081871151e-09,3.15369112286022e-09,2.54352015771194e-09,2.9972502740772e-09,1.83902827889466e-09,1.21148383193738e-09,1.26730985774976e-09,1.90666202446331e-09,1.13113567418006e-09,1.80768975043302e-09,1.13836514444277e-09,1.07028897468384e-09,6.66483507898449e-10,1.05321335528799e-09,9.95671769891482e-10,1.02373397580306e-09,7.03458149309257e-10,6.03016814060888e-10,5.41557449182874e-10,6.80334885308525e-10,5.75367809625944e-10,8.47404480439809e-10,5.69408326967598e-10,4.73406205047633e-10,5.25650711283192e-10,4.82837166180631e-10,7.35937744933373e-10,9.12624536797224e-10
1.9682261545574e-09,3.37189219787607e-09,8.62383620137212e-09,3.2095856894709e-09,6.56170026563675e-09,6.08760874052505e-09,3.98152484583426e-09,9.71007271753169e-09,4.19758397555947e-09,7.67622566943615e-09,8.2579789590168e-09,6.44239947285714e-09,1.24774699294191e-08,5.12389547047977e-09,3.24029905304896e-09,1.04370334226262e-08,5.3394298249198e-09,1.03729220886043e-08,4.07271014973017e-09,2.60283788612885e-09,2.47143148083292e-09,4.25362444357192e-09,2.88452266597041e-09,4.26387655712748e-09,1.97594599761876e-09,1.99889222144506e-09,1.41028776089156e-09,2.09489203116659e-09,2.33994474365096e-09,2.28046083623971e-09,1.75376330507639e-09,1.17626629662545e-09,9.50365677264256e-10,2.00020800294361e-09,1.18695180407356e-09,1.9980208701413e-09,8.69779334766995e-10,7.86079556226883e-10,6.73284060876201e-10,8.74035589200191e-10,9.24785573083947e-10,1.07425378290533e-09,6.53612594267991e-10,5.57128478709498e-10,6.51372397757664e-10,7.58224294072529e-10,7.58005262347442e-10,1.00023835008532e-09,8.02428947622513e-10,2.3184497292392e-09,4.69454715818395e-09,1.96829398789714e-09,4.2115870464925e-09,3.69011021277899e-09,2.73347940306206e-09,5.39246055506664e-09,2.43512542179273e-09,4.30278900580552e-09,4.21893706935311e-09,3.78195432099742e-09,7.25550229974535e-09,3.04907438949817e-09,1.87259740122586e-09,5.97314510979493e-09,3.0363721358083e-09,6.08415538746351e-09,2.30508943850596e-09,1.39476669020964e-09,1.45508955758241e-09,2.42610455572437e-09,1.89359592153001e-09,2.5261850090176e-09,9.0807285080339e-10,1.18175233664162e-09,8.97915598604781e-10,1.35047287193244e-09,1.17609643522182e-09,1.06844900237318e-09,1.11048909822456e-09,8.83487075810111e-10,6.07302029816713e-10,1.13180843246289e-09,7.46667713594504e-10,1.08729873055971e-09,6.36112647785784e-10,5.24022545416909e-10,4.69032585993453e-10,5.2629763899637e-10,6.9432090521589e-10,7.39430501872147e-10,4.35325492599996e-10,3.84883380567622e-10,3.4598979769756e-10,5.94624492426901e-10,4.00621815506643e-10,6.887869578544e-10
2.15071911569266e-09,1.84906685299315e-09,3.69728243398766e-09,1.86105051150761e-09,3.27495767184763e-09,3.09931732547412e-09,2.32345195917503e-09,4.19428557524465e-09,1.10032364346579e-08,4.00742325921178e-09,8.95039128525514e-09,8.63162127157304e-09,5.12389547047977e-09,1.32505759011412e-08,6.6107728512789e-09,1.07909521029375e-08,1.1652739687343e-08,9.55002237118093e-09,1.06350192849947e-08,5.35367679986219e-09,2.41188272993493e-09,9.407507395499e-09,4.85407713814828e-09,8.45914426395187e-09,3.8986979211473e-09,1.82589659757058e-09,2.16570794055158e-09,3.46762694345851e-09,2.10993124581446e-09,3.63383016762675e-09,1.48917820880539e-09,1.81566956220621e-09,1.23780661802622e-09,1.70017064098807e-09,1.95191180704217e-09,1.97355874252012e-09,1.52677978813112e-09,1.07408240503648e-09,7.74198705699806e-10,1.65149284527816e-09,1.19480556518981e-09,1.83707350514482e-09,9.31616366998973e-10,6.52342266502156e-10,7.42369298016532e-10,9.9722296504371e-10,8.78669914689448e-10,1.19485826558449e-09,9.78987136237264e-10,1.02527878170078e-09,1.94242635659392e-09,1.17657238657819e-09,2.03502353690164e-09,2.07164293924087e-09,1.29171598166906e-09,2.2288174764456e-09,5.42465060435891e-09,2.11056040805791e-09,4.9896989158036e-09,5.0142936981503e-09,2.82526738182518e-09,7.0594696955796e-09,3.42403203581365e-09,6.54624527259368e-09,6.1685181681299e-09,5.39123371011545e-09,5.62665007090476e-09,2.90295766195248e-09,1.36072286823799e-09,5.00564939328447e-09,2.41191191507751e-09,4.18585537260939e-09,2.27275293139579e-09,9.81161056745249e-10,1.19970409276401e-09,1.85364381172945e-09,1.02934777082259e-09,1.79644512074017e-09,9.50474075657929e-10,1.04663202374814e-09,7.1074288563841e-10,9.30665772045539e-10,1.20004644448302e-09,1.11639807911858e-09,8.42732148812646e-10,6.10802211969308e-10,4.6304261666264e-10,1.01146040998867e-09,6.73823683560721e-10,1.05839397756712e-09,5.08639772614731e-10,4.48615099015399e-10,4.65148690144036e-10,5.77393674239402e-10,6.59666070523555e-10,9.24187118776849e-10
1.54224734678178e-09,2.4564267129533e-09,2.3145391008213e-09,3.01892640482271e-09,2.441927317906e-09,2.62469735289252e-09,2.9222307563282e-09,2.59100137093668e-09,5.39483846788215e-09,2.9653481649799e-09,5.17911376469296e-09,5.5720586290185e-09,3.24029905304896e-09,6.6107728512789e-09,1.84262853233e-08,6.32737609780823e-09,1.49080987322699e-08,1.41497194748305e-08,5.35735272284016e-09,1.36216494915439e-08,5.28143194377847e-09,1.10865476637866e-08,1.05975070707311e-08,8.58371522735876e-09,1.05695531554902e-08,4.00767967683533e-09,2.35521667336685e-09,7.92662671136981e-09,3.85608181119499e-09,7.55405975688776e-09,3.08106394824267e-09,1.85531892766477e-09,2.37230386833219e-09,2.9686589615847e-09,1.89186860484955e-09,3.07639324552075e-09,1.55539582686681e-09,2.0467155165277e-09,1.20859195566049e-09,1.53817930276202e-09,2.42542662243229e-09,1.93659586717396e-09,1.86929401039875e-09,1.04235364996868e-09,8.68703136011062e-10,2.21184501563659e-09,1.13654049274621e-09,2.23892971321996e-09,8.74365056003492e-10,1.345824706413e-09,1.194798881032e-09,1.60371084348763e-09,1.80372241937961e-09,1.961490671616e-09,1.73602629249945e-09,1.10583785514408e-09,3.26775566294067e-09,1.84899891542516e-09,3.03919343804405e-09,3.9497964465898e-09,1.04188877025287e-09,4.16250306114476e-09,1.03944788102984e-08,3.41366488332108e-09,8.95196069659524e-09,7.83980360774113e-09,3.41034870007591e-09,8.32067843036368e-09,3.41542635809697e-09,7.02021003714338e-09,6.42283734134786e-09,5.18141750577195e-09,6.37215742489971e-09,2.6046227255338e-09,1.22849261834464e-09,4.89918250792046e-09,2.21753639587544e-09,4.1623487022167e-09,2.1759600447174e-09,1.06827545487668e-09,1.12831174859207e-09,1.78948162588347e-09,1.23839240548636e-09,1.69939387316029e-09,8.35474265815602e-10,9.46407484678627e-10,8.81012056604075e-10,9.61531415859233e-10,1.47586254936286e-09,1.49206135014592e-09,8.78566954111845e-10,8.02533956921219e-10,4.13454296096459e-10,1.33806092270578e-09,5.93128510801766e-10,1.26496757759074e-09
2.19879651891923e-09,3.27511613914098e-09,7.26022839886038e-09,3.06329834402256e-09,5.39864259754069e-09,4.87021141278359e-09,4.09720319443939e-09,8.25372946431988e-09,8.95032448986246e-09,6.53225539497845e-09,1.44568475982465e-08,1.20427802129145e-08,1.04370334226262e-08,1.07909521029375e-08,6.32737609780823e-09,1.78969261525785e-08,9.55360484976918e-09,1.583202044573e-08,8.52004635581417e-09,5.1056539082987e-09,2.49618293219281e-09,7.55205376019199e-09,4.69203440829595e-09,6.79518795428167e-09,3.75819874007814e-09,1.89241963482227e-09,2.43665950184701e-09,3.35791569082288e-09,2.30115661091615e-09,3.6007558138736e-09,1.59871513229256e-09,2.05214405246974e-09,1.27229601630035e-09,1.89767847810279e-09,2.10966264935026e-09,2.08335103648074e-09,1.59806677363224e-09,1.05219944277366e-09,8.41308727398723e-10,1.65684780285601e-09,1.19347959935631e-09,1.84001108545869e-09,9.12226897326065e-10,7.07881352379001e-10,8.21800088480628e-10,1.02829611250645e-09,9.51354028107947e-10,1.27763983561749e-09,8.9110604948112e-10,2.18926579535961e-09,3.69044527063692e-09,2.03814254792619e-09,3.6042848495076e-09,3.22661665132945e-09,2.79258810600915e-09,4.58511856441505e-09,5.12028787447916e-09,4.11783477141114e-09,7.62632700762735e-09,7.02002943623699e-09,6.12052040583825e-09,6.42471567843414e-09,3.45004267606976e-09,1.01689168648582e-08,5.52098337042035e-09,8.96886265407647e-09,4.93357043436942e-09,2.76716942641429e-09,1.50662139244329e-09,4.36497715503441e-09,2.70383125915979e-09,3.8066388107155e-09,1.92334302088804e-09,1.17904615977522e-09,1.21274103366169e-09,1.96076043183152e-09,1.17629787980498e-09,1.68278488007907e-09,1.1550615623705e-09,1.17968176977031e-09,7.24271177239854e-10,1.14378860333761e-09,1.29016851405869e-09,1.14735230755764e-09,8.15241461786863e-10,6.37998000673087e-10,5.1203775019161e-10,9.7064736111969e-10,7.72969904284235e-10,1.11932830197571e-09,5.46140957145123e-10,3.91386415526843e-10,4.44203136356514e-10,6.53451164467062e-10,6.05818958909932e-10,1.05676532939975e-09
2.29662181481947e-09,2.127718215218e-09,3.75710870756529e-09,2.30973106627063e-09,3.43961343118732e-09,3.361715761347e-09,2.61594557380925e-09,4.24815875647319e-09,9.6143974549922e-09,4.22035984447104e-09,7.85303490396602e-09,7.71722074208581e-09,5.3394298249198e-09,1.1652739687343e-08,1.49080987322699e-08,9.55360484976918e-09,2.16819409186274e-08,1.84644500101283e-08,9.41067416681968e-09,1.10851760983132e-08,5.00387693765287e-09,1.65624796515021e-08,8.5978051580968e-09,1.33613853176461e-08,8.60219307296446e-09,3.83794047271987e-09,2.57925663342103e-09,6.39067970808642e-09,3.84742203465958e-09,6.20945310217229e-09,2.97672112124301e-09,2.05885158345466e-09,2.42705640372751e-09,2.95252868861607e-09,2.12266569947734e-09,3.1433042270734e-09,1.75889415433309e-09,2.10483335929253e-09,1.19978458416455e-09,1.77961516544614e-09,2.4083627969803e-09,2.15017426278292e-09,1.87024827801838e-09,1.03600765035251e-09,9.82714804279559e-10,2.13038573144669e-09,1.22862797274445e-09,2.30938871453309e-09,1.32662897337288e-09,1.14917008727831e-09,1.99023873387357e-09,1.49173683883888e-09,2.30054631371502e-09,2.4273686065855e-09,1.65795662578117e-09,2.11984699602142e-09,5.41128524547153e-09,2.48735054155009e-09,4.65259530597759e-09,5.34454671596064e-09,2.53911032597239e-09,6.8533556198844e-09,8.1961866089736e-09,5.60247622300222e-09,1.26310924600523e-08,1.04335611453523e-08,5.57910963691232e-09,6.60115236557027e-09,3.10769944818333e-09,1.01757909810884e-08,4.78169046398553e-09,7.68875283012397e-09,5.33704462184078e-09,2.43078400187846e-09,1.3250643217089e-09,3.80262793819291e-09,2.13330621133515e-09,3.40302716905289e-09,2.12636702287048e-09,1.1002950424731e-09,1.28104001268242e-09,1.79083761758828e-09,1.30909296583575e-09,1.90847543655654e-09,9.02749752921354e-10,1.13834947188188e-09,7.19190469384669e-10,1.07943610972728e-09,1.49829206707943e-09,1.46243188270344e-09,1.03568281432226e-09,6.81287612511377e-10,5.14212858118779e-10,1.35350413181113e-09,6.11854144414045e-10,1.43993386263279e-09
2.47723617008704e-09,3.53304220853874e-09,7.10804322206927e-09,3.57154675415482e-09,5.45329336756884e-09,5.13287879824731e-09,4.34062352477815e-09,8.0219987831709e-09,7.80476547459809e-09,6.55436474981043e-09,1.25932195294156e-08,1.06197635121483e-08,1.03729220886043e-08,9.55002237118093e-09,1.41497194748305e-08,1.583202044573e-08,1.84644500101283e-08,2.64742077349209e-08,7.56441755089711e-09,1.06127582425161e-08,4.91228553820063e-09,1.38514657506583e-08,8.24501779927247e-09,1.10540648545348e-08,8.24796156317148e-09,3.72022080726929e-09,2.69428112566903e-09,6.11075982251983e-09,3.81826188860646e-09,5.98552780392117e-09,2.92924060055803e-09,2.14471153311586e-09,2.46344708930295e-09,2.98702987816293e-09,2.18451498145259e-09,3.15746225034191e-09,1.82430461576559e-09,2.17829900611808e-09,1.27325727094825e-09,1.8105297762061e-09,2.48284580896282e-09,2.2345912571522e-09,1.94779282659243e-09,1.10538216521398e-09,1.14125953104608e-09,2.24904164030612e-09,1.39687453866733e-09,2.54544639798298e-09,1.16479573666018e-09,2.25494038160652e-09,3.50627021234006e-09,2.26507409671151e-09,3.84059226038664e-09,3.56896947411867e-09,3.15272973952508e-09,4.04082293083627e-09,4.96854139889964e-09,4.46971051368948e-09,6.86330277770417e-09,7.23755106307448e-09,5.53487002514064e-09,6.13482674935101e-09,7.56806981468261e-09,8.84647367265495e-09,1.10102606980111e-08,1.45068682998802e-08,4.80352976792899e-09,5.86823117936993e-09,2.96703056893285e-09,8.7271757952901e-09,4.62212581684601e-09,6.67336437098998e-09,4.45743101601937e-09,2.31311029863442e-09,1.305208333769e-09,3.50220968538951e-09,2.00983766949985e-09,2.88222491597358e-09,2.03543356741684e-09,1.27823125014917e-09,1.24336491382915e-09,1.74402208870213e-09,1.41685191581365e-09,1.74122406074573e-09,1.03176124323762e-09,1.15558231485099e-09,8.23147014850024e-10,1.17307450340811e-09,1.6170815976468e-09,1.71557408260698e-09,1.05185310031485e-09,7.04669814824823e-10,5.24961102850297e-10,1.48618336872028e-09,5.62550305261391e-10,1.48117750219825e-09
1.85736077300308e-09,1.54587257575253e-09,3.0562863070695e-09,1.54349818229474e-09,2.69692356096596e-09,2.53971863166701e-09,1.8858183601869e-09,3.4296504362611e-09,8.98605860439101e-09,3.27617194662616e-09,7.17158713126197e-09,6.86078880040461e-09,4.07271014973017e-09,1.06350192849947e-08,5.35735272284016e-09,8.52004635581417e-09,9.41067416681968e-09,7.56441755089711e-09,1.33705058590034e-08,6.37797659388841e-09,2.92877061457564e-09,1.14629625035968e-08,5.8899082227445e-09,1.0590801424061e-08,4.67136117099107e-09,2.23382421070267e-09,2.69800740495341e-09,4.25718739773525e-09,2.58405468502004e-09,4.35617409468292e-09,1.81676823783441e-09,2.25277983958256e-09,1.54654691510363e-09,2.08259051634775e-09,2.45449848087862e-09,2.38807948687056e-09,1.90074797389966e-09,1.32653968372253e-09,9.60501762495212e-10,2.05755507533542e-09,1.39845239719318e-09,2.20640856542051e-09,1.17065872431368e-09,8.03217575744569e-10,9.07553447098534e-10,1.18890784147881e-09,1.0553384901811e-09,1.42576986637172e-09,8.41745133705143e-10,8.72205524335196e-10,1.47993872597235e-09,9.81980667487712e-10,1.61390745684701e-09,1.59566346605381e-09,1.11230779049176e-09,1.63175807558679e-09,4.36392948227595e-09,1.61782356114559e-09,3.85554277382507e-09,3.99129073859198e-09,1.9774268277996e-09,5.62687349288899e-09,2.90376958572259e-09,4.92746307285356e-09,5.00770218836671e-09,4.08672656431569e-09,7.09278924498458e-09,3.72224234266345e-09,1.54029871667976e-09,6.01646043998038e-09,3.37894514403762e-09,5.47222339045531e-09,2.84262598463961e-09,1.08549896488428e-09,1.43062969450036e-09,2.5688353625193e-09,1.01623136110937e-09,2.36811729762857e-09,9.98153237569649e-10,1.28940393722962e-09,9.42926605226651e-10,9.37381465633495e-10,1.52334092383683e-09,1.19755170691828e-09,1.04555375393199e-09,8.1511041895715e-10,6.00953597697359e-10,1.24427554644548e-09,8.62967236349951e-10,1.34918098069106e-09,6.74358143461205e-10,5.44224343219935e-10,5.74791580139103e-10,7.35368778070748e-10,7.8849489357554e-10,1.13230746515326e-09
