2.67016594582435e-08,1.32748174630859e-08,6.36653396628961e-09,2.32370914338055e-08,1.32765177423416e-08,2.27583882734383e-08,1.08991639846419e-08,5.16752715210198e-09,5.17224598825851e-09,1.0863943892013e-08,5.69854338320375e-09,1.11971194348786e-08,3.99697569920644e-09,4.35977910156713e-09,3.12356818141829e-09,4.50180925357892e-09,4.8408279537379e-09,4.71857277315437e-09,3.28253616902737e-09,2.51154584920234e-09,1.91453834106012e-09,3.75785066611373e-09,2.76999733500073e-09,4.1290766359476e-09,1.96822099377261e-09,1.41524589030795e-09,1.24931443619245e-09,2.09022858715522e-09,1.74836713119815e-09,2.39399953070163e-09,1.25857226738604e-09,1.12296264754768e-09,1.11873610324796e-09,1.54810112038109e-09,1.46100235546831e-09,1.97627651860245e-09,9.75629113612737e-10,8.21457486385206e-10,9.15607163184719e-10,1.13304300461848e-09,1.08306003459075e-09,1.43388665090031e-09,8.45261974979231e-10,8.22504720648299e-10,1.06314884283973e-09,1.01453685088011e-09,1.17366788942627e-09,1.38397141959114e-09,1.81369581775513e-08,9.16219991538337e-09,3.93070534109005e-09,1.68571717880084e-08,9.00878604220187e-09,1.5602267857511e-08,7.16046048965709e-09,3.00814938374259e-09,2.77411785372682e-09,7.06033341597623e-09,2.78153570903983e-09,5.64505731866138e-09,2.55686100445897e-09,2.2817397806489e-09,2.41460437708332e-09,2.3852978512237e-09,3.29271107394129e-09,2.88740174263754e-09,1.73173974851896e-09,2.02175287167302e-09,1.08671204387945e-09,2.71023018887217e-09,1.91582661964462e-09,2.41090595720841e-09,1.4728034047437e-09,9.61214295692378e-10,7.13757965765224e-10,1.544282022943e-09,1.14324394736513e-09,1.50936111236453e-09,8.43802039462666e-10,6.49654746816566e-10,4.83447537853569e-10,9.46867366889226e-10,5.38408666777636e-10,8.40568587171868e-10,5.75130642880012e-10,3.76829347422333e-10,3.76019475443828e-10,4.25207939043338e-10,4.79507287790933e-10,5.69505262945586e-10,4.62907978346325e-10,3.06633100032818e-10,3.88989771257409e-10,4.61587669010588e-10,4.97366702518387e-10,6.67005949208551e-10
1.32748174630859e-08,3.28033240197329e-08,1.50586528347093e-08,2.68411621752874e-08,2.81738279637153e-08,2.24329618709064e-08,2.6974030029956e-08,1.18339099198129e-08,6.34380979942228e-09,2.29270734089303e-08,1.14683315316485e-08,2.23171943266231e-08,9.06604714326405e-09,4.90240304974284e-09,6.20510965829938e-09,8.65516258023057e-09,5.81965924665278e-09,9.01358097536616e-09,3.84467319870379e-09,4.9401801575854e-09,2.70711278813058e-09,4.51818632493308e-09,5.36143397604349e-09,4.83163078843633e-09,3.94007465294581e-09,1.96444955992647e-09,1.74411208455863e-09,4.15012049713927e-09,2.58195413625427e-09,4.78896734148636e-09,1.77796466453532e-09,1.58689632109351e-09,1.35299977136586e-09,2.32457035330728e-09,1.83354514230627e-09,2.52766111918762e-09,1.48865248869447e-09,1.07254003438197e-09,1.13704107847085e-09,1.5298412959211e-09,1.5544768229559e-09,1.91631735798274e-09,1.03953937204556e-09,9.54927308103312e-10,1.16358726465455e-09,1.45297978328573e-09,1.27183951093509e-09,1.69606302379377e-09,8.01744852536444e-09,2.22258657879647e-08,1.06608289742582e-08,1.66914727543667e-08,2.01820903449621e-08,1.48968431188772e-08,1.83036359815516e-08,8.37425739209945e-09,4.67808006295047e-09,1.58529894583112e-08,7.78135813534499e-09,1.43602838293391e-08,6.83342910855443e-09,3.2006221911107e-09,4.4221504033875e-09,5.58283528513937e-09,4.10138713163225e-09,6.52382704692006e-09,2.03978022310531e-09,3.6500115270095e-09,2.05739064286995e-09,2.97844497136783e-09,4.17227440016449e-09,3.46276070684706e-09,2.64637739861641e-09,1.66961970650435e-09,6.2621604472347e-10,3.21065105028481e-09,1.79282323477874e-09,3.26907608943574e-09,1.49802496588851e-09,5.89157834788751e-10,7.92174245083663e-10,1.57668826985554e-09,8.10736810933028e-10,1.7719148435917e-09,5.83727618879732e-10,6.3749650699227e-10,6.35661148275623e-10,7.19866571363671e-10,1.130698724029e-09,8.47726282360407e-10,5.09527498237478e-10,4.86054278528481e-10,6.56524027832817e-10,9.46523281160566e-10,4.49440432669865e-10,8.00568498208952e-10
6.36653396628961e-09,1.50586528347093e-08,3.5018279942476e-08,1.37758179817765e-08,2.97098349837016e-08,2.70105272135073e-08,1.18400383733904e-08,2.7184556944216e-08,1.4156146967503e-08,2.32686089563566e-08,2.39814928343474e-08,2.03273106368766e-08,2.11238871329673e-08,1.05838840108716e-08,5.7456174539444e-09,1.82444641467534e-08,1.08030683529328e-08,1.78361993832603e-08,8.059360168057e-09,4.46504963694624e-09,4.70757969932089e-09,8.33453562588699e-09,4.79264100324555e-09,8.29227370714358e-09,3.26655622553262e-09,3.22318451088241e-09,1.81942670379127e-09,3.22036159493153e-09,3.56303213006526e-09,3.58263206312419e-09,2.79979544124192e-09,1.63030046984821e-09,1.5243598643573e-09,3.12257751751302e-09,1.94748531002165e-09,3.45055192344192e-09,1.5380386537586e-09,1.28020750499868e-09,1.49053420868769e-09,1.71029544898225e-09,1.8264212026141e-09,2.07915776646793e-09,1.16774271630818e-09,1.25240049120505e-09,1.39436120106613e-09,1.60582734231668e-09,1.51021551364489e-09,1.8858818863474e-09,3.84366225717615e-09,1.05215957904416e-08,2.36005536726712e-08,9.41426740746462e-09,2.0526529935649e-08,1.78263848122452e-08,8.09469620002618e-09,1.82390038551688e-08,8.52718544013841e-09,1.58858278389979e-08,1.61341660067396e-08,1.37003116756905e-08,1.47592791710739e-08,5.89330121863807e-09,3.07361846527576e-09,1.20926480086862e-08,6.95725178934293e-09,1.28402583484001e-08,3.92530437982186e-09,2.28463157148545e-09,2.89474471561107e-09,4.9450733997836e-09,2.87459811223949e-09,4.87999450783269e-09,1.45636160357693e-09,2.31459080445934e-09,1.37969331334995e-09,1.96354577831065e-09,2.69627248692015e-09,2.42388950628488e-09,2.03836772339153e-09,1.25302080467452e-09,9.1769992092924e-10,2.41981906693868e-09,1.34634685609498e-09,2.54628760637083e-09,1.13653624102816e-09,7.90355157943276e-10,9.34382827882752e-10,1.21993794879671e-09,1.33669888653737e-09,1.27814831058726e-09,6.71043180291095e-10,7.31597322965055e-10,8.78107836916968e-10,1.01039748896869e-09,7.4398113071461e-10,1.1351853776079e-09
2.32370914338055e-08,2.68411621752874e-08,1.37758179817765e-08,3.99046536259139e-08,2.23920282344934e-08,3.42013172944988e-08,2.19462434874812e-08,1.09274812584301e-08,6.65442379412173e-09,1.81518559461521e-08,1.09016366906704e-08,1.78710160574015e-08,8.42243614621247e-09,5.09186429865076e-09,6.45363162005912e-09,8.27221561649995e-09,5.41861458567149e-09,8.08527779906996e-09,3.84459002041441e-09,5.17732174581777e-09,3.05199251908331e-09,4.12992399039788e-09,5.52981494623619e-09,4.41860216336427e-09,4.06441360285207e-09,2.21504121583165e-09,1.91369602360317e-09,4.2204779394041e-09,2.70236639863610e-09,4.83644621698479e-09,2.01787408279189e-09,1.74513402148176e-09,1.44986185292376e-09,2.4431304971166e-09,2.03497567422118e-09,2.6808245559595e-09,1.64413699401998e-09,1.21087000950345e-09,1.22568361959511e-09,1.74193241892349e-09,1.63606286577348e-09,2.06753737700555e-09,1.22148688354561e-09,1.08904996955884e-09,1.55188986843021e-09,1.53856621968377e-09,1.57749835755725e-09,2.05059678967005e-09,1.60975924972844e-08,1.85310545275445e-08,8.84151186413598e-09,2.72330773188421e-08,1.56968095031677e-08,2.33132806951384e-08,1.50511569442426e-08,6.71065783988563e-09,4.02366627022156e-09,1.20386733877735e-08,5.89401709153362e-09,1.01008185686635e-08,5.43675907865578e-09,2.88321483832703e-09,4.37418055369899e-09,4.50663914950937e-09,3.46150389122399e-09,5.23694755283252e-09,1.92741522378153e-09,4.00203549278531e-09,1.72870811018188e-09,2.678780029709e-09,3.95749353938929e-09,2.92251975214192e-09,2.89051060641804e-09,1.3554340761448e-09,9.74958375028653e-10,2.99947948347688e-09,1.4549384773339e-09,3.18269004503147e-09,1.22454031089585e-09,8.8017519834767e-10,5.9318526489854e-10,1.25723074834733e-09,8.89016964637843e-10,1.21386154550763e-09,8.37101931940798e-10,5.73790523038726e-10,4.16047572106905e-10,8.23477694490469e-10,8.54067002977299e-10,7.67777769269984e-10,5.76273004304125e-10,4.21435705637399e-10,7.2955425470309e-10,8.24778307490767e-10,5.8161578961322e-10,1.00586730345083e-09
1.32765177423416e-08,2.81738279637153e-08,2.97098349837016e-08,2.23920282344934e-08,4.79079374495406e-08,3.87025444510952e-08,2.29313944056846e-08,2.32649948896696e-08,1.38819763480187e-08,3.84952960549001e-08,2.04704788737017e-08,3.52370407371938e-08,1.79162516630657e-08,1.03264344196301e-08,6.64196927313326e-09,1.52927217063319e-08,1.09179696670956e-08,1.53979143281561e-08,7.66991745004181e-09,5.1542857207744e-09,4.84273496660504e-09,8.22052033932951e-09,5.36721920700199e-09,8.04064328493455e-09,3.83779705011973e-09,3.55020275897585e-09,2.15664159921481e-09,3.80837656069865e-09,4.11941981460862e-09,4.28586700007044e-09,3.08268569739155e-09,1.94374212155764e-09,1.66294270918925e-09,3.58408511362955e-09,2.27004130527034e-09,3.93204132955533e-09,1.81001204129458e-09,1.28099497346367e-09,1.66765214572166e-09,1.86438433930949e-09,1.9377751677777e-09,2.3275128346081e-09,1.24676791466427e-09,1.45741962400246e-09,1.71034619716433e-09,1.80633135007682e-09,1.83766158522871e-09,2.21974177621461e-09,8.03962590604664e-09,1.9710899007952e-08,2.06836562846793e-08,1.50973431141679e-08,3.30996603084102e-08,2.48861689395502e-08,1.57799718973091e-08,1.66057305498241e-08,9.27360061782921e-09,2.62673406687581e-08,1.42609980050344e-08,2.33529040383753e-08,1.36477954854251e-08,6.30471327912522e-09,4.52342228830334e-09,1.03625913463894e-08,7.01776183868251e-09,1.1272303830189e-08,3.98992639094011e-09,3.6001644700338e-09,3.09879874191136e-09,4.83497450888143e-09,4.2338862203293e-09,5.18034005692578e-09,2.36579007044294e-09,2.68436978430534e-09,1.10673048414553e-09,2.9851181492664e-09,2.9982830681916e-09,3.21401254959122e-09,2.38299696265379e-09,1.0700795507197e-09,1.00741197288427e-09,2.65096788576272e-09,1.20833357282265e-09,2.77674388774515e-09,9.31440990984708e-10,7.56276219371157e-10,1.00710433944376e-09,9.59858962622931e-10,1.3062428222269e-09,1.13166289995627e-09,6.31128715478701e-10,7.53994510425045e-10,8.63781327698415e-10,1.01166555370467e-09,7.33926853908253e-10,1.06921154187452e-09
2.27583882734383e-08,2.24329618709064e-08,2.70105272135073e-08,3.42013172944988e-08,3.87025444510952e-08,5.36532771505942e-08,1.81232489307681e-08,2.13845907469392e-08,1.35515206781812e-08,3.11534001592744e-08,1.91246143890129e-08,2.85445770754145e-08,1.65601717957216e-08,9.96155366502019e-09,6.5099789062723e-09,1.43201935133893e-08,9.88532504949392e-09,1.38429555263349e-08,7.36077063048046e-09,5.1773703662353e-09,5.28435966889812e-09,7.47140931330258e-09,5.44521015623884e-09,7.46648000976288e-09,3.78894903819247e-09,3.91040885681406e-09,2.32417849014392e-09,3.8144864581543e-09,4.25660042013473e-09,4.34441523752862e-09,3.44037030844944e-09,2.10560998414225e-09,1.70132751964184e-09,3.75018063970654e-09,2.34689364452527e-09,3.98952281837811e-09,1.93527798476828e-09,1.42973042363875e-09,1.78868661346685e-09,1.99063807109624e-09,2.09413889339166e-09,2.46813718963401e-09,1.44829704885306e-09,1.61090409335773e-09,2.24659210824368e-09,1.9448582667076e-09,2.2509039750473e-09,2.59074893575812e-09,1.5806067073326e-08,1.62056405065564e-08,1.75076193851214e-08,2.44282139785276e-08,2.68125172461595e-08,3.55496369940058e-08,1.29243793455491e-08,1.39044855174138e-08,7.59833264031084e-09,2.11517980065022e-08,1.11673278959957e-08,1.73555674688809e-08,1.14531791508113e-08,5.20889093050008e-09,4.13537186658347e-09,8.43801501905033e-09,5.9299823370168e-09,9.13222289119754e-09,3.51129865642684e-09,3.70470758552203e-09,2.9308509963815e-09,4.25812382715926e-09,4.02395162950319e-09,4.61555052140889e-09,2.44213738935565e-09,2.42125090058425e-09,1.42096660316446e-09,2.76625674818465e-09,2.72773392021375e-09,2.86088215627713e-09,2.15029584738428e-09,1.29561916474848e-09,9.20795295936901e-10,2.3843548781514e-09,1.3424176503137e-09,2.35644211497649e-09,1.10410102159041e-09,7.85201413817293e-10,8.93780823009674e-10,1.08738158825574e-09,1.19416915973318e-09,1.16204984174464e-09,8.02546095306142e-10,8.2901390666725e-10,1.09048558172078e-09,1.12039836096764e-09,9.81054374088621e-10,1.33449426525548e-09
1.08991639846419e-08,2.6974030029956e-08,1.18400383733904e-08,2.19462434874812e-08,2.29313944056846e-08,1.81232489307681e-08,3.19056433811433e-08,1.30507355055108e-08,7.15968321896599e-09,2.69188713715396e-08,1.27273331825391e-08,2.62249632960627e-08,9.84651481458564e-09,5.48003228354574e-09,7.05330995434448e-09,9.45494897713854e-09,6.55191290256929e-09,9.89266950765858e-09,4.19492502880386e-09,5.47942655819011e-09,2.84208501945123e-09,4.90435507454663e-09,5.78687908278373e-09,5.11909903736323e-09,4.38871844261906e-09,2.09704758613926e-09,2.00835041933566e-09,4.52514447066039e-09,2.90843723098641e-09,5.28977293977967e-09,1.86771182614726e-09,1.7957160829099e-09,1.69932507797577e-09,2.59956601178895e-09,2.17653652877755e-09,2.94372507315643e-09,1.59968559005011e-09,1.35280758420012e-09,1.28544523821424e-09,1.78302675204472e-09,1.7891945966907e-09,2.16120270637395e-09,1.21276184575769e-09,1.01201087733767e-09,1.1352011139143e-09,1.56302538028551e-09,1.29414075811307e-09,1.79432245910744e-09,6.76574842109801e-09,1.83013089895935e-08,8.37880740761994e-09,1.38783078039637e-08,1.58575440402951e-08,1.16564118467736e-08,2.19352248245844e-08,9.05147590918683e-09,4.67685906467242e-09,1.83853613086467e-08,8.67947649725178e-09,1.6825149366419e-08,7.08707277495574e-09,3.08593257327071e-09,5.13156092723733e-09,5.9469972566341e-09,4.07835344243872e-09,7.10310559742611e-09,2.01236082698519e-09,4.04041960068063e-09,2.20782173157581e-09,2.8960030631863e-09,4.70147812633159e-09,3.404180273481e-09,3.02520931377755e-09,1.74527235076363e-09,7.31196466348636e-10,3.72090816479744e-09,2.15088909377265e-09,3.69284837272258e-09,1.56293195310829e-09,7.20027061542919e-10,1.03302879511706e-09,1.94875857216321e-09,9.96383089205293e-10,2.2748510535063e-09,6.64998469035449e-10,8.38169588234759e-10,6.77684112071705e-10,8.63367572885025e-10,1.13891220887303e-09,1.00258012478733e-09,6.29638546798172e-10,5.35694159997674e-10,6.78774635821594e-10,9.26544007822877e-10,5.80493346024339e-10,9.81075822013909e-10
5.16752715210198e-09,1.18339099198129e-08,2.7184556944216e-08,1.09274812584301e-08,2.32649948896696e-08,2.13845907469392e-08,1.30507355055108e-08,2.92247039749936e-08,1.50973916392045e-08,2.53335761383309e-08,2.57185659786803e-08,2.214477012092e-08,2.23229644441942e-08,1.12584907426889e-08,6.1297361541848e-09,1.92589421131122e-08,1.1466754376757e-08,1.88590432078261e-08,8.57528757776951e-09,4.69350983959235e-09,4.75427172683894e-09,8.73029809254737e-09,4.99070629737395e-09,8.70190285940651e-09,3.48985879738277e-09,3.33594600404525e-09,1.99818323871471e-09,3.43597035834377e-09,3.83441431848626e-09,3.99495187110693e-09,2.85827088354331e-09,1.73755543053597e-09,1.65357582754298e-09,3.29027438253416e-09,2.12429117078085e-09,3.68627438663135e-09,1.5554578937133e-09,1.34273523083505e-09,1.53701327536424e-09,1.80362792427794e-09,1.88346313539339e-09,2.16496437876476e-09,1.13273812608548e-09,1.17750450183082e-09,1.24814603927654e-09,1.54291898366137e-09,1.45920666819986e-09,1.78749507148609e-09,3.11537828793355e-09,8.08879322285214e-09,1.82406755621096e-08,7.47491955468103e-09,1.58851000285101e-08,1.40108310669259e-08,8.59990965520023e-09,1.901682488653e-08,8.82609791866466e-09,1.62635442126128e-08,1.71946279988541e-08,1.42145481929109e-08,1.48734491718189e-08,6.06150945510855e-09,3.26117299050277e-09,1.24713744770824e-08,7.06415790552167e-09,1.31948163715628e-08,4.2674991290074e-09,2.40701856522523e-09,3.13415406905637e-09,5.15142566147625e-09,2.94859611289093e-09,4.9898905753514e-09,1.60226281754606e-09,2.51657108095241e-09,1.41011564871363e-09,2.08620474288579e-09,2.89198745472088e-09,2.52489451448539e-09,2.15745182328029e-09,1.2835807757727e-09,9.7786811387586e-10,2.57859119791538e-09,1.3659660708282e-09,2.68159951987417e-09,1.11893975217071e-09,8.63082692365669e-10,9.05045939025062e-10,1.18572709082615e-09,1.38433820039127e-09,1.34364426975256e-09,6.4904202790756e-10,6.83228761556804e-10,7.18932604247086e-10,1.02806819206315e-09,7.0576346294899e-10,1.06400056389134e-09
5.17224598825851e-09,6.34380979942228e-09,1.4156146967503e-08,6.65442379412173e-09,1.38819763480187e-08,1.35515206781812e-08,7.15968321896599e-09,1.50973916392045e-08,3.61964666274519e-08,1.49102305869299e-08,3.13747950621006e-08,3.04811661552469e-08,1.12654677718135e-08,2.6760079681178e-08,1.41141242680394e-08,2.29736216686881e-08,2.43005668272238e-08,2.0897171099995e-08,2.05705205328356e-08,1.08480723943671e-08,5.10757138318007e-09,1.86231045537817e-08,9.86030773463984e-09,1.71993115087164e-08,7.83331222998877e-09,3.48078142124467e-09,3.2622667850763e-09,7.03725470798153e-09,4.05714462371751e-09,7.71331494417316e-09,2.73186487754407e-09,2.76659255493143e-09,2.03845039416045e-09,3.14344149354629e-09,3.29967798159165e-09,3.52636905334809e-09,2.48481364040884e-09,1.66274791060618e-09,1.58925887744472e-09,2.88417568750107e-09,2.05647210467784e-09,3.09049523290549e-09,1.42112228783524e-09,1.19616609097334e-09,1.27739757266436e-09,1.70404364277252e-09,1.4127303107678e-09,2.00697075765767e-09,3.32776648517454e-09,4.32749066323426e-09,9.63390218171136e-09,4.84949385681316e-09,9.21408719193355e-09,8.99204839482674e-09,4.85834046198081e-09,1.02550188787941e-08,1.95925280522702e-08,9.89584712553837e-09,2.03868741542465e-08,2.09988105384399e-08,7.63709394257603e-09,1.49780737184042e-08,8.25670872280904e-09,1.49528236630474e-08,1.4579331201137e-08,1.39716401395762e-08,1.25556703308275e-08,6.59809232877505e-09,3.24477049377184e-09,1.15287669253652e-08,6.62522384729095e-09,1.07126501943864e-08,4.24093120023773e-09,2.47448401877339e-09,2.34540420231922e-09,4.6570827668527e-09,2.75690307686223e-09,4.71856690617311e-09,1.86948038435733e-09,1.96800485798834e-09,1.20648206120941e-09,2.19983245055658e-09,2.07967079272295e-09,1.98846731791975e-09,1.79219704550352e-09,1.0325673995974e-09,8.18562661165915e-10,1.91194922243062e-09,1.27423449096182e-09,1.90460493151977e-09,9.16530659040939e-10,7.11125036542575e-10,7.80335787206176e-10,1.15265456904124e-09,7.65875305750096e-10,1.39842270952081e-09
1.0863943892013e-08,2.29270734089303e-08,2.32686089563566e-08,1.81518559461521e-08,3.84952960549001e-08,3.11534001592744e-08,2.69188713715396e-08,2.53335761383309e-08,1.49102305869299e-08,4.38965257249142e-08,2.23451799731338e-08,4.0128111202059e-08,1.91328680338596e-08,1.1041244092975e-08,7.0465137456667e-09,1.63528668422172e-08,1.16703532413272e-08,1.64493123768784e-08,8.19331281015048e-09,5.36274415531747e-09,4.88150149498254e-09,8.69044890870588e-09,5.49146685357911e-09,8.44626019017403e-09,4.04175535086368e-09,3.62560752444041e-09,2.39760438367277e-09,3.92487382789628e-09,4.39225502539039e-09,4.6446891469121e-09,3.0940316563063e-09,2.12104476732839e-09,1.88139098332992e-09,3.77122764968971e-09,2.47855523567534e-09,4.15338176298952e-09,1.85857227280994e-09,1.43593654834476e-09,1.70339521346361e-09,1.99083353854527e-09,2.02578698859266e-09,2.41884719888017e-09,1.29144038828838e-09,1.36448355536845e-09,1.5586913167619e-09,1.74049448544762e-09,1.76054617266508e-09,2.1452518732115e-09,6.64208149594351e-09,1.57744376056812e-08,1.66095924538894e-08,1.22032115419576e-08,2.62695134348726e-08,1.97356150053019e-08,1.83995359470402e-08,1.74871653117942e-08,9.42489575577651e-09,2.88120554834821e-08,1.54967885363515e-08,2.62785574864076e-08,1.37984536811067e-08,6.36735612533521e-09,4.6699777862601e-09,1.07067717430435e-08,7.03175590803416e-09,1.19245790055775e-08,4.22641515317792e-09,3.58929079770738e-09,3.18351854121287e-09,4.8932052232098e-09,4.10426057958434e-09,5.03512940049183e-09,2.44862969671281e-09,2.72306918999817e-09,1.18550878333843e-09,2.90843828515461e-09,3.31753316386942e-09,3.26385474033199e-09,2.35982119203721e-09,1.13956241139185e-09,1.1330688398385e-09,2.99592130245182e-09,1.25674308162006e-09,3.14483218264242e-09,9.88321273668974e-10,8.65170383710025e-10,9.25765840436243e-10,1.02857458954383e-09,1.26716425652596e-09,1.1718584779965e-09,6.75688605042184e-10,6.78755690678939e-10,8.58127209099842e-10,9.67631934755632e-10,7.80288885201151e-10,1.18874504295133e-09
5.69854338320375e-09,1.14683315316485e-08,2.39814928343474e-08,1.09016366906704e-08,2.04704788737017e-08,1.91246143890129e-08,1.27273331825391e-08,2.57185659786803e-08,3.13747950621006e-08,2.23451799731338e-08,4.45815117742985e-08,3.93676338578457e-08,1.92655537281848e-08,2.2971192013801e-08,1.32594911999775e-08,3.30087864382204e-08,2.09598779756763e-08,3.00098699101787e-08,1.75633939079823e-08,1.01814393961473e-08,5.35824240092706e-09,1.59447190672799e-08,9.55666185070527e-09,1.49012392007275e-08,7.25325952878704e-09,3.62373791238746e-09,3.5039467492053e-09,6.63490762735023e-09,4.12180366131647e-09,7.18901585209568e-09,2.86367864499874e-09,3.0371389715652e-09,2.27897609877666e-09,3.21423843103767e-09,3.65684678600584e-09,3.74268599439604e-09,2.71752517168022e-09,1.79504924242028e-09,1.78132984139427e-09,3.16494197473359e-09,2.26217209891989e-09,3.34010428015549e-09,1.55806925440481e-09,1.38417812401056e-09,1.44940655666204e-09,1.95562821273086e-09,1.65595138851192e-09,2.30855116218834e-09,3.60345359205851e-09,7.70679328624305e-09,1.57666771002625e-08,7.70996326583705e-09,1.41122788758808e-08,1.28697272129936e-08,8.19042628570501e-09,1.66638209796552e-08,1.72585535295741e-08,1.47310610734312e-08,2.8170463702096e-08,2.60981947445076e-08,1.24884219586936e-08,1.27766158093651e-08,7.56895910585409e-09,2.06552328345121e-08,1.26749254555857e-08,1.95733117671819e-08,9.91444868726874e-09,5.97568990538253e-09,3.43061070684476e-09,9.53039057847749e-09,6.28735812163814e-09,8.8525527484861e-09,3.7205776011043e-09,2.59923638626928e-09,2.35321098614339e-09,4.32125812702005e-09,2.81493035303671e-09,4.34876804109193e-09,2.04438982357102e-09,1.99371648973473e-09,1.27279020374351e-09,2.34912295964175e-09,2.22627793905139e-09,2.51153355139468e-09,1.79430720958094e-09,1.11111336937767e-09,9.53331554226523e-10,2.02742662665241e-09,1.57246960602291e-09,1.92810271162803e-09,9.47898332594918e-10,8.38003296246526e-10,9.53802501340185e-10,1.34417564715024e-09,9.46661733180681e-10,1.55424853521752e-09
1.11971194348786e-08,2.23171943266231e-08,2.03273106368766e-08,1.78710160574015e-08,3.52370407371938e-08,2.85445770754145e-08,2.62249632960627e-08,2.214477012092e-08,3.04811661552469e-08,4.0128111202059e-08,3.93676338578457e-08,6.21359354042244e-08,1.61998222484001e-08,2.20292692918907e-08,1.39117659566386e-08,2.85943393520423e-08,2.04481443780235e-08,2.6462830802655e-08,1.65677606086928e-08,1.05448223098608e-08,5.33111986170678e-09,1.5272936856985e-08,9.70603301335649e-09,1.40279141519224e-08,7.49849629306016e-09,3.72595608968399e-09,3.78926749546101e-09,6.73422845848728e-09,4.46141752299981e-09,7.42245633075110e-09,2.92506842774203e-09,3.3311891691218e-09,2.39716135028697e-09,3.48963469297736e-09,3.89611565267772e-09,4.02482017689674e-09,2.97010549527761e-09,1.81106387296533e-09,1.89130537580533e-09,3.25470983478301e-09,2.36134342166157e-09,3.61563449426822e-09,1.62211732399133e-09,1.49082556730081e-09,1.60513483126433e-09,2.10911050205865e-09,1.89847649828572e-09,2.59944781545418e-09,6.74778244248261e-09,1.46042524377729e-08,1.42889985584994e-08,1.21257532950166e-08,2.41820867605313e-08,1.8891677119114e-08,1.74712250519147e-08,1.52823392019719e-08,1.72494938456576e-08,2.72376309307186e-08,2.5845179747231e-08,4.15899733156177e-08,1.15609432283684e-08,1.27967640600814e-08,8.65069585870327e-09,1.8286882398459e-08,1.23430324425904e-08,1.76711575337757e-08,9.59785362735465e-09,7.08387074648095e-09,3.23188600419451e-09,9.01555210628128e-09,7.43058042209528e-09,8.83277842814352e-09,4.61439323298449e-09,2.62595916668126e-09,1.74465581352247e-09,5.15867675877854e-09,2.97451060009847e-09,5.03532128482345e-09,2.09489234427032e-09,1.61811726850216e-09,1.37627666160235e-09,2.60666180574296e-09,1.87046099888949e-09,2.89002448002523e-09,1.5193510535229e-09,1.09028751103344e-09,1.01851072979423e-09,1.69355982306718e-09,1.39087562078723e-09,1.78288182646992e-09,9.85460762624547e-10,8.62730848837511e-10,1.06442096801124e-09,1.22247445615926e-09,9.16785358662657e-10,1.57139147793637e-09
3.99697569920644e-09,9.06604714326405e-09,2.11238871329673e-08,8.42243614621247e-09,1.79162516630657e-08,1.65601717957216e-08,9.84651481458564e-09,2.23229644441942e-08,1.12654677718135e-08,1.91328680338596e-08,1.92655537281848e-08,1.61998222484001e-08,2.74923285943192e-08,1.3338256585299e-08,7.08623723621625e-09,2.37351075488147e-08,1.36810440680435e-08,2.34952319301367e-08,1.03298722779959e-08,5.46312302856869e-09,5.35521161151284e-09,1.05715983190166e-08,5.83055188938046e-09,1.04738182064117e-08,4.06803828026229e-09,3.8634593705144e-09,2.47732383089417e-09,4.09611321185516e-09,4.48525859873627e-09,4.78489395701641e-09,3.16878148236256e-09,2.03911948786169e-09,1.95735655222146e-09,3.60873789509992e-09,2.44983841924877e-09,4.05217191718318e-09,1.68840008491008e-09,1.48771382792395e-09,1.65194189457647e-09,1.96226218617853e-09,2.05466067728627e-09,2.35901809246102e-09,1.13636596061664e-09,1.23662474290569e-09,1.25597664853326e-09,1.58061472704788e-09,1.56696310133776e-09,1.89327352060483e-09,2.69937856603403e-09,6.14536309801747e-09,1.47630423151992e-08,6.02687295028397e-09,1.26502609970383e-08,1.16949097584869e-08,6.5584020371411e-09,1.48739002057526e-08,6.06177621218972e-09,1.27685384632001e-08,1.24702247208566e-08,9.94631018450751e-09,1.86478875519844e-08,7.7228997672989e-09,4.20698599598147e-09,1.58716136020623e-08,8.99484770505679e-09,1.71631315177025e-08,5.74511607406153e-09,3.06682064580971e-09,3.41333921406627e-09,6.64062377247582e-09,3.75666321293222e-09,6.35815664762796e-09,2.26875619093776e-09,2.75645879121965e-09,1.59741362788897e-09,2.86057279010322e-09,3.1263325430479e-09,3.25285773119251e-09,2.36488461155225e-09,1.561986303389e-09,1.06793801636182e-09,2.8228604801354e-09,1.52348620778165e-09,2.75115001995108e-09,1.27978080051531e-09,9.24959208783424e-10,1.047381310567e-09,1.29189082031748e-09,1.49173820388347e-09,1.58495031617947e-09,6.57127106853285e-10,7.43653477364808e-10,7.35340174336941e-10,1.063494896967e-09,7.69681015768917e-10,1.09036814674247e-09
4.35977910156713e-09,4.90240304974284e-09,1.05838840108716e-08,5.09186429865076e-09,1.03264344196301e-08,9.96155366502019e-09,5.48003228354574e-09,1.12584907426889e-08,2.6760079681178e-08,1.1041244092975e-08,2.2971192013801e-08,2.20292692918907e-08,1.3338256585299e-08,3.11577927953522e-08,1.58668289573442e-08,2.64237438395659e-08,2.8284400601698e-08,2.41378930994048e-08,2.44368092113342e-08,1.2312394285639e-08,5.82672125059115e-09,2.21183779414034e-08,1.15050769113527e-08,2.06290008142075e-08,8.85844904709177e-09,4.06947780374035e-09,3.7453463661005e-09,8.21191826657031e-09,4.55409761150598e-09,8.84943106866942e-09,3.24169090488847e-09,3.12822148256158e-09,2.40484112201843e-09,3.56486602599834e-09,3.80913951846806e-09,4.08841551918573e-09,2.7182838639215e-09,1.90156856171014e-09,1.79413896407955e-09,3.21675702137533e-09,2.33074534657327e-09,3.44723690365013e-09,1.43181953100573e-09,1.31231386158775e-09,1.31419979408079e-09,1.73899128619843e-09,1.57807218913357e-09,2.10561652361897e-09,2.79342149481129e-09,3.44872888315932e-09,7.28585006099353e-09,3.89561658712221e-09,6.92984572081245e-09,6.91854837417845e-09,3.75566213752192e-09,7.63342015341361e-09,1.49744487640429e-08,7.23315729049067e-09,1.49460723632912e-08,1.47036425391088e-08,9.37832890803422e-09,1.85698295036179e-08,9.73156831447643e-09,1.75876617279155e-08,1.83835440961597e-08,1.68234655184301e-08,1.57549284159255e-08,7.86959851859158e-09,3.82822327692341e-09,1.49312664638648e-08,8.04428200476172e-09,1.37592782876631e-08,5.47202842739715e-09,2.98547581652384e-09,2.76596159223253e-09,5.86189077099814e-09,3.25850217890622e-09,6.06611539001474e-09,2.31553093860705e-09,2.2720874211038e-09,1.28335775588202e-09,2.68893480455559e-09,2.34964082879931e-09,2.28283635632707e-09,2.02431827616574e-09,1.08714421582101e-09,9.31267776891544e-10,2.10604680286351e-09,1.43980480166890e-09,2.25689184949945e-09,9.20496265524242e-10,8.00063891376135e-10,7.20770335855411e-10,1.17415138884661e-09,8.95120312578687e-10,1.45088455173594e-09
3.12356818141829e-09,6.20510965829938e-09,5.7456174539444e-09,6.45363162005912e-09,6.64196927313326e-09,6.5099789062723e-09,7.05330995434448e-09,6.1297361541848e-09,1.41141242680394e-08,7.0465137456667e-09,1.32594911999775e-08,1.39117659566386e-08,7.08623723621625e-09,1.58668289573442e-08,3.88332097531457e-08,1.48733070986945e-08,3.18863906360888e-08,2.9525033389524e-08,1.23201107090878e-08,2.85529045527e-08,1.15762906389284e-08,2.34417615970787e-08,2.34272212255863e-08,1.92109206661907e-08,2.14269507567606e-08,8.1600135082182e-09,3.91640487271467e-09,1.71558006135923e-08,8.14853275291895e-09,1.68543482004672e-08,6.43537992491005e-09,3.17444910627348e-09,3.87632761586712e-09,6.50016815277898e-09,3.8531227289272e-09,7.11494824280073e-09,2.72321163867897e-09,3.13442063069259e-09,1.78481788769169e-09,3.11673685035655e-09,3.42469844511016e-09,3.27817439706987e-09,2.75918013874317e-09,1.58777280781592e-09,1.75439204373342e-09,3.09735983544156e-09,1.98366843620709e-09,3.41130845980683e-09,1.82382439432726e-09,4.17615720916441e-09,3.79125856143784e-09,3.84837570253898e-09,5.6764169182381e-09,5.34836293817567e-09,5.2359139080891e-09,3.72146111632681e-09,9.09570734730787e-09,6.078863223673e-09,7.57197175882095e-09,1.04067704922629e-08,4.51600170773687e-09,1.07217477683591e-08,2.26267044241875e-08,8.82479069153226e-09,2.01321215625234e-08,1.68933754304425e-08,9.1177662426265e-09,1.76145538042232e-08,7.94874732229873e-09,1.55036487726053e-08,1.63221552923073e-08,1.39734888933931e-08,1.3072932300594e-08,5.51865467953374e-09,2.31828845606338e-09,1.20581258134661e-08,5.26580803033473e-09,1.13333773497674e-08,4.41833009412512e-09,2.04147970283191e-09,2.05957917679319e-09,4.49843542033856e-09,2.14363063791115e-09,4.06492654815994e-09,1.763970452587e-09,1.78631148876364e-09,1.21865335676781e-09,1.98700914074186e-09,2.21090140086188e-09,2.19045864356133e-09,1.52976493629423e-09,1.06892014442367e-09,1.14112007311167e-09,2.02649567866496e-09,1.41914063296971e-09,2.52096167014656e-09
4.50180925357892e-09,8.65516258023057e-09,1.82444641467534e-08,8.27221561649995e-09,1.52927217063319e-08,1.43201935133893e-08,9.45494897713854e-09,1.92589421131122e-08,2.29736216686881e-08,1.63528668422172e-08,3.30087864382204e-08,2.85943393520423e-08,2.37351075488147e-08,2.64237438395659e-08,1.48733070986945e-08,3.93042970761745e-08,2.42017329416754e-08,3.6084404011984e-08,2.05455754023719e-08,1.14989091725569e-08,5.96173374004465e-09,1.87135653115267e-08,1.0943938023233e-08,1.74532800458833e-08,8.21236713931121e-09,4.12148300372096e-09,3.9982165213759e-09,7.6430046103337e-09,4.68251805828303e-09,8.26840123113492e-09,3.26849812187302e-09,3.40166761434881e-09,2.66226383953963e-09,3.6318922266129e-09,4.09666959125419e-09,4.20069333473552e-09,2.94935005493224e-09,2.04202831763344e-09,1.98755218118355e-09,3.4500880026972e-09,2.60005972292744e-09,3.69329749167042e-09,1.58278783137018e-09,1.44604437285712e-09,1.44936812931267e-09,2.00297840623405e-09,1.77745699021642e-09,2.42285061407323e-09,3.08729645977499e-09,6.09371547775375e-09,1.23210788974134e-08,6.26684179685988e-09,1.08974131063269e-08,1.02193253594421e-08,6.40789172567027e-09,1.24850976464994e-08,1.27732736024128e-08,1.10473459754379e-08,2.0648434739619e-08,1.85704806811617e-08,1.58145747344891e-08,1.58325500523673e-08,9.0299819260617e-09,2.51474265346261e-08,1.60584649949655e-08,2.46234248946318e-08,1.26450168421027e-08,7.12860864945967e-09,4.00015416379211e-09,1.23910587844604e-08,7.63066472769362e-09,1.13879138199069e-08,4.91768251244376e-09,2.99049102738013e-09,2.56599358380366e-09,5.50744324486657e-09,3.08550803309776e-09,5.45346376045769e-09,2.38574492734702e-09,2.30093711282152e-09,1.35418286192023e-09,2.7300819055539e-09,2.44878553508437e-09,2.67998549153184e-09,1.9958698456821e-09,1.20934884753319e-09,1.03842627764223e-09,2.22217803784133e-09,1.75949083581624e-09,2.28192000978043e-09,9.80094782053674e-10,8.21245803596712e-10,8.89808911191867e-10,1.39273356642515e-09,9.49657767758854e-10,1.60385208713874e-09
4.8408279537379e-09,5.81965924665278e-09,1.08030683529328e-08,5.41861458567149e-09,1.09179696670956e-08,9.88532504949392e-09,6.55191290256929e-09,1.1466754376757e-08,2.43005668272238e-08,1.16703532413272e-08,2.09598779756763e-08,2.04481443780235e-08,1.36810440680435e-08,2.8284400601698e-08,3.18863906360888e-08,2.42017329416754e-08,4.82633131352182e-08,4.16423722822689e-08,2.21239624294187e-08,2.34367775109827e-08,1.12436202493031e-08,3.62110311853083e-08,1.94724659066536e-08,3.09283619279074e-08,1.72159979976966e-08,7.70621143636721e-09,4.12760017163305e-09,1.3869756661125e-08,7.76584048491366e-09,1.39297555421205e-08,6.01592037653748e-09,3.34018300430861e-09,4.50345893328577e-09,6.04085854695262e-09,4.21064143889889e-09,6.77652256781076e-09,2.84005572766227e-09,3.49396693974828e-09,2.20456085771148e-09,3.35314586525024e-09,3.94184468944968e-09,3.56830159983662e-09,2.89336119160397e-09,1.80531441079818e-09,1.74089108703605e-09,3.38920504961781e-09,2.17826678603288e-09,3.68665351578835e-09,3.24484614720885e-09,4.11789743439712e-09,7.78545534260829e-09,3.73893164693519e-09,8.6491835857128e-09,7.94391823710207e-09,4.84975064371011e-09,7.92847012214434e-09,1.37551544583428e-08,9.15696095062653e-09,1.28998097309459e-08,1.44477076212979e-08,9.6479535692752e-09,1.75507042796623e-08,1.90299639588726e-08,1.57501353086973e-08,3.13521421511358e-08,2.72491284585041e-08,1.50612448771905e-08,1.48228529865542e-08,7.38868183556859e-09,2.43657482352875e-08,1.34554416778582e-08,2.12681101599048e-08,1.09724218029339e-08,5.33483566067046e-09,3.02508531641601e-09,9.90613946457287e-09,5.3712271573487e-09,9.803621058216e-09,4.24034111926639e-09,2.56678163370458e-09,2.27915781146677e-09,4.48303325200191e-09,2.44557008228881e-09,3.73547468436311e-09,2.13610479211318e-09,1.92948221793126e-09,1.24365546195498e-09,2.04201446308572e-09,2.40039438898344e-09,2.465610298314e-09,1.66845643552977e-09,1.11656354261286e-09,1.17868904587848e-09,2.17952346124408e-09,1.24379657706761e-09,2.48300234763144e-09
4.71857277315437e-09,9.01358097536616e-09,1.78361993832603e-08,8.08527779906996e-09,1.53979143281561e-08,1.38429555263349e-08,9.89266950765858e-09,1.88590432078261e-08,2.0897171099995e-08,1.64493123768784e-08,3.00098699101787e-08,2.6462830802655e-08,2.34952319301367e-08,2.41378930994048e-08,2.9525033389524e-08,3.6084404011984e-08,4.16423722822689e-08,5.66790967878797e-08,1.86700700954295e-08,2.18253183792863e-08,1.07154125928422e-08,3.10401007327747e-08,1.81658961636044e-08,2.62763635070805e-08,1.58793011320438e-08,7.15352759351496e-09,4.05625210309919e-09,1.26169912732694e-08,7.25998993837281e-09,1.26766964297174e-08,5.55485613661712e-09,3.30331993518578e-09,4.52934190275413e-09,5.64218434712168e-09,4.03005377067495e-09,6.27554056124272e-09,2.80980222136889e-09,3.61677982964182e-09,2.38633638025602e-09,3.25461765348032e-09,4.25666099742536e-09,3.62015094892884e-09,3.00666342592094e-09,1.93736924678484e-09,1.81203587877549e-09,3.68263682585127e-09,2.36113287218361e-09,4.01686218540814e-09,3.264623688875e-09,6.26745448288903e-09,1.27388125731944e-08,5.64011937466004e-09,1.2135319252521e-08,1.09450509632686e-08,6.95090013857501e-09,1.25676602702978e-08,1.17736606617262e-08,1.25471606328681e-08,1.82467747099162e-08,1.81097546367949e-08,1.60423436433781e-08,1.51461695661425e-08,1.69833219537508e-08,2.31665719693324e-08,2.69949649112765e-08,3.66699989957697e-08,1.2162020587154e-08,1.3067996647156e-08,7.36640774074248e-09,2.04481441084136e-08,1.24427592919571e-08,1.77867579661366e-08,9.49484700079439e-09,5.00241261148323e-09,2.81253485285684e-09,8.8228755747562e-09,4.77712001333923e-09,8.49241146410559e-09,3.91577184465646e-09,2.61561812088491e-09,2.2308039897802e-09,4.13996443808432e-09,2.39666133219322e-09,3.76850234230664e-09,2.17785919485455e-09,2.00863941617286e-09,1.32392587741193e-09,2.09138617510711e-09,2.67285750309227e-09,2.60149311153447e-09,1.73292662084661e-09,1.16501495033635e-09,1.25017621434079e-09,2.42360110585917e-09,1.34631717426139e-09,2.4722816037778e-09
3.28253616902737e-09,3.84467319870379e-09,8.059360168057e-09,3.84459002041441e-09,7.66991745004181e-09,7.36077063048046e-09,4.19492502880386e-09,8.57528757776951e-09,2.05705205328356e-08,8.19331281015048e-09,1.75633939079823e-08,1.65677606086928e-08,1.03298722779959e-08,2.44368092113342e-08,1.23201107090878e-08,2.05455754023719e-08,2.21239624294187e-08,1.86700700954295e-08,3.02827963791043e-08,1.456744824663e-08,7.06174976297743e-09,2.75547197197365e-08,1.37509737551355e-08,2.58906247834722e-08,1.04174386256575e-08,4.97178464989668e-09,4.56069128103237e-09,9.67305559870473e-09,5.55738503696722e-09,1.04239180785639e-08,3.97937642114066e-09,3.67724408750528e-09,2.89487798171628e-09,4.32982108393725e-09,4.418012810518e-09,4.86740776291727e-09,3.15896055473287e-09,2.24785402903864e-09,1.98922188741819e-09,3.67034201485772e-09,2.80804159353524e-09,3.98280478089124e-09,1.76200687597256e-09,1.48270361973293e-09,1.53478737971806e-09,2.13284434082632e-09,1.70289141794618e-09,2.42198553081892e-09,2.39642491587925e-09,2.77149286697734e-09,5.58420982618525e-09,2.84575127086517e-09,5.54988569212951e-09,5.53407890576677e-09,2.86895919117836e-09,5.70333169455401e-09,1.25539519464015e-08,5.49527620462506e-09,1.15472850260014e-08,1.15172649286196e-08,7.21948282199593e-09,1.57561635127018e-08,7.8724649735689e-09,1.3907812774391e-08,1.49375175856628e-08,1.28909661337895e-08,1.9268807710917e-08,9.46439343339988e-09,4.31635145485515e-09,1.80866655877294e-08,9.45107015377772e-09,1.65876350758242e-08,6.59779019247416e-09,3.47443261085909e-09,3.35120204507482e-09,6.88102410523017e-09,4.07911490080008e-09,7.21538663303693e-09,2.64386441309824e-09,2.73252770941805e-09,1.79257680205298e-09,3.26838038657914e-09,2.9154381168184e-09,2.82067723596187e-09,2.39283508747723e-09,1.43249131657602e-09,1.08559042489906e-09,2.53500279565601e-09,1.81896235912348e-09,2.70007012325344e-09,1.20552999009617e-09,9.33670924625278e-10,7.19870253324534e-10,1.49317710013434e-09,9.55087398198123e-10,1.62382767825594e-09
