1.6605912600626e-08,7.95867703754022e-09,3.70491332427575e-09,1.42151503486102e-08,7.93268012461272e-09,1.37799722059208e-08,6.8769715916958e-09,2.95302218436862e-09,2.86368562337278e-09,6.75925921343691e-09,3.31919175619668e-09,7.13741379424277e-09,2.56760710107388e-09,2.43670710978482e-09,1.46666253277874e-09,2.87081210984094e-09,2.65608149352819e-09,3.06425834677744e-09,2.12090986490933e-09,1.23146580235044e-09,1.10950234858501e-09,2.31967482641493e-09,1.47096914290031e-09,2.60934614206177e-09,1.1803911557026e-09,1.01351927682836e-09,7.8880020719324e-10,1.37426336357856e-09,1.07063427715489e-09,1.37460378227514e-09,1.03059470226739e-09,8.31984098477117e-10,7.905381264328e-10,1.07985410367472e-09,1.05408168341558e-09,1.22760893836761e-09,7.39427960370445e-10,6.70992452012453e-10,6.27853001758158e-10,8.72088684328103e-10,8.50414918903284e-10,1.0316870704962e-09,6.52884769826998e-10,5.48021703400133e-10,5.98584067735192e-10,8.12968670926097e-10,7.2933033025472e-10,9.56942424658161e-10,7.10257922995007e-09,3.26970049302566e-09,1.26345781496286e-09,6.51820915828179e-09,3.42439795050118e-09,6.6611795819222e-09,2.71661809763949e-09,1.11201813185803e-09,1.04115189950535e-09,3.0382962041359e-09,1.49017352320587e-09,2.97917126624589e-09,1.02893208519332e-09,8.54950126952239e-10,5.35132020566687e-10,1.41279085263963e-09,8.85329369290434e-10,1.22722335439765e-09,7.68018312928908e-10,3.84699424382053e-10,3.5329500026878e-10,7.65437374112645e-10,3.81012238736667e-10,7.78968431590874e-10,3.77357612858219e-10,4.03214463196276e-10,1.51908840546244e-10,4.98434267878449e-10,3.07964999703431e-10,4.04268016770462e-10,3.54431441326903e-10,2.2390052506801e-10,2.81729176399474e-10,3.76283548366311e-10,2.34186031239534e-10,4.6874497355259e-10,1.86883867918377e-10,2.0886981315412e-10,2.00792306143704e-10,1.36693343496822e-10,3.15728157299999e-10,2.92289480964838e-10,2.41139754788814e-10,1.84507159646252e-10,8.35069055562026e-11,2.86216201455657e-10,3.2104875923435e-10,3.35622373151473e-10
7.95867703754022e-09,1.86342772223028e-08,8.54069695904571e-09,1.48509861309448e-08,1.68021345088078e-08,1.32463514423988e-08,1.59694955242229e-08,7.14952517117974e-09,3.68340815503092e-09,1.43337384456162e-08,7.10870735243982e-09,1.42159162320731e-08,6.25573467235267e-09,3.21772587840472e-09,2.89476214735181e-09,6.28289184399759e-09,3.82105053431495e-09,6.84728983457794e-09,2.77642123346332e-09,2.49510197540655e-09,1.42152672528136e-09,3.18794382295178e-09,2.52955979964958e-09,3.19407833684484e-09,2.33688495453641e-09,1.32201483134411e-09,1.10523843764283e-09,2.36219508360531e-09,1.50676489199785e-09,2.50451291311887e-09,1.24087918361215e-09,1.06960504964953e-09,1.01407249799964e-09,1.44319086416108e-09,1.34196845877595e-09,1.63100396504004e-09,9.70091413792546e-10,9.51087041709766e-10,7.93402962505637e-10,1.20305927515113e-09,1.15228041278487e-09,1.46758997477991e-09,9.34098685576804e-10,6.5531343512743e-10,6.89087345248253e-10,1.05938865847885e-09,7.77244882723725e-10,1.14243114141973e-09,3.21943926944301e-09,7.57880326316962e-09,3.73474658671387e-09,6.18764047003603e-09,7.14066990789703e-09,6.27109203130826e-09,6.31465751641397e-09,3.37428660556214e-09,1.44130393930537e-09,6.17492576209832e-09,3.40601292212939e-09,6.07586898159362e-09,2.87115570612679e-09,1.27990342010199e-09,6.59304590205205e-10,3.01844927409813e-09,1.44588969027972e-09,2.80777978058272e-09,1.07235076991133e-09,4.72509577082703e-10,4.87442634217363e-10,1.20801571061133e-09,6.70967791872088e-10,1.24748475555099e-09,4.91334436173795e-10,4.71473495751016e-10,6.74287116359315e-11,6.22177353231788e-10,3.72079274022413e-10,5.3696071065475e-10,4.21295614947761e-10,2.51968586750752e-10,1.84910361927589e-10,4.45563186213221e-10,2.76129571181931e-10,3.14194735771533e-10,1.72063704871086e-10,1.97647776296174e-10,1.31713311753574e-10,1.82134649700808e-10,2.87605652360881e-10,2.61492915343921e-10,2.66892637294723e-10,1.21985631699762e-10,1.65267961622228e-10,3.12397329665045e-10,1.41078759356788e-10,3.22781533676525e-10
3.70491332427575e-09,8.54069695904571e-09,1.92379140195898e-08,7.92656024485964e-09,1.65222312922274e-08,1.54579029556552e-08,7.15380115885587e-09,1.54000930149717e-08,7.676907196088e-09,1.32216583748868e-08,1.34475342772778e-08,1.1670513655003e-08,1.30819121220946e-08,6.58650136299991e-09,3.47449564342072e-09,1.14578276859582e-08,6.94138345211557e-09,1.17236411149299e-08,5.59968398430845e-09,2.97170301066644e-09,2.38813546246787e-09,5.8605359351227e-09,3.04388983693265e-09,5.86718749992292e-09,2.57728557677437e-09,2.17924730010118e-09,1.31783838049921e-09,2.54884304224431e-09,2.47892275060468e-09,2.6370827407455e-09,2.11724532795942e-09,1.21485491596707e-09,1.0503808260996e-09,2.32973138881232e-09,1.46240001299116e-09,2.52652654142767e-09,1.18350347351705e-09,1.00352942040124e-09,8.49228990289223e-10,1.41068899100854e-09,1.31224032973042e-09,1.71499168308261e-09,8.6074246838672e-10,6.78098511127861e-10,7.96839894401679e-10,1.04307856416041e-09,8.1352616595152e-10,1.21400606351058e-09,1.50854409582696e-09,2.96386053165171e-09,7.3643164887351e-09,3.13194305089916e-09,6.27921491391225e-09,7.0563553070233e-09,2.28805893382499e-09,6.38204694948434e-09,3.45944436165725e-09,5.2324817401755e-09,6.24429489254952e-09,5.29711385634292e-09,5.27049636453015e-09,2.80939916981199e-09,8.62835848711435e-10,5.09522570024866e-09,2.63415668854857e-09,4.72696435285047e-09,2.36290518137128e-09,6.4959385573147e-10,4.6318656046841e-10,2.18080049360522e-09,8.87824766126628e-10,2.47923631664397e-09,4.65114570191629e-10,5.84715969795567e-10,1.8869929402065e-10,6.7049576926137e-10,6.45686439546696e-10,7.16833434849607e-10,6.35111835802676e-10,2.56045032050115e-10,6.25530047847226e-11,7.07702876466418e-10,2.86602918792016e-10,5.33402827129085e-10,2.48145591985964e-10,5.38321380543207e-11,4.62910076625001e-10,3.00714224190763e-10,5.39765399427183e-10,6.7792006763525e-10,2.1156596453613e-10,3.09604324959639e-10,2.67624797034257e-10,3.45063833230865e-10,2.08662425987114e-10,2.95144492850855e-10
1.42151503486102e-08,1.48509861309448e-08,7.92656024485964e-09,2.26967206976097e-08,1.32256901744455e-08,2.00815376539688e-08,1.26118278051992e-08,6.4914919582831e-09,3.57880518170757e-09,1.10870621888303e-08,6.54754938841991e-09,1.12099741252998e-08,5.74480013869781e-09,3.12218542745608e-09,2.90314180272643e-09,5.80875339778979e-09,3.55848160747668e-09,6.21048397815424e-09,2.74452031338986e-09,2.54122267236805e-09,1.63006113322523e-09,3.05146280954472e-09,2.74110140935164e-09,3.22478261066093e-09,2.39855167319429e-09,1.54000382353956e-09,1.17223385549976e-09,2.60488080670951e-09,1.66485519073413e-09,2.67038916677115e-09,1.56151155000749e-09,1.20182555636488e-09,1.21061176635296e-09,1.70170959105127e-09,1.54593276282226e-09,1.88527756180839e-09,1.10902081045318e-09,1.11862991957259e-09,9.94919157109512e-10,1.40294590468281e-09,1.41943191242559e-09,1.74444610734574e-09,1.04330704677739e-09,7.64255432142038e-10,8.5886249768728e-10,1.23804509821231e-09,9.31108544414325e-10,1.36078362546661e-09,6.20075649854228e-09,5.95795322008399e-09,3.4553322460238e-09,9.68137287855936e-09,5.96801337438662e-09,9.87578372816497e-09,4.79803281869062e-09,3.01076155983408e-09,1.51743157673246e-09,5.04429899108736e-09,3.2760883317615e-09,5.10741801991288e-09,2.70096248786193e-09,1.30584948375069e-09,6.61304242527712e-10,2.99621792528245e-09,1.24130706807209e-09,2.49157822955741e-09,1.04330906300795e-09,4.43469454664949e-10,3.52534907422413e-10,1.0393063075544e-09,4.99632687806199e-10,1.13990399834293e-09,4.22048438506535e-10,3.93801750196851e-10,1.15303223148802e-10,5.31084004145176e-10,3.91672141448572e-10,4.38264167677076e-10,3.90318899273208e-10,3.06653944308235e-10,2.45210236128224e-10,5.35771212412385e-10,2.64717610682991e-10,4.14154654669634e-10,2.31323647618122e-10,2.70161405794699e-10,2.12077917525934e-10,1.72630583047862e-10,4.44485351235354e-10,3.5157677404925e-10,3.63723290919933e-10,1.99500710080649e-10,1.13070672930186e-10,4.25973839548498e-10,2.54966361287975e-10,4.3493364943099e-10
7.93268012461272e-09,1.68021345088078e-08,1.65222312922274e-08,1.32256901744455e-08,2.68146511909183e-08,2.20515546042335e-08,1.43363576366553e-08,1.3218323022028e-08,7.22568521118661e-09,2.2036209617906e-08,1.17491734169487e-08,2.0024980739806e-08,1.12763333364937e-08,6.24491900000678e-09,3.69324414762263e-09,1.01175695912695e-08,6.87041410507588e-09,1.06924826894873e-08,5.32907619609139e-09,3.1041698089681e-09,2.4439331215049e-09,5.76343633620055e-09,3.13069134387802e-09,5.78205746824823e-09,2.72189891055004e-09,2.28913139029079e-09,1.49013040194097e-09,2.69445630323209e-09,2.66447304851379e-09,2.890317777e-09,2.21399540354077e-09,1.43915231471634e-09,1.23156288410114e-09,2.57470261538672e-09,1.7499009147685e-09,2.78730484172987e-09,1.36566063216855e-09,1.17902734217584e-09,9.51553785440814e-10,1.62752158487822e-09,1.43943447186061e-09,1.86170185269702e-09,1.0338326214052e-09,8.12759580114067e-10,9.1757843696673e-10,1.23934202004127e-09,9.7425464317074e-10,1.38940481069908e-09,3.22351113091389e-09,6.49907327598397e-09,6.72112479052376e-09,5.57747658789933e-09,1.07383649640941e-08,1.01929406434232e-08,5.44081154887215e-09,5.93039136088914e-09,3.08290697146853e-09,9.32787859691856e-09,5.79083084993396e-09,8.8582627826146e-09,4.90552811450979e-09,2.66413846463824e-09,1.05169252668171e-09,4.95679946463866e-09,2.67697155878147e-09,4.63917819467745e-09,2.20957041496583e-09,7.61914735366959e-10,4.60962572915796e-10,2.25736503324914e-09,9.5159383275633e-10,2.45177959234209e-09,6.45620219660777e-10,5.1653405119196e-10,2.23340244880517e-10,7.98580100805289e-10,5.83103818528003e-10,8.85090255821307e-10,5.87501596339469e-10,4.23370524957218e-10,1.01985323386122e-10,7.6676175189357e-10,3.4989195228579e-10,5.40773974884448e-10,3.73622497291825e-10,1.43661530706532e-10,4.17314011091529e-10,3.36186825114387e-10,5.62351010691875e-10,6.36565184459466e-10,2.12693354614916e-10,3.12498449878655e-10,2.52258369381618e-10,3.77618770209302e-10,2.82748650916931e-10,3.46999569858719e-10
1.37799722059208e-08,1.32463514423988e-08,1.54579029556552e-08,2.00815376539688e-08,2.20515546042335e-08,3.03244528945257e-08,1.11392506978615e-08,1.21728315511385e-08,6.85367467824015e-09,1.78213263255085e-08,1.07825606175109e-08,1.61398793084969e-08,1.04288230352133e-08,5.9449292054203e-09,3.51275134317422e-09,9.31577293920764e-09,6.38928589479863e-09,9.74275121585615e-09,5.1328119504746e-09,3.01309399713389e-09,2.70113845158089e-09,5.4684991033453e-09,3.33159394222611e-09,5.75681610524702e-09,2.63249928830511e-09,2.56647815957301e-09,1.57935215930449e-09,2.88535279091793e-09,2.82264677893555e-09,2.89465011868548e-09,2.59144023682578e-09,1.57902252813387e-09,1.40326710636203e-09,2.80798531130124e-09,1.99148439949045e-09,3.05113425523987e-09,1.48328023205211e-09,1.33237046605118e-09,1.10356263594857e-09,1.84439381749849e-09,1.63587475871261e-09,2.12062472915849e-09,1.13063676975648e-09,9.07549073518412e-10,9.87015754688057e-10,1.37597178771977e-09,1.062335306568e-09,1.54461447338018e-09,6.22416267551735e-09,4.86608481536639e-09,6.34073301783859e-09,8.73695325082569e-09,9.14719976009851e-09,1.46527284109308e-08,3.88967355567971e-09,5.44086905317886e-09,3.01208518844339e-09,7.75213882426879e-09,5.39579740360822e-09,7.40240465820579e-09,4.60707617202884e-09,2.55839666746813e-09,1.05890844170467e-09,4.64436453778523e-09,2.33457748509332e-09,4.03723852600403e-09,2.04307875050504e-09,8.15399653100523e-10,4.47807945020324e-10,1.96451130435971e-09,1.03814879121934e-09,2.31796336403787e-09,6.09721049076803e-10,5.36866122697385e-10,3.20784963254507e-10,8.58813475203745e-10,7.09350295328316e-10,9.64786025752611e-10,6.21535709053752e-10,5.1382643725928e-10,1.8772995506482e-10,9.32744795985299e-10,4.85040925824631e-10,6.855571655678e-10,4.19169505297092e-10,2.15332201689995e-10,4.48591995445451e-10,4.07100838600416e-10,6.89676752853744e-10,7.18960184328767e-10,3.7109744005303e-10,3.82335160890897e-10,1.72487861325004e-10,5.41180724671484e-10,3.34598428073733e-10,5.32512157252939e-10
6.8769715916958e-09,1.59694955242229e-08,7.15380115885587e-09,1.26118278051992e-08,1.43363576366553e-08,1.11392506978615e-08,2.04531753794889e-08,8.79680679181344e-09,4.49376265901595e-09,1.85932587635309e-08,8.8252462455967e-09,1.85381782831841e-08,7.64791382857436e-09,3.8887610445288e-09,3.3472673858928e-09,7.68973461353018e-09,4.592445999572e-09,8.39923042936479e-09,3.32255503259287e-09,2.90247019019653e-09,1.63448808655263e-09,3.83667733509041e-09,3.02690429005441e-09,3.92247473011e-09,2.74518876827107e-09,1.52702769431479e-09,1.29069161342665e-09,2.8446386691372e-09,1.79810614988104e-09,3.11759227966046e-09,1.42376982946667e-09,1.22103810556703e-09,1.09243530783553e-09,1.6832921369185e-09,1.49090268610047e-09,1.85667419983477e-09,1.0248080654647e-09,9.7257614462986e-10,8.61167263672137e-10,1.23567780480532e-09,1.21428025293625e-09,1.57909919175419e-09,8.39000782485032e-10,6.89970541741832e-10,7.35582790309234e-10,1.00469971485524e-09,8.41909315095523e-10,1.06286094184271e-09,2.88415535344988e-09,6.31467869384032e-09,3.37404640309715e-09,5.24168688593949e-09,6.17203453456392e-09,5.47078971576919e-09,8.54552069878527e-09,4.30435727522007e-09,1.63461417043303e-09,8.44865606662327e-09,4.25253859212172e-09,8.29161645005888e-09,3.6220011955316e-09,1.38377833629979e-09,7.40732647634702e-10,3.66017332994281e-09,1.47422378103727e-09,3.32677639558076e-09,1.12842433120336e-09,5.74221579859059e-10,6.47423549640502e-10,1.25592875013773e-09,9.41931510231704e-10,1.43814703174241e-09,5.71921220882656e-10,5.51572396707666e-10,1.15461408980005e-10,8.27682712648352e-10,4.25267209438789e-10,7.15440887403173e-10,4.78334068890975e-10,2.94364610093136e-10,2.41234719636991e-10,5.147355429228e-10,3.16788759934912e-10,2.97992438344041e-10,1.93611307119694e-10,1.81884266765473e-10,1.65456653211531e-10,1.68133547833626e-10,3.23785951817783e-10,3.13205517222864e-10,2.40845263156318e-10,1.32274862061456e-10,1.45445827161153e-10,3.26088926949071e-10,1.90011180126213e-10,2.74919950705967e-10
2.95302218436862e-09,7.14952517117974e-09,1.54000930149717e-08,6.4914919582831e-09,1.3218323022028e-08,1.21728315511385e-08,8.79680679181344e-09,1.80655683228536e-08,8.96229189280377e-09,1.61349410282944e-08,1.59838767129643e-08,1.4440169553097e-08,1.5287366899637e-08,7.67595304097665e-09,4.04972805656544e-09,1.3553913002696e-08,8.17461952629644e-09,1.39676196005812e-08,6.4298125890892e-09,3.44824870143483e-09,2.63594684530524e-09,6.86558228661161e-09,3.55328905964841e-09,6.91735756609724e-09,3.01329316762357e-09,2.36786202024732e-09,1.47876349546439e-09,3.02403279032394e-09,2.72009127457336e-09,3.11304088707393e-09,2.28685801918164e-09,1.33744962012502e-09,1.15785889523349e-09,2.53119765752518e-09,1.59072124667737e-09,2.72659918355637e-09,1.21950406881961e-09,1.06629535429834e-09,9.33898649615575e-10,1.43532652772643e-09,1.39478412611899e-09,1.76255698203944e-09,8.20879393396052e-10,7.00494328282765e-10,7.5835663762961e-10,1.00063245526147e-09,8.50453463550774e-10,1.1634026341026e-09,1.41730225713119e-09,2.28624222366828e-09,6.38005287246318e-09,2.43694200274901e-09,5.22758109378968e-09,5.84350802595311e-09,2.86798148020679e-09,7.45214860613864e-09,3.91903389422081e-09,6.43789047587126e-09,7.26065445510859e-09,6.48375706843073e-09,6.0386537169976e-09,3.20650960607393e-09,1.03144469279419e-09,6.04887282884788e-09,2.94667077854444e-09,5.42688324997669e-09,2.59146130954588e-09,7.79622734684105e-10,4.67552791242114e-10,2.40618182391417e-09,1.20520762547454e-09,2.95266315856842e-09,5.71506773815091e-10,5.81253094712465e-10,2.15012537036555e-10,9.40588976845102e-10,5.5745164763739e-10,9.10881828467997e-10,6.34949667004636e-10,3.20066072376393e-10,1.48953992869976e-10,7.3583809708697e-10,3.87330406519295e-10,5.91465857521195e-10,2.46705284731533e-10,1.18439665390331e-10,4.79429354203769e-10,2.97733928552349e-10,6.18581188459453e-10,7.12480963626734e-10,1.77345554668294e-10,2.59118083430159e-10,2.02002194260637e-10,3.2552183094472e-10,1.87617198871858e-10,2.04994784042585e-10
2.86368562337278e-09,3.68340815503092e-09,7.676907196088e-09,3.57880518170757e-09,7.22568521118661e-09,6.85367467824015e-09,4.49376265901595e-09,8.96229189280377e-09,2.02694504487226e-08,8.77596355236117e-09,1.77351167235724e-08,1.71443226835689e-08,7.67959713277414e-09,1.66529526200166e-08,7.77097379687736e-09,1.46571227111809e-08,1.46841486572675e-08,1.29966392657601e-08,1.36631507380353e-08,6.38784359851375e-09,2.84306858882234e-09,1.22091131597846e-08,6.22826468307233e-09,1.19805628083555e-08,5.35396578145729e-09,2.38659194301406e-09,2.19448100210196e-09,5.13833063750221e-09,2.57754605617142e-09,5.03073092191064e-09,1.97921582174158e-09,1.94005631713873e-09,1.24035411145869e-09,2.12598672151214e-09,2.24175612329284e-09,2.31049060240515e-09,1.71855512534291e-09,1.06864999280907e-09,9.34612675601149e-10,1.94085390722754e-09,1.23241381321672e-09,2.17672846870414e-09,9.89953600467783e-10,8.22718693877961e-10,6.5788810237897e-10,1.14081196340418e-09,8.67169033091534e-10,1.18729893089716e-09,1.30702540528712e-09,1.43724253068299e-09,3.1411597957937e-09,1.39415161153355e-09,3.1072763501064e-09,3.37638428242938e-09,1.85876296026489e-09,3.45414094287133e-09,7.83810766816937e-09,3.78144133255123e-09,6.77688121636225e-09,7.04816337372292e-09,2.86498015543913e-09,6.16433954341862e-09,2.8577262245201e-09,5.58925163302318e-09,5.27573715489436e-09,4.85778833143554e-09,5.11372638389098e-09,2.20716659599479e-09,1.07668853585344e-09,4.28403862245286e-09,2.27842558398043e-09,4.7898123413411e-09,1.71217792357861e-09,9.01164275514109e-10,5.41795804165062e-10,1.7235623759019e-09,9.03850926826565e-10,1.5783695531395e-09,7.11395079442738e-10,4.50454476574234e-10,3.68567985185402e-10,8.00532614190753e-10,5.08483399384862e-10,7.71703273498962e-10,3.8325054762487e-10,3.0916997152321e-10,4.05645214864271e-10,3.82087632965974e-10,3.84567993130322e-10,3.07607985180759e-10,4.10661407489311e-10,3.09168011824679e-10,1.17032478384091e-10,3.3047962792289e-10,1.78051581365604e-10,2.7304807887319e-10
6.75925921343691e-09,1.43337384456162e-08,1.32216583748868e-08,1.10870621888303e-08,2.2036209617906e-08,1.78213263255085e-08,1.85932587635309e-08,1.61349410282944e-08,8.77596355236117e-09,2.81388174236547e-08,1.45851801139914e-08,2.59239960370733e-08,1.37733772822995e-08,7.61484702906281e-09,4.50160200990273e-09,1.25878556086565e-08,8.39723983623835e-09,1.33637597088619e-08,6.38873369101548e-09,3.79096689586324e-09,2.81555576428051e-09,6.99898033952159e-09,3.90505703018414e-09,7.0835137071859e-09,3.34194983118811e-09,2.57304768081173e-09,1.74759212332689e-09,3.36548119168339e-09,3.05955724333304e-09,3.64086602501621e-09,2.46585072751268e-09,1.6666662855964e-09,1.34704059038285e-09,2.92970617014818e-09,1.96193418476238e-09,3.11572305319041e-09,1.44529842711469e-09,1.21018280588956e-09,1.004960152005e-09,1.65948178171442e-09,1.45996374621198e-09,1.87766738996871e-09,9.95657050135575e-10,8.16203444713301e-10,8.90272616068152e-10,1.16469802805511e-09,1.01828676075456e-09,1.30476780835102e-09,2.92346888847573e-09,5.43971526957282e-09,5.92898255686548e-09,4.59983155358212e-09,9.32262156747321e-09,8.69127992150391e-09,7.50995070578776e-09,7.17262392249396e-09,3.55153609405974e-09,1.23049049766418e-08,6.89343955640068e-09,1.17540312561504e-08,5.86297901836603e-09,3.05875473177993e-09,1.24189342217175e-09,5.9880982810164e-09,3.02505005513341e-09,5.54930423970205e-09,2.42415706393647e-09,9.31079780142705e-10,5.98021871193854e-10,2.5474329925362e-09,1.33716340911305e-09,2.98840788509993e-09,7.96608725918814e-10,6.08191718632637e-10,2.98328775010045e-10,1.08266246284123e-09,6.06376979667419e-10,1.09359581233836e-09,6.37899255259446e-10,5.30727660783947e-10,1.87579668722919e-10,8.65884856991728e-10,4.86648831646544e-10,5.94028383451769e-10,3.75025071258782e-10,1.41884935844219e-10,4.07487054839245e-10,2.99185588295621e-10,5.58898404963199e-10,6.00927917671668e-10,1.69747435548083e-10,2.66797557538213e-10,2.35411377254435e-10,3.30214332483492e-10,3.14679804972172e-10,2.14969692709658e-10
3.31919175619668e-09,7.10870735243982e-09,1.34475342772778e-08,6.54754938841991e-09,1.17491734169487e-08,1.07825606175109e-08,8.8252462455967e-09,1.59838767129643e-08,1.77351167235724e-08,1.45851801139914e-08,2.66761925658476e-08,2.44906367866275e-08,1.35567372143924e-08,1.46550049152521e-08,7.66810785621268e-09,2.21789755564338e-08,1.31792476984757e-08,2.02711225288876e-08,1.20290255238056e-08,6.33368708097584e-09,2.99781175522873e-09,1.09537910852492e-08,6.24038777700632e-09,1.07534458364302e-08,5.33818274757337e-09,2.58988442625005e-09,2.48736524020866e-09,5.26440214721476e-09,2.85790009918962e-09,5.16606162431704e-09,2.15714548700042e-09,2.16187795632607e-09,1.42396423552221e-09,2.33196513287682e-09,2.49867619658549e-09,2.50168621791742e-09,1.9190304467042e-09,1.24564464560432e-09,1.17707346875848e-09,2.19658453526858e-09,1.53542164426859e-09,2.52847381495566e-09,1.0663972451166e-09,9.56061198954249e-10,8.63228336470905e-10,1.25830289778575e-09,1.03840973042373e-09,1.37576785066214e-09,1.87960211516816e-09,2.67499984577291e-09,5.39239717196413e-09,2.76841583041189e-09,4.81644612140868e-09,5.23280394575307e-09,3.32204372451001e-09,6.13734555531309e-09,7.50259791742347e-09,5.85014875937373e-09,1.09866020019371e-08,1.03686916152311e-08,5.08566070366513e-09,6.04175526410877e-09,2.85422661236924e-09,9.14683568129964e-09,4.99863929746576e-09,7.88532019577695e-09,5.0418359642148e-09,2.22630194659873e-09,1.00214136940271e-09,4.02670390260497e-09,2.51513231387847e-09,4.77063181707018e-09,1.63896583358323e-09,8.9524665294349e-10,4.99209541672432e-10,1.93463400210124e-09,7.76983190856293e-10,1.63752020993098e-09,7.64615342281903e-10,4.85848870212973e-10,3.37902290543409e-10,8.23100061022153e-10,4.18539330109533e-10,7.32680669884949e-10,3.83931314281587e-10,2.65518427004785e-10,5.67382117446201e-10,2.80346125332492e-10,5.63497138202702e-10,5.14395966789483e-10,4.64082891118649e-10,4.41215275509222e-10,2.06139114424752e-10,4.94099292645791e-10,3.47583095498061e-10,4.31538540124011e-10
7.13741379424277e-09,1.42159162320731e-08,1.1670513655003e-08,1.12099741252998e-08,2.0024980739806e-08,1.61398793084969e-08,1.85381782831841e-08,1.4440169553097e-08,1.71443226835689e-08,2.59239960370733e-08,2.44906367866275e-08,3.83974774458689e-08,1.24264856588843e-08,1.43649329564972e-08,7.91236986969066e-09,2.06628000715e-08,1.3262678059258e-08,1.93102775999915e-08,1.18246700834569e-08,6.55673050529262e-09,3.29149503153854e-09,1.10440037917387e-08,6.57242411389583e-09,1.09258537227056e-08,5.56710834507446e-09,2.90858710597031e-09,2.77990615235247e-09,5.62557581555006e-09,3.16204307513525e-09,5.61178845275441e-09,2.44384651222541e-09,2.48865664893175e-09,1.58321428888978e-09,2.68700174908582e-09,2.80265502661663e-09,2.84484957512607e-09,2.12123498274028e-09,1.36307846477949e-09,1.30423178614255e-09,2.36435160128e-09,1.61972751832158e-09,2.67760204293459e-09,1.20121470357075e-09,1.12858611037164e-09,9.57941663168098e-10,1.41602115815954e-09,1.22621636079088e-09,1.51073929196725e-09,3.38253533667207e-09,5.50964105605523e-09,5.19855225163373e-09,4.82223804243531e-09,8.24939499493456e-09,7.77037952783582e-09,7.57961298472212e-09,6.08298250472191e-09,7.09632070596714e-09,1.08820832971148e-08,1.0553746842289e-08,1.66379422882774e-08,5.19280762487924e-09,5.89425432054138e-09,2.97656027479237e-09,9.04286462336059e-09,5.08498022422101e-09,8.03461311656808e-09,4.82242953403033e-09,2.35921286597512e-09,1.26774525839953e-09,4.13956548996244e-09,2.47345294491789e-09,4.66257168166496e-09,1.80620098033605e-09,1.11746856801072e-09,5.6676714163981e-10,1.96024863695932e-09,8.94493064302154e-10,1.6865809322724e-09,9.28864065993588e-10,7.04720603295961e-10,3.88678925032025e-10,9.62620810576269e-10,6.20390590677504e-10,7.87274523549351e-10,5.27287811789384e-10,3.01228977234643e-10,5.93513169980886e-10,4.31145553806654e-10,5.33893137637286e-10,5.996133821964e-10,4.39190139111943e-10,4.78997923413372e-10,1.77502044576092e-10,4.69170836385897e-10,4.4050008683784e-10,3.67264993476397e-10
2.56760710107388e-09,6.25573467235267e-09,1.30819121220946e-08,5.74480013869781e-09,1.12763333364937e-08,1.04288230352133e-08,7.64791382857436e-09,1.5287366899637e-08,7.67959713277414e-09,1.37733772822995e-08,1.35567372143924e-08,1.24264856588843e-08,1.94027980241074e-08,9.32381395701943e-09,4.92492251386041e-09,1.71030750380274e-08,1.00504807138404e-08,1.7698637715971e-08,7.84090813436275e-09,4.20664059892825e-09,3.24708135499668e-09,8.46106320226143e-09,4.3996640370793e-09,8.67072593720194e-09,3.55608072610217e-09,2.80802665482076e-09,1.68543766512525e-09,3.60138977077266e-09,3.13416800770485e-09,3.65463889606398e-09,2.69183705222795e-09,1.52469371529648e-09,1.36655330273371e-09,2.91758675545798e-09,1.80469561035611e-09,3.14036911900817e-09,1.35394652487558e-09,1.228901671576e-09,1.11952261332806e-09,1.60211456382691e-09,1.60022543411941e-09,2.02658976470741e-09,9.35734889412346e-10,8.51204501122492e-10,8.93539845978766e-10,1.16436402659001e-09,1.00898610386506e-09,1.34447617552762e-09,1.14104845346109e-09,2.11087642321171e-09,5.27110913766875e-09,2.3142103225404e-09,4.42477918262393e-09,5.02120734344328e-09,2.64467682977536e-09,6.04066947569245e-09,3.20668345672791e-09,5.43856907411638e-09,6.04838282509024e-09,5.56357147863679e-09,6.80708158711988e-09,4.0744278388795e-09,1.49793528713059e-09,7.17258906219737e-09,3.89996698547248e-09,6.81275762904957e-09,3.35250060656724e-09,1.18347180639831e-09,6.77152446168138e-10,3.15821844717872e-09,1.73359261570206e-09,3.9903457005337e-09,8.94990992958191e-10,6.97862203091325e-10,1.8176762308142e-10,1.23721859439358e-09,6.01888875352627e-10,1.13098101818701e-09,7.59675989656044e-10,2.98038305579207e-10,2.64211755241204e-10,8.0051935633798e-10,3.87120317240548e-10,7.23684364882057e-10,2.04078184369623e-10,2.20431908231166e-10,5.95510648784502e-10,3.10081717692558e-10,7.23824616013364e-10,8.1731568485486e-10,2.44062547813046e-10,3.45394246418568e-10,3.52231265371016e-10,4.2494737672861e-10,2.7094106397647e-10,2.66158132941532e-10
2.43670710978482e-09,3.21772587840472e-09,6.58650136299991e-09,3.12218542745608e-09,6.24491900000678e-09,5.9449292054203e-09,3.8887610445288e-09,7.67595304097665e-09,1.66529526200166e-08,7.61484702906281e-09,1.46550049152521e-08,1.43649329564972e-08,9.32381395701943e-09,2.06182647802975e-08,9.72984773689915e-09,1.80456400491289e-08,1.84737200708832e-08,1.61330818009425e-08,1.69816959138829e-08,7.88561797228586e-09,3.56895082561998e-09,1.51282373066928e-08,7.83933550131758e-09,1.49664465852083e-08,6.4090356779676e-09,2.87431709145959e-09,2.52127772820255e-09,6.31535086700277e-09,3.12294094212366e-09,6.24423634997255e-09,2.35915479650159e-09,2.22381826262975e-09,1.49697518508116e-09,2.54544430275003e-09,2.64301087144266e-09,2.76513502215725e-09,1.87892794274951e-09,1.25446150760672e-09,1.09089952879024e-09,2.18697779102054e-09,1.41435283380441e-09,2.38974854856712e-09,1.04950694134457e-09,9.07548034506793e-10,7.04955236030266e-10,1.19065940224726e-09,9.81939784433502e-10,1.27440760929929e-09,1.03755224233059e-09,1.17619679522264e-09,2.58629488365981e-09,1.15525579083156e-09,2.62358065923662e-09,2.84429958871871e-09,1.54270428617388e-09,2.86625087169113e-09,6.16216114920868e-09,3.14314440541801e-09,5.58669892828981e-09,5.83391276295043e-09,3.52932852300119e-09,8.22175776012605e-09,3.89430866401682e-09,7.24465739070141e-09,7.29809914662587e-09,6.4167993827088e-09,6.93610495097083e-09,3.08325449231981e-09,1.37742326790005e-09,6.02252568511096e-09,3.26806708584467e-09,6.6562567210028e-09,2.2694260315198e-09,1.01206864572987e-09,6.97205545204245e-10,2.30434271390291e-09,1.06337479366531e-09,2.20751818300102e-09,7.82934935390595e-10,6.03347711612476e-10,4.87617674526898e-10,9.32879372896647e-10,7.37959776998585e-10,9.76722401573364e-10,3.98241913996611e-10,4.07712992061217e-10,4.61286862136648e-10,5.07206079288473e-10,4.81312265395323e-10,3.60367957491928e-10,4.25344508938572e-10,3.51305742803629e-10,2.0216240324519e-10,3.7442044601294e-10,2.15730277537216e-10,3.23977749244501e-10
1.46666253277874e-09,2.89476214735181e-09,3.47449564342072e-09,2.90314180272643e-09,3.69324414762263e-09,3.51275134317422e-09,3.3472673858928e-09,4.04972805656544e-09,7.77097379687736e-09,4.50160200990273e-09,7.66810785621268e-09,7.91236986969066e-09,4.92492251386041e-09,9.72984773689915e-09,2.39094076660786e-08,9.44899066950306e-09,2.11769514060234e-08,2.05397109634099e-08,7.89244978744918e-09,1.88484081693572e-08,8.57368258390449e-09,1.64541446321571e-08,1.58046536832431e-08,1.38956269620755e-08,1.5662013321053e-08,6.76395916030691e-09,3.38622309332403e-09,1.27548916565036e-08,6.64851379034475e-09,1.22406655761968e-08,4.93743382626351e-09,2.61544367895433e-09,2.98921566816966e-09,4.71552009230584e-09,3.07466999418715e-09,5.03489514825866e-09,2.12452695983725e-09,2.56500546719701e-09,1.62196040180342e-09,2.32769657457196e-09,2.96144829364573e-09,2.64594608351183e-09,2.24271885346858e-09,1.41139114798314e-09,1.17196017646809e-09,2.54075884492145e-09,1.6609322064886e-09,2.86369318741505e-09,5.50272529845653e-10,1.03689899092336e-09,1.46041865349584e-09,8.73241606773299e-10,1.43828647317756e-09,1.54599078642738e-09,1.39381424878205e-09,1.65492444599159e-09,2.62199299942425e-09,1.86474168081607e-09,2.80454304141437e-09,3.36209012632169e-09,2.00355357371837e-09,3.37517280873442e-09,8.95902708316617e-09,3.42469361377229e-09,7.31932643770738e-09,7.54249876874026e-09,2.96096267988163e-09,7.30686657185903e-09,3.04442036937249e-09,6.0342120887204e-09,6.20139003238301e-09,5.28464492922992e-09,5.97032664919471e-09,2.7278921870399e-09,9.99701219218409e-10,4.99482167752877e-09,2.59179976909751e-09,4.67942442423423e-09,1.91609463262725e-09,8.8373688944284e-10,8.0060078631763e-10,1.96922442697517e-09,1.3222656274313e-09,2.19270627681635e-09,6.66179604297475e-10,6.30764087049824e-10,5.97813675963029e-10,1.02357664684782e-09,7.57207828714049e-10,8.79773554254617e-10,4.75385318274428e-10,4.74972947108492e-10,4.70142002703296e-10,5.85524596767146e-10,5.51286819994456e-10,7.57816024939301e-10
2.87081210984094e-09,6.28289184399759e-09,1.14578276859582e-08,5.80875339778979e-09,1.01175695912695e-08,9.31577293920764e-09,7.68973461353018e-09,1.3553913002696e-08,1.46571227111809e-08,1.25878556086565e-08,2.21789755564338e-08,2.06628000715e-08,1.71030750380274e-08,1.80456400491289e-08,9.44899066950306e-09,2.78055220077112e-08,1.62989494253258e-08,2.5465436921127e-08,1.49374701688374e-08,7.7478763557995e-09,3.75703647401248e-09,1.34445767590697e-08,7.75779280700691e-09,1.3384828606018e-08,6.3504668383597e-09,3.14315369955167e-09,2.90577590853526e-09,6.37878214875693e-09,3.51117373851782e-09,6.39532816211391e-09,2.56816039783166e-09,2.53064665621337e-09,1.72792002344784e-09,2.80592417412758e-09,2.96687867368945e-09,3.00562456305518e-09,2.15710215178569e-09,1.46212368991868e-09,1.38795887491083e-09,2.52527728409042e-09,1.78883834959804e-09,2.85944477481191e-09,1.17026065460095e-09,1.10339940285807e-09,9.34493478022246e-10,1.38769913273598e-09,1.17506484880691e-09,1.49724579244324e-09,1.56245267239231e-09,2.38662334538628e-09,4.53189550893481e-09,2.58285106420353e-09,4.08953757645724e-09,4.5277096192792e-09,2.9489911457878e-09,5.08781699875733e-09,6.04016801918725e-09,4.92713982067995e-09,9.1445725367396e-09,8.63936328735674e-09,5.96440328998934e-09,7.75239182291804e-09,3.87919178312711e-09,1.12511492436979e-08,6.59620523981316e-09,9.9851560727043e-09,6.60553309717197e-09,3.12016512398755e-09,1.31529366606629e-09,5.40289170528196e-09,3.46417223036012e-09,6.35817093406629e-09,2.21966198293806e-09,1.0583321469355e-09,6.37645586896855e-10,2.48009082332084e-09,9.92923993688324e-10,2.21648413752442e-09,8.83119070178306e-10,6.13323359751057e-10,5.16655287544759e-10,9.9203908938402e-10,6.2984290209455e-10,9.3200135078185e-10,3.73061019165798e-10,4.18149788889194e-10,7.13799869863475e-10,3.7693456664687e-10,7.29235195152372e-10,6.09148300419991e-10,5.16951010361408e-10,5.32206256901982e-10,2.86996533353527e-10,6.11026105189373e-10,3.49590736993599e-10,4.47251085261978e-10
2.65608149352819e-09,3.82105053431495e-09,6.94138345211557e-09,3.55848160747668e-09,6.87041410507588e-09,6.38928589479863e-09,4.592445999572e-09,8.17461952629644e-09,1.46841486572675e-08,8.39723983623835e-09,1.31792476984757e-08,1.3262678059258e-08,1.00504807138404e-08,1.84737200708832e-08,2.11769514060234e-08,1.62989494253258e-08,3.35811973897311e-08,3.00616610433182e-08,1.51348324648392e-08,1.6451358860787e-08,8.50594703409803e-09,2.65740387217989e-08,1.39495440162557e-08,2.34611718942372e-08,1.35613580299442e-08,6.62902652358904e-09,3.64523809705647e-09,1.10145950051824e-08,6.4890928486818e-09,1.05547045990976e-08,4.97991390150039e-09,2.90360476378441e-09,3.18037596334469e-09,4.77122017197848e-09,3.3775061226925e-09,5.12004509339357e-09,2.34446443617472e-09,2.74702374799085e-09,1.79715929626214e-09,2.55184699563723e-09,3.24893537638241e-09,2.95310589669069e-09,2.31470981179012e-09,1.49782694161126e-09,1.2588711700108e-09,2.66768206569821e-09,1.74685316344152e-09,3.00248089506498e-09,8.8682064111053e-10,1.39796382879714e-09,2.69635631603554e-09,1.35617376647608e-09,2.91749076811487e-09,3.09475625671416e-09,1.90490503219963e-09,3.16143985853034e-09,5.5211706496983e-09,3.67630366591189e-09,5.45276519246135e-09,5.93880668431005e-09,3.95870230724572e-09,7.29625198228144e-09,8.06247717722604e-09,6.78278408904539e-09,1.23116214790391e-08,1.1401996160071e-08,6.23497119139302e-09,6.46622299109483e-09,2.98990924583845e-09,1.00278611005214e-08,5.52771306851734e-09,9.48586924857849e-09,5.32089755569523e-09,2.51797438957149e-09,1.20948129872648e-09,4.4362524536127e-09,2.49250175218255e-09,4.31170959607421e-09,1.83667328586897e-09,1.10632916237734e-09,8.51200705525459e-10,2.04317879884318e-09,1.56777187231211e-09,2.37967233208807e-09,8.53519846874402e-10,6.94130488978992e-10,7.65321346415487e-10,1.20460492297718e-09,8.60692012593897e-10,1.27227324678326e-09,5.88944867703677e-10,5.57477326989263e-10,5.78190921222931e-10,6.15628430187345e-10,6.73554542457102e-10,9.37761548476487e-10
3.06425834677744e-09,6.84728983457794e-09,1.17236411149299e-08,6.21048397815424e-09,1.06924826894873e-08,9.74275121585615e-09,8.39923042936479e-09,1.39676196005812e-08,1.29966392657601e-08,1.33637597088619e-08,2.02711225288876e-08,1.93102775999915e-08,1.7698637715971e-08,1.61330818009425e-08,2.05397109634099e-08,2.5465436921127e-08,3.00616610433182e-08,4.22525210757524e-08,1.32743461539913e-08,1.60162071856835e-08,8.24494646148845e-09,2.38479546446114e-08,1.35371118295722e-08,2.08749154599409e-08,1.32792700266245e-08,6.57301021390231e-09,3.85246840678037e-09,1.07780692109528e-08,6.66771401625266e-09,1.04675747273286e-08,4.84941753397163e-09,3.06261766637431e-09,3.43575764513291e-09,4.80838599703758e-09,3.60378835420657e-09,5.21128991947256e-09,2.53013517828546e-09,3.02179418355576e-09,2.1124269665336e-09,2.85074460596636e-09,3.70483417258084e-09,3.6203746831782e-09,2.51015568677003e-09,1.67186611222624e-09,1.52171740341327e-09,2.90194149750044e-09,1.95154841609559e-09,3.25224539807093e-09,1.54120526430485e-09,2.66899278026145e-09,4.63243662682392e-09,2.92909282281779e-09,4.45707185293907e-09,4.92811145136213e-09,3.44068493328257e-09,5.46344289970083e-09,5.33740225503239e-09,5.73379887381355e-09,8.93557241466156e-09,8.79179798916458e-09,6.31979353141743e-09,6.72566798610561e-09,7.95955133031508e-09,1.05862951488177e-08,1.14101312406835e-08,1.59329535947495e-08,5.7787940260825e-09,6.39776800701041e-09,2.96057592453783e-09,9.22569882949306e-09,5.71764419297932e-09,9.11485087477784e-09,5.22152244371971e-09,2.49242123715047e-09,1.17186075216802e-09,4.55730012243481e-09,2.33046472502689e-09,4.20886185829599e-09,1.82327070731484e-09,1.06681239581595e-09,9.05170004937619e-10,1.95907252530272e-09,1.52900750842646e-09,2.28251238514483e-09,8.06909511002784e-10,7.3024255509748e-10,8.93030928344726e-10,1.19900218363217e-09,1.03103588307018e-09,1.57191858554003e-09,7.20701421014972e-10,6.02028394536719e-10,5.74955601317043e-10,7.55838469627442e-10,6.64715083259638e-10,8.58652316553268e-10
2.12090986490933e-09,2.77642123346332e-09,5.59968398430845e-09,2.74452031338986e-09,5.32907619609139e-09,5.1328119504746e-09,3.32255503259287e-09,6.4298125890892e-09,1.36631507380353e-08,6.38873369101548e-09,1.20290255238056e-08,1.18246700834569e-08,7.84090813436275e-09,1.69816959138829e-08,7.89244978744918e-09,1.49374701688374e-08,1.51348324648392e-08,1.32743461539913e-08,2.19000570190213e-08,9.6052521234183e-09,4.38488174172555e-09,1.92046797078057e-08,9.71093207853553e-09,1.9166736863453e-08,7.77639986700057e-09,3.5384704619096e-09,3.25480652706279e-09,7.77571045428743e-09,3.84877348229994e-09,7.62714066485999e-09,2.9215793356468e-09,2.85690476153968e-09,1.86229476177089e-09,3.13738330726068e-09,3.43655729403711e-09,3.55394037506969e-09,2.44873195727842e-09,1.56022371097144e-09,1.39199482723652e-09,2.85952446224595e-09,1.79098122010526e-09,3.09867609327945e-09,1.2811568797864e-09,1.0935643998149e-09,9.12874056307204e-10,1.44124632442853e-09,1.26831564159786e-09,1.58578338262502e-09,9.74648988348533e-10,1.02159156650587e-09,2.25627815749094e-09,1.00674889829447e-09,2.38707723764234e-09,2.53193746335009e-09,1.29234323511994e-09,2.46769352588334e-09,5.10855332836261e-09,2.78562393276171e-09,4.80467493759516e-09,5.09280588130819e-09,3.00645249928315e-09,6.93512695739972e-09,3.08412656351679e-09,6.23761846647062e-09,6.02263212100149e-09,5.214646024468e-09,8.94388718365871e-09,4.01113555786271e-09,1.60231119605863e-09,7.87429411903306e-09,4.33191108686957e-09,8.48556780005086e-09,2.94919369592067e-09,1.20124410372451e-09,1.07403755754861e-09,3.03276970682923e-09,1.3052900059895e-09,2.76890820531921e-09,8.92204459323822e-10,8.6259772062432e-10,6.71892992133726e-10,1.10859334037259e-09,1.02447085002605e-09,1.27875806690022e-09,6.23036787864058e-10,5.67275360115742e-10,5.8601837426532e-10,7.43435936507874e-10,4.93614469780828e-10,4.20727283890892e-10,5.8280368392351e-10,3.6159905967824e-10,2.56086158633649e-10,4.20940040292003e-10,3.09975380771016e-10,4.78775812502414e-10
