1.43404438047898e-08,6.14027618109669e-09,3.496390209015e-09,1.07668368416905e-08,5.81162215934682e-09,1.02751219269766e-08,5.12362607656392e-09,2.84656843781581e-09,3.81390531022342e-09,4.75830872318706e-09,3.29863939895634e-09,4.93881257285812e-09,1.95946153171129e-09,2.90382653846482e-09,1.37046121621715e-09,2.15388086386297e-09,3.23339590514946e-09,2.71337295865696e-09,2.3671743144386e-09,1.02144786652917e-09,8.52782324048811e-10,2.6556478345662e-09,1.04639741995241e-09,2.65581719536533e-09,7.88979135144029e-10,6.57857826780262e-10,6.7750249097696e-10,8.11595117071481e-10,8.22615648604743e-10,9.57468361857557e-10,5.31648802516531e-10,5.25975951684546e-10,4.07283657596603e-10,6.66539324114981e-10,5.38386778234624e-10,6.69473555822241e-10,4.73080168760864e-10,3.70692546536981e-10,3.41291669663866e-10,4.87695377458753e-10,5.05000118517028e-10,5.50473551019204e-10,3.18807630426459e-10,3.15134501611002e-10,4.00370887050153e-10,4.2964487175277e-10,3.94283192898538e-10,5.45688114866265e-10,8.57348743779523e-09,3.49517535289945e-09,1.79823156131174e-09,7.24296089347489e-09,3.23039186652211e-09,6.82802413715878e-09,2.86679131423747e-09,1.34652649410597e-09,1.28762972994867e-09,2.59939252792521e-09,1.31827556477491e-09,1.80995390874565e-09,9.32688489243941e-10,8.54469786871352e-10,6.40062533505746e-10,1.11372666020488e-09,1.0878551989488e-09,1.49549267277648e-09,6.57207245458358e-10,4.97214544370299e-10,4.45559236236026e-10,9.39526304661841e-10,5.07864511322882e-10,9.35077438034438e-10,4.12374143643786e-10,3.90873727907055e-10,4.62899912132103e-10,4.43199318121959e-10,5.85720282589577e-10,5.58596890063629e-10,3.63203066008524e-10,3.5708520636955e-10,2.32406923371408e-10,4.63049275985401e-10,3.08822135744687e-10,3.83496606697852e-10,2.97975196491612e-10,1.966158183161e-10,3.15888962647743e-10,2.68524964297897e-10,2.6698323589445e-10,2.58096833442617e-10,1.85084361700648e-10,2.35071498596929e-10,2.2541991770752e-10,1.77305806824993e-10,2.76403203259443e-10,3.30317542878929e-10
6.14027618109669e-09,1.53977820842795e-08,6.45847683024886e-09,1.18459772263977e-08,1.29455234052766e-08,9.60117741132075e-09,1.27220984200176e-08,5.07496318190485e-09,2.97261850208775e-09,1.04992652753811e-08,5.19643600255357e-09,1.02985849162189e-08,3.69159276629978e-09,2.05444737116716e-09,2.30245278344267e-09,3.57799512514636e-09,2.38404508076319e-09,3.96967275851397e-09,1.58777245964009e-09,1.61955357209892e-09,1.08698139029539e-09,1.76803550100679e-09,1.76651778605766e-09,1.88116850603175e-09,1.28646888527448e-09,7.93696433413359e-10,6.41106547183404e-10,1.3714044549106e-09,9.11460884336866e-10,1.49493849394672e-09,6.75070688334499e-10,4.98270424407858e-10,4.55088950711162e-10,7.56291627090897e-10,6.14609342796675e-10,8.94798136792421e-10,4.40977807512542e-10,4.13241617773003e-10,4.20277092835214e-10,5.3024925115005e-10,5.26382471201305e-10,6.01217380254704e-10,3.94822536651918e-10,3.81725310858381e-10,3.69727401929944e-10,4.56038349857986e-10,4.30026034365081e-10,4.51475337530136e-10,4.04641701385708e-09,7.81489993846942e-09,4.24906273216964e-09,6.61996723102487e-09,6.43065395668795e-09,5.67902319519996e-09,6.32612390490452e-09,3.374929995221e-09,1.65689188128823e-09,5.13931990595511e-09,3.54953530504956e-09,4.91780030091624e-09,2.66502902367613e-09,9.84038723414137e-10,9.62929056251301e-10,2.62313535569856e-09,1.37177132060404e-09,3.02715662447489e-09,6.10788710622045e-10,6.072394783431e-10,4.8333072550523e-10,8.99213328856641e-10,5.21161270826114e-10,8.04348059426516e-10,5.16051341117709e-10,3.30754626118793e-10,3.01964667343132e-10,4.10154514218212e-10,4.68139920254426e-10,6.57919508408121e-10,3.35153146022541e-10,2.13398597122792e-10,2.51572421129098e-10,3.91425924485397e-10,3.19822393650023e-10,5.35983119606088e-10,2.00974555551187e-10,2.06532400932989e-10,2.77274511920142e-10,2.78448178085515e-10,3.57971684784943e-10,3.85727072856427e-10,2.03304865033183e-10,2.34105803062879e-10,1.53784866310182e-10,2.75467026425117e-10,2.75306035703781e-10,2.90692831260912e-10
3.496390209015e-09,6.45847683024886e-09,1.62626040308404e-08,6.13909058951541e-09,1.28715648817832e-08,1.21960552416126e-08,5.07669040606584e-09,1.1972669427391e-08,5.35397574061302e-09,9.53730955096251e-09,1.06043263863141e-08,8.07272427210871e-09,8.44533325952690e-09,3.42877183462899e-09,1.76340997500973e-09,6.90673450206638e-09,3.49768743964676e-09,6.72705603108975e-09,2.64111089622918e-09,1.35131634487377e-09,1.83948663932038e-09,2.67798719455487e-09,1.56194871911959e-09,2.81316110537558e-09,1.0196734051535e-09,1.46804019348595e-09,8.36961203859433e-10,1.18837328476077e-09,1.63901010688192e-09,1.37747841063928e-09,1.16017226635256e-09,6.42828383516674e-10,6.91969844630861e-10,1.30460486308711e-09,9.05475089304354e-10,1.6509050203897e-09,5.36204506753571e-10,6.72245641237469e-10,7.73199801778715e-10,7.84866262545179e-10,1.01096548429766e-09,1.08659148736096e-09,6.14751914536459e-10,6.57413247495141e-10,5.36882880935929e-10,7.93429733959387e-10,7.24662522424463e-10,8.11034306836447e-10,2.36029210887791e-09,3.92527968293738e-09,9.84903852229406e-09,4.32395700898146e-09,7.07804997836015e-09,7.03469472319872e-09,2.82723616056459e-09,7.03356341559353e-09,2.87087315777944e-09,5.26167929454853e-09,6.5099174664974e-09,4.52677708232551e-09,4.789694913689e-09,1.63163968040673e-09,8.12088270224497e-10,3.98424864713797e-09,1.73735132103418e-09,4.29014765240838e-09,1.03142488717032e-09,4.81680261472706e-10,7.5574816151698e-10,1.06885192798334e-09,6.84540299122645e-10,1.15334611316823e-09,4.02738050331614e-10,5.82377339403825e-10,5.21754919571032e-10,5.92626536202731e-10,7.27062785716428e-10,9.73961362247751e-10,4.57092708666387e-10,4.08746596650423e-10,3.74439014119217e-10,5.34378217607213e-10,5.98394263143162e-10,8.13160965050026e-10,3.69409730833053e-10,3.48878528636407e-10,6.94012875403166e-10,4.92984898195252e-10,7.5779596385906e-10,7.21207066308555e-10,2.95918869261271e-10,5.08899623579791e-10,3.35078050177721e-10,4.86818405531038e-10,5.73593631418731e-10,5.78468484741588e-10
1.07668368416905e-08,1.18459772263977e-08,6.13909058951541e-09,1.74970853726325e-08,9.64858694268627e-09,1.45748393198353e-08,9.83120486039794e-09,4.7853720372957e-09,3.09961511978518e-09,7.86795228787921e-09,5.23902842406058e-09,7.73866559857907e-09,3.30960659358464e-09,2.05181912162503e-09,2.46267355046898e-09,3.37224410168568e-09,2.37619678185365e-09,3.79241386691582e-09,1.54838175572458e-09,1.80020363379875e-09,1.18522552880555e-09,1.82378124359023e-09,2.02185392082957e-09,1.8030162728294e-09,1.45937533723594e-09,9.32673605575969e-10,7.64455794579933e-10,1.6366981704015e-09,1.06287088685205e-09,1.72895610673429e-09,7.80505575710897e-10,5.80382091670205e-10,4.64607533333332e-10,8.67662732118759e-10,6.72867507081974e-10,9.53571161278653e-10,5.11562714787094e-10,4.25780425847374e-10,4.05114486349398e-10,5.88054273525374e-10,5.68198770364029e-10,6.53222313324539e-10,4.35047896439732e-10,4.0019732427089e-10,4.2392753179154e-10,5.04171819117196e-10,4.43703738475157e-10,5.31305494119964e-10,6.41715599018376e-09,6.6712548165414e-09,3.62595744260004e-09,1.00227398442288e-08,5.51451691146343e-09,8.32459553904836e-09,5.48753768821834e-09,2.83896386762246e-09,1.25282229125367e-09,4.42648910616328e-09,3.06644696226934e-09,3.96671388644639e-09,2.06431196626071e-09,7.31637544866585e-10,1.02594582860846e-09,2.20742031815066e-09,1.04069679534833e-09,2.72746370110647e-09,4.68476347644765e-10,7.98692325906682e-10,5.77646862844633e-10,7.88952909692647e-10,9.0451248529105e-10,7.00839690091174e-10,6.89913297352013e-10,4.70555130575029e-10,3.44725962068933e-10,7.8485163150012e-10,5.77392017802242e-10,9.95810705817605e-10,5.15888968879161e-10,2.8886503614755e-10,2.50534059910993e-10,5.02790334694338e-10,3.70193865765677e-10,6.50735192221311e-10,2.35335664558832e-10,2.2651555679148e-10,2.75671682534246e-10,2.92596306707643e-10,3.37803163714217e-10,3.66750833208602e-10,2.1533646174942e-10,2.59410206856212e-10,2.06179773518125e-10,2.6891001640286e-10,3.32516599382017e-10,3.87783810306528e-10
5.81162215934682e-09,1.29455234052766e-08,1.28715648817832e-08,9.64858694268627e-09,2.11219824857776e-08,1.68141866249034e-08,1.05007879501773e-08,9.53694653930865e-09,5.16477337729028e-09,1.62887056474412e-08,8.1733894661698e-09,1.41019616220131e-08,6.75451918209498e-09,3.26785829457241e-09,2.10827396156393e-09,5.34781127933955e-09,3.40355626934399e-09,5.43643811833089e-09,2.45971895330216e-09,1.51979565087467e-09,2.00958904644126e-09,2.4596578211863e-09,1.74448809082869e-09,2.70461774447417e-09,1.14135169994067e-09,1.54937661609992e-09,9.57823078514438e-10,1.27312949232629e-09,1.77733715037684e-09,1.56535871654272e-09,1.282427742929e-09,7.21887376064934e-10,7.46069441824033e-10,1.43423253138714e-09,9.56720656153464e-10,1.81296546815827e-09,6.11986165495746e-10,7.0617989049122e-10,8.36899144137966e-10,8.26265209232958e-10,1.02756114364222e-09,1.11124083279203e-09,6.19291874192471e-10,7.43903056581309e-10,6.03447801930092e-10,7.98059386505313e-10,8.07670173177714e-10,8.51828658434866e-10,3.9568821661354e-09,6.68806403436628e-09,8.72350383880519e-09,5.83962387659328e-09,1.14809486264106e-08,9.91892214878373e-09,5.14979654518282e-09,6.45508359238958e-09,3.02079778519972e-09,8.83925526667431e-09,5.79440169100191e-09,7.45522920681466e-09,4.60681276906561e-09,1.69424117681587e-09,1.04787624144857e-09,3.79951869781466e-09,1.90040306819474e-09,4.21273544311264e-09,1.02270115357889e-09,6.29442523570547e-10,7.236209056215e-10,1.16842463234591e-09,5.79339906461272e-10,1.06502611350078e-09,4.73960740842077e-10,5.27109282983597e-10,5.19701177365049e-10,4.25236403715708e-10,8.20202873958904e-10,9.26914567236777e-10,4.64818067523321e-10,3.98268688961731e-10,4.39132796620428e-10,6.30327564414787e-10,5.93028225346827e-10,8.91218531145469e-10,3.80155803301851e-10,4.12290397708859e-10,6.94288907143801e-10,5.22450530505167e-10,7.88738775801904e-10,7.42599388411654e-10,3.09117692697182e-10,5.21251449742164e-10,2.47324715510135e-10,5.15683638918152e-10,4.62811263538359e-10,4.58166856801863e-10
1.02751219269766e-08,9.60117741132075e-09,1.21960552416126e-08,1.45748393198353e-08,1.68141866249034e-08,2.31188474812715e-08,7.81873198800386e-09,9.04059178096512e-09,5.11676502271858e-09,1.29058903937357e-08,7.79694742640478e-09,1.1040331034677e-08,6.15899030304264e-09,3.03017360760702e-09,2.07474336214225e-09,4.80056582286975e-09,3.13355209634524e-09,4.81104209201951e-09,2.28562143258863e-09,1.60310669575345e-09,2.15129900687389e-09,2.39937586783782e-09,1.79877494321388e-09,2.51789645810876e-09,1.24385062835446e-09,1.70264735363499e-09,9.77482123273906e-10,1.37937483837233e-09,1.87549028903318e-09,1.57866468791238e-09,1.38966418017913e-09,7.06798303563578e-10,7.00042051755807e-10,1.46601537145718e-09,9.19600446904439e-10,1.78041862760665e-09,6.02193322951605e-10,6.69390500987886e-10,7.69743555651538e-10,8.05195291079254e-10,9.77824183145534e-10,1.08590252486481e-09,6.61837214503385e-10,7.6428160594236e-10,6.53254035509496e-10,8.63642430460416e-10,8.49967189744983e-10,9.55705537537252e-10,6.51855707213809e-09,5.69342229949436e-09,7.95778288817451e-09,9.07708193959985e-09,1.0012196022918e-08,1.33159653444744e-08,4.48308748283697e-09,5.9468813431495e-09,2.35700414445363e-09,7.78830073907748e-09,5.1272815381012e-09,6.21843128525507e-09,3.99814031452004e-09,1.20782098835724e-09,8.83724274061845e-10,3.20827341955152e-09,1.30225953374295e-09,3.65748319268628e-09,7.51706034283471e-10,6.65187590177814e-10,9.7625785505665e-10,9.09852212662548e-10,8.00458493844526e-10,9.00651698499819e-10,5.11657535223449e-10,7.59348481058108e-10,5.25273906917713e-10,6.53694689943785e-10,9.61810359656543e-10,1.05914225962712e-09,7.24645365387575e-10,4.18060914130755e-10,4.31749611763814e-10,7.69511478521613e-10,6.28224830917482e-10,9.964733007264e-10,3.64510432739659e-10,4.35397343590493e-10,5.97053848823086e-10,5.33432301487532e-10,7.13024922501667e-10,6.44313275066215e-10,3.50244387764599e-10,5.36235132715829e-10,2.83954908827981e-10,5.29682036984192e-10,5.44905665695342e-10,5.59272934093602e-10
5.12362607656392e-09,1.27220984200176e-08,5.07669040606584e-09,9.83120486039794e-09,1.05007879501773e-08,7.81873198800386e-09,1.49848712299076e-08,5.80852079415937e-09,3.64803236016582e-09,1.22464644447939e-08,6.05700111357202e-09,1.19237774765238e-08,4.28285937396681e-09,2.44947762990261e-09,2.70885049774945e-09,4.18061009903731e-09,2.84872276036684e-09,4.60632463858369e-09,1.85762466214382e-09,1.9131427982202e-09,1.16867645116532e-09,2.06772470379971e-09,2.0651478549087e-09,2.14271457733741e-09,1.52003384924634e-09,8.63446980770943e-10,6.80586266080149e-10,1.6113245961869e-09,9.89971827167007e-10,1.74299431445551e-09,7.3513994687079e-10,5.31365546551802e-10,5.04713685332965e-10,8.2097185917713e-10,6.63201521566282e-10,9.40840444745265e-10,4.75987080574451e-10,4.3834367363186e-10,4.37423729857298e-10,5.70462922311699e-10,5.4207771039604e-10,6.56880057835056e-10,3.96574785624718e-10,3.70128691466745e-10,3.73335764590882e-10,4.38672443901538e-10,4.22324808947559e-10,4.45727398198913e-10,3.34431706460467e-09,6.32629002445622e-09,3.37671641880532e-09,5.47411009168368e-09,5.14066110533971e-09,4.6605301221065e-09,7.2305390664728e-09,3.48297848903998e-09,1.69968370766041e-09,5.97511058091886e-09,3.72305557209156e-09,5.66479213227722e-09,2.68651270884407e-09,8.83629032517359e-10,9.07135572285317e-10,2.68947703402685e-09,1.37907346749554e-09,3.41826030586041e-09,5.18520519566109e-10,4.9459207385563e-10,5.55628055202031e-10,8.1015496197808e-10,5.20137397627525e-10,7.28332234942246e-10,4.20719915012736e-10,4.1702695811252e-10,3.98352810750939e-10,3.98615930846524e-10,6.41053121728944e-10,6.87751250657295e-10,4.08516109777584e-10,2.95761247936066e-10,2.64549773862275e-10,5.43050037807134e-10,3.57463726686183e-10,6.25527046552084e-10,2.77549117656012e-10,2.5688133216758e-10,2.86396035074281e-10,3.27726404634976e-10,3.38616392926367e-10,4.2306475850926e-10,2.33576640669991e-10,2.45354208903836e-10,2.19642155899817e-10,2.59417250557489e-10,3.66086656835869e-10,3.61495854283648e-10
2.84656843781581e-09,5.07496318190485e-09,1.1972669427391e-08,4.7853720372957e-09,9.53694653930865e-09,9.04059178096512e-09,5.80852079415937e-09,1.37143946374981e-08,6.38733128707656e-09,1.06398680630999e-08,1.24181734095172e-08,9.29175311319105e-09,9.81686284693265e-09,4.25914445308465e-09,2.09603030205207e-09,8.30016173932923e-09,4.31134573263845e-09,8.11292867726587e-09,3.34088287644828e-09,1.62813889652137e-09,1.90116221700247e-09,3.35296483712587e-09,1.77321245618612e-09,3.41588705076622e-09,1.19646638685578e-09,1.51514691706713e-09,8.97113242880429e-10,1.31390277637351e-09,1.70547867511626e-09,1.49990518745172e-09,1.2119716614997e-09,6.9279816028158e-10,7.4045214631891e-10,1.37037890988519e-09,9.76923497160787e-10,1.70091070302360e-09,5.64295377509135e-10,6.27956299300732e-10,6.70574694260757e-10,8.26299588037542e-10,9.26892062806039e-10,1.12457439083515e-09,4.76232593066503e-10,4.85167228592497e-10,4.91474429843945e-10,6.25231080536324e-10,5.74319289442477e-10,6.84182686773706e-10,2.01272364739124e-09,2.82654931764101e-09,7.03463999716512e-09,3.36180170183735e-09,5.26229339278955e-09,5.66133537785682e-09,3.27340891637133e-09,7.83883106302168e-09,2.93455268954557e-09,5.92304310638064e-09,7.23430047945791e-09,5.32866621699978e-09,5.37035021966653e-09,1.69226284028893e-09,9.09310018127753e-10,4.67332935509163e-09,2.02865283313487e-09,5.29643720584405e-09,1.08818286584214e-09,5.56927440199976e-10,8.12296298770009e-10,1.27056670656762e-09,7.12426565257139e-10,1.17061290800503e-09,4.34879205360791e-10,6.51194825242547e-10,5.48884280243637e-10,5.70169329098784e-10,8.73739751495746e-10,1.03234995946325e-09,5.05108457575934e-10,4.53419358983841e-10,4.01780434296801e-10,6.71665717322795e-10,6.70018034956892e-10,8.8592553520435e-10,3.95755583261116e-10,3.43532986410549e-10,5.50203589242356e-10,5.52982005385887e-10,6.47715558980074e-10,7.458453736589e-10,2.46383430641545e-10,3.41581097008952e-10,3.30444768093429e-10,3.76309311218543e-10,4.30709203179941e-10,4.94904092125035e-10
3.81390531022342e-09,2.97261850208775e-09,5.35397574061302e-09,3.09961511978518e-09,5.16477337729028e-09,5.11676502271858e-09,3.64803236016582e-09,6.38733128707656e-09,1.80992381451891e-08,6.06104119841869e-09,1.50387227773489e-08,1.35866421801871e-08,4.26234748644419e-09,1.22055370647496e-08,5.05464411947252e-09,9.8017708680598e-09,9.98735743005204e-09,7.72583237113521e-09,9.6437980806934e-09,3.8504134908632e-09,1.99607831779536e-09,7.77425123726882e-09,3.25609847818525e-09,7.00761505242012e-09,2.85363323770622e-09,1.49080599833115e-09,2.26135909717264e-09,2.38035170953892e-09,1.69674228243528e-09,2.59522289064739e-09,1.199117498508e-09,1.81536967468949e-09,9.76748119694133e-10,1.34770383032812e-09,2.04521541200448e-09,1.45125424671303e-09,1.46813109075363e-09,8.08545695792451e-10,6.77580592297427e-10,1.63492705835476e-09,1.048801184754e-09,1.88620885343127e-09,6.81110316126786e-10,5.47418752643584e-10,6.66079940652978e-10,9.0284967472249e-10,7.49978917471967e-10,1.10365958387778e-09,2.09354766310971e-09,1.24961156806425e-09,2.87261276736024e-09,1.65430277685193e-09,2.67375846031782e-09,2.76111987404129e-09,1.77248904884002e-09,3.66802374815582e-09,7.76981210888454e-09,3.82433023305012e-09,7.79480959619164e-09,7.704145957311e-09,2.48027128642144e-09,5.0592301528357e-09,3.10394825618098e-09,4.9903287733504e-09,4.71343808347416e-09,4.9099230160129e-09,3.73858028449998e-09,2.36881913914963e-09,1.44357004293319e-09,3.56038203864115e-09,2.16691827033864e-09,3.49777344558237e-09,1.80019255398827e-09,1.04869518176733e-09,1.08459819204666e-09,1.59620609702194e-09,1.13743888853775e-09,1.61212629756451e-09,8.76910479148501e-10,9.81677035128745e-10,6.23554628180645e-10,9.50915920856039e-10,1.07683673748691e-09,8.69323776306077e-10,9.1326470939898e-10,5.36874008694451e-10,7.04568580126484e-10,9.00926078625837e-10,7.35190956727406e-10,1.30883312539815e-09,4.59728469657423e-10,5.85503943824922e-10,4.1736447158999e-10,6.13402336827991e-10,8.08140301997407e-10,8.64640448906247e-10
4.75830872318706e-09,1.04992652753811e-08,9.53730955096251e-09,7.86795228787921e-09,1.62887056474412e-08,1.29058903937357e-08,1.22464644447939e-08,1.06398680630999e-08,6.06104119841869e-09,1.84075104852401e-08,9.37043211411327e-09,1.61437581732866e-08,7.67546088054929e-09,4.05573349440788e-09,2.43546217960359e-09,6.33036865220647e-09,4.20100123246515e-09,6.44001362330377e-09,3.10494353743656e-09,1.78037855739497e-09,2.12155946548029e-09,3.07815650016873e-09,1.95283401780015e-09,3.21784855339789e-09,1.30517829273875e-09,1.6325971671157e-09,1.03023797887113e-09,1.39795456260859e-09,1.87564951362619e-09,1.67846881768254e-09,1.36147417274727e-09,7.76625442971984e-10,8.0673684245817e-10,1.52056718061999e-09,1.02742218695181e-09,1.85408025046131e-09,6.41303069405724e-10,6.815221078829e-10,7.47751199827212e-10,8.65909698290516e-10,9.53545073715371e-10,1.1393790657657e-09,5.52963644298029e-10,5.92157120342759e-10,5.41827395995275e-10,6.88310631639021e-10,6.64687502169391e-10,7.52077963466447e-10,3.2401671879875e-09,5.14922595620094e-09,6.45640813164564e-09,4.71894550126028e-09,8.84007851993413e-09,7.9260875815646e-09,5.98435965672674e-09,7.12910548159688e-09,3.0926785607976e-09,9.98851106777977e-09,6.39197824833898e-09,8.61001556175278e-09,5.08190669111164e-09,1.73945835999859e-09,1.00984604725546e-09,4.29241121331338e-09,2.04069012050179e-09,4.96223200970233e-09,1.05659837485543e-09,5.28822442279449e-10,8.08809521556835e-10,1.19195895653406e-09,5.4866000891311e-10,1.01926240003487e-09,3.70730416867194e-10,6.17503448476696e-10,6.11315925455071e-10,3.66629947647737e-10,1.02767326739665e-09,9.62297643350376e-10,5.31110344765843e-10,4.93816079621659e-10,4.62427134562088e-10,8.1046692077124e-10,6.70411553756917e-10,1.00548888474324e-09,4.47100348189112e-10,4.11555716564032e-10,5.59486726994279e-10,5.71875274686505e-10,6.60654114945391e-10,7.54704519455291e-10,3.10538436139571e-10,3.84839502462461e-10,2.86082027111239e-10,4.00183123543926e-10,4.09497801787434e-10,4.67703665580866e-10
3.29863939895634e-09,5.19643600255357e-09,1.06043263863141e-08,5.23902842406058e-09,8.1733894661698e-09,7.79694742640478e-09,6.05700111357202e-09,1.24181734095172e-08,1.50387227773489e-08,9.37043211411327e-09,2.37669676610238e-08,1.85610895427074e-08,8.30323475140503e-09,9.80056747393053e-09,4.71306836234412e-09,1.53353540863761e-08,7.58306297221976e-09,1.24087165751748e-08,7.72633837418837e-09,3.61462700006404e-09,1.93975777548013e-09,5.83333418411914e-09,3.07921679033567e-09,5.09908179611194e-09,2.65356639427462e-09,1.42013884253789e-09,2.40975064795298e-09,2.24648312532307e-09,1.57344545515078e-09,2.42017862493053e-09,1.14124453191803e-09,1.92111795014396e-09,1.02083758859074e-09,1.25185743923402e-09,2.29870498374814e-09,1.48371068137076e-09,1.56471642441295e-09,8.46642905550282e-10,6.96497458678614e-10,1.83371388942838e-09,1.10486169067225e-09,2.13240888347869e-09,7.28993871268111e-10,5.76582486805383e-10,6.56256265439132e-10,9.51894163770957e-10,7.32597577778381e-10,1.11077085198011e-09,2.11129134276301e-09,2.91339664373958e-09,6.02279283137836e-09,3.40909479877112e-09,4.1623808554331e-09,4.37811399028595e-09,3.59396467234832e-09,6.98465367081691e-09,6.17369374647684e-09,5.22961731951094e-09,1.20675543930435e-08,9.69148572607718e-09,4.65601387928028e-09,3.84002587902271e-09,2.78185962266771e-09,7.7825542723492e-09,3.83469568864078e-09,7.90036226665575e-09,2.64441852915444e-09,2.09328708962974e-09,1.32477824054933e-09,2.61807057583616e-09,1.7121013857496e-09,2.30293653402487e-09,1.58798170398014e-09,9.51091344404597e-10,9.84569201698756e-10,1.28731385782833e-09,9.57040851207904e-10,1.5151117668665e-09,7.5697461048942e-10,9.32819321159771e-10,5.36303824491977e-10,7.79982799174136e-10,1.12930835375865e-09,8.51556162577633e-10,8.43315951570897e-10,4.4448731528444e-10,6.27177794245098e-10,8.73603943355452e-10,7.79992675378088e-10,1.26164112414823e-09,3.8912688795183e-10,5.35720348483469e-10,4.84762746795215e-10,6.739495220451e-10,8.29820960233349e-10,9.22548293081379e-10
4.93881257285812e-09,1.02985849162189e-08,8.07272427210871e-09,7.73866559857907e-09,1.41019616220131e-08,1.1040331034677e-08,1.19237774765238e-08,9.29175311319105e-09,1.35866421801871e-08,1.61437581732866e-08,1.85610895427074e-08,2.6732691181681e-08,6.29170030714359e-09,9.11783803720040e-09,4.68755313167641e-09,1.23513069897914e-08,7.22514285968936e-09,1.00462959253433e-08,7.13208128630932e-09,3.58817870335255e-09,2.03742581088328e-09,5.44554317035708e-09,3.0839116412836e-09,4.77338683544772e-09,2.58995594085458e-09,1.43544884766627e-09,2.52032638231657e-09,2.16030348293993e-09,1.73361167998524e-09,2.50055286988311e-09,1.16190663285743e-09,1.9542390031933e-09,1.10294406264768e-09,1.36601366928689e-09,2.28048461722322e-09,1.54335873864042e-09,1.61931708944664e-09,9.33133797373499e-10,7.73096873511253e-10,1.83610572260233e-09,1.19459709845599e-09,2.12769058483972e-09,8.136355927027e-10,6.43407065418065e-10,7.14484707887719e-10,1.03596278130823e-09,7.7861551743457e-10,1.16178920138738e-09,2.93306902872078e-09,5.11706790444817e-09,5.24783207814181e-09,4.45158568695949e-09,7.13297572766805e-09,6.12915142054949e-09,6.10678033291891e-09,6.08319067687853e-09,5.93612776273704e-09,8.58263257161507e-09,1.07034842444703e-08,1.34703389517353e-08,4.22775886778544e-09,3.83587081493051e-09,2.60661378865746e-09,7.140524791529e-09,3.81912784294221e-09,7.17789984213809e-09,2.55111465191758e-09,1.87844911583942e-09,1.30552491978258e-09,2.42897705624532e-09,1.54032389210007e-09,2.14968516378666e-09,1.36246029455003e-09,9.1233266207742e-10,1.08734285494941e-09,1.07330457209907e-09,1.12613497702983e-09,1.39078889452811e-09,7.47991095629623e-10,1.0202484709577e-09,5.70394356248733e-10,9.05906976048764e-10,1.15973479587242e-09,9.44248703202942e-10,9.32111832650578e-10,5.1419052467723e-10,6.71389109951097e-10,9.31462327841819e-10,8.35399023358136e-10,1.35539275964589e-09,4.40503101443725e-10,5.67989329305874e-10,4.5426423305227e-10,7.01210773454093e-10,8.05556232481478e-10,8.74445863486426e-10
1.95946153171129e-09,3.69159276629978e-09,8.44533325952690e-09,3.30960659358464e-09,6.75451918209498e-09,6.15899030304264e-09,4.28285937396681e-09,9.81686284693265e-09,4.26234748644419e-09,7.67546088054929e-09,8.30323475140503e-09,6.29170030714359e-09,1.19831568087245e-08,5.02322151211286e-09,2.59523552444096e-09,9.97307189271282e-09,5.15068758449787e-09,9.93292561153146e-09,3.86626227261876e-09,1.98670759955526e-09,2.37420792990141e-09,3.90852926441772e-09,2.19270630015806e-09,4.00306714057704e-09,1.45353422710192e-09,1.86292906361349e-09,1.01404503195931e-09,1.63437033485647e-09,1.98847501933222e-09,1.76770953261346e-09,1.50322693997119e-09,7.80501175609919e-10,8.03987948453962e-10,1.59363627356345e-09,1.05234627284585e-09,1.93755575144862e-09,6.22722651908256e-10,6.34134099156854e-10,7.36545185408965e-10,8.64067815460007e-10,9.61742736778422e-10,1.17357317321398e-09,4.54053113008232e-10,5.02760587098846e-10,4.84289178104236e-10,5.95501834520717e-10,5.97992348572762e-10,6.60243079344459e-10,1.51976426101022e-09,2.2185258670637e-09,4.79326613056939e-09,2.56091015718208e-09,3.81281034896328e-09,4.04518125382233e-09,2.63345962536595e-09,5.37118546387348e-09,1.69235124026978e-09,4.39786185265911e-09,4.67334893427131e-09,3.74139508528816e-09,6.27786131348937e-09,2.13229776319136e-09,1.39585138077424e-09,5.69592472484547e-09,2.48918790705732e-09,6.33208531889208e-09,1.52448417387548e-09,7.11126423712304e-10,8.71646923072533e-10,1.55643188240072e-09,9.20914373183904e-10,1.32571659575537e-09,5.62541742956545e-10,7.4753259341969e-10,6.18474518978169e-10,7.35738477176935e-10,9.51697866190638e-10,1.20468860048803e-09,5.44682577036468e-10,4.93151865298405e-10,4.00658158800282e-10,6.92627321388007e-10,7.07685775201416e-10,8.35798768130739e-10,4.40020657038907e-10,3.51161551562662e-10,5.52261409684203e-10,6.06520102462724e-10,6.72321912443527e-10,7.98508729749735e-10,2.64597970986334e-10,3.33727767359932e-10,3.54812204393654e-10,3.69792453314785e-10,4.85200745490087e-10,5.34698237737468e-10
2.90382653846482e-09,2.05444737116716e-09,3.42877183462899e-09,2.05181912162503e-09,3.26785829457241e-09,3.03017360760702e-09,2.44947762990261e-09,4.25914445308465e-09,1.22055370647496e-08,4.05573349440788e-09,9.80056747393053e-09,9.11783803720040e-09,5.02322151211286e-09,1.41391737255836e-08,5.89005074692313e-09,1.12836437371554e-08,1.1654649942682e-08,9.0146573340914e-09,1.11255550511581e-08,4.50027486124591e-09,2.44431800849863e-09,9.02257948202049e-09,3.97533599636621e-09,8.35586542255238e-09,3.34871534794835e-09,1.78689868100054e-09,2.55691407788574e-09,2.90841662508087e-09,1.97467400955507e-09,3.07843730234012e-09,1.44447694040933e-09,1.99600001493956e-09,1.08434245514451e-09,1.5554799919455e-09,2.21551639769984e-09,1.73511731690191e-09,1.5517069580841e-09,8.4685616975266e-10,8.15670535969046e-10,1.74892297233015e-09,1.17834442135444e-09,2.04852414297413e-09,6.76342250084136e-10,6.1501062096098e-10,7.26335432343083e-10,9.14169286415603e-10,8.46575207500809e-10,1.13537192124184e-09,1.54727065308344e-09,8.87182957400574e-10,1.93136987536023e-09,1.18650964184449e-09,1.83347380251703e-09,1.99735812730498e-09,1.24854414153611e-09,2.47917347075953e-09,5.05737479002202e-09,2.77031156401939e-09,4.98807289753403e-09,5.14014450290599e-09,2.75017165406155e-09,5.90070401910389e-09,3.56409079836573e-09,6.00210037629892e-09,5.24951767280078e-09,5.8864013138162e-09,4.47248828872528e-09,2.79734954543653e-09,1.71413861045415e-09,3.94942771179598e-09,2.62194794660368e-09,3.75161205099253e-09,2.13091416189462e-09,1.27169042378248e-09,1.3584244819189e-09,1.9288205754614e-09,1.26462669647139e-09,1.88354937437918e-09,1.05355671708072e-09,1.14091787702753e-09,5.76103517090328e-10,1.06984083077852e-09,1.13321878215719e-09,1.00667591813072e-09,9.76512054586653e-10,4.77145960471177e-10,7.31192673147978e-10,9.66819483066268e-10,7.90290751334969e-10,1.46581466036453e-09,3.9090506599204e-10,6.35071555269354e-10,4.73508544461452e-10,6.35851877126162e-10,8.27426683141923e-10,8.55544960351425e-10
1.37046121621715e-09,2.30245278344267e-09,1.76340997500973e-09,2.46267355046898e-09,2.10827396156393e-09,2.07474336214225e-09,2.70885049774945e-09,2.09603030205207e-09,5.05464411947252e-09,2.43546217960359e-09,4.71306836234412e-09,4.68755313167641e-09,2.59523552444096e-09,5.89005074692313e-09,1.8055516238358e-08,5.51465290160432e-09,1.47419657401961e-08,1.39723408930259e-08,4.50508514745298e-09,1.30043657205246e-08,5.93569191543669e-09,1.04949232476033e-08,1.01721943527673e-08,7.96423610786534e-09,1.01203796687343e-08,4.4017721511119e-09,2.26881106247892e-09,7.67066177051933e-09,4.30549032936499e-09,7.2748109452522e-09,3.53688311751038e-09,1.68607939034799e-09,2.38967477856184e-09,3.34983375196993e-09,2.00342765950356e-09,3.45683600896525e-09,1.41511289682411e-09,2.07284253515715e-09,1.12819239902398e-09,1.72328091384207e-09,2.29782925558621e-09,1.8446568666118e-09,1.75547388751896e-09,9.53987846965153e-10,9.68351204352707e-10,1.98416374805878e-09,1.23435429755592e-09,2.20983321302373e-09,6.82979586991199e-10,1.3177008692807e-09,1.15572762303136e-09,1.29183252146139e-09,1.41604353488044e-09,1.29077373877405e-09,1.42106993302888e-09,1.35254347439286e-09,2.08802143073688e-09,1.8048512419124e-09,2.83853029389763e-09,3.40947235918187e-09,1.59494333905577e-09,2.55208298952107e-09,9.75059179221984e-09,3.63930256520297e-09,7.05425196541172e-09,8.49410926062129e-09,1.89329618527762e-09,7.22633267398495e-09,3.7984779993789e-09,5.57320621674669e-09,5.94979804960945e-09,4.52576654692578e-09,5.71434528132452e-09,2.95101308583661e-09,1.73601363518114e-09,4.63534904200838e-09,3.02772117555136e-09,4.58662209527381e-09,2.47872870544089e-09,1.3998380894035e-09,1.12751586010807e-09,2.43417093423869e-09,1.4094927989937e-09,2.4883672716072e-09,1.19448794440513e-09,1.00213489084529e-09,8.98616986076099e-10,1.18522302847414e-09,1.50534005329448e-09,1.32335843168453e-09,8.51693948774846e-10,7.52033408393404e-10,7.23664089721636e-10,1.19031703376304e-09,9.68797153710491e-10,1.38609529939257e-09
2.15388086386297e-09,3.57799512514636e-09,6.90673450206638e-09,3.37224410168568e-09,5.34781127933955e-09,4.80056582286975e-09,4.18061009903731e-09,8.30016173932923e-09,9.8017708680598e-09,6.33036865220647e-09,1.53353540863761e-08,1.23513069897914e-08,9.97307189271282e-09,1.12836437371554e-08,5.51465290160432e-09,1.80057385851687e-08,8.89993889538575e-09,1.4892008133461e-08,8.81428734615595e-09,4.19089405642158e-09,2.364221135728e-09,6.76948140969312e-09,3.70057805943588e-09,6.08965750952156e-09,3.10297698857471e-09,1.73778666923532e-09,2.64772419190141e-09,2.72970362958422e-09,1.84101837571729e-09,2.8448261595063e-09,1.42758404974057e-09,2.11498326303427e-09,1.12764333516013e-09,1.49282199996992e-09,2.48059969850895e-09,1.76523709069293e-09,1.67216921709023e-09,8.93547209161257e-10,8.60725288431183e-10,1.97434518168273e-09,1.26470231127896e-09,2.31396022636121e-09,7.04713487988177e-10,6.36480811542467e-10,6.85535910024651e-10,9.52751910446244e-10,8.38792792056942e-10,1.13482609778643e-09,1.51396992291124e-09,2.18047522135595e-09,4.03306882073908e-09,2.4260397145533e-09,2.96691931082427e-09,3.14364800020206e-09,2.69895092250186e-09,4.65527443246681e-09,3.83827904354349e-09,3.83201535181407e-09,7.78039732567393e-09,6.62202658166302e-09,5.25793584972563e-09,4.76733110603777e-09,3.2875825431867e-09,9.21531212363969e-09,4.52736925977189e-09,9.2203792783003e-09,3.55020181240882e-09,2.39798631239701e-09,1.52402173577734e-09,3.13916657898733e-09,2.13599937475243e-09,2.72720532471491e-09,1.87218991319548e-09,1.14255393604651e-09,1.23986304985524e-09,1.61718633315634e-09,1.07604532162126e-09,1.82373418031487e-09,9.21136552627773e-10,1.11593213479763e-09,5.16612441447343e-10,8.8781164414902e-10,1.26667607297108e-09,1.00667254608872e-09,9.29673437615106e-10,4.26886940544659e-10,6.44975038459133e-10,1.02771977884051e-09,8.50358215162926e-10,1.42612777133103e-09,3.27732956266683e-10,5.53423146308293e-10,5.44143924266986e-10,6.65039952244411e-10,8.28849598213084e-10,9.05759111936718e-10
3.23339590514946e-09,2.38404508076319e-09,3.49768743964676e-09,2.37619678185365e-09,3.40355626934399e-09,3.13355209634524e-09,2.84872276036684e-09,4.31134573263845e-09,9.98735743005204e-09,4.20100123246515e-09,7.58306297221976e-09,7.22514285968936e-09,5.15068758449787e-09,1.1654649942682e-08,1.47419657401961e-08,8.89993889538575e-09,2.28036988234929e-08,1.89007455196938e-08,9.02624119579924e-09,1.04923649257935e-08,5.65635603209556e-09,1.67846871676357e-08,7.9686359151438e-09,1.33906676832542e-08,7.94537368412897e-09,4.09013691153625e-09,2.38478253588281e-09,5.83373159182597e-09,4.02710801621096e-09,5.66243116340847e-09,3.27837372366752e-09,1.79656188984653e-09,2.47161197196835e-09,3.10392736918803e-09,2.06827971141637e-09,3.19318429488649e-09,1.44657260687654e-09,2.05695976624106e-09,1.21997757997634e-09,1.70064439341453e-09,2.35949012707387e-09,1.94772690882921e-09,1.74360836799911e-09,1.00091649273571e-09,1.01326762746099e-09,2.0142040134543e-09,1.32538382154913e-09,2.25243182126942e-09,1.72830414978597e-09,1.20246040541063e-09,2.4294208929275e-09,1.62418006544763e-09,2.52813401412804e-09,2.4074213814455e-09,1.56218170773666e-09,2.96319362637538e-09,4.06343505484109e-09,3.48299667398367e-09,4.2306829000791e-09,5.02941694156243e-09,3.08252895219905e-09,4.83939886751503e-09,8.24909819256396e-09,5.52641070166034e-09,1.1169659470395e-08,1.17645560050187e-08,3.5488683541964e-09,5.9453795072937e-09,3.45629414584704e-09,8.46949540320318e-09,5.08292283432112e-09,6.92999150768475e-09,4.58151719606739e-09,2.60893022936475e-09,1.84995826946779e-09,3.90093830973238e-09,2.64012059383543e-09,3.92028198028645e-09,2.19192746993242e-09,1.44604061780974e-09,1.23316764851594e-09,2.0770811036309e-09,1.39938222086339e-09,1.97470461327485e-09,1.22274059171115e-09,1.11481410257737e-09,9.78229012116196e-10,1.1579715558099e-09,1.54934330408191e-09,1.4127620735246e-09,9.33366216678859e-10,7.81129625121902e-10,6.68776983630055e-10,1.21383649689736e-09,1.0414446697852e-09,1.42285914132338e-09
2.71337295865696e-09,3.96967275851397e-09,6.72705603108975e-09,3.79241386691582e-09,5.43643811833089e-09,4.81104209201951e-09,4.60632463858369e-09,8.11292867726587e-09,7.72583237113521e-09,6.44001362330377e-09,1.24087165751748e-08,1.00462959253433e-08,9.93292561153146e-09,9.0146573340914e-09,1.39723408930259e-08,1.4892008133461e-08,1.89007455196938e-08,2.67135624899832e-08,6.8748806854176e-09,9.94459545151652e-09,5.36931114859122e-09,1.36715499064932e-08,7.4308666667376e-09,1.059071760929e-08,7.48073907950214e-09,3.89089226047312e-09,2.33661849830905e-09,5.47142349620134e-09,3.74878685093674e-09,5.24257297101442e-09,3.20283668058534e-09,1.85650139592932e-09,2.55975401410666e-09,3.03684714418285e-09,2.16719008416717e-09,3.1235926896933e-09,1.53480335354801e-09,2.18580046985673e-09,1.29806194394395e-09,1.80976324933677e-09,2.54597177822878e-09,2.05353628078337e-09,1.79697455432374e-09,1.04874063385682e-09,1.03291883754867e-09,2.11170746334198e-09,1.31379644872225e-09,2.35428792592732e-09,1.94597284456352e-09,2.54203371024082e-09,4.59826559934291e-09,2.94769832206515e-09,3.82038818693134e-09,3.59552736007817e-09,3.06210812499719e-09,5.32020922902749e-09,2.98119493033513e-09,4.69654013906654e-09,6.97382933375205e-09,6.26186594766236e-09,5.82804085498608e-09,3.80200775946006e-09,7.62073570578592e-09,8.70506056429843e-09,9.80615032866014e-09,1.64309215444972e-08,2.64495552018099e-09,5.33653069603611e-09,3.09241880752959e-09,7.05081300275663e-09,4.42847756534298e-09,5.39379150000651e-09,4.14750920508255e-09,2.30298194163593e-09,1.75012298641342e-09,3.44995983821835e-09,2.29741556063545e-09,3.73132227244346e-09,1.98787692295917e-09,1.46138681388109e-09,1.11320438833347e-09,1.89057998177727e-09,1.51277457485306e-09,1.97715185419767e-09,1.24621427376087e-09,1.04813619351502e-09,8.77236012949871e-10,1.26105703298289e-09,1.50466757257003e-09,1.436964724144e-09,8.32936274159467e-10,6.92548680144795e-10,7.41135282111278e-10,1.12126116396557e-09,9.800921652091e-10,1.36484328994304e-09
2.3671743144386e-09,1.58777245964009e-09,2.64111089622918e-09,1.54838175572458e-09,2.45971895330216e-09,2.28562143258863e-09,1.85762466214382e-09,3.34088287644828e-09,9.6437980806934e-09,3.10494353743656e-09,7.72633837418837e-09,7.13208128630932e-09,3.86626227261876e-09,1.11255550511581e-08,4.50508514745298e-09,8.81428734615595e-09,9.02624119579924e-09,6.8748806854176e-09,1.47512413749437e-08,5.95052143280551e-09,3.25560305905296e-09,1.18781631844183e-08,5.59516125428347e-09,1.12297323474317e-08,4.36537861867042e-09,2.28777069475512e-09,3.19245604892497e-09,3.90424797651361e-09,2.51212135702901e-09,4.11834034573781e-09,1.83812542491642e-09,2.57632678039264e-09,1.42010523038766e-09,1.99460429477875e-09,2.83072319010024e-09,2.22999842396359e-09,2.12023546748494e-09,1.14756447763126e-09,9.7276229614481e-10,2.33943193657307e-09,1.44141812651898e-09,2.63270405817565e-09,9.20756273775943e-10,7.27254350771441e-10,8.24793530742674e-10,1.11551836434145e-09,9.57829148539616e-10,1.33225718754795e-09,1.1946850774109e-09,7.70309166177144e-10,1.40319114041722e-09,1.04668825819358e-09,1.30642867752271e-09,1.53646544027519e-09,1.12464128521209e-09,1.90089324817602e-09,3.73523268469627e-09,2.09910020611884e-09,4.00148942339201e-09,3.93784733205335e-09,2.23773428839068e-09,4.4723864784661e-09,2.79971157614854e-09,4.90346519116617e-09,3.94957205514451e-09,4.71594204773976e-09,6.23022938602016e-09,3.27298110648069e-09,1.82035611254385e-09,5.16285755733711e-09,3.34098892975602e-09,5.05889563606881e-09,2.48908790528945e-09,1.53402775803958e-09,1.74911486528512e-09,2.62726808843105e-09,1.69840038176152e-09,2.43414279819107e-09,1.259381574142e-09,1.51197911381414e-09,8.32296486925856e-10,1.41282324448478e-09,1.40534727998143e-09,1.33681722473773e-09,1.28490714052179e-09,7.0523284239501e-10,7.28801130431778e-10,1.20997074676115e-09,8.74248940007445e-10,1.60032993085681e-09,5.75608042470876e-10,5.88037918145532e-10,4.51549825478341e-10,6.68510167071968e-10,8.21368415639401e-10,9.17751437324688e-10
