2.62060337532299e-08,9.9068737199306e-09,5.87604923738769e-09,2.05454084206678e-08,1.08597025179959e-08,2.10065770874452e-08,7.7955715964527e-09,4.61717816484355e-09,5.43185633197585e-09,8.25212230405924e-09,5.38057719954795e-09,8.5782753246798e-09,3.62151047917167e-09,4.15402262477023e-09,3.08788059835014e-09,4.03761204005944e-09,4.74853735573821e-09,5.24082848089834e-09,3.03527809792695e-09,2.40075836007502e-09,1.83091959999166e-09,3.48993689298197e-09,2.28555216038116e-09,3.65409709760676e-09,1.82128597430612e-09,1.41215944747081e-09,1.21305734031251e-09,1.69196931920033e-09,1.78339530664311e-09,1.96035957982054e-09,1.11403269566356e-09,9.96804567228053e-10,6.87738705191134e-10,1.42077337725887e-09,8.95499187766469e-10,1.29683539787701e-09,9.27669508033512e-10,5.94988606514477e-10,6.5063378641198e-10,7.85360016118592e-10,7.7699451141032e-10,8.97745127741645e-10,6.70057869042998e-10,6.63006267781349e-10,7.46278179811478e-10,8.55170247009452e-10,8.40514854312278e-10,1.06363797309005e-09,1.4990316695928e-08,6.6908072421353e-09,2.78267886741982e-09,1.33209872687033e-08,6.49993574546782e-09,1.22633787100604e-08,5.56383816313688e-09,2.38527051885212e-09,2.49134612621069e-09,6.0903730415486e-09,2.83904750865574e-09,5.36668145699345e-09,1.68193695387329e-09,1.87296302956132e-09,2.47773525913082e-09,2.10684817948272e-09,1.99394510075027e-09,3.15805509843895e-09,1.33694706033281e-09,2.11426179474555e-09,1.71675081229443e-09,1.68269099484444e-09,2.22003170943223e-09,1.98663526843824e-09,1.41006262161196e-09,1.23171518494496e-09,1.04530811201326e-09,1.39279874491403e-09,1.13115018420576e-09,1.37633683474883e-09,1.07001050510752e-09,8.8197287831361e-10,5.51807662546433e-10,1.02572790845948e-09,7.51690295239378e-10,1.02602393285634e-09,9.93306227087061e-10,4.61239074206632e-10,2.54844337461128e-10,7.47079772211872e-10,4.2434839436534e-10,6.73925799066187e-10,4.83747009876705e-10,2.7923851572802e-10,5.39989732559244e-10,4.92380083852771e-10,4.45405240023972e-10,7.55156659115784e-10
9.9068737199306e-09,2.67576278563183e-08,1.28005101035103e-08,2.07768350690649e-08,2.30328874774852e-08,1.7614424795685e-08,2.09547950440237e-08,1.00902885900119e-08,5.85763174470001e-09,1.7849388629869e-08,1.12157400456852e-08,1.89566423326152e-08,7.2512895554934e-09,4.08782109599208e-09,3.80597457463135e-09,7.3627606927029e-09,4.05331240926959e-09,7.46073517180024e-09,3.18445710497695e-09,2.98187390480435e-09,1.98825855636108e-09,3.12428762356166e-09,3.11666359609043e-09,3.21795068040199e-09,2.38372095441566e-09,1.50867845982864e-09,1.59613912542554e-09,2.45359260951212e-09,1.88835516186599e-09,2.79703293868117e-09,1.28829749777968e-09,1.32473311553059e-09,9.63347437950234e-10,1.58022219240031e-09,1.43442987306671e-09,1.71667266196278e-09,9.9081822388724e-10,6.93012680998231e-10,5.53419036692342e-10,1.02494837768064e-09,8.1992934654405e-10,1.16086953737476e-09,6.92984686365424e-10,5.79661560733452e-10,7.15884059761833e-10,8.3843025400467e-10,8.16075427298908e-10,1.00443918888695e-09,6.69849213752874e-09,1.72399917904495e-08,8.97513206014972e-09,1.27099770054458e-08,1.44197331502034e-08,1.03477073312343e-08,1.30038955747695e-08,7.10081405725359e-09,2.08848833896141e-09,1.1968910792483e-08,6.64395324275732e-09,1.17940578142472e-08,5.11856519509308e-09,1.17378570832969e-09,2.98687668470557e-09,4.56834956671406e-09,1.69021971318217e-09,5.2992522235851e-09,7.91455031429225e-10,2.2507038003988e-09,1.77083265787573e-09,1.20875663054707e-09,2.18275536136993e-09,1.74906892057219e-09,1.59145280559384e-09,1.32132967460135e-09,8.96677783511876e-10,1.54469734547635e-09,1.15986715901286e-09,1.64919828693306e-09,1.24306971277798e-09,6.22660471266632e-10,4.91957387489168e-10,1.03517448134003e-09,7.5742054259674e-10,1.20621273273168e-09,3.98547776045815e-10,3.40711773148923e-10,2.98601761832799e-10,4.41745562697827e-10,3.25209762012542e-10,4.85654807693577e-10,4.1342131704519e-10,3.1274897145269e-10,4.95458153392154e-10,4.3667626021463e-10,6.29621958801856e-10,5.88702765920665e-10
5.87604923738769e-09,1.28005101035103e-08,3.13005659349361e-08,1.13758828809155e-08,2.53880719193682e-08,2.31662376907637e-08,1.00963777837226e-08,2.3051301350451e-08,1.0610877894127e-08,1.84567306376647e-08,2.15912173063518e-08,1.6592122711298e-08,1.64956247627475e-08,7.31799982786487e-09,4.18087586725364e-09,1.46538398465739e-08,7.19965846808854e-09,1.4177754319476e-08,5.47837479461557e-09,3.32489543673893e-09,3.3620711311468e-09,5.53572330920153e-09,3.18761398894254e-09,5.03251690293165e-09,2.61569132792981e-09,2.69209015417159e-09,2.02242936273362e-09,2.45283058093937e-09,3.25841742959213e-09,2.96361359018181e-09,2.16898110796988e-09,1.63723754321164e-09,1.22147389260382e-09,2.64077751171228e-09,1.85714163737285e-09,2.84922969002736e-09,1.40794594464398e-09,1.04410321078769e-09,8.7445676887383e-10,1.51567824371507e-09,1.30701648883515e-09,1.79606549825556e-09,9.18965592745939e-10,8.19342291824791e-10,1.1486252606997e-09,1.09292054364733e-09,1.2374883531519e-09,1.46259283919738e-09,4.21235807367971e-09,1.01604834530187e-08,1.89012544923036e-08,7.97195748532472e-09,1.75436377698157e-08,1.3780422289279e-08,7.81188013262983e-09,1.36673169264849e-08,4.57751385237752e-09,1.36117773697114e-08,1.05968114299856e-08,1.02805522359133e-08,9.79036788508805e-09,3.00366895959205e-09,2.40126628362386e-09,7.72799759502796e-09,3.48945768962527e-09,8.3800248586027e-09,2.30504393938656e-09,2.24932320561257e-09,2.8563876597426e-09,2.79734885422216e-09,2.62832341677391e-09,2.81608624927619e-09,1.63936932604683e-09,2.17575075143584e-09,1.00078187152953e-09,1.92602129277731e-09,2.15455804955793e-09,1.78949594484114e-09,1.87539963972163e-09,6.85022144379083e-10,7.71869879307588e-10,1.83540046291387e-09,9.93880083064655e-10,2.21325501591624e-09,5.48093534743064e-10,7.63454742073376e-10,3.36815116508329e-10,8.2262191503946e-10,7.17683034890244e-10,6.68553333210405e-10,7.4182872631476e-10,3.30777916699625e-10,5.91782801229469e-10,6.60062897972049e-10,6.52838521387329e-10,7.37737791028434e-10
2.05454084206678e-08,2.07768350690649e-08,1.13758828809155e-08,3.28185018976353e-08,1.76052990600823e-08,2.81391074575105e-08,1.62626014367049e-08,8.99569574394479e-09,5.71398576206235e-09,1.35598800027082e-08,1.01258150724803e-08,1.40596491739009e-08,6.6922771278395e-09,4.15747433990581e-09,4.70218050931677e-09,6.96763390937448e-09,4.59377885824226e-09,7.68268328207477e-09,3.30320634604959e-09,3.76933160775946e-09,2.38239844575037e-09,3.5711790694382e-09,3.9047340707422e-09,3.51484222671058e-09,3.07096944227194e-09,1.94887298312471e-09,1.68345912453877e-09,3.14698842201427e-09,2.26842274347446e-09,3.45449801774762e-09,1.58145514185017e-09,1.39907243521798e-09,9.99185624852797e-10,1.81270031085256e-09,1.3953566379315e-09,1.87759569935028e-09,1.09086274565656e-09,7.6413237359925e-10,6.83339059008737e-10,1.08439311818068e-09,9.16715295285644e-10,1.26031578513987e-09,8.67005696362878e-10,7.16437265688471e-10,8.89195708752005e-10,1.03854134770604e-09,1.04154108895834e-09,1.32712445517374e-09,1.2176380133837e-08,1.39598633389704e-08,7.12075747618377e-09,2.0543729415417e-08,1.11714705803544e-08,1.63439613386045e-08,1.07128856896784e-08,5.67346056239495e-09,1.9013426002543e-09,9.60896332984075e-09,5.44094325012186e-09,9.15795961728277e-09,4.41263049939478e-09,1.138565027906e-09,4.0938013134385e-09,4.03010560058847e-09,1.86820893876984e-09,4.97189125531259e-09,8.32679765912687e-10,3.20322456229707e-09,2.18855043776015e-09,1.46538216415946e-09,3.03104516427739e-09,1.80329102172845e-09,2.43630223045825e-09,1.69170880505858e-09,1.20270734944973e-09,2.24012116227786e-09,1.41983026499073e-09,2.33548690870677e-09,1.47022290784484e-09,9.35058002776287e-10,5.72772537414186e-10,1.26137081378063e-09,8.50089470213962e-10,1.253215774866e-09,8.56319175659314e-10,4.64031360220858e-10,2.15442848536858e-10,7.24145921764412e-10,4.45827165302722e-10,7.49430231726652e-10,5.22885385437164e-10,2.2711451192823e-10,6.39479956427953e-10,6.16970421337392e-10,5.59164247176843e-10,8.54990878118905e-10
1.08597025179959e-08,2.30328874774852e-08,2.53880719193682e-08,1.76052990600823e-08,4.0652917832746e-08,3.29386285429456e-08,1.78548412872246e-08,1.84538645499e-08,9.90049435747579e-09,2.93944329185077e-08,1.65157078164603e-08,2.63164717167043e-08,1.33239271997281e-08,6.90129307704997e-09,3.93244963820935e-09,1.1274507298223e-08,6.59028234971987e-09,1.10071276553098e-08,5.31818610742368e-09,3.13183829278092e-09,3.85798391871051e-09,5.11200315397513e-09,3.02817302345123e-09,4.78698100292000e-09,2.40817474032216e-09,3.0835388200675e-09,2.29913158970108e-09,2.32374048468633e-09,3.73888652132259e-09,3.00007413272901e-09,2.56101508470069e-09,1.90153079875442e-09,1.43094920032838e-09,3.12325348948846e-09,2.23787609987576e-09,3.4189129084799e-09,1.66928884282941e-09,1.20862767171552e-09,1.006361384007e-09,1.86907672321427e-09,1.42778905772925e-09,2.1039401072183e-09,1.1006876941449e-09,9.69406407651037e-10,1.24639874774391e-09,1.30137896568731e-09,1.36744788486053e-09,1.57330569140134e-09,6.92121060465309e-09,1.55835031686218e-08,1.67510691855105e-08,1.02948151809015e-08,2.45791253794937e-08,1.7200170575621e-08,1.2420387026265e-08,1.27306203932992e-08,4.48667765554534e-09,2.05349564484613e-08,9.45168723054871e-09,1.62044709996235e-08,8.95061627040746e-09,2.9252996208582e-09,2.86575565182036e-09,6.68329779659849e-09,3.48553710425117e-09,7.68540896144785e-09,2.25889199302755e-09,2.42277492701489e-09,3.0516516478665e-09,2.76432501641784e-09,2.28737159495537e-09,2.86655058760934e-09,1.63676759467703e-09,2.35306000460916e-09,1.14121178021018e-09,1.57551792522278e-09,2.50337738193527e-09,1.82503183863782e-09,2.07488380905147e-09,8.61772341007905e-10,7.71515180058934e-10,2.18003617856198e-09,1.09633418800405e-09,2.43643136235132e-09,6.83149350934336e-10,6.99405754491284e-10,4.39148392367857e-10,9.58855678201007e-10,6.76794495215299e-10,8.52641089256133e-10,6.55607758064326e-10,4.61607004703689e-10,6.33351618589939e-10,6.201034171473e-10,8.21327083702681e-10,6.86585665172977e-10
2.10065770874452e-08,1.7614424795685e-08,2.31662376907637e-08,2.81391074575105e-08,3.29386285429456e-08,4.60119479803894e-08,1.3624518094138e-08,1.66659727562518e-08,9.15506438846716e-09,2.33631556354775e-08,1.43642570660719e-08,2.0057170810031e-08,1.25056658057943e-08,6.48629353666117e-09,4.40693173874601e-09,1.01103899264057e-08,6.66272734457871e-09,1.04537427470531e-08,5.02755400792692e-09,3.51483170510389e-09,4.0880448709015e-09,5.19732078670324e-09,3.35382702438368e-09,4.73783740408532e-09,2.72143544673339e-09,3.37257272115865e-09,2.20067611777736e-09,2.60310355652757e-09,3.95711622118165e-09,3.12065584826181e-09,2.71934978081059e-09,1.82205491592603e-09,1.40227556977139e-09,3.21719215650734e-09,2.04105913209643e-09,3.40711376511759e-09,1.6906311707725e-09,1.25373727574102e-09,1.15554656359234e-09,1.87793092109328e-09,1.48736904930923e-09,2.02483533052671e-09,1.19108654760268e-09,1.11291605768159e-09,1.29317934108262e-09,1.42427094518295e-09,1.51865576514702e-09,1.75078319442824e-09,1.1504708675169e-08,1.2125459842907e-08,1.35317392513018e-08,1.62146949679274e-08,1.94499744742326e-08,2.35814388118052e-08,9.9355922746904e-09,1.02059449449579e-08,3.45296338775602e-09,1.67969970866869e-08,7.17386754528414e-09,1.2536465185912e-08,7.66727441436811e-09,2.26241219521152e-09,3.45345616690029e-09,5.5527523849447e-09,3.09630987911316e-09,6.51414207645609e-09,1.81725165428297e-09,2.91070318802973e-09,3.40111608323542e-09,2.54818371457939e-09,2.89276797315956e-09,2.58035942165262e-09,1.97048921096757e-09,2.64272240923125e-09,1.32273038589714e-09,1.95792907289883e-09,2.58175456618689e-09,2.2557498553595e-09,2.25983868085119e-09,1.04238832349372e-09,9.28179500410884e-10,2.29171125057797e-09,1.1599172668456e-09,2.37606559140623e-09,1.07980393318015e-09,8.55828740764872e-10,3.13752214526481e-10,1.28906596629182e-09,6.33206166727874e-10,9.90845781931681e-10,7.49914690158561e-10,3.51225051404661e-10,7.23595980454054e-10,6.36791759293728e-10,7.22366627835424e-10,7.81104644816513e-10
7.7955715964527e-09,2.09547950440237e-08,1.00963777837226e-08,1.62626014367049e-08,1.78548412872246e-08,1.3624518094138e-08,2.65361569637617e-08,1.17559530374261e-08,6.99212326918163e-09,2.27268620581147e-08,1.29627977061724e-08,2.39237476963558e-08,8.41868348190976e-09,5.08256308280273e-09,4.49879770987503e-09,8.85615160264876e-09,5.09923111991583e-09,9.01938855077029e-09,3.83478755244285e-09,3.44830346400077e-09,2.40055055276086e-09,3.71166443126075e-09,3.71884742801561e-09,3.87322575561674e-09,2.72547452421769e-09,1.85010153654303e-09,1.81080308423764e-09,2.92227394708994e-09,2.18204584571181e-09,3.13738496115343e-09,1.52287212694527e-09,1.48643999120869e-09,1.12024937924849e-09,1.8203003540732e-09,1.6645877441809e-09,2.03663476077129e-09,1.05346432442571e-09,7.90977644424766e-10,6.44233498405731e-10,1.18356572440778e-09,9.29549734381668e-10,1.32352658711971e-09,7.38632404957839e-10,5.87920045727553e-10,7.18275123955712e-10,8.57853066553011e-10,8.67479747935435e-10,1.05958331419689e-09,5.29075215921798e-09,1.29998346514473e-08,7.10295390686655e-09,9.86653913354745e-09,1.196315313143e-08,9.05921260045415e-09,2.0031590947543e-08,8.41959185446765e-09,3.14114414398425e-09,1.71521034752966e-08,8.34304768200561e-09,1.71122923403049e-08,6.58948282979941e-09,1.97304097704838e-09,2.81726978161756e-09,6.02845019965402e-09,2.34404887701655e-09,6.7652666623873e-09,1.27729623468601e-09,2.12642151328164e-09,2.02322893377876e-09,1.52527198871092e-09,2.41345457511063e-09,2.0891527894608e-09,1.56815288397007e-09,1.53260448761933e-09,1.0150706851822e-09,1.72935134333489e-09,1.55677028100758e-09,1.91989498022767e-09,1.30962907215503e-09,6.23717367391847e-10,5.9464692366601e-10,1.24102375363516e-09,8.16538235028506e-10,1.42233257723734e-09,4.35796658420048e-10,4.70252202030578e-10,3.71698217259869e-10,5.53193117224323e-10,4.20484577096549e-10,6.30090035763829e-10,4.53282226911027e-10,3.52926286080643e-10,5.11638277302307e-10,4.30507170340462e-10,6.34305934720743e-10,6.65869420249686e-10
4.61717816484355e-09,1.00902885900119e-08,2.3051301350451e-08,8.99569574394479e-09,1.84538645499e-08,1.66659727562518e-08,1.17559530374261e-08,2.78981456965456e-08,1.30104914267803e-08,2.25612899414332e-08,2.53570561535679e-08,2.00594780901864e-08,1.99738596430896e-08,9.19003513474678e-09,5.09801260607305e-09,1.77220477876425e-08,9.24995305524251e-09,1.7288735111081e-08,6.35175868663462e-09,3.71946849786692e-09,3.78367135154923e-09,6.33283319238422e-09,3.48632921914659e-09,5.62043653781028e-09,2.82991257500097e-09,3.0347930402979e-09,2.26509577287409e-09,2.59747359123734e-09,3.60544783867652e-09,3.13346333409092e-09,2.43369789936719e-09,1.81730540140635e-09,1.32993640905453e-09,2.91293643282943e-09,2.01336904795475e-09,3.14173981055634e-09,1.4749268122853e-09,1.09186310756479e-09,9.94006521940576e-10,1.55124167063599e-09,1.48074146772628e-09,1.96113371754255e-09,8.95360945257773e-10,8.22547406798236e-10,1.04557748370231e-09,1.19705063265111e-09,1.09575179898125e-09,1.43163410082216e-09,3.42552053640027e-09,7.79940384380224e-09,1.36646999497551e-08,6.46185279798848e-09,1.35980056750922e-08,1.11309180462134e-08,9.27539782651663e-09,1.63816368670232e-08,6.92505260169783e-09,1.64494856081029e-08,1.33953340345139e-08,1.34304279084287e-08,1.24989634984822e-08,4.62391535755615e-09,3.29390244300963e-09,1.0215806846689e-08,5.0788107757039e-09,1.06885975098996e-08,2.9539220972541e-09,2.47932859052637e-09,3.0891173229362e-09,3.19685411559913e-09,2.90485048036279e-09,3.25965129907059e-09,1.76083405896133e-09,2.36870279113129e-09,1.23656346271953e-09,2.08090916200343e-09,2.60794219851771e-09,2.10318273755822e-09,2.00521990585461e-09,8.44279310630593e-10,8.64922175271382e-10,2.09745140546896e-09,1.20029685534894e-09,2.44411127419311e-09,6.71876214041737e-10,8.06232493518917e-10,5.06034585713468e-10,9.1330825089846e-10,8.96672953082659e-10,9.78413656614351e-10,7.63162670372228e-10,3.97019841590428e-10,5.44770993984499e-10,7.14188559050604e-10,6.44559868276397e-10,8.31361804249918e-10
5.43185633197585e-09,5.85763174470001e-09,1.0610877894127e-08,5.71398576206235e-09,9.90049435747579e-09,9.15506438846716e-09,6.99212326918163e-09,1.30104914267803e-08,3.33558156451001e-08,1.25164646821996e-08,2.84553401118478e-08,2.68849755908417e-08,9.20102616772808e-09,2.285909892597e-08,1.02540519563682e-08,1.90885253236542e-08,1.94171373568752e-08,1.62572408263054e-08,1.65506344511985e-08,7.57227152995284e-09,3.79319022611109e-09,1.39295463843686e-08,6.91964679641552e-09,1.28357274803795e-08,5.7519710230284e-09,2.81244325129599e-09,3.20467226428107e-09,5.13725254216904e-09,3.27019764856288e-09,5.43252202279721e-09,2.18752728693882e-09,2.60076688745507e-09,1.56318619838658e-09,2.50664225424416e-09,2.94187670438181e-09,2.5901915639967e-09,2.06087064884281e-09,1.2791104700667e-09,1.19278300621639e-09,2.29856320376901e-09,1.68476525545636e-09,2.92807023800195e-09,1.10414991778121e-09,9.79164433527681e-10,1.06899580492809e-09,1.40493165132721e-09,1.28873259177382e-09,1.59980647411663e-09,3.44580300382775e-09,3.7060900470887e-09,5.80517765602066e-09,3.87094480082134e-09,7.08602370233098e-09,6.12393908064894e-09,4.74521827277712e-09,8.20889511039545e-09,1.89582575118909e-08,1.01642942226744e-08,1.58370488613364e-08,1.77340536535025e-08,5.9538246747359e-09,1.2718485036931e-08,6.31101947670429e-09,1.15854689594358e-08,1.02485089830149e-08,1.00520083330095e-08,8.74681991228267e-09,4.94739152112727e-09,2.62069721369904e-09,6.91993632464851e-09,4.60596630510412e-09,6.54730386212438e-09,3.83139397378506e-09,2.12586979055717e-09,2.19790438151251e-09,3.5314387699577e-09,2.05571232462609e-09,3.26295102081814e-09,1.71109785124848e-09,1.78808954808341e-09,1.00205436598792e-09,1.7628477342472e-09,1.67920742592376e-09,1.48078290721868e-09,1.39084678393721e-09,8.83536356494931e-10,8.05903201835387e-10,1.36761433620319e-09,1.20585522642533e-09,2.19789862840691e-09,8.20106135063090e-10,7.32165511996284e-10,7.6870027276999e-10,1.06155163955928e-09,1.09063213971117e-09,1.28515724607103e-09
8.25212230405924e-09,1.7849388629869e-08,1.84567306376647e-08,1.35598800027082e-08,2.93944329185077e-08,2.33631556354775e-08,2.27268620581147e-08,2.25612899414332e-08,1.25164646821996e-08,3.75980052404042e-08,2.00009041474565e-08,3.38007757875289e-08,1.62862046924143e-08,9.06226658971833e-09,5.08620778951337e-09,1.4133708562855e-08,9.00029241510113e-09,1.39705446499008e-08,6.51402945944904e-09,3.74924648644719e-09,4.28015481305579e-09,6.30443956592309e-09,3.44284779196466e-09,5.58765459529492e-09,2.85300468038632e-09,3.44366131708351e-09,2.61645080715721e-09,2.6176364590098e-09,4.1265987356386e-09,3.21102134670536e-09,2.8386169877163e-09,2.12672723152254e-09,1.63469010329846e-09,3.43617402976919e-09,2.47902522890027e-09,3.77988245559459e-09,1.63305207381545e-09,1.29194948624072e-09,1.12634242515642e-09,1.85652166095999e-09,1.58043272121350e-09,2.19150789290259e-09,1.11269812665797e-09,9.59257032977255e-10,1.14189576628234e-09,1.34959126703287e-09,1.30737670049018e-09,1.60065176460201e-09,5.44999855196822e-09,1.24073035386182e-08,1.27292841768792e-08,8.61907925062289e-09,2.05199143430181e-08,1.53060317014173e-08,1.82619699056028e-08,1.62246161167993e-08,6.67547030037867e-09,2.80461631702133e-08,1.25988095038906e-08,2.30470575163911e-08,1.25211801532533e-08,4.30477830918182e-09,3.4312520605917e-09,9.43122927948178e-09,4.86037001709099e-09,1.03870842548773e-08,2.74468829999103e-09,2.44805450871058e-09,3.37637504539286e-09,3.06811279315102e-09,2.49846230184532e-09,3.32830861449508e-09,1.71861875555893e-09,2.63101067886825e-09,1.416399107436e-09,1.7400256015052e-09,3.137046370191e-09,2.22676123114704e-09,2.26733690526987e-09,9.79407650072532e-10,8.84286127243208e-10,2.58595390946945e-09,1.19221815340547e-09,2.72309388216524e-09,7.10701933431284e-10,7.66104270315614e-10,5.96968182492345e-10,8.43870318997243e-10,8.21926565202928e-10,1.06235162485593e-09,7.20623072372196e-10,4.92815651229547e-10,6.18658298004965e-10,6.48478411660082e-10,7.85714638894817e-10,7.99827502760163e-10
5.38057719954795e-09,1.12157400456852e-08,2.15912173063518e-08,1.01258150724803e-08,1.65157078164603e-08,1.43642570660719e-08,1.29627977061724e-08,2.53570561535679e-08,2.84553401118478e-08,2.00009041474565e-08,4.65023960820933e-08,3.82474229101578e-08,1.77312423979718e-08,1.90841675818527e-08,1.03085899208012e-08,3.08622427333834e-08,1.61937416627589e-08,2.67586882676826e-08,1.34999318931769e-08,7.4838088228125e-09,4.04891601015552e-09,1.11349983005162e-08,6.86559636133969e-09,1.00197830064468e-08,5.72278612353932e-09,3.05827442664493e-09,3.97333406373321e-09,5.1567630573729e-09,3.76484060249584e-09,5.65663298238786e-09,2.38627077216918e-09,3.21501685232343e-09,1.89556250170173e-09,2.91969386868514e-09,3.66741257792405e-09,3.01937830759712e-09,2.47990406874011e-09,1.44053199436251e-09,1.29485274504046e-09,2.70191774787292e-09,1.98440770651943e-09,3.53837793256445e-09,1.23228895673716e-09,1.05838919170533e-09,1.35463627911427e-09,1.6255565315618e-09,1.44941389411692e-09,1.89379912486785e-09,4.18145039487475e-09,8.29289532870567e-09,1.20311678384268e-08,7.35261342436433e-09,1.20836763293932e-08,9.98087849318766e-09,1.01855847434785e-08,1.44903652772134e-08,1.42242992632997e-08,1.52478478351909e-08,2.42240093538647e-08,2.47325999071651e-08,1.06459390890459e-08,1.00396512506344e-08,6.00381535701446e-09,1.81472009288238e-08,8.45388536696034e-09,1.64084243872777e-08,6.71775500077821e-09,4.61540039510371e-09,2.96531894120248e-09,5.28151847508631e-09,4.61472606400811e-09,4.80006550964003e-09,3.53821679110044e-09,2.46956756079412e-09,2.32441723592739e-09,3.65024254100322e-09,2.35107054601762e-09,3.58387017121002e-09,2.0193623433239e-09,1.80974553114026e-09,1.24733666130557e-09,1.93401994055726e-09,2.1505379537374e-09,2.03766016973803e-09,1.39096787323402e-09,8.91259113417497e-10,7.58300832442117e-10,1.36969084539824e-09,1.22318946602344e-09,2.30576185170162e-09,8.88101404139385e-10,6.42127144460286e-10,7.67718621439473e-10,1.03283195258967e-09,1.0541765401189e-09,1.25424360548711e-09
8.5782753246798e-09,1.89566423326152e-08,1.6592122711298e-08,1.40596491739009e-08,2.63164717167043e-08,2.0057170810031e-08,2.39237476963558e-08,2.00594780901864e-08,2.68849755908417e-08,3.38007757875289e-08,3.82474229101578e-08,5.60035992407973e-08,1.42624479342327e-08,1.82652330110875e-08,9.89022725306293e-09,2.57430737754312e-08,1.51274904284471e-08,2.19684942605074e-08,1.31060191602454e-08,7.21595913652925e-09,4.23236856681184e-09,1.04691730218726e-08,6.38182303233409e-09,9.16437750994006e-09,5.48954502147601e-09,3.17119210697852e-09,4.35482016278483e-09,4.82733910102246e-09,3.98307600456833e-09,5.43026999868049e-09,2.54968646689759e-09,3.58876230422637e-09,2.25127291853646e-09,3.23580623087761e-09,4.2228818377601e-09,3.56268946534759e-09,2.66447343669714e-09,1.73860140286231e-09,1.43462569662078e-09,3.11747714469856e-09,2.19468350535349e-09,3.83855746965055e-09,1.50806420182647e-09,1.17210705077777e-09,1.3759401601526e-09,1.83684972191193e-09,1.54512686478641e-09,2.04384982503287e-09,6.400732172386e-09,1.30799569206419e-08,1.06848530174702e-08,8.7699963340413e-09,1.85316877244243e-08,1.34641675685112e-08,1.92904424560208e-08,1.41368131829011e-08,1.42989700482371e-08,2.62486482721471e-08,2.24817519328562e-08,3.7159142888861e-08,1.04327677505462e-08,9.63148120855899e-09,6.28923374209801e-09,1.64384937649982e-08,8.45657548561201e-09,1.54531289457878e-08,6.43876801215036e-09,4.66731371473963e-09,2.83207496611671e-09,5.3147668740297e-09,3.83979464679166e-09,4.7585715424889e-09,3.54028266657952e-09,2.35039820366606e-09,2.46138228937822e-09,3.03506120613016e-09,2.55324244929458e-09,3.36227667528437e-09,1.96392324274388e-09,1.95796730959579e-09,1.19941530734241e-09,2.14519307414122e-09,1.96843713517078e-09,2.11271081008354e-09,1.37813991137313e-09,9.21402757144573e-10,9.16392253632742e-10,1.24747114595923e-09,1.31266098922234e-09,2.4606467161597e-09,8.89328703046942e-10,7.71951095412613e-10,8.36104062056802e-10,1.11666965083081e-09,1.119838640687e-09,1.26141926270311e-09
3.62151047917167e-09,7.2512895554934e-09,1.64956247627475e-08,6.6922771278395e-09,1.33239271997281e-08,1.25056658057943e-08,8.41868348190976e-09,1.99738596430896e-08,9.20102616772808e-09,1.62862046924143e-08,1.77312423979718e-08,1.42624479342327e-08,2.68680736379749e-08,1.16387537224373e-08,6.60925025934206e-09,2.29784983712298e-08,1.16268008921625e-08,2.21479627862457e-08,7.99605946022046e-09,4.47409852817492e-09,5.07075641488979e-09,7.83299714545999e-09,4.4399101114833e-09,7.2667035223638e-09,3.40149737406734e-09,3.83658914977821e-09,2.52205185871322e-09,3.21053955368003e-09,4.43352614322792e-09,3.79848366695161e-09,3.0157482966062e-09,1.97568102226287e-09,1.51838366185525e-09,3.41634941062914e-09,2.19103376049974e-09,3.76556142954726e-09,1.61295652575521e-09,1.23414183948364e-09,1.1687425608725e-09,1.68163154115767e-09,1.64441302375164e-09,2.15701568965586e-09,9.81917232021037e-10,9.102493448795e-10,1.12745001023816e-09,1.26945086455262e-09,1.21907668838274e-09,1.51983103779125e-09,2.98309970482058e-09,6.08096088578628e-09,9.78959249450936e-09,5.79717070201987e-09,9.76343660512194e-09,9.18651823637463e-09,7.3156873581244e-09,1.25013139505268e-08,4.62921200925381e-09,1.24217978440345e-08,1.02190999825445e-08,1.00569091710826e-08,1.5310007302053e-08,5.81350739928351e-09,4.56048958831972e-09,1.17569750517579e-08,6.60345290069091e-09,1.27545333736194e-08,4.15522959701475e-09,2.99349940462995e-09,3.98966064387723e-09,4.26384448157985e-09,3.32620518063528e-09,4.54638608096425e-09,2.06053167781292e-09,2.8062084733828e-09,1.3921525772991e-09,2.32558754958009e-09,3.13919893030891e-09,2.289344123604e-09,2.32550658786987e-09,8.37091671164636e-10,1.18842726752308e-09,2.33872894294844e-09,1.41466261985827e-09,2.99678793824664e-09,6.26454664089058e-10,1.06160344497214e-09,6.48028770929377e-10,1.05783187966584e-09,1.10578304167771e-09,1.09017753274551e-09,9.59228411662392e-10,5.02992351639576e-10,5.2109315448063e-10,9.13029529733918e-10,7.71524606308757e-10,1.03127116625466e-09
4.15402262477023e-09,4.08782109599208e-09,7.31799982786487e-09,4.15747433990581e-09,6.90129307704997e-09,6.48629353666117e-09,5.08256308280273e-09,9.19003513474678e-09,2.285909892597e-08,9.06226658971833e-09,1.90841675818527e-08,1.82652330110875e-08,1.16387537224373e-08,2.87594389788563e-08,1.25879071485877e-08,2.34883390587182e-08,2.43095586083456e-08,1.98018117574639e-08,2.0807900854998e-08,9.09563955551317e-09,4.93499500781641e-09,1.75292882708488e-08,8.5095585821425e-09,1.65813879933587e-08,6.90816767958255e-09,3.5794547522503e-09,3.88558853619067e-09,6.31835172604298e-09,3.86023217815244e-09,6.34814731081102e-09,2.83336670273941e-09,3.16437954880132e-09,2.08415616412475e-09,3.00653035422368e-09,3.54079843635394e-09,3.21408810513648e-09,2.47187353900019e-09,1.67650713855697e-09,1.40383022200692e-09,2.69632726347294e-09,2.05049159423681e-09,3.253957032365e-09,1.40944931076407e-09,1.09898260376757e-09,1.20903064034665e-09,1.66277242136814e-09,1.5083882213699e-09,1.99015882345523e-09,2.70076423846604e-09,3.02358859554511e-09,4.05672533125909e-09,3.53386458454609e-09,4.80820192252571e-09,4.88478269711741e-09,4.00420050336309e-09,5.95054171627191e-09,1.27184970732025e-08,7.41316711286107e-09,1.15844547030742e-08,1.26832066856389e-08,7.48179021635807e-09,1.53583353168767e-08,7.43632759096974e-09,1.3478806854264e-08,1.23615000636087e-08,1.16281176666472e-08,1.12477329627891e-08,5.75704128727817e-09,3.51702882075436e-09,8.82661625196598e-09,5.22929185181356e-09,8.01589148731928e-09,4.37787128472367e-09,2.6375729501492e-09,2.53201573012605e-09,3.95357847793423e-09,2.455818576539e-09,3.56791668282737e-09,2.18736275992726e-09,2.05661153527501e-09,1.34573695789412e-09,2.12533309163144e-09,2.21274428935214e-09,2.03592472994798e-09,1.47471782433212e-09,1.09729341203852e-09,9.84013612544851e-10,1.71760394448494e-09,1.38961111713993e-09,2.50430253733992e-09,9.46555651682087e-10,8.89785125899754e-10,8.17908571182829e-10,1.12404297890983e-09,1.17306907499537e-09,1.20383015121322e-09
3.08788059835014e-09,3.80597457463135e-09,4.18087586725364e-09,4.70218050931677e-09,3.93244963820935e-09,4.40693173874601e-09,4.49879770987503e-09,5.09801260607305e-09,1.02540519563682e-08,5.08620778951337e-09,1.03085899208012e-08,9.89022725306293e-09,6.60925025934206e-09,1.25879071485877e-08,3.38323426473102e-08,1.25905644362426e-08,2.79273076221063e-08,2.714798276376e-08,9.10320730446742e-09,2.42289525288444e-08,1.0681890750242e-08,1.96658678745307e-08,1.88850295765606e-08,1.50498255436047e-08,1.84432230339444e-08,7.64424431754942e-09,3.9454480740754e-09,1.38961954421859e-08,7.54220767715166e-09,1.32555087551052e-08,6.02015037501727e-09,3.03970208040756e-09,4.02452141865556e-09,5.77859226603459e-09,3.38531605487459e-09,5.89728512327218e-09,2.30630500799941e-09,3.31555576949846e-09,1.77480479624045e-09,2.39611428233639e-09,3.73251793693464e-09,2.77909794018671e-09,2.90906125278231e-09,1.4491368787327e-09,1.34119623286978e-09,3.17621156537281e-09,1.72556488647489e-09,3.4543654404856e-09,2.49441788452859e-09,3.61644479957992e-09,2.99716590534135e-09,4.56021124380855e-09,2.66973395158238e-09,2.70820852878297e-09,3.53267847788e-09,3.56382052312486e-09,6.74083074269488e-09,3.69006230347289e-09,8.39098187166189e-09,7.90953661818693e-09,3.6961405426632e-09,8.35644473466259e-09,2.13369778998169e-08,8.96239643192449e-09,1.70539722353256e-08,1.73661817776085e-08,6.57811366396686e-09,1.64927578092242e-08,6.74948718975896e-09,1.310133316858e-08,1.30640620604914e-08,9.51734245071097e-09,1.25921345125062e-08,4.9482190783772e-09,2.99994839771928e-09,9.71432783573849e-09,5.01248787907475e-09,8.53687182277531e-09,4.08199764817676e-09,2.41349419301737e-09,2.16235578236686e-09,4.02438753754639e-09,2.35593861412682e-09,3.56756453388618e-09,1.80960691528533e-09,2.0091865731075e-09,1.11469206420879e-09,1.88232339446669e-09,2.48979961262077e-09,2.22708985338289e-09,1.79568788350131e-09,9.17722225847049e-10,1.0962098205288e-09,1.99473184011789e-09,1.22849926920832e-09,2.36000234467813e-09
4.03761204005944e-09,7.3627606927029e-09,1.46538398465739e-08,6.96763390937448e-09,1.1274507298223e-08,1.01103899264057e-08,8.85615160264876e-09,1.77220477876425e-08,1.90885253236542e-08,1.4133708562855e-08,3.08622427333834e-08,2.57430737754312e-08,2.29784983712298e-08,2.34883390587182e-08,1.25905644362426e-08,3.89199683993799e-08,1.97348870257391e-08,3.34355581981748e-08,1.652799267014e-08,8.91920003726627e-09,5.60814792786934e-09,1.35836381713306e-08,8.47859645238711e-09,1.2605514783954e-08,6.75113557151774e-09,4.00992850140146e-09,4.44394947231452e-09,6.26981985125523e-09,4.60445896048923e-09,6.62998430954918e-09,3.15862191085483e-09,3.57598151636846e-09,2.30873700489158e-09,3.58332226241724e-09,4.07238983519996e-09,3.85548877170895e-09,2.78817247916883e-09,1.75549250994805e-09,1.57198019500414e-09,3.00735566992974e-09,2.28741963078622e-09,3.78483307793493e-09,1.43711780937029e-09,1.21849791103292e-09,1.42640019319365e-09,1.79306084405857e-09,1.62334145792464e-09,2.07658829752944e-09,3.44944631377521e-09,6.26963064743316e-09,8.36204817680296e-09,6.35377315253396e-09,8.06553701630386e-09,8.00854771789424e-09,8.0258190354618e-09,1.06441246225884e-08,1.00417613443242e-08,1.09937901122027e-08,1.81476581145829e-08,1.76896025456995e-08,1.32769124320525e-08,1.16874041833254e-08,7.48385827919151e-09,1.99248076644438e-08,1.0395949610951e-08,1.88143664193586e-08,8.5108227641227e-09,5.42250234789503e-09,4.40200504912117e-09,6.9237381006669e-09,5.33726003554608e-09,6.63015705230601e-09,4.00649639607423e-09,3.04345488523623e-09,2.46047331055379e-09,4.04150360662261e-09,3.00883972795422e-09,3.79132751253532e-09,2.50508537993803e-09,1.86093122071379e-09,1.64362954039547e-09,2.40215909413362e-09,2.57763833395913e-09,2.91300543816802e-09,1.38923791495389e-09,1.20379905805603e-09,1.00869709227095e-09,1.70962214585898e-09,1.45121924203271e-09,2.44192908925379e-09,1.07405017922453e-09,8.36869884825258e-10,7.45805054934617e-10,1.14846051751704e-09,1.10516127852996e-09,1.22055706956104e-09
4.74853735573821e-09,4.05331240926959e-09,7.19965846808854e-09,4.59377885824226e-09,6.59028234971987e-09,6.66272734457871e-09,5.09923111991583e-09,9.24995305524251e-09,1.94171373568752e-08,9.00029241510113e-09,1.61937416627589e-08,1.51274904284471e-08,1.16268008921625e-08,2.43095586083456e-08,2.79273076221063e-08,1.97348870257391e-08,4.3076699228201e-08,3.65757763030676e-08,1.75360192709542e-08,1.96630834083337e-08,1.02947426305769e-08,3.06149681820385e-08,1.51420503909702e-08,2.50215804964573e-08,1.4897896931259e-08,7.40061434014274e-09,3.97468827550806e-09,1.10298724796882e-08,7.24834612312598e-09,1.05371659775687e-08,5.85215190199855e-09,3.14020799740325e-09,4.10573488500959e-09,5.55045922244214e-09,3.54365277656888e-09,5.67746133940728e-09,2.38302988426312e-09,3.40308202804597e-09,1.92627198054716e-09,2.56075985958922e-09,3.75327732762961e-09,2.98297683649152e-09,2.96392832311695e-09,1.58534011059928e-09,1.37413546627389e-09,3.1998176431456e-09,1.84238549604162e-09,3.4917010944396e-09,3.36701107799225e-09,3.88224137772071e-09,4.70841901825301e-09,4.41891306933294e-09,5.25221277542699e-09,4.68671799319996e-09,4.68373660609649e-09,6.49966706314213e-09,1.15469766389723e-08,7.84032406580286e-09,1.15546320211343e-08,1.19998711536512e-08,7.38524252385361e-09,1.38541142814396e-08,1.78163693241215e-08,1.31249328071271e-08,2.4194310331382e-08,2.33974889229003e-08,1.02393646225343e-08,1.37563316715581e-08,6.15842412307972e-09,1.81344630928687e-08,1.02944475524739e-08,1.37740514448797e-08,1.06120639925506e-08,4.69990283329759e-09,3.09053020062618e-09,7.65965641800694e-09,4.80053019324681e-09,6.79794264930569e-09,3.84775943103561e-09,2.46552481003779e-09,2.57150565137709e-09,3.92784664948838e-09,2.55985820445538e-09,3.38387796840923e-09,1.96070914019494e-09,2.32806882583655e-09,9.19661262599313e-10,2.09181917530545e-09,2.55348383552704e-09,2.38417898298816e-09,2.101494824514e-09,8.38959575067607e-10,9.93505370118276e-10,2.11127485132083e-09,1.16956887248275e-09,2.3609673397056e-09
5.24082848089834e-09,7.46073517180024e-09,1.4177754319476e-08,7.68268328207477e-09,1.10071276553098e-08,1.04537427470531e-08,9.01938855077029e-09,1.7288735111081e-08,1.62572408263054e-08,1.39705446499008e-08,2.67586882676826e-08,2.19684942605074e-08,2.21479627862457e-08,1.98018117574639e-08,2.714798276376e-08,3.34355581981748e-08,3.65757763030676e-08,5.41464799481749e-08,1.37126599693452e-08,1.90862152199342e-08,1.06092027326965e-08,2.53260223310706e-08,1.47326593242589e-08,2.01158561530897e-08,1.42763129516913e-08,7.48551642235453e-09,4.30213153169513e-09,1.05906055375279e-08,7.5056176052915e-09,1.03545131936022e-08,5.9933209717816e-09,3.45805138910048e-09,4.2129349149527e-09,5.88493012581262e-09,3.76466855316055e-09,5.95945372726189e-09,2.68856471917151e-09,3.47189290026886e-09,2.02322777281586e-09,2.77496098171955e-09,4.00945209715466e-09,3.26841848789944e-09,3.00245360155301e-09,1.66363179682228e-09,1.70372124548754e-09,3.42382858461498e-09,2.02492486904424e-09,3.74914354441416e-09,5.06028987433162e-09,6.97317287125916e-09,9.39559604058697e-09,7.54347771982169e-09,8.77595153024878e-09,8.19683094154808e-09,8.68913155849084e-09,1.13698110721138e-08,9.00405406253908e-09,1.18601201087759e-08,1.76599376501824e-08,1.67353055873822e-08,1.35678817968286e-08,1.04364263073611e-08,1.66155197056102e-08,1.97552003131195e-08,2.10227572245459e-08,3.3231702853602e-08,7.61049024094753e-09,1.23438648351432e-08,6.92443776049532e-09,1.50932234650907e-08,1.0029929600919e-08,1.18500172245441e-08,9.46279791470241e-09,4.94995044888449e-09,2.89317196016037e-09,7.40888970419024e-09,5.03226758219253e-09,6.61696691807876e-09,4.13830032270136e-09,2.23064424472449e-09,2.5835014703831e-09,4.14162477554382e-09,2.89761478665063e-09,4.38564267780049e-09,1.90456920570585e-09,2.31727080388443e-09,1.00334525521111e-09,2.32467579318704e-09,2.51423489713902e-09,2.37325492465527e-09,2.08065358707235e-09,8.82301529801564e-10,1.12189468882451e-09,2.11907675486346e-09,1.28320724134486e-09,2.37693263025935e-09
3.03527809792695e-09,3.18445710497695e-09,5.47837479461557e-09,3.30320634604959e-09,5.31818610742368e-09,5.02755400792692e-09,3.83478755244285e-09,6.35175868663462e-09,1.65506344511985e-08,6.51402945944904e-09,1.34999318931769e-08,1.31060191602454e-08,7.99605946022046e-09,2.0807900854998e-08,9.10320730446742e-09,1.652799267014e-08,1.75360192709542e-08,1.37126599693452e-08,2.71368536293013e-08,1.15485284006116e-08,6.28090984955586e-09,2.27724759631116e-08,1.13025291051239e-08,2.20733296683388e-08,8.74285615131008e-09,4.5211088465002e-09,4.71736292268285e-09,8.20598093981834e-09,4.83895745235324e-09,8.15055261882856e-09,3.60017332707675e-09,3.71854741774714e-09,2.49182218502595e-09,3.7477149064965e-09,4.12423451063568e-09,4.03522828240905e-09,2.9955385874857e-09,2.00988108225731e-09,1.69480944731165e-09,3.20807586728848e-09,2.39065636305351e-09,3.92750643965587e-09,1.69134549821527e-09,1.35169780735728e-09,1.54898345277923e-09,1.9472890901647e-09,1.85164198243428e-09,2.37364798275342e-09,2.06438016217878e-09,2.34843119593449e-09,3.23872114894313e-09,2.76560412865625e-09,3.60795378924171e-09,3.73975828055477e-09,3.27029071748866e-09,4.31845622258945e-09,8.74544966713296e-09,5.39774184969061e-09,8.51702754670543e-09,8.98735017164528e-09,5.60223995731184e-09,1.12470778058169e-08,5.76020669761659e-09,9.88291237427884e-09,8.83063937690102e-09,8.15994245595045e-09,1.43946665744824e-08,6.96881270431726e-09,3.77496166133209e-09,1.09980609411892e-08,6.92550009993526e-09,1.10154869395541e-08,5.25919542869945e-09,2.97064602999686e-09,3.09274996879766e-09,5.2281760651366e-09,2.76898981764024e-09,4.6256260045488e-09,2.44842744580638e-09,2.5061190757277e-09,1.48609947430182e-09,2.45871726530819e-09,2.61246291811807e-09,2.26644348523181e-09,1.89741276367711e-09,1.22055737491643e-09,1.16576850754923e-09,2.02101296380211e-09,1.49611854442018e-09,2.9031862118596e-09,1.06538879238819e-09,9.81271858497146e-10,1.07396023765479e-09,1.2130123739055e-09,1.49913081955913e-09,1.47561197288976e-09
2.40075836007502e-09,2.98187390480435e-09,3.32489543673893e-09,3.76933160775946e-09,3.13183829278092e-09,3.51483170510389e-09,3.44830346400077e-09,3.71946849786692e-09,7.57227152995284e-09,3.74924648644719e-09,7.4838088228125e-09,7.21595913652925e-09,4.47409852817492e-09,9.09563955551317e-09,2.42289525288444e-08,8.91920003726627e-09,1.96630834083337e-08,1.90862152199342e-08,1.15485284006116e-08,2.99232170249229e-08,1.30517118695404e-08,2.40229844595497e-08,2.39609246223988e-08,1.9014793554173e-08,2.23897135468043e-08,9.04558118205061e-09,4.47991801069737e-09,1.71953645699259e-08,8.89858713068058e-09,1.62320376505895e-08,7.05323537746523e-09,3.44453620863837e-09,4.49680949760975e-09,6.77587471835127e-09,3.82026203771587e-09,6.8422204191601e-09,2.65454600635534e-09,3.7254112762592e-09,2.02794955665718e-09,2.79471664716019e-09,4.14251611081624e-09,3.20653516405293e-09,3.21736806576112e-09,1.6820776960633e-09,1.76521291267204e-09,3.51091378859693e-09,2.06992870727903e-09,3.84041148954105e-09,2.08098654425288e-09,2.86497550798397e-09,2.32441171138609e-09,3.53999689205086e-09,2.06126106167573e-09,2.08754240760773e-09,3.18919159457731e-09,2.71919684515696e-09,5.1780614629636e-09,2.77916006403319e-09,6.15022941500734e-09,5.29887410290248e-09,3.05826028586834e-09,6.57382462611052e-09,1.6490759573065e-08,6.51025084307786e-09,1.31024087716525e-08,1.24781821992586e-08,7.61484822402032e-09,1.95990972370453e-08,7.56591851685095e-09,1.46208906644263e-08,1.62419381296762e-08,1.16924584270701e-08,1.49474305043051e-08,5.36524374997815e-09,3.19369996239326e-09,1.19652716483734e-08,5.25052902716475e-09,1.03377464122031e-08,4.35990688032308e-09,2.68283847859800e-09,2.56775530156046e-09,4.35318806197864e-09,2.78117492417302e-09,4.12215991913467e-09,2.08220750839106e-09,2.31426578948721e-09,1.3096058427935e-09,2.21131244407876e-09,2.6885145975292e-09,2.44130724648918e-09,2.0503177370948e-09,1.05925001427857e-09,1.22850834077658e-09,2.10202716052112e-09,1.58226178618706e-09,2.58232248116753e-09
1.83091959999166e-09,1.98825855636108e-09,3.3620711311468e-09,2.38239844575037e-09,3.85798391871051e-09,4.0880448709015e-09,2.40055055276086e-09,3.78367135154923e-09,3.79319022611109e-09,4.28015481305579e-09,4.04891601015552e-09,4.23236856681184e-09,5.07075641488979e-09,4.93499500781641e-09,1.0681890750242e-08,5.60814792786934e-09,1.02947426305769e-08,1.06092027326965e-08,6.28090984955586e-09,1.30517118695404e-08,2.97835720577857e-08,1.24741050132495e-08,2.44673079052091e-08,2.33601090511741e-08,9.05535364893635e-09,2.05483086760628e-08,8.57994385832222e-09,1.62038543506789e-08,1.71506162247056e-08,1.33437639744597e-08,1.64158702231436e-08,6.64322750002051e-09,3.6001946604103e-09,1.32839531218469e-08,6.64438116465779e-09,1.30954297733749e-08,4.78469259804644e-09,2.65483549692773e-09,2.88673226728797e-09,4.54862536467612e-09,2.84399013869183e-09,4.73471901521231e-09,2.28317088189187e-09,2.55650715574042e-09,1.72838654290342e-09,2.38220405045816e-09,3.07516186612599e-09,2.78714188777306e-09,1.38023886703668e-09,1.59040524265531e-09,1.63096345649689e-09,1.99604233955156e-09,2.51908248466257e-09,2.8192210197926e-09,1.70317511848497e-09,1.82359533547539e-09,2.08663502772378e-09,2.48712441869381e-09,2.72456204148034e-09,2.4952136315611e-09,2.57588085486207e-09,2.67690176892341e-09,7.48961267747248e-09,2.5818066983713e-09,6.90340193166187e-09,6.41492529873517e-09,3.15915513107247e-09,8.76210620166262e-09,1.8434451006414e-08,7.82251179658891e-09,1.71412881944773e-08,1.59582789716827e-08,6.28739688060876e-09,1.31144562155211e-08,5.35123907148135e-09,1.15974820207197e-08,1.08475435242796e-08,1.00604206312517e-08,1.07677442838735e-08,4.19029900025871e-09,2.00677317032741e-09,8.96581850937547e-09,3.87851059758920e-09,8.41982673522106e-09,3.10505076361322e-09,1.36215576528454e-09,1.42790269491016e-09,2.53567119337847e-09,1.44550960087102e-09,2.65706880107509e-09,1.27230520976202e-09,1.20962918605322e-09,1.04322315449409e-09,1.25758163808653e-09,1.56850952003562e-09,1.37023178957069e-09
3.48993689298197e-09,3.12428762356166e-09,5.53572330920153e-09,3.5711790694382e-09,5.11200315397513e-09,5.19732078670324e-09,3.71166443126075e-09,6.33283319238422e-09,1.39295463843686e-08,6.30443956592309e-09,1.11349983005162e-08,1.04691730218726e-08,7.83299714545999e-09,1.75292882708488e-08,1.96658678745307e-08,1.35836381713306e-08,3.06149681820385e-08,2.53260223310706e-08,2.27724759631116e-08,2.40229844595497e-08,1.24741050132495e-08,3.84676932270739e-08,1.90959766147101e-08,3.22532132523096e-08,1.80726095095707e-08,8.85014490237147e-09,4.54662556959258e-09,1.37976129768623e-08,8.6298397414927e-09,1.30615068762548e-08,6.96636606567545e-09,3.55836311972945e-09,4.61915642435614e-09,6.58171093547052e-09,4.08407853584222e-09,6.73287525279476e-09,2.72619096806753e-09,3.76688981662398e-09,2.28526019935258e-09,2.91646250321238e-09,4.18822707335487e-09,3.41179952325986e-09,3.29300464771214e-09,1.91629463071006e-09,1.78969077263155e-09,3.59140367542275e-09,2.29812215656657e-09,3.92602239797183e-09,2.90162071550196e-09,3.02983622605856e-09,3.81789347838395e-09,3.51333865529276e-09,3.94098793888146e-09,3.58738887868035e-09,3.75591437668178e-09,4.72431031007484e-09,8.13353000683373e-09,5.59254652945649e-09,8.35727235868736e-09,8.13476246991694e-09,5.55792272555356e-09,1.02353087563987e-08,1.37557190521732e-08,9.48642851641463e-09,1.81369000315007e-08,1.66805028129859e-08,1.21821488340264e-08,1.57994995378312e-08,7.09838536476482e-09,2.09760983123098e-08,1.28274822485414e-08,1.75048617972437e-08,1.21125198050998e-08,5.22960933868232e-09,3.36508985487318e-09,9.49777180035409e-09,5.02973470304198e-09,8.08905664785146e-09,4.28298576572989e-09,2.80857397597746e-09,2.9358254713858e-09,4.30435128278722e-09,3.06747889821538e-09,3.99771848156075e-09,2.22780396049569e-09,2.51444552418441e-09,1.0852959253858e-09,2.37086434050222e-09,2.62752950888464e-09,2.65785778511855e-09,2.27194936931024e-09,9.32542383914035e-10,1.0437188025746e-09,2.21619798341784e-09,1.55161482905299e-09,2.62159553891004e-09
2.28555216038116e-09,3.11666359609043e-09,3.18761398894254e-09,3.9047340707422e-09,3.02817302345123e-09,3.35382702438368e-09,3.71884742801561e-09,3.48632921914659e-09,6.91964679641552e-09,3.44284779196466e-09,6.86559636133969e-09,6.38182303233409e-09,4.4399101114833e-09,8.5095585821425e-09,1.88850295765606e-08,8.47859645238711e-09,1.51420503909702e-08,1.47326593242589e-08,1.13025291051239e-08,2.39609246223988e-08,2.44673079052091e-08,1.90959766147101e-08,3.85376680319449e-08,3.17620179965173e-08,1.72020191224699e-08,1.61964287466623e-08,8.32412308968232e-09,2.61873915759517e-08,1.33399875592425e-08,2.19530046652514e-08,1.28985158999257e-08,6.34085372456763e-09,3.80317062452707e-09,1.02420025004246e-08,6.43521008113329e-09,1.01003357534988e-08,4.44753144500811e-09,2.74726529777837e-09,3.32132048296676e-09,4.22931867134891e-09,3.0832564186435e-09,4.63148015933106e-09,2.32368423686964e-09,2.81495191061062e-09,2.11267671401324e-09,2.4889519283652e-09,3.32401858913946e-09,2.9945442008328e-09,1.46614089953654e-09,2.40394320428044e-09,1.65899393253013e-09,3.24720922356057e-09,1.43597994839893e-09,1.72993892101294e-09,2.8036281061261e-09,1.8710955480627e-09,4.44145522952141e-09,1.91140329741729e-09,4.9735130979414e-09,4.38379581920974e-09,2.70998141957767e-09,5.35688232656424e-09,1.312970126028e-08,5.27130743583416e-09,9.52795929048009e-09,9.28879257267898e-09,6.38037479828241e-09,1.58319777923592e-08,1.54685484754375e-08,1.12166781073781e-08,2.61386237430671e-08,2.05346643752371e-08,1.15159560264481e-08,1.08235411161591e-08,5.73267419333387e-09,1.82434613351971e-08,8.97225621137361e-09,1.51008820479904e-08,8.70385219424723e-09,4.44096986219483e-09,1.94699039924769e-09,7.25875546601009e-09,4.22991721969196e-09,6.74720079490807e-09,3.05019923081434e-09,1.48820311030604e-09,2.05599379769572e-09,2.8172485666857e-09,1.93523529453556e-09,3.27143374779323e-09,1.45756866287904e-09,1.59622130517401e-09,1.50297548713078e-09,1.47997136594051e-09,2.22433783798702e-09,1.95366427939308e-09
3.65409709760676e-09,3.21795068040199e-09,5.03251690293165e-09,3.51484222671058e-09,4.78698100292000e-09,4.73783740408532e-09,3.87322575561674e-09,5.62043653781028e-09,1.28357274803795e-08,5.58765459529492e-09,1.00197830064468e-08,9.16437750994006e-09,7.2667035223638e-09,1.65813879933587e-08,1.50498255436047e-08,1.2605514783954e-08,2.50215804964573e-08,2.01158561530897e-08,2.20733296683388e-08,1.9014793554173e-08,2.33601090511741e-08,3.22532132523096e-08,3.17620179965173e-08,4.81190418091081e-08,1.36381588944847e-08,1.58999962328196e-08,8.09220553693055e-09,2.16392479160194e-08,1.30010869402359e-08,1.78900455589387e-08,1.2733552121527e-08,6.19137479727361e-09,3.95137813777929e-09,9.99421023076123e-09,6.36347912163981e-09,9.82712918893862e-09,4.41872487567898e-09,2.9129262083949e-09,3.60030827082329e-09,4.17591734641567e-09,3.28498282410816e-09,4.64974534829165e-09,2.44576485181667e-09,3.07987636260144e-09,2.30586891856062e-09,2.66784111623522e-09,3.74448867478623e-09,3.17288227035828e-09,2.50244716745193e-09,2.75468093664888e-09,2.8375198140103e-09,3.17120586970878e-09,3.46137930589308e-09,3.09665227865756e-09,3.49581454779454e-09,3.43467877953126e-09,7.5021597029109e-09,4.71885852543518e-09,7.4413969889858e-09,7.53168431751436e-09,4.78610444114651e-09,9.32327246851441e-09,1.02927402924436e-08,8.65379950134316e-09,1.35624914215675e-08,1.2744139354018e-08,1.15381061219406e-08,1.2236381824371e-08,1.46924799408411e-08,1.6933313615948e-08,2.15713078875623e-08,2.83192343551957e-08,8.75058883029685e-09,1.06867221005077e-08,5.88091742856942e-09,1.50316825581641e-08,8.83294579172018e-09,1.21630598181776e-08,8.60383077580324e-09,4.53192344702731e-09,2.44675570944065e-09,7.25339252767221e-09,4.82389769719625e-09,6.87618288692154e-09,3.32154268143969e-09,1.87052931547209e-09,1.91488681008364e-09,3.32078987595581e-09,1.96172061105026e-09,3.53932322301326e-09,1.76768032031728e-09,1.46761475631788e-09,1.54344809093549e-09,1.58227633782021e-09,2.43760071547585e-09,2.1079039161989e-09
1.82128597430612e-09,2.38372095441566e-09,2.61569132792981e-09,3.07096944227194e-09,2.40817474032216e-09,2.72143544673339e-09,2.72547452421769e-09,2.82991257500097e-09,5.7519710230284e-09,2.85300468038632e-09,5.72278612353932e-09,5.48954502147601e-09,3.40149737406734e-09,6.90816767958255e-09,1.84432230339444e-08,6.75113557151774e-09,1.4897896931259e-08,1.42763129516913e-08,8.74285615131008e-09,2.23897135468043e-08,9.05535364893635e-09,1.80726095095707e-08,1.72020191224699e-08,1.36381588944847e-08,2.75341854871305e-08,1.08531719756282e-08,5.45484817452634e-09,2.16565705556037e-08,1.07961971064332e-08,2.0428596807387e-08,8.44691268402216e-09,4.15590992460271e-09,5.11972592453438e-09,8.21603494047515e-09,4.56645018349565e-09,8.51315791974462e-09,3.16689997278853e-09,4.19080372344810e-09,2.45037191603502e-09,3.4038764827004e-09,4.74900865393329e-09,3.76045726283365e-09,3.61687470634638e-09,2.03468369450046e-09,2.07862782190498e-09,4.02848097236271e-09,2.58873351996584e-09,4.53378907001819e-09,1.65128987656751e-09,2.20141875270895e-09,1.99220652275416e-09,2.96126038505836e-09,1.53779215467278e-09,1.87672863089723e-09,2.44870675063733e-09,2.16965492896404e-09,4.05768918336001e-09,1.9903772113916e-09,4.8128974829209e-09,4.04856336178054e-09,2.45624184042612e-09,5.0961910662267e-09,1.25918144183534e-08,5.04829285332464e-09,9.7849582241254e-09,9.52895968969103e-09,5.79646653018117e-09,1.49485650326499e-08,5.37378710339136e-09,1.07357180372099e-08,1.19738830585778e-08,8.13862074726909e-09,1.77748517730133e-08,6.47823522468771e-09,3.22506579135331e-09,1.395967167739e-08,6.57136721979515e-09,1.22915446985331e-08,5.28354769493325e-09,2.91636416238383e-09,2.88863726191768e-09,5.48837967018649e-09,2.84116780669072e-09,5.35366960375621e-09,2.28227869838199e-09,2.50937484480815e-09,1.72393679870661e-09,2.32673582947986e-09,3.02137033738384e-09,2.71128699005107e-09,2.2431735072687e-09,1.43176468923822e-09,1.40677221632397e-09,2.46972286624087e-09,1.85417356577445e-09,2.98375115367827e-09
1.41215944747081e-09,1.50867845982864e-09,2.69209015417159e-09,1.94887298312471e-09,3.0835388200675e-09,3.37257272115865e-09,1.85010153654303e-09,3.0347930402979e-09,2.81244325129599e-09,3.44366131708351e-09,3.05827442664493e-09,3.17119210697852e-09,3.83658914977821e-09,3.5794547522503e-09,7.64424431754942e-09,4.00992850140146e-09,7.40061434014274e-09,7.48551642235453e-09,4.5211088465002e-09,9.04558118205061e-09,2.05483086760628e-08,8.85014490237147e-09,1.61964287466623e-08,1.58999962328196e-08,1.08531719756282e-08,2.32946315137884e-08,9.73006002639826e-09,1.92473492825629e-08,1.96121549503261e-08,1.59235160632861e-08,1.83888345300333e-08,7.44142740583409e-09,4.01544935076093e-09,1.50489164708259e-08,7.41232619006375e-09,1.48030639105568e-08,5.49454697168687e-09,3.02088979476508e-09,3.53059042921923e-09,5.28886020746828e-09,3.26925529141597e-09,5.36925720421051e-09,2.51661677017819e-09,3.06687444933465e-09,2.05706173985677e-09,2.67818907150041e-09,3.63311181314579e-09,3.15271115453829e-09,1.05228142368977e-09,1.07825003220698e-09,1.34361139004296e-09,1.62744847610706e-09,2.04072062596449e-09,2.36075866208734e-09,1.24467729364891e-09,1.44870985729573e-09,1.64738427258941e-09,2.00594201531219e-09,2.20784786215462e-09,2.12852037330234e-09,1.88857824568479e-09,2.12578569505293e-09,5.42306493631021e-09,2.19193376424028e-09,5.14407567425649e-09,4.9666263912166e-09,2.50769985316963e-09,6.28233610167367e-09,1.31182418065332e-08,5.64817159008962e-09,1.15964130119526e-08,1.1207411988368e-08,7.10751669434376e-09,1.39124639054522e-08,5.47181607823176e-09,1.29876660279958e-08,1.18808518378846e-08,1.13394937486029e-08,1.1580386220061e-08,4.48103227404382e-09,2.09416461079707e-09,9.78097752347561e-09,3.92099827092972e-09,9.00934308329234e-09,3.47752880977432e-09,1.47189622461659e-09,2.00176282755907e-09,2.6702270231383e-09,1.90658408297928e-09,3.07763920300702e-09,1.36001317969189e-09,1.65947057717675e-09,1.11800982440418e-09,1.64272353610174e-09,1.85740309081425e-09,1.62282208128444e-09
1.21305734031251e-09,1.59613912542554e-09,2.02242936273362e-09,1.68345912453877e-09,2.29913158970108e-09,2.20067611777736e-09,1.81080308423764e-09,2.26509577287409e-09,3.20467226428107e-09,2.61645080715721e-09,3.97333406373321e-09,4.35482016278483e-09,2.52205185871322e-09,3.88558853619067e-09,3.9454480740754e-09,4.44394947231452e-09,3.97468827550806e-09,4.30213153169513e-09,4.71736292268285e-09,4.47991801069737e-09,8.57994385832222e-09,4.54662556959258e-09,8.32412308968232e-09,8.09220553693055e-09,5.45484817452634e-09,9.73006002639826e-09,2.38406210055792e-08,9.73696747030841e-09,1.90930708535315e-08,1.82523891442205e-08,7.44556717710109e-09,1.73961980120934e-08,6.69349546701657e-09,1.38510351377309e-08,1.40624777659409e-08,1.11090508355885e-08,1.33063100178542e-08,4.95096194009922e-09,2.79549175863342e-09,1.04420761952783e-08,5.07090315633574e-09,1.05835562995255e-08,3.86527985900745e-09,2.2098306231766e-09,2.86902913248614e-09,3.84186389944254e-09,2.64081623272186e-09,4.1191065400319e-09,1.03482074317015e-09,9.93766616856448e-10,1.42156169537217e-09,1.40177484323434e-09,1.62594170416165e-09,1.75431610575183e-09,8.01890256744472e-10,1.32859113047772e-09,1.54169033755019e-09,1.3007403794262e-09,2.67478987465499e-09,2.13591005662061e-09,1.56185318259435e-09,1.48588052626352e-09,2.91187837359091e-09,2.3251278572175e-09,2.50150578628817e-09,2.99030289601019e-09,1.77498879814953e-09,3.45590971221106e-09,6.42870602190116e-09,2.5715080867447e-09,6.65797195642194e-09,5.7573569725748e-09,4.28193547725817e-09,6.81968864856564e-09,1.36347998781275e-08,7.18943907888454e-09,1.24328035309645e-08,1.28433864675102e-08,5.24785931047499e-09,1.02131509419182e-08,4.13359580827678e-09,9.31923091536654e-09,8.14500004438807e-09,7.38815499003937e-09,7.74460068338853e-09,3.01424463603427e-09,1.87362679449951e-09,5.8889721290961e-09,3.49731416628923e-09,6.67191800364658e-09,2.39129791955023e-09,1.3890257566113e-09,1.82205987449966e-09,2.59943091692629e-09,1.59887584660687e-09,2.6217993255068e-09
1.69196931920033e-09,2.45359260951212e-09,2.45283058093937e-09,3.14698842201427e-09,2.32374048468633e-09,2.60310355652757e-09,2.92227394708994e-09,2.59747359123734e-09,5.13725254216904e-09,2.6176364590098e-09,5.1567630573729e-09,4.82733910102246e-09,3.21053955368003e-09,6.31835172604298e-09,1.38961954421859e-08,6.26981985125523e-09,1.10298724796882e-08,1.05906055375279e-08,8.20598093981834e-09,1.71953645699259e-08,1.62038543506789e-08,1.37976129768623e-08,2.61873915759517e-08,2.16392479160194e-08,2.16565705556037e-08,1.92473492825629e-08,9.73696747030841e-09,3.25215864011375e-08,1.59153244327575e-08,2.72660105864177e-08,1.51044025973763e-08,7.32504141179142e-09,4.35342762209657e-09,1.20840380109392e-08,7.36078653798638e-09,1.20660938974613e-08,5.28070169019184e-09,3.21951317687722e-09,4.07462270425585e-09,5.07912412157767e-09,3.65936823764875e-09,5.39042494233555e-09,2.64426180622428e-09,3.41219524708932e-09,2.4800919422368e-09,2.92696614475339e-09,4.00194951053303e-09,3.52674109572713e-09,1.07708223369709e-09,1.75850668528964e-09,1.44121365815344e-09,2.63250211136521e-09,1.05924515357581e-09,1.61315913683667e-09,2.14281804972377e-09,1.39063080600138e-09,3.40585986279502e-09,1.33291901100406e-09,3.82934636845931e-09,3.47386265237924e-09,1.97942059450393e-09,4.12691011613655e-09,9.70632514408122e-09,4.10111104714506e-09,6.96306482477785e-09,6.87660131279671e-09,5.04123658323005e-09,1.15133719643684e-08,1.08326105737235e-08,7.84885590736126e-09,1.82492767703225e-08,1.43062286938274e-08,1.36457438473439e-08,1.190760933995e-08,5.67238529268232e-09,2.1119025373759e-08,1.02307067841677e-08,1.76819058724392e-08,9.66527866857453e-09,4.737841310889e-09,2.20689795943565e-09,8.30049263546442e-09,4.2119711548487e-09,7.82448361232135e-09,3.38441165899754e-09,1.69916445688255e-09,2.6995292154401e-09,2.87394492602327e-09,2.36559343346608e-09,3.61526280021141e-09,1.60811357159047e-09,2.13566242660292e-09,1.58035884225939e-09,1.86898078469761e-09,2.58385073918884e-09,2.20292190912393e-09
1.78339530664311e-09,1.88835516186599e-09,3.25841742959213e-09,2.26842274347446e-09,3.73888652132259e-09,3.95711622118165e-09,2.18204584571181e-09,3.60544783867652e-09,3.27019764856288e-09,4.1265987356386e-09,3.76484060249584e-09,3.98307600456833e-09,4.43352614322792e-09,3.86023217815244e-09,7.54220767715166e-09,4.60445896048923e-09,7.24834612312598e-09,7.5056176052915e-09,4.83895745235324e-09,8.89858713068058e-09,1.71506162247056e-08,8.6298397414927e-09,1.33399875592425e-08,1.30010869402359e-08,1.07961971064332e-08,1.96121549503261e-08,1.90930708535315e-08,1.59153244327575e-08,3.14424361295795e-08,2.61781529896274e-08,1.50520863678897e-08,1.38480768119114e-08,6.47167820738476e-09,2.31797929203828e-08,1.12654297380894e-08,1.98879413694531e-08,1.04859587793828e-08,4.77004501459974e-09,3.03641235413895e-09,8.16903372496531e-09,4.93621580250594e-09,8.18291819315298e-09,3.85878097765944e-09,2.48348778031086e-09,3.35993646240028e-09,3.91138158113903e-09,3.09286610401373e-09,4.39192724127767e-09,1.35133737191013e-09,1.37746395398123e-09,1.78195186095565e-09,1.87917654165553e-09,2.45822303913312e-09,2.68231744063458e-09,1.2270027641891e-09,1.80369691601842e-09,1.82170387865893e-09,2.17515465510267e-09,2.56923311102487e-09,2.40307258327141e-09,2.16174419536021e-09,2.0988714337373e-09,5.68411668099293e-09,2.48342369870114e-09,4.8856203699168e-09,5.05756848070152e-09,2.4033690753749e-09,6.6059810811578e-09,1.08978777181766e-08,5.24020346224281e-09,1.01016607866574e-08,9.02243900303839e-09,7.76166420403776e-09,1.15724354729989e-08,1.10049162401676e-08,1.09129132754455e-08,1.86180181064657e-08,1.80541591154147e-08,9.57713612158928e-09,8.28893878260555e-09,3.77391903596519e-09,1.48059871995791e-08,6.14260871525977e-09,1.19553160711231e-08,6.59264991988194e-09,2.78499705863476e-09,1.69750135060534e-09,4.54338910255883e-09,3.18468069138428e-09,4.95517825536405e-09,2.42948579527921e-09,1.31129029633471e-09,2.09152663495104e-09,2.59115287555419e-09,1.68220966130844e-09,2.76419981012184e-09
1.96035957982054e-09,2.79703293868117e-09,2.96361359018181e-09,3.45449801774762e-09,3.00007413272901e-09,3.12065584826181e-09,3.13738496115343e-09,3.13346333409092e-09,5.43252202279721e-09,3.21102134670536e-09,5.65663298238786e-09,5.43026999868049e-09,3.79848366695161e-09,6.34814731081102e-09,1.32555087551052e-08,6.62998430954918e-09,1.05371659775687e-08,1.03545131936022e-08,8.15055261882856e-09,1.62320376505895e-08,1.33437639744597e-08,1.30615068762548e-08,2.19530046652514e-08,1.78900455589387e-08,2.0428596807387e-08,1.59235160632861e-08,1.82523891442205e-08,2.72660105864177e-08,2.61781529896274e-08,3.97688192589983e-08,1.20929560430257e-08,1.30410071057416e-08,6.42614744369591e-09,1.90088755009971e-08,1.06509685573615e-08,1.61912373256949e-08,9.74907161745278e-09,4.7524401858605e-09,3.53179062797891e-09,7.55672938908024e-09,5.14483331900694e-09,7.82503702482414e-09,3.76479117482504e-09,2.82273397025177e-09,3.72644022443616e-09,4.02168832295324e-09,3.41175130356103e-09,4.52610722192518e-09,1.31660432135822e-09,2.04231260699361e-09,1.75661171848115e-09,2.84164190120015e-09,1.62673251480719e-09,1.94130985694657e-09,2.08171417096719e-09,1.5571811569814e-09,3.65916410229619e-09,1.49152609208437e-09,4.1089965896578e-09,3.93258542053315e-09,2.00397847119571e-09,4.1289488306095e-09,9.44855953335188e-09,4.18589197343503e-09,6.81020038216886e-09,6.69569753327353e-09,4.79204104533385e-09,1.11762660998692e-08,8.79352640241479e-09,7.34204047270787e-09,1.57998268009955e-08,1.19189264597065e-08,1.30740456380059e-08,9.73506324134206e-09,1.05151150843148e-08,1.74875841810839e-08,1.58886968761484e-08,2.50687595542571e-08,7.8168416017984e-09,7.8594364927428e-09,3.84005075599566e-09,1.24124241168081e-08,6.29728432219061e-09,1.04367017645875e-08,5.8360158243311e-09,3.01750855762609e-09,2.50355072430466e-09,4.60481815997358e-09,3.69330185217663e-09,5.29835851258018e-09,2.72204228389076e-09,1.94790345885953e-09,2.41472486519135e-09,2.946732534663e-09,2.51826501769261e-09,3.35316074964026e-09
1.11403269566356e-09,1.28829749777968e-09,2.16898110796988e-09,1.58145514185017e-09,2.56101508470069e-09,2.71934978081059e-09,1.52287212694527e-09,2.43369789936719e-09,2.18752728693882e-09,2.8386169877163e-09,2.38627077216918e-09,2.54968646689759e-09,3.0157482966062e-09,2.83336670273941e-09,6.02015037501727e-09,3.15862191085483e-09,5.85215190199855e-09,5.9933209717816e-09,3.60017332707675e-09,7.05323537746523e-09,1.64158702231436e-08,6.96636606567545e-09,1.28985158999257e-08,1.2733552121527e-08,8.44691268402216e-09,1.83888345300333e-08,7.44556717710109e-09,1.51044025973763e-08,1.50520863678897e-08,1.20929560430257e-08,2.12943069859055e-08,8.43710611450525e-09,4.33826200022471e-09,1.73355181503271e-08,8.37935116694165e-09,1.7021363547125e-08,6.05811030283507e-09,3.25285980052554e-09,4.00238526619303e-09,5.9387018401813e-09,3.73339703370362e-09,6.31593386952459e-09,2.69223686394e-09,3.42528448226966e-09,2.32059715962626e-09,3.03890640800462e-09,4.10209321681735e-09,3.65706495159289e-09,9.68432208784379e-10,8.87328337351391e-10,1.11713442010355e-09,1.40011649363387e-09,1.72679561108574e-09,2.0370467770853e-09,1.0587272003191e-09,1.26646177970238e-09,1.36541043169032e-09,1.70071575967314e-09,1.90818275536944e-09,1.79983416416252e-09,1.72020636030653e-09,1.73842358523936e-09,4.37971695835959e-09,1.95663380803534e-09,4.24322431032644e-09,4.29976105816353e-09,2.06761653995515e-09,5.0877811660683e-09,1.07715747648003e-08,4.6267431529321e-09,9.15988995025433e-09,8.89186661741752e-09,5.57241748584459e-09,1.15793188553536e-08,4.4795461421097e-09,1.00090940509911e-08,9.77851630546876e-09,8.56091735814043e-09,1.38770825623449e-08,5.41545753763129e-09,2.38835616294595e-09,1.17568555771889e-08,4.74260970450059e-09,1.07899600614415e-08,4.02277690744753e-09,1.70811288662273e-09,2.25273554155367e-09,3.33685490213924e-09,2.39239826775804e-09,3.8740450027133e-09,1.57307615239677e-09,1.88077564522718e-09,1.51013797784372e-09,2.05165045483059e-09,2.26342794546243e-09,2.18850271042628e-09
9.96804567228053e-10,1.32473311553059e-09,1.63723754321164e-09,1.39907243521798e-09,1.90153079875442e-09,1.82205491592603e-09,1.48643999120869e-09,1.81730540140635e-09,2.60076688745507e-09,2.12672723152254e-09,3.21501685232343e-09,3.58876230422637e-09,1.97568102226287e-09,3.16437954880132e-09,3.03970208040756e-09,3.57598151636846e-09,3.14020799740325e-09,3.45805138910048e-09,3.71854741774714e-09,3.44453620863837e-09,6.64322750002051e-09,3.55836311972945e-09,6.34085372456763e-09,6.19137479727361e-09,4.15590992460271e-09,7.44142740583409e-09,1.73961980120934e-08,7.32504141179142e-09,1.38480768119114e-08,1.30410071057416e-08,8.43710611450525e-09,1.92260412689464e-08,7.37781198415909e-09,1.56695379749476e-08,1.58240324666562e-08,1.28108461629472e-08,1.45208337994725e-08,5.46542860849685e-09,3.11998858992226e-09,1.17008875792819e-08,5.62467098699167e-09,1.18965946685682e-08,4.29013960806542e-09,2.443926666825e-09,3.01292478941653e-09,4.29624177981218e-09,2.93339554494672e-09,4.65622824092483e-09,8.78876942588417e-10,8.2214592526667e-10,1.15683941802077e-09,1.12096174643454e-09,1.30410302701577e-09,1.42488629667417e-09,7.43011740513645e-10,1.07577543979837e-09,1.28526808885346e-09,1.05150989352309e-09,2.25898302109455e-09,1.84458588124828e-09,1.30836581858184e-09,1.26848324216043e-09,2.33382328130236e-09,2.08849110407244e-09,2.00287376994267e-09,2.58229011123579e-09,1.54934605976392e-09,2.72949346927284e-09,4.90703406445838e-09,2.04109574027238e-09,5.05747933482031e-09,4.30732203370146e-09,3.42698840671359e-09,5.24555083612773e-09,1.02103320380064e-08,5.4432587166863e-09,9.31483317063825e-09,9.22064436336665e-09,5.8586875860608e-09,1.18669876773477e-08,4.73838101085007e-09,1.07623666521526e-08,9.60509467115463e-09,8.59580362229786e-09,8.8784865089472e-09,3.46119382129175e-09,2.17147367714876e-09,6.99616505050378e-09,4.06398595440948e-09,7.88324084542929e-09,2.77625518860612e-09,1.61220273432754e-09,2.0301726516282e-09,3.02097189966788e-09,1.92235092659814e-09,3.09800317416419e-09
6.87738705191134e-10,9.63347437950234e-10,1.22147389260382e-09,9.99185624852797e-10,1.43094920032838e-09,1.40227556977139e-09,1.12024937924849e-09,1.32993640905453e-09,1.56318619838658e-09,1.63469010329846e-09,1.89556250170173e-09,2.25127291853646e-09,1.51838366185525e-09,2.08415616412475e-09,4.02452141865556e-09,2.30873700489158e-09,4.10573488500959e-09,4.2129349149527e-09,2.49182218502595e-09,4.49680949760975e-09,3.6001946604103e-09,4.61915642435614e-09,3.80317062452707e-09,3.95137813777929e-09,5.11972592453438e-09,4.01544935076093e-09,6.69349546701657e-09,4.35342762209657e-09,6.47167820738476e-09,6.42614744369591e-09,4.33826200022471e-09,7.37781198415909e-09,1.98222926371902e-08,7.10868354496734e-09,1.54163359260558e-08,1.46200418148645e-08,5.47118954148163e-09,1.47761913518337e-08,6.43132444807345e-09,1.09224669242275e-08,1.26095375135407e-08,9.20901832480365e-09,1.21170375858922e-08,5.15158602920978e-09,2.93088857631134e-09,1.01300157668058e-08,5.15024623075713e-09,9.91989105510073e-09,4.05816888885357e-10,6.36109039388613e-10,8.73469872273762e-10,7.28867616409217e-10,1.07041031525505e-09,1.14488269442841e-09,7.07940878874258e-10,7.75630113818122e-10,8.12607415413211e-10,8.17805996165484e-10,1.14058407888656e-09,1.41753824004917e-09,1.04547417156646e-09,1.13093880978412e-09,2.16925648505372e-09,1.39839953054753e-09,2.16855236510186e-09,2.52376682958023e-09,1.04159012809487e-09,2.5661641884086e-09,2.39974628798442e-09,2.03472301455282e-09,2.89680449514178e-09,2.23729274941583e-09,2.77538793362862e-09,2.60738844969315e-09,3.89969137435875e-09,2.8138799089836e-09,3.93518993336081e-09,3.51074289132811e-09,2.65962451194214e-09,4.4650922082221e-09,1.20497405537265e-08,4.45805786568675e-09,9.96292901266735e-09,9.59410096680822e-09,3.50753876168702e-09,9.179938311436e-09,4.13715496686635e-09,7.42045727254739e-09,8.10450921104841e-09,6.39647833692815e-09,7.54955832193965e-09,3.37960150037152e-09,2.01337898284459e-09,6.45691531728313e-09,3.14170773502267e-09,5.86332692626163e-09
1.42077337725887e-09,1.58022219240031e-09,2.64077751171228e-09,1.81270031085256e-09,3.12325348948846e-09,3.21719215650734e-09,1.8203003540732e-09,2.91293643282943e-09,2.50664225424416e-09,3.43617402976919e-09,2.91969386868514e-09,3.23580623087761e-09,3.41634941062914e-09,3.00653035422368e-09,5.77859226603459e-09,3.58332226241724e-09,5.55045922244214e-09,5.88493012581262e-09,3.7477149064965e-09,6.77587471835127e-09,1.32839531218469e-08,6.58171093547052e-09,1.02420025004246e-08,9.99421023076123e-09,8.21603494047515e-09,1.50489164708259e-08,1.38510351377309e-08,1.20840380109392e-08,2.31797929203828e-08,1.90088755009971e-08,1.73355181503271e-08,1.56695379749476e-08,7.10868354496734e-09,2.68524986131421e-08,1.28934521316857e-08,2.31356470978589e-08,1.15540124697241e-08,5.19976585278764e-09,3.50395385965811e-09,9.1824932437312e-09,5.55137823306808e-09,9.45785041161044e-09,4.19547270546765e-09,2.82916920237779e-09,3.64651522361034e-09,4.37527648195868e-09,3.51754205795052e-09,4.9329080385759e-09,1.26059616462644e-09,1.10102031531452e-09,1.4457812058404e-09,1.5648887296304e-09,2.07824657030654e-09,2.30120308319019e-09,1.10435438869132e-09,1.54896934194122e-09,1.5008111856034e-09,1.94099775465036e-09,2.23088621116825e-09,2.07706158588353e-09,1.92878413859774e-09,1.74330465278918e-09,4.37408088564133e-09,2.27111787506413e-09,3.85343590631104e-09,4.4608041216434e-09,2.03728117146996e-09,5.13122872530563e-09,8.92021169126475e-09,4.12639527751528e-09,7.83708024920785e-09,7.01645406281051e-09,5.97835063009807e-09,9.57460573090986e-09,8.28571829121952e-09,8.21619360734866e-09,1.48008609543083e-08,1.33150366321299e-08,1.10746362432981e-08,9.83637538353426e-09,4.26484284260663e-09,1.73422404083328e-08,7.41153939321398e-09,1.40146483205291e-08,7.48002006245863e-09,3.09174682015378e-09,2.1379280466667e-09,5.37485352284336e-09,3.7293269567003e-09,6.10369066858508e-09,2.65411928129793e-09,1.65707359872488e-09,2.44356414088467e-09,2.95385865574444e-09,2.10759231650544e-09,3.16273332570743e-09
8.95499187766469e-10,1.43442987306671e-09,1.85714163737285e-09,1.3953566379315e-09,2.23787609987576e-09,2.04105913209643e-09,1.6645877441809e-09,2.01336904795475e-09,2.94187670438181e-09,2.47902522890027e-09,3.66741257792405e-09,4.2228818377601e-09,2.19103376049974e-09,3.54079843635394e-09,3.38531605487459e-09,4.07238983519996e-09,3.54365277656888e-09,3.76466855316055e-09,4.12423451063568e-09,3.82026203771587e-09,6.64438116465779e-09,4.08407853584222e-09,6.43521008113329e-09,6.36347912163981e-09,4.56645018349565e-09,7.41232619006375e-09,1.40624777659409e-08,7.36078653798638e-09,1.12654297380894e-08,1.06509685573615e-08,8.37935116694165e-09,1.58240324666562e-08,1.54163359260558e-08,1.28934521316857e-08,2.69480044436066e-08,2.27241454604928e-08,1.17057427378026e-08,1.09188806290662e-08,6.10212008194678e-09,1.93716564594523e-08,9.40605032108933e-09,1.70926783726612e-08,8.6581243068123e-09,4.68898846582709e-09,3.22680436333478e-09,7.12935691647874e-09,4.93183189070575e-09,7.19638696869616e-09,6.60087798587888e-10,9.48328960914287e-10,1.24114445912902e-09,1.09857741094007e-09,1.44816659823829e-09,1.56224346263341e-09,9.03624876240087e-10,1.11628832698409e-09,1.10987076621214e-09,1.07258325172674e-09,1.98706483223058e-09,1.95025541558208e-09,1.42682315498831e-09,1.17456075689869e-09,2.34495625835315e-09,2.03826180434717e-09,2.54175224466544e-09,2.78673511250657e-09,1.26458192021081e-09,2.79367642312975e-09,5.38290101598364e-09,2.55074844041404e-09,5.09713776546424e-09,4.29610376720556e-09,3.00660205158824e-09,5.7916880158647e-09,8.02235704700991e-09,4.9758246527611e-09,7.6002535757761e-09,6.7861173155846e-09,6.29769347714682e-09,9.53082205481883e-09,1.01383268778383e-08,8.72092121180622e-09,1.69673339890501e-08,1.54787329029988e-08,7.14026649210636e-09,7.22481034840888e-09,3.95276239705774e-09,1.22077945517486e-08,6.63588915780451e-09,1.1588557154282e-08,5.85068802007816e-09,3.08264564352068e-09,2.312242036945e-09,5.00970646283708e-09,3.17006294876903e-09,4.71733846821121e-09
1.29683539787701e-09,1.71667266196278e-09,2.84922969002736e-09,1.87759569935028e-09,3.4189129084799e-09,3.40711376511759e-09,2.03663476077129e-09,3.14173981055634e-09,2.5901915639967e-09,3.77988245559459e-09,3.01937830759712e-09,3.56268946534759e-09,3.76556142954726e-09,3.21408810513648e-09,5.89728512327218e-09,3.85548877170895e-09,5.67746133940728e-09,5.95945372726189e-09,4.03522828240905e-09,6.8422204191601e-09,1.30954297733749e-08,6.73287525279476e-09,1.01003357534988e-08,9.82712918893862e-09,8.51315791974462e-09,1.48030639105568e-08,1.11090508355885e-08,1.20660938974613e-08,1.98879413694531e-08,1.61912373256949e-08,1.7021363547125e-08,1.28108461629472e-08,1.46200418148645e-08,2.31356470978589e-08,2.27241454604928e-08,3.5940901292489e-08,9.18363318774075e-09,1.02435818066456e-08,6.30568944767155e-09,1.58909152607496e-08,9.07690214827059e-09,1.41127732255552e-08,8.25088778130127e-09,4.93281056527763e-09,3.79086407191452e-09,7.02153082039868e-09,5.41425972923876e-09,7.36345903878729e-09,1.24378808223402e-09,1.27371042511698e-09,1.95210796285933e-09,1.8361532174612e-09,2.34082246225028e-09,2.7403632414568e-09,1.30384537360673e-09,2.0327288854194e-09,1.44300796015702e-09,2.12455788704562e-09,1.77680471401111e-09,1.92440106558209e-09,2.45429135927474e-09,1.72770967100057e-09,4.35962835261276e-09,2.11055567282716e-09,4.36898955220167e-09,4.33398836114883e-09,1.96091598371919e-09,5.11292305387193e-09,9.77816146778764e-09,4.58867665397502e-09,7.80306926796271e-09,7.11846116541607e-09,5.69961552802236e-09,1.06396679684961e-08,6.36414153093714e-09,7.87972648452884e-09,1.29933009364308e-08,1.05173424078632e-08,1.18183867947664e-08,7.66764144214744e-09,8.97850073132878e-09,1.48644459739934e-08,1.37590902571587e-08,2.26150300083409e-08,5.93379477163838e-09,6.34288771484067e-09,3.82557187506348e-09,9.92401509624305e-09,6.04806669643664e-09,9.43965663308743e-09,5.28992181187567e-09,2.99723801765493e-09,2.37995141311301e-09,4.71756469678501e-09,3.12427714777052e-09,4.43749098264896e-09
9.27669508033512e-10,9.9081822388724e-10,1.40794594464398e-09,1.09086274565656e-09,1.66928884282941e-09,1.6906311707725e-09,1.05346432442571e-09,1.4749268122853e-09,2.06087064884281e-09,1.63305207381545e-09,2.47990406874011e-09,2.66447343669714e-09,1.61295652575521e-09,2.47187353900019e-09,2.30630500799941e-09,2.78817247916883e-09,2.38302988426312e-09,2.68856471917151e-09,2.9955385874857e-09,2.65454600635534e-09,4.78469259804644e-09,2.72619096806753e-09,4.44753144500811e-09,4.41872487567898e-09,3.16689997278853e-09,5.49454697168687e-09,1.33063100178542e-08,5.28070169019184e-09,1.04859587793828e-08,9.74907161745278e-09,6.05811030283507e-09,1.45208337994725e-08,5.47118954148163e-09,1.15540124697241e-08,1.17057427378026e-08,9.18363318774075e-09,2.17687965631184e-08,7.79683654363283e-09,4.75426466667342e-09,1.9678293193016e-08,8.80434803473152e-09,2.13340943499632e-08,5.83469962348791e-09,3.35214724421838e-09,3.78581319239124e-09,6.15088259089286e-09,3.79215496988551e-09,6.18316689199065e-09,9.00117825164879e-10,7.72428555331283e-10,8.69129501287475e-10,1.01715514976299e-09,1.03558195576354e-09,1.22393462598762e-09,7.2190204873509e-10,8.2473063846791e-10,1.15329090646168e-09,1.07184576001293e-09,1.55195704521627e-09,1.44316941273435e-09,1.09120817787754e-09,1.10666912710581e-09,1.66543540607144e-09,1.46751563825966e-09,1.61026302017281e-09,2.06837554447304e-09,1.39356699848203e-09,2.06301511520928e-09,3.25377812397797e-09,1.65120392346799e-09,3.66651901345003e-09,3.35278346782104e-09,2.53711130527864e-09,3.68495787642607e-09,7.74110012060306e-09,4.06188793732501e-09,6.77404916910906e-09,6.71142788497473e-09,4.05424387974334e-09,8.8808624227754e-09,3.46300990056745e-09,7.70953901636059e-09,7.00193446001589e-09,5.90824126872036e-09,1.21259447222599e-08,5.40095135582868e-09,3.05890040240399e-09,1.14196855592706e-08,5.57815958832093e-09,1.12001905133554e-08,4.01564128855663e-09,2.25771401769125e-09,2.55816671900791e-09,4.21689389875301e-09,2.60102147492023e-09,4.29161376326491e-09
5.94988606514477e-10,6.93012680998231e-10,1.04410321078769e-09,7.6413237359925e-10,1.20862767171552e-09,1.25373727574102e-09,7.90977644424766e-10,1.09186310756479e-09,1.2791104700667e-09,1.29194948624072e-09,1.44053199436251e-09,1.73860140286231e-09,1.23414183948364e-09,1.67650713855697e-09,3.31555576949846e-09,1.75549250994805e-09,3.40308202804597e-09,3.47189290026886e-09,2.00988108225731e-09,3.7254112762592e-09,2.65483549692773e-09,3.76688981662398e-09,2.74726529777837e-09,2.9129262083949e-09,4.19080372344810e-09,3.02088979476508e-09,4.95096194009922e-09,3.21951317687722e-09,4.77004501459974e-09,4.7524401858605e-09,3.25285980052554e-09,5.46542860849685e-09,1.47761913518337e-08,5.19976585278764e-09,1.09188806290662e-08,1.02435818066456e-08,7.79683654363283e-09,1.83652157641028e-08,8.2474111106684e-09,1.47461321138182e-08,1.6088202988056e-08,1.3060037979097e-08,1.4755560032566e-08,6.18608591870734e-09,3.4567240043151e-09,1.24710194820503e-08,6.22033516245945e-09,1.21893399987733e-08,4.12035373215109e-10,5.90824299658361e-10,7.16704848774322e-10,6.07120438155171e-10,1.03615287602094e-09,1.03977116214951e-09,6.37509916217555e-10,6.66592797394669e-10,8.26460896349698e-10,9.67088988552311e-10,9.42182821898265e-10,1.41299939875401e-09,8.7133593118768e-10,1.20403063573801e-09,1.64666652180715e-09,1.12032800555428e-09,1.77874191986082e-09,2.023610025562e-09,1.21198330124718e-09,2.01315728745906e-09,1.63198492610583e-09,1.73067866870547e-09,2.16190724959143e-09,1.90835912317127e-09,2.14822330743239e-09,1.9245675482436e-09,3.07588523456384e-09,2.32898126182862e-09,3.04227536046847e-09,2.752233548196e-09,1.93767955582046e-09,3.50670403582837e-09,9.17840222275742e-09,3.4418866042583e-09,7.42200854332391e-09,7.16400334328421e-09,4.62208685264782e-09,1.19108886732902e-08,5.4968502571021e-09,9.71716451900888e-09,1.05795334131641e-08,8.36850623055051e-09,9.4412168113072e-09,4.2503796645379e-09,2.45141386933255e-09,8.17857678250635e-09,4.00463710223894e-09,7.59793402121866e-09
6.5063378641198e-10,5.53419036692342e-10,8.7445676887383e-10,6.83339059008737e-10,1.006361384007e-09,1.15554656359234e-09,6.44233498405731e-10,9.94006521940576e-10,1.19278300621639e-09,1.12634242515642e-09,1.29485274504046e-09,1.43462569662078e-09,1.1687425608725e-09,1.40383022200692e-09,1.77480479624045e-09,1.57198019500414e-09,1.92627198054716e-09,2.02322777281586e-09,1.69480944731165e-09,2.02794955665718e-09,2.88673226728797e-09,2.28526019935258e-09,3.32132048296676e-09,3.60030827082329e-09,2.45037191603502e-09,3.53059042921923e-09,2.79549175863342e-09,4.07462270425585e-09,3.03641235413895e-09,3.53179062797891e-09,4.00238526619303e-09,3.11998858992226e-09,6.43132444807345e-09,3.50395385965811e-09,6.10212008194678e-09,6.30568944767155e-09,4.75426466667342e-09,8.2474111106684e-09,2.15525645729604e-08,8.86694852044866e-09,1.82173286431245e-08,1.89440784918158e-08,6.19354850590416e-09,1.59400272779751e-08,8.14774668339917e-09,1.31153220294036e-08,1.41347693984806e-08,1.16054678390999e-08,5.86372061807729e-10,4.59303943321658e-10,8.91306420554214e-10,6.8067344206496e-10,1.22009358532289e-09,1.42740463002716e-09,5.8608605095192e-10,8.44338439646487e-10,7.74906840011637e-10,1.20809756488344e-09,1.03610649855183e-09,1.34064410076485e-09,9.23393053603772e-10,9.26135789942421e-10,1.15201135931309e-09,9.91143209392747e-10,1.10982212983955e-09,1.26253663070006e-09,1.00803647780735e-09,1.25267315837662e-09,1.51294449296584e-09,1.18497713479255e-09,2.1319897165929e-09,2.11918229452408e-09,1.15722662752525e-09,1.82472672319977e-09,1.76435925338279e-09,2.47670307807052e-09,2.04445014162397e-09,2.39903940699721e-09,1.9159171943367e-09,1.96625804711163e-09,3.99485720057334e-09,2.58027028755279e-09,4.09538618441923e-09,4.29801356338117e-09,2.59141230285239e-09,5.42084532161627e-09,1.40999629239112e-08,5.66053544123545e-09,1.20082559621109e-08,1.23630206301518e-08,4.11620456077617e-09,1.02544847975657e-08,5.97188994620622e-09,8.50892028120485e-09,9.53010081436336e-09,7.6921769592843e-09
7.85360016118592e-10,1.02494837768064e-09,1.51567824371507e-09,1.08439311818068e-09,1.86907672321427e-09,1.87793092109328e-09,1.18356572440778e-09,1.55124167063599e-09,2.29856320376901e-09,1.85652166095999e-09,2.70191774787292e-09,3.11747714469856e-09,1.68163154115767e-09,2.69632726347294e-09,2.39611428233639e-09,3.00735566992974e-09,2.56075985958922e-09,2.77496098171955e-09,3.20807586728848e-09,2.79471664716019e-09,4.54862536467612e-09,2.91646250321238e-09,4.22931867134891e-09,4.17591734641567e-09,3.4038764827004e-09,5.28886020746828e-09,1.04420761952783e-08,5.07912412157767e-09,8.16903372496531e-09,7.55672938908024e-09,5.9387018401813e-09,1.17008875792819e-08,1.09224669242275e-08,9.1824932437312e-09,1.93716564594523e-08,1.58909152607496e-08,1.9678293193016e-08,1.47461321138182e-08,8.86694852044866e-09,3.13294017488047e-08,1.40167785047301e-08,3.06428764208363e-08,1.10601256331573e-08,6.07896024652626e-09,4.07015432466237e-09,9.44604369675434e-09,6.42418523591434e-09,9.35978641082786e-09,7.13609375239863e-10,7.84850824697312e-10,9.4106214000502e-10,8.98171567541468e-10,1.27889623603269e-09,1.40089758968367e-09,8.25675548175311e-10,9.35472453578908e-10,1.10832053150738e-09,1.41138869539229e-09,1.3835438724582e-09,1.9688763537454e-09,1.21911080936796e-09,1.19815841154163e-09,1.41815219482971e-09,1.44839518272611e-09,1.78283777978689e-09,1.94242724246544e-09,1.32893129447105e-09,1.78776032864867e-09,3.51033332953655e-09,1.72774444160955e-09,3.34625854344026e-09,3.11176149211918e-09,1.97062059653084e-09,4.09261986400474e-09,6.05182306885219e-09,3.5454953436361e-09,5.49185942156669e-09,4.57380989065176e-09,4.44186875940717e-09,7.14104206125676e-09,7.22464631981845e-09,6.28348302475464e-09,1.22126934927741e-08,1.08869184320223e-08,9.79544219791771e-09,1.03784164075607e-08,5.64562175269988e-09,1.80440914726794e-08,8.83374492192965e-09,1.52368045864052e-08,7.7344322316133e-09,4.24978021870928e-09,2.97985331059077e-09,6.73092050041648e-09,4.35805471474638e-09,6.47543986548966e-09
7.7699451141032e-10,8.1992934654405e-10,1.30701648883515e-09,9.16715295285644e-10,1.42778905772925e-09,1.48736904930923e-09,9.29549734381668e-10,1.48074146772628e-09,1.68476525545636e-09,1.58043272121350e-09,1.98440770651943e-09,2.19468350535349e-09,1.64441302375164e-09,2.05049159423681e-09,3.73251793693464e-09,2.28741963078622e-09,3.75327732762961e-09,4.00945209715466e-09,2.39065636305351e-09,4.14251611081624e-09,2.84399013869183e-09,4.18822707335487e-09,3.0832564186435e-09,3.28498282410816e-09,4.74900865393329e-09,3.26925529141597e-09,5.07090315633574e-09,3.65936823764875e-09,4.93621580250594e-09,5.14483331900694e-09,3.73339703370362e-09,5.62467098699167e-09,1.26095375135407e-08,5.55137823306808e-09,9.40605032108933e-09,9.07690214827059e-09,8.80434803473152e-09,1.6088202988056e-08,1.82173286431245e-08,1.40167785047301e-08,2.89746039396315e-08,2.61474578844471e-08,1.24772397466543e-08,1.31113407634228e-08,7.86030529366409e-09,2.14639719940707e-08,1.16917229083523e-08,1.91483537789337e-08,7.48267881778251e-10,6.58675368863035e-10,1.34394602831382e-09,8.84083260642593e-10,1.54305237184091e-09,1.72090549819913e-09,7.29417648547337e-10,1.39737657924051e-09,1.25336958403209e-09,1.52342644944991e-09,1.6900507165263e-09,1.95470073765149e-09,1.47788293386921e-09,1.60849958611978e-09,1.99715646436195e-09,1.71494418323121e-09,2.23054717800385e-09,2.57038934864874e-09,1.64067067375809e-09,2.37691967318362e-09,1.61268104416044e-09,2.25636797886999e-09,2.35832345665816e-09,2.07906675561663e-09,2.57424605424499e-09,2.11113491792075e-09,3.3211593563308e-09,2.59287231142493e-09,3.40375247998623e-09,3.69685735766617e-09,2.29960418479394e-09,3.6714706377166e-09,7.51693770716856e-09,3.99886941334123e-09,6.16172761468168e-09,5.97102730529165e-09,4.98002307918087e-09,1.02750867629517e-08,1.22580644969633e-08,8.93130815670472e-09,1.85329408884167e-08,1.68189479109122e-08,7.77759436779337e-09,8.75105591747812e-09,5.65459772333251e-09,1.36190654266217e-08,8.14362547116719e-09,1.22800982047009e-08
8.97745127741645e-10,1.16086953737476e-09,1.79606549825556e-09,1.26031578513987e-09,2.1039401072183e-09,2.02483533052671e-09,1.32352658711971e-09,1.96113371754255e-09,2.92807023800195e-09,2.19150789290259e-09,3.53837793256445e-09,3.83855746965055e-09,2.15701568965586e-09,3.253957032365e-09,2.77909794018671e-09,3.78483307793493e-09,2.98297683649152e-09,3.26841848789944e-09,3.92750643965587e-09,3.20653516405293e-09,4.73471901521231e-09,3.41179952325986e-09,4.63148015933106e-09,4.64974534829165e-09,3.76045726283365e-09,5.36925720421051e-09,1.05835562995255e-08,5.39042494233555e-09,8.18291819315298e-09,7.82503702482414e-09,6.31593386952459e-09,1.18965946685682e-08,9.20901832480365e-09,9.45785041161044e-09,1.70926783726612e-08,1.41127732255552e-08,2.13340943499632e-08,1.3060037979097e-08,1.89440784918158e-08,3.06428764208363e-08,2.61474578844471e-08,4.960343876951e-08,9.1271405545243e-09,1.2831082555919e-08,8.23463551801027e-09,1.7493190444039e-08,1.1520958659904e-08,1.53813002961888e-08,8.59241320952174e-10,8.42124845499539e-10,1.45214886773986e-09,1.00149075826526e-09,1.79541153483964e-09,1.95757892876702e-09,9.81337680880209e-10,1.43475037647004e-09,1.73044188739208e-09,1.95957008227255e-09,2.41165527751518e-09,2.64525000220046e-09,1.65539430484333e-09,1.92692481696281e-09,1.77499634710056e-09,2.30196044056493e-09,2.25672011809993e-09,2.48963336846968e-09,2.29290982668483e-09,2.27111484366913e-09,3.68498261442883e-09,2.18924226835386e-09,3.78865214545867e-09,3.56359133899844e-09,2.41692475266004e-09,4.27447549786578e-09,6.34646474701348e-09,3.95751782879644e-09,5.95783313454326e-09,5.70856015914127e-09,4.94636715776914e-09,7.28401242502316e-09,5.64706580584336e-09,6.9695804522647e-09,1.04697625441123e-08,9.55494334399737e-09,1.01830546890016e-08,8.98988283989085e-09,1.2364744119328e-08,1.74057511664713e-08,1.62792557693745e-08,2.66550068943113e-08,6.04667924921798e-09,8.57642905990216e-09,6.0968824495877e-09,1.17016928244819e-08,8.30564037067642e-09,1.05632394127708e-08
6.70057869042998e-10,6.92984686365424e-10,9.18965592745939e-10,8.67005696362878e-10,1.1006876941449e-09,1.19108654760268e-09,7.38632404957839e-10,8.95360945257773e-10,1.10414991778121e-09,1.11269812665797e-09,1.23228895673716e-09,1.50806420182647e-09,9.81917232021037e-10,1.40944931076407e-09,2.90906125278231e-09,1.43711780937029e-09,2.96392832311695e-09,3.00245360155301e-09,1.69134549821527e-09,3.21736806576112e-09,2.28317088189187e-09,3.29300464771214e-09,2.32368423686964e-09,2.44576485181667e-09,3.61687470634638e-09,2.51661677017819e-09,3.86527985900745e-09,2.64426180622428e-09,3.85878097765944e-09,3.76479117482504e-09,2.69223686394e-09,4.29013960806542e-09,1.21170375858922e-08,4.19547270546765e-09,8.6581243068123e-09,8.25088778130127e-09,5.83469962348791e-09,1.4755560032566e-08,6.19354850590416e-09,1.10601256331573e-08,1.24772397466543e-08,9.1271405545243e-09,1.9791503416905e-08,7.85751726582549e-09,4.56130548831038e-09,1.64860152867306e-08,7.82562612140408e-09,1.58792066339994e-08,4.61228545967422e-10,5.91139968128892e-10,7.01914268084951e-10,6.75218096371538e-10,9.17230467910967e-10,9.95746903087968e-10,6.24526930035169e-10,5.42633907349318e-10,6.44420274767716e-10,8.88373405028046e-10,7.93020742992389e-10,1.23535189851699e-09,6.63935460200468e-10,1.09817284652882e-09,1.40426528923485e-09,8.9505269517589e-10,1.43432782700683e-09,1.59378568321022e-09,1.01117650752229e-09,1.64983492622604e-09,1.34965774482155e-09,1.39920137162954e-09,1.73369135376805e-09,1.45627949389593e-09,1.74965126111248e-09,1.44695006733816e-09,2.50298584067494e-09,1.89315363741154e-09,2.41904583434832e-09,2.25747705775545e-09,1.49988440247828e-09,2.85852968493289e-09,7.55082971740046e-09,2.82660743488684e-09,6.06774285864517e-09,5.86483081815176e-09,3.66518505396665e-09,9.44328323712777e-09,4.25642506858283e-09,7.46242170351191e-09,8.1872824964441e-09,6.29041637202763e-09,1.22692403781975e-08,5.51314460787735e-09,3.38193942332267e-09,1.05057283149027e-08,5.09761882985894e-09,9.42556247626198e-09
6.63006267781349e-10,5.79661560733452e-10,8.19342291824791e-10,7.16437265688471e-10,9.69406407651037e-10,1.11291605768159e-09,5.87920045727553e-10,8.22547406798236e-10,9.79164433527681e-10,9.59257032977255e-10,1.05838919170533e-09,1.17210705077777e-09,9.102493448795e-10,1.09898260376757e-09,1.4491368787327e-09,1.21849791103292e-09,1.58534011059928e-09,1.66363179682228e-09,1.35169780735728e-09,1.6820776960633e-09,2.55650715574042e-09,1.91629463071006e-09,2.81495191061062e-09,3.07987636260144e-09,2.03468369450046e-09,3.06687444933465e-09,2.2098306231766e-09,3.41219524708932e-09,2.48348778031086e-09,2.82273397025177e-09,3.42528448226966e-09,2.443926666825e-09,5.15158602920978e-09,2.82916920237779e-09,4.68898846582709e-09,4.93281056527763e-09,3.35214724421838e-09,6.18608591870734e-09,1.59400272779751e-08,6.07896024652626e-09,1.31113407634228e-08,1.2831082555919e-08,7.85751726582549e-09,1.94241327541412e-08,9.92559625212375e-09,1.61610673524213e-08,1.74466293140244e-08,1.4532790529421e-08,5.45545452545436e-10,4.32348447362716e-10,6.98414877093441e-10,6.61523797446505e-10,1.05630429545329e-09,1.28278009963051e-09,5.18455594026837e-10,6.84291117514966e-10,5.72402735352865e-10,1.11384545431862e-09,6.2558554739481e-10,1.12111725722146e-09,7.14558385694639e-10,6.97011504393951e-10,7.93898554446574e-10,5.52337595162022e-10,7.41075347016135e-10,8.47085297250531e-10,7.77643177690469e-10,9.16738547194847e-10,1.2069142013622e-09,9.08194407490309e-10,1.65137969406846e-09,1.74669540348649e-09,9.22330524343504e-10,1.41746826041797e-09,1.35967629572658e-09,2.00719363374422e-09,1.50739853938757e-09,1.88412704433698e-09,1.53990787991624e-09,1.53091732649606e-09,3.36653592486876e-09,1.89488239110251e-09,3.34229536607942e-09,3.37951735123641e-09,1.94730833384202e-09,4.11503496149548e-09,1.02551651307182e-08,4.06030025659418e-09,8.51201175790997e-09,8.54680393024818e-09,4.98663384580353e-09,1.25340267831235e-08,7.25746050894348e-09,1.03377490469353e-08,1.16414571265256e-08,9.40776265777593e-09
7.46278179811478e-10,7.15884059761833e-10,1.1486252606997e-09,8.89195708752005e-10,1.24639874774391e-09,1.29317934108262e-09,7.18275123955712e-10,1.04557748370231e-09,1.06899580492809e-09,1.14189576628234e-09,1.35463627911427e-09,1.3759401601526e-09,1.12745001023816e-09,1.20903064034665e-09,1.34119623286978e-09,1.42640019319365e-09,1.37413546627389e-09,1.70372124548754e-09,1.54898345277923e-09,1.76521291267204e-09,1.72838654290342e-09,1.78969077263155e-09,2.11267671401324e-09,2.30586891856062e-09,2.07862782190498e-09,2.05706173985677e-09,2.86902913248614e-09,2.4800919422368e-09,3.35993646240028e-09,3.72644022443616e-09,2.32059715962626e-09,3.01292478941653e-09,2.93088857631134e-09,3.64651522361034e-09,3.22680436333478e-09,3.79086407191452e-09,3.78581319239124e-09,3.4567240043151e-09,8.14774668339917e-09,4.07015432466237e-09,7.86030529366409e-09,8.23463551801027e-09,4.56130548831038e-09,9.92559625212375e-09,2.55093029955896e-08,9.87956236019771e-09,2.24204020121225e-08,2.2209551251169e-08,7.15918035929782e-10,3.77458059345005e-10,8.29559656307558e-10,7.1276081305113e-10,1.1865604629876e-09,1.42313827781533e-09,5.68947447655128e-10,6.69728052632053e-10,6.92021950318654e-10,1.25098892163322e-09,9.39585087462369e-10,1.37223956070291e-09,6.51771308952178e-10,7.44569566104866e-10,7.47384478181772e-10,9.23259058076644e-10,6.18749475310732e-10,1.26665158085911e-09,1.08980677712093e-09,1.33328709870772e-09,8.05921334462438e-10,1.12170352119757e-09,1.47647472319475e-09,1.55688116195368e-09,1.45461543521441e-09,8.80690867840608e-10,1.99821442944415e-09,1.61487620523186e-09,1.95444753105802e-09,2.81197034898041e-09,1.1679593468053e-09,2.06390888077844e-09,1.57246283180294e-09,2.30676912629097e-09,2.37038581480244e-09,2.10934302025841e-09,2.50047442254679e-09,1.88265087655209e-09,5.13512474356263e-09,2.62223199059857e-09,4.427678318802e-09,4.92946698234759e-09,2.29956887926121e-09,6.4607169123728e-09,1.75527234931068e-08,5.81044712670775e-09,1.57103924564942e-08,1.48520258516609e-08
8.55170247009452e-10,8.3843025400467e-10,1.09292054364733e-09,1.03854134770604e-09,1.30137896568731e-09,1.42427094518295e-09,8.57853066553011e-10,1.19705063265111e-09,1.40493165132721e-09,1.34959126703287e-09,1.6255565315618e-09,1.83684972191193e-09,1.26945086455262e-09,1.66277242136814e-09,3.17621156537281e-09,1.79306084405857e-09,3.1998176431456e-09,3.42382858461498e-09,1.9472890901647e-09,3.51091378859693e-09,2.38220405045816e-09,3.59140367542275e-09,2.4889519283652e-09,2.66784111623522e-09,4.02848097236271e-09,2.67818907150041e-09,3.84186389944254e-09,2.92696614475339e-09,3.91138158113903e-09,4.02168832295324e-09,3.03890640800462e-09,4.29624177981218e-09,1.01300157668058e-08,4.37527648195868e-09,7.12935691647874e-09,7.02153082039868e-09,6.15088259089286e-09,1.24710194820503e-08,1.31153220294036e-08,9.44604369675434e-09,2.14639719940707e-08,1.7493190444039e-08,1.64860152867306e-08,1.61610673524213e-08,9.87956236019771e-09,2.74196076453306e-08,1.47137071949305e-08,2.48496584234862e-08,7.75787379909962e-10,7.99867836586597e-10,1.06662001377644e-09,1.07360412099878e-09,1.22187715228997e-09,1.47025695890572e-09,7.87410482197524e-10,1.07151478761747e-09,9.66039353872947e-10,1.33648337765779e-09,1.29487717802526e-09,1.62465783737604e-09,1.02189115551768e-09,1.28692425086745e-09,1.59517314417908e-09,1.18981378392404e-09,1.62443695284787e-09,1.95344782836461e-09,1.27873082831038e-09,1.93494226451279e-09,1.24752395544336e-09,1.78374922286055e-09,1.88882282169398e-09,1.62750126429149e-09,2.05791291712536e-09,1.55269492386989e-09,2.4810861832593e-09,2.13046466869094e-09,2.49609774624036e-09,2.90402487724628e-09,1.77736124199988e-09,2.81594050727823e-09,6.01022285165234e-09,3.06689019687058e-09,4.74066124236241e-09,4.47617572767437e-09,3.73528658330716e-09,7.77772190718282e-09,8.75484819660953e-09,6.14188646745013e-09,1.36262867246034e-08,1.17291043747247e-08,1.00807245116621e-08,1.0981371746317e-08,7.09125676554303e-09,1.72394435353641e-08,1.02928146736536e-08,1.56587003924868e-08
8.40514854312278e-10,8.16075427298908e-10,1.2374883531519e-09,1.04154108895834e-09,1.36744788486053e-09,1.51865576514702e-09,8.67479747935435e-10,1.09575179898125e-09,1.28873259177382e-09,1.30737670049018e-09,1.44941389411692e-09,1.54512686478641e-09,1.21907668838274e-09,1.5083882213699e-09,1.72556488647489e-09,1.62334145792464e-09,1.84238549604162e-09,2.02492486904424e-09,1.85164198243428e-09,2.06992870727903e-09,3.07516186612599e-09,2.29812215656657e-09,3.32401858913946e-09,3.74448867478623e-09,2.58873351996584e-09,3.63311181314579e-09,2.64081623272186e-09,4.00194951053303e-09,3.09286610401373e-09,3.41175130356103e-09,4.10209321681735e-09,2.93339554494672e-09,5.15024623075713e-09,3.51754205795052e-09,4.93183189070575e-09,5.41425972923876e-09,3.79215496988551e-09,6.22033516245945e-09,1.41347693984806e-08,6.42418523591434e-09,1.16917229083523e-08,1.1520958659904e-08,7.82562612140408e-09,1.74466293140244e-08,2.24204020121225e-08,1.47137071949305e-08,3.28560313916531e-08,2.91332063768746e-08,7.33905233387187e-10,5.97715988479499e-10,1.15951008100181e-09,9.66958178838749e-10,1.53142200581556e-09,1.84913841068758e-09,7.85971325957601e-10,8.10354660148712e-10,7.03656055118697e-10,1.55527090195983e-09,8.27997715848722e-10,1.34443650478962e-09,9.18332271132284e-10,9.59078507145653e-10,1.05770812053934e-09,9.28050540524269e-10,1.01771997244967e-09,1.48119609447266e-09,1.17765362679848e-09,1.4583537766777e-09,1.3694678394927e-09,1.50761519972835e-09,2.26366801962695e-09,2.46803462248559e-09,1.47919553582844e-09,1.52714494345929e-09,1.67142887896603e-09,2.58871903012622e-09,1.83993318618542e-09,2.462156302585e-09,1.66953121062301e-09,1.84574133333406e-09,3.30841394646713e-09,2.3128697361229e-09,3.51149811120433e-09,3.51422788145298e-09,2.18640740659074e-09,3.93849356731215e-09,8.87699995617234e-09,4.01398282210007e-09,7.18206771090713e-09,6.91269761069044e-09,4.59445195166025e-09,1.10331461358249e-08,1.61250794361704e-08,8.86566922361472e-09,2.20858819978972e-08,1.93940186588856e-08
1.06363797309005e-09,1.00443918888695e-09,1.46259283919738e-09,1.32712445517374e-09,1.57330569140134e-09,1.75078319442824e-09,1.05958331419689e-09,1.43163410082216e-09,1.59980647411663e-09,1.60065176460201e-09,1.89379912486785e-09,2.04384982503287e-09,1.51983103779125e-09,1.99015882345523e-09,3.4543654404856e-09,2.07658829752944e-09,3.4917010944396e-09,3.74914354441416e-09,2.37364798275342e-09,3.84041148954105e-09,2.78714188777306e-09,3.92602239797183e-09,2.9945442008328e-09,3.17288227035828e-09,4.53378907001819e-09,3.15271115453829e-09,4.1191065400319e-09,3.52674109572713e-09,4.39192724127767e-09,4.52610722192518e-09,3.65706495159289e-09,4.65622824092483e-09,9.91989105510073e-09,4.9329080385759e-09,7.19638696869616e-09,7.36345903878729e-09,6.18316689199065e-09,1.21893399987733e-08,1.16054678390999e-08,9.35978641082786e-09,1.91483537789337e-08,1.53813002961888e-08,1.58792066339994e-08,1.4532790529421e-08,2.2209551251169e-08,2.48496584234862e-08,2.91332063768746e-08,4.24594796773511e-08,9.99300132808239e-10,7.86083022316645e-10,1.50472347027397e-09,1.36375391172961e-09,1.54008805962123e-09,1.95094293014853e-09,9.70872309961815e-10,1.24809505331068e-09,8.93625791604954e-10,1.67231034896785e-09,1.27603848346756e-09,1.65675738262757e-09,1.26923902015196e-09,1.39815918330508e-09,2.14568204079230e-09,1.36334190096216e-09,2.03893507911334e-09,2.44764724631807e-09,1.56192944541676e-09,2.72818057861783e-09,1.36330960847668e-09,2.47566699772313e-09,2.5721960790895e-09,2.04682339026368e-09,2.89792585464456e-09,1.69705786917362e-09,2.55134470815128e-09,2.82636047256281e-09,2.83649726254447e-09,3.66092842921598e-09,1.87757396087586e-09,2.80006764497125e-09,5.81528251824264e-09,3.35199719067421e-09,4.68645497829805e-09,4.78417768167145e-09,3.43411696271468e-09,7.35030151646399e-09,7.52899709120057e-09,5.64659137351489e-09,1.18573373096395e-08,9.55404659900394e-09,9.1101531404374e-09,9.62496613085215e-09,1.5629629932556e-08,1.51300309705475e-08,2.01164463431577e-08,2.73476352683044e-08
1.4990316695928e-08,6.69849213752874e-09,4.21235807367971e-09,1.2176380133837e-08,6.92121060465309e-09,1.1504708675169e-08,5.29075215921798e-09,3.42552053640027e-09,3.44580300382775e-09,5.44999855196822e-09,4.18145039487475e-09,6.400732172386e-09,2.98309970482058e-09,2.70076423846604e-09,2.49441788452859e-09,3.44944631377521e-09,3.36701107799225e-09,5.06028987433162e-09,2.06438016217878e-09,2.08098654425288e-09,1.38023886703668e-09,2.90162071550196e-09,1.46614089953654e-09,2.50244716745193e-09,1.65128987656751e-09,1.05228142368977e-09,1.03482074317015e-09,1.07708223369709e-09,1.35133737191013e-09,1.31660432135822e-09,9.68432208784379e-10,8.78876942588417e-10,4.05816888885357e-10,1.26059616462644e-09,6.60087798587888e-10,1.24378808223402e-09,9.00117825164879e-10,4.12035373215109e-10,5.86372061807729e-10,7.13609375239863e-10,7.48267881778251e-10,8.59241320952174e-10,4.61228545967422e-10,5.45545452545436e-10,7.15918035929782e-10,7.75787379909962e-10,7.33905233387187e-10,9.99300132808239e-10,7.65940940107599e-08,1.15258324712937e-08,3.84809390215504e-09,3.66154817436734e-08,8.6727906707371e-09,3.24437460917106e-08,9.31638448059363e-09,3.3467402315489e-09,9.26140800376974e-09,6.99096963718142e-09,3.38782563893967e-09,6.47644641342582e-09,2.72985549501564e-09,7.24253532073783e-09,1.51209409455988e-09,2.38487421845203e-09,7.8883922460387e-09,3.47899370136955e-09,5.65908944668769e-09,1.02584548381642e-09,1.56639074350892e-09,5.99564689702418e-09,1.42247771182588e-09,6.56614097503961e-09,9.82335134201514e-10,1.20045473043637e-09,1.00737285346107e-09,1.1511387109105e-09,1.26144948407641e-09,1.46342341514662e-09,1.0496304552132e-09,8.01367071309823e-10,4.1744306146386e-10,9.98435376261462e-10,2.6256141336952e-10,8.04876003272373e-10,1.02851892734982e-09,5.36383519581588e-10,2.5081024299681e-10,7.46126711790933e-10,5.86659836380524e-10,6.85908701578783e-10,6.39153759325701e-10,3.08685191767053e-10,7.646315760448e-10,7.29550768628949e-10,6.62963663825649e-10,1.08743594907638e-09
6.6908072421353e-09,1.72399917904495e-08,1.01604834530187e-08,1.39598633389704e-08,1.55835031686218e-08,1.2125459842907e-08,1.29998346514473e-08,7.79940384380224e-09,3.7060900470887e-09,1.24073035386182e-08,8.29289532870567e-09,1.30799569206419e-08,6.08096088578628e-09,3.02358859554511e-09,3.61644479957992e-09,6.26963064743316e-09,3.88224137772071e-09,6.97317287125916e-09,2.34843119593449e-09,2.86497550798397e-09,1.59040524265531e-09,3.02983622605856e-09,2.40394320428044e-09,2.75468093664888e-09,2.20141875270895e-09,1.07825003220698e-09,9.93766616856448e-10,1.75850668528964e-09,1.37746395398123e-09,2.04231260699361e-09,8.87328337351391e-10,8.2214592526667e-10,6.36109039388613e-10,1.10102031531452e-09,9.48328960914287e-10,1.27371042511698e-09,7.72428555331283e-10,5.90824299658361e-10,4.59303943321658e-10,7.84850824697312e-10,6.58675368863035e-10,8.42124845499539e-10,5.91139968128892e-10,4.32348447362716e-10,3.77458059345005e-10,7.99867836586597e-10,5.97715988479499e-10,7.86083022316645e-10,1.15258324712937e-08,9.37797727077255e-08,1.06732576583059e-08,5.81226579241839e-08,4.40895144647266e-08,1.81437927394824e-08,7.56255617794478e-08,6.86532883642373e-09,1.09047460871337e-09,3.38845101674822e-08,5.1666276997665e-09,2.88200980909589e-08,5.61180563064789e-09,1.14635444241282e-09,1.13709469917782e-08,4.51512430078999e-09,2.90142287592165e-09,4.88205601928054e-09,1.10788684520276e-09,8.95347339276221e-09,1.81855507192481e-09,2.25051425850607e-09,8.95163015891685e-09,2.63096112205329e-09,6.47070199184782e-09,9.89962685888661e-10,3.86052799676767e-10,6.35001657132385e-09,1.04386709643246e-09,7.6311900405986e-09,9.33605098343659e-10,1.36261110995857e-10,1.46767899364573e-11,7.69953715981549e-10,-8.03027162457117e-11,6.53671388907594e-10,1.20233093847484e-10,2.57053736357153e-10,4.93548025912877e-10,-1.48943703033701e-11,5.66178192744558e-10,2.4247435968912e-10,3.99100734013882e-10,4.62952006042845e-10,2.86512700349472e-10,7.62148940474083e-10,6.33453230123112e-10,2.67944735027305e-10
2.78267886741982e-09,8.97513206014972e-09,1.89012544923036e-08,7.12075747618377e-09,1.67510691855105e-08,1.35317392513018e-08,7.10295390686655e-09,1.36646999497551e-08,5.80517765602066e-09,1.27292841768792e-08,1.20311678384268e-08,1.06848530174702e-08,9.78959249450936e-09,4.05672533125909e-09,2.99716590534135e-09,8.36204817680296e-09,4.70841901825301e-09,9.39559604058697e-09,3.23872114894313e-09,2.32441171138609e-09,1.63096345649689e-09,3.81789347838395e-09,1.65899393253013e-09,2.8375198140103e-09,1.99220652275416e-09,1.34361139004296e-09,1.42156169537217e-09,1.44121365815344e-09,1.78195186095565e-09,1.75661171848115e-09,1.11713442010355e-09,1.15683941802077e-09,8.73469872273762e-10,1.4457812058404e-09,1.24114445912902e-09,1.95210796285933e-09,8.69129501287475e-10,7.16704848774322e-10,8.91306420554214e-10,9.4106214000502e-10,1.34394602831382e-09,1.45214886773986e-09,7.01914268084951e-10,6.98414877093441e-10,8.29559656307558e-10,1.06662001377644e-09,1.15951008100181e-09,1.50472347027397e-09,3.84809390215504e-09,1.06732576583059e-08,9.73731562961263e-08,8.39928260413321e-09,5.56721708384644e-08,5.08732964691238e-08,6.87145850242342e-09,7.30382748443177e-08,7.64074923254091e-09,4.06256088453667e-08,3.76634348182685e-08,1.30326665494423e-08,5.75721498348355e-08,5.8035853586807e-09,2.85200156064563e-09,2.92417900089484e-08,6.06870896046314e-09,2.79697395295391e-08,4.50662590762004e-09,2.3964129384316e-09,6.93416962874952e-09,4.76103613155035e-09,1.91306199258125e-09,3.78389002249796e-09,2.06107527798341e-09,5.38570204241253e-09,1.09767927075089e-09,1.62850777212315e-09,5.46320985811329e-09,1.55176663336567e-09,4.70744924176798e-09,7.94458737085312e-10,7.58733322332901e-10,4.74324016942699e-09,1.00240516852985e-09,5.68917765879866e-09,6.73711892241328e-10,6.71003433216586e-10,1.13205410928107e-10,6.79777052161189e-10,6.27392564869652e-10,5.87251341928605e-10,5.32214769470233e-10,1.16794456671194e-11,8.35234382444204e-10,4.02029498532438e-10,7.37130044848211e-10,7.65571485398136e-10
1.33209872687033e-08,1.27099770054458e-08,7.97195748532472e-09,2.0543729415417e-08,1.02948151809015e-08,1.62146949679274e-08,9.86653913354745e-09,6.46185279798848e-09,3.87094480082134e-09,8.61907925062289e-09,7.35261342436433e-09,8.7699963340413e-09,5.79717070201987e-09,3.53386458454609e-09,4.56021124380855e-09,6.35377315253396e-09,4.41891306933294e-09,7.54347771982169e-09,2.76560412865625e-09,3.53999689205086e-09,1.99604233955156e-09,3.51333865529276e-09,3.24720922356057e-09,3.17120586970878e-09,2.96126038505836e-09,1.62744847610706e-09,1.40177484323434e-09,2.63250211136521e-09,1.87917654165553e-09,2.84164190120015e-09,1.40011649363387e-09,1.12096174643454e-09,7.28867616409217e-10,1.5648887296304e-09,1.09857741094007e-09,1.8361532174612e-09,1.01715514976299e-09,6.07120438155171e-10,6.8067344206496e-10,8.98171567541468e-10,8.84083260642593e-10,1.00149075826526e-09,6.75218096371538e-10,6.61523797446505e-10,7.1276081305113e-10,1.07360412099878e-09,9.66958178838749e-10,1.36375391172961e-09,3.66154817436734e-08,5.81226579241839e-08,8.39928260413321e-09,1.06487190737955e-07,1.56702157326535e-08,4.70032358240278e-08,4.6856067557019e-08,5.76968693415262e-09,-4.53265482724821e-10,1.06782646330864e-08,4.79848304170248e-09,8.54140368589115e-09,5.23793140740208e-09,3.09349112067038e-10,1.19292504892914e-08,4.37623433234717e-09,2.47930522291412e-09,5.89829367331132e-09,3.14570920327675e-10,9.33955788946687e-09,2.51530430346756e-09,1.62115598350479e-09,1.07770721316086e-08,2.25183017272903e-09,7.94643495406387e-09,1.95112366887852e-09,9.65384259556532e-10,8.59232879869043e-09,1.82616683237407e-09,9.90219549965612e-09,1.77461865874397e-09,7.65645602492265e-10,3.954502955281e-10,1.33361954136381e-09,4.26180933998758e-10,1.31713088406463e-09,7.58923127556097e-10,4.93940073668822e-10,5.28229493791298e-10,4.0607176646293e-10,6.23335008599269e-10,4.79795179918562e-10,5.44169430030131e-10,4.74205542286801e-10,6.59785619204571e-10,8.41321618859458e-10,8.98422776655489e-10,1.03160970317738e-09
6.49993574546782e-09,1.44197331502034e-08,1.75436377698157e-08,1.11714705803544e-08,2.45791253794937e-08,1.94499744742326e-08,1.196315313143e-08,1.35980056750922e-08,7.08602370233098e-09,2.05199143430181e-08,1.20836763293932e-08,1.85316877244243e-08,9.76343660512194e-09,4.80820192252571e-09,2.66973395158238e-09,8.06553701630386e-09,5.25221277542699e-09,8.77595153024878e-09,3.60795378924171e-09,2.06126106167573e-09,2.51908248466257e-09,3.94098793888146e-09,1.43597994839893e-09,3.46137930589308e-09,1.53779215467278e-09,2.04072062596449e-09,1.62594170416165e-09,1.05924515357581e-09,2.45822303913312e-09,1.62673251480719e-09,1.72679561108574e-09,1.30410302701577e-09,1.07041031525505e-09,2.07824657030654e-09,1.44816659823829e-09,2.34082246225028e-09,1.03558195576354e-09,1.03615287602094e-09,1.22009358532289e-09,1.27889623603269e-09,1.54305237184091e-09,1.79541153483964e-09,9.17230467910967e-10,1.05630429545329e-09,1.1865604629876e-09,1.22187715228997e-09,1.53142200581556e-09,1.54008805962123e-09,8.6727906707371e-09,4.40895144647266e-08,5.56721708384644e-08,1.56702157326535e-08,1.18984050976933e-07,7.40095560273509e-08,3.38818975972205e-08,4.06182947373736e-08,7.77063463806234e-09,8.95292633396766e-08,1.26176022448232e-08,4.72709370764992e-08,3.11915226556123e-08,5.55557553644163e-09,1.8555047055376e-09,9.36981223545747e-09,5.15239627179989e-09,7.63518153743616e-09,4.28363914614093e-09,1.79633817019544e-09,8.02135013706775e-09,3.99635032185653e-09,1.44256661228634e-09,3.89613289300366e-09,1.23937746548e-09,6.40191355808871e-09,1.23852988761038e-09,1.13563109667276e-09,6.52440671569766e-09,1.58362775340952e-09,5.60230071865293e-09,1.0025982853127e-09,5.86596309438411e-10,5.76843699243499e-09,1.14924277758204e-09,6.19621877121626e-09,6.96987956544938e-10,5.68248095474063e-10,5.43653567502187e-10,7.95739955184545e-10,4.84681848463857e-10,7.42882654004779e-10,4.16576842348092e-10,5.15250900728303e-10,1.31035596766786e-09,2.8069787978874e-10,1.00127620881461e-09,3.38664398620426e-10
1.22633787100604e-08,1.03477073312343e-08,1.3780422289279e-08,1.63439613386045e-08,1.7200170575621e-08,2.35814388118052e-08,9.05921260045415e-09,1.11309180462134e-08,6.12393908064894e-09,1.53060317014173e-08,9.98087849318766e-09,1.34641675685112e-08,9.18651823637463e-09,4.88478269711741e-09,2.70820852878297e-09,8.00854771789424e-09,4.68671799319996e-09,8.19683094154808e-09,3.73975828055477e-09,2.08754240760773e-09,2.8192210197926e-09,3.58738887868035e-09,1.72993892101294e-09,3.09665227865756e-09,1.87672863089723e-09,2.36075866208734e-09,1.75431610575183e-09,1.61315913683667e-09,2.68231744063458e-09,1.94130985694657e-09,2.0370467770853e-09,1.42488629667417e-09,1.14488269442841e-09,2.30120308319019e-09,1.56224346263341e-09,2.7403632414568e-09,1.22393462598762e-09,1.03977116214951e-09,1.42740463002716e-09,1.40089758968367e-09,1.72090549819913e-09,1.95757892876702e-09,9.95746903087968e-10,1.28278009963051e-09,1.42313827781533e-09,1.47025695890572e-09,1.84913841068758e-09,1.95094293014853e-09,3.24437460917106e-08,1.81437927394824e-08,5.08732964691238e-08,4.70032358240278e-08,7.40095560273509e-08,1.23520679241222e-07,1.31878906480253e-08,3.68754221193684e-08,5.67225300447827e-09,5.25503003592968e-08,1.04302239635029e-08,1.88184582365532e-08,2.97864115485498e-08,4.44076806308916e-09,7.36206428815608e-10,8.29643408415103e-09,4.03285102853057e-09,6.98808970431646e-09,3.39953913787583e-09,8.02473823907661e-10,8.65561721428195e-09,2.80246200334765e-09,1.6870825143156e-09,2.99894048133745e-09,1.28969476662849e-09,7.09652363443168e-09,1.19684260851424e-09,1.79703204656918e-09,7.04024183331374e-09,2.83200864361513e-09,6.28524360975426e-09,1.02211107287384e-09,8.42404020429271e-10,5.96274279508345e-09,1.18022543901556e-09,6.78490909498758e-09,8.89129807079513e-10,6.79682745037057e-10,6.09381577350787e-10,9.96821672810929e-10,4.16273128453262e-10,7.50148996795226e-10,4.68920265258102e-10,6.22694294314103e-10,1.5434994352937e-09,2.91347919194856e-10,1.21318114207798e-09,7.3253194126749e-10
5.56383816313688e-09,1.30038955747695e-08,7.81188013262983e-09,1.07128856896784e-08,1.2420387026265e-08,9.9355922746904e-09,2.0031590947543e-08,9.27539782651663e-09,4.74521827277712e-09,1.82619699056028e-08,1.01855847434785e-08,1.92904424560208e-08,7.3156873581244e-09,4.00420050336309e-09,3.53267847788e-09,8.0258190354618e-09,4.68373660609649e-09,8.68913155849084e-09,3.27029071748866e-09,3.18919159457731e-09,1.70317511848497e-09,3.75591437668178e-09,2.8036281061261e-09,3.49581454779454e-09,2.44870675063733e-09,1.24467729364891e-09,8.01890256744472e-10,2.14281804972377e-09,1.2270027641891e-09,2.08171417096719e-09,1.0587272003191e-09,7.43011740513645e-10,7.07940878874258e-10,1.10435438869132e-09,9.03624876240087e-10,1.30384537360673e-09,7.2190204873509e-10,6.37509916217555e-10,5.8608605095192e-10,8.25675548175311e-10,7.29417648547337e-10,9.81337680880209e-10,6.24526930035169e-10,5.18455594026837e-10,5.68947447655128e-10,7.87410482197524e-10,7.85971325957601e-10,9.70872309961815e-10,9.31638448059363e-09,7.56255617794478e-08,6.87145850242342e-09,4.6856067557019e-08,3.38818975972205e-08,1.31878906480253e-08,1.06069072682842e-07,9.68572183512646e-09,1.52314059506196e-09,5.42258255819406e-08,7.32982160584978e-09,4.6561215820564e-08,8.63570582913234e-09,1.50171137490572e-09,1.19914863339416e-08,6.40793679328026e-09,2.89169146351978e-09,6.22107166305213e-09,1.2791360607116e-09,9.31051153981151e-09,1.49442646682247e-09,2.11366092511156e-09,9.45537493185592e-09,2.36559892414942e-09,6.88074284244081e-09,9.25706064935815e-10,7.0309145413355e-10,6.86869358153129e-09,1.50360234410702e-09,8.61205917725704e-09,8.95052375968476e-10,3.82555171861794e-10,-5.0965366755603e-11,1.19031583468332e-09,-3.03949064548186e-10,6.09108444130498e-10,3.0375718450865e-10,1.32767112616194e-10,4.72245754737065e-10,-1.07681647028938e-10,4.3888757157189e-10,2.29327928148747e-10,2.21322291954092e-10,5.74151200550431e-10,3.15455926414472e-10,6.34932754922896e-10,7.95488373784349e-10,1.20312523565756e-10
2.38527051885212e-09,7.10081405725359e-09,1.36673169264849e-08,5.67346056239495e-09,1.27306203932992e-08,1.02059449449579e-08,8.41959185446765e-09,1.63816368670232e-08,8.20889511039545e-09,1.62246161167993e-08,1.44903652772134e-08,1.41368131829011e-08,1.25013139505268e-08,5.95054171627191e-09,3.56382052312486e-09,1.06441246225884e-08,6.49966706314213e-09,1.13698110721138e-08,4.31845622258945e-09,2.71919684515696e-09,1.82359533547539e-09,4.72431031007484e-09,1.8710955480627e-09,3.43467877953126e-09,2.16965492896404e-09,1.44870985729573e-09,1.32859113047772e-09,1.39063080600138e-09,1.80369691601842e-09,1.5571811569814e-09,1.26646177970238e-09,1.07577543979837e-09,7.75630113818122e-10,1.54896934194122e-09,1.11628832698409e-09,2.0327288854194e-09,8.2473063846791e-10,6.66592797394669e-10,8.44338439646487e-10,9.35472453578908e-10,1.39737657924051e-09,1.43475037647004e-09,5.42633907349318e-10,6.84291117514966e-10,6.69728052632053e-10,1.07151478761747e-09,8.10354660148712e-10,1.24809505331068e-09,3.3467402315489e-09,6.86532883642373e-09,7.30382748443177e-08,5.76968693415262e-09,4.06182947373736e-08,3.68754221193684e-08,9.68572183512646e-09,9.01731017298269e-08,9.98923480670236e-09,5.31861389205763e-08,4.70538586585191e-08,1.92373423557934e-08,6.8756857602628e-08,7.08942313850196e-09,3.23440748964708e-09,3.55831801832154e-08,7.09722531381977e-09,3.32859122632733e-08,5.013498636303e-09,2.57144299946863e-09,7.43795102834099e-09,5.05233735123285e-09,1.75906029208341e-09,4.12323589414816e-09,2.11197810481835e-09,5.73961805060989e-09,1.07714884641666e-09,1.32670027387771e-09,6.23601549175897e-09,1.45166049712038e-09,5.22086154911024e-09,9.6563749173771e-10,6.74645030355967e-10,5.61322936704268e-09,8.14495703798467e-10,6.34228005245388e-09,5.55954388120411e-10,6.09229797428792e-10,-1.57225796716157e-11,4.4880366863202e-10,6.36958378502475e-10,4.26558649689749e-10,4.28136190368252e-10,-7.18843603431755e-11,5.72577831041004e-10,4.71673374590132e-10,3.68893812550994e-10,5.52459681775905e-10
2.49134612621069e-09,2.08848833896141e-09,4.57751385237752e-09,1.9013426002543e-09,4.48667765554534e-09,3.45296338775602e-09,3.14114414398425e-09,6.92505260169783e-09,1.89582575118909e-08,6.67547030037867e-09,1.42242992632997e-08,1.42989700482371e-08,4.62921200925381e-09,1.27184970732025e-08,6.74083074269488e-09,1.00417613443242e-08,1.15469766389723e-08,9.00405406253908e-09,8.74544966713296e-09,5.1780614629636e-09,2.08663502772378e-09,8.13353000683373e-09,4.44145522952141e-09,7.5021597029109e-09,4.05768918336001e-09,1.64738427258941e-09,1.54169033755019e-09,3.40585986279502e-09,1.82170387865893e-09,3.65916410229619e-09,1.36541043169032e-09,1.28526808885346e-09,8.12607415413211e-10,1.5008111856034e-09,1.10987076621214e-09,1.44300796015702e-09,1.15329090646168e-09,8.26460896349698e-10,7.74906840011637e-10,1.10832053150738e-09,1.25336958403209e-09,1.73044188739208e-09,6.44420274767716e-10,5.72402735352865e-10,6.92021950318654e-10,9.66039353872947e-10,7.03656055118697e-10,8.93625791604954e-10,9.26140800376974e-09,1.09047460871337e-09,7.64074923254091e-09,-4.53265482724821e-10,7.77063463806234e-09,5.67225300447827e-09,1.52314059506196e-09,9.98923480670236e-09,1.03229917075879e-07,1.03474017407622e-08,4.73387706699913e-08,4.63916467369671e-08,7.09100779194001e-09,6.93660109020176e-08,1.00496770703268e-08,3.08681390588642e-08,4.22206518313776e-08,1.22435922983376e-08,5.43045615162934e-08,7.19942383768675e-09,1.95701077194633e-09,3.23698822333709e-08,6.61037977052014e-09,3.02021472774811e-08,5.35618178481446e-09,1.47804243933219e-09,4.55383549228278e-09,4.92218772728668e-09,1.79597632337876e-09,4.60443026949277e-09,1.22689436658601e-09,3.84208216727238e-09,8.27256033525849e-10,1.66348801906362e-09,3.40584328107235e-09,1.6792191368662e-09,3.17692912374485e-09,8.22615332607278e-10,6.00387975903504e-10,3.1570410175611e-09,1.15416180627709e-09,4.11188356877034e-09,7.29682594984837e-10,3.74687911490974e-10,3.66249145245666e-10,7.95241376658385e-10,5.79447066484072e-10,6.21732246325301e-10
6.0903730415486e-09,1.1968910792483e-08,1.36117773697114e-08,9.60896332984075e-09,2.05349564484613e-08,1.67969970866869e-08,1.71521034752966e-08,1.64494856081029e-08,1.01642942226744e-08,2.80461631702133e-08,1.52478478351909e-08,2.62486482721471e-08,1.24217978440345e-08,7.41316711286107e-09,3.69006230347289e-09,1.09937901122027e-08,7.84032406580286e-09,1.18601201087759e-08,5.39774184969061e-09,2.77916006403319e-09,2.48712441869381e-09,5.59254652945649e-09,1.91140329741729e-09,4.71885852543518e-09,1.9903772113916e-09,2.00594201531219e-09,1.3007403794262e-09,1.33291901100406e-09,2.17515465510267e-09,1.49152609208437e-09,1.70071575967314e-09,1.05150989352309e-09,8.17805996165484e-10,1.94099775465036e-09,1.07258325172674e-09,2.12455788704562e-09,1.07184576001293e-09,9.67088988552311e-10,1.20809756488344e-09,1.41138869539229e-09,1.52342644944991e-09,1.95957008227255e-09,8.88373405028046e-10,1.11384545431862e-09,1.25098892163322e-09,1.33648337765779e-09,1.55527090195983e-09,1.67231034896785e-09,6.99096963718142e-09,3.38845101674822e-08,4.06256088453667e-08,1.06782646330864e-08,8.95292633396766e-08,5.25503003592968e-08,5.42258255819406e-08,5.31861389205763e-08,1.03474017407622e-08,1.26118016151853e-07,1.87305116597691e-08,7.26346876903876e-08,4.00150083634397e-08,6.8338351203744e-09,2.40585879222854e-09,1.35332360513135e-08,6.34522636473156e-09,1.12518766869277e-08,4.80368515937395e-09,2.08550183241587e-09,8.59812172737904e-09,4.43313086189862e-09,1.12564189126355e-09,4.30028873718906e-09,1.49902307830401e-09,6.85174046449297e-09,1.55960357954312e-09,7.99984384140571e-10,8.23905907969852e-09,1.487999507194e-09,6.14243460203878e-09,1.38653949203942e-09,5.52534508021932e-10,7.33795089973764e-09,8.99360024836258e-10,7.11082275257048e-09,6.40500642090975e-10,4.8787408966954e-10,3.59253715462214e-10,5.97784116615555e-10,4.77842117113509e-10,7.94044856993811e-10,3.94505978849353e-10,4.28396473479637e-10,1.14317312028225e-09,4.4271176684206e-10,8.74422425810096e-10,4.3616298058457e-10
2.83904750865574e-09,6.64395324275732e-09,1.05968114299856e-08,5.44094325012186e-09,9.45168723054871e-09,7.17386754528414e-09,8.34304768200561e-09,1.33953340345139e-08,1.58370488613364e-08,1.25988095038906e-08,2.42240093538647e-08,2.24817519328562e-08,1.02190999825445e-08,1.15844547030742e-08,8.39098187166189e-09,1.81476581145829e-08,1.15546320211343e-08,1.76599376501824e-08,8.51702754670543e-09,6.15022941500734e-09,2.72456204148034e-09,8.35727235868736e-09,4.9735130979414e-09,7.4413969889858e-09,4.8128974829209e-09,2.20784786215462e-09,2.67478987465499e-09,3.82934636845931e-09,2.56923311102487e-09,4.1089965896578e-09,1.90818275536944e-09,2.25898302109455e-09,1.14058407888656e-09,2.23088621116825e-09,1.98706483223058e-09,1.77680471401111e-09,1.55195704521627e-09,9.42182821898265e-10,1.03610649855183e-09,1.3835438724582e-09,1.6900507165263e-09,2.41165527751518e-09,7.93020742992389e-10,6.2558554739481e-10,9.39585087462369e-10,1.29487717802526e-09,8.27997715848722e-10,1.27603848346756e-09,3.38782563893967e-09,5.1666276997665e-09,3.76634348182685e-08,4.79848304170248e-09,1.26176022448232e-08,1.04302239635029e-08,7.32982160584978e-09,4.70538586585191e-08,4.73387706699913e-08,1.87305116597691e-08,1.10480540782422e-07,6.08021591862318e-08,3.5583946923458e-08,3.08676466756855e-08,1.10861865120561e-08,7.97641569313816e-08,1.30456613692788e-08,5.2414901182975e-08,2.3436722034292e-08,7.67558068550942e-09,1.42974530935028e-09,9.11775151468916e-09,5.89764148297349e-09,8.05758560742038e-09,5.97786433765745e-09,1.37416729947917e-09,5.36569568848256e-09,4.695550015444e-09,2.32935276332606e-09,5.00932076491633e-09,1.13130420364777e-09,4.65866834488049e-09,1.27979366052834e-09,2.20104720287635e-09,4.35606702351003e-09,1.85149240335139e-09,3.81686062078172e-09,8.12023796303743e-10,8.76808189111512e-10,3.4424138336844e-09,1.29159379871605e-09,5.04616459610959e-09,6.33727054190788e-10,5.43312196542094e-10,5.7110655557315e-10,9.25378357040886e-10,8.45773126929089e-10,8.35523438373669e-10
5.36668145699345e-09,1.17940578142472e-08,1.02805522359133e-08,9.15795961728277e-09,1.62044709996235e-08,1.2536465185912e-08,1.71122923403049e-08,1.34304279084287e-08,1.77340536535025e-08,2.30470575163911e-08,2.47325999071651e-08,3.7159142888861e-08,1.00569091710826e-08,1.26832066856389e-08,7.90953661818693e-09,1.76896025456995e-08,1.19998711536512e-08,1.67353055873822e-08,8.98735017164528e-09,5.29887410290248e-09,2.4952136315611e-09,8.13476246991694e-09,4.38379581920974e-09,7.53168431751436e-09,4.04856336178054e-09,2.12852037330234e-09,2.13591005662061e-09,3.47386265237924e-09,2.40307258327141e-09,3.93258542053315e-09,1.79983416416252e-09,1.84458588124828e-09,1.41753824004917e-09,2.07706158588353e-09,1.95025541558208e-09,1.92440106558209e-09,1.44316941273435e-09,1.41299939875401e-09,1.34064410076485e-09,1.9688763537454e-09,1.95470073765149e-09,2.64525000220046e-09,1.23535189851699e-09,1.12111725722146e-09,1.37223956070291e-09,1.62465783737604e-09,1.34443650478962e-09,1.65675738262757e-09,6.47644641342582e-09,2.88200980909589e-08,1.30326665494423e-08,8.54140368589115e-09,4.72709370764992e-08,1.88184582365532e-08,4.6561215820564e-08,1.92373423557934e-08,4.63916467369671e-08,7.26346876903876e-08,6.08021591862318e-08,1.39375183920341e-07,1.40892836911461e-08,2.94883202885704e-08,8.4683473027934e-09,4.21232715651321e-08,1.26376654694299e-08,2.03831351724069e-08,2.21449390276931e-08,6.03447891536301e-09,1.5091625041335e-09,8.72368108689613e-09,3.71871936171319e-09,7.49317215626712e-09,4.50661928697621e-09,1.55815516865883e-09,5.29221245658524e-09,3.01665199502359e-09,2.57233653903434e-09,3.26474857152195e-09,1.38021081616457e-09,4.42303304940519e-09,1.28143230079307e-09,2.46759954930523e-09,4.16815539147025e-09,2.08694399486415e-09,3.27221152275709e-09,7.92837259100701e-10,1.24653755298715e-09,3.51534423830063e-09,1.45437507248869e-09,4.81636835793321e-09,5.89597461104246e-10,1.14762667702706e-09,9.45914732645001e-10,1.15620114721621e-09,1.14449994657174e-09,5.81804965015569e-10
1.68193695387329e-09,5.11856519509308e-09,9.79036788508805e-09,4.41263049939478e-09,8.95061627040746e-09,7.66727441436811e-09,6.58948282979941e-09,1.24989634984822e-08,5.9538246747359e-09,1.25211801532533e-08,1.06459390890459e-08,1.04327677505462e-08,1.5310007302053e-08,7.48179021635807e-09,3.6961405426632e-09,1.32769124320525e-08,7.38524252385361e-09,1.35678817968286e-08,5.60223995731184e-09,3.05826028586834e-09,2.57588085486207e-09,5.55792272555356e-09,2.70998141957767e-09,4.78610444114651e-09,2.45624184042612e-09,1.88857824568479e-09,1.56185318259435e-09,1.97942059450393e-09,2.16174419536021e-09,2.00397847119571e-09,1.72020636030653e-09,1.30836581858184e-09,1.04547417156646e-09,1.92878413859774e-09,1.42682315498831e-09,2.45429135927474e-09,1.09120817787754e-09,8.7133593118768e-10,9.23393053603772e-10,1.21911080936796e-09,1.47788293386921e-09,1.65539430484333e-09,6.63935460200468e-10,7.14558385694639e-10,6.51771308952178e-10,1.02189115551768e-09,9.18332271132284e-10,1.26923902015196e-09,2.72985549501564e-09,5.61180563064789e-09,5.75721498348355e-08,5.23793140740208e-09,3.11915226556123e-08,2.97864115485498e-08,8.63570582913234e-09,6.8756857602628e-08,7.09100779194001e-09,4.00150083634397e-08,3.5583946923458e-08,1.40892836911461e-08,9.12789371404877e-08,1.01254318913747e-08,3.43752448846242e-09,5.08774902439575e-08,8.52858292104203e-09,4.64258347660093e-08,7.4900707296387e-09,2.92731946541296e-09,8.96128588781261e-09,6.20116782809748e-09,2.27457882978483e-09,5.71159267796937e-09,2.4147123102837e-09,6.70485099525132e-09,1.64410175161885e-09,1.82903584799928e-09,6.95011364592441e-09,1.79657833636657e-09,6.06295167516008e-09,1.31397612893873e-09,1.00177607104389e-09,6.2559458401916e-09,9.75303857633252e-10,6.63896860847445e-09,8.5520909874925e-10,8.73951540792175e-10,2.48896738787203e-11,7.15416886163632e-10,7.86210955399678e-10,4.85266214829123e-10,7.12502818948552e-10,-3.55189709428452e-11,6.84813723032861e-10,6.0810875133336e-10,6.48770302408014e-10,1.12540824313901e-09
1.87296302956132e-09,1.17378570832969e-09,3.00366895959205e-09,1.138565027906e-09,2.9252996208582e-09,2.26241219521152e-09,1.97304097704838e-09,4.62391535755615e-09,1.2718485036931e-08,4.30477830918182e-09,1.00396512506344e-08,9.63148120855899e-09,5.81350739928351e-09,1.53583353168767e-08,8.35644473466259e-09,1.16874041833254e-08,1.38541142814396e-08,1.04364263073611e-08,1.12470778058169e-08,6.57382462611052e-09,2.67690176892341e-09,1.02353087563987e-08,5.35688232656424e-09,9.32327246851441e-09,5.0961910662267e-09,2.12578569505293e-09,1.48588052626352e-09,4.12691011613655e-09,2.0988714337373e-09,4.1289488306095e-09,1.73842358523936e-09,1.26848324216043e-09,1.13093880978412e-09,1.74330465278918e-09,1.17456075689869e-09,1.72770967100057e-09,1.10666912710581e-09,1.20403063573801e-09,9.26135789942421e-10,1.19815841154163e-09,1.60849958611978e-09,1.92692481696281e-09,1.09817284652882e-09,6.97011504393951e-10,7.44569566104866e-10,1.28692425086745e-09,9.59078507145653e-10,1.39815918330508e-09,7.24253532073783e-09,1.14635444241282e-09,5.8035853586807e-09,3.09349112067038e-10,5.55557553644163e-09,4.44076806308916e-09,1.50171137490572e-09,7.08942313850196e-09,6.93660109020176e-08,6.8338351203744e-09,3.08676466756855e-08,2.94883202885704e-08,1.01254318913747e-08,8.79613020940521e-08,1.12701548019189e-08,3.91337086585582e-08,5.3326568012893e-08,1.50730594852495e-08,6.74607073793172e-08,8.6471324963082e-09,3.00889961618927e-09,4.0398685334979e-08,8.147102575555e-09,3.78163436052237e-08,6.36398693032795e-09,2.39588510141707e-09,5.79673654981926e-09,5.96748004435435e-09,2.06584757237981e-09,4.90012519875644e-09,2.01840053392595e-09,4.92907321982449e-09,7.77827749875617e-10,1.97391221193207e-09,4.64001880263604e-09,1.95953780549889e-09,4.07650638457371e-09,7.88292349166967e-10,6.74596366910502e-10,4.27047311336846e-09,1.27246082162916e-09,5.24921058212162e-09,7.52916407495498e-10,6.48395392141831e-10,3.99188498194366e-10,9.94785199444277e-10,7.09567122117153e-10,6.68878312232251e-10
2.47773525913082e-09,2.98687668470557e-09,2.40126628362386e-09,4.0938013134385e-09,2.86575565182036e-09,3.45345616690029e-09,2.81726978161756e-09,3.29390244300963e-09,6.31101947670429e-09,3.4312520605917e-09,6.00381535701446e-09,6.28923374209801e-09,4.56048958831972e-09,7.43632759096974e-09,2.13369778998169e-08,7.48385827919151e-09,1.78163693241215e-08,1.66155197056102e-08,5.76020669761659e-09,1.6490759573065e-08,7.48961267747248e-09,1.37557190521732e-08,1.312970126028e-08,1.02927402924436e-08,1.25918144183534e-08,5.42306493631021e-09,2.91187837359091e-09,9.70632514408122e-09,5.68411668099293e-09,9.44855953335188e-09,4.37971695835959e-09,2.33382328130236e-09,2.16925648505372e-09,4.37408088564133e-09,2.34495625835315e-09,4.35962835261276e-09,1.66543540607144e-09,1.64666652180715e-09,1.15201135931309e-09,1.41815219482971e-09,1.99715646436195e-09,1.77499634710056e-09,1.40426528923485e-09,7.93898554446574e-10,7.47384478181772e-10,1.59517314417908e-09,1.05770812053934e-09,2.14568204079230e-09,1.51209409455988e-09,1.13709469917782e-08,2.85200156064563e-09,1.19292504892914e-08,1.8555047055376e-09,7.36206428815608e-10,1.19914863339416e-08,3.23440748964708e-09,1.00496770703268e-08,2.40585879222854e-09,1.10861865120561e-08,8.4683473027934e-09,3.43752448846242e-09,1.12701548019189e-08,1.09658179445101e-07,1.14161968521929e-08,4.8084478743279e-08,4.46587529116916e-08,8.64909949114558e-09,8.00643050444717e-08,8.9995644578816e-09,3.32283133099699e-08,4.93906911066783e-08,1.42624141742281e-08,6.02500208260278e-08,5.79604853100056e-09,3.08292781227829e-09,3.60147920830062e-08,6.55014549419477e-09,3.5240620028232e-08,4.84504146777528e-09,2.51242982213798e-09,3.45787297774307e-09,5.27109653300178e-09,1.16434519443789e-09,3.06305167397081e-09,1.77323254728813e-09,3.39176046065876e-09,8.30654402777279e-10,7.52066095340341e-10,4.29830784210213e-09,1.39092447750776e-09,3.20465302846294e-09,2.58391544694233e-10,5.59960795032205e-10,3.66471469888917e-09,4.34570866767366e-10,4.31860284804034e-09
2.10684817948272e-09,4.56834956671406e-09,7.72799759502796e-09,4.03010560058847e-09,6.68329779659849e-09,5.5527523849447e-09,6.02845019965402e-09,1.0215806846689e-08,1.15854689594358e-08,9.43122927948178e-09,1.81472009288238e-08,1.64384937649982e-08,1.17569750517579e-08,1.3478806854264e-08,8.96239643192449e-09,1.99248076644438e-08,1.31249328071271e-08,1.97552003131195e-08,9.88291237427884e-09,6.51025084307786e-09,2.5818066983713e-09,9.48642851641463e-09,5.27130743583416e-09,8.65379950134316e-09,5.04829285332464e-09,2.19193376424028e-09,2.3251278572175e-09,4.10111104714506e-09,2.48342369870114e-09,4.18589197343503e-09,1.95663380803534e-09,2.08849110407244e-09,1.39839953054753e-09,2.27111787506413e-09,2.03826180434717e-09,2.11055567282716e-09,1.46751563825966e-09,1.12032800555428e-09,9.91143209392747e-10,1.44839518272611e-09,1.71494418323121e-09,2.30196044056493e-09,8.9505269517589e-10,5.52337595162022e-10,9.23259058076644e-10,1.18981378392404e-09,9.28050540524269e-10,1.36334190096216e-09,2.38487421845203e-09,4.51512430078999e-09,2.92417900089484e-08,4.37623433234717e-09,9.36981223545747e-09,8.29643408415103e-09,6.40793679328026e-09,3.55831801832154e-08,3.08681390588642e-08,1.35332360513135e-08,7.97641569313816e-08,4.21232715651321e-08,5.08774902439575e-08,3.91337086585582e-08,1.14161968521929e-08,1.05699315569537e-07,1.58288643179556e-08,6.96539852246334e-08,2.95486704282909e-08,8.18043853890876e-09,1.31149597394418e-09,1.1215692941559e-08,6.53414300524581e-09,1.01529730490234e-08,6.36851303234562e-09,1.45519757918754e-09,6.42709756390066e-09,5.2804928566832e-09,2.20547196018752e-09,5.47713072309025e-09,1.2425768709712e-09,5.47245059905995e-09,1.36572796872615e-09,2.21549146264398e-09,5.07719409686938e-09,1.50526301407037e-09,4.49821074610875e-09,8.63659006690079e-10,7.210927808109e-10,4.19299668831810e-09,1.22208285611245e-09,5.55506977745157e-09,7.60960876067795e-10,4.05604453972564e-10,5.45544285057386e-10,8.70535621756505e-10,7.82519801222267e-10,8.32273318698729e-10
1.99394510075027e-09,1.69021971318217e-09,3.48945768962527e-09,1.86820893876984e-09,3.48553710425117e-09,3.09630987911316e-09,2.34404887701655e-09,5.0788107757039e-09,1.02485089830149e-08,4.86037001709099e-09,8.45388536696034e-09,8.45657548561201e-09,6.60345290069091e-09,1.23615000636087e-08,1.70539722353256e-08,1.0395949610951e-08,2.4194310331382e-08,2.10227572245459e-08,8.83063937690102e-09,1.31024087716525e-08,6.90340193166187e-09,1.81369000315007e-08,9.52795929048009e-09,1.35624914215675e-08,9.7849582241254e-09,5.14407567425649e-09,2.50150578628817e-09,6.96306482477785e-09,4.8856203699168e-09,6.81020038216886e-09,4.24322431032644e-09,2.00287376994267e-09,2.16855236510186e-09,3.85343590631104e-09,2.54175224466544e-09,4.36898955220167e-09,1.61026302017281e-09,1.77874191986082e-09,1.10982212983955e-09,1.78283777978689e-09,2.23054717800385e-09,2.25672011809993e-09,1.43432782700683e-09,7.41075347016135e-10,6.18749475310732e-10,1.62443695284787e-09,1.01771997244967e-09,2.03893507911334e-09,7.8883922460387e-09,2.90142287592165e-09,6.06870896046314e-09,2.47930522291412e-09,5.15239627179989e-09,4.03285102853057e-09,2.89169146351978e-09,7.09722531381977e-09,4.22206518313776e-08,6.34522636473156e-09,1.30456613692788e-08,1.26376654694299e-08,8.52858292104203e-09,5.3326568012893e-08,4.8084478743279e-08,1.58288643179556e-08,1.16050358314947e-07,5.7379076173411e-08,4.04008723322478e-08,3.32298255005663e-08,7.61505196511595e-09,8.54273936522971e-08,1.40194609192327e-08,5.28057693053202e-08,2.46595800024322e-08,5.14106139213937e-09,2.27442458816569e-09,9.43938780259667e-09,4.96789473252297e-09,7.59546343564783e-09,4.44793445512957e-09,1.85108947024211e-09,3.61215175055165e-09,4.37377549611071e-09,1.62309694085974e-09,3.31884113271264e-09,1.56875988421202e-09,3.34760809656908e-09,1.27322010713035e-10,1.56682111130695e-09,3.95494432045634e-09,1.410869989225e-09,3.04091176604537e-09,2.43056087987971e-11,3.34400407503753e-10,3.33501447488789e-09,2.51421754259268e-10,3.93804115277833e-09
3.15805509843895e-09,5.2992522235851e-09,8.3800248586027e-09,4.97189125531259e-09,7.68540896144785e-09,6.51414207645609e-09,6.7652666623873e-09,1.06885975098996e-08,1.00520083330095e-08,1.03870842548773e-08,1.64084243872777e-08,1.54531289457878e-08,1.27545333736194e-08,1.16281176666472e-08,1.73661817776085e-08,1.88143664193586e-08,2.33974889229003e-08,3.3231702853602e-08,8.15994245595045e-09,1.24781821992586e-08,6.41492529873517e-09,1.66805028129859e-08,9.28879257267898e-09,1.2744139354018e-08,9.52895968969103e-09,4.9666263912166e-09,2.99030289601019e-09,6.87660131279671e-09,5.05756848070152e-09,6.69569753327353e-09,4.29976105816353e-09,2.58229011123579e-09,2.52376682958023e-09,4.4608041216434e-09,2.78673511250657e-09,4.33398836114883e-09,2.06837554447304e-09,2.023610025562e-09,1.26253663070006e-09,1.94242724246544e-09,2.57038934864874e-09,2.48963336846968e-09,1.59378568321022e-09,8.47085297250531e-10,1.26665158085911e-09,1.95344782836461e-09,1.48119609447266e-09,2.44764724631807e-09,3.47899370136955e-09,4.88205601928054e-09,2.79697395295391e-08,5.89829367331132e-09,7.63518153743616e-09,6.98808970431646e-09,6.22107166305213e-09,3.32859122632733e-08,1.22435922983376e-08,1.12518766869277e-08,5.2414901182975e-08,2.03831351724069e-08,4.64258347660093e-08,1.50730594852495e-08,4.46587529116916e-08,6.96539852246334e-08,5.7379076173411e-08,1.40271758744135e-07,1.0563219715746e-08,3.0285769713687e-08,5.95159378341476e-09,4.01507923277497e-08,1.23754565786156e-08,1.72633470776005e-08,2.28701060601425e-08,4.31019117979386e-09,2.5086628214578e-09,8.83893149862156e-09,4.94260332264247e-09,8.13469542221679e-09,3.78566308135678e-09,2.31489240237115e-09,4.16061968410039e-09,4.63923770174015e-09,1.69215945356117e-09,2.97656973570741e-09,1.93394308232215e-09,3.8392401902841e-09,2.0252889120143e-10,1.30063123096241e-09,4.09581381172718e-09,1.31590599625753e-09,3.50420662661846e-09,-1.19418598200061e-10,1.02685139429096e-09,3.46258081106302e-09,7.40855064611452e-10,4.44063556215075e-09
1.33694706033281e-09,7.91455031429225e-10,2.30504393938656e-09,8.32679765912687e-10,2.25889199302755e-09,1.81725165428297e-09,1.27729623468601e-09,2.9539220972541e-09,8.74681991228267e-09,2.74468829999103e-09,6.71775500077821e-09,6.43876801215036e-09,4.15522959701475e-09,1.12477329627891e-08,6.57811366396686e-09,8.5108227641227e-09,1.02393646225343e-08,7.61049024094753e-09,1.43946665744824e-08,7.61484822402032e-09,3.15915513107247e-09,1.21821488340264e-08,6.38037479828241e-09,1.15381061219406e-08,5.79646653018117e-09,2.50769985316963e-09,1.77498879814953e-09,5.04123658323005e-09,2.4033690753749e-09,4.79204104533385e-09,2.06761653995515e-09,1.54934605976392e-09,1.04159012809487e-09,2.03728117146996e-09,1.26458192021081e-09,1.96091598371919e-09,1.39356699848203e-09,1.21198330124718e-09,1.00803647780735e-09,1.32893129447105e-09,1.64067067375809e-09,2.29290982668483e-09,1.01117650752229e-09,7.77643177690469e-10,1.08980677712093e-09,1.27873082831038e-09,1.17765362679848e-09,1.56192944541676e-09,5.65908944668769e-09,1.10788684520276e-09,4.50662590762004e-09,3.14570920327675e-10,4.28363914614093e-09,3.39953913787583e-09,1.2791360607116e-09,5.013498636303e-09,5.43045615162934e-08,4.80368515937395e-09,2.3436722034292e-08,2.21449390276931e-08,7.4900707296387e-09,6.74607073793172e-08,8.64909949114558e-09,2.95486704282909e-08,4.04008723322478e-08,1.0563219715746e-08,9.63836842766337e-08,1.18248125870185e-08,3.36284465089559e-09,6.12482809414291e-08,1.02838479571123e-08,5.84563884472994e-08,8.69595498962897e-09,2.34943459220381e-09,6.65391489618618e-09,7.47217623309564e-09,2.79282279111429e-09,6.62141606356575e-09,1.91646283098551e-09,5.62119939253081e-09,1.21798472126042e-09,2.42995533506142e-09,5.42842380790611e-09,2.61530079709273e-09,4.73415234519827e-09,9.9882633493745e-10,9.74711642741963e-10,4.87713348463565e-09,1.46311641029286e-09,5.72378198958712e-09,8.28496854549587e-10,8.62197142007163e-10,9.37542163657977e-10,1.02437785683177e-09,9.97911847459475e-10,8.56091567044878e-10
2.11426179474555e-09,2.2507038003988e-09,2.24932320561257e-09,3.20322456229707e-09,2.42277492701489e-09,2.91070318802973e-09,2.12642151328164e-09,2.47932859052637e-09,4.94739152112727e-09,2.44805450871058e-09,4.61540039510371e-09,4.66731371473963e-09,2.99349940462995e-09,5.75704128727817e-09,1.64927578092242e-08,5.42250234789503e-09,1.37563316715581e-08,1.23438648351432e-08,6.96881270431726e-09,1.95990972370453e-08,8.76210620166262e-09,1.57994995378312e-08,1.58319777923592e-08,1.2236381824371e-08,1.49485650326499e-08,6.28233610167367e-09,3.45590971221106e-09,1.15133719643684e-08,6.6059810811578e-09,1.11762660998692e-08,5.0877811660683e-09,2.72949346927284e-09,2.5661641884086e-09,5.13122872530563e-09,2.79367642312975e-09,5.11292305387193e-09,2.06301511520928e-09,2.01315728745906e-09,1.25267315837662e-09,1.78776032864867e-09,2.37691967318362e-09,2.27111484366913e-09,1.64983492622604e-09,9.16738547194847e-10,1.33328709870772e-09,1.93494226451279e-09,1.4583537766777e-09,2.72818057861783e-09,1.02584548381642e-09,8.95347339276221e-09,2.3964129384316e-09,9.33955788946687e-09,1.79633817019544e-09,8.02473823907661e-10,9.31051153981151e-09,2.57144299946863e-09,7.19942383768675e-09,2.08550183241587e-09,7.67558068550942e-09,6.03447891536301e-09,2.92731946541296e-09,8.6471324963082e-09,8.00643050444717e-08,8.18043853890876e-09,3.32298255005663e-08,3.0285769713687e-08,1.18248125870185e-08,9.24114768714041e-08,1.04585657916388e-08,4.00741654424963e-08,5.78862858612636e-08,1.87201752309725e-08,6.93092552348866e-08,6.60624063619814e-09,3.04860969215505e-09,4.22418452040769e-08,7.28370507364927e-09,4.10098161439899e-08,5.57664705476336e-09,2.69530963388497e-09,4.23672972617363e-09,6.16159973967693e-09,1.76711401478653e-09,4.51226639713195e-09,2.02711540364728e-09,3.89154777099024e-09,9.87357711699785e-10,1.30724223715254e-09,4.40131622700117e-09,1.55796052376951e-09,3.57128804212363e-09,4.31663720881965e-10,8.32467667742619e-10,3.65857738912669e-09,9.63012466756081e-10,4.70863511327638e-09
1.71675081229443e-09,1.77083265787573e-09,2.8563876597426e-09,2.18855043776015e-09,3.0516516478665e-09,3.40111608323542e-09,2.02322893377876e-09,3.0891173229362e-09,2.62069721369904e-09,3.37637504539286e-09,2.96531894120248e-09,2.83207496611671e-09,3.98966064387723e-09,3.51702882075436e-09,6.74948718975896e-09,4.40200504912117e-09,6.15842412307972e-09,6.92443776049532e-09,3.77496166133209e-09,7.56591851685095e-09,1.8434451006414e-08,7.09838536476482e-09,1.54685484754375e-08,1.46924799408411e-08,5.37378710339136e-09,1.31182418065332e-08,6.42870602190116e-09,1.08326105737235e-08,1.08978777181766e-08,8.79352640241479e-09,1.07715747648003e-08,4.90703406445838e-09,2.39974628798442e-09,8.92021169126475e-09,5.38290101598364e-09,9.77816146778764e-09,3.25377812397797e-09,1.63198492610583e-09,1.51294449296584e-09,3.51033332953655e-09,1.61268104416044e-09,3.68498261442883e-09,1.34965774482155e-09,1.2069142013622e-09,8.05921334462438e-10,1.24752395544336e-09,1.3694678394927e-09,1.36330960847668e-09,1.56639074350892e-09,1.81855507192481e-09,6.93416962874952e-09,2.51530430346756e-09,8.02135013706775e-09,8.65561721428195e-09,1.49442646682247e-09,7.43795102834099e-09,1.95701077194633e-09,8.59812172737904e-09,1.42974530935028e-09,1.5091625041335e-09,8.96128588781261e-09,3.00889961618927e-09,8.9995644578816e-09,1.31149597394418e-09,7.61505196511595e-09,5.95159378341476e-09,3.36284465089559e-09,1.04585657916388e-08,7.50800582682264e-08,9.08192662712008e-09,3.82090177319732e-08,3.43315931297822e-08,6.61110439105653e-09,5.39673661565345e-08,7.36948263894517e-09,2.56051155627291e-08,3.52956032829037e-08,1.27349479574286e-08,4.25173515048072e-08,5.2698846411688e-09,1.85075274770994e-09,2.71670366478714e-08,5.37576238965414e-09,2.71985141175715e-08,3.77862443874629e-09,1.34594540073489e-09,3.1086856646287e-09,3.85283059244842e-09,8.61185645684809e-10,3.81896420375203e-09,1.22665540655313e-09,2.63856194481496e-09,9.26186019382294e-11,7.9478175126766e-10,2.71813031254516e-09,4.05772646812143e-10
1.68269099484444e-09,1.20875663054707e-09,2.79734885422216e-09,1.46538216415946e-09,2.76432501641784e-09,2.54818371457939e-09,1.52527198871092e-09,3.19685411559913e-09,6.91993632464851e-09,3.06811279315102e-09,5.28151847508631e-09,5.3147668740297e-09,4.26384448157985e-09,8.82661625196598e-09,1.310133316858e-08,6.9237381006669e-09,1.81344630928687e-08,1.50932234650907e-08,1.09980609411892e-08,1.46208906644263e-08,7.82251179658891e-09,2.09760983123098e-08,1.12166781073781e-08,1.6933313615948e-08,1.07357180372099e-08,5.64817159008962e-09,2.5715080867447e-09,7.84885590736126e-09,5.24020346224281e-09,7.34204047270787e-09,4.6267431529321e-09,2.04109574027238e-09,2.03472301455282e-09,4.12639527751528e-09,2.55074844041404e-09,4.58867665397502e-09,1.65120392346799e-09,1.73067866870547e-09,1.18497713479255e-09,1.72774444160955e-09,2.25636797886999e-09,2.18924226835386e-09,1.39920137162954e-09,9.08194407490309e-10,1.12170352119757e-09,1.78374922286055e-09,1.50761519972835e-09,2.47566699772313e-09,5.99564689702418e-09,2.25051425850607e-09,4.76103613155035e-09,1.62115598350479e-09,3.99635032185653e-09,2.80246200334765e-09,2.11366092511156e-09,5.05233735123285e-09,3.23698822333709e-08,4.43313086189862e-09,9.11775151468916e-09,8.72368108689613e-09,6.20116782809748e-09,4.0398685334979e-08,3.32283133099699e-08,1.1215692941559e-08,8.54273936522971e-08,4.01507923277497e-08,6.12482809414291e-08,4.00741654424963e-08,9.08192662712008e-09,1.18692333858327e-07,1.78291464435057e-08,7.87273115085134e-08,2.93588134427267e-08,5.44145140841712e-09,2.94180092650178e-09,1.17144148212704e-08,6.31002177010287e-09,1.01301551133521e-08,4.65531483580462e-09,2.35185350107193e-09,4.15700786968401e-09,5.1987801759368e-09,1.97457075839889e-09,4.06089673465817e-09,1.96175937947394e-09,3.60523616564371e-09,2.53222025092558e-10,1.62311169599328e-09,3.89831515628365e-09,1.20767882190605e-09,3.13862735572405e-09,1.49462630899535e-10,8.35341345165399e-10,3.34631399484224e-09,7.63091605489052e-10,4.51498837014233e-09
2.22003170943223e-09,2.18275536136993e-09,2.62832341677391e-09,3.03104516427739e-09,2.28737159495537e-09,2.89276797315956e-09,2.41345457511063e-09,2.90485048036279e-09,4.60596630510412e-09,2.49846230184532e-09,4.61472606400811e-09,3.83979464679166e-09,3.32620518063528e-09,5.22929185181356e-09,1.30640620604914e-08,5.33726003554608e-09,1.02944475524739e-08,1.0029929600919e-08,6.92550009993526e-09,1.62419381296762e-08,1.71412881944773e-08,1.28274822485414e-08,2.61386237430671e-08,2.15713078875623e-08,1.19738830585778e-08,1.15964130119526e-08,6.65797195642194e-09,1.82492767703225e-08,1.01016607866574e-08,1.57998268009955e-08,9.15988995025433e-09,5.05747933482031e-09,2.89680449514178e-09,7.83708024920785e-09,5.09713776546424e-09,7.80306926796271e-09,3.66651901345003e-09,2.16190724959143e-09,2.1319897165929e-09,3.34625854344026e-09,2.35832345665816e-09,3.78865214545867e-09,1.73369135376805e-09,1.65137969406846e-09,1.47647472319475e-09,1.88882282169398e-09,2.26366801962695e-09,2.5721960790895e-09,1.42247771182588e-09,8.95163015891685e-09,1.91306199258125e-09,1.07770721316086e-08,1.44256661228634e-09,1.6870825143156e-09,9.45537493185592e-09,1.75906029208341e-09,6.61037977052014e-09,1.12564189126355e-09,5.89764148297349e-09,3.71871936171319e-09,2.27457882978483e-09,8.147102575555e-09,4.93906911066783e-08,6.53414300524581e-09,1.40194609192327e-08,1.23754565786156e-08,1.02838479571123e-08,5.78862858612636e-08,3.82090177319732e-08,1.78291464435057e-08,1.06270393256633e-07,5.05655392842284e-08,4.22461806112069e-08,2.56008451776504e-08,5.83095630281403e-09,7.56786724725113e-08,1.2676817733249e-08,5.34612405929953e-08,1.99501212218559e-08,4.38251999169581e-09,1.58184964412926e-09,9.81518370103044e-09,4.20444383181194e-09,9.52570151054923e-09,3.02673956707314e-09,1.26438517357145e-09,4.30586029157465e-09,2.68145708851781e-09,1.51886184188033e-09,2.90970826741484e-09,1.16657696157151e-09,3.35992270129471e-09,8.59255708526439e-10,1.15645187008518e-09,3.51385055519935e-09,1.10804735917488e-09
1.98663526843824e-09,1.74906892057219e-09,2.81608624927619e-09,1.80329102172845e-09,2.86655058760934e-09,2.58035942165262e-09,2.0891527894608e-09,3.25965129907059e-09,6.54730386212438e-09,3.32830861449508e-09,4.80006550964003e-09,4.7585715424889e-09,4.54638608096425e-09,8.01589148731928e-09,9.51734245071097e-09,6.63015705230601e-09,1.37740514448797e-08,1.18500172245441e-08,1.10154869395541e-08,1.16924584270701e-08,1.59582789716827e-08,1.75048617972437e-08,2.05346643752371e-08,2.83192343551957e-08,8.13862074726909e-09,1.1207411988368e-08,5.7573569725748e-09,1.43062286938274e-08,9.02243900303839e-09,1.19189264597065e-08,8.89186661741752e-09,4.30732203370146e-09,2.23729274941583e-09,7.01645406281051e-09,4.29610376720556e-09,7.11846116541607e-09,3.35278346782104e-09,1.90835912317127e-09,2.11918229452408e-09,3.11176149211918e-09,2.07906675561663e-09,3.56359133899844e-09,1.45627949389593e-09,1.74669540348649e-09,1.55688116195368e-09,1.62750126429149e-09,2.46803462248559e-09,2.04682339026368e-09,6.56614097503961e-09,2.63096112205329e-09,3.78389002249796e-09,2.25183017272903e-09,3.89613289300366e-09,2.99894048133745e-09,2.36559892414942e-09,4.12323589414816e-09,3.02021472774811e-08,4.30028873718906e-09,8.05758560742038e-09,7.49317215626712e-09,5.71159267796937e-09,3.78163436052237e-08,1.42624141742281e-08,1.01529730490234e-08,5.28057693053202e-08,1.72633470776005e-08,5.84563884472994e-08,1.87201752309725e-08,3.43315931297822e-08,7.87273115085134e-08,5.05655392842284e-08,1.3463771036807e-07,1.28299824678851e-08,2.28576642609331e-08,5.89834802545843e-09,3.44106216157907e-08,1.08229309841448e-08,1.76203985872699e-08,1.75900972981558e-08,3.80522331401055e-09,1.66633136582887e-09,7.59542686817158e-09,4.40352728287174e-09,8.09924463545762e-09,3.01753246074292e-09,1.37234454871727e-09,3.672588537576e-09,3.42702302093818e-09,1.05846457422557e-09,2.66363726684908e-09,1.25025075802307e-09,3.09650215964595e-09,1.33233233835856e-09,7.39814001705304e-10,4.03857376549718e-09,1.21593807271849e-09
1.41006262161196e-09,1.59145280559384e-09,1.63936932604683e-09,2.43630223045825e-09,1.63676759467703e-09,1.97048921096757e-09,1.56815288397007e-09,1.76083405896133e-09,3.83139397378506e-09,1.71861875555893e-09,3.53821679110044e-09,3.54028266657952e-09,2.06053167781292e-09,4.37787128472367e-09,1.25921345125062e-08,4.00649639607423e-09,1.06120639925506e-08,9.46279791470241e-09,5.25919542869945e-09,1.49474305043051e-08,6.28739688060876e-09,1.21125198050998e-08,1.15159560264481e-08,8.75058883029685e-09,1.77748517730133e-08,7.10751669434376e-09,4.28193547725817e-09,1.36457438473439e-08,7.76166420403776e-09,1.30740456380059e-08,5.57241748584459e-09,3.42698840671359e-09,2.77538793362862e-09,5.97835063009807e-09,3.00660205158824e-09,5.69961552802236e-09,2.53711130527864e-09,2.14822330743239e-09,1.15722662752525e-09,1.97062059653084e-09,2.57424605424499e-09,2.41692475266004e-09,1.74965126111248e-09,9.22330524343504e-10,1.45461543521441e-09,2.05791291712536e-09,1.47919553582844e-09,2.89792585464456e-09,9.82335134201514e-10,6.47070199184782e-09,2.06107527798341e-09,7.94643495406387e-09,1.23937746548e-09,1.28969476662849e-09,6.88074284244081e-09,2.11197810481835e-09,5.35618178481446e-09,1.49902307830401e-09,5.97786433765745e-09,4.50661928697621e-09,2.4147123102837e-09,6.36398693032795e-09,6.02500208260278e-08,6.36851303234562e-09,2.46595800024322e-08,2.28701060601425e-08,8.69595498962897e-09,6.93092552348866e-08,6.61110439105653e-09,2.93588134427267e-08,4.22461806112069e-08,1.28299824678851e-08,9.69361732156128e-08,8.85476664675134e-09,3.46815671676247e-09,6.29836343759942e-08,1.00827478078527e-08,6.15960833647399e-08,7.39763483993679e-09,2.80090127073669e-09,5.14271851082259e-09,8.14861639164051e-09,1.96886103314044e-09,6.44094339417479e-09,2.01694361426762e-09,4.41311323387367e-09,9.99160368837812e-10,1.37635868570029e-09,4.75537276764247e-09,1.66026273844861e-09,3.81533270329375e-09,3.69071193281168e-10,9.54239488356964e-10,3.68146318304940e-09,9.42059406867529e-10,4.79740572275419e-09
1.23171518494496e-09,1.32132967460135e-09,2.17575075143584e-09,1.69170880505858e-09,2.35306000460916e-09,2.64272240923125e-09,1.53260448761933e-09,2.36870279113129e-09,2.12586979055717e-09,2.63101067886825e-09,2.46956756079412e-09,2.35039820366606e-09,2.8062084733828e-09,2.6375729501492e-09,4.9482190783772e-09,3.04345488523623e-09,4.69990283329759e-09,4.94995044888449e-09,2.97064602999686e-09,5.36524374997815e-09,1.31144562155211e-08,5.22960933868232e-09,1.08235411161591e-08,1.06867221005077e-08,6.47823522468771e-09,1.39124639054522e-08,6.81968864856564e-09,1.190760933995e-08,1.15724354729989e-08,9.73506324134206e-09,1.15793188553536e-08,5.24555083612773e-09,2.60738844969315e-09,9.57460573090986e-09,5.7916880158647e-09,1.06396679684961e-08,3.68495787642607e-09,1.9245675482436e-09,1.82472672319977e-09,4.09261986400474e-09,2.11113491792075e-09,4.27447549786578e-09,1.44695006733816e-09,1.41746826041797e-09,8.80690867840608e-10,1.55269492386989e-09,1.52714494345929e-09,1.69705786917362e-09,1.20045473043637e-09,9.89962685888661e-10,5.38570204241253e-09,1.95112366887852e-09,6.40191355808871e-09,7.09652363443168e-09,9.25706064935815e-10,5.73961805060989e-09,1.47804243933219e-09,6.85174046449297e-09,1.37416729947917e-09,1.55815516865883e-09,6.70485099525132e-09,2.39588510141707e-09,5.79604853100056e-09,1.45519757918754e-09,5.14106139213937e-09,4.31019117979386e-09,2.34943459220381e-09,6.60624063619814e-09,5.39673661565345e-08,5.44145140841712e-09,2.56008451776504e-08,2.28576642609331e-08,8.85476664675134e-09,6.11714808269211e-08,8.04682528659584e-09,3.0455378568017e-08,4.04579218558068e-08,1.59516769804835e-08,4.79657398008654e-08,5.90361623059525e-09,2.02139428023672e-09,3.12508667486241e-08,5.71563970830156e-09,3.08878787975363e-08,4.35681042436121e-09,1.58898048548829e-09,3.46253310599179e-09,4.25670003030343e-09,1.24265700578771e-09,4.43028964917292e-09,1.43332496667277e-09,2.85704463639217e-09,2.73980433086183e-10,9.97754332175495e-10,3.02315286793586e-09,6.93093790557902e-10
1.04530811201326e-09,8.96677783511876e-10,1.00078187152953e-09,1.20270734944973e-09,1.14121178021018e-09,1.32273038589714e-09,1.0150706851822e-09,1.23656346271953e-09,2.19790438151251e-09,1.416399107436e-09,2.32441723592739e-09,2.46138228937822e-09,1.3921525772991e-09,2.53201573012605e-09,2.99994839771928e-09,2.46047331055379e-09,3.09053020062618e-09,2.89317196016037e-09,3.09274996879766e-09,3.19369996239326e-09,5.35123907148135e-09,3.36508985487318e-09,5.73267419333387e-09,5.88091742856942e-09,3.22506579135331e-09,5.47181607823176e-09,1.36347998781275e-08,5.67238529268232e-09,1.10049162401676e-08,1.05151150843148e-08,4.4795461421097e-09,1.02103320380064e-08,3.89969137435875e-09,8.28571829121952e-09,8.02235704700991e-09,6.36414153093714e-09,7.74110012060306e-09,3.07588523456384e-09,1.76435925338279e-09,6.05182306885219e-09,3.3211593563308e-09,6.34646474701348e-09,2.50298584067494e-09,1.35967629572658e-09,1.99821442944415e-09,2.4810861832593e-09,1.67142887896603e-09,2.55134470815128e-09,1.00737285346107e-09,3.86052799676767e-10,1.09767927075089e-09,9.65384259556532e-10,1.23852988761038e-09,1.19684260851424e-09,7.0309145413355e-10,1.07714884641666e-09,4.55383549228278e-09,1.55960357954312e-09,5.36569568848256e-09,5.29221245658524e-09,1.64410175161885e-09,5.79673654981926e-09,3.08292781227829e-09,6.42709756390066e-09,2.27442458816569e-09,2.5086628214578e-09,6.65391489618618e-09,3.04860969215505e-09,7.36948263894517e-09,2.94180092650178e-09,5.83095630281403e-09,5.89834802545843e-09,3.46815671676247e-09,8.04682528659584e-09,4.96669571775245e-08,6.50102211514426e-09,2.83549563356858e-08,2.30577758368117e-08,5.90351431701842e-09,3.57900409373067e-08,4.5278422503194e-09,1.96086740467894e-08,2.07721645329157e-08,8.84645409712085e-09,2.84113172744411e-08,3.44721438152709e-09,1.44447369434453e-09,1.60649379644808e-08,3.26222571244376e-09,1.59600536112857e-08,2.72260409399502e-09,9.29626584818943e-10,2.81753721021427e-09,2.24552717915993e-09,1.21607057957787e-09,2.07950417978728e-09
1.39279874491403e-09,1.54469734547635e-09,1.92602129277731e-09,2.24012116227786e-09,1.57551792522278e-09,1.95792907289883e-09,1.72935134333489e-09,2.08090916200343e-09,3.5314387699577e-09,1.7400256015052e-09,3.65024254100322e-09,3.03506120613016e-09,2.32558754958009e-09,3.95357847793423e-09,9.71432783573849e-09,4.04150360662261e-09,7.65965641800694e-09,7.40888970419024e-09,5.2281760651366e-09,1.19652716483734e-08,1.15974820207197e-08,9.49777180035409e-09,1.82434613351971e-08,1.50316825581641e-08,1.395967167739e-08,1.29876660279958e-08,7.18943907888454e-09,2.1119025373759e-08,1.09129132754455e-08,1.74875841810839e-08,1.00090940509911e-08,5.4432587166863e-09,2.8138799089836e-09,8.21619360734866e-09,4.9758246527611e-09,7.87972648452884e-09,4.06188793732501e-09,2.32898126182862e-09,2.47670307807052e-09,3.5454953436361e-09,2.59287231142493e-09,3.95751782879644e-09,1.89315363741154e-09,2.00719363374422e-09,1.61487620523186e-09,2.13046466869094e-09,2.58871903012622e-09,2.82636047256281e-09,1.1511387109105e-09,6.35001657132385e-09,1.62850777212315e-09,8.59232879869043e-09,1.13563109667276e-09,1.79703204656918e-09,6.86869358153129e-09,1.32670027387771e-09,4.92218772728668e-09,7.99984384140571e-10,4.695550015444e-09,3.01665199502359e-09,1.82903584799928e-09,5.96748004435435e-09,3.60147920830062e-08,5.2804928566832e-09,9.43938780259667e-09,8.83893149862156e-09,7.47217623309564e-09,4.22418452040769e-08,2.56051155627291e-08,1.17144148212704e-08,7.56786724725113e-08,3.44106216157907e-08,6.29836343759942e-08,3.0455378568017e-08,6.50102211514426e-09,1.04507846664704e-07,1.58095056585456e-08,7.67651255656566e-08,2.35170311624363e-08,4.60891476312602e-09,1.67181069972625e-09,1.16272098126359e-08,4.29564385052311e-09,1.06639158550067e-08,3.16817268500907e-09,1.44019552971734e-09,4.89368506618918e-09,2.78315884855506e-09,1.61928870475096e-09,3.24010497991952e-09,1.29562816103019e-09,3.91776853640302e-09,1.07150089827387e-09,1.13109521986482e-09,4.27535442063489e-09,1.4443534628629e-09
1.13115018420576e-09,1.15986715901286e-09,2.15455804955793e-09,1.41983026499073e-09,2.50337738193527e-09,2.58175456618689e-09,1.55677028100758e-09,2.60794219851771e-09,2.05571232462609e-09,3.137046370191e-09,2.35107054601762e-09,2.55324244929458e-09,3.13919893030891e-09,2.455818576539e-09,5.01248787907475e-09,3.00883972795422e-09,4.80053019324681e-09,5.03226758219253e-09,2.76898981764024e-09,5.25052902716475e-09,1.08475435242796e-08,5.02973470304198e-09,8.97225621137361e-09,8.83294579172018e-09,6.57136721979515e-09,1.18808518378846e-08,1.24328035309645e-08,1.02307067841677e-08,1.86180181064657e-08,1.58886968761484e-08,9.77851630546876e-09,9.31483317063825e-09,3.93518993336081e-09,1.48008609543083e-08,7.6002535757761e-09,1.29933009364308e-08,6.77404916910906e-09,3.04227536046847e-09,2.04445014162397e-09,5.49185942156669e-09,3.40375247998623e-09,5.95783313454326e-09,2.41904583434832e-09,1.50739853938757e-09,1.95444753105802e-09,2.49609774624036e-09,1.83993318618542e-09,2.83649726254447e-09,1.26144948407641e-09,1.04386709643246e-09,5.46320985811329e-09,1.82616683237407e-09,6.52440671569766e-09,7.04024183331374e-09,1.50360234410702e-09,6.23601549175897e-09,1.79597632337876e-09,8.23905907969852e-09,2.32935276332606e-09,2.57233653903434e-09,6.95011364592441e-09,2.06584757237981e-09,6.55014549419477e-09,2.20547196018752e-09,4.96789473252297e-09,4.94260332264247e-09,2.79282279111429e-09,7.28370507364927e-09,3.52956032829037e-08,6.31002177010287e-09,1.2676817733249e-08,1.08229309841448e-08,1.00827478078527e-08,4.04579218558068e-08,2.83549563356858e-08,1.58095056585456e-08,7.73603492078661e-08,4.19166597213958e-08,3.12506281699555e-08,1.96085768655294e-08,3.95165077368165e-09,5.69105858598773e-08,8.86453711942331e-09,3.90929463312233e-08,1.52063016562695e-08,3.1960167006848e-09,1.19758705769893e-09,6.56495973960671e-09,2.62648611117549e-09,6.33284343541739e-09,2.77575649224642e-09,7.06120038738694e-10,2.96964879802225e-09,1.86976427114511e-09,1.20623922182798e-09,2.19155564099399e-09
1.37633683474883e-09,1.64919828693306e-09,1.78949594484114e-09,2.33548690870677e-09,1.82503183863782e-09,2.2557498553595e-09,1.91989498022767e-09,2.10318273755822e-09,3.26295102081814e-09,2.22676123114704e-09,3.58387017121002e-09,3.36227667528437e-09,2.289344123604e-09,3.56791668282737e-09,8.53687182277531e-09,3.79132751253532e-09,6.79794264930569e-09,6.61696691807876e-09,4.6256260045488e-09,1.03377464122031e-08,1.00604206312517e-08,8.08905664785146e-09,1.51008820479904e-08,1.21630598181776e-08,1.22915446985331e-08,1.13394937486029e-08,1.28433864675102e-08,1.76819058724392e-08,1.80541591154147e-08,2.50687595542571e-08,8.56091735814043e-09,9.22064436336665e-09,3.51074289132811e-09,1.33150366321299e-08,6.7861173155846e-09,1.05173424078632e-08,6.71142788497473e-09,2.752233548196e-09,2.39903940699721e-09,4.57380989065176e-09,3.69685735766617e-09,5.70856015914127e-09,2.25747705775545e-09,1.88412704433698e-09,2.81197034898041e-09,2.90402487724628e-09,2.462156302585e-09,3.66092842921598e-09,1.46342341514662e-09,7.6311900405986e-09,1.55176663336567e-09,9.90219549965612e-09,1.58362775340952e-09,2.83200864361513e-09,8.61205917725704e-09,1.45166049712038e-09,4.60443026949277e-09,1.487999507194e-09,5.00932076491633e-09,3.26474857152195e-09,1.79657833636657e-09,4.90012519875644e-09,3.5240620028232e-08,5.47713072309025e-09,7.59546343564783e-09,8.13469542221679e-09,6.62141606356575e-09,4.10098161439899e-08,1.27349479574286e-08,1.01301551133521e-08,5.34612405929953e-08,1.76203985872699e-08,6.15960833647399e-08,1.59516769804835e-08,2.30577758368117e-08,7.67651255656566e-08,4.19166597213958e-08,1.26346114999661e-07,1.20076598483467e-08,1.55633313137345e-08,2.54697940589677e-09,2.95134526983068e-08,5.74701525261823e-09,1.56270933332587e-08,1.17337434212632e-08,1.8970999292899e-09,1.52688685394702e-09,3.37331331207218e-09,2.3204389619184e-09,4.24067105332964e-09,1.91865807262886e-09,9.5522166498718e-10,4.03928413748737e-09,1.59595969000986e-09,2.08374658662959e-09,2.62398416292969e-09
1.07001050510752e-09,1.24306971277798e-09,1.87539963972163e-09,1.47022290784484e-09,2.07488380905147e-09,2.25983868085119e-09,1.30962907215503e-09,2.00521990585461e-09,1.71109785124848e-09,2.26733690526987e-09,2.0193623433239e-09,1.96392324274388e-09,2.32550658786987e-09,2.18736275992726e-09,4.08199764817676e-09,2.50508537993803e-09,3.84775943103561e-09,4.13830032270136e-09,2.44842744580638e-09,4.35990688032308e-09,1.07677442838735e-08,4.28298576572989e-09,8.70385219424723e-09,8.60383077580324e-09,5.28354769493325e-09,1.1580386220061e-08,5.24785931047499e-09,9.66527866857453e-09,9.57713612158928e-09,7.8168416017984e-09,1.38770825623449e-08,5.8586875860608e-09,2.65962451194214e-09,1.10746362432981e-08,6.29769347714682e-09,1.18183867947664e-08,4.05424387974334e-09,1.93767955582046e-09,1.9159171943367e-09,4.44186875940717e-09,2.29960418479394e-09,4.94636715776914e-09,1.49988440247828e-09,1.53990787991624e-09,1.1679593468053e-09,1.77736124199988e-09,1.66953121062301e-09,1.87757396087586e-09,1.0496304552132e-09,9.33605098343659e-10,4.70744924176798e-09,1.77461865874397e-09,5.60230071865293e-09,6.28524360975426e-09,8.95052375968476e-10,5.22086154911024e-09,1.22689436658601e-09,6.14243460203878e-09,1.13130420364777e-09,1.38021081616457e-09,6.06295167516008e-09,2.01840053392595e-09,4.84504146777528e-09,1.2425768709712e-09,4.44793445512957e-09,3.78566308135678e-09,1.91646283098551e-09,5.57664705476336e-09,4.25173515048072e-08,4.65531483580462e-09,1.99501212218559e-08,1.75900972981558e-08,7.39763483993679e-09,4.79657398008654e-08,5.90351431701842e-09,2.35170311624363e-08,3.12506281699555e-08,1.20076598483467e-08,6.53729833589063e-08,7.55957293467637e-09,2.09637977894492e-09,4.45643579128942e-08,6.85379760519279e-09,4.23975876430782e-08,5.33742951555749e-09,1.87706722848851e-09,3.78357698882805e-09,5.31375142774541e-09,1.47884987645364e-09,5.85185148635295e-09,1.70050023546528e-09,3.15147197928751e-09,5.41481519298001e-10,1.23867594331521e-09,3.29756376512295e-09,9.08807361159977e-10
8.8197287831361e-10,6.22660471266632e-10,6.85022144379083e-10,9.35058002776287e-10,8.61772341007905e-10,1.04238832349372e-09,6.23717367391847e-10,8.44279310630593e-10,1.78808954808341e-09,9.79407650072532e-10,1.80974553114026e-09,1.95796730959579e-09,8.37091671164636e-10,2.05661153527501e-09,2.41349419301737e-09,1.86093122071379e-09,2.46552481003779e-09,2.23064424472449e-09,2.5061190757277e-09,2.68283847859800e-09,4.19029900025871e-09,2.80857397597746e-09,4.44096986219483e-09,4.53192344702731e-09,2.91636416238383e-09,4.48103227404382e-09,1.02131509419182e-08,4.737841310889e-09,8.28893878260555e-09,7.8594364927428e-09,5.41545753763129e-09,1.18669876773477e-08,4.4650922082221e-09,9.83637538353426e-09,9.53082205481883e-09,7.66764144214744e-09,8.8808624227754e-09,3.50670403582837e-09,1.96625804711163e-09,7.14104206125676e-09,3.6714706377166e-09,7.28401242502316e-09,2.85852968493289e-09,1.53091732649606e-09,2.06390888077844e-09,2.81594050727823e-09,1.84574133333406e-09,2.80006764497125e-09,8.01367071309823e-10,1.36261110995857e-10,7.94458737085312e-10,7.65645602492265e-10,1.0025982853127e-09,1.02211107287384e-09,3.82555171861794e-10,9.6563749173771e-10,3.84208216727238e-09,1.38653949203942e-09,4.65866834488049e-09,4.42303304940519e-09,1.31397612893873e-09,4.92907321982449e-09,2.51242982213798e-09,5.47245059905995e-09,1.85108947024211e-09,2.31489240237115e-09,5.62119939253081e-09,2.69530963388497e-09,5.2698846411688e-09,2.35185350107193e-09,4.38251999169581e-09,3.80522331401055e-09,2.80090127073669e-09,5.90361623059525e-09,3.57900409373067e-08,4.60891476312602e-09,1.96085768655294e-08,1.55633313137345e-08,7.55957293467637e-09,4.0612035020133e-08,4.90435857539982e-09,2.35611270183034e-08,2.36150538583514e-08,1.10909926319752e-08,3.19456434699134e-08,3.72059938710019e-09,1.57637946039564e-09,1.83201320057797e-08,3.85788039486311e-09,1.83851745858773e-08,3.04428842371101e-09,1.04633124166074e-09,3.05684776290975e-09,2.70279892673301e-09,1.64515585877724e-09,2.72559797541016e-09
5.51807662546433e-10,4.91957387489168e-10,7.71869879307588e-10,5.72772537414186e-10,7.71515180058934e-10,9.28179500410884e-10,5.9464692366601e-10,8.64922175271382e-10,1.00205436598792e-09,8.84286127243208e-10,1.24733666130557e-09,1.19941530734241e-09,1.18842726752308e-09,1.34573695789412e-09,2.16235578236686e-09,1.64362954039547e-09,2.57150565137709e-09,2.5835014703831e-09,1.48609947430182e-09,2.56775530156046e-09,2.00677317032741e-09,2.9358254713858e-09,1.94699039924769e-09,2.44675570944065e-09,2.88863726191768e-09,2.09416461079707e-09,4.13359580827678e-09,2.20689795943565e-09,3.77391903596519e-09,3.84005075599566e-09,2.38835616294595e-09,4.73838101085007e-09,1.20497405537265e-08,4.26484284260663e-09,1.01383268778383e-08,8.97850073132878e-09,3.46300990056745e-09,9.17840222275742e-09,3.99485720057334e-09,7.22464631981845e-09,7.51693770716856e-09,5.64706580584336e-09,7.55082971740046e-09,3.36653592486876e-09,1.57246283180294e-09,6.01022285165234e-09,3.30841394646713e-09,5.81528251824264e-09,4.1744306146386e-10,1.46767899364573e-11,7.58733322332901e-10,3.954502955281e-10,5.86596309438411e-10,8.42404020429271e-10,-5.0965366755603e-11,6.74645030355967e-10,8.27256033525849e-10,5.52534508021932e-10,1.27979366052834e-09,1.28143230079307e-09,1.00177607104389e-09,7.77827749875617e-10,3.45787297774307e-09,1.36572796872615e-09,3.61215175055165e-09,4.16061968410039e-09,1.21798472126042e-09,4.23672972617363e-09,1.85075274770994e-09,4.15700786968401e-09,1.58184964412926e-09,1.66633136582887e-09,5.14271851082259e-09,2.02139428023672e-09,4.5278422503194e-09,1.67181069972625e-09,3.95165077368165e-09,2.54697940589677e-09,2.09637977894492e-09,4.90435857539982e-09,4.13313727819382e-08,4.465722851751e-09,2.31462815748937e-08,2.16343909412383e-08,3.72022901549458e-09,3.18868553984713e-08,4.1912456959214e-09,1.71387138478084e-08,1.82742851185008e-08,6.96245538739016e-09,2.63168818128866e-08,3.64767359277748e-09,1.58528974620777e-09,1.50437419618175e-08,3.43273534676677e-09,1.45837409740046e-08
1.02572790845948e-09,1.03517448134003e-09,1.83540046291387e-09,1.26137081378063e-09,2.18003617856198e-09,2.29171125057797e-09,1.24102375363516e-09,2.09745140546896e-09,1.7628477342472e-09,2.58595390946945e-09,1.93401994055726e-09,2.14519307414122e-09,2.33872894294844e-09,2.12533309163144e-09,4.02438753754639e-09,2.40215909413362e-09,3.92784664948838e-09,4.14162477554382e-09,2.45871726530819e-09,4.35318806197864e-09,8.96581850937547e-09,4.30435128278722e-09,7.25875546601009e-09,7.25339252767221e-09,5.48837967018649e-09,9.78097752347561e-09,9.31923091536654e-09,8.30049263546442e-09,1.48059871995791e-08,1.24124241168081e-08,1.17568555771889e-08,1.07623666521526e-08,4.45805786568675e-09,1.73422404083328e-08,8.72092121180622e-09,1.48644459739934e-08,7.70953901636059e-09,3.4418866042583e-09,2.58027028755279e-09,6.28348302475464e-09,3.99886941334123e-09,6.9695804522647e-09,2.82660743488684e-09,1.89488239110251e-09,2.30676912629097e-09,3.06689019687058e-09,2.3128697361229e-09,3.35199719067421e-09,9.98435376261462e-10,7.69953715981549e-10,4.74324016942699e-09,1.33361954136381e-09,5.76843699243499e-09,5.96274279508345e-09,1.19031583468332e-09,5.61322936704268e-09,1.66348801906362e-09,7.33795089973764e-09,2.20104720287635e-09,2.46759954930523e-09,6.2559458401916e-09,1.97391221193207e-09,5.27109653300178e-09,2.21549146264398e-09,4.37377549611071e-09,4.63923770174015e-09,2.42995533506142e-09,6.16159973967693e-09,2.71670366478714e-08,5.1987801759368e-09,9.81518370103044e-09,7.59542686817158e-09,8.14861639164051e-09,3.12508667486241e-08,1.96086740467894e-08,1.16272098126359e-08,5.69105858598773e-08,2.95134526983068e-08,4.45643579128942e-08,2.35611270183034e-08,4.465722851751e-09,7.55680250271521e-08,1.09202364889383e-08,5.34083522411165e-08,1.78141343277002e-08,3.78937535921911e-09,1.5613678571838e-09,8.22563737731579e-09,3.25213510528393e-09,8.23261148129156e-09,3.46267471042566e-09,1.01186454658887e-09,3.30706286084536e-09,2.44354659817326e-09,1.79713273030262e-09,2.86417149151186e-09
7.51690295239378e-10,7.5742054259674e-10,9.93880083064655e-10,8.50089470213962e-10,1.09633418800405e-09,1.1599172668456e-09,8.16538235028506e-10,1.20029685534894e-09,1.67920742592376e-09,1.19221815340547e-09,2.1505379537374e-09,1.96843713517078e-09,1.41466261985827e-09,2.21274428935214e-09,2.35593861412682e-09,2.57763833395913e-09,2.55985820445538e-09,2.89761478665063e-09,2.61246291811807e-09,2.78117492417302e-09,3.87851059758920e-09,3.06747889821538e-09,4.22991721969196e-09,4.82389769719625e-09,2.84116780669072e-09,3.92099827092972e-09,8.14500004438807e-09,4.2119711548487e-09,6.14260871525977e-09,6.29728432219061e-09,4.74260970450059e-09,9.60509467115463e-09,9.96292901266735e-09,7.41153939321398e-09,1.69673339890501e-08,1.37590902571587e-08,7.00193446001589e-09,7.42200854332391e-09,4.09538618441923e-09,1.22126934927741e-08,6.16172761468168e-09,1.04697625441123e-08,6.06774285864517e-09,3.34229536607942e-09,2.37038581480244e-09,4.74066124236241e-09,3.51149811120433e-09,4.68645497829805e-09,2.6256141336952e-10,-8.03027162457117e-11,1.00240516852985e-09,4.26180933998758e-10,1.14924277758204e-09,1.18022543901556e-09,-3.03949064548186e-10,8.14495703798467e-10,3.40584328107235e-09,8.99360024836258e-10,4.35606702351003e-09,4.16815539147025e-09,9.75303857633252e-10,4.64001880263604e-09,1.16434519443789e-09,5.07719409686938e-09,1.62309694085974e-09,1.69215945356117e-09,5.42842380790611e-09,1.76711401478653e-09,5.37576238965414e-09,1.97457075839889e-09,4.20444383181194e-09,4.40352728287174e-09,1.96886103314044e-09,5.71563970830156e-09,2.07721645329157e-08,4.29564385052311e-09,8.86453711942331e-09,5.74701525261823e-09,6.85379760519279e-09,2.36150538583514e-08,2.31462815748937e-08,1.09202364889383e-08,5.47213626804265e-08,3.49189853362869e-08,1.83216077321978e-08,1.71407412200018e-08,4.19707254076466e-09,4.15372120536328e-08,7.72737260623427e-09,2.58982429843764e-08,1.39382032723871e-08,3.29783193072278e-09,1.99896439333733e-09,5.7579703125031e-09,3.62674904127516e-09,5.76657749775798e-09
1.02602393285634e-09,1.20621273273168e-09,2.21325501591624e-09,1.253215774866e-09,2.43643136235132e-09,2.37606559140623e-09,1.42233257723734e-09,2.44411127419311e-09,1.48078290721868e-09,2.72309388216524e-09,2.03766016973803e-09,2.11271081008354e-09,2.99678793824664e-09,2.03592472994798e-09,3.56756453388618e-09,2.91300543816802e-09,3.38387796840923e-09,4.38564267780049e-09,2.26644348523181e-09,4.12215991913467e-09,8.41982673522106e-09,3.99771848156075e-09,6.74720079490807e-09,6.87618288692154e-09,5.35366960375621e-09,9.00934308329234e-09,7.38815499003937e-09,7.82448361232135e-09,1.19553160711231e-08,1.04367017645875e-08,1.07899600614415e-08,8.59580362229786e-09,9.59410096680822e-09,1.40146483205291e-08,1.54787329029988e-08,2.26150300083409e-08,5.90824126872036e-09,7.16400334328421e-09,4.29801356338117e-09,1.08869184320223e-08,5.97102730529165e-09,9.55494334399737e-09,5.86483081815176e-09,3.37951735123641e-09,2.10934302025841e-09,4.47617572767437e-09,3.51422788145298e-09,4.78417768167145e-09,8.04876003272373e-10,6.53671388907594e-10,5.68917765879866e-09,1.31713088406463e-09,6.19621877121626e-09,6.78490909498758e-09,6.09108444130498e-10,6.34228005245388e-09,1.6792191368662e-09,7.11082275257048e-09,1.85149240335139e-09,2.08694399486415e-09,6.63896860847445e-09,1.95953780549889e-09,3.06305167397081e-09,1.50526301407037e-09,3.31884113271264e-09,2.97656973570741e-09,2.61530079709273e-09,4.51226639713195e-09,2.71985141175715e-08,4.06089673465817e-09,9.52570151054923e-09,8.09924463545762e-09,6.44094339417479e-09,3.08878787975363e-08,8.84645409712085e-09,1.06639158550067e-08,3.90929463312233e-08,1.56270933332587e-08,4.23975876430782e-08,1.10909926319752e-08,2.16343909412383e-08,5.34083522411165e-08,3.49189853362869e-08,9.60759045288946e-08,7.91857811342018e-09,1.60101567775233e-08,3.29245389569361e-09,2.56820535299969e-08,5.94378979374663e-09,1.26953482739044e-08,1.33353012895978e-08,2.62482706934638e-09,1.3768513347178e-09,4.69201282766074e-09,2.80268271074882e-09,4.86525404848745e-09
9.93306227087061e-10,3.98547776045815e-10,5.48093534743064e-10,8.56319175659314e-10,6.83149350934336e-10,1.07980393318015e-09,4.35796658420048e-10,6.71876214041737e-10,1.39084678393721e-09,7.10701933431284e-10,1.39096787323402e-09,1.37813991137313e-09,6.26454664089058e-10,1.47471782433212e-09,1.80960691528533e-09,1.38923791495389e-09,1.96070914019494e-09,1.90456920570585e-09,1.89741276367711e-09,2.08220750839106e-09,3.10505076361322e-09,2.22780396049569e-09,3.05019923081434e-09,3.32154268143969e-09,2.28227869838199e-09,3.47752880977432e-09,7.74460068338853e-09,3.38441165899754e-09,6.59264991988194e-09,5.8360158243311e-09,4.02277690744753e-09,8.8784865089472e-09,3.50753876168702e-09,7.48002006245863e-09,7.14026649210636e-09,5.93379477163838e-09,1.21259447222599e-08,4.62208685264782e-09,2.59141230285239e-09,9.79544219791771e-09,4.98002307918087e-09,1.01830546890016e-08,3.66518505396665e-09,1.94730833384202e-09,2.50047442254679e-09,3.73528658330716e-09,2.18640740659074e-09,3.43411696271468e-09,1.02851892734982e-09,1.20233093847484e-10,6.73711892241328e-10,7.58923127556097e-10,6.96987956544938e-10,8.89129807079513e-10,3.0375718450865e-10,5.55954388120411e-10,3.17692912374485e-09,6.40500642090975e-10,3.81686062078172e-09,3.27221152275709e-09,8.5520909874925e-10,4.07650638457371e-09,1.77323254728813e-09,4.49821074610875e-09,1.56875988421202e-09,1.93394308232215e-09,4.73415234519827e-09,2.02711540364728e-09,3.77862443874629e-09,1.96175937947394e-09,3.02673956707314e-09,3.01753246074292e-09,2.01694361426762e-09,4.35681042436121e-09,2.84113172744411e-08,3.16817268500907e-09,1.52063016562695e-08,1.17337434212632e-08,5.33742951555749e-09,3.19456434699134e-08,3.72022901549458e-09,1.78141343277002e-08,1.83216077321978e-08,7.91857811342018e-09,4.46222901038692e-08,5.16597982094513e-09,2.07219984475864e-09,2.74766550982373e-08,5.36102169921788e-09,2.75565696268506e-08,4.23023013782217e-09,1.43755302011476e-09,3.54116493488172e-09,3.81347567978982e-09,2.07349632088766e-09,3.92541470636586e-09
4.61239074206632e-10,3.40711773148923e-10,7.63454742073376e-10,4.64031360220858e-10,6.99405754491284e-10,8.55828740764872e-10,4.70252202030578e-10,8.06232493518917e-10,8.83536356494931e-10,7.66104270315614e-10,8.91259113417497e-10,9.21402757144573e-10,1.06160344497214e-09,1.09729341203852e-09,2.0091865731075e-09,1.20379905805603e-09,2.32806882583655e-09,2.31727080388443e-09,1.22055737491643e-09,2.31426578948721e-09,1.36215576528454e-09,2.51444552418441e-09,1.48820311030604e-09,1.87052931547209e-09,2.50937484480815e-09,1.47189622461659e-09,3.01424463603427e-09,1.69916445688255e-09,2.78499705863476e-09,3.01750855762609e-09,1.70811288662273e-09,3.46119382129175e-09,9.179938311436e-09,3.09174682015378e-09,7.22481034840888e-09,6.34288771484067e-09,5.40095135582868e-09,1.19108886732902e-08,5.42084532161627e-09,1.03784164075607e-08,1.02750867629517e-08,8.98988283989085e-09,9.44328323712777e-09,4.11503496149548e-09,1.88265087655209e-09,7.77772190718282e-09,3.93849356731215e-09,7.35030151646399e-09,5.36383519581588e-10,2.57053736357153e-10,6.71003433216586e-10,4.93940073668822e-10,5.68248095474063e-10,6.79682745037057e-10,1.32767112616194e-10,6.09229797428792e-10,8.22615332607278e-10,4.8787408966954e-10,8.12023796303743e-10,7.92837259100701e-10,8.73951540792175e-10,7.88292349166967e-10,3.39176046065876e-09,8.63659006690079e-10,3.34760809656908e-09,3.8392401902841e-09,9.9882633493745e-10,3.89154777099024e-09,1.34594540073489e-09,3.60523616564371e-09,1.26438517357145e-09,1.37234454871727e-09,4.41311323387367e-09,1.58898048548829e-09,3.44721438152709e-09,1.44019552971734e-09,3.1960167006848e-09,1.8970999292899e-09,1.87706722848851e-09,3.72059938710019e-09,3.18868553984713e-08,3.78937535921911e-09,1.71407412200018e-08,1.60101567775233e-08,5.16597982094513e-09,3.9567569696798e-08,5.61973353607162e-09,2.16102246191669e-08,2.32322538091856e-08,9.42005055794687e-09,3.23444292118531e-08,4.47840436511035e-09,1.77712346562904e-09,1.88912175609824e-08,4.25716418953865e-09,1.82223302656774e-08
2.54844337461128e-10,2.98601761832799e-10,3.36815116508329e-10,2.15442848536858e-10,4.39148392367857e-10,3.13752214526481e-10,3.71698217259869e-10,5.06034585713468e-10,8.05903201835387e-10,5.96968182492345e-10,7.58300832442117e-10,9.16392253632742e-10,6.48028770929377e-10,9.84013612544851e-10,1.11469206420879e-09,1.00869709227095e-09,9.19661262599313e-10,1.00334525521111e-09,1.16576850754923e-09,1.3096058427935e-09,1.42790269491016e-09,1.0852959253858e-09,2.05599379769572e-09,1.91488681008364e-09,1.72393679870661e-09,2.00176282755907e-09,1.87362679449951e-09,2.6995292154401e-09,1.69750135060534e-09,2.50355072430466e-09,2.25273554155367e-09,2.17147367714876e-09,4.13715496686635e-09,2.1379280466667e-09,3.95276239705774e-09,3.82557187506348e-09,3.05890040240399e-09,5.4968502571021e-09,1.40999629239112e-08,5.64562175269988e-09,1.22580644969633e-08,1.2364744119328e-08,4.25642506858283e-09,1.02551651307182e-08,5.13512474356263e-09,8.75484819660953e-09,8.87699995617234e-09,7.52899709120057e-09,2.5081024299681e-10,4.93548025912877e-10,1.13205410928107e-10,5.28229493791298e-10,5.43653567502187e-10,6.09381577350787e-10,4.72245754737065e-10,-1.57225796716157e-11,6.00387975903504e-10,3.59253715462214e-10,8.76808189111512e-10,1.24653755298715e-09,2.48896738787203e-11,6.74596366910502e-10,8.30654402777279e-10,7.210927808109e-10,1.27322010713035e-10,2.0252889120143e-10,9.74711642741963e-10,9.87357711699785e-10,3.1086856646287e-09,2.53222025092558e-10,4.30586029157465e-09,3.672588537576e-09,9.99160368837812e-10,3.46253310599179e-09,1.44447369434453e-09,4.89368506618918e-09,1.19758705769893e-09,1.52688685394702e-09,3.78357698882805e-09,1.57637946039564e-09,4.1912456959214e-09,1.5613678571838e-09,4.19707254076466e-09,3.29245389569361e-09,2.07219984475864e-09,5.61973353607162e-09,3.91890122509972e-08,5.55199888872086e-09,2.26074199080791e-08,2.2966435595538e-08,4.47954023903619e-09,3.03341818412713e-08,4.86301395754454e-09,1.66740464261593e-08,1.82019625991456e-08,7.50189366166448e-09
7.47079772211872e-10,4.41745562697827e-10,8.2262191503946e-10,7.24145921764412e-10,9.58855678201007e-10,1.28906596629182e-09,5.53193117224323e-10,9.1330825089846e-10,1.36761433620319e-09,8.43870318997243e-10,1.36969084539824e-09,1.24747114595923e-09,1.05783187966584e-09,1.71760394448494e-09,1.88232339446669e-09,1.70962214585898e-09,2.09181917530545e-09,2.32467579318704e-09,2.02101296380211e-09,2.21131244407876e-09,2.53567119337847e-09,2.37086434050222e-09,2.8172485666857e-09,3.32078987595581e-09,2.32673582947986e-09,2.6702270231383e-09,5.8889721290961e-09,2.87394492602327e-09,4.54338910255883e-09,4.60481815997358e-09,3.33685490213924e-09,6.99616505050378e-09,7.42045727254739e-09,5.37485352284336e-09,1.22077945517486e-08,9.92401509624305e-09,1.14196855592706e-08,9.71716451900888e-09,5.66053544123545e-09,1.80440914726794e-08,8.93130815670472e-09,1.74057511664713e-08,7.46242170351191e-09,4.06030025659418e-09,2.62223199059857e-09,6.14188646745013e-09,4.01398282210007e-09,5.64659137351489e-09,7.46126711790933e-10,-1.48943703033701e-11,6.79777052161189e-10,4.0607176646293e-10,7.95739955184545e-10,9.96821672810929e-10,-1.07681647028938e-10,4.4880366863202e-10,3.1570410175611e-09,5.97784116615555e-10,3.4424138336844e-09,3.51534423830063e-09,7.15416886163632e-10,4.27047311336846e-09,7.52066095340341e-10,4.19299668831810e-09,1.56682111130695e-09,1.30063123096241e-09,4.87713348463565e-09,1.30724223715254e-09,3.85283059244842e-09,1.62311169599328e-09,2.68145708851781e-09,3.42702302093818e-09,1.37635868570029e-09,4.25670003030343e-09,1.60649379644808e-08,2.78315884855506e-09,6.56495973960671e-09,3.37331331207218e-09,5.31375142774541e-09,1.83201320057797e-08,1.71387138478084e-08,8.22563737731579e-09,4.15372120536328e-08,2.56820535299969e-08,2.74766550982373e-08,2.16102246191669e-08,5.55199888872086e-09,5.7537936634277e-08,1.03238138097838e-08,3.79167186370774e-08,1.72637976495423e-08,4.07344862727312e-09,2.36958487785685e-09,7.57020540239265e-09,4.39603387237586e-09,7.4593283241434e-09
4.2434839436534e-10,3.25209762012542e-10,7.17683034890244e-10,4.45827165302722e-10,6.76794495215299e-10,6.33206166727874e-10,4.20484577096549e-10,8.96672953082659e-10,1.20585522642533e-09,8.21926565202928e-10,1.22318946602344e-09,1.31266098922234e-09,1.10578304167771e-09,1.38961111713993e-09,2.48979961262077e-09,1.45121924203271e-09,2.55348383552704e-09,2.51423489713902e-09,1.49611854442018e-09,2.6885145975292e-09,1.44550960087102e-09,2.62752950888464e-09,1.93523529453556e-09,1.96172061105026e-09,3.02137033738384e-09,1.90658408297928e-09,3.49731416628923e-09,2.36559343346608e-09,3.18468069138428e-09,3.69330185217663e-09,2.39239826775804e-09,4.06398595440948e-09,8.10450921104841e-09,3.7293269567003e-09,6.63588915780451e-09,6.04806669643664e-09,5.57815958832093e-09,1.05795334131641e-08,1.20082559621109e-08,8.83374492192965e-09,1.85329408884167e-08,1.62792557693745e-08,8.1872824964441e-09,8.51201175790997e-09,4.427678318802e-09,1.36262867246034e-08,7.18206771090713e-09,1.18573373096395e-08,5.86659836380524e-10,5.66178192744558e-10,6.27392564869652e-10,6.23335008599269e-10,4.84681848463857e-10,4.16273128453262e-10,4.3888757157189e-10,6.36958378502475e-10,1.15416180627709e-09,4.77842117113509e-10,1.29159379871605e-09,1.45437507248869e-09,7.86210955399678e-10,1.27246082162916e-09,4.29830784210213e-09,1.22208285611245e-09,3.95494432045634e-09,4.09581381172718e-09,1.46311641029286e-09,4.40131622700117e-09,8.61185645684809e-10,3.89831515628365e-09,1.51886184188033e-09,1.05846457422557e-09,4.75537276764247e-09,1.24265700578771e-09,3.26222571244376e-09,1.61928870475096e-09,2.62648611117549e-09,2.3204389619184e-09,1.47884987645364e-09,3.85788039486311e-09,1.82742851185008e-08,3.25213510528393e-09,7.72737260623427e-09,5.94378979374663e-09,5.36102169921788e-09,2.32322538091856e-08,2.26074199080791e-08,1.03238138097838e-08,5.05331859334724e-08,3.1524466389907e-08,1.88934380380919e-08,1.66757571518942e-08,4.15057509525842e-09,3.90472673085322e-08,7.80174309133745e-09,2.51970602791029e-08
6.73925799066187e-10,4.85654807693577e-10,6.68553333210405e-10,7.49430231726652e-10,8.52641089256133e-10,9.90845781931681e-10,6.30090035763829e-10,9.78413656614351e-10,2.19789862840691e-09,1.06235162485593e-09,2.30576185170162e-09,2.4606467161597e-09,1.09017753274551e-09,2.50430253733992e-09,2.22708985338289e-09,2.44192908925379e-09,2.38417898298816e-09,2.37325492465527e-09,2.9031862118596e-09,2.44130724648918e-09,2.65706880107509e-09,2.65785778511855e-09,3.27143374779323e-09,3.53932322301326e-09,2.71128699005107e-09,3.07763920300702e-09,6.67191800364658e-09,3.61526280021141e-09,4.95517825536405e-09,5.29835851258018e-09,3.8740450027133e-09,7.88324084542929e-09,6.39647833692815e-09,6.10369066858508e-09,1.1588557154282e-08,9.43965663308743e-09,1.12001905133554e-08,8.36850623055051e-09,1.23630206301518e-08,1.52368045864052e-08,1.68189479109122e-08,2.66550068943113e-08,6.29041637202763e-09,8.54680393024818e-09,4.92946698234759e-09,1.17291043747247e-08,6.91269761069044e-09,9.55404659900394e-09,6.85908701578783e-10,2.4247435968912e-10,5.87251341928605e-10,4.79795179918562e-10,7.42882654004779e-10,7.50148996795226e-10,2.29327928148747e-10,4.26558649689749e-10,4.11188356877034e-09,7.94044856993811e-10,5.04616459610959e-09,4.81636835793321e-09,4.85266214829123e-10,5.24921058212162e-09,1.39092447750776e-09,5.55506977745157e-09,1.410869989225e-09,1.31590599625753e-09,5.72378198958712e-09,1.55796052376951e-09,3.81896420375203e-09,1.20767882190605e-09,2.90970826741484e-09,2.66363726684908e-09,1.66026273844861e-09,4.43028964917292e-09,1.59600536112857e-08,3.24010497991952e-09,6.33284343541739e-09,4.24067105332964e-09,5.85185148635295e-09,1.83851745858773e-08,6.96245538739016e-09,8.23261148129156e-09,2.58982429843764e-08,1.26953482739044e-08,2.75565696268506e-08,9.42005055794687e-09,2.2966435595538e-08,3.79167186370774e-08,3.1524466389907e-08,7.65253045743085e-08,7.17739841519145e-09,1.60084258043885e-08,5.06233403386902e-09,2.2312303599584e-08,7.58035626007094e-09,1.15225636628861e-08
4.83747009876705e-10,4.1342131704519e-10,7.4182872631476e-10,5.22885385437164e-10,6.55607758064326e-10,7.49914690158561e-10,4.53282226911027e-10,7.63162670372228e-10,8.20106135063090e-10,7.20623072372196e-10,8.88101404139385e-10,8.89328703046942e-10,9.59228411662392e-10,9.46555651682087e-10,1.79568788350131e-09,1.07405017922453e-09,2.101494824514e-09,2.08065358707235e-09,1.06538879238819e-09,2.0503177370948e-09,1.27230520976202e-09,2.27194936931024e-09,1.45756866287904e-09,1.76768032031728e-09,2.2431735072687e-09,1.36001317969189e-09,2.39129791955023e-09,1.60811357159047e-09,2.42948579527921e-09,2.72204228389076e-09,1.57307615239677e-09,2.77625518860612e-09,7.54955832193965e-09,2.65411928129793e-09,5.85068802007816e-09,5.28992181187567e-09,4.01564128855663e-09,9.4412168113072e-09,4.11620456077617e-09,7.7344322316133e-09,7.77759436779337e-09,6.04667924921798e-09,1.22692403781975e-08,4.98663384580353e-09,2.29956887926121e-09,1.00807245116621e-08,4.59445195166025e-09,9.1101531404374e-09,6.39153759325701e-10,3.99100734013882e-10,5.32214769470233e-10,5.44169430030131e-10,4.16576842348092e-10,4.68920265258102e-10,2.21322291954092e-10,4.28136190368252e-10,7.29682594984837e-10,3.94505978849353e-10,6.33727054190788e-10,5.89597461104246e-10,7.12502818948552e-10,7.52916407495498e-10,3.20465302846294e-09,7.60960876067795e-10,3.04091176604537e-09,3.50420662661846e-09,8.28496854549587e-10,3.57128804212363e-09,1.22665540655313e-09,3.13862735572405e-09,1.16657696157151e-09,1.25025075802307e-09,3.81533270329375e-09,1.43332496667277e-09,2.72260409399502e-09,1.29562816103019e-09,2.77575649224642e-09,1.91865807262886e-09,1.70050023546528e-09,3.04428842371101e-09,2.63168818128866e-08,3.46267471042566e-09,1.39382032723871e-08,1.33353012895978e-08,4.23023013782217e-09,3.23444292118531e-08,4.47954023903619e-09,1.72637976495423e-08,1.88934380380919e-08,7.17739841519145e-09,4.53989589347154e-08,5.55045810986985e-09,2.49957047950722e-09,2.78025258090976e-08,5.22655311138796e-09,2.68693560382062e-08
2.7923851572802e-10,3.1274897145269e-10,3.30777916699625e-10,2.2711451192823e-10,4.61607004703689e-10,3.51225051404661e-10,3.52926286080643e-10,3.97019841590428e-10,7.32165511996284e-10,4.92815651229547e-10,6.42127144460286e-10,7.71951095412613e-10,5.02992351639576e-10,8.89785125899754e-10,9.17722225847049e-10,8.36869884825258e-10,8.38959575067607e-10,8.82301529801564e-10,9.81271858497146e-10,1.05925001427857e-09,1.20962918605322e-09,9.32542383914035e-10,1.59622130517401e-09,1.46761475631788e-09,1.43176468923822e-09,1.65947057717675e-09,1.3890257566113e-09,2.13566242660292e-09,1.31129029633471e-09,1.94790345885953e-09,1.88077564522718e-09,1.61220273432754e-09,3.37960150037152e-09,1.65707359872488e-09,3.08264564352068e-09,2.99723801765493e-09,2.25771401769125e-09,4.2503796645379e-09,1.02544847975657e-08,4.24978021870928e-09,8.75105591747812e-09,8.57642905990216e-09,5.51314460787735e-09,1.25340267831235e-08,6.4607169123728e-09,1.0981371746317e-08,1.10331461358249e-08,9.62496613085215e-09,3.08685191767053e-10,4.62952006042845e-10,1.16794456671194e-11,4.74205542286801e-10,5.15250900728303e-10,6.22694294314103e-10,5.74151200550431e-10,-7.18843603431755e-11,3.74687911490974e-10,4.28396473479637e-10,5.43312196542094e-10,1.14762667702706e-09,-3.55189709428452e-11,6.48395392141831e-10,2.58391544694233e-10,4.05604453972564e-10,2.43056087987971e-11,-1.19418598200061e-10,8.62197142007163e-10,4.31663720881965e-10,2.63856194481496e-09,1.49462630899535e-10,3.35992270129471e-09,3.09650215964595e-09,3.69071193281168e-10,2.85704463639217e-09,9.29626584818943e-10,3.91776853640302e-09,7.06120038738694e-10,9.5522166498718e-10,3.15147197928751e-09,1.04633124166074e-09,3.64767359277748e-09,1.01186454658887e-09,3.29783193072278e-09,2.62482706934638e-09,1.43755302011476e-09,4.47840436511035e-09,3.03341818412713e-08,4.07344862727312e-09,1.66757571518942e-08,1.60084258043885e-08,5.55045810986985e-09,3.70323720587011e-08,6.43740013802717e-09,2.09771777403346e-08,2.26018392634044e-08,9.84055446173926e-09
5.39989732559244e-10,4.95458153392154e-10,5.91782801229469e-10,6.39479956427953e-10,6.33351618589939e-10,7.23595980454054e-10,5.11638277302307e-10,5.44770993984499e-10,7.6870027276999e-10,6.18658298004965e-10,7.67718621439473e-10,8.36104062056802e-10,5.2109315448063e-10,8.17908571182829e-10,1.0962098205288e-09,7.45805054934617e-10,9.93505370118276e-10,1.12189468882451e-09,1.07396023765479e-09,1.22850834077658e-09,1.04322315449409e-09,1.0437188025746e-09,1.50297548713078e-09,1.54344809093549e-09,1.40677221632397e-09,1.11800982440418e-09,1.82205987449966e-09,1.58035884225939e-09,2.09152663495104e-09,2.41472486519135e-09,1.51013797784372e-09,2.0301726516282e-09,2.01337898284459e-09,2.44356414088467e-09,2.312242036945e-09,2.37995141311301e-09,2.55816671900791e-09,2.45141386933255e-09,5.97188994620622e-09,2.97985331059077e-09,5.65459772333251e-09,6.0968824495877e-09,3.38193942332267e-09,7.25746050894348e-09,1.75527234931068e-08,7.09125676554303e-09,1.61250794361704e-08,1.5629629932556e-08,7.646315760448e-10,2.86512700349472e-10,8.35234382444204e-10,6.59785619204571e-10,1.31035596766786e-09,1.5434994352937e-09,3.15455926414472e-10,5.72577831041004e-10,3.66249145245666e-10,1.14317312028225e-09,5.7110655557315e-10,9.45914732645001e-10,6.84813723032861e-10,3.99188498194366e-10,5.59960795032205e-10,5.45544285057386e-10,3.34400407503753e-10,1.02685139429096e-09,9.37542163657977e-10,8.32467667742619e-10,9.26186019382294e-11,8.35341345165399e-10,8.59255708526439e-10,1.33233233835856e-09,9.54239488356964e-10,2.73980433086183e-10,2.81753721021427e-09,1.07150089827387e-09,2.96964879802225e-09,4.03928413748737e-09,5.41481519298001e-10,3.05684776290975e-09,1.58528974620777e-09,3.30706286084536e-09,1.99896439333733e-09,1.3768513347178e-09,3.54116493488172e-09,1.77712346562904e-09,4.86301395754454e-09,2.36958487785685e-09,4.15057509525842e-09,5.06233403386902e-09,2.49957047950722e-09,6.43740013802717e-09,4.57788538116281e-08,5.65953263788652e-09,2.99078320837123e-08,2.87844286975997e-08
4.92380083852771e-10,4.3667626021463e-10,6.60062897972049e-10,6.16970421337392e-10,6.201034171473e-10,6.36791759293728e-10,4.30507170340462e-10,7.14188559050604e-10,1.06155163955928e-09,6.48478411660082e-10,1.03283195258967e-09,1.11666965083081e-09,9.13029529733918e-10,1.12404297890983e-09,1.99473184011789e-09,1.14846051751704e-09,2.11127485132083e-09,2.11907675486346e-09,1.2130123739055e-09,2.10202716052112e-09,1.25758163808653e-09,2.21619798341784e-09,1.47997136594051e-09,1.58227633782021e-09,2.46972286624087e-09,1.64272353610174e-09,2.59943091692629e-09,1.86898078469761e-09,2.59115287555419e-09,2.946732534663e-09,2.05165045483059e-09,3.02097189966788e-09,6.45691531728313e-09,2.95385865574444e-09,5.00970646283708e-09,4.71756469678501e-09,4.21689389875301e-09,8.17857678250635e-09,8.50892028120485e-09,6.73092050041648e-09,1.36190654266217e-08,1.17016928244819e-08,1.05057283149027e-08,1.03377490469353e-08,5.81044712670775e-09,1.72394435353641e-08,8.86566922361472e-09,1.51300309705475e-08,7.29550768628949e-10,7.62148940474083e-10,4.02029498532438e-10,8.41321618859458e-10,2.8069787978874e-10,2.91347919194856e-10,6.34932754922896e-10,4.71673374590132e-10,7.95241376658385e-10,4.4271176684206e-10,9.25378357040886e-10,1.15620114721621e-09,6.0810875133336e-10,9.94785199444277e-10,3.66471469888917e-09,8.70535621756505e-10,3.33501447488789e-09,3.46258081106302e-09,1.02437785683177e-09,3.65857738912669e-09,7.9478175126766e-10,3.34631399484224e-09,1.15645187008518e-09,7.39814001705304e-10,3.68146318304940e-09,9.97754332175495e-10,2.24552717915993e-09,1.13109521986482e-09,1.86976427114511e-09,1.59595969000986e-09,1.23867594331521e-09,2.70279892673301e-09,1.50437419618175e-08,2.44354659817326e-09,5.7579703125031e-09,4.69201282766074e-09,3.81347567978982e-09,1.88912175609824e-08,1.66740464261593e-08,7.57020540239265e-09,3.90472673085322e-08,2.2312303599584e-08,2.78025258090976e-08,2.09771777403346e-08,5.65953263788652e-09,5.35985524306131e-08,1.04685352063188e-08,3.65778163990127e-08
4.45405240023972e-10,6.29621958801856e-10,6.52838521387329e-10,5.59164247176843e-10,8.21327083702681e-10,7.22366627835424e-10,6.34305934720743e-10,6.44559868276397e-10,1.09063213971117e-09,7.85714638894817e-10,1.0541765401189e-09,1.119838640687e-09,7.71524606308757e-10,1.17306907499537e-09,1.22849926920832e-09,1.10516127852996e-09,1.16956887248275e-09,1.28320724134486e-09,1.49913081955913e-09,1.58226178618706e-09,1.56850952003562e-09,1.55161482905299e-09,2.22433783798702e-09,2.43760071547585e-09,1.85417356577445e-09,1.85740309081425e-09,1.59887584660687e-09,2.58385073918884e-09,1.68220966130844e-09,2.51826501769261e-09,2.26342794546243e-09,1.92235092659814e-09,3.14170773502267e-09,2.10759231650544e-09,3.17006294876903e-09,3.12427714777052e-09,2.60102147492023e-09,4.00463710223894e-09,9.53010081436336e-09,4.35805471474638e-09,8.14362547116719e-09,8.30564037067642e-09,5.09761882985894e-09,1.16414571265256e-08,1.57103924564942e-08,1.02928146736536e-08,2.20858819978972e-08,2.01164463431577e-08,6.62963663825649e-10,6.33453230123112e-10,7.37130044848211e-10,8.98422776655489e-10,1.00127620881461e-09,1.21318114207798e-09,7.95488373784349e-10,3.68893812550994e-10,5.79447066484072e-10,8.74422425810096e-10,8.45773126929089e-10,1.14449994657174e-09,6.48770302408014e-10,7.09567122117153e-10,4.34570866767366e-10,7.82519801222267e-10,2.51421754259268e-10,7.40855064611452e-10,9.97911847459475e-10,9.63012466756081e-10,2.71813031254516e-09,7.63091605489052e-10,3.51385055519935e-09,4.03857376549718e-09,9.42059406867529e-10,3.02315286793586e-09,1.21607057957787e-09,4.27535442063489e-09,1.20623922182798e-09,2.08374658662959e-09,3.29756376512295e-09,1.64515585877724e-09,3.43273534676677e-09,1.79713273030262e-09,3.62674904127516e-09,2.80268271074882e-09,2.07349632088766e-09,4.25716418953865e-09,1.82019625991456e-08,4.39603387237586e-09,7.80174309133745e-09,7.58035626007094e-09,5.22655311138796e-09,2.26018392634044e-08,2.99078320837123e-08,1.04685352063188e-08,5.77251984258605e-08,3.85458054708131e-08
7.55156659115784e-10,5.88702765920665e-10,7.37737791028434e-10,8.54990878118905e-10,6.86585665172977e-10,7.81104644816513e-10,6.65869420249686e-10,8.31361804249918e-10,1.28515724607103e-09,7.99827502760163e-10,1.25424360548711e-09,1.26141926270311e-09,1.03127116625466e-09,1.20383015121322e-09,2.36000234467813e-09,1.22055706956104e-09,2.3609673397056e-09,2.37693263025935e-09,1.47561197288976e-09,2.58232248116753e-09,1.37023178957069e-09,2.62159553891004e-09,1.95366427939308e-09,2.1079039161989e-09,2.98375115367827e-09,1.62282208128444e-09,2.6217993255068e-09,2.20292190912393e-09,2.76419981012184e-09,3.35316074964026e-09,2.18850271042628e-09,3.09800317416419e-09,5.86332692626163e-09,3.16273332570743e-09,4.71733846821121e-09,4.43749098264896e-09,4.29161376326491e-09,7.59793402121866e-09,7.6921769592843e-09,6.47543986548966e-09,1.22800982047009e-08,1.05632394127708e-08,9.42556247626198e-09,9.40776265777593e-09,1.48520258516609e-08,1.56587003924868e-08,1.93940186588856e-08,2.73476352683044e-08,1.08743594907638e-09,2.67944735027305e-10,7.65571485398136e-10,1.03160970317738e-09,3.38664398620426e-10,7.3253194126749e-10,1.20312523565756e-10,5.52459681775905e-10,6.21732246325301e-10,4.3616298058457e-10,8.35523438373669e-10,5.81804965015569e-10,1.12540824313901e-09,6.68878312232251e-10,4.31860284804034e-09,8.32273318698729e-10,3.93804115277833e-09,4.44063556215075e-09,8.56091567044878e-10,4.70863511327638e-09,4.05772646812143e-10,4.51498837014233e-09,1.10804735917488e-09,1.21593807271849e-09,4.79740572275419e-09,6.93093790557902e-10,2.07950417978728e-09,1.4443534628629e-09,2.19155564099399e-09,2.62398416292969e-09,9.08807361159977e-10,2.72559797541016e-09,1.45837409740046e-08,2.86417149151186e-09,5.76657749775798e-09,4.86525404848745e-09,3.92541470636586e-09,1.82223302656774e-08,7.50189366166448e-09,7.4593283241434e-09,2.51970602791029e-08,1.15225636628861e-08,2.68693560382062e-08,9.84055446173926e-09,2.87844286975997e-08,3.65778163990127e-08,3.85458054708131e-08,8.07938776618969e-08
