3.58162715098036e-08,1.44573264018999e-08,6.2368001639738e-09,2.58966734964327e-08,1.3775972796664e-08,2.3928913509003e-08,1.23370887815001e-08,5.22853825621527e-09,4.72892920278153e-09,1.18240745556667e-08,5.15701408474336e-09,1.07125103844247e-08,4.54051960567433e-09,4.19883577793695e-09,2.94545991921268e-09,4.50787825127544e-09,4.4237387764588e-09,4.39329791182344e-09,3.66441501304819e-09,2.58376970499034e-09,1.98047049601582e-09,3.95493638050436e-09,2.49348321098526e-09,3.83677320107564e-09,2.27251297889722e-09,1.7129974804523e-09,1.37070465521719e-09,2.16923858874259e-09,1.68964427618052e-09,2.12405871546964e-09,1.46105779758028e-09,1.21201094924116e-09,1.09368285447967e-09,1.4441404728349e-09,1.43286431354781e-09,1.79681899964446e-09,1.03757697808689e-09,1.016345111144e-09,1.12295522004309e-09,1.24468515139666e-09,1.30686231987233e-09,1.42203216871894e-09,1.07615688411369e-09,1.03009413802776e-09,1.1313183075533e-09,1.32179329393903e-09,1.28364282223665e-09,1.54044759337644e-09,3.26585931560951e-08,1.2884345442022e-08,6.38529861957073e-09,2.37082558333115e-08,1.20297936061758e-08,2.12304988393962e-08,1.09986271445153e-08,5.42069504660308e-09,4.77509279074602e-09,1.03871710666931e-08,5.11075813720768e-09,9.02658448024455e-09,4.67000709524819e-09,4.1660607735011e-09,2.74873030161121e-09,4.42155040116842e-09,4.36193115617345e-09,4.35838269799828e-09,3.66621211836143e-09,2.34336818636536e-09,1.77921889239311e-09,3.93362419446813e-09,2.26324203227402e-09,3.61967262018932e-09,2.08518048264111e-09,1.50120536968169e-09,1.22110098316097e-09,1.99343776621572e-09,1.5500549532429e-09,1.91954786203141e-09,1.27711337342293e-09,1.05725470419373e-09,1.02615220286981e-09,1.29714992121732e-09,1.22633894164406e-09,1.57843080363741e-09,9.07648048791211e-10,9.47479811693355e-10,1.03082853837545e-09,1.10997429380409e-09,1.11035961196496e-09,1.19367913983651e-09,1.00818258681053e-09,9.56082639946185e-10,9.01987227460385e-10,1.12710970414314e-09,1.19053461521497e-09,1.37182274145305e-09
1.44573264018999e-08,7.71593425763317e-08,1.57407063156571e-08,2.6903092799487e-08,6.54321182250616e-08,2.15719068139767e-08,6.58443870218658e-08,1.3372051057378e-08,5.72650209822892e-09,5.613970714518e-08,1.1116043413438e-08,5.01890231958784e-08,1.1621060216156e-08,4.88434912241171e-09,6.0624384026549e-09,9.60738547369213e-09,5.35068233145765e-09,8.84496950326296e-09,4.2788550927215e-09,5.20574084677042e-09,4.20677245529158e-09,4.63337163358435e-09,6.06457715546588e-09,4.66039986051068e-09,4.75919303671814e-09,3.75598624878834e-09,3.14136335539872e-09,5.45243374906232e-09,4.33574704454333e-09,6.1546893010996e-09,3.32829034628783e-09,2.72742615833284e-09,2.35415364176673e-09,3.78637670121862e-09,3.03278302054118e-09,4.02564106634217e-09,2.28378453817856e-09,1.98757858359839e-09,1.92755647018055e-09,2.4815809799685e-09,2.42190652795109e-09,2.76576086693257e-09,2.05077942911413e-09,1.89879756506971e-09,1.56286029753345e-09,2.45451848822466e-09,2.18981726528783e-09,2.99130780744025e-09,1.31188234354974e-08,4.89328470973123e-08,1.37458723008723e-08,2.41740256664682e-08,3.80472675685971e-08,1.88428272614854e-08,4.18134020865841e-08,1.17651984710295e-08,4.70178350164423e-09,3.30270903464522e-08,9.19464312268269e-09,2.65543322154321e-08,1.02433852763646e-08,4.00643145799191e-09,5.96878444049741e-09,7.93913644477322e-09,4.60008848605609e-09,7.38900328905906e-09,3.55365192005379e-09,5.16711021998021e-09,3.88750577822722e-09,4.05919169367743e-09,5.61937461934393e-09,4.42940132087555e-09,4.7055979702581e-09,3.3672335009484e-09,2.70232397906253e-09,5.08253821057303e-09,3.95144392286369e-09,5.96572267322328e-09,2.99892571944553e-09,2.34039423061938e-09,2.04757121227186e-09,3.43896973708805e-09,2.57108826489231e-09,3.75408699546127e-09,1.99875378233326e-09,1.76590536697231e-09,1.71625723957512e-09,2.11547919067378e-09,2.18131658216925e-09,2.49168639612421e-09,1.76385571294531e-09,1.66237559172267e-09,1.59961496605533e-09,2.16462278683612e-09,2.07051415819261e-09,2.67396826071668e-09
6.2368001639738e-09,1.57407063156571e-08,3.77851936200252e-08,1.25580219266377e-08,2.87594573975578e-08,2.40031512703167e-08,1.34062572647692e-08,3.11229869977786e-08,1.30079451201195e-08,2.41472514129859e-08,2.40489288515684e-08,1.90394132377429e-08,2.71501994575569e-08,1.1314685874146e-08,5.00609594466912e-09,2.10467747092954e-08,1.02270181220154e-08,1.86807323383341e-08,1.00224255810603e-08,4.42679405273831e-09,3.8945211703347e-09,9.05006947729111e-09,4.45722937977672e-09,8.23012288140100e-09,3.9328319680302e-09,3.41962198943465e-09,2.06656425580811e-09,3.96843237530002e-09,3.42635825953998e-09,3.73090651183171e-09,3.07989373612492e-09,1.84780214648991e-09,1.54658324520324e-09,3.11755280045063e-09,2.06780674594933e-09,3.41028539389322e-09,1.59106644987914e-09,1.28956694813268e-09,1.28185883363257e-09,1.76159026916479e-09,1.54209160104226e-09,1.9949873453311e-09,1.41314487270634e-09,1.27241309729702e-09,1.18354492346824e-09,1.61807118246246e-09,1.44128113495115e-09,1.78947641137484e-09,5.2833076373225e-09,1.34414594580053e-08,3.44821675879201e-08,1.101973497689e-08,2.54970006637565e-08,2.16497004402709e-08,1.16419042960949e-08,2.86072931697222e-08,1.18099001890954e-08,2.14178301921888e-08,2.20744072783376e-08,1.66642899370636e-08,2.50367745885306e-08,1.03225146827213e-08,4.69891916380115e-09,1.94729615924888e-08,9.23173911581379e-09,1.71656376927839e-08,9.18545888824126e-09,4.12612147645233e-09,3.28503719299552e-09,8.20145496470543e-09,4.1425654703747e-09,7.53356955101679e-09,3.67186443952166e-09,2.86402491597341e-09,1.83051215183232e-09,3.69283028084788e-09,2.89199981251547e-09,3.31869849614385e-09,2.56495995026604e-09,1.62393441967653e-09,1.54218087328225e-09,2.63667756001351e-09,1.73087998081802e-09,2.749824043201e-09,1.42025190139361e-09,1.25822319392068e-09,1.17018573640872e-09,1.43340127739797e-09,1.53312525321068e-09,1.70548685180491e-09,1.31948835524024e-09,1.08117855064599e-09,1.00090125104296e-09,1.53402249055748e-09,1.26491208426951e-09,1.70314562224811e-09
2.58966734964327e-08,2.6903092799487e-08,1.25580219266377e-08,4.36440054122566e-08,2.09926056909315e-08,3.42838971995507e-08,2.29033981225292e-08,1.03814975660506e-08,5.11346103565228e-09,1.77418720606007e-08,9.30449328102989e-09,1.56490532447442e-08,8.98387963913647e-09,4.51126070324991e-09,4.487654622363e-09,8.10102776171025e-09,4.5902587564754e-09,7.64351354260162e-09,3.92793289154984e-09,3.98508252153696e-09,2.43358684040226e-09,4.01833697691935e-09,4.20595222084561e-09,3.72016466864038e-09,3.60825821689891e-09,2.14244203829248e-09,1.72547572821571e-09,3.80302750566467e-09,2.35391651669053e-09,4.01805735710537e-09,1.90713426961885e-09,1.56006943848689e-09,1.47278107323243e-09,2.10997556947687e-09,1.88922240268068e-09,2.52905175045289e-09,1.36938254679249e-09,1.357939739637e-09,1.29563454162226e-09,1.66632594058175e-09,1.61615663621547e-09,1.88419149746523e-09,1.38134501282804e-09,1.22984390198144e-09,1.18939707078996e-09,1.66135094454914e-09,1.39716342974384e-09,1.92299668459394e-09,2.36895565642505e-08,2.39674081266533e-08,1.19332514024054e-08,3.93503142285759e-08,1.85282062789608e-08,3.04643927830816e-08,2.05697888327668e-08,9.84736122826729e-09,4.53012695980297e-09,1.5722231484218e-08,8.40417401659507e-09,1.34855341972982e-08,8.40170093128926e-09,3.95947341530171e-09,4.16894864252953e-09,7.24280361353148e-09,4.21572177359459e-09,7.11541956526273e-09,3.51668559307586e-09,3.7271874032966e-09,2.22015567659244e-09,3.75947950312201e-09,3.869680123705e-09,3.47368829715654e-09,3.45083345399875e-09,1.88732965126964e-09,1.53436514966741e-09,3.56974249063328e-09,2.07202308053374e-09,3.77583144139741e-09,1.67414507019253e-09,1.37514800035925e-09,1.41602172296454e-09,1.86595026298665e-09,1.56905695101927e-09,2.19147869888545e-09,1.23876183662317e-09,1.29764418188465e-09,1.05035879986656e-09,1.36734518858892e-09,1.49905241293482e-09,1.55155949305725e-09,1.2862181206647e-09,1.00695568018751e-09,1.13928846044409e-09,1.52709572377675e-09,1.2896863569341e-09,1.91116387224423e-09
1.3775972796664e-08,6.54321182250616e-08,2.87594573975578e-08,2.09926056909315e-08,9.39033935945443e-08,3.59256785127645e-08,5.61513319648425e-08,2.41134481636475e-08,1.02760307387e-08,8.00824093727411e-08,1.76194001339981e-08,6.52732268526152e-08,2.10980109883961e-08,8.92177666171306e-09,5.86574806889158e-09,1.54472655014518e-08,8.48283968163557e-09,1.33974220289177e-08,7.88174680822101e-09,5.05141042413996e-09,6.16419535911331e-09,7.40156447303597e-09,5.64127615892287e-09,7.0832439079853e-09,4.53251520069144e-09,5.42966429468262e-09,3.88493592246694e-09,5.01662494873626e-09,6.1937365566822e-09,5.28770787687186e-09,4.84646785339955e-09,3.40573318105031e-09,2.70915769651908e-09,5.48686169814688e-09,3.76424978097303e-09,5.71164118483811e-09,2.89889697961095e-09,2.28863531306933e-09,2.25799613241387e-09,3.14542330621548e-09,2.79912757182051e-09,3.525606894768e-09,2.47662756042497e-09,2.18835528304278e-09,1.88095032477295e-09,2.84036086044062e-09,2.56648678335981e-09,3.42016777074674e-09,1.2173372044028e-08,3.93456101927264e-08,2.443330291899e-08,1.84743397791781e-08,5.75481251795601e-08,3.10136937959875e-08,3.37419262089033e-08,2.07990064002784e-08,7.86660399980114e-09,4.94712254513044e-08,1.43583229300154e-08,3.5974855749805e-08,1.83059616777889e-08,6.76183123808028e-09,4.95237687636837e-09,1.2615264459533e-08,6.69112465511414e-09,1.09142436613566e-08,6.08091899373354e-09,4.23055165457137e-09,5.37743167290437e-09,5.96792582815713e-09,4.88561405980482e-09,6.19839617342504e-09,3.79224722276767e-09,4.67090060226638e-09,3.29175404138994e-09,4.29789076211109e-09,5.43823006748351e-09,4.51254734646272e-09,4.15419083503672e-09,2.86948763354777e-09,2.55052020165155e-09,4.81678000148966e-09,3.18486202394492e-09,5.0568156466746e-09,2.47528485722203e-09,2.19855278541584e-09,1.99552016682393e-09,2.67432094289496e-09,2.70349235054439e-09,3.15861634507452e-09,2.29571831543361e-09,1.88720391827871e-09,1.82825772054219e-09,2.63025326944072e-09,2.2976369630676e-09,3.15619709712774e-09
2.3928913509003e-08,2.15719068139767e-08,2.40031512703167e-08,3.42838971995507e-08,3.59256785127645e-08,5.35955237220151e-08,1.82755703630997e-08,1.9527935737178e-08,9.71861191645839e-09,3.02045308049075e-08,1.51109143220386e-08,2.37465054664377e-08,1.69016276086334e-08,8.475596659122e-09,4.55026690876028e-09,1.31936859438269e-08,7.91589191327839e-09,1.18612385266594e-08,7.43611866229617e-09,4.01196002616422e-09,3.97263625080672e-09,6.93482207200642e-09,4.06503760743231e-09,6.32359576895325e-09,3.51508879337279e-09,3.48219859147941e-09,2.19567947130011e-09,3.59883791086774e-09,3.69423834273753e-09,3.60311986304993e-09,3.11699514923447e-09,1.99123650975655e-09,1.64933947304e-09,3.36737390264418e-09,2.27935816315348e-09,3.7566349899394e-09,1.76526032015298e-09,1.46826795985866e-09,1.40331415717361e-09,1.99913300542915e-09,1.76496268495192e-09,2.231541386697e-09,1.62573661264307e-09,1.43362834517849e-09,1.36761231292182e-09,1.90031221394704e-09,1.59085221447487e-09,2.15781158963827e-09,2.15609094331368e-08,1.86439740184915e-08,2.17987523739341e-08,3.0659470310811e-08,3.09514336775884e-08,4.7040864840081e-08,1.60828755403382e-08,1.77837466343149e-08,8.37020515309973e-09,2.61775082197019e-08,1.32645287360693e-08,1.99077771771373e-08,1.53915564778658e-08,7.33667808291363e-09,4.07888746521753e-09,1.16449232356825e-08,7.06641181674857e-09,1.06157979938273e-08,6.54718538147803e-09,3.51778912135566e-09,3.43310240138988e-09,6.28400739706091e-09,3.80914613362973e-09,5.72427895235588e-09,3.17439690915892e-09,2.99881770634107e-09,1.89041790145171e-09,3.40907728097832e-09,3.12213066080778e-09,3.16175818678101e-09,2.6782633808284e-09,1.71662055968619e-09,1.68111296373301e-09,2.87128645707264e-09,1.93293643837938e-09,3.24636127175841e-09,1.54166026423504e-09,1.45577096477114e-09,1.21760411786085e-09,1.68448095708073e-09,1.7223418640316e-09,1.87971954863116e-09,1.53122865136763e-09,1.21862322034245e-09,1.24570220323486e-09,1.80609367548558e-09,1.40261072126643e-09,2.1822081945332e-09
1.23370887815001e-08,6.58443870218658e-08,1.34062572647692e-08,2.29033981225292e-08,5.61513319648425e-08,1.82755703630997e-08,8.96209139748417e-08,1.71440580100356e-08,7.09420252174582e-09,7.69505172555818e-08,1.45891329765908e-08,7.00445529241194e-08,1.49549523631517e-08,5.99086404450703e-09,7.17266571215808e-09,1.26210049587751e-08,6.45132043476646e-09,1.17437054574309e-08,5.24326291333553e-09,6.09723977158761e-09,4.75338482893528e-09,5.57066914618554e-09,6.7488215735791e-09,5.69984010473372e-09,5.54095550430785e-09,4.2428901846727e-09,3.71034253769531e-09,6.07994868351513e-09,4.91300752240096e-09,6.74086887134393e-09,3.78391868167261e-09,3.19117930023656e-09,2.75493999069065e-09,4.31114592786843e-09,3.49502951783242e-09,4.53977107904671e-09,2.70908309977659e-09,2.32251570351303e-09,2.18885795138677e-09,2.89719049369681e-09,2.89482165103255e-09,3.22409210795997e-09,2.09064691715138e-09,1.87745675730333e-09,1.92380033202492e-09,2.50738489924725e-09,2.38597104538219e-09,3.24513170372541e-09,1.10920677390607e-08,4.18089867311017e-08,1.1791255370742e-08,2.06136461203917e-08,3.30285654219742e-08,1.61531826275749e-08,5.93680272145333e-08,1.52559465897731e-08,5.76989369210308e-09,4.74105885616353e-08,1.21748797208263e-08,4.01192928481206e-08,1.32734033668207e-08,4.79942561947807e-09,7.02461578457243e-09,1.043080290947e-08,5.3124703897835e-09,9.85088004880485e-09,4.19748102868833e-09,5.99417148864333e-09,4.25653390059121e-09,4.63255673252264e-09,6.03817567930294e-09,5.13065408836004e-09,5.42022149043595e-09,3.63475321306168e-09,3.24392905576592e-09,5.45077358133987e-09,4.44751726664397e-09,6.43686993198682e-09,3.22890621077894e-09,2.82169492839546e-09,2.42138164607372e-09,3.87054890847165e-09,3.00354422542958e-09,4.13994218634138e-09,2.4635318437815e-09,2.10168018829875e-09,1.91607740909692e-09,2.55895419474425e-09,2.65842411570252e-09,2.91409061626243e-09,1.9101551492432e-09,1.67164815248166e-09,1.93359622678878e-09,2.35758240898539e-09,2.3438052251801e-09,3.02739999483297e-09
5.22853825621527e-09,1.3372051057378e-08,3.11229869977786e-08,1.03814975660506e-08,2.41134481636475e-08,1.9527935737178e-08,1.71440580100356e-08,3.69107624540874e-08,1.49585958794396e-08,3.03986974636013e-08,2.83718591694287e-08,2.4218491248382e-08,3.19496180470308e-08,1.28084638517966e-08,5.64572206722225e-09,2.45327856049901e-08,1.14900910163301e-08,2.17749615344529e-08,1.12965786075773e-08,4.9698145899764e-09,4.28754858807699e-09,1.01037285544841e-08,4.9875008523048e-09,9.29522364835341e-09,4.38550015617227e-09,3.80640518130185e-09,2.33647838710732e-09,4.43111081619754e-09,3.93732976231823e-09,4.19379474223691e-09,3.44000943173772e-09,2.09377667132098e-09,1.75914786846653e-09,3.57016180455721e-09,2.29631573040795e-09,3.92231143470468e-09,1.79310891854750e-09,1.43940019890538e-09,1.43670937538479e-09,1.94640686536437e-09,1.74028997545973e-09,2.22095068357796e-09,1.31334261088532e-09,1.26045114674015e-09,1.2513125847066e-09,1.51028975377111e-09,1.43275657360864e-09,1.73335897384834e-09,4.48300473679864e-09,1.16158400216321e-08,2.86066331965832e-08,9.2954108038737e-09,2.13911820906993e-08,1.75878255262316e-08,1.51827180104081e-08,3.35578025051702e-08,1.33875150446394e-08,2.64657714383759e-08,2.55130959638137e-08,2.06213311947017e-08,2.91551533244695e-08,1.15138256778956e-08,5.28158350613442e-09,2.21922013412112e-08,1.03663466866376e-08,1.97636244495571e-08,1.01833248338784e-08,4.59126600071883e-09,3.67373829025727e-09,9.09069102487608e-09,4.58101975100697e-09,8.4376690208287e-09,4.0540075214099e-09,3.23844192069918e-09,2.06225845008182e-09,4.05269144309849e-09,3.37083780176422e-09,3.789398326553e-09,2.90172005180965e-09,1.84664347059092e-09,1.6523958263018e-09,3.06902207229256e-09,1.90302525707844e-09,3.14559011525014e-09,1.60548728214666e-09,1.30453410333159e-09,1.24307836880711e-09,1.55307851783869e-09,1.67900087059986e-09,1.8468419929744e-09,1.1825094397194e-09,1.06794792934782e-09,1.11436047275832e-09,1.44542300428475e-09,1.28666293741672e-09,1.66987785037892e-09
4.72892920278153e-09,5.72650209822892e-09,1.30079451201195e-08,5.11346103565228e-09,1.02760307387e-08,9.71861191645839e-09,7.09420252174582e-09,1.49585958794396e-08,4.0455624482305e-08,1.26270633257375e-08,2.98258897877019e-08,2.36340382165212e-08,1.28125458223335e-08,3.46390829073063e-08,1.51407744656293e-08,2.54695362429843e-08,2.88208120060236e-08,2.15264797221637e-08,3.06054770172988e-08,1.31165145151369e-08,5.75902138772425e-09,2.52046027336819e-08,1.12541011266058e-08,2.19036372721102e-08,1.16280539322839e-08,5.05802893108721e-09,3.45992644433541e-09,9.95990582114681e-09,4.92146780170232e-09,9.3452689201761e-09,4.39020103475306e-09,3.12909074629788e-09,2.06122441402018e-09,4.28316228178683e-09,3.26292177664382e-09,4.51680942598162e-09,2.73034651007675e-09,1.79792595810056e-09,1.77278129714517e-09,2.87937230078906e-09,2.17230040298243e-09,3.23181292617873e-09,1.58646653522992e-09,1.46445271723946e-09,1.3902620854442e-09,1.80389904739055e-09,1.62719223723805e-09,1.9486682425704e-09,4.28213891477096e-09,5.28337635144001e-09,1.23657060923995e-08,4.64197646426644e-09,9.79928611852001e-09,8.76425096406688e-09,6.54644728805922e-09,1.3930730434227e-08,3.55801969159773e-08,1.16937495302911e-08,2.65984646822081e-08,2.17554023462401e-08,1.19162515837872e-08,3.0585151271707e-08,1.35768314276214e-08,2.27702168760554e-08,2.54395060551784e-08,1.93859967010276e-08,2.71519513941624e-08,1.17286640373587e-08,5.47146493254646e-09,2.23869456537335e-08,1.04817749170466e-08,1.993431339076e-08,1.04130183812133e-08,4.7964799642472e-09,3.01043435471459e-09,9.27988597202897e-09,4.41489296380276e-09,8.46140748814429e-09,4.20573309702839e-09,2.72042232445186e-09,2.00569887113233e-09,3.98569240119322e-09,3.01898659946393e-09,4.28477560547726e-09,2.37219323582044e-09,1.74956481684207e-09,1.56699057554646e-09,2.6314767679473e-09,1.89756324934494e-09,2.88827335153614e-09,1.5830773039476e-09,1.26954110608952e-09,1.24689244005832e-09,1.54633476038411e-09,1.51924333906339e-09,1.80395842046966e-09
1.18240745556667e-08,5.613970714518e-08,2.41472514129859e-08,1.77418720606007e-08,8.00824093727411e-08,3.02045308049075e-08,7.69505172555818e-08,3.03986974636013e-08,1.26270633257375e-08,1.08170144925549e-07,2.27027853017637e-08,8.99539338146012e-08,2.63693116301621e-08,1.07384548905375e-08,7.00530281966246e-09,1.96464231745086e-08,1.01319697599596e-08,1.71548799660408e-08,9.47059305801414e-09,6.06185746242275e-09,6.68636072308347e-09,8.8371144085776e-09,6.56601421248941e-09,8.54246957409036e-09,5.38758169593944e-09,5.90676664489831e-09,4.385465171738e-09,5.8410970608468e-09,6.94701240615486e-09,6.02309794022865e-09,5.30800521130664e-09,3.79804901964202e-09,2.97009369530658e-09,6.16263610260293e-09,4.06823604945426e-09,6.29841002200837e-09,3.24649861742934e-09,2.48804733827486e-09,2.58106967877202e-09,3.40711872761762e-09,3.27063656797505e-09,3.92040298294159e-09,2.26141498865327e-09,2.1372114936473e-09,2.21775693740555e-09,2.76886748056106e-09,2.75997311169462e-09,3.6148121074734e-09,1.04046080849844e-08,3.37287050456403e-08,2.08245320541239e-08,1.57668775998306e-08,4.94636269173448e-08,2.63505260039166e-08,4.8890071466826e-08,2.63193901409949e-08,9.70894137421665e-09,6.9281850061405e-08,1.85419365128377e-08,5.26788621314382e-08,2.28942630130763e-08,8.18051442965773e-09,5.94998455088767e-09,1.59856122773728e-08,8.08160778082921e-09,1.40865602673688e-08,7.28233881300554e-09,5.08750031410807e-09,5.78492367332601e-09,7.12729162543299e-09,5.55620180592512e-09,7.29883705518718e-09,4.508117978096e-09,4.97359185528062e-09,3.71598988486503e-09,4.8797294486139e-09,6.22587096084558e-09,5.28106184364834e-09,4.43397744031807e-09,3.22986340063972e-09,2.67343616954905e-09,5.50911181861077e-09,3.32663105218769e-09,5.39061584496661e-09,2.82035048976284e-09,2.26667555456021e-09,2.21545230337037e-09,2.83763122705646e-09,3.14143430350995e-09,3.43871608695346e-09,2.09847904873769e-09,1.84946017039587e-09,2.14961613293754e-09,2.67140898777662e-09,2.6217969290299e-09,3.43486991327346e-09
5.15701408474336e-09,1.1116043413438e-08,2.40489288515684e-08,9.30449328102989e-09,1.76194001339981e-08,1.51109143220386e-08,1.45891329765908e-08,2.83718591694287e-08,2.98258897877019e-08,2.27027853017637e-08,4.76507326956017e-08,3.72771908229261e-08,2.45362953803668e-08,2.54675092537044e-08,1.24088815072707e-08,4.09189137416513e-08,2.11658269343403e-08,3.40147466246404e-08,2.24241324315467e-08,1.07301681414579e-08,5.28312139332409e-09,1.84483588764748e-08,9.52678067188274e-09,1.60297046106726e-08,9.44644830312091e-09,4.52271991157977e-09,3.68149000388248e-09,8.36375042283708e-09,4.57224054597675e-09,7.90057693927935e-09,3.91749508942794e-09,3.34657518394146e-09,1.94754268742794e-09,3.99038858481995e-09,3.34482414919101e-09,4.1801743517834e-09,2.92375886333674e-09,1.66927455307389e-09,1.63150049324982e-09,2.89367278180633e-09,2.04802899643671e-09,3.33875714256825e-09,1.51252343047017e-09,1.37980078958026e-09,1.38544041978536e-09,1.74904333007058e-09,1.51749405862624e-09,1.94099789189865e-09,4.71532346622454e-09,9.98784079899371e-09,2.25566010795275e-08,8.48848849668794e-09,1.63731898345718e-08,1.38712930273136e-08,1.30731271887423e-08,2.59834045598282e-08,2.62079025171343e-08,2.01491503808162e-08,4.19612132769788e-08,3.27206831960786e-08,2.23927363210103e-08,2.25528377925334e-08,1.09547324118812e-08,3.61824339540402e-08,1.87152416364138e-08,3.02197996571142e-08,1.99481030851562e-08,9.44726666414597e-09,4.80067868963402e-09,1.63667431128289e-08,8.79670952273744e-09,1.4687555423234e-08,8.30904670206596e-09,4.09218208721117e-09,3.25276965613836e-09,7.67393341367005e-09,3.87602193035353e-09,6.93143436899346e-09,3.56994755057591e-09,2.95942116938203e-09,1.82742953760268e-09,3.53021821353272e-09,2.93736007413578e-09,3.68538810908804e-09,2.55557496590348e-09,1.53325509190667e-09,1.42826092820591e-09,2.4789507794278e-09,1.83545330283278e-09,2.90232171317155e-09,1.40178195040167e-09,1.20055030156894e-09,1.20575008080175e-09,1.53849879247828e-09,1.4496832928801e-09,1.84091592292897e-09
1.07125103844247e-08,5.01890231958784e-08,1.90394132377429e-08,1.56490532447442e-08,6.52732268526152e-08,2.37465054664377e-08,7.00445529241194e-08,2.4218491248382e-08,2.36340382165212e-08,8.99539338146012e-08,3.72771908229261e-08,1.1561550333182e-07,2.0974521757973e-08,2.00259694090584e-08,1.11634823373879e-08,3.20022749679046e-08,1.61775757350755e-08,2.56083814093848e-08,1.77187878029142e-08,9.69617788230154e-09,5.56922887317947e-09,1.41217202157592e-08,9.00074205259515e-09,1.23774758983705e-08,8.53332988154258e-09,4.80829656440494e-09,5.64732726204577e-09,7.91690451885701e-09,5.3416723647637e-09,7.58370023031472e-09,4.20752503840425e-09,4.99361096762076e-09,3.35379932738134e-09,4.63954247898356e-09,5.22647972564488e-09,4.85375514549894e-09,4.23520825234258e-09,2.85566530165699e-09,2.8699402970979e-09,4.35100664644855e-09,3.82156783332916e-09,5.29380837648176e-09,2.51650020395803e-09,2.37032134531468e-09,2.46005870165421e-09,3.19114584582434e-09,2.94171527376049e-09,3.87858042442943e-09,9.3486286511054e-09,3.04345684931101e-08,1.68139783353335e-08,1.38723661413645e-08,4.06264345831788e-08,2.12347463271246e-08,4.44778996322326e-08,2.10811614971983e-08,1.81823218307201e-08,5.74518488537502e-08,3.02041388819084e-08,7.26535756086614e-08,1.82437493256988e-08,1.54766118025025e-08,8.48770950293604e-09,2.58488846203393e-08,1.23165207608581e-08,2.04809245148468e-08,1.37862041838904e-08,7.25289451330039e-09,4.84497057864136e-09,1.0818306098373e-08,7.20035768385436e-09,1.02764522866199e-08,6.36685681283065e-09,4.03595784197197e-09,4.78959314497722e-09,6.2363703351351e-09,4.48503466909587e-09,5.8979118292007e-09,3.51976702882989e-09,4.25361961323786e-09,2.86914545021691e-09,3.97933182809502e-09,4.05923824863307e-09,4.1738754580119e-09,3.6033646465375e-09,2.48911525525475e-09,2.52221846010456e-09,3.44355348577639e-09,3.45868306054902e-09,4.47047036954036e-09,2.24664983037429e-09,2.08355630728625e-09,2.33434244033727e-09,2.88990965614801e-09,2.90385346166315e-09,3.69621029724112e-09
4.54051960567433e-09,1.1621060216156e-08,2.71501994575569e-08,8.98387963913647e-09,2.10980109883961e-08,1.69016276086334e-08,1.49549523631517e-08,3.19496180470308e-08,1.28125458223335e-08,2.63693116301621e-08,2.45362953803668e-08,2.0974521757973e-08,3.67088634591121e-08,1.41050666301344e-08,6.29736013361148e-09,2.77722537438385e-08,1.25543927356784e-08,2.44364872541463e-08,1.23230730448721e-08,5.48192938602402e-09,4.9064162549656e-09,1.09363699784573e-08,5.45145177774496e-09,9.93443420129748e-09,4.73233850885647e-09,4.34802592915622e-09,2.61316714210789e-09,4.76816735632845e-09,4.51394853993205e-09,4.50851400496870e-09,3.89706938572998e-09,2.35505629793973e-09,2.03321333318465e-09,4.09670387673138e-09,2.59651036893158e-09,4.49068488766163e-09,2.00364529477505e-09,1.61873860194317e-09,1.66189890158033e-09,2.15417164384365e-09,2.01584676428186e-09,2.48589218076779e-09,1.46680495527509e-09,1.41703892908705e-09,1.42383288086892e-09,1.72043002817551e-09,1.58135985072292e-09,1.92521499245302e-09,3.8888660377102e-09,1.02257035524063e-08,2.5035953585298e-08,8.16581246073172e-09,1.86309170678323e-08,1.52650966093236e-08,1.33300338385283e-08,2.9154697286011e-08,1.15148023788268e-08,2.29073717599221e-08,2.21924107539273e-08,1.78100047183578e-08,3.31074629446671e-08,1.27713023073092e-08,5.87241332389443e-09,2.49187641964987e-08,1.14100058580118e-08,2.19396020110676e-08,1.11823156989164e-08,5.0633181346927e-09,4.29611265384739e-09,9.9264236231824e-09,4.98118725743132e-09,9.06259009908439e-09,4.39468554152899e-09,3.75037327787812e-09,2.25438977564331e-09,4.36946716981043e-09,3.83948054681137e-09,4.05807063639557e-09,3.34478485453327e-09,2.03300329775906e-09,1.78541089579972e-09,3.53282137713878e-09,2.12232901777591e-09,3.70413863121492e-09,1.75586637140055e-09,1.36570084008507e-09,1.45781081083252e-09,1.69250304951127e-09,1.86076741753263e-09,2.08267079018002e-09,1.23721586129315e-09,1.22147298659499e-09,1.27729771985357e-09,1.57501974501314e-09,1.44331897337582e-09,1.84844026902098e-09
4.19883577793695e-09,4.88434912241171e-09,1.1314685874146e-08,4.51126070324991e-09,8.92177666171306e-09,8.475596659122e-09,5.99086404450703e-09,1.28084638517966e-08,3.46390829073063e-08,1.07384548905375e-08,2.54675092537044e-08,2.00259694090584e-08,1.41050666301344e-08,3.88231415980482e-08,1.66817624132101e-08,2.83256873703122e-08,3.19038440505896e-08,2.36163454222516e-08,3.38587736523347e-08,1.42905218652278e-08,6.29475944744632e-09,2.76159315860179e-08,1.22750480974279e-08,2.397262602669e-08,1.26332107449611e-08,5.52460844679744e-09,3.93927699342889e-09,1.08306771889292e-08,5.42047446765354e-09,1.00689326007262e-08,4.78336161494043e-09,3.56211520478245e-09,2.3140219292686e-09,4.68804906386907e-09,3.69236796427423e-09,4.94563369682452e-09,3.08320378788198e-09,1.94443469336374e-09,1.90340804669041e-09,3.18436024213402e-09,2.33551642184928e-09,3.55766790347764e-09,1.71399421897758e-09,1.56354223043037e-09,1.47243258529154e-09,1.94300159497624e-09,1.7352381876727e-09,2.08419535154915e-09,3.71132663824795e-09,4.63867616013218e-09,1.07177405949067e-08,4.15901568588214e-09,8.48803334108626e-09,7.64842384332053e-09,5.64998486203538e-09,1.19130178438573e-08,3.05844836637511e-08,9.96792534391309e-09,2.27677643787856e-08,1.85441164944924e-08,1.29099188008504e-08,3.41866634546252e-08,1.49836282000242e-08,2.51520301325144e-08,2.82181632234198e-08,2.12791905902689e-08,2.9946408798075e-08,1.27838080126412e-08,5.95090418317416e-09,2.45315325253494e-08,1.12821744241468e-08,2.16526993402371e-08,1.13683675853069e-08,5.20999533563894e-09,3.39133953505407e-09,1.00177456728164e-08,4.84788291134128e-09,9.07564736639463e-09,4.56322068087372e-09,3.03056920762372e-09,2.17348698334097e-09,4.31245984036818e-09,3.35175597148361e-09,4.58121154782663e-09,2.63140184513758e-09,1.83715642846343e-09,1.72644052326932e-09,2.85258224566398e-09,2.08308985639929e-09,3.14397613047769e-09,1.67590902867747e-09,1.38737288821171e-09,1.31279828592382e-09,1.69462570620672e-09,1.65142338869227e-09,1.94766719128241e-09
2.94545991921268e-09,6.0624384026549e-09,5.00609594466912e-09,4.487654622363e-09,5.86574806889158e-09,4.55026690876028e-09,7.17266571215808e-09,5.64572206722225e-09,1.51407744656293e-08,7.00530281966246e-09,1.24088815072707e-08,1.11634823373879e-08,6.29736013361148e-09,1.66817624132101e-08,4.17631167587828e-08,1.35919897102202e-08,3.12597667200533e-08,2.60428250915416e-08,1.42981330821911e-08,3.54980000055745e-08,1.48106765769649e-08,2.62831153581724e-08,2.80178710552779e-08,2.06370289259409e-08,3.1401791701828e-08,1.294658388506e-08,5.497935958832e-09,2.46665951046717e-08,1.20716216572107e-08,2.25618329245965e-08,1.13769733859959e-08,4.82108277794518e-09,3.76794489730296e-09,1.05600907447002e-08,5.06446111859401e-09,1.05758179196442e-08,4.2001080035132e-09,3.30983907055904e-09,2.05094402413806e-09,4.36586320809151e-09,3.74575622679104e-09,4.64151760825738e-09,2.926685138196e-09,1.7186767315701e-09,1.7212119863677e-09,3.25890568785017e-09,1.91484740711885e-09,3.46904128678541e-09,2.33996432819238e-09,4.49525672860196e-09,4.5088227750628e-09,4.08329744318611e-09,4.35786466210004e-09,3.7575867739047e-09,5.42702701203963e-09,4.92906839581836e-09,1.34389346439434e-08,5.02940205327071e-09,1.09832995450796e-08,9.42668612387399e-09,5.4092078960308e-09,1.48138300450746e-08,3.6654866460701e-08,1.2046587708956e-08,2.7261206242455e-08,2.27296086056759e-08,1.27816435751264e-08,3.1288933783153e-08,1.30451020973457e-08,2.30536500296794e-08,2.51464532983354e-08,1.86242029748344e-08,2.78080272455452e-08,1.1383847170861e-08,4.96437710223875e-09,2.23565276137592e-08,1.03188327603124e-08,2.01709415709643e-08,1.01446727748295e-08,4.37974812301263e-09,3.33270238245381e-09,9.25627912590705e-09,4.61354885792627e-09,9.29947635203314e-09,3.80171295703094e-09,2.91693203134391e-09,1.93285340375192e-09,3.96877589447619e-09,3.37686877693282e-09,4.3658218796188e-09,2.56495476110807e-09,1.59082006372224e-09,1.51371334690163e-09,2.84331435507114e-09,1.76870675161103e-09,3.18138626937707e-09
4.50787825127544e-09,9.60738547369213e-09,2.10467747092954e-08,8.10102776171025e-09,1.54472655014518e-08,1.31936859438269e-08,1.26210049587751e-08,2.45327856049901e-08,2.54695362429843e-08,1.96464231745086e-08,4.09189137416513e-08,3.20022749679046e-08,2.77722537438385e-08,2.83256873703122e-08,1.35919897102202e-08,4.63683179599369e-08,2.32162641945321e-08,3.80121861755598e-08,2.46324403876253e-08,1.16535706495278e-08,5.78318734951204e-09,2.00452735625505e-08,1.02833953288571e-08,1.72731483818309e-08,1.01382649494998e-08,4.94468621801532e-09,4.17455724126121e-09,8.96927707634084e-09,5.03580472525573e-09,8.50494078151081e-09,4.27255262938202e-09,3.81566180873364e-09,2.22118211766345e-09,4.40642254457829e-09,3.78241863062742e-09,4.62544158656781e-09,3.29642672512722e-09,1.82929042788829e-09,1.79928025449829e-09,3.19891908809522e-09,2.27305894313697e-09,3.72556853769558e-09,1.65649357700915e-09,1.51543149958551e-09,1.58618972918229e-09,1.93505039265686e-09,1.65389991746682e-09,2.14590012426871e-09,4.08441769102249e-09,8.81890166643635e-09,1.96534413609048e-08,7.41652034199114e-09,1.42239437371517e-08,1.19731634675553e-08,1.14375982667413e-08,2.23897294188935e-08,2.25527487689487e-08,1.7328580128267e-08,3.61804292268816e-08,2.81939864359389e-08,2.51664051624232e-08,2.50896826224152e-08,1.20484924385998e-08,4.08443169485436e-08,2.0651686162281e-08,3.37442513010516e-08,2.19413418639406e-08,1.02594655903133e-08,5.25387612218289e-09,1.78913634188373e-08,9.36027899554727e-09,1.57699600954349e-08,8.94723898937553e-09,4.46017638778433e-09,3.59669646243311e-09,8.16296060542068e-09,4.25106983463928e-09,7.43478483849912e-09,3.88724096316532e-09,3.30206668327780e-09,2.03200795552389e-09,3.86663656098853e-09,3.29407919370668e-09,4.05593551747622e-09,2.82807110053374e-09,1.64054490951345e-09,1.59347702726918e-09,2.73175133267095e-09,2.02718703172518e-09,3.21430239230438e-09,1.51825976914159e-09,1.32549856234239e-09,1.43460668406816e-09,1.69624169720884e-09,1.62107106414968e-09,2.07616758588397e-09
4.4237387764588e-09,5.35068233145765e-09,1.02270181220154e-08,4.5902587564754e-09,8.48283968163557e-09,7.91589191327839e-09,6.45132043476646e-09,1.14900910163301e-08,2.88208120060236e-08,1.01319697599596e-08,2.11658269343403e-08,1.61775757350755e-08,1.25543927356784e-08,3.19038440505896e-08,3.12597667200533e-08,2.32162641945321e-08,5.17839185246867e-08,3.90193894712043e-08,2.76243269591059e-08,2.62810075093233e-08,1.3198901566974e-08,4.4177155934811e-08,2.04032812896727e-08,3.53263178700709e-08,2.32343891568748e-08,1.15000744566738e-08,5.30526327446505e-09,1.78984267310742e-08,1.07844891694545e-08,1.64581419118389e-08,1.0097875396446e-08,4.64339891428691e-09,3.98286617805498e-09,9.43152853257971e-09,4.86544626310526e-09,9.46090983847872e-09,4.05302982671677e-09,3.46299992450919e-09,2.06410418691323e-09,4.1618033052133e-09,3.90102282879566e-09,4.43246442380825e-09,3.1059543840689e-09,1.71954752999896e-09,1.61743128170939e-09,3.43219307038584e-09,1.90232960069074e-09,3.55323425712112e-09,3.82092957808188e-09,4.84888913786947e-09,9.8234534936916e-09,3.92034933281608e-09,7.91090792093678e-09,6.86322090285462e-09,5.89427003568678e-09,1.07929432109825e-08,2.59451501386616e-08,9.22733053081981e-09,1.9415398617885e-08,1.53230569043692e-08,1.15534999480812e-08,2.86539537708794e-08,2.77317394582262e-08,2.11583067130645e-08,4.55790987887453e-08,3.48430854697691e-08,2.5031459023638e-08,2.34422193295217e-08,1.20462275071338e-08,3.91964532934506e-08,1.88789663992099e-08,3.23139653120072e-08,2.08563033872933e-08,1.05566087379756e-08,4.88202717293075e-09,1.67672847137868e-08,9.57956979912519e-09,1.50742741618362e-08,9.44154465589132e-09,4.30203415854624e-09,3.55172532060079e-09,8.60680363250179e-09,4.50595090405486e-09,8.62772658199516e-09,3.74398490378129e-09,3.06620642737872e-09,1.81368582242495e-09,3.83729019350656e-09,3.36117550593673e-09,4.08693652055313e-09,2.77132221449939e-09,1.49256522981022e-09,1.42102799960291e-09,2.8967731541828e-09,1.72661477961985e-09,3.18861634668814e-09
4.39329791182344e-09,8.84496950326296e-09,1.86807323383341e-08,7.64351354260162e-09,1.33974220289177e-08,1.18612385266594e-08,1.17437054574309e-08,2.17749615344529e-08,2.15264797221637e-08,1.71548799660408e-08,3.40147466246404e-08,2.56083814093848e-08,2.44364872541463e-08,2.36163454222516e-08,2.60428250915416e-08,3.80121861755598e-08,3.90193894712043e-08,5.77175628865323e-08,2.03795348136811e-08,2.18534066514192e-08,1.14432417136314e-08,3.3132101080343e-08,1.69568218097265e-08,2.61768546115167e-08,1.9199881960208e-08,9.84686543187197e-09,4.77636451450888e-09,1.47864303590992e-08,9.38458917748915e-09,1.37355061027905e-08,8.57929874971314e-09,4.18880041643763e-09,3.98365424925982e-09,8.20514193328814e-09,4.20360079128916e-09,8.11138884357634e-09,3.69708730470359e-09,3.43434964529888e-09,1.93476638109166e-09,3.65893932726105e-09,3.84036544683757e-09,4.01119572786172e-09,3.12327135793173e-09,1.6588013377174e-09,1.55993648412457e-09,3.38275983786408e-09,1.78784210244259e-09,3.54333224793126e-09,3.83470672924018e-09,8.27310458136125e-09,1.78464505531398e-08,6.81566190693823e-09,1.27763656818901e-08,1.06237373152531e-08,1.08958952822482e-08,2.03017728456888e-08,1.95664044800338e-08,1.55238866872217e-08,3.07118824258316e-08,2.33029830019921e-08,2.25250329170035e-08,2.14185254821564e-08,2.27809268129968e-08,3.41631662651907e-08,3.44610618684341e-08,5.13042601852817e-08,1.86490206347872e-08,1.91210608125591e-08,1.01521620408273e-08,2.94335024452989e-08,1.54113475980772e-08,2.40160017977509e-08,1.6831518809381e-08,8.74043495209176e-09,4.50977505170683e-09,1.35509221752178e-08,8.05235421309401e-09,1.23120187110715e-08,7.78981307504099e-09,4.00778282511115e-09,3.5526166977251e-09,7.29937023972554e-09,3.97211210187161e-09,7.31308078415332e-09,3.50390098577731e-09,2.99550668067358e-09,1.69373298880365e-09,3.36603910491529e-09,3.3617576902861e-09,3.69732964938418e-09,2.75698079109034e-09,1.41716739242172e-09,1.38788835582428e-09,2.93070647595133e-09,1.63621906364147e-09,3.22703902325377e-09
3.66441501304819e-09,4.2788550927215e-09,1.00224255810603e-08,3.92793289154984e-09,7.88174680822101e-09,7.43611866229617e-09,5.24326291333553e-09,1.12965786075773e-08,3.06054770172988e-08,9.47059305801414e-09,2.24241324315467e-08,1.77187878029142e-08,1.23230730448721e-08,3.38587736523347e-08,1.42981330821911e-08,2.46324403876253e-08,2.76243269591059e-08,2.03795348136811e-08,4.04149794007373e-08,1.64298699870567e-08,7.20886500612975e-09,3.26317435066429e-08,1.39952906239978e-08,2.82654054165997e-08,1.43694765706312e-08,6.26314937560741e-09,4.65359483555554e-09,1.22276308507958e-08,6.26991681516608e-09,1.13403204579239e-08,5.39930195825466e-09,4.1580999972902e-09,2.67453088917918e-09,5.37345347015821e-09,4.38768426413718e-09,5.71158491536347e-09,3.55479047322744e-09,2.24046193525472e-09,2.13065646830001e-09,3.76303558316909e-09,2.65426827017508e-09,4.10282391180858e-09,1.94926676171538e-09,1.77218925242383e-09,1.70957870201522e-09,2.23214360732347e-09,2.00494034486153e-09,2.37056647475667e-09,3.22804496238891e-09,4.02296195968264e-09,9.43643807358136e-09,3.59841514544986e-09,7.350512892815e-09,6.67357552041683e-09,4.92902862041082e-09,1.04323375611563e-08,2.71462233336327e-08,8.67092575573668e-09,2.00190738245251e-08,1.63288036710983e-08,1.12375903939397e-08,2.99450476057154e-08,1.27894280369999e-08,2.18758898080062e-08,2.45363410626854e-08,1.83286019653486e-08,3.573086157464e-08,1.46646528078451e-08,6.59355878999532e-09,2.90955581367088e-08,1.26803264115386e-08,2.53442470582539e-08,1.28741474814477e-08,5.77373184038943e-09,4.06914544193214e-09,1.11357877589833e-08,5.53229686195186e-09,1.01018415512228e-08,5.07425125816765e-09,3.60616290872513e-09,2.46480656491872e-09,4.89822802827187e-09,4.00994196237251e-09,5.21008611398931e-09,3.07901266354082e-09,2.07830579457494e-09,1.91619511408132e-09,3.41681983927207e-09,2.36753268314166e-09,3.63438778478255e-09,1.89519683492502e-09,1.57524308922922e-09,1.63556784750155e-09,1.98420627686534e-09,1.92809354345588e-09,2.25700215649869e-09
