6.71419005291779e-08,2.92371054900843e-08,1.36610143960002e-08,5.21995161661775e-08,2.75238054406028e-08,4.7607652914029e-08,2.26061889434095e-08,9.70177151792942e-09,1.22188088263273e-08,2.06191464779474e-08,1.13540915453522e-08,2.19211445194926e-08,6.17307849940792e-09,7.75573329306349e-09,5.56885800441092e-09,7.71605195937338e-09,8.00889014757288e-09,7.68635761909001e-09,6.15498445973995e-09,4.33030931372859e-09,3.00647212741423e-09,6.1500369379175e-09,4.2169074280576e-09,6.021821598582e-09,3.35923841190848e-09,2.24072440641491e-09,1.79737712362634e-09,3.15277188632969e-09,1.90770868359829e-09,2.81269736745849e-09,1.61442387657512e-09,1.48377571375364e-09,1.25921960229109e-09,1.52358047487778e-09,1.42258011900139e-09,1.99452941792795e-09,1.11736427511196e-09,1.06068114564803e-09,9.1972350638208e-10,1.15710226265453e-09,1.19774668694365e-09,1.127943190245e-09,1.05386120451373e-09,8.69460506740647e-10,1.00882499940869e-09,1.3544421553778e-09,1.11723810999627e-09,1.48918778580283e-09,3.65294129033782e-08,1.80242887995258e-08,2.29453262553191e-09,3.04135177762854e-08,1.1404025869718e-08,1.54568761887163e-08,1.27850664513217e-08,4.14569094315613e-09,3.69853755155842e-09,1.03965658007632e-08,2.16518708774505e-09,7.72007710344333e-09,1.54487466128332e-09,3.85038822043693e-09,5.14461859592115e-09,1.4554864467589e-09,6.91041567949899e-09,2.98818549760294e-09,2.75499817097735e-09,3.53491940219232e-09,4.39728598408253e-10,4.3913439536041e-09,3.74032924649552e-09,3.47697113753142e-09,2.64706890623778e-09,4.23742291148944e-10,8.82825331397198e-10,2.47554629524711e-09,8.88665956359939e-10,2.44916333557442e-09,-4.755871318799e-11,9.24730989519571e-10,6.52885834152802e-10,4.26286763797268e-10,9.14855504650177e-10,1.85144207319532e-10,6.37446443007407e-10,4.74143428452467e-10,6.40766970652109e-10,6.81155416350793e-10,5.32186883770975e-10,8.10019905182875e-10,4.4407214532318e-10,6.56388518642156e-10,8.54981859474555e-10,5.52466480148549e-10,1.22229768316706e-09,1.24375899129256e-09
2.92371054900843e-08,1.25340166931991e-07,3.76062415901454e-08,6.54148891721015e-08,1.01410558358256e-07,4.78173958961543e-08,1.00882705428767e-07,2.96357124667948e-08,1.78485373032022e-08,8.04111444015186e-08,2.8738247897093e-08,8.03994768132015e-08,2.19929671850028e-08,1.40417125918293e-08,1.29736580135023e-08,2.229370943227e-08,1.42687236161641e-08,2.11446305510541e-08,8.98498923553162e-09,9.00534309986489e-09,4.98610219166836e-09,8.49994621636777e-09,9.99547737146544e-09,9.56253466085677e-09,6.59389838368148e-09,3.57849240167198e-09,3.38201261393663e-09,7.01626785080891e-09,3.60736462419483e-09,7.8456965194984e-09,2.95688822458884e-09,2.69223368834405e-09,1.90341123340752e-09,2.97000680984099e-09,2.84828604045988e-09,3.24195433409288e-09,2.2791612955808e-09,1.49175522677316e-09,1.73336657617293e-09,2.19038610616105e-09,1.72391991307406e-09,2.09290415997632e-09,1.28812968643116e-09,1.68663908145504e-09,1.73952765654193e-09,1.75667999462061e-09,2.19478262184775e-09,2.251089988986e-09,1.53747602928874e-08,5.32344428581057e-08,1.16903388420208e-08,3.5097590330235e-08,4.11031323216943e-08,2.2227969907207e-08,4.01476200166224e-08,1.02116562325406e-08,4.41425258784514e-09,3.424573667033e-08,1.00113554093416e-08,2.66679071206837e-08,6.30298105314384e-09,4.37797505390392e-09,3.44635556027782e-09,7.75997452212331e-09,2.33883831579787e-09,6.74473555983373e-09,4.56620828718663e-09,4.27811344151654e-09,1.4595902702203e-09,2.84004070505947e-09,5.51238832239308e-09,3.85462079916355e-09,3.32228226698815e-09,8.39959080401657e-10,1.74758253102133e-09,4.29065992703419e-09,2.10843264867894e-09,5.34421973574894e-09,1.42301661698991e-10,1.53181035121982e-09,1.33114190718704e-09,1.12530924656876e-09,1.71113811824412e-09,1.62972337348813e-09,1.52596531336775e-09,9.11136033152328e-10,1.38436935287679e-09,1.18989954945586e-09,1.03446148920086e-09,1.73564141127931e-09,9.77444873236228e-10,1.51362785207947e-09,1.23686202392334e-09,1.31510800408381e-09,1.63232444156945e-09,1.83175983483699e-09
1.36610143960002e-08,3.76062415901454e-08,9.38744498937855e-08,3.07498888055831e-08,7.43164037921033e-08,6.5387160021495e-08,2.96645095266642e-08,7.11496796517161e-08,3.07336753187869e-08,5.73619421498878e-08,5.72503367262845e-08,4.7892472722822e-08,5.07907235435263e-08,2.32184627017962e-08,1.27132959970978e-08,4.20790141374611e-08,2.25613876969295e-08,4.03269004746414e-08,1.6937016266574e-08,9.66655736229231e-09,7.73538953521863e-09,1.57638760212439e-08,9.4899803041165e-09,1.49630893415611e-08,5.66325293112314e-09,5.75053036035784e-09,3.05818213612482e-09,4.89204461626684e-09,6.27209612928838e-09,5.40689667989371e-09,4.67419799904462e-09,2.50933474596167e-09,2.17640604998233e-09,4.91936281533007e-09,2.83714241931891e-09,5.32231213596778e-09,2.09161644519571e-09,1.8099756453872e-09,1.05266171166896e-09,2.26195025848326e-09,1.88602218109006e-09,2.30685847836438e-09,1.84349631423959e-09,1.18218102863712e-09,1.61649122836369e-09,1.92989126797268e-09,1.73853991358092e-09,2.95188736911516e-09,6.12256048473774e-09,2.43892760946778e-08,2.95168347518076e-08,2.05212981518177e-08,3.13416148346257e-08,2.67228984748585e-08,1.78694246669839e-08,2.48333760741085e-08,9.57676711180516e-09,2.67680679620322e-08,1.98933250308438e-08,2.28790230801433e-08,1.67176321912084e-08,8.44840609071918e-09,4.4417325599708e-09,1.46424204488534e-08,5.36240032258342e-09,1.28289509460153e-08,7.45164970123452e-09,3.84467465013244e-09,2.48747939989373e-09,4.43745311257129e-09,4.81592041129408e-09,3.3872593917235e-09,9.93499050428388e-10,1.96954917024017e-09,1.28295952927289e-09,1.57865367768538e-09,2.27286662885713e-09,2.09203577238769e-09,1.09637130473575e-09,1.22894222291678e-09,1.43687576405744e-09,1.2619490236695e-09,1.62707861967382e-09,1.18347458487874e-09,1.0415656610892e-09,9.30330027246202e-10,8.13678658572322e-10,9.64103553715501e-10,1.1409272159829e-09,1.44012542453733e-09,1.14779621702522e-09,7.06941574121097e-10,1.13211677338827e-09,1.24579315196203e-09,9.78665738173676e-10,1.88912708556004e-09
5.21995161661775e-08,6.54148891721015e-08,3.07498888055831e-08,9.87082934178303e-08,4.64315353322318e-08,7.27783790255874e-08,5.08030298007394e-08,2.35919145941459e-08,1.69498788287844e-08,3.59464182223489e-08,2.3484018307541e-08,3.68812194144978e-08,1.68129077099906e-08,1.20447588347834e-08,1.2108461152836e-08,1.76084194745867e-08,1.28213957249137e-08,1.77263095815334e-08,8.1768596160085e-09,8.72907543318615e-09,4.71352023311535e-09,8.31873438209675e-09,9.44583805025358e-09,8.32512299346573e-09,6.26736874435367e-09,3.54447649953287e-09,3.58835272331448e-09,6.60450045054716e-09,3.39905337936839e-09,6.85006618665623e-09,2.77833109499766e-09,2.97664347199347e-09,1.88966124339803e-09,2.87467104366803e-09,2.79570752365956e-09,2.97501757516468e-09,2.31603963675139e-09,1.52734343832195e-09,1.25919959914644e-09,2.21892966371771e-09,1.58215220360053e-09,1.99667979400938e-09,1.31510340175955e-09,1.14421105319776e-09,1.28041848975808e-09,1.64076411857441e-09,1.46414437806658e-09,1.83441556608265e-09,2.85575265109227e-08,3.71275568197968e-08,7.16819818575324e-09,5.82947398395062e-08,1.80105725283333e-08,3.14708053223304e-08,2.76148712884608e-08,6.56305237879528e-09,2.59400421308547e-09,1.53218837499937e-08,5.86577224437532e-09,1.48441883735838e-08,3.09276475857251e-09,2.84763448881458e-09,4.88560192894636e-09,4.27555571432957e-09,5.16308013058637e-09,5.7684788414841e-09,2.43262350251757e-09,5.1855486592508e-09,8.53754510603147e-10,3.80197767346062e-09,5.72288436314635e-09,3.76669665717614e-09,4.75767394490563e-09,1.14784483379428e-09,2.25965047158875e-09,5.19766378549235e-09,2.43487260682607e-09,5.62183727923634e-09,4.85159120647995e-10,1.85538723324456e-09,1.29550068407567e-09,1.2429040980388e-09,1.4835485278067e-09,9.58335861497229e-10,1.55188175442565e-09,1.01044702100951e-09,9.50272654110223e-10,1.075076837929e-09,7.98541557838656e-10,1.1582414164466e-09,8.80564794888028e-10,1.16577398368122e-09,1.22824143379911e-09,7.89083717825703e-10,1.58878954779264e-09,1.47711825671391e-09
2.75238054406028e-08,1.01410558358256e-07,7.43164037921033e-08,4.64315353322318e-08,1.61341762347831e-07,9.01601193699875e-08,8.04337684188454e-08,5.73468261658235e-08,3.00639696857896e-08,1.24309084646171e-07,4.75092720865519e-08,1.0800952247881e-07,4.12955420691967e-08,2.26393272428577e-08,1.32688922562177e-08,3.510894468489e-08,2.27004477824198e-08,3.27023630903479e-08,1.67583395237155e-08,1.0233236478838e-08,8.90698256804979e-09,1.5985871913971e-08,1.07772170792271e-08,1.65237460807655e-08,5.53046099273362e-09,6.41502163453042e-09,3.43684229712926e-09,5.57196234523144e-09,7.08065673910569e-09,5.92934270151255e-09,5.32669418827713e-09,2.8813591854165e-09,2.49961607316224e-09,5.74555039275603e-09,3.16291480906205e-09,5.96575409794941e-09,2.38525501056949e-09,2.01113024019136e-09,2.24895705597508e-09,2.48429961297149e-09,2.60320569474565e-09,3.07089856561122e-09,2.11740537077415e-09,2.07766889521732e-09,2.16713662752353e-09,2.77091177586589e-09,2.3799726593552e-09,3.40323342674458e-09,1.69749016820862e-08,4.73850194531343e-08,2.73270720384464e-08,2.45818524463557e-08,6.67001710615677e-08,4.18347635798707e-08,3.32366984679115e-08,2.31271787791177e-08,9.68605682770122e-09,5.41179050279823e-08,1.78334502657929e-08,4.117303677552e-08,1.50491896360298e-08,7.8652160772708e-09,1.86669003683167e-10,1.36873959301237e-08,2.76914010648449e-09,8.66623980104226e-09,8.11840276887274e-09,9.06885778691172e-10,3.17579021414625e-09,3.37576238057468e-09,4.86082908571607e-09,4.32511126801457e-09,-1.25306893584624e-10,2.72348122679236e-09,2.28812431117004e-09,2.12872658550279e-09,2.64891899068087e-09,1.99185185254972e-09,1.62600739860791e-09,2.01052066853598e-09,1.77608129339637e-09,1.84436036101493e-09,2.36057431889389e-09,2.7582129656029e-09,1.80825429859505e-09,1.16345346303484e-09,1.67294930408313e-09,1.69721223994834e-09,1.72930958270961e-09,2.58012320200314e-09,1.72369596929017e-09,1.48631447986176e-09,1.32479414778256e-09,2.29507820201303e-09,1.50890417425137e-09,2.76322009677956e-09
4.7607652914029e-08,4.78173958961543e-08,6.5387160021495e-08,7.27783790255874e-08,9.01601193699875e-08,1.27018469865922e-07,3.63760952154859e-08,4.94635004164735e-08,2.86084240200106e-08,6.82692845255249e-08,4.01381289865977e-08,5.67316887475136e-08,3.45701161341299e-08,2.04563583179624e-08,1.22117961128255e-08,2.92525497632889e-08,2.04281430696134e-08,2.78444685495051e-08,1.56890724177417e-08,9.57615556470382e-09,7.90744422352573e-09,1.48549897292248e-08,1.01920021813379e-08,1.48139338952791e-08,5.75086517488007e-09,6.08402024420694e-09,3.21751367424668e-09,5.952787587409e-09,6.33985064636291e-09,5.73139959729032e-09,4.93454562886208e-09,2.81889368392769e-09,2.221745188814e-09,5.23724170053953e-09,3.09710460012356e-09,5.33360138910407e-09,2.23618507907534e-09,1.83807437426411e-09,1.41483653974782e-09,2.53543361621557e-09,2.11562054957326e-09,2.69529552567969e-09,2.00261952530232e-09,1.15143019820797e-09,1.56064481168651e-09,2.38649061315942e-09,1.70329413048088e-09,2.93804818879493e-09,2.72122532930256e-08,3.20995807209434e-08,2.38355618458417e-08,4.83507503795204e-08,3.93633672386506e-08,5.28674448802401e-08,2.26126066697947e-08,1.97060692114786e-08,6.6275166829659e-09,3.23211980976331e-08,1.43816606739977e-08,2.616063913254e-08,1.20879552383481e-08,5.02694914582746e-09,4.91381817032355e-09,9.85988184581524e-09,5.619778605167e-09,9.18322038372281e-09,4.97915198167118e-09,4.16081694585146e-09,1.87191347945837e-09,4.0340917609775e-09,5.48748920684265e-09,3.58538270261812e-09,2.21440896113586e-09,1.9481999390647e-09,2.30794296215844e-09,3.10462215589792e-09,2.44250057960592e-09,2.41254590743812e-09,1.26997805753931e-09,2.01017127936373e-09,1.48200166833494e-09,1.6675577689644e-09,1.85621772140361e-09,1.73593825599225e-09,1.68669274368962e-09,1.04930936743909e-09,7.89897496576159e-10,1.43466763518144e-09,1.16669520286478e-09,1.66098096965549e-09,1.45146589558974e-09,6.29619878941876e-10,1.44535613760528e-09,1.36774132779071e-09,1.46576977368663e-09,2.40251377744517e-09
2.26061889434095e-08,1.00882705428767e-07,2.96645095266642e-08,5.08030298007394e-08,8.04337684188454e-08,3.63760952154859e-08,1.38918843418132e-07,4.23022732397092e-08,2.39097376031937e-08,1.15380927340695e-07,4.3327456143506e-08,1.16908210465466e-07,3.04594720100217e-08,1.71821132333446e-08,1.54215289325409e-08,3.11128534068819e-08,1.728355982494e-08,3.05213586687002e-08,1.1381973124625e-08,1.09616916561822e-08,6.43338952657085e-09,1.09542959533857e-08,1.28104737254917e-08,1.18502167112185e-08,8.06205754059519e-09,4.48406141283916e-09,4.31450422853522e-09,8.92481904127861e-09,4.71001291616271e-09,9.78970907739134e-09,3.69191605485681e-09,3.30125330016734e-09,2.07996986859383e-09,3.66245638879424e-09,3.21032797680768e-09,3.60259400180706e-09,2.87499382539735e-09,1.6181919082759e-09,2.06733789310882e-09,2.55921534433463e-09,2.20670560741747e-09,2.95934463450443e-09,1.2214293609096e-09,1.82702293644257e-09,1.95013174792775e-09,1.82866781709857e-09,2.4449451886298e-09,2.64145024783068e-09,1.3247113833066e-08,4.01562567005995e-08,1.0183073939397e-08,2.69818121787005e-08,3.41981324176954e-08,1.89926689535252e-08,5.77213532251746e-08,1.86806177579254e-08,8.20876031827258e-09,5.30025894430356e-08,1.79933236497634e-08,4.74662046744143e-08,1.17341112493952e-08,5.9085435156205e-09,1.98651004412175e-09,1.24164453062291e-08,2.24838990837122e-09,9.92026685983005e-09,5.99907165522232e-09,2.86460895445046e-09,3.72783580425527e-09,2.49790992365558e-09,7.7373397144882e-09,4.37738271748917e-09,1.93913904782282e-09,2.04607405095713e-09,2.20999724678378e-09,5.34849558757848e-09,1.84775290192186e-09,5.67785676224865e-09,1.10516741722513e-09,1.82375322965144e-09,1.9130375213931e-09,1.71111383604896e-09,2.02343528625012e-09,1.80187911812164e-09,1.97937975285544e-09,1.41120837489287e-09,1.7252501707443e-09,1.52068675246579e-09,1.44785832567944e-09,2.36027216457284e-09,1.18889625060945e-09,1.4950677862757e-09,1.48540935458013e-09,1.26892116056553e-09,1.30960141015046e-09,1.45620893682023e-09
9.70177151792942e-09,2.96357124667948e-08,7.11496796517161e-08,2.35919145941459e-08,5.73468261658235e-08,4.94635004164735e-08,4.23022732397092e-08,9.06468236024588e-08,3.98821636910075e-08,7.72160901900002e-08,7.46347096105024e-08,6.72986954829141e-08,6.39808797192535e-08,2.80951406133095e-08,1.458817340022e-08,5.29496709720472e-08,2.73462208030646e-08,5.04320727253814e-08,1.98229359683622e-08,1.05636399844028e-08,8.95988299603792e-09,1.86158035276652e-08,1.09304448066294e-08,1.80909519942842e-08,6.26135982542374e-09,6.68850243958196e-09,3.19074171979469e-09,6.0285243432413e-09,7.01523950362133e-09,5.97674601133324e-09,5.35069650190904e-09,2.65137853880047e-09,2.19774472347135e-09,5.46692033367742e-09,2.86482764920139e-09,5.6781372923031e-09,2.25874662624365e-09,1.85697918813294e-09,1.15104936882009e-09,2.39538555242908e-09,1.94142260909797e-09,2.65971778785275e-09,1.57933526794034e-09,9.62990068119257e-10,1.25076565184262e-09,1.63084332740263e-09,1.61784269980505e-09,2.48383969055437e-09,5.50881373377595e-09,1.78585175868555e-08,2.47946129020837e-08,1.44519042501403e-08,2.67093656978092e-08,2.254414477341e-08,2.77508040991276e-08,3.82092490169423e-08,1.36143686358222e-08,3.9795519790832e-08,2.91653921444597e-08,3.39466182682394e-08,2.56753336912386e-08,9.35371113940232e-09,5.09915192889269e-09,1.84849094602325e-08,7.27789719092595e-09,1.79635309820259e-08,7.94970709490933e-09,4.07750197169248e-09,4.68236451321463e-09,5.87182669532033e-09,6.21958085261183e-09,4.97666819377428e-09,1.23094192549452e-09,3.63156509319276e-09,1.25795881525332e-09,2.76744090961371e-09,3.58710922300616e-09,2.81989025779853e-09,2.51998053947456e-09,1.18416486540399e-09,1.67040440869236e-09,2.47285528687731e-09,1.3308544222838e-09,2.29771100564042e-09,1.11950324598553e-09,1.0901823184266e-09,7.45229795122103e-10,8.79750214334269e-10,1.28753528033221e-09,1.215161224861e-09,1.05710495270956e-09,5.12809377296433e-10,6.89065912453256e-10,1.11814978545535e-09,5.36984435057349e-10,1.52360731636524e-09
1.22188088263273e-08,1.78485373032022e-08,3.07336753187869e-08,1.69498788287844e-08,3.00639696857896e-08,2.86084240200106e-08,2.39097376031937e-08,3.98821636910075e-08,1.05895163567339e-07,4.18490790858988e-08,8.41552189798538e-08,8.2992972571613e-08,2.81488767266424e-08,7.07489642423457e-08,2.85464056547135e-08,5.70181161846465e-08,5.64278566249207e-08,4.54066020612572e-08,5.06827852498549e-08,2.06370678917399e-08,8.88438639576795e-09,3.99310384770755e-08,1.89771352533792e-08,3.67762644076107e-08,1.20674395254873e-08,4.8639012237324e-09,6.42339337904724e-09,1.03095286697467e-08,4.62234650731113e-09,9.32220302812215e-09,3.57584918617045e-09,5.28347703840573e-09,3.2760862599773e-09,3.45466914992125e-09,5.88769726147095e-09,3.89668116098661e-09,3.83405064403708e-09,2.33499301103349e-09,1.90112199152877e-09,4.47071566838915e-09,2.75221050895079e-09,4.43365171197067e-09,1.93813786957727e-09,1.40067561721824e-09,1.32690215926312e-09,2.1534600866528e-09,2.12504158118726e-09,2.5481675038375e-09,5.90462883810251e-09,6.57489823095026e-09,1.0554036031414e-08,6.36049476320184e-09,8.91784318687028e-09,9.96278882362267e-09,1.42533963693023e-08,1.51886499150256e-08,3.44315787165583e-08,1.88051072450417e-08,2.97826939498076e-08,3.46185359539733e-08,9.14037531380833e-09,2.53355110478402e-08,1.49933543365719e-08,1.97081821107261e-08,2.55036070271451e-08,1.97312383790447e-08,2.16950418063851e-08,9.80849035628154e-09,4.14553654511946e-09,1.88431938625704e-08,1.05805688635933e-08,1.58446582052741e-08,4.59475423110818e-09,1.58177390496783e-09,2.49808478538338e-09,4.64788323668183e-09,1.18630471659626e-09,4.62474579026304e-09,1.2902527149996e-09,1.89210149618542e-09,2.45768768842801e-09,8.79596931010715e-10,2.76636976013932e-09,3.46037886190551e-10,9.84334626940266e-10,1.46394264002936e-09,8.31422885416778e-10,1.62513070830431e-09,1.46073268548854e-09,1.30796686492203e-09,1.32381960836418e-09,5.22283844740063e-10,1.02458356301823e-09,1.11836371556971e-09,1.08221500177615e-09,2.25063292948663e-09
2.06191464779474e-08,8.04111444015186e-08,5.73619421498878e-08,3.59464182223489e-08,1.24309084646171e-07,6.82692845255249e-08,1.15380927340695e-07,7.72160901900002e-08,4.18490790858988e-08,1.71762139519482e-07,6.77246233388021e-08,1.55537954128192e-07,5.42150583551395e-08,2.89601677263724e-08,1.6754679891267e-08,4.70908009048547e-08,2.9373493465549e-08,4.55245964744586e-08,2.09121373782487e-08,1.21544965280527e-08,1.05637492798104e-08,2.05815984667142e-08,1.33671975528581e-08,2.11454847057224e-08,6.96077421073796e-09,7.61452380281124e-09,3.93753430909065e-09,7.45373884279289e-09,8.15353166568095e-09,7.19269839597637e-09,6.36220800314054e-09,3.28146596701451e-09,2.84139228387343e-09,6.56634160450918e-09,3.64012376105123e-09,6.7013486413153e-09,2.79760848459897e-09,2.1927606922683e-09,2.59436296446803e-09,2.86995529963187e-09,2.95129237155539e-09,3.8983741219427e-09,1.81712638462908e-09,2.08421994153527e-09,2.16043377528307e-09,2.39780272196551e-09,2.59373387271225e-09,3.30571606656552e-09,1.48366221219767e-08,3.32326629867557e-08,2.30817217717309e-08,1.781625135796e-08,5.40467982491513e-08,3.46543099759279e-08,4.905862846756e-08,3.73618503890277e-08,1.81764190656399e-08,7.67415256411973e-08,3.16705326530738e-08,6.51732471311724e-08,2.48210963075218e-08,1.09627800701916e-08,-6.78950857503117e-10,1.93783994985499e-08,5.79432500597296e-09,1.58646483019522e-08,1.04830635075177e-08,-3.51603887322846e-10,6.11877739963676e-09,5.55714728214386e-09,6.3212979055829e-09,7.21703832200972e-09,-1.4265862825662e-09,4.82464373410765e-09,2.45369327209724e-09,3.07845191184615e-09,3.65205754600258e-09,2.81015012978421e-09,3.43651411037316e-09,2.10927818438237e-09,2.6840281222705e-09,3.43505710956253e-09,2.46788386990483e-09,3.80040975524506e-09,2.07713040730442e-09,1.71486852579248e-09,1.80092570052876e-09,1.81713544662442e-09,1.97098149412752e-09,2.81890712166054e-09,1.64841390612807e-09,1.34929209069662e-09,1.22790036995402e-09,1.64485459484262e-09,9.81221792251259e-10,1.73910476583716e-09
1.13540915453522e-08,2.8738247897093e-08,5.72503367262845e-08,2.3484018307541e-08,4.75092720865519e-08,4.01381289865977e-08,4.3327456143506e-08,7.46347096105024e-08,8.41552189798538e-08,6.77246233388021e-08,1.3405387094868e-07,1.18899909335263e-07,5.29859674879426e-08,5.69921773036325e-08,2.66394037806533e-08,9.16885890605245e-08,4.51106404918967e-08,7.43935352693818e-08,4.04489412590343e-08,1.92400262768155e-08,9.32405138274278e-09,3.14636822953715e-08,1.90061486520093e-08,2.96788886561079e-08,1.09835737035777e-08,5.50293774410806e-09,7.12339073497986e-09,1.0407809203066e-08,5.43561613329236e-09,9.70567609745896e-09,3.95095289964404e-09,5.82100441776967e-09,3.25720201914708e-09,3.92414091406631e-09,5.67334472729683e-09,3.93510771152405e-09,4.40460460815311e-09,2.3615078974352e-09,2.12891105780868e-09,4.39223720526904e-09,2.98401745537957e-09,4.79774372870533e-09,1.98992267764401e-09,1.69928398828827e-09,1.54044616233711e-09,2.60528851617845e-09,2.10375006986883e-09,2.91286669286401e-09,5.48464758279423e-09,1.56288556643863e-08,2.06375828841349e-08,1.46260667126503e-08,2.05748319771275e-08,1.64524112266453e-08,2.67974272938288e-08,2.88679649684818e-08,2.4148866086565e-08,3.34589924080926e-08,5.07111074866526e-08,5.46049162233353e-08,1.86012919505737e-08,1.67697670255302e-08,1.45385181538421e-08,3.41190622078187e-08,1.51150937792728e-08,2.91964459762098e-08,1.53086971194213e-08,8.82885091846026e-09,4.54490810667439e-09,9.97189669526378e-09,1.13762707326728e-08,8.26720184194225e-09,3.46292566820470e-09,2.55649015906804e-09,3.44313871606692e-09,5.40641299676047e-09,1.69812928919086e-09,4.62002421320238e-09,2.10274238114161e-09,2.90782386728786e-09,2.36818782897371e-09,1.33614760080715e-09,3.07745877579235e-09,3.60040045338025e-10,2.17257947128633e-09,1.25942829379568e-09,1.07162992224055e-09,2.00655554193742e-09,1.57377487449247e-09,2.24205387368055e-09,1.16715580017236e-09,7.33909860193061e-10,9.77564067211154e-10,1.26687028248878e-09,7.10511467646186e-10,2.06525070413027e-09
2.19211445194926e-08,8.03994768132015e-08,4.7892472722822e-08,3.68812194144978e-08,1.0800952247881e-07,5.67316887475136e-08,1.16908210465466e-07,6.72986954829141e-08,8.2992972571613e-08,1.55537954128192e-07,1.18899909335263e-07,2.28168596784412e-07,4.72522500461555e-08,5.56400869137267e-08,2.80599415125108e-08,8.01245345000218e-08,4.58455129753586e-08,6.69952049857321e-08,3.9540521601707e-08,2.05342355726647e-08,1.02337512661841e-08,3.21348515910145e-08,2.05300054398376e-08,3.17436934203084e-08,1.17070472087357e-08,5.90846513391165e-09,9.01317236151977e-09,1.12907096122952e-08,6.02419459161958e-09,1.1110487289118e-08,4.34755347576397e-09,7.13826677294319e-09,3.67149788907355e-09,4.34560863457517e-09,7.08926151533538e-09,4.59625476679931e-09,5.6481120014944e-09,2.46028389167225e-09,2.91072553449483e-09,5.4126747275809e-09,3.47605321537641e-09,6.10807494710157e-09,2.09672392862448e-09,2.5570047410657e-09,2.65703376821679e-09,3.12484789952516e-09,3.23521663687916e-09,3.7974060406411e-09,1.40711668015012e-08,3.25763756032229e-08,1.83360390636161e-08,1.68811515604514e-08,4.90812095147877e-08,2.7902629704315e-08,4.97392486127945e-08,3.10001105518556e-08,2.55235961468064e-08,7.05233000215388e-08,4.94706839691917e-08,9.77401149369737e-08,2.02441813088036e-08,1.6420843961252e-08,6.33703579086894e-09,3.269136858882e-08,9.1328464246172e-09,2.5630868916478e-08,1.61004678385939e-08,2.8460053544319e-09,5.23880796294493e-09,7.45555069076302e-09,1.05685946925574e-08,1.02512730448121e-08,2.91123241296279e-10,2.66576025149979e-09,5.41382595250554e-09,5.44006301823446e-09,1.56093281807116e-09,4.39744545559191e-09,2.00226250546002e-09,4.33147777995414e-09,2.89488515512121e-09,2.20244459358741e-09,4.46975181376202e-09,1.88774290554857e-09,3.50188969542029e-09,1.61095470516579e-09,1.94398900943566e-09,2.99914050333593e-09,2.01657074282314e-09,3.95627803811341e-09,1.69115641693197e-09,1.71336730904558e-09,2.31224598841284e-09,1.79195284466367e-09,1.96174061459101e-09,2.56938158246487e-09
6.17307849940792e-09,2.19929671850028e-08,5.07907235435263e-08,1.68129077099906e-08,4.12955420691967e-08,3.45701161341299e-08,3.04594720100217e-08,6.39808797192535e-08,2.81488767266424e-08,5.42150583551395e-08,5.29859674879426e-08,4.72522500461555e-08,8.32806363894006e-08,3.39393990126429e-08,1.88269265230094e-08,6.47945228325228e-08,3.37901054336035e-08,6.25082701212238e-08,2.34935929049219e-08,1.20317277401759e-08,1.13349865607535e-08,2.17254555454066e-08,1.26475830068958e-08,2.13522158818257e-08,7.30993288632979e-09,8.35078446396121e-09,4.14742591215543e-09,7.35183316216991e-09,8.87874226052742e-09,7.27413136442718e-09,6.29533541134793e-09,3.0094501376417e-09,2.28472215773556e-09,6.54916499557949e-09,3.2759850032909e-09,6.69068966480922e-09,2.5304201757746e-09,1.72672338004029e-09,1.40536310338626e-09,2.70389929587978e-09,2.13412496341177e-09,3.32704983299617e-09,1.42208284494269e-09,1.1040258674671e-09,1.72273986680094e-09,1.70162135770076e-09,1.82074886932315e-09,2.5360303145939e-09,4.86316939134251e-09,1.27689886297034e-08,1.66010858440059e-08,1.21428493503476e-08,1.81447364232643e-08,1.56097170877955e-08,1.67008808143674e-08,2.56467752668224e-08,9.31210826587892e-09,2.61952012980138e-08,1.84320566959882e-08,2.0202734469373e-08,3.85957288722004e-08,1.04131666583158e-08,7.19153944583891e-09,2.87809044121284e-08,1.10719411435801e-08,2.89720560280025e-08,8.87409644830087e-09,5.23909657214252e-09,6.21547494833329e-09,7.35528755264734e-09,5.46660241231126e-09,4.93833487768076e-09,2.15231447579728e-09,4.49902311241167e-09,1.74430044971049e-09,2.30662366617059e-09,4.35526980069798e-09,2.2327160602979e-09,2.44720679068355e-09,1.29075432898451e-09,1.59043196051468e-09,2.66195742421006e-09,1.50785488816823e-09,2.94518301204038e-09,1.37332987607131e-09,6.08323808033628e-10,1.01456167094159e-09,1.00093908281468e-09,1.24735022538874e-09,1.429182470571e-09,5.29863955753704e-10,7.73117062786108e-10,1.29801003725514e-09,1.1454516704194e-09,7.46409044654367e-10,1.87333003777354e-09
7.75573329306349e-09,1.40417125918293e-08,2.32184627017962e-08,1.20447588347834e-08,2.26393272428577e-08,2.04563583179624e-08,1.71821132333446e-08,2.80951406133095e-08,7.07489642423457e-08,2.89601677263724e-08,5.69921773036325e-08,5.56400869137267e-08,3.39393990126429e-08,8.79610073582137e-08,3.54720160041988e-08,6.83189563947074e-08,6.92508805304403e-08,5.39840010887418e-08,6.19750118923933e-08,2.45333111499852e-08,1.17534022988947e-08,4.82972836041331e-08,2.35845430435321e-08,4.539604296675e-08,1.50684369133628e-08,6.904254302635e-09,7.76784575489981e-09,1.38796953798365e-08,6.55769240588398e-09,1.24442038558934e-08,4.9705718079828e-09,5.93421525956068e-09,3.7609427351147e-09,4.64545350064266e-09,6.95560773236497e-09,5.3358304882174e-09,4.43069958090893e-09,2.6175164902058e-09,2.07263486565654e-09,5.29485247602771e-09,3.12877042953852e-09,5.33780402752621e-09,2.12193955069071e-09,1.56334738901213e-09,1.36222277542971e-09,2.44710899394855e-09,2.18852523344032e-09,2.59344718805085e-09,6.20667283170683e-09,5.31306534170102e-09,6.28328989977811e-09,7.0428980037978e-09,4.08295498878165e-09,6.10186957120551e-09,8.47344891065678e-09,9.0669899155621e-09,2.52735977602605e-08,9.93923908984367e-09,1.96265941902935e-08,2.00645385839959e-08,1.35421311339143e-08,3.41887544178011e-08,1.60007442201464e-08,2.65150661831836e-08,3.17591693085271e-08,2.62354590981866e-08,2.91837699489246e-08,1.02091259602961e-08,4.53729447147363e-09,2.43970232357685e-08,1.16112359759661e-08,1.99132507592152e-08,4.97874145434354e-09,2.32909919183171e-09,3.11001882527772e-09,5.65399526298864e-09,1.69614804298183e-09,4.69096973560304e-09,1.72076181790639e-09,2.14761138042184e-09,2.50555195421613e-09,1.31129941125133e-09,2.42426278718764e-09,1.33950210046945e-09,1.31282251051467e-09,1.36540841457268e-09,1.47140989459288e-09,1.25303001892119e-09,2.38333811780112e-09,1.7428845996933e-09,1.18482841922999e-09,1.03131485544985e-09,1.06715269665451e-09,1.85533692165148e-09,8.87236491550572e-10,1.78046945764054e-09
5.56885800441092e-09,1.29736580135023e-08,1.27132959970978e-08,1.2108461152836e-08,1.32688922562177e-08,1.22117961128255e-08,1.54215289325409e-08,1.458817340022e-08,2.85464056547135e-08,1.6754679891267e-08,2.66394037806533e-08,2.80599415125108e-08,1.88269265230094e-08,3.54720160041988e-08,1.10325531508606e-07,3.29681664248416e-08,8.16996674618145e-08,7.70183739816068e-08,2.45820273165065e-08,7.48305554787109e-08,2.90385975633257e-08,5.46572295100612e-08,5.69321242724352e-08,4.11859878358406e-08,4.85950542646301e-08,1.83534150408829e-08,9.36446712246532e-09,3.43986769308763e-08,1.58552728601311e-08,3.08014505577719e-08,1.24763461229101e-08,6.25454671871592e-09,9.26891623943935e-09,1.01307280359677e-08,6.34708254141552e-09,9.91861298124966e-09,4.70585901894685e-09,7.48707169249167e-09,3.65472462086651e-09,4.96799603287708e-09,8.51493872860834e-09,5.49039362017611e-09,6.10987547150552e-09,2.88890886058886e-09,2.55761138614834e-09,6.85432924606589e-09,4.12616702920181e-09,8.06191273728482e-09,3.91097381083725e-09,2.60529721017782e-09,7.27110805225433e-09,2.60170263265209e-09,4.42537646167175e-09,2.88760371193653e-09,3.99523668412783e-09,8.41703342107462e-09,1.62965171816598e-08,6.40586650500609e-09,1.27097231264892e-08,1.30838497155949e-08,1.11999858252636e-08,2.07723934621893e-08,5.61211585460392e-08,1.8335049578494e-08,4.78602562836183e-08,4.60188190395683e-08,1.70294316015961e-08,3.77508268555254e-08,1.57430765120435e-08,3.1687427280328e-08,2.92594562438849e-08,2.44636295731406e-08,2.56713690763773e-08,1.03652273479977e-08,5.82374020484045e-09,1.85457078029769e-08,8.42325316982664e-09,1.55576877249878e-08,6.63742179469421e-09,3.75637106356839e-09,7.26963450026192e-09,5.34860375083992e-09,3.68698107667571e-09,4.45456872807825e-09,2.64559119321129e-09,5.27041628592386e-09,2.49244768075409e-09,2.56935508398392e-09,5.34592294443007e-09,2.00801045432087e-09,3.96517131452808e-09,2.11305966708176e-09,2.37507998014895e-09,4.70312511659529e-09,3.0663298178282e-09,6.30574893536894e-09
7.71605195937338e-09,2.229370943227e-08,4.20790141374611e-08,1.76084194745867e-08,3.510894468489e-08,2.92525497632889e-08,3.11128534068819e-08,5.29496709720472e-08,5.70181161846465e-08,4.70908009048547e-08,9.16885890605245e-08,8.01245345000218e-08,6.47945228325228e-08,6.83189563947074e-08,3.29681664248416e-08,1.13518639701053e-07,5.36833700965368e-08,9.18535976525886e-08,4.78401665578142e-08,2.24941312001241e-08,1.22656871812704e-08,3.63429962485775e-08,2.32749852235814e-08,3.53113817427134e-08,1.3492629123424e-08,7.27676437618974e-09,7.97224015789503e-09,1.3353306001523e-08,7.24555714931754e-09,1.23933751496299e-08,5.09973794415827e-09,6.19871051419364e-09,3.4691831425664e-09,5.0367944790385e-09,6.26628986116885e-09,5.15691413162543e-09,4.75470770430141e-09,2.36583188619294e-09,2.12171507997642e-09,4.83191864281875e-09,3.07471646612844e-09,5.39568350585213e-09,1.86562322331029e-09,1.64892168201464e-09,1.64393898383489e-09,2.62710056674321e-09,1.95853383919381e-09,2.75601594501303e-09,5.94434505898681e-09,1.10177322975433e-08,1.32297674257503e-08,1.2105548615305e-08,1.29399170445528e-08,1.13106823172506e-08,1.43422455373965e-08,1.85379377621948e-08,1.67078651050777e-08,1.92044420906623e-08,3.40384404704957e-08,3.22309475344032e-08,2.77341278601937e-08,2.21171514749252e-08,1.50317947569761e-08,4.9775893577728e-08,1.83122871583958e-08,4.32249604837034e-08,1.95536243806134e-08,9.03440324506475e-09,4.93023361556027e-09,1.30554565988928e-08,1.10923332771488e-08,1.01232765326451e-08,3.89682712055293e-09,2.41821356320675e-09,3.61679610956056e-09,5.24483820189445e-09,2.09704450183833e-09,3.83550187782652e-09,1.82824579548998e-09,2.75179200218597e-09,2.23000795159911e-09,1.69968189681204e-09,2.2121812096931e-09,1.05741534521871e-09,2.08379300957913e-09,7.99709548416218e-10,1.05224629431753e-09,1.08108645918743e-09,1.64214012683743e-09,1.93058057164203e-09,6.94676069756132e-10,7.44736242029099e-10,1.55013135670216e-09,1.47382460748474e-09,7.10883003151785e-10,2.09932508646437e-09
8.00889014757288e-09,1.42687236161641e-08,2.25613876969295e-08,1.28213957249137e-08,2.27004477824198e-08,2.04281430696134e-08,1.728355982494e-08,2.73462208030646e-08,5.64278566249207e-08,2.9373493465549e-08,4.51106404918967e-08,4.58455129753586e-08,3.37901054336035e-08,6.92508805304403e-08,8.16996674618145e-08,5.36833700965368e-08,1.31634838141583e-07,1.07762115270858e-07,4.8332133359751e-08,5.46266752124904e-08,2.6327738992339e-08,8.96643903397591e-08,4.09646112447239e-08,7.00353108351468e-08,3.44641795756183e-08,1.52588282045879e-08,8.70101045147981e-09,2.36130136096323e-08,1.28433224506606e-08,1.99833400446589e-08,1.01884959936937e-08,5.90082261071919e-09,9.96735856514446e-09,8.0901551140934e-09,6.27506462656414e-09,8.46179081200709e-09,4.22709825937352e-09,7.83810991251381e-09,3.50833832604816e-09,4.55149086506371e-09,7.97834195370461e-09,4.91679250260468e-09,6.83553861343177e-09,2.49458370887898e-09,2.22113917014198e-09,6.54226147948239e-09,3.63066935447279e-09,7.37715072482464e-09,7.89993785908589e-09,4.38807289971404e-09,6.91888962284086e-09,5.48559150988234e-09,5.04300384525457e-09,4.94514579689262e-09,9.11178190060840e-09,1.15129932764891e-08,2.44918195142013e-08,1.21774312353442e-08,1.79069704632818e-08,1.6683417328096e-08,1.71098947384969e-08,3.30222031772273e-08,4.72606850925977e-08,2.6595670284143e-08,6.95948660910518e-08,5.91749017425824e-08,2.71016098952299e-08,3.0018187830767e-08,1.02321608598572e-08,4.97534733443644e-08,2.3065181076053e-08,3.87185137116879e-08,1.91385868275788e-08,6.22363405840858e-09,4.9933007728654e-09,1.31161220055859e-08,4.32381678785109e-09,1.06598487924087e-08,3.94529442582867e-09,2.85955227311543e-09,7.09943586197245e-09,2.40072692626999e-09,2.76893954943336e-09,2.09329195106712e-09,1.66814587035173e-09,5.09289987798316e-09,2.20642844982304e-09,1.75466043118104e-09,5.48162212670474e-09,1.45526338318619e-09,4.20189787178422e-09,1.45014234183408e-09,1.33003440523466e-09,4.48754782137656e-09,1.77023776672997e-09,5.31238781530539e-09
7.68635761909001e-09,2.11446305510541e-08,4.03269004746414e-08,1.77263095815334e-08,3.27023630903479e-08,2.78444685495051e-08,3.05213586687002e-08,5.04320727253814e-08,4.54066020612572e-08,4.55245964744586e-08,7.43935352693818e-08,6.69952049857321e-08,6.25082701212238e-08,5.39840010887418e-08,7.70183739816068e-08,9.18535976525886e-08,1.07762115270858e-07,1.60594856213868e-07,3.70118744394472e-08,5.17738116224386e-08,2.58927068639912e-08,7.1827924003036e-08,3.89204324175467e-08,5.64998800042147e-08,3.21770396950445e-08,1.46773370569501e-08,8.82896899569945e-09,2.15006373795743e-08,1.28048225803078e-08,1.88790360206914e-08,9.54077760396505e-09,5.91219513601542e-09,8.9342772484832e-09,7.70012147735073e-09,6.0455676411222e-09,7.63591476881372e-09,4.36564158410799e-09,7.04733640094601e-09,3.44240285112128e-09,4.50467670337881e-09,8.06338941520991e-09,5.2263450288344e-09,6.03236833324401e-09,2.81670451713544e-09,2.96035793614207e-09,6.85864566225178e-09,4.10422005985838e-09,8.06911949257251e-09,6.61941107289033e-09,1.02742154282818e-08,1.28516594769003e-08,1.17324626181969e-08,1.42702040538475e-08,1.06345008420246e-08,1.43476524531525e-08,1.90291320912584e-08,1.52661489805539e-08,1.95511633867058e-08,2.90686369754305e-08,2.75572717808755e-08,3.07167483971082e-08,1.98427863883903e-08,4.15720409638051e-08,4.45803558544183e-08,4.83586794866616e-08,8.3631653953871e-08,1.72919135833069e-08,2.52034820601829e-08,9.02539993432886e-09,3.27118056510688e-08,1.97711039272826e-08,2.44824871281125e-08,1.5691949659033e-08,5.12485529859677e-09,3.78043531166925e-09,1.07377177978862e-08,4.00956899606599e-09,8.35617936851589e-09,3.48434440917667e-09,2.43670551382393e-09,5.90104545677968e-09,2.80028737621726e-09,2.52007226479525e-09,2.23770658334776e-09,1.58395283929e-09,3.82214158245557e-09,1.90479111241872e-09,1.55091815268976e-09,4.27701830625513e-09,1.62862309953277e-09,2.90081940935095e-09,1.36142539905657e-09,2.06797406542355e-09,3.65613148153531e-09,2.09223894595474e-09,4.58734336744383e-09
6.15498445973995e-09,8.98498923553162e-09,1.6937016266574e-08,8.1768596160085e-09,1.67583395237155e-08,1.56890724177417e-08,1.1381973124625e-08,1.98229359683622e-08,5.06827852498549e-08,2.09121373782487e-08,4.04489412590343e-08,3.9540521601707e-08,2.34935929049219e-08,6.19750118923933e-08,2.45820273165065e-08,4.78401665578142e-08,4.8332133359751e-08,3.70118744394472e-08,8.11841826124211e-08,3.14033641353004e-08,1.47102537100972e-08,6.32169942334275e-08,2.87136129661592e-08,5.67720192193158e-08,1.89403796567602e-08,8.56457187793044e-09,1.01569308685967e-08,1.67766915902324e-08,8.91577775818876e-09,1.58769384499077e-08,6.18040146683767e-09,7.7295322269006e-09,4.54673388381159e-09,6.25596426000048e-09,8.8274196699016e-09,7.02637218023892e-09,6.08207979197746e-09,3.49960557554331e-09,2.64549146871904e-09,7.08370579821693e-09,3.84624283604297e-09,7.00115786690783e-09,2.77498392423012e-09,1.95571732942313e-09,1.63437272293433e-09,2.9739565315555e-09,2.44162913776278e-09,3.01071786339326e-09,4.56181822367801e-09,6.50512016550804e-09,6.86243583074269e-09,6.00794840735852e-09,5.19853218642301e-09,5.74490254984983e-09,8.63722301647002e-09,8.29941996936874e-09,2.15446070118977e-08,8.4195223800695e-09,1.76954985815409e-08,1.77120881186648e-08,1.15446117673002e-08,2.91387067502529e-08,1.02374932064305e-08,2.23810747948614e-08,2.44224903282205e-08,1.88924372071713e-08,4.1330022391703e-08,1.36288722443329e-08,6.52619263912441e-09,3.32306488402535e-08,1.57276974607537e-08,2.87983522498827e-08,6.52578523404191e-09,3.71059051266066e-09,4.70098943403495e-09,7.75379953842006e-09,3.55745536753372e-09,6.37733914885913e-09,2.95051777798128e-09,3.07264773377232e-09,2.44198058626641e-09,3.07017498701081e-09,3.5128029028734e-09,2.25931186539617e-09,2.20878552055152e-09,1.40587331322353e-09,1.90704443806347e-09,2.22441742925251e-09,2.46211374922879e-09,2.34602412054897e-09,1.25020985361559e-09,1.36208716817248e-09,1.4693576763464e-09,2.12666038819286e-09,1.61004719817801e-09,1.98440001636082e-09
