9.17090990441445e-09,4.69166185049454e-09,2.00142630747786e-09,7.4537526776609e-09,4.39337507015076e-09,6.89640090778801e-09,3.72330917579973e-09,1.57784045261489e-09,1.3894356073841e-09,3.45488398026957e-09,1.74259470193777e-09,3.61564291457466e-09,1.33419455620031e-09,1.20176901526313e-09,7.67990153932451e-10,1.48754652848757e-09,1.28938209931517e-09,1.62981660935196e-09,1.0505924088453e-09,6.68409282677723e-10,4.92241893702806e-10,1.13819683316472e-09,6.8282472679882e-10,1.15661826866999e-09,5.89915578705039e-10,4.26219610385873e-10,3.38029396951562e-10,6.03250123653979e-10,4.39687720982881e-10,6.2764647032946e-10,4.04418464062716e-10,3.24803980624906e-10,3.45739094876045e-10,4.13894787274965e-10,3.88079228630205e-10,4.70728430517615e-10,2.89196699111878e-10,3.18599210011831e-10,3.10389901099453e-10,3.47109687830245e-10,3.78761370918812e-10,4.09093592817874e-10,3.05101974333561e-10,2.77147950179472e-10,2.62678343289059e-10,3.54374454983736e-10,3.26420858661518e-10,4.18278942647358e-10,4.89293107949982e-09,2.4437832281533e-09,9.12496010846878e-10,4.39013793270255e-09,2.10997946522153e-09,3.76686690767946e-09,1.98170352832186e-09,7.92333303011536e-10,6.02066440733341e-10,1.64358466036331e-09,8.93074075956999e-10,1.82375191817656e-09,6.54660563047804e-10,5.42136424341001e-10,4.60712658921815e-10,7.57983952808334e-10,6.23571318917508e-10,8.93230472505214e-10,4.39841603565247e-10,4.04453927443219e-10,1.61164115388603e-10,5.11567797432018e-10,3.67212894893411e-10,4.59667328210752e-10,3.52381818968272e-10,1.48771279082234e-10,1.68842257663985e-10,3.2708766318294e-10,1.93257429505014e-10,3.90998500936123e-10,1.42788795942878e-10,1.48995398278676e-10,1.66883601943088e-10,1.54815640753092e-10,1.41898108583484e-10,2.10287240091049e-10,1.36964474808099e-10,1.5132153798958e-10,1.94435521439756e-10,1.2321027042483e-10,1.96611930942773e-10,1.78226869265075e-10,1.47916641137203e-10,1.84098841596514e-10,1.46691637613126e-10,2.08890790920884e-10,1.46359329616408e-10,2.01030849389858e-10
4.69166185049454e-09,1.72190248793753e-08,4.76163212148995e-09,8.60772663783507e-09,1.46681334136899e-08,6.94652859492666e-09,1.4160398972057e-08,3.78213694627084e-09,1.99326654089978e-09,1.1982738962894e-08,3.74531870016274e-09,1.1899924321542e-08,3.15836585361766e-09,1.63604102476329e-09,1.43682718906698e-09,3.10217706954691e-09,1.80221199455686e-09,3.18433888953826e-09,1.35235196952594e-09,1.26283517205275e-09,6.86023985106839e-10,1.48792793945839e-09,1.28289670918734e-09,1.42604034897177e-09,1.13993815170484e-09,6.0674553681164e-10,4.98634148056919e-10,1.12757494383373e-09,6.75886443732147e-10,1.2578634959904e-09,5.70527246140428e-10,4.52451414730699e-10,4.20043481353594e-10,6.12771422587483e-10,5.05972962916189e-10,6.59022329932003e-10,3.8198241751545e-10,3.62020477273067e-10,3.52780363122487e-10,4.31450989872859e-10,4.41929391834166e-10,4.71766297112656e-10,3.69608373422582e-10,3.19446967179105e-10,3.54463278002185e-10,4.60015482008957e-10,3.79303221198059e-10,5.05018102384348e-10,2.53827879010882e-09,7.70822910870246e-09,2.65510155763598e-09,4.59968868356028e-09,6.50144329960786e-09,3.71575395942597e-09,6.65020198817161e-09,2.13269291279093e-09,9.92515508570555e-10,5.32612976578024e-09,2.01218691492141e-09,5.39642568192825e-09,1.83108126381183e-09,7.96158769327586e-10,8.13179834802744e-10,1.65631874941096e-09,1.00181675831105e-09,1.70590069384215e-09,6.24666762857917e-10,7.48600010364019e-10,2.81549979367389e-10,8.14034819739517e-10,5.90195638157291e-10,6.71940172151431e-10,6.38685479713086e-10,2.25427308212415e-10,2.33523635084708e-10,5.05689813575836e-10,4.21805465179806e-10,6.36329878797189e-10,1.88922871922652e-10,1.78966295842796e-10,2.23913504038899e-10,3.14258326422316e-10,2.16486281355661e-10,3.10864265081949e-10,1.58222516206025e-10,1.98025195984903e-10,2.03307996376093e-10,1.98713388861785e-10,1.79997026810865e-10,1.81957563406151e-10,2.02103680249909e-10,2.07259845322384e-10,1.88025763506564e-10,2.06398431298789e-10,2.50240496653348e-10,2.77020205841875e-10
2.00142630747786e-09,4.76163212148995e-09,1.05576820971854e-08,4.04925349562301e-09,8.7495314898219e-09,7.69463594037989e-09,3.78658456404063e-09,8.39879338548576e-09,3.82264995456689e-09,6.87597531027138e-09,7.02458185271603e-09,5.82897894030343e-09,6.9989594215052e-09,3.13645573214951e-09,1.63783645676896e-09,5.85373704518588e-09,3.07693054569526e-09,5.72812309919919e-09,2.61403104380145e-09,1.37168287676994e-09,9.18219134878725e-10,2.54362764996021e-09,1.34089430579904e-09,2.44039806691921e-09,1.02016387234146e-09,8.17269308682184e-10,4.40469521760687e-10,9.81818643116464e-10,8.66362976059239e-10,9.89765020497897e-10,7.46430201908961e-10,4.15661539830001e-10,4.44585008277527e-10,7.73927172971744e-10,5.10977506733791e-10,8.7300531172061e-10,3.5677715569138e-10,3.91141640157835e-10,3.44870795744652e-10,4.38933235584334e-10,4.56456653210808e-10,4.75726553348775e-10,3.61117995369778e-10,3.0892052269724e-10,2.86499055336775e-10,4.30397505566731e-10,3.54929001750825e-10,4.71701943705472e-10,1.08565175419101e-09,2.345665829456e-09,5.26670212728875e-09,2.21542786201381e-09,4.39013782637386e-09,4.05404714832135e-09,1.95695001730455e-09,4.46197260198816e-09,2.07887228406181e-09,3.66330781260422e-09,3.96351049442545e-09,3.21516360899625e-09,3.71774987875878e-09,1.73408363478066e-09,8.69548550720197e-10,3.34186116563537e-09,1.63945652717239e-09,3.06374342276735e-09,1.44809169985552e-09,7.30189585301577e-10,3.24081624937979e-10,1.37510817644055e-09,6.36784121246171e-10,1.332601647504e-09,5.28503155762856e-10,3.01089996022987e-10,1.9907124543044e-10,4.66360431103409e-10,4.25656925769166e-10,4.8167796617834e-10,2.89663417157241e-10,2.07804234318513e-10,2.04941680436949e-10,3.70826039937245e-10,1.96007052765308e-10,3.08649559362735e-10,1.77216813642631e-10,1.81034925372309e-10,2.09935979796285e-10,1.80204626916175e-10,2.42598196977619e-10,2.28282924389267e-10,1.84900624285608e-10,2.10059766633414e-10,1.95452719048721e-10,2.34063147354976e-10,2.29703833674987e-10,2.34706577415656e-10
7.4537526776609e-09,8.60772663783507e-09,4.04925349562301e-09,1.23701254226697e-08,6.97173007265932e-09,1.01793935105789e-08,6.89048249214499e-09,3.22063275933827e-09,1.79188713301718e-09,5.53194910637549e-09,3.19489747692435e-09,5.45936141993074e-09,2.67475777672417e-09,1.48651201121381e-09,1.3149827111255e-09,2.65969242481147e-09,1.6059362005983e-09,2.77479845116414e-09,1.23753271650675e-09,1.14743197903024e-09,6.16751582233642e-10,1.33577222646042e-09,1.19237377393706e-09,1.29633970030204e-09,1.04127190321027e-09,5.40861697651138e-10,4.10093292032203e-10,1.06147080058803e-09,5.78177736663753e-10,1.14465712347114e-09,5.17528026671887e-10,3.87134218479772e-10,3.72015255949533e-10,5.36866353695731e-10,4.2671563184221e-10,5.66277360912146e-10,3.33514499620302e-10,3.23000029862476e-10,3.13359763764419e-10,3.68883738276709e-10,3.84250159220681e-10,4.32745951180429e-10,3.14764922894875e-10,2.86272775639395e-10,2.99808106356246e-10,3.72547804637194e-10,3.5072779141955e-10,4.44155308496569e-10,4.14712748216276e-09,4.50726822303207e-09,2.21587202032913e-09,6.92057371000132e-09,3.80112828703974e-09,5.84921532443888e-09,3.76788198682433e-09,1.79786276086281e-09,9.23339693712578e-10,3.03324259392493e-09,1.71388863614592e-09,2.91448649942554e-09,1.54259389562316e-09,7.80204408546346e-10,7.66364705249205e-10,1.42483995621146e-09,9.36860738464238e-10,1.48353570102183e-09,6.07109740843257e-10,6.70391196770709e-10,2.25762654418138e-10,7.42643985590853e-10,5.86474478639572e-10,7.21658024773077e-10,6.07499026255913e-10,2.07967414813525e-10,1.8134851712311e-10,5.29344197542377e-10,2.68953766665152e-10,5.5516746853989e-10,2.05473624807554e-10,1.64668323980467e-10,2.07369225317021e-10,2.22905134838573e-10,1.54878903263669e-10,2.32798216745484e-10,1.47145770859213e-10,1.93055402642052e-10,1.57741408334669e-10,1.36714687040439e-10,1.70281282758492e-10,1.48237350832804e-10,1.90264469080091e-10,1.60896727182548e-10,1.72353437297631e-10,1.65511036509085e-10,2.20134500689454e-10,2.63417140827345e-10
4.39337507015076e-09,1.46681334136899e-08,8.7495314898219e-09,6.97173007265932e-09,2.0826213586606e-08,1.12347078670617e-08,1.19849518029444e-08,6.87206733934955e-09,3.73013943751555e-09,1.68030685040978e-08,5.89873850697684e-09,1.51032181929807e-08,5.6757729289101e-09,3.04820345282717e-09,1.76090517642989e-09,4.82965117095081e-09,3.14511139871606e-09,4.78738415776482e-09,2.51971578538049e-09,1.48922097363179e-09,1.09466434486457e-09,2.57483144043187e-09,1.48662772426451e-09,2.51324386287178e-09,1.14104390292693e-09,9.71484662441373e-10,5.86513455370888e-10,1.11264164937431e-09,1.09019038077862e-09,1.1972107570052e-09,9.12817995048071e-10,5.49270721959585e-10,5.4541110154063e-10,1.00902300460849e-09,6.70303329022949e-10,1.14221725285543e-09,4.69660682177066e-10,4.9604496000381e-10,4.51369805714983e-10,5.85841976557258e-10,5.8634323615549e-10,6.14964426807746e-10,4.9716792831257e-10,4.2401045793002e-10,4.3514724641459e-10,6.02121199666871e-10,5.07786228584582e-10,6.74352615647631e-10,2.37533354865125e-09,6.32548727162429e-09,4.41477782410783e-09,3.60589996692967e-09,9.00748671178592e-09,5.67754304700067e-09,5.44366331467919e-09,3.72875782439027e-09,1.83989414566676e-09,7.56442340959582e-09,3.28334349122392e-09,7.00870910720686e-09,3.08471355969853e-09,1.50949813665148e-09,9.7895609131671e-10,2.66751063912368e-09,1.65717835218417e-09,2.57089694496329e-09,1.2038277550229e-09,8.30044472483168e-10,4.01645052956735e-10,1.3247138337485e-09,6.00974382908064e-10,1.11787768919483e-09,6.47526318243647e-10,3.65930183987877e-10,2.62481371562468e-10,4.88668020066685e-10,5.89955877186573e-10,6.08876894942015e-10,3.27690164188674e-10,2.49346165538385e-10,3.27508613153319e-10,4.77216803148315e-10,2.98015093700689e-10,4.71217818101898e-10,2.18138690611546e-10,2.89675420842671e-10,2.82926433100704e-10,2.68054604653786e-10,3.30372295182854e-10,2.50900164205294e-10,3.15670435884559e-10,2.94734257136947e-10,2.44050597086428e-10,3.53375764814577e-10,3.40817877214975e-10,3.98806789297283e-10
6.89640090778801e-09,6.94652859492666e-09,7.69463594037989e-09,1.01793935105789e-08,1.12347078670617e-08,1.54560338230371e-08,5.50911055091949e-09,5.98908131106222e-09,3.29035223458197e-09,8.81833822903317e-09,5.08888704709003e-09,7.67288717534282e-09,4.94171659956902e-09,2.68667944814027e-09,1.59220309669056e-09,4.17667355546496e-09,2.76246743676267e-09,4.21060999243482e-09,2.2403427509673e-09,1.34322936529549e-09,9.79208737024201e-10,2.26982586072834e-09,1.33387697310381e-09,2.18396327326686e-09,1.05439800467215e-09,8.7888314559862e-10,4.72981505035455e-10,1.02526733077061e-09,9.22379616368972e-10,1.04208691916183e-09,8.46657473896339e-10,4.64719467707547e-10,4.63623458452913e-10,8.77860381543615e-10,5.52150157839973e-10,9.87983415954942e-10,4.11091942956335e-10,4.22105176861993e-10,4.07641281821566e-10,4.9418407506798e-10,5.17572554102789e-10,5.59784176176234e-10,4.11865501990701e-10,3.87990173073091e-10,3.5160788156181e-10,5.08056412810011e-10,4.58242646390108e-10,5.84603158880887e-10,3.81787740145324e-09,3.57673679088244e-09,3.82945701192491e-09,5.56513748087805e-09,5.84800710876926e-09,8.48008908494393e-09,2.96068073415393e-09,3.23853699576384e-09,1.65600296414183e-09,4.8637411715547e-09,2.81522558317465e-09,4.31181722136441e-09,2.72920342664178e-09,1.4024289030174e-09,8.38671654213648e-10,2.3295564744024e-09,1.4579103300232e-09,2.26306424375442e-09,1.11291951165611e-09,6.76534560834131e-10,3.74954977918747e-10,1.1632867705237e-09,5.52856615191715e-10,1.06947601506447e-09,5.44739670874876e-10,3.58866194038806e-10,2.14776379267759e-10,4.49988947744822e-10,4.41717633496981e-10,4.58169209136719e-10,3.55454752859884e-10,2.26275085134043e-10,3.13963255739311e-10,3.9610358490663e-10,2.19133861879532e-10,4.29849498814535e-10,1.97535686176724e-10,2.88080471763983e-10,2.46398759780381e-10,1.97202642799815e-10,3.37948951702628e-10,2.22542920198033e-10,2.93044722089049e-10,2.58900831886134e-10,2.49028658578319e-10,3.31195711391009e-10,3.34917205293356e-10,3.75691608565242e-10
3.72330917579973e-09,1.4160398972057e-08,3.78658456404063e-09,6.89048249214499e-09,1.19849518029444e-08,5.50911055091949e-09,1.85585259101836e-08,4.55474245866992e-09,2.35805556682218e-09,1.60093949299465e-08,4.62188543796944e-09,1.61331874544908e-08,3.71665093023108e-09,1.90874793126961e-09,1.67786357362769e-09,3.74081148738282e-09,2.10197862223864e-09,3.83705271865117e-09,1.54064954672416e-09,1.44852323722305e-09,7.86937154005327e-10,1.71267187084999e-09,1.46264774192318e-09,1.67900850341912e-09,1.288008210042e-09,6.82452286343292e-10,5.48956477635891e-10,1.27089956739536e-09,7.53195453599134e-10,1.40776940614229e-09,6.39943744802471e-10,4.88420861718579e-10,4.62768802316389e-10,6.81367045456003e-10,5.5509571820665e-10,7.27662529584694e-10,4.07367517732328e-10,3.87256844033327e-10,3.88844366529734e-10,4.62577737173939e-10,4.76301847695263e-10,5.26095784687814e-10,3.3827667579653e-10,3.12759727332097e-10,3.68163404070722e-10,3.95629418787109e-10,3.9733837765092e-10,4.63380380156973e-10,2.11758637334637e-09,6.65042416381783e-09,2.13286001454621e-09,3.91689282949491e-09,5.32784125803651e-09,3.01115108756648e-09,8.38993200453014e-09,2.49324844654228e-09,1.25897569915106e-09,7.18533867059153e-09,2.48193958318759e-09,7.50958467251904e-09,2.06433644224914e-09,9.94290578392242e-10,9.09877373389541e-10,2.06002523166514e-09,1.12658228794423e-09,2.10363229026595e-09,7.80252891524895e-10,8.33012088976635e-10,3.44985361838482e-10,9.2228736819782e-10,6.46315957819251e-10,8.6145483304231e-10,7.45771898115145e-10,2.8610272263849e-10,3.02052626148786e-10,5.5795865791465e-10,5.37021850574943e-10,7.4965694455765e-10,2.40296616965471e-10,2.33497155485128e-10,2.5168771076479e-10,4.10669627884303e-10,2.47589921099764e-10,3.46399464942415e-10,2.18173943439401e-10,2.27285773148015e-10,2.0191356730036e-10,2.37186310649998e-10,2.288997298092e-10,2.37808130568963e-10,2.03611547153539e-10,1.70032707733589e-10,1.93531858729454e-10,1.78573098646377e-10,2.62775071610196e-10,2.9813219227432e-10
1.57784045261489e-09,3.78213694627084e-09,8.39879338548576e-09,3.22063275933827e-09,6.87206733934955e-09,5.98908131106222e-09,4.55474245866992e-09,9.74354087414284e-09,4.38998955782471e-09,8.18433437107329e-09,8.15602702168557e-09,7.00656146108572e-09,8.02438546533526e-09,3.55631186919838e-09,1.84382345439795e-09,6.69929054605181e-09,3.46839007764628e-09,6.53842472744973e-09,2.92527699403161e-09,1.52078594401175e-09,1.03580488345387e-09,2.84299071924385e-09,1.47867352677205e-09,2.73845870611348e-09,1.13674728984308e-09,9.21560071976513e-10,4.96878783959579e-10,1.07730685612347e-09,9.89758390820058e-10,1.10354664019658e-09,8.41662862302419e-10,4.65538437413278e-10,4.94572212887913e-10,8.82596923141164e-10,5.66444106075929e-10,9.80925172111447e-10,3.88958942715197e-10,4.205341089379e-10,3.67958371349232e-10,4.73795560797503e-10,4.85876191691778e-10,5.05653762234557e-10,3.66754629610753e-10,2.97329868395077e-10,2.88334104391647e-10,4.12248765303309e-10,3.41565247758936e-10,4.747829730195e-10,8.91241270844018e-10,1.95574492997562e-09,4.46129266287619e-09,1.88821701978568e-09,3.66252048743025e-09,3.40864831080858e-09,2.33451270006744e-09,5.10330173079743e-09,2.4416093124034e-09,4.35431937632091e-09,4.55355088588422e-09,3.9765243594542e-09,4.20705428005689e-09,1.99088752453256e-09,1.0037695557558e-09,3.78370085833717e-09,1.80696255445346e-09,3.42991403918936e-09,1.66239811758251e-09,8.45460808243184e-10,4.07117211966074e-10,1.53995855924729e-09,7.35499106175957e-10,1.47723248145749e-09,6.10309276313027e-10,3.73246828359512e-10,2.45982832882458e-10,5.19666157971254e-10,4.92498147074337e-10,5.65114481802412e-10,3.47937199909914e-10,2.57420758133445e-10,2.17637072988617e-10,4.23780912815697e-10,2.07704798447925e-10,3.62580664828371e-10,2.0453225634304e-10,2.04392681917341e-10,2.04779786662383e-10,1.88562606238959e-10,2.77122571335285e-10,2.4117528232397e-10,2.00085254962149e-10,1.81421036956084e-10,1.96227884654744e-10,2.55946167539438e-10,1.98416461582444e-10,2.63234980423105e-10
1.3894356073841e-09,1.99326654089978e-09,3.82264995456689e-09,1.79188713301718e-09,3.73013943751555e-09,3.29035223458197e-09,2.35805556682218e-09,4.38998955782471e-09,1.1397607648841e-08,4.37148240643189e-09,9.22561104757985e-09,8.87455651271255e-09,3.55849915881848e-09,9.24024609082979e-09,4.46414523678532e-09,7.4703824010886e-09,7.72502088110998e-09,6.25182670745339e-09,7.59827269892047e-09,3.6032617093853e-09,1.71832175870666e-09,6.35100529346317e-09,3.23119490683448e-09,5.79186632214826e-09,2.66140530857498e-09,1.26978118186699e-09,9.97439107356361e-10,2.28543059724359e-09,1.29149503902002e-09,2.28268040871887e-09,9.67126352552717e-10,8.88037701978387e-10,5.70089384086179e-10,9.54183930101024e-10,9.82218100630303e-10,1.07302290715495e-09,7.70864350651461e-10,4.97508313451777e-10,4.23825537305477e-10,8.53007441511326e-10,5.45234361801737e-10,8.73698651468677e-10,4.51379486364297e-10,3.44938815089473e-10,3.69673315082683e-10,4.82844158104457e-10,4.32745405528136e-10,5.83507885706048e-10,7.28539253674982e-10,9.7415398105396e-10,1.96478623262004e-09,9.88662320880572e-10,2.03251022387069e-09,1.84556930170679e-09,1.15475330199497e-09,2.1884671379813e-09,5.58910940839279e-09,2.35285250277888e-09,4.57933976875233e-09,4.96084542891424e-09,1.84750694933132e-09,4.64761507754177e-09,2.18269893819996e-09,3.80723164446674e-09,3.85671549030087e-09,3.02072281753901e-09,3.78448566592522e-09,1.83250997486056e-09,6.47945463201722e-10,3.17353532139719e-09,1.51309157936591e-09,2.73111755241095e-09,1.32616317230784e-09,4.63050679807456e-10,5.08154027704134e-10,1.06849733584253e-09,5.06002647875947e-10,1.02748210826502e-09,3.39828355699579e-10,4.48370875533522e-10,2.68913919987767e-10,4.14379838476275e-10,3.84095413865281e-10,4.07254306355526e-10,3.80615285735079e-10,2.4146080725682e-10,2.58096667888988e-10,3.41278611970049e-10,3.02457138318296e-10,4.08865952038529e-10,2.27957448642893e-10,2.0903248844234e-10,2.50873126524618e-10,2.68294743884641e-10,2.57668836951158e-10,3.6871153083614e-10
3.45488398026957e-09,1.1982738962894e-08,6.87597531027138e-09,5.53194910637549e-09,1.68030685040978e-08,8.81833822903317e-09,1.60093949299465e-08,8.18433437107329e-09,4.37148240643189e-09,2.18964001394793e-08,7.11951329993174e-09,2.0020426040976e-08,6.645772568852e-09,3.52907049777527e-09,2.03742654069479e-09,5.71739146138795e-09,3.60689374441284e-09,5.6431949398837e-09,2.8570495482004e-09,1.67139359737707e-09,1.24064634980556e-09,2.91380457195672e-09,1.67417955807609e-09,2.87075379929476e-09,1.26883185399979e-09,1.0981773625309e-09,6.48724983845171e-10,1.24062886182041e-09,1.23313686881365e-09,1.33472386318141e-09,1.02846352051284e-09,6.05626600625137e-10,5.89666926178419e-10,1.13574212036246e-09,7.33545453994174e-10,1.25773392395688e-09,5.11529931243715e-10,5.1532913211646e-10,4.77828648877578e-10,6.27114717057303e-10,5.9977383332901e-10,6.54681314648826e-10,4.61034562409108e-10,3.98166622836797e-10,4.37213405206524e-10,5.18952435907211e-10,5.0348558628417e-10,6.14220041041237e-10,1.9677959208113e-09,5.4432589612402e-09,3.72856635836454e-09,3.06193768446354e-09,7.56553551894262e-09,4.74847405614887e-09,6.95960130035844e-09,4.32625096612146e-09,2.31504619210927e-09,9.84125795754024e-09,3.91506249482154e-09,9.58052314777976e-09,3.51322321636829e-09,1.83737942721446e-09,1.11756155048402e-09,3.19108551650777e-09,1.83992885669555e-09,3.04673291793311e-09,1.4782811040527e-09,9.40548949573993e-10,5.43520489195012e-10,1.49113969485134e-09,7.20989587092559e-10,1.35940501026406e-09,7.40043333013734e-10,4.93639203394482e-10,3.71514819284739e-10,5.58468212679916e-10,7.52697242457646e-10,7.48397897926414e-10,4.28656554588435e-10,3.45595397869707e-10,3.46320085202467e-10,6.12080087363354e-10,3.4140351256743e-10,5.5296699569665e-10,2.96799857264387e-10,3.20416573908729e-10,2.58402676314475e-10,3.14270177491412e-10,3.52916413037818e-10,2.94776433667496e-10,3.16705089054764e-10,2.39117644579451e-10,2.44195964898785e-10,3.18747497158968e-10,3.42076537822443e-10,4.03758462768337e-10
1.74259470193777e-09,3.74531870016274e-09,7.02458185271603e-09,3.19489747692435e-09,5.89873850697684e-09,5.08888704709003e-09,4.62188543796944e-09,8.15602702168557e-09,9.22561104757985e-09,7.11951329993174e-09,1.45240423432982e-08,1.2624970320213e-08,6.70092019285068e-09,7.46912141985295e-09,4.11314595911044e-09,1.186818705678e-08,6.23334378811209e-09,1.02054808838357e-08,6.12225997601894e-09,3.32892699253755e-09,1.64278853946919e-09,5.09665105322161e-09,3.00334069559204e-09,4.6487557225998e-09,2.41973357744892e-09,1.2115728718146e-09,1.11515594596784e-09,2.08903654278164e-09,1.28774819193775e-09,2.12790400877751e-09,9.19017090530354e-10,1.01642507578181e-09,6.87443803330763e-10,9.64937194257192e-10,1.12170598875157e-09,1.08914884026187e-09,8.68804588590831e-10,5.87101445542894e-10,4.90404153431122e-10,9.67629667630699e-10,6.39616442556281e-10,1.01087930830117e-09,5.37706628028569e-10,4.02391748694922e-10,3.91404982473845e-10,5.55435267620639e-10,4.76486725772273e-10,6.31888238308141e-10,9.55465203242854e-10,1.79737166450795e-09,3.77083925045887e-09,1.78479048361063e-09,3.13123186375152e-09,2.95834039853278e-09,2.22927684337178e-09,4.26901027252148e-09,4.6816702600242e-09,3.82305099307839e-09,7.56578762593500e-09,6.8461016019149e-09,3.55044158507622e-09,3.90210099428696e-09,2.05132670028146e-09,6.27323712348176e-09,3.12993509385912e-09,5.20218340586562e-09,3.2026994762352e-09,1.7253755896068e-09,6.25615173536282e-10,2.57482328233844e-09,1.53724270331933e-09,2.35809430363769e-09,1.19112942689987e-09,4.38211850388092e-10,5.60711974428855e-10,1.03256759409147e-09,5.43453884852984e-10,1.02274260413361e-09,3.46806932183555e-10,5.14790174678091e-10,2.72932531240613e-10,4.59688383488917e-10,4.26477798168977e-10,4.27976423031146e-10,4.30018821274153e-10,2.4756177158681e-10,3.04901189102208e-10,3.67253162288737e-10,3.46756890570352e-10,4.33007184872531e-10,2.57744039999016e-10,2.46525962939041e-10,2.85091630781001e-10,3.149199116138e-10,2.71243086480831e-10,3.76627908825453e-10
3.61564291457466e-09,1.1899924321542e-08,5.82897894030343e-09,5.45936141993074e-09,1.51032181929807e-08,7.67288717534282e-09,1.61331874544908e-08,7.00656146108572e-09,8.87455651271255e-09,2.0020426040976e-08,1.2624970320213e-08,2.88247050593738e-08,5.63602024105894e-09,7.15504829702145e-09,4.14970067232882e-09,1.01828840811495e-08,6.14391874728367e-09,8.87216860164975e-09,5.76837208060516e-09,3.27884321504639e-09,1.76237369116182e-09,4.92919430851375e-09,3.03207466515502e-09,4.58257337380678e-09,2.36780779757972e-09,1.29577390386807e-09,1.27842847341892e-09,2.10202234115308e-09,1.405969269444e-09,2.2327971981628e-09,9.96272038049962e-10,1.16447205722466e-09,7.44210796745899e-10,1.06216617261635e-09,1.28887261544552e-09,1.16209290363629e-09,1.00253169192024e-09,6.35710278944965e-10,5.75788608293376e-10,1.11548147396870e-09,7.25660097999366e-10,1.15137433191588e-09,5.81552642757015e-10,4.77688934860296e-10,5.07985809415031e-10,6.35984463312115e-10,6.16447424827546e-10,7.58648501780858e-10,1.94288107547198e-09,5.30567724601873e-09,3.1931898752445e-09,2.9614167004269e-09,6.71085864065855e-09,4.16557602305788e-09,6.94279989948514e-09,3.69291146368446e-09,4.30324671236704e-09,9.09973016684158e-09,6.43165509433563e-09,1.37278363090834e-08,2.98938505164311e-09,3.58828955692872e-09,2.13034811530541e-09,5.37099472124357e-09,3.04311271025345e-09,4.58124351207284e-09,2.85427636013533e-09,1.76374608075475e-09,7.61681041995483e-10,2.40956952644929e-09,1.44627195184617e-09,2.14161584950022e-09,1.31219564762812e-09,5.72041832976429e-10,6.62721647212982e-10,1.02872953016066e-09,7.52535641746329e-10,1.12432632297079e-09,4.2180969451284e-10,5.75395590004046e-10,3.62212043452771e-10,5.87203115722363e-10,4.59838451564588e-10,5.50819379133806e-10,4.92118186326302e-10,3.11544406726956e-10,3.02805047927365e-10,4.08488879466791e-10,3.65414394828223e-10,4.67700108424031e-10,3.19836161880366e-10,2.45855853219181e-10,2.99812133706485e-10,3.34071087327588e-10,3.99930436709777e-10,4.92214912242989e-10
1.33419455620031e-09,3.15836585361766e-09,6.9989594215052e-09,2.67475777672417e-09,5.6757729289101e-09,4.94171659956902e-09,3.71665093023108e-09,8.02438546533526e-09,3.55849915881848e-09,6.645772568852e-09,6.70092019285068e-09,5.63602024105894e-09,9.75617479297153e-09,4.16498522885722e-09,2.12725352987529e-09,8.04057755773893e-09,4.10800163687655e-09,7.89576403213383e-09,3.41166715184415e-09,1.73566769726951e-09,1.24758446186812e-09,3.35941770758044e-09,1.72372828199479e-09,3.22569324849548e-09,1.33218873421235e-09,1.10202909406343e-09,5.96564488886509e-10,1.29107010650631e-09,1.15493910546841e-09,1.30594972660213e-09,1.00864168359203e-09,5.53710799056259e-10,5.75878163923579e-10,1.03759666915384e-09,6.56110469471229e-10,1.1466866986162e-09,4.6843448289354e-10,4.82320135280719e-10,4.16152414613463e-10,5.52922906412405e-10,5.49822279445137e-10,5.89789625865267e-10,4.15917387395956e-10,3.36617669149584e-10,3.44804516065299e-10,4.58822745591614e-10,3.94465544579654e-10,5.30403580564049e-10,7.7983154659221e-10,1.64298400684214e-09,3.71463339948803e-09,1.59717629676338e-09,3.09126017802346e-09,2.90339977339618e-09,1.93539703358004e-09,4.20649557754678e-09,1.98953380612658e-09,3.58774728012919e-09,3.78298125279715e-09,3.25413867315575e-09,5.336854830763e-09,2.46034931806301e-09,1.16334322343964e-09,4.78587633121051e-09,2.21461131708758e-09,4.36416705629421e-09,2.02702472783926e-09,9.89441735793559e-10,4.88135184806842e-10,1.85089233568395e-09,8.90987345187479e-10,1.79087259378256e-09,7.40641612184883e-10,4.65246972985725e-10,2.48066394609956e-10,6.71129866918057e-10,5.42218080705219e-10,6.86773713958246e-10,4.37092435723028e-10,2.65262061716231e-10,2.86771907020124e-10,4.785975174645e-10,2.398836400985e-10,4.27039796255921e-10,2.13548007942436e-10,2.56812294823647e-10,2.50132095317319e-10,2.31999592885416e-10,3.09510546610639e-10,2.49985112074223e-10,2.41115690534122e-10,1.95961213550731e-10,2.53357820679645e-10,2.7190586461851e-10,2.21397754699184e-10,3.02767583340477e-10
1.20176901526313e-09,1.63604102476329e-09,3.13645573214951e-09,1.48651201121381e-09,3.04820345282717e-09,2.68667944814027e-09,1.90874793126961e-09,3.55631186919838e-09,9.24024609082979e-09,3.52907049777527e-09,7.46912141985295e-09,7.15504829702145e-09,4.16498522885722e-09,1.07043219745988e-08,5.04371557428529e-09,8.63838860082796e-09,8.89955449697437e-09,7.19512907946802e-09,8.73994054119006e-09,4.04870491697267e-09,1.918629382058e-09,7.27144463889968e-09,3.66750731103036e-09,6.67402121797438e-09,3.01159195622146e-09,1.41639945387869e-09,1.11476201295547e-09,2.63268320466887e-09,1.43062346257284e-09,2.58814736557545e-09,1.09623990505039e-09,9.87898822394633e-10,6.34538074689856e-10,1.07498505258049e-09,1.08659766572446e-09,1.19482241029374e-09,8.62202731280275e-10,5.51391716044478e-10,4.6047018152014e-10,9.48528537431326e-10,6.20995951685265e-10,9.96138207927608e-10,5.04328646005092e-10,3.79274839683945e-10,4.13766480766622e-10,5.53717228241517e-10,4.75485577801426e-10,6.5791940348419e-10,6.43106044534546e-10,7.78625866894381e-10,1.66597820503428e-09,8.90874055871545e-10,1.69005151198633e-09,1.58842810467115e-09,9.33091235354548e-10,1.84568628640977e-09,4.64513156182894e-09,1.94377099704748e-09,3.80495692867633e-09,4.05378917919606e-09,2.25002740586279e-09,5.73583170777349e-09,2.53080382275534e-09,4.64608942103834e-09,4.58677854885863e-09,3.62732386442569e-09,4.61727588483472e-09,2.09947788806833e-09,7.8189395135528e-10,3.70262925261183e-09,1.81836318977592e-09,3.31771851472282e-09,1.54046917293049e-09,5.89057740011158e-10,5.74054832685599e-10,1.29406207238812e-09,6.46716843572323e-10,1.24461399034986e-09,4.63413570384885e-10,4.97493319932122e-10,2.90985165209605e-10,5.60806084184562e-10,4.25587666807275e-10,5.31939638172451e-10,4.23371300755319e-10,2.55652087221451e-10,2.81663180817963e-10,3.87610092262455e-10,2.92471075168796e-10,4.74735308058449e-10,2.40889308083413e-10,2.22767524872998e-10,3.07107174341346e-10,2.58775674045935e-10,2.71677997351529e-10,3.72763485663133e-10
7.67990153932451e-10,1.43682718906698e-09,1.63783645676896e-09,1.3149827111255e-09,1.76090517642989e-09,1.59220309669056e-09,1.67786357362769e-09,1.84382345439795e-09,4.46414523678532e-09,2.03742654069479e-09,4.11314595911044e-09,4.14970067232882e-09,2.12725352987529e-09,5.04371557428529e-09,1.34593566015388e-08,4.6396446662156e-09,1.06141371584749e-08,9.82280021586042e-09,4.05088315268067e-09,1.07410004808398e-08,4.54950660011254e-09,8.42018791121641e-09,8.14756629915178e-09,6.37230990203556e-09,8.31459883879762e-09,3.29807178222999e-09,1.5645901330085e-09,6.00587094912925e-09,3.02292293000969e-09,5.60246781632873e-09,2.41614955998883e-09,1.13628124508392e-09,1.45877971579088e-09,2.1396888688855e-09,1.23064858009471e-09,2.20427261320914e-09,9.93814796682004e-10,1.30827106640509e-09,6.39618057915528e-10,1.05974652050651e-09,1.39079842298428e-09,1.14649720443984e-09,1.17552850928262e-09,5.77612708667881e-10,4.88816488012675e-10,1.25923849479589e-09,6.52964130638263e-10,1.39157427612646e-09,5.47805736903031e-10,5.95122262156109e-10,8.26880928001686e-10,7.5024554059517e-10,8.57951018872119e-10,8.09603156075976e-10,5.5815451636353e-10,9.08778498115183e-10,2.12138734596652e-09,8.89566826820921e-10,1.89442149659145e-09,2.08974884900353e-09,1.07974038327617e-09,2.53730376427272e-09,6.57653624752511e-09,2.31258865581877e-09,5.41506605486167e-09,4.80319720669003e-09,1.99894170896938e-09,5.40298765760853e-09,2.1699191766939e-09,4.25872340997902e-09,4.0184704327054e-09,3.07242642080359e-09,4.21201397924026e-09,1.69381086432941e-09,6.4753791120647e-10,3.0055311934442e-09,1.56965779244841e-09,2.79823242015051e-09,1.21346808560515e-09,5.00552062004764e-10,6.50509275139764e-10,1.16736646393506e-09,5.29866632445452e-10,1.11740699177124e-09,4.28864794367037e-10,5.83843679629663e-10,3.95763129815051e-10,4.35198789066826e-10,6.02730800863694e-10,5.15797553056343e-10,5.60441121598663e-10,3.51449693246269e-10,3.2176766967947e-10,5.89484072869205e-10,3.85493335687945e-10,7.91214405855579e-10
1.48754652848757e-09,3.10217706954691e-09,5.85373704518588e-09,2.65969242481147e-09,4.82965117095081e-09,4.17667355546496e-09,3.74081148738282e-09,6.69929054605181e-09,7.4703824010886e-09,5.71739146138795e-09,1.186818705678e-08,1.01828840811495e-08,8.04057755773893e-09,8.63838860082796e-09,4.6396446662156e-09,1.40006290428942e-08,7.20540972330586e-09,1.20160744233346e-08,7.04596823682343e-09,3.72897323492805e-09,1.83800625972439e-09,5.85696184613134e-09,3.40462584673205e-09,5.38077224124964e-09,2.74497771577283e-09,1.35853803981346e-09,1.25090495640781e-09,2.41562361167806e-09,1.43186991133065e-09,2.43055736500794e-09,1.04824018848818e-09,1.13956668800511e-09,7.74777272571822e-10,1.10262408847917e-09,1.23709095149074e-09,1.2219805464181e-09,9.84553419718174e-10,6.58548854916501e-10,5.40145824497746e-10,1.07511186765418e-09,7.21148855025136e-10,1.13963168064768e-09,6.07851317972329e-10,4.4662280942543e-10,4.54846292037882e-10,6.25716646816877e-10,5.29415955834444e-10,7.16258871891403e-10,8.54300362591712e-10,1.52609829711292e-09,3.18603561880564e-09,1.55313960684718e-09,2.67128783936942e-09,2.55169814619456e-09,1.86278074375895e-09,3.54876300037961e-09,3.89947021924613e-09,3.14701977231914e-09,6.27112748406921e-09,5.65757105868563e-09,4.45896026753438e-09,4.81671960846907e-09,2.39631310248066e-09,7.76348088001812e-09,3.77441034783452e-09,6.44676577851284e-09,3.91546209956426e-09,1.99376158798149e-09,6.87462956679326e-10,3.03474675918746e-09,1.78681559762525e-09,2.8210802956696e-09,1.42730144333573e-09,4.93377970620965e-10,6.12816416820242e-10,1.22037564083245e-09,6.09712748121551e-10,1.19991797947591e-09,4.08470004575549e-10,5.50110389060471e-10,3.24050220237249e-10,5.42003030100831e-10,4.56795557658554e-10,4.85152263768408e-10,4.63397187270373e-10,2.88817369419938e-10,3.33219759442591e-10,4.1634677337234e-10,3.43692072193796e-10,4.72935846012583e-10,2.89995870242541e-10,2.54509556702919e-10,3.46972831530422e-10,3.08486829027458e-10,2.96815861524614e-10,4.0982270597868e-10
1.28938209931517e-09,1.80221199455686e-09,3.07693054569526e-09,1.6059362005983e-09,3.14511139871606e-09,2.76246743676267e-09,2.10197862223864e-09,3.46839007764628e-09,7.72502088110998e-09,3.60689374441284e-09,6.23334378811209e-09,6.14391874728367e-09,4.10800163687655e-09,8.89955449697437e-09,1.06141371584749e-08,7.20540972330586e-09,1.59424455810717e-08,1.3303116375526e-08,7.27307129257218e-09,8.41905211447042e-09,4.15854734427088e-09,1.2865542043048e-08,6.38380804340799e-09,1.01156758193241e-08,6.39187833406610e-09,2.97547210961164e-09,1.55109572569838e-09,4.57070950795122e-09,2.78115338919553e-09,4.24876044376696e-09,2.14712340177893e-09,1.13283917622561e-09,1.48361638318513e-09,1.93798498776155e-09,1.23464213839535e-09,2.01612406936969e-09,1.00051997997079e-09,1.32813461749995e-09,6.29999743051715e-10,1.08175740990459e-09,1.37190079698958e-09,1.14496572599374e-09,1.20218499305174e-09,5.63982259578386e-10,5.17016991553924e-10,1.24861591650314e-09,6.63495546947887e-10,1.40954501146223e-09,7.74384036641195e-10,7.52489284997062e-10,1.66489538524377e-09,8.95593025267636e-10,1.65875249635283e-09,1.62132592251433e-09,8.52233896956573e-10,1.87206329812966e-09,3.92651639206684e-09,1.87568257595521e-09,3.04494442758038e-09,3.28618416575835e-09,2.28255450984761e-09,4.80156794113484e-09,5.27399442381703e-09,3.76233888569344e-09,8.24552054278813e-09,6.6055017857286e-09,3.86360008726602e-09,4.32089452212169e-09,1.9369387518006e-09,6.64296175617424e-09,3.18539068209379e-09,5.20563601863644e-09,3.31412417886123e-09,1.52674032576246e-09,6.61763036389091e-10,2.31704904550032e-09,1.44768848079167e-09,2.17413149510093e-09,1.09749987556828e-09,5.16012739093107e-10,6.59725067089084e-10,1.09796276045041e-09,5.3088007901466e-10,1.07533797903906e-09,4.50974225175176e-10,6.10978123041704e-10,3.95180437384106e-10,4.80475677330629e-10,6.18210012863178e-10,5.49286652692986e-10,5.62891868403632e-10,3.54409376532073e-10,3.18265698035499e-10,5.91520383553631e-10,4.00614137577767e-10,7.67118645150505e-10
1.62981660935196e-09,3.18433888953826e-09,5.72812309919919e-09,2.77479845116414e-09,4.78738415776482e-09,4.21060999243482e-09,3.83705271865117e-09,6.53842472744973e-09,6.25182670745339e-09,5.6431949398837e-09,1.02054808838357e-08,8.87216860164975e-09,7.89576403213383e-09,7.19512907946802e-09,9.82280021586042e-09,1.20160744233346e-08,1.3303116375526e-08,1.9781701265677e-08,5.85835961090068e-09,7.76859147537191e-09,3.90774342282554e-09,1.06526119484765e-08,5.82056151126532e-09,8.3182684475504e-09,5.82898507187262e-09,2.75498640515217e-09,1.59321386159391e-09,4.09774537382018e-09,2.65484814213758e-09,3.89102838077195e-09,1.97245756155306e-09,1.21053239047833e-09,1.56841230626457e-09,1.85758035427611e-09,1.31663261703967e-09,1.96092773206045e-09,1.05820972009914e-09,1.41355677910956e-09,6.9765618985212e-10,1.14309094711871e-09,1.50262905675168e-09,1.1999720865038e-09,1.29073656882284e-09,6.17312704834829e-10,5.76483788902382e-10,1.35921366372387e-09,7.24087130577225e-10,1.50619993207089e-09,9.49444325994158e-10,1.48873609386357e-09,3.23819243898437e-09,1.60444489583435e-09,2.62063175281525e-09,2.56302364658337e-09,1.78611600920506e-09,3.58744529298275e-09,3.24113534558953e-09,3.05049219574488e-09,5.36947487637735e-09,4.78237436156386e-09,4.44853889894042e-09,3.95897170610878e-09,4.88218732834215e-09,6.66849879476975e-09,6.88841667806891e-09,1.04543671667306e-08,3.20307669945629e-09,4.00528102974629e-09,1.757895876421e-09,5.55259916632909e-09,3.00083501609598e-09,4.37889954765786e-09,3.04526475774662e-09,1.35174506935893e-09,6.8367008473491e-10,2.14907688484447e-09,1.30590524912446e-09,2.05216568014975e-09,9.60490092469072e-10,5.62174159833542e-10,6.44836719024706e-10,9.98173499443799e-10,5.44697197705279e-10,9.83385041977596e-10,4.7869166372592e-10,6.07984823376665e-10,4.37394046130277e-10,4.86412844173386e-10,6.24183463110132e-10,5.71645504057797e-10,5.80702696197463e-10,3.72273220536174e-10,3.89414423273343e-10,5.88719243199568e-10,3.94567646993179e-10,7.59386556580963e-10
1.0505924088453e-09,1.35235196952594e-09,2.61403104380145e-09,1.23753271650675e-09,2.51971578538049e-09,2.2403427509673e-09,1.54064954672416e-09,2.92527699403161e-09,7.59827269892047e-09,2.8570495482004e-09,6.12225997601894e-09,5.76837208060516e-09,3.41166715184415e-09,8.73994054119006e-09,4.05088315268067e-09,7.04596823682343e-09,7.27307129257218e-09,5.85835961090068e-09,1.03900459429202e-08,4.62558532134965e-09,2.17005563101165e-09,8.56759174420764e-09,4.18878617745851e-09,7.87907677611376e-09,3.43085004090814e-09,1.6140125170172e-09,1.35320139672023e-09,3.00914350267271e-09,1.64345681340063e-09,2.94012446898714e-09,1.22793717917952e-09,1.18555730101688e-09,7.47358545282758e-10,1.21877757723223e-09,1.29339833073279e-09,1.33397421982113e-09,1.03564482554164e-09,6.35428283524397e-10,5.59312647637037e-10,1.11241949034297e-09,7.07676190104969e-10,1.14481196290891e-09,5.75091769920238e-10,4.63021655718338e-10,4.79881363522209e-10,6.30839112313547e-10,5.42373189858824e-10,7.34770808798774e-10,5.39943621044582e-10,6.63444462202637e-10,1.41075099198605e-09,7.61885062955268e-10,1.41027847807069e-09,1.33286300018641e-09,7.81850267785545e-10,1.55417031815598e-09,3.78009772625256e-09,1.61827387093464e-09,3.1305149276482e-09,3.27769698202867e-09,1.91424404227507e-09,4.61718548287873e-09,2.0992223169733e-09,3.85098158673743e-09,3.70253035690085e-09,2.9892894123457e-09,5.46996842692823e-09,2.3052225070105e-09,9.44009293663683e-10,4.39507743175923e-09,2.04608766511452e-09,4.04030256671836e-09,1.71607763078123e-09,6.77752330603484e-10,6.20857232379608e-10,1.47799380881932e-09,7.86997366081888e-10,1.45152306968874e-09,5.43718559358758e-10,5.41442030425872e-10,3.16619769605377e-10,6.72513501095514e-10,4.87433740152454e-10,6.05451447260608e-10,4.51744661686444e-10,2.94241502995213e-10,3.28713721122814e-10,4.55685421585433e-10,3.32582448000228e-10,5.00880381318518e-10,2.79731469415629e-10,2.65015779219267e-10,3.33119681047187e-10,3.06213878251995e-10,3.23552650432879e-10,4.48305102701703e-10
