1.75168989445574e-08,9.12094698529754e-09,3.78356134647612e-09,1.41925801611058e-08,8.4209022915681e-09,1.29406349245732e-08,8.10153447756487e-09,3.27790242757215e-09,2.75095471157777e-09,7.41881569431436e-09,3.50972326851752e-09,7.36000788919989e-09,2.85099743622635e-09,2.32886592535118e-09,1.57528615725705e-09,2.99867179270006e-09,2.4413602703295e-09,3.26316673791428e-09,2.110580045632e-09,1.43579216663201e-09,1.03108307383541e-09,2.26687104857594e-09,1.41314649547522e-09,2.25604598916172e-09,1.41184734137532e-09,1.00375589950551e-09,8.94608727803737e-10,1.37936199997733e-09,1.15911394036304e-09,1.5233538902162e-09,1.03759395154612e-09,9.53283866011236e-10,9.57138550243585e-10,1.20326693862291e-09,1.15712383825498e-09,1.32065978054455e-09,8.35058836794643e-10,8.75027312705361e-10,7.88764183430567e-10,1.03808701311475e-09,1.06210006945128e-09,1.06323289805317e-09,8.47018335258356e-10,6.99987795938933e-10,7.48632301354904e-10,9.94666059735631e-10,8.15879111803269e-10,1.11064036996343e-09,1.01436549553018e-08,4.89890080293303e-09,2.24393808380023e-09,8.60029296547535e-09,4.67535227635309e-09,8.07729137632727e-09,4.25942109664669e-09,1.96642207489794e-09,1.18474369689238e-09,4.04907035100476e-09,2.10041793489974e-09,4.02096348331555e-09,1.70667693080596e-09,1.04852026517573e-09,9.48060533986993e-10,1.87831846953053e-09,1.10447020031522e-09,2.00978128674989e-09,9.62613345455157e-10,7.80273067556101e-10,2.42473897994074e-10,1.01842087991585e-09,5.68310632429909e-10,9.29854267263888e-10,7.39627807808598e-10,2.55080299448312e-10,3.81948768071777e-10,5.60445999011971e-10,2.96942477372759e-10,7.07250593733041e-10,3.00364716024935e-10,4.44875776205647e-10,3.58168759236514e-10,3.33006704575068e-10,4.92683475867534e-10,4.52287432322731e-10,3.84372682940265e-10,3.15437667358228e-10,4.02098996766687e-10,3.81665301419208e-10,4.09948959277494e-10,3.91805104834391e-10,3.03236848853726e-10,3.51255937233285e-10,4.42414781675702e-10,3.91045345922028e-10,3.92214035446011e-10,4.52813286741557e-10
9.12094698529754e-09,3.60665845840994e-08,9.36104036187884e-09,1.64403537289416e-08,3.06581813853014e-08,1.32654185737125e-08,3.10924442064311e-08,7.89636785531541e-09,4.10140493660982e-09,2.63042046445872e-08,7.53421409422373e-09,2.50574522244363e-08,6.87990001654373e-09,3.49681264134942e-09,3.07542859825319e-09,6.44718560950529e-09,3.83218193579903e-09,6.61084717726944e-09,3.04881997586192e-09,2.85736920180929e-09,1.63106620586365e-09,3.37786047445494e-09,2.91807300265963e-09,3.32675570919932e-09,2.72171569887331e-09,1.48669586628739e-09,1.16379941694239e-09,2.66838074553288e-09,1.75774537036019e-09,2.95556721881677e-09,1.51768999958162e-09,1.14490121445759e-09,1.086330845569e-09,1.74485072235939e-09,1.32077257694534e-09,1.78788162512556e-09,9.98079319323562e-10,8.97254505889025e-10,7.27250052220238e-10,1.12661281631351e-09,1.0614990590972e-09,1.21294939751728e-09,9.29595419178065e-10,6.47631919894684e-10,9.10120371285794e-10,1.03316585914577e-09,7.77410148884291e-10,1.06546014527984e-09,5.27508096051712e-09,1.51304773395406e-08,5.61430194402979e-09,9.63457663930917e-09,1.29076564146857e-08,8.40699653811285e-09,1.33758794295065e-08,5.00260882311097e-09,2.470074090183e-09,1.12461706227032e-08,4.82685734607733e-09,1.01414823045063e-08,4.4345938210188e-09,2.1194638534287e-09,1.60767305639009e-09,4.33316556128222e-09,2.13425503663717e-09,4.22854049766548e-09,1.84712223473942e-09,1.3994141640581e-09,6.26230101939805e-10,1.91607139398595e-09,1.4145808710766e-09,1.90215086278411e-09,1.33272281208446e-09,4.91792520858144e-10,6.57808473906518e-10,1.19679152721888e-09,8.80488282245612e-10,1.46429724505977e-09,5.24033362450515e-10,5.71737256501671e-10,5.55693330137852e-10,7.96209118924219e-10,7.28596003515314e-10,7.32135087757213e-10,4.94909162153996e-10,4.66379975636651e-10,2.31820272050709e-10,6.64043639042547e-10,4.6864556931438e-10,5.37089988807838e-10,4.90817124521727e-10,1.89159122471273e-10,4.97101408169465e-10,4.16792216735979e-10,3.33436778121311e-10,4.86796769111079e-10
3.78356134647612e-09,9.36104036187884e-09,1.90281597421204e-08,7.53034675896403e-09,1.58804367856303e-08,1.3523546066569e-08,7.90255104050932e-09,1.62842504767735e-08,7.87175932292171e-09,1.34926390671681e-08,1.39032252904422e-08,1.16430043796145e-08,1.39820643604304e-08,6.61560773283716e-09,3.3993341326172e-09,1.19176555055511e-08,6.36365755787395e-09,1.14592960409095e-08,5.64851457675761e-09,2.94742109663966e-09,1.67284314617269e-09,5.44007900218873e-09,2.91038430653637e-09,5.23431168580668e-09,2.42057712384602e-09,1.62299994939563e-09,8.3709135641906e-10,2.32472921382066e-09,1.69546010402142e-09,2.24263422467304e-09,1.58122548022125e-09,8.3121628964055e-10,9.87830956765419e-10,1.60327381803119e-09,1.04110971285294e-09,1.74488391026415e-09,7.58107932180753e-10,8.87222791097471e-10,7.21981021231304e-10,9.40752705387868e-10,1.00973268865678e-09,1.01257359415928e-09,7.87310105692694e-10,6.38881124294427e-10,6.96602178916718e-10,8.89141624466258e-10,8.01086640224715e-10,1.06835619025182e-09,1.99820676497079e-09,5.15229440393493e-09,1.07094778765252e-08,4.40523096749152e-09,8.84135654916832e-09,7.93062888614578e-09,4.44149964822913e-09,9.29987989152781e-09,4.73897338727882e-09,7.59772682399557e-09,8.93334609910221e-09,7.23148128435274e-09,7.94298469823949e-09,4.00367766295105e-09,1.83798128575494e-09,7.83618321877241e-09,3.48980684653173e-09,6.93082009270712e-09,3.43499647632056e-09,1.66749504124066e-09,5.62140518754695e-10,3.04262071237145e-09,1.57430623914711e-09,3.00999074973165e-09,1.32988312381299e-09,5.38678334243602e-10,3.4455763065604e-10,1.28654276418956e-09,7.27181063709025e-10,1.28462422000209e-09,6.13142569939723e-10,3.74253991086398e-10,3.33718239268992e-10,6.92027809982455e-10,3.14325500506324e-10,4.31519592636649e-10,3.54919021605576e-10,3.46155888592289e-10,3.63871981636123e-10,3.58938189249427e-10,5.01214562158007e-10,4.14711418607784e-10,3.33863322151988e-10,3.67768708554489e-10,3.99678621844424e-10,4.42610026991438e-10,3.89905750841484e-10,3.78453434857838e-10
1.41925801611058e-08,1.64403537289416e-08,7.53034675896403e-09,2.30787675915368e-08,1.31288035347092e-08,1.87939518187292e-08,1.42991182170152e-08,6.50516760043633e-09,3.42874940615111e-09,1.135003215046e-08,6.2599088949738e-09,1.07364795494193e-08,5.62573322068277e-09,2.91520772043752e-09,2.55817687144191e-09,5.37846195066959e-09,3.08384150274551e-09,5.53333327220387e-09,2.52521056926512e-09,2.34218816570427e-09,1.23630230715613e-09,2.69510155927143e-09,2.41232862481062e-09,2.62545624698616e-09,2.36697284921891e-09,1.24224116078161e-09,1.03029565627959e-09,2.42192407683372e-09,1.40424032603293e-09,2.63857080322627e-09,1.26275379781923e-09,1.08192736044434e-09,1.01007615823232e-09,1.41923796141414e-09,1.209485770966e-09,1.4765217638131e-09,9.56744791579151e-10,9.03568344053981e-10,7.57858266884109e-10,1.08269492307061e-09,1.01883259720484e-09,1.11795439739274e-09,8.50540446055301e-10,6.63555260014719e-10,7.92385874569386e-10,9.80387048915775e-10,8.03754383049318e-10,1.08010316204673e-09,8.51361453787559e-09,9.25995243262799e-09,4.63847517990845e-09,1.35913233540621e-08,7.82920805243257e-09,1.19156050959716e-08,8.08689682379234e-09,4.10376926543441e-09,1.99379904515988e-09,6.8988677364317e-09,4.01291801259846e-09,6.3187268668259e-09,3.66879163530908e-09,1.6725266173231e-09,1.49223132888469e-09,3.59975456467155e-09,1.87342272825516e-09,3.64416700214232e-09,1.4490323892377e-09,1.24742399520522e-09,3.43897079869533e-10,1.63473067033768e-09,1.09578971322176e-09,1.60278416099765e-09,1.23575656518066e-09,3.79241174874316e-10,4.13075842341475e-10,1.07317225512482e-09,4.91967385310667e-10,1.13803938512743e-09,4.11397132853059e-10,4.46564594879701e-10,4.18226952770158e-10,4.92620599358267e-10,4.19629705115004e-10,5.25647053406245e-10,4.08628929665884e-10,4.02334842254758e-10,3.19605669163179e-10,3.67425913749337e-10,4.41355104249772e-10,3.94935564775178e-10,3.75970406928716e-10,2.79736587475955e-10,4.65927202007513e-10,3.7742137822837e-10,3.55885107456104e-10,4.95860978510869e-10
8.4209022915681e-09,3.06581813853014e-08,1.58804367856303e-08,1.31288035347092e-08,4.16432130249255e-08,2.05071476848545e-08,2.6305674496126e-08,1.34862556960848e-08,7.57090421074943e-09,3.58183446623316e-08,1.15688456238737e-08,3.19545231305196e-08,1.16725717855006e-08,6.43739353172740e-09,3.76751187475074e-09,9.92517070944386e-09,6.52789227330806e-09,9.69719682972887e-09,5.52801835361431e-09,3.3264000996598e-09,2.25731980303461e-09,5.61889301019312e-09,3.37494081847167e-09,5.59215402925176e-09,2.74639337944827e-09,2.0973906489285e-09,1.23967314709778e-09,2.67729071127478e-09,2.35928227110114e-09,2.81320538641307e-09,2.10546132188543e-09,1.2407517702705e-09,1.15677740109392e-09,2.34775156578378e-09,1.47987881622003e-09,2.53385693646784e-09,1.10559376558834e-09,1.04050993948413e-09,9.32547013457021e-10,1.31091397676467e-09,1.36681793316938e-09,1.48605507118763e-09,1.05934761834274e-09,9.18230610101507e-10,1.07750440523045e-09,1.34202794031656e-09,1.17341147340323e-09,1.44400218393241e-09,4.78152438417794e-09,1.21305880241654e-08,9.09496219807229e-09,7.68793568128023e-09,1.82181713306702e-08,1.25104364394909e-08,1.06101154359558e-08,8.00440372900968e-09,4.28071463231946e-09,1.57307343737925e-08,7.50849390763977e-09,1.40947702072949e-08,6.94000696648714e-09,3.67103093414565e-09,1.98447929606613e-09,6.55784332442142e-09,3.37021648569789e-09,5.91592469437489e-09,3.17938466364262e-09,1.81221633456153e-09,7.90523112948266e-10,3.00419417769008e-09,1.60772231321297e-09,2.8588784618509e-09,1.4751849558918e-09,6.44215383586854e-10,6.22964608272215e-10,1.27061565725939e-09,1.1168581817207e-09,1.46988084786429e-09,6.72402128636473e-10,6.1669328991961e-10,5.47635023757647e-10,1.04876213856286e-09,6.99273793395015e-10,8.67122536111169e-10,5.79245277912088e-10,5.08207543215368e-10,4.64820245965283e-10,6.71473800172289e-10,7.28524042288971e-10,6.47585386962241e-10,5.3536191384346e-10,4.59045060009889e-10,5.32515566732574e-10,7.03973331308716e-10,6.24383122571762e-10,7.06249880226571e-10
1.29406349245732e-08,1.32654185737125e-08,1.3523546066569e-08,1.87939518187292e-08,2.05071476848545e-08,2.78954346770868e-08,1.14227290694216e-08,1.14967782136753e-08,6.37438944200213e-09,1.76955870375662e-08,9.79100550199844e-09,1.52334659056726e-08,9.90448108399294e-09,5.46605450642244e-09,3.20718458174301e-09,8.45461241583655e-09,5.53029351903149e-09,8.34996052024454e-09,4.60612734160195e-09,2.70565271651719e-09,1.9240351857145e-09,4.64815438851029e-09,2.7508011007222e-09,4.55524868566052e-09,2.23891260972856e-09,1.88873581924313e-09,1.0627051443528e-09,2.21368733220817e-09,1.98791944507259e-09,2.22801645573281e-09,1.90391946382142e-09,1.13743326159235e-09,1.13405509304591e-09,2.01653445393791e-09,1.34114021299415e-09,2.28618847069156e-09,1.03619539555852e-09,1.07707584231211e-09,1.03379982160599e-09,1.26273580521824e-09,1.35257267481784e-09,1.38039859419351e-09,1.02449503789595e-09,1.02756688380322e-09,9.58456847961679e-10,1.32797743145923e-09,1.20284683751106e-09,1.4256415211352e-09,7.5961275566158e-09,7.13893399025306e-09,7.79890562133344e-09,1.08880612280305e-08,1.17811731833221e-08,1.69843268690226e-08,6.17218328382463e-09,6.72691159270564e-09,3.76965203534207e-09,1.02289107963734e-08,6.44433908946375e-09,9.26956733002576e-09,5.8922482708363e-09,3.20928317902024e-09,1.76867025804251e-09,5.66350377598794e-09,3.02607121670531e-09,5.15773665143678e-09,2.66981147016475e-09,1.47853774994476e-09,5.66985965493957e-10,2.56762165107998e-09,1.19818694124236e-09,2.4473528647143e-09,1.18063836648042e-09,5.52256313744609e-10,4.98370805590304e-10,1.02898562373936e-09,6.98676883096497e-10,9.87839574261682e-10,6.17076401548691e-10,5.7968321034968e-10,5.32973893534224e-10,7.42335881163613e-10,5.76868803650855e-10,8.23446095453031e-10,5.45421389186946e-10,5.17784908426598e-10,6.41207054097343e-10,5.49930682247606e-10,7.60945765492622e-10,6.1227364574263e-10,5.06629073271531e-10,6.54741740322952e-10,5.643830442772e-10,7.25948640833915e-10,7.32097934048771e-10,7.32487947216391e-10
8.10153447756487e-09,3.10924442064311e-08,7.90255104050932e-09,1.42991182170152e-08,2.6305674496126e-08,1.14227290694216e-08,3.76290068485246e-08,9.22071559361664e-09,4.67064822133201e-09,3.25276920325911e-08,8.96720776192848e-09,3.16112849993444e-08,7.89009942439044e-09,3.85928505898642e-09,3.36806373350024e-09,7.52466845587669e-09,4.17893143683898e-09,7.71458201311298e-09,3.2767646417206e-09,3.07114869982059e-09,1.74457388581203e-09,3.61700876155556e-09,3.09604308740852e-09,3.61671496426294e-09,2.89384857663117e-09,1.60613085603927e-09,1.26322255212967e-09,2.83899700032975e-09,1.87505147559591e-09,3.21446865825995e-09,1.6239226170534e-09,1.26669092484528e-09,1.16301191282121e-09,1.85133618795992e-09,1.41437073713301e-09,1.8453856323787e-09,1.12185072071819e-09,9.42713952832489e-10,8.34210853542051e-10,1.1826096716081e-09,1.13507419475475e-09,1.30078942567699e-09,8.91839799607222e-10,7.05748274135805e-10,9.64942249992503e-10,9.98753754629477e-10,8.81143121425862e-10,1.09663629233216e-09,5.03212346774832e-09,1.33766702102182e-08,5.00424674023655e-09,8.57025670291764e-09,1.12455385007656e-08,7.44208058326471e-09,1.67967992625959e-08,5.51454332692892e-09,3.05191380500951e-09,1.43051680252918e-08,5.77913500877145e-09,1.42289459890828e-08,4.77553921290399e-09,2.51129204128262e-09,1.85610240876795e-09,5.08487530830474e-09,2.55819083752165e-09,5.11665684221748e-09,2.07043294895325e-09,1.55034065225742e-09,6.47061734226812e-10,2.23649202408651e-09,1.51041134897758e-09,2.32408827493536e-09,1.45209655627912e-09,4.97433825819067e-10,7.38374895385679e-10,1.24431722844088e-09,9.67240326550218e-10,1.60039423435353e-09,5.2747689544731e-10,7.18415484584354e-10,5.47088360281216e-10,8.93025005367813e-10,7.90584780996366e-10,7.84153667429621e-10,6.70155648171325e-10,4.68643197842614e-10,3.28420600014357e-10,7.20420132472402e-10,5.51146951573437e-10,7.09340474701407e-10,4.42240206207119e-10,2.69660873821686e-10,5.22583587132331e-10,4.59603571073983e-10,4.40186889986394e-10,6.19158320579066e-10
3.27790242757215e-09,7.89636785531541e-09,1.62842504767735e-08,6.50516760043633e-09,1.34862556960848e-08,1.14967782136753e-08,9.22071559361664e-09,1.79062054435171e-08,8.54845684621957e-09,1.54964505001784e-08,1.52951987773908e-08,1.3454171897193e-08,1.52249934059961e-08,7.0642459231918e-09,3.71873248335656e-09,1.29342651313814e-08,6.85319084974398e-09,1.25280946570798e-08,5.95728264375945e-09,3.15572046783123e-09,1.83023860973584e-09,5.75487407395852e-09,3.102075731612e-09,5.55348872370644e-09,2.59044553072138e-09,1.78576986047483e-09,9.35317205121522e-10,2.49153417795496e-09,1.88224324563139e-09,2.44294973363828e-09,1.74283017100138e-09,9.20803061307062e-10,1.09433246307039e-09,1.77429526385406e-09,1.17948098802779e-09,1.91752643421158e-09,8.40431752028025e-10,9.59935323021058e-10,7.7733450144638e-10,1.03524947050377e-09,1.05491669966646e-09,1.05119809041627e-09,8.44552073422221e-10,6.20982960297099e-10,7.12256404101225e-10,8.88084529853136e-10,7.98800075555102e-10,1.09778672897348e-09,1.80307636068938e-09,4.43904922047968e-09,9.29950030541827e-09,3.85076418991074e-09,7.59443812270814e-09,6.76467446605687e-09,5.26064127945228e-09,9.98208820592144e-09,5.32966563252146e-09,8.54691380467782e-09,9.82165755783219e-09,8.60838333365472e-09,8.38505310435246e-09,4.35379439139069e-09,2.18657344828185e-09,8.43784592832992e-09,3.89528438755409e-09,7.66438259082096e-09,3.72360822078042e-09,1.90787055549353e-09,5.4502445993507e-10,3.37586030571516e-09,1.76403241632187e-09,3.27392538765281e-09,1.51058031953774e-09,5.16681164122137e-10,3.95434784905609e-10,1.4098837930359e-09,7.7961335460724e-10,1.5020313495166e-09,5.94337080648138e-10,4.374849821056e-10,3.35850483135267e-10,7.52751590578634e-10,2.93743844726892e-10,4.55595068021131e-10,4.05541579517415e-10,3.78853749914642e-10,3.96383631343572e-10,3.41574223317983e-10,5.31974207936206e-10,4.40022318095835e-10,3.54247219519104e-10,3.71829804320795e-10,4.40087695493617e-10,4.77963420319598e-10,3.98177967773428e-10,4.90073972687786e-10
2.75095471157777e-09,4.10140493660982e-09,7.87175932292171e-09,3.42874940615111e-09,7.57090421074943e-09,6.37438944200213e-09,4.67064822133201e-09,8.54845684621957e-09,2.1992569899578e-08,8.56662047352376e-09,1.7372718593711e-08,1.65896976965326e-08,7.06901266899304e-09,1.80560092148822e-08,8.50701979571417e-09,1.42054371918754e-08,1.49410048899392e-08,1.1912525062566e-08,1.5283552320704e-08,7.12519642239323e-09,3.1707345035074e-09,1.25567223756412e-08,6.51309509349406e-09,1.14555686558611e-08,5.77664503259544e-09,2.69059676627173e-09,1.96580328647879e-09,5.11828354470091e-09,2.67150282733587e-09,4.96541370373614e-09,2.17021541946515e-09,1.77959582353175e-09,1.1328453265618e-09,2.13991843140824e-09,1.98155985086517e-09,2.32726454132869e-09,1.58862276503414e-09,9.92081322002153e-10,8.27210836498474e-10,1.74882849125856e-09,1.11879320564864e-09,1.79190220209134e-09,8.99744929720569e-10,6.59273345881631e-10,7.42757290323268e-10,9.67438290149366e-10,7.8797754109518e-10,1.15009215411877e-09,1.40499034065304e-09,2.46137842232189e-09,4.3854691616635e-09,1.90383326894397e-09,4.37413858499498e-09,3.75807313726196e-09,2.92790220736393e-09,4.71303075242597e-09,1.21237622272243e-08,4.93257838008238e-09,9.8513404414944e-09,9.91685390921886e-09,3.8721498827381e-09,9.96032976817252e-09,4.96500534229441e-09,8.21389550983051e-09,8.19562634203397e-09,6.81849034962535e-09,8.44993464965187e-09,4.3549378382919e-09,1.44058915451638e-09,7.12517695023662e-09,3.66742746108039e-09,6.04651432052742e-09,3.71604607563484e-09,1.35685995874454e-09,8.46195322276524e-10,3.07831205145294e-09,1.3931824566904e-09,3.0851731965724e-09,1.14609744488236e-09,7.53507696744257e-10,5.26985848458655e-10,1.21601190091901e-09,7.86945330494005e-10,1.11233486641081e-09,6.45212108537437e-10,4.871531148184e-10,3.92818025777261e-10,7.2985121933509e-10,5.51217571884429e-10,8.3614473129028e-10,4.10856726633636e-10,3.59324195715028e-10,2.99082204979126e-10,5.07196771272782e-10,3.73221865154228e-10,5.79967979496801e-10
7.41881569431436e-09,2.63042046445872e-08,1.34926390671681e-08,1.135003215046e-08,3.58183446623316e-08,1.76955870375662e-08,3.25276920325911e-08,1.54964505001784e-08,8.56662047352376e-09,4.39650549122073e-08,1.34401213205522e-08,3.98312225316317e-08,1.32090831673629e-08,7.12306500752528e-09,4.19591817484145e-09,1.13097983115821e-08,7.22482896851983e-09,1.1192406039254e-08,5.99372419673697e-09,3.58754499183932e-09,2.40754173038561e-09,6.08577874345702e-09,3.64217438868841e-09,6.1214604915125e-09,2.9402835396158e-09,2.24945395028156e-09,1.3614095124427e-09,2.88803725481048e-09,2.48398799721137e-09,3.09159112282843e-09,2.26641656330079e-09,1.38576888845989e-09,1.30940704524061e-09,2.45952085281208e-09,1.63958964119665e-09,2.59845246426465e-09,1.24665086208657e-09,1.13620798155657e-09,1.02806964042537e-09,1.42081899929585e-09,1.44714316671162e-09,1.59791465249421e-09,1.0722954955944e-09,8.99663016865652e-10,1.10557998875352e-09,1.30719931506221e-09,1.21931280504254e-09,1.48530706669742e-09,4.54745224134417e-09,1.06103493092244e-08,8.00600444082382e-09,6.84244579126859e-09,1.57293000044071e-08,1.09666593199233e-08,1.3859202651391e-08,8.86300442565399e-09,5.25017049363552e-09,1.97706810055602e-08,8.81418789838343e-09,1.92475703903171e-08,7.57101065506261e-09,4.2870469319153e-09,2.44404120753028e-09,7.56534077935075e-09,4.03308292781039e-09,7.08659556275075e-09,3.65478077525085e-09,2.11498017036815e-09,8.74870384099354e-10,3.5503795014776e-09,1.91471883367525e-09,3.46586666085009e-09,1.70047715956853e-09,7.12948260543516e-10,7.64257979982814e-10,1.43129177852824e-09,1.25178048518887e-09,1.7720330773207e-09,7.35242384899537e-10,8.18394841217765e-10,5.52476855976424e-10,1.20158799530362e-09,7.68590669237203e-10,9.34573313663239e-10,7.87326389024875e-10,5.43095178754946e-10,5.3606676713407e-10,7.43047004209263e-10,8.07662466602366e-10,8.58621307470649e-10,5.37521540799574e-10,4.55105334917961e-10,4.66679548831972e-10,7.23116393282546e-10,5.83072924170359e-10,7.91013051260012e-10
3.50972326851752e-09,7.53421409422373e-09,1.39032252904422e-08,6.2599088949738e-09,1.15688456238737e-08,9.79100550199844e-09,8.96720776192848e-09,1.52951987773908e-08,1.7372718593711e-08,1.34401213205522e-08,2.63766651573385e-08,2.30499739465248e-08,1.29371561705992e-08,1.42022418781765e-08,7.69328196299289e-09,2.19793686445112e-08,1.19313886423454e-08,1.89666295791571e-08,1.20407429252344e-08,6.47451553893449e-09,2.97746359347106e-09,1.00536812116346e-08,5.95412376931669e-09,9.24729511134682e-09,5.23209675062754e-09,2.57016140429648e-09,2.08888277566643e-09,4.68519061510977e-09,2.58604537076874e-09,4.52637963833708e-09,2.07099150383647e-09,1.9740511393606e-09,1.4271662987972e-09,2.08659704789436e-09,2.2615058090612e-09,2.32156089495063e-09,1.7937577239315e-09,1.25377032533922e-09,9.66256669491999e-10,1.99945508244472e-09,1.36894944216046e-09,2.08733010996358e-09,1.16043362289376e-09,7.92547160197979e-10,7.59668417215328e-10,1.20433099464438e-09,9.10467143135973e-10,1.34631975590189e-09,1.89851500738847e-09,4.1530081710629e-09,8.05747988573136e-09,3.51591264152166e-09,6.48166814460879e-09,5.78824296459617e-09,5.14927703012159e-09,8.71764841657442e-09,1.00965926956047e-08,7.59774344564152e-09,1.55939082616273e-08,1.38424118151209e-08,7.34975434391418e-09,8.22966164788003e-09,4.33609550236269e-09,1.31972811611901e-08,6.56464715461627e-09,1.12344564485087e-08,7.0333730180598e-09,3.8194743688771e-09,1.37348324389855e-09,5.7135733106268e-09,3.37162931763406e-09,5.25832854907984e-09,3.14566796975525e-09,1.26639079032712e-09,9.44641754286684e-10,2.73212520317249e-09,1.2821331007922e-09,2.71043621595141e-09,1.05581704556264e-09,8.77592590929905e-10,5.78479471197929e-10,1.12260389893444e-09,8.26753760143456e-10,1.01482077645984e-09,7.46541954207403e-10,5.82774774462423e-10,5.29445846073361e-10,8.1408453604601e-10,6.98246047967936e-10,9.29299003380525e-10,5.54626326339637e-10,4.54107319706868e-10,4.86223001154967e-10,6.43623018822019e-10,4.4876960832368e-10,6.93777970762331e-10
7.36000788919989e-09,2.50574522244363e-08,1.16430043796145e-08,1.07364795494193e-08,3.19545231305196e-08,1.52334659056726e-08,3.16112849993444e-08,1.3454171897193e-08,1.65896976965326e-08,3.98312225316317e-08,2.30499739465248e-08,5.55760941170767e-08,1.13104593028506e-08,1.34553841149201e-08,7.58127345652173e-09,1.89980591699662e-08,1.14579502797014e-08,1.65006424652209e-08,1.13387199527974e-08,6.33144446253621e-09,3.33867460380395e-09,9.59614572409908e-09,6.13901983117531e-09,9.15389204657592e-09,4.98669201747154e-09,2.775671195744e-09,2.49179197049915e-09,4.66747699864053e-09,2.86647554770619e-09,4.6882417153443e-09,2.21131482641802e-09,2.41802786297911e-09,1.54664390909829e-09,2.2902331064674e-09,2.62780527174021e-09,2.41560658195968e-09,2.21154379406815e-09,1.299179122422e-09,1.23848108570732e-09,2.32439517494726e-09,1.69676374103548e-09,2.62573037160786e-09,1.2329751282604e-09,1.0406593505487e-09,1.13699277388281e-09,1.51298310354192e-09,1.28701904069539e-09,1.63499838204629e-09,4.35992879317905e-09,9.62304279388648e-09,6.86375576826942e-09,6.10568655051653e-09,1.35294109263534e-08,9.31707929749032e-09,1.31768729486548e-08,7.65271647439288e-09,9.11810969897426e-09,1.78071398505469e-08,1.38067287423579e-08,2.67037548897687e-08,6.49162957479816e-09,7.46347464281156e-09,4.16144107670886e-09,1.16882296231159e-08,6.18367045665603e-09,1.00446585133163e-08,6.24647115305563e-09,3.68254776349085e-09,1.50664009872246e-09,5.35862155608395e-09,3.1808737434796e-09,4.82420846769469e-09,2.99447687291423e-09,1.32790306590495e-09,1.16943041007847e-09,2.46531536182652e-09,1.43950639726824e-09,2.67671168068014e-09,1.07862556428359e-09,1.11770766798654e-09,7.19296791093253e-10,1.25358096219965e-09,1.08990005221593e-09,1.25215021235115e-09,1.05115526212643e-09,6.23081387831294e-10,6.26907486648502e-10,1.02610128077461e-09,9.1585939265757e-10,1.32018414917104e-09,6.14417511300451e-10,4.80664618176764e-10,4.59184667950063e-10,8.20021743671504e-10,5.9398836612129e-10,8.93081662520654e-10
2.85099743622635e-09,6.87990001654373e-09,1.39820643604304e-08,5.62573322068277e-09,1.16725717855006e-08,9.90448108399294e-09,7.89009942439044e-09,1.52249934059961e-08,7.06901266899304e-09,1.32090831673629e-08,1.29371561705992e-08,1.13104593028506e-08,1.81036175780965e-08,7.99058986450054e-09,4.1956597652887e-09,1.51980919346764e-08,7.75315095731035e-09,1.47250337482797e-08,6.74252964496639e-09,3.54139842032736e-09,2.24430151683041e-09,6.53946860017641e-09,3.55221414766388e-09,6.2493314747479e-09,2.91997371706346e-09,2.1631658484466e-09,1.14184250245622e-09,2.85521623077711e-09,2.26753277841698e-09,2.80819261365525e-09,2.09968264534018e-09,1.1218031346783e-09,1.25156118966475e-09,2.13936160849576e-09,1.4214024649721e-09,2.31567119355079e-09,9.93300442880341e-10,1.08069682423287e-09,8.60732421195865e-10,1.22601259882806e-09,1.18499557890531e-09,1.2656126267578e-09,9.62423219633375e-10,7.06371688266452e-10,8.16894283282081e-10,1.0061143177042e-09,9.06938567254677e-10,1.24052909287107e-09,1.57751960254372e-09,3.983378749389e-09,7.94260135616935e-09,3.30464543934252e-09,6.58699351842279e-09,5.809593315119e-09,4.52199168586399e-09,8.38537909735205e-09,4.35411880448938e-09,7.20058032482795e-09,8.43641290953036e-09,7.26677430368724e-09,1.00505634455352e-08,5.13956073491059e-09,2.57735130667867e-09,1.00681905141858e-08,4.43086690945866e-09,8.83544486109827e-09,4.45402001684493e-09,2.20008924959784e-09,7.45942440398013e-10,3.87926717460059e-09,2.11428575030945e-09,3.76578573504086e-09,1.71517019991881e-09,6.9792092178839e-10,4.9048426532489e-10,1.6490048720673e-09,9.15793510968176e-10,1.69431172415234e-09,7.58256536870344e-10,5.44714791715484e-10,5.05566910723639e-10,8.88962062581422e-10,4.4008080901891e-10,6.76545825299607e-10,5.1328391059517e-10,5.14141200448887e-10,4.66170706985122e-10,4.87275611680054e-10,5.97025570931947e-10,5.40252054831657e-10,4.60891940291599e-10,4.29635259026859e-10,5.72406731644885e-10,5.30560160526501e-10,4.77394836286384e-10,6.15957447311971e-10
2.32886592535118e-09,3.49681264134942e-09,6.61560773283716e-09,2.91520772043752e-09,6.43739353172740e-09,5.46605450642244e-09,3.85928505898642e-09,7.0642459231918e-09,1.80560092148822e-08,7.12306500752528e-09,1.42022418781765e-08,1.34553841149201e-08,7.99058986450054e-09,2.03666598963975e-08,9.42809028832359e-09,1.60011315824185e-08,1.66917695828571e-08,1.33248640858783e-08,1.71141475334998e-08,7.81977252247556e-09,3.51639143323977e-09,1.40015049038154e-08,7.16913365864275e-09,1.26974967908455e-08,6.3596830187638e-09,2.9920040320362e-09,2.27845661519373e-09,5.66041887875635e-09,2.96970743894692e-09,5.50739871477341e-09,2.42133649210546e-09,2.05750317492699e-09,1.25724928285573e-09,2.40110805641572e-09,2.25184461464333e-09,2.56909241899311e-09,1.82984921860083e-09,1.10254053455484e-09,8.72909863934567e-10,1.99378531274571e-09,1.24512881326843e-09,2.03027326218311e-09,9.94865016974252e-10,6.95609547925108e-10,8.20866492196386e-10,1.05426964014806e-09,8.64807263772606e-10,1.2721523726961e-09,1.23626165701583e-09,2.18033813735979e-09,3.70160574911058e-09,1.83195022212119e-09,3.71189456199584e-09,3.26215171755576e-09,2.46721699305703e-09,3.87048502557013e-09,9.95792278272231e-09,4.04359700888468e-09,8.20961323529814e-09,8.05816315122821e-09,4.49124902725179e-09,1.16824831311021e-08,5.61524670237343e-09,9.67193875503303e-09,9.27773839771324e-09,7.86410995560092e-09,9.82373913556024e-09,4.85756330984806e-09,1.71931385804236e-09,8.0152194151882e-09,4.20902405439875e-09,6.93726348382876e-09,4.13780631570448e-09,1.59607129869751e-09,9.71013380734377e-10,3.53065681050784e-09,1.5803557993435e-09,3.50302113288289e-09,1.35582281862547e-09,9.20599336089854e-10,6.40316498860001e-10,1.41525275224502e-09,1.00936701356237e-09,1.34946028169065e-09,8.07598008539253e-10,5.63281036968343e-10,4.44931670236571e-10,9.41244990738256e-10,6.04933311508164e-10,1.04440811365307e-09,4.73300149708467e-10,4.05898573026895e-10,3.40100257608357e-10,5.45636880909434e-10,3.91783686827354e-10,6.32308613050483e-10
1.57528615725705e-09,3.07542859825319e-09,3.3993341326172e-09,2.55817687144191e-09,3.76751187475074e-09,3.20718458174301e-09,3.36806373350024e-09,3.71873248335656e-09,8.50701979571417e-09,4.19591817484145e-09,7.69328196299289e-09,7.58127345652173e-09,4.1956597652887e-09,9.42809028832359e-09,2.42551030818041e-08,8.52871840859671e-09,1.88454161192632e-08,1.73730253249838e-08,7.82330611596236e-09,1.99566359814261e-08,8.74563013520429e-09,1.54812765650447e-08,1.56689311919278e-08,1.20889387712764e-08,1.6665890789072e-08,6.98839003318511e-09,3.18422892673966e-09,1.25099904462989e-08,6.48128785102103e-09,1.16687600225423e-08,5.4204689796476e-09,2.43524292132478e-09,2.8097469506028e-09,5.01137059436009e-09,2.66083805029362e-09,5.00406464309983e-09,2.15112538285597e-09,2.52296794915831e-09,1.37778246900477e-09,2.32380827856726e-09,2.71733859083018e-09,2.34661365287922e-09,2.30024173386336e-09,1.20512470455813e-09,1.1192378408155e-09,2.46028884378632e-09,1.33078516309729e-09,2.6013753001237e-09,1.05856777779601e-09,1.62460013365994e-09,1.67654221262564e-09,1.53319996720209e-09,1.71626220414468e-09,1.66484345059328e-09,1.76473092095583e-09,1.64948165329322e-09,4.48255405215413e-09,1.79939236900138e-09,4.25068108366201e-09,4.2112986181194e-09,2.0566393172181e-09,5.12445834240809e-09,1.25761312520407e-08,5.03439950369375e-09,9.19191569735185e-09,8.73357319459461e-09,4.1241560421725e-09,1.04803096720959e-08,3.9978797124059e-09,7.54970129270389e-09,8.32402738864207e-09,6.01695692144531e-09,9.16797595828652e-09,3.48423187396861e-09,1.1644133462248e-09,7.08634377912279e-09,3.2907302832374e-09,6.63796201205007e-09,2.92081072851356e-09,9.58610538861543e-10,9.75123005415082e-10,2.76131115024042e-09,9.34813054548543e-10,2.54828610452045e-09,8.2565188331101e-10,8.75580472750303e-10,6.43933134391142e-10,8.0577596337148e-10,1.00703071762592e-09,1.10724537416567e-09,8.74268952193746e-10,5.73269084823708e-10,4.82111733342592e-10,9.28216063594635e-10,5.83819405775404e-10,1.15854143630402e-09
2.99867179270006e-09,6.44718560950529e-09,1.19176555055511e-08,5.37846195066959e-09,9.92517070944386e-09,8.45461241583655e-09,7.52466845587669e-09,1.29342651313814e-08,1.42054371918754e-08,1.13097983115821e-08,2.19793686445112e-08,1.89980591699662e-08,1.51980919346764e-08,1.60011315824185e-08,8.52871840859671e-09,2.55498578988508e-08,1.33554322619677e-08,2.19681133243165e-08,1.34632201773386e-08,7.08686360749073e-09,3.30281427798294e-09,1.12048913218217e-08,6.54727103072224e-09,1.02312589190625e-08,5.74940698418035e-09,2.8424678737892e-09,2.37666438582725e-09,5.16659895731377e-09,2.88096401461188e-09,5.03580321530726e-09,2.33502265938161e-09,2.26426730665912e-09,1.65286055206288e-09,2.37636283186609e-09,2.59529375593518e-09,2.6399156675374e-09,2.06021771227271e-09,1.43694195496382e-09,1.07388491746251e-09,2.29686025666452e-09,1.57991779725998e-09,2.38868492469331e-09,1.33528112580198e-09,8.92810966132591e-10,8.7577377346153e-10,1.37155040490255e-09,1.0206309182075e-09,1.54819440823528e-09,1.61375823448019e-09,3.7147331650609e-09,6.86971274993329e-09,3.10978573210138e-09,5.60989230976103e-09,4.92942148513256e-09,4.31603114542185e-09,7.34896312960898e-09,8.22841927248124e-09,6.37303493575461e-09,1.31937233527979e-08,1.15075401071959e-08,8.76500337739088e-09,9.61102917754287e-09,4.96186075784342e-09,1.5649036068557e-08,7.43949709078432e-09,1.30290641470364e-08,8.18675088170719e-09,4.26604509601315e-09,1.57751861844902e-09,6.4664552428222e-09,3.793045210557e-09,5.99576219532551e-09,3.5062239410848e-09,1.4305615570029e-09,1.14301758257157e-09,3.04120958943897e-09,1.46880244863858e-09,3.0290360092976e-09,1.21701367611242e-09,1.09828348601236e-09,7.68829690220195e-10,1.30389898577059e-09,1.06450343853119e-09,1.24457066507448e-09,9.51490247307738e-10,7.311034296492e-10,6.061138427252e-10,1.04813592149069e-09,7.99047685483901e-10,1.11433853562721e-09,6.72984405971854e-10,5.10675421717268e-10,5.56677222733972e-10,7.17104381528832e-10,4.8167338126291e-10,8.26841056520047e-10
2.4413602703295e-09,3.83218193579903e-09,6.36365755787395e-09,3.08384150274551e-09,6.52789227330806e-09,5.53029351903149e-09,4.17893143683898e-09,6.85319084974398e-09,1.49410048899392e-08,7.22482896851983e-09,1.19313886423454e-08,1.14579502797014e-08,7.75315095731035e-09,1.66917695828571e-08,1.88454161192632e-08,1.33554322619677e-08,2.83489649888434e-08,2.35688213043477e-08,1.40034808129368e-08,1.54784988500494e-08,7.69830984103825e-09,2.36362050532117e-08,1.20297096829364e-08,1.87616441765334e-08,1.26737027849629e-08,6.08964963967173e-09,2.99863608811637e-09,9.36323454300190e-09,5.74127811691572e-09,8.69984370268811e-09,4.5702674914829e-09,2.23886774963113e-09,2.71410843851711e-09,4.27613644519163e-09,2.48128608537876e-09,4.41380247940413e-09,2.01322088267342e-09,2.4742077659717e-09,1.18867048737888e-09,2.20736952375262e-09,2.56448485780404e-09,2.26673301272196e-09,2.24629684166694e-09,1.02695424544641e-09,1.13415834414971e-09,2.31735511742096e-09,1.24320266461896e-09,2.62810496969389e-09,1.31577893887656e-09,2.05618159945876e-09,3.67494567917668e-09,2.02448839327308e-09,3.65202833769574e-09,3.4300016892451e-09,2.16033944727271e-09,3.8091745045271e-09,8.44171503007999e-09,3.85693447249381e-09,6.99954300862976e-09,6.74532012015019e-09,4.45132317820776e-09,9.7321636539795e-09,1.0061204819076e-08,8.19875929314161e-09,1.50379664375841e-08,1.27064465845002e-08,8.13701237005122e-09,8.67265940218043e-09,3.5443111401294e-09,1.28898908989988e-08,6.74496979956942e-09,1.04361465879139e-08,7.38082454618842e-09,3.05909674176707e-09,1.15366301062754e-09,5.61146416314627e-09,2.96355366188876e-09,5.30251076481293e-09,2.49819577465683e-09,1.00262673461445e-09,1.15259625440014e-09,2.40144034104243e-09,9.48879200914788e-10,2.39210464053011e-09,9.36968646414304e-10,1.02468862974911e-09,5.20562783515865e-10,8.51001857349045e-10,1.07120188062049e-09,9.68902844343416e-10,8.84217536874203e-10,4.95340683048881e-10,4.44972055784177e-10,9.85175461051017e-10,6.07614114540382e-10,1.16705401295509e-09
3.26316673791428e-09,6.61084717726944e-09,1.14592960409095e-08,5.53333327220387e-09,9.69719682972887e-09,8.34996052024454e-09,7.71458201311298e-09,1.25280946570798e-08,1.1912525062566e-08,1.1192406039254e-08,1.89666295791571e-08,1.65006424652209e-08,1.47250337482797e-08,1.33248640858783e-08,1.73730253249838e-08,2.19681133243165e-08,2.35688213043477e-08,3.52554583275004e-08,1.11951365733255e-08,1.41515319342605e-08,7.28249392048759e-09,1.95247895282835e-08,1.09207061232448e-08,1.54504589715656e-08,1.15261541476807e-08,5.7346404265192e-09,3.20162668510377e-09,8.39719683471793e-09,5.50723843465706e-09,7.96930857721021e-09,4.26069756952327e-09,2.46429202409499e-09,3.01141520578097e-09,4.06927391421102e-09,2.8140987204535e-09,4.33497373261575e-09,2.22803676231325e-09,2.72853394209596e-09,1.40418506054277e-09,2.48374964741948e-09,2.89620982470469e-09,2.54445715843255e-09,2.44274521495071e-09,1.18984915586265e-09,1.22686003949522e-09,2.58309705597058e-09,1.3662787312208e-09,2.81890966291716e-09,1.70612968965533e-09,3.56212330114983e-09,6.69234061907854e-09,3.26282075444725e-09,5.41569628502344e-09,4.86568739083755e-09,4.06331933698279e-09,7.09774508175549e-09,6.89260372302705e-09,6.14739404787809e-09,1.14764817355295e-08,1.00284248297587e-08,8.38256435705216e-09,7.98354332609544e-09,9.10773773090008e-09,1.3485998550066e-08,1.24939520344583e-08,1.94597905401561e-08,6.77278187319629e-09,7.78112071127239e-09,3.42307725727124e-09,1.06912410527511e-08,6.12040807027916e-09,8.87167123748883e-09,6.56156148127525e-09,2.95045377420418e-09,1.23743373020715e-09,5.03085113308471e-09,2.80746156558643e-09,4.8150033176838e-09,2.39319175149264e-09,1.19597867402634e-09,1.17505916733844e-09,2.29892223364367e-09,1.01597349335227e-09,2.18662533710899e-09,1.11574484197402e-09,1.09711744696467e-09,6.98147250520512e-10,9.79936997462604e-10,1.13457227684884e-09,1.1567176041919e-09,9.57805968452427e-10,6.13483234798655e-10,7.54530447581615e-10,9.89723591898304e-10,6.17260693775207e-10,1.25166423698984e-09
2.110580045632e-09,3.04881997586192e-09,5.64851457675761e-09,2.52521056926512e-09,5.52801835361431e-09,4.60612734160195e-09,3.2767646417206e-09,5.95728264375945e-09,1.5283552320704e-08,5.99372419673697e-09,1.20407429252344e-08,1.13387199527974e-08,6.74252964496639e-09,1.71141475334998e-08,7.82330611596236e-09,1.34632201773386e-08,1.40034808129368e-08,1.11951365733255e-08,2.01613253668085e-08,8.86418049700218e-09,3.97650043411124e-09,1.65200861054289e-08,8.04584582645599e-09,1.4908149436774e-08,7.18470725428394e-09,3.30697027696051e-09,2.70403652006393e-09,6.32037043586208e-09,3.3628185818744e-09,6.13929028368809e-09,2.71162476332615e-09,2.43343759210233e-09,1.46714298506059e-09,2.74488983470731e-09,2.65727145600035e-09,2.91299533830629e-09,2.16534458246497e-09,1.25240242839124e-09,1.11313386532614e-09,2.2996365104761e-09,1.42798458251501e-09,2.35688739657581e-09,1.14125169987028e-09,9.25142520437208e-10,9.85947188406693e-10,1.24291982748885e-09,1.04923538873476e-09,1.44604969007332e-09,1.14760605234858e-09,1.91924413360435e-09,3.21199229674334e-09,1.5842737666564e-09,3.22221198256889e-09,2.74410103749774e-09,2.11971032437674e-09,3.39537601991147e-09,8.446169072702e-09,3.53729855656529e-09,7.16140522374262e-09,6.88225056124533e-09,3.95960825696228e-09,9.82397637307576e-09,4.85718224813809e-09,8.4075666791793e-09,8.01390746822459e-09,6.94876992471087e-09,1.14701460235448e-08,5.54035563013256e-09,1.85772481893969e-09,9.48472707346544e-09,4.78998500683388e-09,8.40303031333457e-09,4.77620390181426e-09,1.67578830806554e-09,1.03522845678769e-09,4.02109632689512e-09,1.71148705814218e-09,3.92089403110523e-09,1.44134614502721e-09,9.8288231727855e-10,7.45043395771768e-10,1.49681947252684e-09,1.18634349467686e-09,1.53796787578423e-09,8.32855211313813e-10,6.7688027690388e-10,5.32721914139132e-10,1.11304089181662e-09,6.53713651724563e-10,1.13354021835444e-09,6.31946110217075e-10,4.9835432955962e-10,3.73191088885528e-10,6.51861514688213e-10,4.94265709983355e-10,7.52104336439973e-10
