3.88115947897936e-08,1.76415270021383e-08,8.05637668225811e-09,2.91080845122689e-08,1.66482645693484e-08,2.68844482704967e-08,1.52818401945437e-08,6.6977893349749e-09,5.47168099022088e-09,1.43150198342164e-08,6.79539655558401e-09,1.35398706738229e-08,5.9517449436929e-09,4.91977264682847e-09,3.51102962111582e-09,6.05404738306824e-09,5.43586218720606e-09,5.97010385729201e-09,4.53719574123242e-09,3.23455631084509e-09,2.67517559820364e-09,4.99638737205263e-09,3.24797232690111e-09,4.90013641896053e-09,3.06374945249813e-09,2.4855897981082e-09,1.71492279148783e-09,3.04865400910749e-09,2.35882080760939e-09,3.04410536225915e-09,2.31946413271306e-09,1.65399133277665e-09,1.56895815418795e-09,2.21591195001084e-09,1.95859389421162e-09,2.60071393023809e-09,1.48016662073161e-09,1.45768894075945e-09,1.48027178222856e-09,1.75347173066909e-09,1.81857343292153e-09,2.00889686911697e-09,1.5416828215421e-09,1.39258361750996e-09,1.33714151280871e-09,1.82905178090897e-09,1.57577867375952e-09,2.10419698270006e-09,3.39416137935883e-08,1.48887695257697e-08,7.10347699922179e-09,2.57682749125383e-08,1.3398818213702e-08,2.34263590415951e-08,1.29275704103805e-08,6.00156982408219e-09,5.24457041525132e-09,1.15905994198539e-08,6.31347774983675e-09,1.10564778879705e-08,5.33313713176243e-09,4.6152456888416e-09,3.49021759004212e-09,5.58895019869283e-09,4.98025178482117e-09,5.54266545442608e-09,4.24218925608377e-09,3.1537262339501e-09,2.30492143190289e-09,4.58843422587521e-09,3.20529875140129e-09,4.57674670313007e-09,2.95285293600519e-09,2.14524607646515e-09,1.72534108710716e-09,2.99887081403645e-09,2.01465570836088e-09,2.80161666374765e-09,1.98033945172965e-09,1.63723840690374e-09,1.4994647394476e-09,1.89127179048659e-09,1.8482396451923e-09,2.32111309874398e-09,1.45398932037967e-09,1.37978329120604e-09,1.5205496937965e-09,1.70720704878822e-09,1.78050680865881e-09,1.9632969778836e-09,1.49076765355482e-09,1.41618372469934e-09,1.22485252388522e-09,1.80793926800449e-09,1.57315033493762e-09,2.13218226748966e-09
1.76415270021383e-08,8.70249551549388e-08,1.93830519603087e-08,3.24257654558328e-08,7.51773410825044e-08,2.65529899286101e-08,7.53674154293981e-08,1.64732557248734e-08,8.1360459456299e-09,6.53054738275031e-08,1.509251456225e-08,6.07398592668527e-08,1.46889483886658e-08,6.97833447007639e-09,6.91142109998264e-09,1.34188746865811e-08,7.58463746913239e-09,1.29114326120671e-08,6.22470838399914e-09,6.09772302890954e-09,5.12379358743785e-09,6.65024314017765e-09,7.25533977645092e-09,6.67181221934946e-09,5.78640486885122e-09,4.78858027422822e-09,3.72672227611562e-09,6.77357041082918e-09,5.15284001464357e-09,7.39875407314709e-09,4.48900048887249e-09,3.56764656670494e-09,2.6953939325276e-09,4.78440098901846e-09,3.87634152008792e-09,5.09944034944975e-09,3.29193051473274e-09,2.45365767532381e-09,2.58316997460484e-09,3.49320934206472e-09,3.06469197425928e-09,3.92801157537779e-09,2.46213521860025e-09,2.48205069188419e-09,1.83034466611003e-09,3.05860277438283e-09,2.66616076381593e-09,3.53382260935628e-09,1.57579178049968e-08,5.04996696909393e-08,1.66230220959675e-08,2.76219090482905e-08,4.20239963580908e-08,2.29628449764033e-08,4.34791483848293e-08,1.42117773063363e-08,7.3178044499036e-09,3.65175503138403e-08,1.26182479574836e-08,3.18642156798885e-08,1.27683302425901e-08,6.33926601021391e-09,6.58166489594627e-09,1.13870346725899e-08,6.90787604831188e-09,1.09523456639448e-08,5.54921144052039e-09,5.77674592480025e-09,5.03965180085955e-09,5.98785308190892e-09,6.76305247920195e-09,6.77734930961087e-09,5.40728629617454e-09,4.53365047844844e-09,3.69298175005441e-09,6.25323084755074e-09,5.15442185946889e-09,6.65944105902968e-09,4.06666995149527e-09,3.43170960678133e-09,2.7047262613621e-09,4.63769431479745e-09,3.66742240948322e-09,5.05433066591498e-09,3.14042400086112e-09,2.43926210164763e-09,2.46289697363445e-09,3.27181225312161e-09,2.98037497240724e-09,3.69025678383915e-09,2.3929139112973e-09,2.41544942528892e-09,1.89285460532055e-09,2.95020853423238e-09,2.894394757474e-09,3.42797177823746e-09
8.05637668225811e-09,1.93830519603087e-08,4.27167282828942e-08,1.58591428258882e-08,3.36056364607091e-08,2.81134308148292e-08,1.6495104467255e-08,3.59945299389392e-08,1.62383567159224e-08,2.8439386678758e-08,2.95881032143661e-08,2.36797811338115e-08,3.21429498020703e-08,1.42135569049244e-08,6.33149101004911e-09,2.61914987907585e-08,1.34951013119005e-08,2.42386007280646e-08,1.27116273859298e-08,5.64795249497159e-09,4.45537488338027e-09,1.19227372532868e-08,5.75972523855763e-09,1.11533927255355e-08,4.97309930013605e-09,4.0252549839843e-09,2.5918430439866e-09,5.06361990905638e-09,4.09773349911533e-09,5.01162870881384e-09,3.83023621501856e-09,2.4275498534061e-09,1.97357736472887e-09,3.90321700693297e-09,2.76250199625835e-09,4.36894514927492e-09,2.18684180927385e-09,1.6731161916834e-09,1.60879348338856e-09,2.38043726772796e-09,1.95171008569703e-09,2.61447874863507e-09,1.79286156511446e-09,1.63154593089602e-09,1.40094692877181e-09,2.11666235090602e-09,1.87908439028198e-09,2.35315966018459e-09,6.56724865789678e-09,1.50544198396941e-08,3.65239911716919e-08,1.32335766954793e-08,2.72338943972363e-08,2.37168846955147e-08,1.27641281223934e-08,3.11369445294764e-08,1.43662414213462e-08,2.33308781288207e-08,2.60421781620848e-08,1.96378998055218e-08,2.79782880126589e-08,1.267556911753e-08,5.78045615210949e-09,2.31970787700373e-08,1.22571450204892e-08,2.13600133991039e-08,1.13604363246981e-08,5.13517839641256e-09,3.8350732103348e-09,1.09043022748328e-08,5.13831835157957e-09,1.03308350633922e-08,4.46779566046217e-09,3.41547089645161e-09,2.43493827107714e-09,4.54418495249401e-09,3.51326134667295e-09,4.37766671322034e-09,3.26170910094368e-09,2.29981148590847e-09,2.01626156470902e-09,3.4063791675154e-09,2.59224369539554e-09,3.80171201628624e-09,2.06237814143461e-09,1.64196123000249e-09,1.60539794948729e-09,2.20228718828484e-09,1.97118917151095e-09,2.46062047729373e-09,1.73950885571371e-09,1.51002451009063e-09,1.37162211711701e-09,2.06362232910191e-09,1.90975667996051e-09,2.34981231974659e-09
2.91080845122689e-08,3.24257654558328e-08,1.58591428258882e-08,4.90530157486714e-08,2.59239194153023e-08,3.91701580869732e-08,2.80599727520276e-08,1.3547622117455e-08,6.88907082564053e-09,2.22699110779597e-08,1.27361278389651e-08,2.05967256879592e-08,1.20022544877787e-08,6.16146493182859e-09,5.45519426930742e-09,1.1288564632338e-08,6.62552477498904e-09,1.12369803705986e-08,5.56622282798284e-09,5.00247276967259e-09,3.28552585563058e-09,5.86872633263076e-09,5.5566022616593e-09,5.53691335955633e-09,4.77682770166843e-09,3.04661773925836e-09,2.41575265604027e-09,5.22262784154012e-09,3.25599522008595e-09,5.3754975903914e-09,2.90923863833225e-09,2.32618421879134e-09,2.0525546106277e-09,3.1189574109153e-09,2.65198944854446e-09,3.4658696302847e-09,2.13972098383844e-09,1.89419249268646e-09,1.63899031223696e-09,2.39315832927027e-09,2.17545750197425e-09,2.7100904070736e-09,1.92585564871102e-09,1.57839110533285e-09,1.51245240791791e-09,2.25660117423045e-09,1.7212664166292e-09,2.57655274590948e-09,2.51144963389127e-08,2.68155775709921e-08,1.41226991591465e-08,4.16416640911635e-08,2.14264673467016e-08,3.36553881588287e-08,2.33521002405772e-08,1.22665907670242e-08,6.33180074837078e-09,1.86117776287102e-08,1.13252028881347e-08,1.69232765295699e-08,1.08269927767544e-08,5.64813296759347e-09,5.16680602802932e-09,1.00537436267434e-08,6.16321124440702e-09,1.01563946014574e-08,5.08208602645811e-09,4.71642991604748e-09,2.86199125917609e-09,5.43761422194402e-09,5.06312977872687e-09,5.45053999219119e-09,4.49797342739881e-09,2.62582202852654e-09,2.29484951634124e-09,4.76259506162644e-09,2.76969412314611e-09,4.61853439113765e-09,2.4202225247833e-09,2.15382785865748e-09,2.03755060569363e-09,2.63666897871483e-09,2.53045365402869e-09,3.20941702939474e-09,1.97410354296895e-09,1.84472678231729e-09,1.59280869161494e-09,2.31000159770355e-09,2.10064779423216e-09,2.55535627699149e-09,1.82615563336729e-09,1.49791637154554e-09,1.56268448833771e-09,2.15936629311489e-09,1.77532616782574e-09,2.65621528171746e-09
1.66482645693484e-08,7.51773410825044e-08,3.36056364607091e-08,2.59239194153023e-08,1.03869912700824e-07,4.15441390201794e-08,6.53152904278645e-08,2.84175664424063e-08,1.39095444950559e-08,8.95722178820915e-08,2.30138162856188e-08,7.66126502587482e-08,2.53530846040196e-08,1.19818351532203e-08,7.10924553153699e-09,2.04449844679009e-08,1.18146714340713e-08,1.85732961603262e-08,1.07158418652527e-08,6.28233248219072e-09,7.1567600422646e-09,1.03870638500839e-08,7.25030338931046e-09,1.02213925850815e-08,5.64989289903178e-09,6.65639839280412e-09,4.33837968639616e-09,6.54519150788375e-09,7.08768216210015e-09,6.86733399285341e-09,6.19327165573106e-09,4.10060221377072e-09,3.06234690415296e-09,6.62005147881969e-09,4.43222440217896e-09,6.90809657375281e-09,3.75619557412874e-09,2.8282617870561e-09,2.75727748357046e-09,3.96815758999642e-09,3.3748526676269e-09,4.30824728784462e-09,3.08973012485791e-09,2.70943560385161e-09,2.00230990082137e-09,3.55239147145692e-09,3.04283359150912e-09,3.97203536068068e-09,1.49888984878706e-08,4.1300531397415e-08,2.81254195914301e-08,2.22439965557033e-08,6.05667048506104e-08,3.51112733457993e-08,3.54475103284206e-08,2.38536223912148e-08,1.16616095086821e-08,5.22670375897073e-08,1.9317758166262e-08,4.2286831079047e-08,2.14262244875067e-08,1.00885327945666e-08,6.30814493821575e-09,1.74087266415187e-08,1.0359909565691e-08,1.58513666183858e-08,9.00642162302815e-09,5.57333231938333e-09,6.48115025033079e-09,9.21960345107712e-09,6.53964568740041e-09,9.78117148051507e-09,5.07968171734316e-09,5.9107447334948e-09,4.4331648921222e-09,5.91056815198811e-09,6.79465705241487e-09,5.96235716274511e-09,5.35233095731546e-09,4.15188848983556e-09,3.10315176869176e-09,6.23603675231257e-09,4.33438423119357e-09,6.29713330678484e-09,3.78710763708342e-09,2.79888028077251e-09,2.67005974231554e-09,3.86685260303071e-09,3.42463554904232e-09,4.1994056019154e-09,3.09350832463075e-09,2.64624206537506e-09,2.09517322358716e-09,3.60162925078499e-09,3.24772345611718e-09,3.98840306135801e-09
2.68844482704967e-08,2.65529899286101e-08,2.81134308148292e-08,3.91701580869732e-08,4.15441390201794e-08,5.92205180927899e-08,2.26685972084393e-08,2.37464541189595e-08,1.25822955089307e-08,3.5356041082506e-08,1.9759540487586e-08,2.94164760289619e-08,2.09808185498363e-08,1.10504216765308e-08,5.8753012740359e-09,1.73966682056626e-08,1.10678853415801e-08,1.65586152257031e-08,9.85585087158385e-09,5.30552319770713e-09,4.75813931283646e-09,9.76346828446044e-09,5.59232246271316e-09,9.18346746521503e-09,4.77570557355355e-09,4.42118732112303e-09,2.67025263391505e-09,5.03188452866973e-09,4.60834549747031e-09,5.07581245152683e-09,4.17860591818186e-09,2.57674853296302e-09,2.08514891538495e-09,4.41924735533982e-09,2.90661313982223e-09,4.75633253927313e-09,2.38059696727739e-09,1.94610355019062e-09,1.80060689075474e-09,2.63459496679545e-09,2.28943318967332e-09,2.94407141223203e-09,2.20430648826701e-09,1.83749442512165e-09,1.80947455805396e-09,2.58369947890719e-09,2.1429939211293e-09,2.91249833826718e-09,2.30296198198499e-08,2.10624233024393e-08,2.42314394269225e-08,3.28887107855445e-08,3.39968471188975e-08,5.04122483206102e-08,1.80265384368058e-08,2.06360389748854e-08,1.09706292347686e-08,2.91976690222949e-08,1.71993081941487e-08,2.41018372041609e-08,1.82168679910142e-08,9.72013323817629e-09,5.30448040801049e-09,1.5214309779504e-08,1.0068080620169e-08,1.45909772825263e-08,8.74852260292392e-09,4.74416677252751e-09,3.83593210541655e-09,9.02720928132646e-09,5.03976502532222e-09,8.80202072710235e-09,4.328422934438e-09,3.60761024604194e-09,2.54529684816726e-09,4.59347212171506e-09,3.85421972297995e-09,4.42980635916242e-09,3.37203646056615e-09,2.43664850945506e-09,2.17501794077032e-09,3.7311615430969e-09,2.72027355570635e-09,4.09019665931069e-09,2.27112174064142e-09,1.99973913206767e-09,1.81979396760953e-09,2.54849480459366e-09,2.35262096557946e-09,2.78786035425719e-09,2.26671135916827e-09,1.73684316607795e-09,1.96321327001765e-09,2.61641673360224e-09,2.29457320381775e-09,3.2353667562655e-09
1.52818401945437e-08,7.53674154293981e-08,1.6495104467255e-08,2.80599727520276e-08,6.53152904278645e-08,2.26685972084393e-08,9.41515695162906e-08,1.91885666530208e-08,9.41847287196016e-09,8.24823893578858e-08,1.76614461276445e-08,7.77175552524496e-08,1.70640782481491e-08,8.07542627989892e-09,8.09820403413546e-09,1.56665019496544e-08,8.66761514753166e-09,1.52216031683123e-08,7.17513316527444e-09,7.08653033531669e-09,5.7416514059756e-09,7.53330385510001e-09,7.89550923212873e-09,7.83333306990274e-09,6.66299927840032e-09,5.33129403466537e-09,4.3064053507963e-09,7.2973905442058e-09,5.92070251490092e-09,8.03846287587781e-09,4.97725078005529e-09,4.06619037197884e-09,3.20724355349616e-09,5.4336233845171e-09,4.48034086514432e-09,5.70758493496815e-09,3.73103947205059e-09,2.86659762532471e-09,2.79938923157884e-09,4.02799738418858e-09,3.45745094962835e-09,4.35590121601365e-09,2.60566668301995e-09,2.45092209615506e-09,2.11410402609723e-09,3.01708650328346e-09,2.77767510845693e-09,3.66326558281096e-09,1.36209379327362e-08,4.34791349934312e-08,1.42252751586083e-08,2.39735775163758e-08,3.65188270341127e-08,1.98568728129682e-08,5.52808838145293e-08,1.64216810734737e-08,8.4314625480207e-09,4.84300904699051e-08,1.47280846059198e-08,4.33312784011819e-08,1.47228547755515e-08,7.24510418200093e-09,7.74172295939673e-09,1.32281679862525e-08,7.81816737991844e-09,1.28013630695751e-08,6.25781218316646e-09,6.76935818203407e-09,5.55509773788439e-09,6.6638514021921e-09,7.14624125947758e-09,7.51267780574352e-09,6.28834120981408e-09,4.98088855765305e-09,4.24886430220299e-09,6.65214764846417e-09,5.99891606714258e-09,7.28011538817579e-09,4.48611856557935e-09,3.97834742625813e-09,3.23118112258579e-09,5.37004664944474e-09,4.30590052051704e-09,5.65900510466724e-09,3.64511398273589e-09,2.94644838692464e-09,2.67185902980859e-09,3.9578063390339e-09,3.38408356813993e-09,4.22685838277593e-09,2.63804306075267e-09,2.37824451824124e-09,2.19543189100455e-09,2.93044414579842e-09,3.15834116383012e-09,3.70087327429723e-09
6.6977893349749e-09,1.64732557248734e-08,3.59945299389392e-08,1.3547622117455e-08,2.84175664424063e-08,2.37464541189595e-08,1.91885666530208e-08,3.97910477423911e-08,1.78605344221264e-08,3.31461342630346e-08,3.27434122170094e-08,2.81392429632307e-08,3.54273873811166e-08,1.55645167409244e-08,6.97397426215104e-09,2.87765109156662e-08,1.45880206716101e-08,2.6345763207919e-08,1.37465070651641e-08,6.24235969934525e-09,4.68454639024102e-09,1.27849839232253e-08,6.22444404265664e-09,1.19860551807674e-08,5.52498349887521e-09,4.27447736116729e-09,2.7133647587805e-09,5.51542693048476e-09,4.47798570565596e-09,5.45827976015647e-09,4.04356572789121e-09,2.53844836693047e-09,2.1103328016963e-09,4.22287539474589e-09,2.91884295804132e-09,4.65281638959666e-09,2.27795538030807e-09,1.76421269719344e-09,1.6537132153685e-09,2.49577100960418e-09,2.06542255865769e-09,2.75042624208341e-09,1.58718348358849e-09,1.51574772144748e-09,1.32485025794997e-09,1.88706859143914e-09,1.72413597070297e-09,2.11800124018745e-09,5.46805066169389e-09,1.27517249797102e-08,3.11364662672148e-08,1.13166730866061e-08,2.33156223097614e-08,2.03962349913333e-08,1.47109571345473e-08,3.42087659302983e-08,1.5464966626783e-08,2.67534194755736e-08,2.84253136587237e-08,2.28242337859034e-08,3.0685172454048e-08,1.35936656043083e-08,6.26231621420251e-09,2.51524860149432e-08,1.29016567797705e-08,2.29747313642059e-08,1.20738490286382e-08,5.55605647903212e-09,4.03709723923404e-09,1.13559143809612e-08,5.49811087561533e-09,1.08703307176013e-08,4.91326720803647e-09,3.65957356089153e-09,2.62220168192935e-09,4.91554953733152e-09,3.91630348827828e-09,4.82607349590104e-09,3.47400438974111e-09,2.47520902906114e-09,2.01555694649628e-09,3.73671043973415e-09,2.81586929028664e-09,4.13610832962906e-09,2.21033207416956e-09,1.6265186537793e-09,1.57395709086828e-09,2.41482938117322e-09,1.97840705685316e-09,2.67084487706489e-09,1.44378026142676e-09,1.42716635675628e-09,1.38058460595464e-09,1.76367915992551e-09,1.81467325535754e-09,2.10259422724297e-09
5.47168099022088e-09,8.1360459456299e-09,1.62383567159224e-08,6.88907082564053e-09,1.39095444950559e-08,1.25822955089307e-08,9.41847287196016e-09,1.78605344221264e-08,4.38343720183769e-08,1.62775944340361e-08,3.46340239239971e-08,2.94525090956186e-08,1.55711911543737e-08,3.74548275441041e-08,1.73381813078861e-08,2.96893244833341e-08,3.21480514983294e-08,2.57444423287798e-08,3.3159308300139e-08,1.53258595870601e-08,7.42472512397829e-09,2.82809244989192e-08,1.38000270457347e-08,2.52792739343731e-08,1.35591110449541e-08,6.501945760036e-09,3.70916597866256e-09,1.21719359693032e-08,6.27541387580572e-09,1.17242989242075e-08,5.71144001536524e-09,3.55099260398292e-09,2.26352301687838e-09,5.53219713612797e-09,3.90352188191097e-09,5.86449429163515e-09,3.21551894851162e-09,2.0032573717076e-09,1.94306208883513e-09,3.50409029158318e-09,2.33192725326159e-09,3.75898850547308e-09,1.74660437372476e-09,1.56547913785509e-09,1.58926727317014e-09,1.99279245375821e-09,1.80583547613705e-09,2.29450479220517e-09,4.45320718448163e-09,6.03386730648506e-09,1.40953871795802e-08,5.63466107396986e-09,1.16658215330261e-08,1.076124185719e-08,6.85475295234882e-09,1.53825203971629e-08,3.63806441150415e-08,1.32295621741899e-08,2.92934549808925e-08,2.4286921383679e-08,1.35431624307628e-08,3.15695956117267e-08,1.46627407321711e-08,2.55031703371705e-08,2.72981026661257e-08,2.23170992585367e-08,2.81137948326061e-08,1.29398150022358e-08,6.56162833159166e-09,2.41519152215973e-08,1.21655369934858e-08,2.20569300151565e-08,1.16754139208508e-08,5.74844396273916e-09,3.22874978350247e-09,1.08281084667797e-08,5.56980625399322e-09,1.02417514892031e-08,5.14820079214579e-09,3.16461581634798e-09,2.1331519417926e-09,5.09322759479578e-09,3.57632944131351e-09,5.37413268071682e-09,2.8336301812542e-09,1.86388473156045e-09,1.9338911150213e-09,3.19983103019576e-09,2.18777413312682e-09,3.52749496988689e-09,1.57919062233383e-09,1.53632590861693e-09,1.54683123326777e-09,1.84767539186498e-09,1.89372080970772e-09,2.19086908160235e-09
1.43150198342164e-08,6.53054738275031e-08,2.8439386678758e-08,2.22699110779597e-08,8.95722178820915e-08,3.5356041082506e-08,8.24823893578858e-08,3.31461342630346e-08,1.62775944340361e-08,1.1328008611639e-07,2.75112573570407e-08,9.84090039128779e-08,2.9407162492558e-08,1.38779519595084e-08,8.53825420909579e-09,2.41913373111842e-08,1.35064695562015e-08,2.19380805631524e-08,1.22880172278104e-08,7.55379424487364e-09,7.45624820130036e-09,1.17825901715776e-08,8.24060628858838e-09,1.16661425223913e-08,6.79214845911166e-09,6.91025390150552e-09,4.71982215112692e-09,7.4223329996661e-09,7.79240159706866e-09,7.80837821983850e-09,6.44005339435715e-09,4.39882260640474e-09,3.44353110079289e-09,7.19201453988187e-09,4.81272428988347e-09,7.37534580718824e-09,3.95537969678874e-09,3.05930676267061e-09,2.94988828091687e-09,4.22271724811947e-09,3.67239071661862e-09,4.50172279670117e-09,2.82532972427989e-09,2.60322707316987e-09,2.21227609836157e-09,3.2649572280661e-09,3.03629386273427e-09,3.8539354233477e-09,1.28040342670204e-08,3.54419242449616e-08,2.38668877504861e-08,1.91177382248512e-08,5.22614582323851e-08,3.02360331614691e-08,4.65737257182662e-08,2.75205343343568e-08,1.33680546910594e-08,6.90460712744518e-08,2.2940324501937e-08,5.76626721147635e-08,2.46523552588339e-08,1.14646143659682e-08,7.50938000962202e-09,2.04253715832205e-08,1.15424070502595e-08,1.85641918793308e-08,1.01089022524847e-08,6.6078767590563e-09,6.75621467539825e-09,1.00670513763772e-08,7.26196798903338e-09,1.06920574866045e-08,6.065420101349e-09,6.11003115422158e-09,4.82425620521985e-09,6.61426925225689e-09,7.67157403648347e-09,7.02394139286494e-09,5.55502791217846e-09,4.53050427743104e-09,3.33591848241957e-09,6.94368531341643e-09,4.72493702871491e-09,6.73800233968303e-09,4.08064093175708e-09,2.96848082267311e-09,2.85079714386748e-09,4.25929665353585e-09,3.58599687635934e-09,4.54471847839039e-09,2.70842055686459e-09,2.54892851599703e-09,2.36333446665844e-09,3.15093934697062e-09,3.51609282628202e-09,3.85078725212705e-09
6.79539655558401e-09,1.509251456225e-08,2.95881032143661e-08,1.27361278389651e-08,2.30138162856188e-08,1.9759540487586e-08,1.76614461276445e-08,3.27434122170094e-08,3.46340239239971e-08,2.75112573570407e-08,5.46482241260134e-08,4.50023801833368e-08,2.87822534785461e-08,2.96855372186733e-08,1.47585475830271e-08,4.73111648801675e-08,2.54400622590529e-08,4.05906071250097e-08,2.61924169067642e-08,1.30087436100968e-08,6.73420430521897e-09,2.223096225987e-08,1.184841410644e-08,2.00072220311884e-08,1.13977787052958e-08,5.78339335350584e-09,3.95348421061043e-09,1.03493410849227e-08,5.89881073646954e-09,1.01223184178084e-08,5.11940019475877e-09,3.78775057759091e-09,2.35530031256993e-09,5.26000780366463e-09,4.07743515825141e-09,5.63179125205128e-09,3.40412294268851e-09,1.99919060412995e-09,2.09420363347272e-09,3.54257732849963e-09,2.50611443303924e-09,4.0612936780565e-09,1.76912611631299e-09,1.81517451869723e-09,1.65249430721176e-09,2.20717293907897e-09,2.0555673496351e-09,2.50957380226512e-09,5.48772011145631e-09,1.17884422588333e-08,2.49528924190899e-08,1.06685505048013e-08,1.8685257196526e-08,1.66242096838488e-08,1.32806275129592e-08,2.73215000964548e-08,2.89455583434434e-08,2.17245389091695e-08,4.56901173920648e-08,3.65949075493538e-08,2.43185838811531e-08,2.52820337710161e-08,1.23862666772264e-08,4.01299420395968e-08,2.17862815241287e-08,3.41224032877365e-08,2.24914483451857e-08,1.08457686374571e-08,5.88838394912226e-09,1.90771890852651e-08,1.04498661084022e-08,1.786392541929e-08,9.6261410484365e-09,5.09073601380676e-09,3.53021951209625e-09,9.13562441107638e-09,5.13379890240966e-09,8.76848972034618e-09,4.62252736629259e-09,3.43596233307287e-09,2.30619344625629e-09,4.71508743873468e-09,3.7455793541694e-09,5.13197229325213e-09,3.09249350541913e-09,1.93753753231269e-09,2.11077052556823e-09,3.2648508020664e-09,2.5407350712221e-09,3.87389639664601e-09,1.64400900653887e-09,1.8198722066911e-09,1.59735523891506e-09,2.17648138021968e-09,2.103354070379e-09,2.46584233964254e-09
1.35398706738229e-08,6.07398592668527e-08,2.36797811338115e-08,2.05967256879592e-08,7.66126502587482e-08,2.94164760289619e-08,7.77175552524496e-08,2.81392429632307e-08,2.94525090956186e-08,9.84090039128779e-08,4.50023801833368e-08,1.28888007544851e-07,2.47310524941413e-08,2.47671402799771e-08,1.39089101215678e-08,3.88288208348818e-08,2.09083718035686e-08,3.22744967092111e-08,2.20330433863636e-08,1.22893994010845e-08,7.2849645614776e-09,1.83069641815574e-08,1.17763809378789e-08,1.69224070258888e-08,1.06292696575939e-08,6.28570376998531e-09,5.99363255549535e-09,1.02500182641494e-08,6.75336190882507e-09,1.020927571802e-08,5.77435056940102e-09,5.64698536775259e-09,3.69501132910189e-09,6.12508416223183e-09,6.13782269503792e-09,6.39289803952449e-09,5.05455248668997e-09,3.33491888603319e-09,3.51934276491219e-09,5.40094651761942e-09,4.24635013563977e-09,6.1182026748886e-09,2.96410299842032e-09,3.03089019902511e-09,2.61674804789413e-09,3.62096477482601e-09,3.38007581536728e-09,4.1999658381579e-09,1.18254102256492e-08,3.26441794913379e-08,1.93666637437516e-08,1.771036048533e-08,4.37716101852289e-08,2.50579723178208e-08,4.299202211261e-08,2.2824285420118e-08,2.26945820829853e-08,5.89397211838599e-08,3.55010146398874e-08,7.94196973568562e-08,2.03903901942473e-08,1.94649423094984e-08,1.15766974427688e-08,3.13116369295271e-08,1.68716339524104e-08,2.58966614744508e-08,1.75273730348092e-08,1.02080640451856e-08,6.72881930646631e-09,1.48651067746151e-08,1.00498700189745e-08,1.49000162237751e-08,8.96031064445569e-09,5.70550011757664e-09,5.52763902198571e-09,8.84494474660999e-09,6.6553749582837e-09,8.71071996342184e-09,5.1615644913773e-09,5.29166292661446e-09,3.70425750979811e-09,6.02485237337009e-09,5.50784171033941e-09,6.089671479169e-09,4.77093957857239e-09,3.38572725774662e-09,3.50508718886702e-09,4.99948514310011e-09,4.3178614414655e-09,5.76086771638749e-09,2.92878083464509e-09,3.0367479773139e-09,2.68989370921502e-09,3.6421381873805e-09,3.83520429747499e-09,4.30053258032043e-09
5.9517449436929e-09,1.46889483886658e-08,3.21429498020703e-08,1.20022544877787e-08,2.53530846040196e-08,2.09808185498363e-08,1.70640782481491e-08,3.54273873811166e-08,1.55711911543737e-08,2.9407162492558e-08,2.87822534785461e-08,2.47310524941413e-08,4.07267606107812e-08,1.70450207822458e-08,7.78962685875109e-09,3.26658394194449e-08,1.60073385585756e-08,2.98818392361801e-08,1.49629498172041e-08,6.93682199551679e-09,5.26216099434728e-09,1.39408344307709e-08,6.76058317567068e-09,1.28528898495554e-08,5.99411300090841e-09,4.79974611912369e-09,2.97973095252498e-09,5.90956495849986e-09,5.13644924136913e-09,5.92406937142881e-09,4.53172041254779e-09,2.76326887648413e-09,2.377866073577e-09,4.79265944182380e-09,3.27321461269206e-09,5.36938518371824e-09,2.4877002242231e-09,1.97873019079171e-09,1.92300714316016e-09,2.80774761811294e-09,2.39704317954752e-09,3.11896508025396e-09,1.73997312358901e-09,1.6898737991859e-09,1.53247073444478e-09,2.06244919492621e-09,1.95403581123835e-09,2.3547477053476e-09,4.94584339124979e-09,1.15057201178471e-08,2.79706761526397e-08,1.0241741397252e-08,2.08968025106943e-08,1.82280808222811e-08,1.3372841960084e-08,3.06818842568656e-08,1.35948381671352e-08,2.3993556831205e-08,2.51529085517378e-08,2.02264462978616e-08,3.52558021335661e-08,1.48008184055308e-08,7.10162244410449e-09,2.85295195193479e-08,1.42893512058832e-08,2.62788235945428e-08,1.29412805636593e-08,6.22401286139751e-09,4.46201720801996e-09,1.24341708017278e-08,6.00009880837519e-09,1.15898104185089e-08,5.35673729689343e-09,4.03770891518077e-09,2.91491516223093e-09,5.31165746872189e-09,4.5087885972921e-09,5.26611934873731e-09,3.83351996465669e-09,2.73117291777585e-09,2.23619069015529e-09,4.24720582433258e-09,3.09491740828933e-09,4.74030073165731e-09,2.45381462316756e-09,1.81959676165177e-09,1.87345732312756e-09,2.67249527960151e-09,2.34753883210886e-09,3.0493797973391e-09,1.59970256004635e-09,1.62486046614724e-09,1.51088954784949e-09,1.98198501040443e-09,1.95481537929639e-09,2.2882506571889e-09
4.91977264682847e-09,6.97833447007639e-09,1.42135569049244e-08,6.16146493182859e-09,1.19818351532203e-08,1.10504216765308e-08,8.07542627989892e-09,1.55645167409244e-08,3.74548275441041e-08,1.38779519595084e-08,2.96855372186733e-08,2.47671402799771e-08,1.70450207822458e-08,4.15244324195013e-08,1.89697147771497e-08,3.28448177842378e-08,3.52392560357705e-08,2.80693033413445e-08,3.64062804302561e-08,1.667157400851e-08,7.88575356320398e-09,3.07649506981089e-08,1.49622728507941e-08,2.75049831331309e-08,1.46626061386727e-08,6.88576951054131e-09,4.05099736641669e-09,1.31350254645666e-08,6.74080617937207e-09,1.27455293871802e-08,6.04132645648332e-09,3.86176534096477e-09,2.45053613355547e-09,5.90145380627852e-09,4.20069193599448e-09,6.27749665993621e-09,3.48632850401910e-09,2.1680488630492e-09,2.08731260945154e-09,3.7843252510663e-09,2.4951324071889e-09,4.09620783600446e-09,1.87984272982026e-09,1.68049708178653e-09,1.64135286053567e-09,2.11633818910882e-09,1.93182437415386e-09,2.41586855411136e-09,4.12053518247812e-09,5.23861835475431e-09,1.24292248301674e-08,5.17817618740546e-09,1.00810802651957e-08,9.57405623158766e-09,6.11129523337594e-09,1.35360894026394e-08,3.15679643735966e-08,1.14490077163726e-08,2.54976839517704e-08,2.07817212102626e-08,1.46433418466997e-08,3.49938876089895e-08,1.62386576349198e-08,2.81524102424586e-08,3.00478573657119e-08,2.44073220358617e-08,3.07524849995219e-08,1.41425101648287e-08,6.98051282197728e-09,2.6228312517007e-08,1.33005189604256e-08,2.40296749434746e-08,1.27139350369035e-08,6.10158118418426e-09,3.52071828076497e-09,1.18176909581643e-08,6.03034505825447e-09,1.14504965892335e-08,5.47884657005087e-09,3.43641820612433e-09,2.24448999352635e-09,5.48167456809708e-09,3.74641002942095e-09,5.65049770028132e-09,3.11332215515699e-09,1.97805543434356e-09,2.01599910143985e-09,3.37951864319185e-09,2.2784357958132e-09,3.79120254043768e-09,1.67864536988434e-09,1.59368934145508e-09,1.6194140454753e-09,1.88488852068008e-09,2.04413734452994e-09,2.29359654041143e-09
3.51102962111582e-09,6.91142109998264e-09,6.33149101004911e-09,5.45519426930742e-09,7.10924553153699e-09,5.8753012740359e-09,8.09820403413546e-09,6.97397426215104e-09,1.73381813078861e-08,8.53825420909579e-09,1.47585475830271e-08,1.39089101215678e-08,7.78962685875109e-09,1.89697147771497e-08,4.48566971115362e-08,1.60615889585144e-08,3.52627956180083e-08,3.0140234450324e-08,1.66745815581545e-08,3.91936599484217e-08,1.7449665048914e-08,3.04885750175857e-08,3.19526606657083e-08,2.49385664544794e-08,3.46070509455248e-08,1.52675951209632e-08,6.19955121825203e-09,2.80921342935419e-08,1.41580752405925e-08,2.59556042503162e-08,1.34463312418564e-08,5.5809268303398e-09,4.20140628491944e-09,1.24781177433542e-08,6.10006045999442e-09,1.27727706972421e-08,5.04295657381748e-09,3.89367325981612e-09,2.52688309163824e-09,5.45789550115678e-09,4.17310694672033e-09,5.72985794123344e-09,3.42050115989573e-09,2.13052532230087e-09,1.96525125936466e-09,3.5398650548303e-09,2.40926351889036e-09,3.99643209894607e-09,2.90266507358785e-09,5.22052068743735e-09,5.46600283850872e-09,4.79324179786264e-09,5.41042322619867e-09,4.63968771699017e-09,5.77379482842852e-09,6.02003463364497e-09,1.42822755515567e-08,6.26635390829435e-09,1.25206348897083e-08,1.07065247232909e-08,6.6536248300975e-09,1.57611930927364e-08,3.72380167410882e-08,1.35319132008021e-08,2.89923066940841e-08,2.51604616692687e-08,1.38787929420466e-08,3.27290461609981e-08,1.54655546775571e-08,2.51500205565366e-08,2.75699886194798e-08,2.15893439322882e-08,2.93246227144611e-08,1.36995527415036e-08,5.33132680760847e-09,2.45870392368626e-08,1.25605970794797e-08,2.26135950873379e-08,1.22599100755398e-08,4.83056861718237e-09,3.41908630772696e-09,1.13047551218801e-08,5.48066962219403e-09,1.15364812696225e-08,4.41585211814019e-09,3.20309103805232e-09,2.33887689616631e-09,4.95679202501542e-09,3.47166781398033e-09,5.15159655698664e-09,2.81191921370562e-09,1.93690606451328e-09,1.78947152132855e-09,2.93312319394515e-09,2.3007553652084e-09,3.31406851854716e-09
6.05404738306824e-09,1.34188746865811e-08,2.61914987907585e-08,1.1288564632338e-08,2.04449844679009e-08,1.73966682056626e-08,1.56665019496544e-08,2.87765109156662e-08,2.96893244833341e-08,2.41913373111842e-08,4.73111648801675e-08,3.88288208348818e-08,3.26658394194449e-08,3.28448177842378e-08,1.60615889585144e-08,5.3368089849759e-08,2.77269482147688e-08,4.53001624753977e-08,2.86870485562161e-08,1.4099158486216e-08,7.0891347077316e-09,2.40458976684276e-08,1.27684380783322e-08,2.15385246304868e-08,1.21591622989482e-08,6.05594254190936e-09,4.4509108821377e-09,1.10480775564622e-08,6.31354394215156e-09,1.08939264923302e-08,5.39879753760823e-09,4.2175177603238e-09,2.56678852291363e-09,5.62425195205835e-09,4.48682521774485e-09,6.11003557556309e-09,3.784108577679e-09,2.2016193595353e-09,2.27938077923733e-09,3.9410146345102e-09,2.72542904232307e-09,4.48721426859332e-09,1.94202974985927e-09,1.9384982946438e-09,1.89507222919787e-09,2.34735935082624e-09,2.2690627231938e-09,2.73133475903747e-09,5.12372093133797e-09,1.05746243715395e-08,2.23469002891786e-08,9.67209625333416e-09,1.66585190053733e-08,1.49007210395282e-08,1.20656340371171e-08,2.43106325334967e-08,2.52812956264861e-08,1.93616554648069e-08,4.01254613980082e-08,3.20283841690902e-08,2.76942179442604e-08,2.81136729663205e-08,1.36585984617676e-08,4.54009688074092e-08,2.40122846250221e-08,3.84387062411231e-08,2.45943890925272e-08,1.17936304237493e-08,6.20486940056263e-09,2.0715272814553e-08,1.12651924729707e-08,1.91799157500673e-08,1.02977661605294e-08,5.34381286725124e-09,3.97770046280181e-09,9.78652972334391e-09,5.52856885148923e-09,9.51376313098327e-09,4.87906173767316e-09,3.80875204426323e-09,2.47051867624489e-09,5.06741552375961e-09,4.09348868719894e-09,5.52313736461959e-09,3.45994481724699e-09,2.09534998425021e-09,2.31176216226915e-09,3.60171250786817e-09,2.71215492738369e-09,4.23464574601778e-09,1.80148900973031e-09,1.93891085366799e-09,1.83716136737024e-09,2.25391465423371e-09,2.33434897733561e-09,2.67285880269269e-09
5.43586218720606e-09,7.58463746913239e-09,1.34951013119005e-08,6.62552477498904e-09,1.18146714340713e-08,1.10678853415801e-08,8.66761514753166e-09,1.45880206716101e-08,3.21480514983294e-08,1.35064695562015e-08,2.54400622590529e-08,2.09083718035686e-08,1.60073385585756e-08,3.52392560357705e-08,3.52627956180083e-08,2.77269482147688e-08,5.7265705618377e-08,4.54622699866517e-08,3.07702362693455e-08,3.04887966490423e-08,1.60758214424887e-08,4.96685607888368e-08,2.47964170913319e-08,4.08649826361512e-08,2.68439707728465e-08,1.40105316947228e-08,6.28652481019962e-09,2.16288128102913e-08,1.32040326633494e-08,2.02325901251613e-08,1.23715829484873e-08,5.71278312423524e-09,4.27371154489216e-09,1.16176646646768e-08,5.88814590087237e-09,1.16055522684843e-08,5.08018764426585e-09,3.92925715687663e-09,2.46348662996559e-09,5.14262159283179e-09,4.20656250844658e-09,5.41538759188882e-09,3.50973280909757e-09,2.09894988038812e-09,1.80926132173204e-09,3.66689009994784e-09,2.33929810762616e-09,3.99977190786769e-09,4.51250442366372e-09,5.56367783474029e-09,1.17626268903439e-08,5.63797626722343e-09,9.84261892567387e-09,9.32989933719957e-09,6.35809856899053e-09,1.27061571690861e-08,2.71749474979225e-08,1.10444772597332e-08,2.19190198439407e-08,1.73563822683646e-08,1.3923499185412e-08,2.98228770073008e-08,2.94670656446211e-08,2.3872369531848e-08,4.8093723080423e-08,3.87580940244163e-08,2.61931018775618e-08,2.54706825097234e-08,1.43066214920527e-08,4.19051926866726e-08,2.20176740042521e-08,3.58601688473491e-08,2.29801681700615e-08,1.26664687938464e-08,5.63032472709125e-09,1.96139940708179e-08,1.1868418778098e-08,1.82361805009624e-08,1.14637308184098e-08,5.17081054292072e-09,3.65595134108329e-09,1.07523982716102e-08,5.34484284629863e-09,1.06925934528474e-08,4.65163536063453e-09,3.38609361060581e-09,2.44413425136882e-09,4.75848691818341e-09,3.67960853447517e-09,5.05819580947094e-09,3.02070661622672e-09,2.01792277743938e-09,1.8596169436406e-09,3.21459103111233e-09,2.33846052180071e-09,3.50548648007231e-09
5.97010385729201e-09,1.29114326120671e-08,2.42386007280646e-08,1.12369803705986e-08,1.85732961603262e-08,1.65586152257031e-08,1.52216031683123e-08,2.6345763207919e-08,2.57444423287798e-08,2.19380805631524e-08,4.05906071250097e-08,3.22744967092111e-08,2.98818392361801e-08,2.80693033413445e-08,3.0140234450324e-08,4.53001624753977e-08,4.54622699866517e-08,6.66144262581366e-08,2.44004144692436e-08,2.60963511345368e-08,1.40519568638556e-08,3.92998550258515e-08,2.10770215453191e-08,3.22560026895924e-08,2.27017219052873e-08,1.21122760990697e-08,5.6907635572378e-09,1.82016887377085e-08,1.16073525412203e-08,1.70990410906701e-08,1.07266753781438e-08,5.16091299027171e-09,4.49779142371828e-09,1.02671596108808e-08,5.43119478989679e-09,1.04172793196612e-08,4.63896397254676e-09,4.0418435062398e-09,2.49358371469144e-09,4.78602877693119e-09,4.39377198078152e-09,5.17564896835747e-09,3.62107781001844e-09,2.18176926511455e-09,1.82492395939265e-09,3.84199045950703e-09,2.52041942388477e-09,4.13986638891432e-09,5.01574059113649e-09,1.01899221287699e-08,2.08375343769198e-08,9.55110727721048e-09,1.5381845916879e-08,1.40479678153198e-08,1.17242868873701e-08,2.23065148124003e-08,2.21871799289622e-08,1.76606863004306e-08,3.42993007315787e-08,2.66938496966013e-08,2.54097454104742e-08,2.42696709330043e-08,2.49163726487771e-08,3.84288992847332e-08,3.87901433883234e-08,5.58024131502356e-08,2.11935651096518e-08,2.16122706809828e-08,1.24395554035405e-08,3.3702646727844e-08,1.8684614680029e-08,2.9032776069869e-08,1.91634748746838e-08,1.09563303098134e-08,5.1803756962003e-09,1.64186881798188e-08,1.03113157816595e-08,1.51729232689546e-08,9.94234387395224e-09,4.77615999447456e-09,3.9238793662714e-09,9.33431342503305e-09,5.1432271745708e-09,9.65292287886121e-09,4.35779064419666e-09,3.51774721309430e-09,2.58838355873473e-09,4.53384312602446e-09,3.97217531223373e-09,5.03471180248155e-09,3.1451374745745e-09,2.2118657664712e-09,1.8843866290744e-09,3.43646692583198e-09,2.47529277559974e-09,3.69694516950121e-09
4.53719574123242e-09,6.22470838399914e-09,1.27116273859298e-08,5.56622282798284e-09,1.07158418652527e-08,9.85585087158385e-09,7.17513316527444e-09,1.37465070651641e-08,3.3159308300139e-08,1.22880172278104e-08,2.61924169067642e-08,2.20330433863636e-08,1.49629498172041e-08,3.64062804302561e-08,1.66745815581545e-08,2.86870485562161e-08,3.07702362693455e-08,2.44004144692436e-08,4.30963967765227e-08,1.92717753530354e-08,9.05299216603874e-09,3.64902963981777e-08,1.6981278706261e-08,3.22756545743291e-08,1.67955860007437e-08,7.89661371689295e-09,4.92932720013815e-09,1.47602156516291e-08,7.74135625229367e-09,1.42555161428008e-08,6.97884974675853e-09,4.6893501869619e-09,3.05773201825075e-09,6.84362208709614e-09,5.08022002509433e-09,7.32699001897966e-09,4.20170736468902e-09,2.62941541844559e-09,2.51965480347447e-09,4.52059911691264e-09,2.95984134799398e-09,4.78353213787392e-09,2.26233943694319e-09,2.13006087401972e-09,2.16965098693751e-09,2.57748292461615e-09,2.50703180344227e-09,3.02651084539778e-09,3.8009661466779e-09,4.72451249377436e-09,1.11423071879691e-08,4.71157076200261e-09,8.97312494375118e-09,8.51387880944452e-09,5.51100830786237e-09,1.18991631667424e-08,2.8106039218006e-08,1.00234598320496e-08,2.25006766719374e-08,1.85425362599139e-08,1.27719017010121e-08,3.07518113324058e-08,1.41434566657714e-08,2.45092731660491e-08,2.62300407199758e-08,2.09810674501595e-08,3.67736658349058e-08,1.64134200976482e-08,8.08439833345994e-09,3.15771400726893e-08,1.49331172170991e-08,2.84460048541271e-08,1.45476395217008e-08,7.06262886261872e-09,4.11629556025906e-09,1.30915966007409e-08,6.96957609382324e-09,1.2680275895081e-08,6.39326540311333e-09,4.00038801915743e-09,2.69010455612153e-09,6.35092365916407e-09,4.4305282654508e-09,6.57529409522025e-09,3.57926745555412e-09,2.33082036507669e-09,2.42648400070042e-09,3.95451526630031e-09,2.66813398885276e-09,4.36022684009471e-09,2.00086858732843e-09,2.00509352241042e-09,2.09482737093223e-09,2.27442958288634e-09,2.53239774035821e-09,2.8593364138464e-09
