3.67394756836405e-08,1.72857617202057e-08,8.45695587836256e-09,2.80356715896203e-08,1.70877585838805e-08,2.63964169281499e-08,1.44647986515824e-08,7.12460605731469e-09,5.45736186040387e-09,1.43055941777812e-08,7.04102816956251e-09,1.3694484685849e-08,6.07857836029953e-09,4.765871677323e-09,3.02789539449142e-09,5.9106440412306e-09,4.63777398329886e-09,5.9199264654922e-09,3.99200476853941e-09,2.68309915667251e-09,2.29821847736074e-09,4.05017427271583e-09,2.68341783461574e-09,4.08424137146871e-09,2.37708991252743e-09,2.08534121081682e-09,1.83627023586874e-09,2.4085190380249e-09,2.26454735819365e-09,2.49606654268121e-09,1.92975417461353e-09,1.72118930539582e-09,1.50196118390611e-09,2.07955405697107e-09,2.10035768550442e-09,2.54342906500469e-09,1.51307507472266e-09,1.35975210215766e-09,1.54070857215557e-09,1.83152810465086e-09,1.84883127900534e-09,2.18710863092706e-09,1.25259655566349e-09,1.26450832481752e-09,1.33450323848622e-09,1.58979156667425e-09,1.47397125613896e-09,1.70057538046896e-09,2.86596669619118e-08,1.36186391231293e-08,7.42044554565562e-09,2.1641556893016e-08,1.38638078171684e-08,2.06773638500015e-08,1.17324406094889e-08,6.39116329909205e-09,5.03207142623101e-09,1.1894075832007e-08,6.07957797873777e-09,1.05246231427406e-08,5.48027337227736e-09,4.41798971786658e-09,2.74243453391108e-09,5.35680605851805e-09,4.51837384764651e-09,5.43695426263961e-09,3.60905085224322e-09,2.38467037892039e-09,2.59390154211116e-09,3.83491497721565e-09,2.63794117929016e-09,3.62968592310457e-09,2.07454402898472e-09,2.32063243760088e-09,1.60333531997378e-09,2.31219025311758e-09,2.28323200993594e-09,2.29992291649341e-09,2.15137360836810e-09,1.57630697628124e-09,1.47187967075797e-09,2.19355803039524e-09,1.75234689575173e-09,2.44348611935781e-09,1.45113045057151e-09,1.36458634982107e-09,1.46833749724027e-09,1.52375732840203e-09,1.69314767713115e-09,1.78427000024558e-09,1.18191617707662e-09,1.16490901750357e-09,9.61235655365249e-10,1.27674346937309e-09,1.44325446815463e-09,1.43837204865903e-09
1.72857617202057e-08,7.79401705859548e-08,1.98881127988464e-08,3.28319396880396e-08,6.73883401028079e-08,2.68894375801436e-08,6.53299977287339e-08,1.62539747683183e-08,7.92164173916451e-09,5.64419668487432e-08,1.47568141848002e-08,5.2110674309662e-08,1.35464586508795e-08,6.64713468192677e-09,6.40357733887656e-09,1.23668870205111e-08,7.1262356488128e-09,1.20539519865913e-08,5.60203519582369e-09,5.50568352181677e-09,4.07964813586196e-09,6.2021535557392e-09,6.04249450952844e-09,5.9026555661818e-09,4.97923190941038e-09,3.85296510712317e-09,3.23469440781784e-09,5.49802798682799e-09,4.24975755066245e-09,6.09406826512857e-09,3.56003943686532e-09,2.93652408714645e-09,2.81155302347976e-09,3.89589851920043e-09,3.4698672324773e-09,4.21498444696738e-09,2.5456237329726e-09,2.28493002126869e-09,2.35465888661937e-09,2.97536111436991e-09,2.78974850755465e-09,3.25065094626912e-09,2.12322049658740e-09,2.0592618013884e-09,1.76292396914586e-09,2.54248912252248e-09,2.41735870351413e-09,3.04154592198522e-09,1.34122047047129e-08,5.11268133481935e-08,1.4939490144168e-08,2.48246221875878e-08,4.26512271549969e-08,2.06918455548647e-08,4.39870658694083e-08,1.26758261736252e-08,5.37654244517996e-09,3.64741918862118e-08,9.81128280656104e-09,3.00803177041422e-08,1.06110897190331e-08,4.61622946285806e-09,4.62699396687488e-09,8.53242573341957e-09,5.42873193285427e-09,8.68471142615805e-09,3.74874870825238e-09,3.93335322482866e-09,4.06363016937791e-09,4.54876035705941e-09,5.01426639455422e-09,4.54026220346738e-09,3.78251387621225e-09,3.80993384374874e-09,2.58280908566707e-09,4.76175876826891e-09,4.0689931121401e-09,5.03399958168088e-09,3.5322274343134e-09,2.27859215098879e-09,2.49380876008955e-09,3.69252383217588e-09,2.58913422959487e-09,3.88731677242232e-09,2.09864748323211e-09,2.16113856487571e-09,1.83988325529401e-09,2.35991982960685e-09,2.27540767247415e-09,2.52232600799105e-09,1.91184569235016e-09,1.57982104021163e-09,1.31121282650498e-09,1.92893311450179e-09,2.18558808856276e-09,2.76303842723577e-09
8.45695587836256e-09,1.98881127988464e-08,4.13051136819555e-08,1.55551997776509e-08,3.44678686910059e-08,2.78059782263489e-08,1.62732998791281e-08,3.40447330844295e-08,1.44817914868344e-08,2.82644813246004e-08,2.71805689345327e-08,2.31836969721948e-08,2.85498168561388e-08,1.19444512484535e-08,6.26491049512936e-09,2.26584997531115e-08,1.11987686096511e-08,2.0754179326514e-08,1.01939419331848e-08,5.38525764213168e-09,5.16302547277991e-09,9.62079256531118e-09,5.63071734400899e-09,8.94410552133115e-09,4.41380532657884e-09,4.5764724191547e-09,2.44186086944655e-09,4.74659341970795e-09,4.69117803287016e-09,4.50871988582339e-09,4.11683980460422e-09,2.31975364196711e-09,2.17928697884997e-09,4.28940069385799e-09,2.69444524229214e-09,4.61166441840575e-09,2.05351904002693e-09,1.85743050125647e-09,1.72923709676597e-09,2.32282548434429e-09,2.16272526568071e-09,2.62106624278202e-09,1.74208310572693e-09,1.54285904085474e-09,1.3409518883268e-09,2.02378588359644e-09,1.7403086793266e-09,2.10681837634529e-09,5.94885890467806e-09,1.35452709188772e-08,3.0152401059567e-08,1.15840951503296e-08,2.44209729220593e-08,2.05369205635212e-08,1.16583092347448e-08,2.54689823360682e-08,1.07088649369073e-08,2.0725732096469e-08,2.01505566879654e-08,1.58581571940423e-08,2.15067275033972e-08,8.86333878336113e-09,4.42913276199979e-09,1.70601122556908e-08,7.76293741398247e-09,1.482051079149e-08,7.7775552682144e-09,3.91589891723408e-09,4.0935526378111e-09,6.89013296134328e-09,4.53613763124339e-09,6.7069783503322e-09,3.53618106495525e-09,3.70993797121313e-09,2.0521046891406e-09,4.16539135656177e-09,3.70580293427749e-09,3.54429401121188e-09,3.21067137090368e-09,1.9863720118278e-09,2.05294526033636e-09,3.45209406392586e-09,2.17509891222563e-09,3.47383331782161e-09,1.80098186443434e-09,1.74453518355171e-09,1.49301897278988e-09,1.8363855750678e-09,1.92847010779832e-09,2.12183378974431e-09,1.67402738261369e-09,1.37044487489633e-09,8.87903495869027e-10,1.8104247348565e-09,1.60168578819558e-09,2.09168671442344e-09
2.80356715896203e-08,3.28319396880396e-08,1.55551997776509e-08,4.76570461172004e-08,2.67662035078249e-08,3.85356583566245e-08,2.71744564592524e-08,1.28678342319242e-08,6.53577824763792e-09,2.20223895671618e-08,1.1922921771593e-08,2.00986916819548e-08,1.06323999912546e-08,5.5044688522191e-09,5.22857990976228e-09,9.75733068920373e-09,5.45977839130128e-09,9.26860602630445e-09,4.73823877215964e-09,4.64827538698075e-09,2.84694075603609e-09,4.86207761409686e-09,4.93981183364437e-09,4.65235200352213e-09,3.99519054550524e-09,2.64987772371113e-09,2.1037464274664e-09,4.34474584979268e-09,2.85162304239779e-09,4.59826825751298e-09,2.50376946180567e-09,2.01062221366997e-09,2.01607833417124e-09,2.7339975971552e-09,2.55112603604957e-09,3.3080435137558e-09,1.78748338185821e-09,1.71225133780375e-09,1.74024025728377e-09,2.22975452632479e-09,2.20690111114463e-09,2.65941238585612e-09,1.59678309095293e-09,1.4427303008624e-09,1.34350553856368e-09,1.914294765147e-09,1.68492727933403e-09,2.10387511050873e-09,2.16265489506364e-08,2.45301945459838e-08,1.26621635313956e-08,3.6182001186234e-08,2.05181234356307e-08,2.99392039843004e-08,2.06185987450813e-08,1.06112962234439e-08,4.59633283452485e-09,1.71966986391822e-08,8.62700158915725e-09,1.41946945187262e-08,8.89431670573939e-09,3.92857558883287e-09,4.18733475586686e-09,7.29929597024696e-09,4.82373222030891e-09,7.51469174849188e-09,3.43291815759813e-09,3.78915308354474e-09,3.29424030282024e-09,4.27693287819073e-09,4.59211507380705e-09,3.83376770755771e-09,3.4063905943121e-09,2.92691764966398e-09,1.69248002564953e-09,4.12357222657213e-09,2.95287336047421e-09,4.16019924809428e-09,2.69666623766605e-09,1.66866143059431e-09,1.90583660661605e-09,2.78474970687047e-09,1.67563654379117e-09,2.93179611141306e-09,1.57323741081758e-09,1.69816525313908e-09,1.49910125776713e-09,1.48155570259171e-09,2.18455898724937e-09,2.02663424942643e-09,1.49485695852074e-09,1.21694569503293e-09,1.12665222504695e-09,1.75150951948803e-09,1.47321411043652e-09,2.06509524669561e-09
1.70877585838805e-08,6.73883401028079e-08,3.44678686910059e-08,2.67662035078249e-08,9.40658015560569e-08,4.30383840589157e-08,5.64512656093596e-08,2.82473295110754e-08,1.41552368216945e-08,7.85152762174642e-08,2.25917407310686e-08,6.65663217129959e-08,2.36734329381474e-08,1.17492225659284e-08,7.32719814543342e-09,1.87914521828151e-08,1.13541710191617e-08,1.76082651719857e-08,9.92376118956562e-09,6.20829844733177e-09,6.57142811389551e-09,9.7867695775763e-09,6.80423053663991e-09,9.38071971762043e-09,5.23145767727907e-09,5.90814781451765e-09,4.3643663071844e-09,5.80425530056183e-09,6.7364471583802e-09,5.91859630405455e-09,5.39388422516986e-09,4.09576017892006e-09,3.48488015497835e-09,6.15015078737889e-09,4.51525680107018e-09,6.39411014626369e-09,3.49134246677948e-09,2.81814542066483e-09,2.95167765138171e-09,3.85024829101495e-09,3.37139468041091e-09,4.36114653355163e-09,2.66277697931175e-09,2.60501417920789e-09,2.2232369449682e-09,3.10732294500381e-09,3.02437654850896e-09,3.60848174866361e-09,1.30001420300064e-08,4.19799911914513e-08,2.49027156618326e-08,1.99899758692873e-08,5.92362890134196e-08,3.26494182769131e-08,3.67203485183455e-08,2.10710301422524e-08,9.42043886704524e-09,5.0956494318296e-08,1.49949586383437e-08,3.85719662511577e-08,1.78712363443909e-08,7.86439322216155e-09,5.00990134570953e-09,1.28500698511576e-08,7.34956171620192e-09,1.18924081532961e-08,6.77218712785835e-09,3.87207819726071e-09,5.71584385701863e-09,6.20212758004039e-09,5.49920454872922e-09,6.93876569136607e-09,3.51009940158136e-09,5.09969462985432e-09,3.34236728540906e-09,4.90512996561228e-09,5.50394136937741e-09,4.53854551722602e-09,4.73181869802718e-09,3.09543797120858e-09,3.08357949624274e-09,5.17451062606848e-09,3.55806663632414e-09,5.53612812148747e-09,2.8055882399728e-09,2.57420775031143e-09,2.35763038605906e-09,3.10683572655809e-09,2.74981977993748e-09,3.36202237161107e-09,2.27489520412862e-09,2.11783723266119e-09,1.64987448822256e-09,2.39508537418793e-09,2.66419791951329e-09,3.16071035110442e-09
2.63964169281499e-08,2.68894375801436e-08,2.78059782263489e-08,3.85356583566245e-08,4.30383840589157e-08,5.82187573878958e-08,2.20791984574794e-08,2.27083558449486e-08,1.18785561521413e-08,3.53360799809563e-08,1.83567001340214e-08,2.90907536048508e-08,1.88327280827176e-08,9.8588242985382e-09,5.39408803551023e-09,1.49587931057261e-08,9.1238702120768e-09,1.39677882312801e-08,8.38166660592646e-09,4.61446808222484e-09,4.87128969034764e-09,7.88366005646788e-09,4.97393457324495e-09,7.55548754268641e-09,3.77684088269507e-09,4.39650171370245e-09,3.05988713180851e-09,4.15619090152658e-09,4.97308256964199e-09,4.1365224920447e-09,4.1465252093471e-09,2.99656116076114e-09,2.58950452185926e-09,4.77844032987534e-09,3.37457576056277e-09,5.17272590618518e-09,2.6304554358129e-09,2.23499982673985e-09,2.08450102818474e-09,2.97378188550196e-09,2.66025982164368e-09,3.40364299845011e-09,2.08763224696635e-09,1.77476705120188e-09,1.62782788727022e-09,2.32045440517187e-09,1.95611812166676e-09,2.50856983093337e-09,2.00009438240129e-08,1.90438276935534e-08,2.11684474782454e-08,2.92689503820115e-08,3.15897901337737e-08,4.47865530002356e-08,1.63180023510418e-08,1.74678942896912e-08,8.25234239607036e-09,2.66359556823754e-08,1.30377087762726e-08,2.00518336439037e-08,1.47140089044452e-08,6.85524876127122e-09,3.92676787872602e-09,1.08888084384964e-08,6.39474554008903e-09,1.02408829202916e-08,6.02635956309243e-09,3.24522128027407e-09,4.41808341186571e-09,5.68451981942375e-09,4.60433769031839e-09,5.69289302538523e-09,2.76855261767998e-09,3.89612671504744e-09,2.27988550090216e-09,3.86858920214157e-09,4.03257799620536e-09,3.39198761479846e-09,3.67833672154876e-09,2.31278598114686e-09,2.54711077643913e-09,4.0082227966702e-09,2.49190151318715e-09,4.17591979179302e-09,2.11926973858477e-09,2.27641557876303e-09,1.91715889395496e-09,2.19532125469428e-09,2.71491137094348e-09,2.77983011440079e-09,1.99683549193103e-09,1.60136802877368e-09,1.35788443006739e-09,2.26810808425749e-09,1.76008675834709e-09,2.45726867099448e-09
1.44647986515824e-08,6.53299977287339e-08,1.62732998791281e-08,2.71744564592524e-08,5.64512656093596e-08,2.20791984574794e-08,9.00615214744337e-08,1.97854710063498e-08,9.55554464766577e-09,7.80647051541983e-08,1.88351707946698e-08,7.3755867303775e-08,1.64433898426636e-08,7.92242571662284e-09,7.62816341657314e-09,1.54445533757147e-08,8.8202661268901e-09,1.51404505543034e-08,6.59598291599702e-09,6.43612622696885e-09,4.93955080879071e-09,7.4545103872054e-09,7.05483711513975e-09,6.97093587432109e-09,5.81733757751923e-09,4.62290260604231e-09,3.75023896306084e-09,6.4721401862961e-09,4.82842905229732e-09,6.97878121514191e-09,4.25593736936093e-09,3.39179305124904e-09,3.54030889570139e-09,4.40028147178263e-09,4.06924695823139e-09,4.89373657312304e-09,2.87095296140147e-09,2.8856947491305e-09,2.94704024797164e-09,3.53981957817702e-09,3.51741085121077e-09,3.99409100519358e-09,2.41544047408471e-09,2.28514744963872e-09,2.40389631386301e-09,2.82899132963349e-09,2.70704900330798e-09,3.39055938234033e-09,1.10497304304152e-08,4.39834014949696e-08,1.26734825207346e-08,2.0944772459206e-08,3.64691243782026e-08,1.72821793182963e-08,6.15925370315773e-08,1.5926461031667e-08,6.72203774490632e-09,5.16714200339227e-08,1.31020544739754e-08,4.55273644409246e-08,1.32688926169013e-08,5.52831154368186e-09,5.85288943082959e-09,1.09966080607477e-08,6.6385076826783e-09,1.13595753640317e-08,4.50900083752923e-09,4.9273598095056e-09,4.38775432361859e-09,5.46851625907454e-09,5.9499583297791e-09,5.49288338598644e-09,4.65520728933125e-09,4.10329507847798e-09,3.09618922898305e-09,5.60473645512996e-09,4.39306490507691e-09,5.91095119136688e-09,3.85353548174191e-09,2.65343288938206e-09,3.04529535517865e-09,3.96398759309091e-09,3.06815269240587e-09,4.19533877614794e-09,2.37660008477151e-09,2.61845029335511e-09,2.47648854785582e-09,2.77261068780802e-09,2.8911957955077e-09,3.17148250951299e-09,2.23364658622852e-09,1.94289207508876e-09,1.91055739660875e-09,2.32079958881961e-09,2.55623882326343e-09,3.2066419349562e-09
7.12460605731469e-09,1.62539747683183e-08,3.40447330844295e-08,1.28678342319242e-08,2.82473295110754e-08,2.27083558449486e-08,1.97854710063498e-08,3.80332408580612e-08,1.57589386780549e-08,3.35700927686734e-08,3.05674103119862e-08,2.77024812965686e-08,3.13759030431194e-08,1.28525854801354e-08,6.98249379277389e-09,2.50231169451149e-08,1.2172558930258e-08,2.29331407076763e-08,1.09305167889531e-08,5.8888548140344e-09,5.28643238354879e-09,1.03576537564934e-08,6.08350466175473e-09,9.5793349185784e-09,4.84872934197414e-09,4.70701950260559e-09,2.63299638265517e-09,5.10243245087185e-09,5.02040956686909e-09,4.85831535576601e-09,4.24623462603454e-09,2.48772486219057e-09,2.39982013103743e-09,4.58717194948901e-09,2.90981278361066e-09,4.995898900143e-09,2.22959560534177e-09,2.07248330170108e-09,2.02815916426528e-09,2.54721292407024e-09,2.53858706699414e-09,3.00056516055212e-09,1.85819855968515e-09,1.61920208891129e-09,1.48129951235471e-09,2.1680876301755e-09,1.79272135264431e-09,2.35822011863705e-09,5.11333547269328e-09,1.1646519727254e-08,2.54640120875751e-08,9.71457337700028e-09,2.07131942946418e-08,1.69771631475249e-08,1.49663817777801e-08,2.865550315892e-08,1.17137324964095e-08,2.53037183084828e-08,2.2986247099976e-08,2.02638931497425e-08,2.34349020707682e-08,9.45972714653634e-09,4.83222703088042e-09,1.88544083752038e-08,8.14905518139929e-09,1.65079159445409e-08,8.25895308235264e-09,4.22038955651251e-09,4.11510813860246e-09,7.20059523903533e-09,4.90451436192489e-09,6.97302810910309e-09,3.64105776162696e-09,3.74006899871787e-09,2.06175468487277e-09,4.30242554190162e-09,3.83172710728219e-09,3.75405099938838e-09,3.25699891421667e-09,1.98441662597702e-09,2.0764084566758e-09,3.57929785170532e-09,2.12906515394452e-09,3.57883588369913e-09,1.79047378969758e-09,1.75954170949526e-09,1.72274055463876e-09,1.7991448924455e-09,2.2856254721765e-09,2.20480552188255e-09,1.63299156126931e-09,1.40749203010461e-09,1.05302943134056e-09,1.99268900019961e-09,1.62480554516328e-09,2.22271949946003e-09
5.45736186040387e-09,7.92164173916451e-09,1.44817914868344e-08,6.53577824763792e-09,1.41552368216945e-08,1.18785561521413e-08,9.55554464766577e-09,1.57589386780549e-08,4.13185221922949e-08,1.64116336432571e-08,3.19981960391295e-08,3.03414013018893e-08,1.28593775784337e-08,3.38101789466232e-08,1.55402827593971e-08,2.60348365496379e-08,2.80224722268083e-08,2.19301550903283e-08,2.85245427117364e-08,1.28119367435306e-08,6.01968990242829e-09,2.34327566622293e-08,1.11444393812307e-08,2.05606076228367e-08,1.01292430162859e-08,4.74356254654662e-09,4.24105484448249e-09,8.65778378279881e-09,4.91289503020248e-09,8.4819184580791e-09,4.11642703651421e-09,3.8204316008966e-09,2.52463202891517e-09,4.19012469902989e-09,3.99940781905926e-09,4.31983176876012e-09,3.38045164636166e-09,2.30434831033671e-09,2.17504968237547e-09,3.66626513757342e-09,2.75282053688576e-09,4.03289031886683e-09,2.08023971423208e-09,1.90909794723431e-09,1.55085568064316e-09,2.36487310936965e-09,1.97606241900869e-09,2.44282488474108e-09,4.43672971686685e-09,6.32679579653041e-09,1.08663911044879e-08,4.98490180238717e-09,1.07677803487579e-08,9.14705149144748e-09,8.13113390565247e-09,1.19533007717299e-08,2.99653104829589e-08,1.27484185113926e-08,2.37150212090058e-08,2.22991987894052e-08,9.71163514822994e-09,2.44229105271921e-08,1.10111396431279e-08,1.93316486090934e-08,1.92166471219897e-08,1.58496886128406e-08,2.0888877667108e-08,8.87056392476804e-09,4.7382893599152e-09,1.63522087715335e-08,8.43310234473017e-09,1.45955454645403e-08,7.36507013546887e-09,4.06074614348101e-09,3.0937304851687e-09,7.10437640756597e-09,3.76670034302328e-09,6.63065528622691e-09,3.49878480959331e-09,2.74120933257004e-09,2.14577944005068e-09,3.38002140415805e-09,2.77381734921111e-09,3.75446898052156e-09,2.47652935660724e-09,1.98801147089979e-09,1.85659501258864e-09,2.52386748588173e-09,2.32350620767483e-09,2.81576966965238e-09,1.85693135705175e-09,1.66204504059193e-09,1.37105902411146e-09,2.00125455538893e-09,1.89800025464608e-09,2.21560038590183e-09
1.43055941777812e-08,5.64419668487432e-08,2.82644813246004e-08,2.20223895671618e-08,7.85152762174642e-08,3.53360799809563e-08,7.80647051541983e-08,3.35700927686734e-08,1.64116336432571e-08,1.03840340695887e-07,2.76044070117685e-08,9.01117110679232e-08,2.77433425673372e-08,1.35478503595752e-08,8.84933294256338e-09,2.26927937839472e-08,1.34094297643106e-08,2.14363475255704e-08,1.12716815341623e-08,7.23777549852495e-09,7.27154081131022e-09,1.11979558899068e-08,7.98349094670108e-09,1.06540516135686e-08,6.11909342789256e-09,6.56840068836792e-09,4.90384216783566e-09,6.8737170425348e-09,7.42918702653012e-09,6.80460137593836e-09,6.06414349423529e-09,4.60064128611302e-09,4.14447174934035e-09,6.81736595731171e-09,5.04640977273658e-09,7.13344789736247e-09,3.94936816757036e-09,3.4074464446524e-09,3.61606580537512e-09,4.38653998684514e-09,4.2612763037604e-09,5.12514200475018e-09,2.83593216097613e-09,2.819502132775e-09,2.77626987015957e-09,3.46782498928511e-09,3.24728211800356e-09,4.06858109955518e-09,1.08621435182533e-08,3.67114234220442e-08,2.10665584965713e-08,1.70325682876903e-08,5.0945963823943e-08,2.73677864830278e-08,5.25306249354439e-08,2.55553481407611e-08,1.13439815736144e-08,6.92632910787821e-08,1.91141542117621e-08,5.6653909845536e-08,2.09651128555866e-08,9.12826866026792e-09,6.47920632961658e-09,1.57664213656458e-08,8.71904736675196e-09,1.48190762764703e-08,7.65697651473247e-09,5.02275034435641e-09,5.99470097129398e-09,7.11901002964404e-09,6.72665573596196e-09,7.79930548835726e-09,4.35151119358726e-09,5.37625823977124e-09,3.6847368085506e-09,5.89326374570613e-09,5.85374265643986e-09,5.41549185482643e-09,5.02799423080839e-09,3.38164036338681e-09,3.37792875861208e-09,5.49840896413209e-09,3.82051067982876e-09,5.78409605245829e-09,3.04698714901032e-09,2.86887182681062e-09,3.12612884676542e-09,3.34529108876212e-09,3.64217129252497e-09,3.87809648959218e-09,2.45113340813819e-09,2.46601596741921e-09,2.11857220707352e-09,2.99391522548061e-09,3.06887047705056e-09,3.68011182129249e-09
7.04102816956251e-09,1.47568141848002e-08,2.71805689345327e-08,1.1922921771593e-08,2.25917407310686e-08,1.83567001340214e-08,1.88351707946698e-08,3.05674103119862e-08,3.19981960391295e-08,2.76044070117685e-08,5.25489490136488e-08,4.59994031728277e-08,2.50288906347779e-08,2.60313200458168e-08,1.4055368222989e-08,4.27869770033004e-08,2.19099701376337e-08,3.60556321351846e-08,2.19809706311188e-08,1.1585963981197e-08,5.89295929674869e-09,1.82883811135546e-08,1.03940072718547e-08,1.59137819634398e-08,9.11215326768108e-09,4.64119112105531e-09,4.6189532364779e-09,8.13622782063763e-09,4.862023718534e-09,7.87229668662284e-09,3.97660897299551e-09,4.19729512791669e-09,2.75913815283112e-09,4.17274473164722e-09,4.48675010337919e-09,4.52303479682576e-09,3.76282895858164e-09,2.54783443719825e-09,2.27764123034236e-09,4.15006710638124e-09,2.98152421038634e-09,4.51040678997081e-09,2.3433084139657e-09,1.84368873727439e-09,1.7394137436969e-09,2.56134599701489e-09,1.9606694106943e-09,2.77110815906858e-09,5.09234963341457e-09,1.05016055385195e-08,2.03764849246912e-08,8.69600285844748e-09,1.65998901143484e-08,1.3679187375947e-08,1.41492803731471e-08,2.3074073039273e-08,2.2474780748116e-08,2.09061291800071e-08,3.76371379447943e-08,3.18176312722469e-08,1.86142690046061e-08,1.84642994708361e-08,9.77876566435747e-09,3.09026182977868e-08,1.50050781460933e-08,2.58585706393855e-08,1.58748606104719e-08,7.91390730724159e-09,4.68904080207447e-09,1.275245431887e-08,7.92811593125924e-09,1.14084315440244e-08,6.48151969197832e-09,3.96082005899362e-09,3.51729201121141e-09,6.74604980326709e-09,3.71288462532523e-09,5.98634631018445e-09,3.31922702969469e-09,3.23451650389523e-09,2.18605929987004e-09,3.32465356418029e-09,2.90824158325333e-09,3.47991762466708e-09,2.87508919495072e-09,1.9624246154275e-09,1.86478866036698e-09,2.67373660330997e-09,2.48877508178209e-09,3.11032807388848e-09,1.87686317273267e-09,1.52710930061879e-09,1.35417754426781e-09,2.14878123316989e-09,1.62123796142226e-09,2.4556092703491e-09
1.3694484685849e-08,5.2110674309662e-08,2.31836969721948e-08,2.00986916819548e-08,6.65663217129959e-08,2.90907536048508e-08,7.3755867303775e-08,2.77024812965686e-08,3.03414013018893e-08,9.01117110679232e-08,4.59994031728277e-08,1.20916655538857e-07,2.27960083138805e-08,2.47110333738613e-08,1.51089294338939e-08,3.75365201325483e-08,2.16445164430606e-08,3.24865277528919e-08,2.07555623527648e-08,1.2302715215361e-08,7.52088344193115e-09,1.79867517334481e-08,1.15824335375557e-08,1.59645944871906e-08,9.70977829182574e-09,6.1748767203998e-09,6.57222863653755e-09,9.18936643490992e-09,6.73497249667869e-09,8.90458746477013e-09,5.4635908371215e-09,6.13356471160782e-09,4.45598679885144e-09,5.96717986215863e-09,6.52624255625868e-09,6.3947213520054e-09,5.30929159226015e-09,3.80017480785345e-09,3.93488702805366e-09,5.89348147042667e-09,4.86931611056111e-09,6.83464757070467e-09,3.29901105249294e-09,3.10469881327305e-09,3.0889446101318e-09,4.08342889298762e-09,3.58503478554151e-09,4.73854953044681e-09,1.01206606839831e-08,3.37060657523082e-08,1.72563065501383e-08,1.51493690743802e-08,4.29292526160418e-08,2.23260376391007e-08,4.89379967891055e-08,2.08780763706134e-08,1.9661695929194e-08,5.95712475544216e-08,3.05193959286448e-08,7.46734421338272e-08,1.71404179795062e-08,1.58207007061891e-08,1.02767331338672e-08,2.51884820059628e-08,1.36612506162294e-08,2.22761628697572e-08,1.3452071250449e-08,7.93424985325012e-09,5.8097018608284e-09,1.13406208393563e-08,8.50026370072708e-09,1.08140613803037e-08,6.65466640439533e-09,5.1344850779941e-09,4.76774812910864e-09,7.34294296420685e-09,5.30070121103292e-09,6.70705333569811e-09,4.66551218769969e-09,4.39132638457302e-09,3.41430970526299e-09,4.88017065477178e-09,4.19587120460146e-09,5.29331750013513e-09,3.9002039345345e-09,2.95926956242972e-09,3.188776550962e-09,3.84087536491962e-09,3.84627489494078e-09,4.61590567266304e-09,2.67490687059522e-09,2.47789075945217e-09,2.27895188370432e-09,3.28807241116636e-09,3.14805024744733e-09,4.24910691640269e-09
6.07857836029953e-09,1.35464586508795e-08,2.85498168561388e-08,1.06323999912546e-08,2.36734329381474e-08,1.88327280827176e-08,1.64433898426636e-08,3.13759030431194e-08,1.28593775784337e-08,2.77433425673372e-08,2.50288906347779e-08,2.27960083138805e-08,3.7225923149215e-08,1.50845485634999e-08,8.33804155038283e-09,2.92956050561722e-08,1.44187670204813e-08,2.6843040356668e-08,1.25939322585815e-08,6.88311526328851e-09,5.94519132419224e-09,1.20389089954656e-08,6.95317394636986e-09,1.10828262454363e-08,5.74807043451089e-09,5.31868217465145e-09,3.09760220895957e-09,5.91129084891138e-09,5.92971548570454e-09,5.67162377693013e-09,4.76974735552709e-09,2.87334959740063e-09,2.88171269116402e-09,5.42183521418666e-09,3.30771020312977e-09,5.7937294671802e-09,2.50413970435291e-09,2.39994004166697e-09,2.48242988034902e-09,2.81171383163954e-09,3.11700723414321e-09,3.41339789364485e-09,2.15788660016466e-09,2.01314784205274e-09,1.89108110090462e-09,2.69411636950108e-09,2.10529370714184e-09,2.75838053481073e-09,4.31428516071067e-09,9.95931877491624e-09,2.14976028053912e-08,8.14499011130885e-09,1.74774373860069e-08,1.40796677038683e-08,1.2585153317743e-08,2.34359431831366e-08,9.46180531111335e-09,2.08419037848882e-08,1.88529918773341e-08,1.66399496896066e-08,2.73009765985654e-08,1.14391615585337e-08,6.05536743586815e-09,2.22749114793612e-08,9.95995314239749e-09,1.94164204330421e-08,9.7377301229271e-09,5.06820380184768e-09,4.73152590966312e-09,8.57573940134442e-09,5.62924367265546e-09,8.05963067440636e-09,4.26017561615953e-09,4.27051401043613e-09,2.53017809734894e-09,4.9002070644737e-09,4.47612219273014e-09,4.36302144353988e-09,3.76573832871823e-09,2.4705242865849e-09,2.26046669288588e-09,4.24141353523531e-09,2.56826831641934e-09,4.1969040946737e-09,2.1530986921747e-09,1.85560363308467e-09,2.11600536610288e-09,2.11791984467205e-09,2.53874855180268e-09,2.62025955700911e-09,1.7097518219557e-09,1.73710742844318e-09,1.48894040806832e-09,2.24630877399305e-09,1.91610621198392e-09,2.58366110043731e-09
4.765871677323e-09,6.64713468192677e-09,1.19444512484535e-08,5.5044688522191e-09,1.17492225659284e-08,9.8588242985382e-09,7.92242571662284e-09,1.28525854801354e-08,3.38101789466232e-08,1.35478503595752e-08,2.60313200458168e-08,2.47110333738613e-08,1.50845485634999e-08,3.86192702150409e-08,1.76699835922357e-08,2.97629149313176e-08,3.19610378076807e-08,2.50681132537142e-08,3.21117898835402e-08,1.4339372166248e-08,6.52495896743029e-09,2.63637417193546e-08,1.24175602881336e-08,2.31327197933958e-08,1.1473611723525e-08,5.18038569776421e-09,4.77778960212437e-09,9.81011983496193e-09,5.51393534552986e-09,9.39719105402755e-09,4.47519976293096e-09,4.23908049807864e-09,3.00914610381975e-09,4.6681521204091e-09,4.40018130926092e-09,4.72235912287388e-09,3.70998960990121e-09,2.63272056130097e-09,2.35816619340016e-09,3.93569330593777e-09,3.01167875010208e-09,4.32984890286716e-09,2.39117258830393e-09,2.07636907677373e-09,1.87249399717495e-09,2.61113217934724e-09,2.26327527227583e-09,2.72505915680332e-09,3.86782379795879e-09,5.28691693851437e-09,9.1046040115582e-09,4.42830637535558e-09,8.92257522522421e-09,7.58456099835339e-09,6.75434780862162e-09,9.70788664065747e-09,2.44201933704889e-08,1.05046347135971e-08,1.93256614860779e-08,1.81657861147749e-08,1.09528400136767e-08,2.85333016433145e-08,1.2760892466967e-08,2.19593245356745e-08,2.23936153015694e-08,1.79116701145369e-08,2.40915814710924e-08,1.01393352438563e-08,5.1085051429835e-09,1.88351753680444e-08,9.27945317231608e-09,1.67600726022577e-08,8.45284675807462e-09,4.37071439967591e-09,3.63971927130843e-09,7.81119242208668e-09,4.20164993055246e-09,7.17377740705902e-09,3.77895831764314e-09,3.06871473722011e-09,2.54108567287169e-09,3.67972295329031e-09,3.21932878020241e-09,3.91022625902247e-09,2.71333790364721e-09,2.24473895820286e-09,2.01194040157837e-09,2.84735815809331e-09,2.55197391851517e-09,3.24228884081493e-09,2.10131870483868e-09,1.79623384266514e-09,1.68088113150477e-09,2.24226400023738e-09,2.17763665284288e-09,2.4799136714495e-09
3.02789539449142e-09,6.40357733887656e-09,6.26491049512936e-09,5.22857990976228e-09,7.32719814543342e-09,5.39408803551023e-09,7.62816341657314e-09,6.98249379277389e-09,1.55402827593971e-08,8.84933294256338e-09,1.4055368222989e-08,1.51089294338939e-08,8.33804155038283e-09,1.76699835922357e-08,4.51240695367181e-08,1.59575795333726e-08,3.40601751496097e-08,3.05156227598809e-08,1.43471482038594e-08,3.67365771788344e-08,1.45709234893688e-08,2.75574817698137e-08,2.79037165945452e-08,2.08023032196595e-08,3.00015088212781e-08,1.14479427960721e-08,5.95910839298775e-09,2.22793949392146e-08,1.07546516690766e-08,2.02915440817388e-08,9.5752456872679e-09,5.04572966198115e-09,5.23121404969836e-09,8.92475607859522e-09,5.31263175914626e-09,9.07238747016315e-09,4.43232400189186e-09,4.51146670860308e-09,2.61192448875879e-09,4.58803137449539e-09,4.93405295644085e-09,4.85376418240143e-09,4.13787693471107e-09,2.35293821435053e-09,2.18644176431115e-09,4.56687797667766e-09,2.57163524007048e-09,4.66618169085503e-09,2.76467033963093e-09,4.84181147566502e-09,4.57765870909975e-09,3.8644426513356e-09,5.29409793139459e-09,3.89352826104344e-09,5.64178402275203e-09,4.83157638818386e-09,1.10227082350149e-08,6.18659741704268e-09,1.02967016665831e-08,1.12232831696162e-08,5.62330548580526e-09,1.29458860824617e-08,3.23566789069488e-08,1.16835428289488e-08,2.41810128091707e-08,2.12587779774765e-08,1.08638902925071e-08,2.66557750146724e-08,1.00195018242767e-08,2.00589532294884e-08,2.03670360187072e-08,1.48291055558558e-08,2.28396746369018e-08,8.66725810482916e-09,4.88592476296482e-09,1.74352069971525e-08,7.75694753086726e-09,1.55555239600396e-08,7.45848705522411e-09,4.14198397403348e-09,4.23848894534698e-09,6.72732914394184e-09,4.01572545625095e-09,6.98691187700537e-09,3.69507582668577e-09,3.67789499684497e-09,2.46774754677168e-09,3.53575804148252e-09,3.91754492759506e-09,4.32350670597419e-09,3.41637479227378e-09,2.24323224254344e-09,1.89804635524091e-09,3.5945314899475e-09,2.37647486964449e-09,4.03610711343872e-09
5.9106440412306e-09,1.23668870205111e-08,2.26584997531115e-08,9.75733068920373e-09,1.87914521828151e-08,1.49587931057261e-08,1.54445533757147e-08,2.50231169451149e-08,2.60348365496379e-08,2.26927937839472e-08,4.27869770033004e-08,3.75365201325483e-08,2.92956050561722e-08,2.97629149313176e-08,1.59575795333726e-08,4.95377282180844e-08,2.50957372073229e-08,4.15118558464157e-08,2.47139685632239e-08,1.29865571064507e-08,6.44117306526808e-09,2.06628321135012e-08,1.16032414700802e-08,1.79751179799699e-08,1.02984078583466e-08,5.11290325922692e-09,5.13468676598553e-09,9.20000631569689e-09,5.47088994983064e-09,8.9102008838691e-09,4.41258167021274e-09,4.70738657933534e-09,3.24161817361796e-09,4.77585531253393e-09,4.87651898228377e-09,5.06881189231644e-09,4.12279509547455e-09,2.85908061491563e-09,2.53101316870692e-09,4.37611163329176e-09,3.32972946604227e-09,4.85437501581653e-09,2.63677798883765e-09,2.08491951062891e-09,2.06684084476582e-09,2.8981800987529e-09,2.24952917253066e-09,3.0704479786505e-09,4.19705338779858e-09,9.11394609887700e-09,1.70180935839007e-08,7.32273111141139e-09,1.39618962310888e-08,1.10045664078846e-08,1.18278438305368e-08,1.86116215688636e-08,1.84630656627364e-08,1.72608636224356e-08,3.08967955153858e-08,2.63618547650763e-08,2.16841006958264e-08,2.16257299762807e-08,1.12607702456296e-08,3.62125625339e-08,1.76710146119279e-08,3.01316485143053e-08,1.82664364611373e-08,9.05872101852948e-09,5.14494395727013e-09,1.48258955906846e-08,8.7237987707182e-09,1.30392060754422e-08,7.28317773837678e-09,4.32462085060164e-09,3.98543487800967e-09,7.29160822097277e-09,4.19981153654225e-09,6.64946888283537e-09,3.72630855347999e-09,3.65231058999118e-09,2.53338346160929e-09,3.85695469574769e-09,3.27770403950343e-09,3.91106638236596e-09,3.13357622113812e-09,2.1583391000434e-09,2.10759024377643e-09,2.91553655494719e-09,2.61690257504946e-09,3.51735079605742e-09,2.06111069519918e-09,1.727981500574e-09,1.73225345470873e-09,2.32966554834795e-09,1.99918814242682e-09,2.73156647353338e-09
4.63777398329886e-09,7.1262356488128e-09,1.11987686096511e-08,5.45977839130128e-09,1.13541710191617e-08,9.1238702120768e-09,8.8202661268901e-09,1.2172558930258e-08,2.80224722268083e-08,1.34094297643106e-08,2.19099701376337e-08,2.16445164430606e-08,1.44187670204813e-08,3.19610378076807e-08,3.40601751496097e-08,2.50957372073229e-08,5.37172418932498e-08,4.29409639862223e-08,2.63696705423074e-08,2.75526713237748e-08,1.277232110909e-08,4.38727815925514e-08,2.06961145760873e-08,3.40241273469291e-08,2.23463066337382e-08,9.94078225640589e-09,5.58085821808555e-09,1.62930453491136e-08,9.61910807703245e-09,1.50155133089484e-08,8.41509888287855e-09,4.74136467354934e-09,5.55573205620203e-09,8.04144342355104e-09,5.29010495387278e-09,8.34205646058808e-09,4.18129623882686e-09,4.9134792068377e-09,3.01975648107652e-09,4.59919230579905e-09,5.55336297952019e-09,5.12406204805857e-09,4.4312309777309e-09,2.69011002821634e-09,2.34870748555806e-09,5.07309305693213e-09,2.73668283282771e-09,5.04461554571457e-09,3.77203274394748e-09,5.80009355409874e-09,8.72852460697483e-09,4.36758037421069e-09,8.37687457610009e-09,6.88431497561729e-09,7.3586623343951e-09,9.31750844815751e-09,1.99502903839762e-08,9.97617767426118e-09,1.69446734018856e-08,1.62560290406401e-08,1.08716856504255e-08,2.3238307750258e-08,2.39615212751672e-08,1.9104750353231e-08,3.71806405450334e-08,3.04375790408972e-08,1.96394627735251e-08,1.94174002231398e-08,9.05401598160172e-09,3.10658606236977e-08,1.49719422917841e-08,2.42485170811503e-08,1.66061344086022e-08,7.88007268456765e-09,4.51152561414974e-09,1.28449319299362e-08,7.24353138915422e-09,1.14681087667042e-08,6.98508224697634e-09,3.81985301261887e-09,4.336052259898e-09,6.40524377927378e-09,4.0436604456032e-09,6.89732382133841e-09,3.43212344309986e-09,3.873285124249e-09,2.62382468623391e-09,3.57985197109839e-09,4.42601991037e-09,4.28666009465426e-09,3.53639591136475e-09,2.42302610465238e-09,1.99072876769487e-09,4.05275106882686e-09,2.45957135846415e-09,4.11001187592773e-09
5.9199264654922e-09,1.20539519865913e-08,2.0754179326514e-08,9.26860602630445e-09,1.76082651719857e-08,1.39677882312801e-08,1.51404505543034e-08,2.29331407076763e-08,2.19301550903283e-08,2.14363475255704e-08,3.60556321351846e-08,3.24865277528919e-08,2.6843040356668e-08,2.50681132537142e-08,3.05156227598809e-08,4.15118558464157e-08,4.29409639862223e-08,6.49548130661125e-08,2.06479823697513e-08,2.45228208732122e-08,1.19164774807059e-08,3.48369929547898e-08,1.86659418916811e-08,2.69436139732616e-08,1.97273674644225e-08,9.1250781374544e-09,5.3122864069403e-09,1.45885337446023e-08,8.8514322543614e-09,1.3426278431931e-08,7.57469005731259e-09,4.59098763927655e-09,5.62866112585542e-09,7.36565356387951e-09,5.04037201139621e-09,7.67922917426639e-09,4.12114842959078e-09,4.99041573737457e-09,3.02945700659459e-09,4.43542764849263e-09,5.63557471478558e-09,5.13311919038831e-09,4.56631478529441e-09,2.57497097113411e-09,2.29213333750799e-09,5.09844459758446e-09,2.56929573109026e-09,5.14230493438081e-09,4.25341757597364e-09,9.12658444388453e-09,1.54452373742119e-08,6.90525612279624e-09,1.31738813513501e-08,1.03143271506413e-08,1.1724070592431e-08,1.71059203621316e-08,1.52721334814911e-08,1.64963414508728e-08,2.67502657761884e-08,2.35890322019026e-08,2.02267230697029e-08,1.77959362140514e-08,2.09640750778971e-08,3.09220602342592e-08,2.95752817621421e-08,4.69924174374242e-08,1.4991922175648e-08,1.67546415389914e-08,8.38666568026865e-09,2.4367161085587e-08,1.30903539054813e-08,1.87768195098508e-08,1.40836912044223e-08,7.09788739643073e-09,4.42216566654320e-09,1.1139394046753e-08,6.76177529587736e-09,1.00765408486307e-08,6.20243610487245e-09,3.93885672247149e-09,4.3984035807067e-09,6.03534413337031e-09,4.02127705595033e-09,6.39876367587461e-09,3.5333120216554e-09,3.91755201292e-09,2.61734531995226e-09,3.56932627614345e-09,4.45834249335801e-09,4.33931561819402e-09,3.65621537238565e-09,2.2634531953342e-09,1.85669910512147e-09,4.09686187799157e-09,2.27386302537837e-09,4.11584142457508e-09
3.99200476853941e-09,5.60203519582369e-09,1.01939419331848e-08,4.73823877215964e-09,9.92376118956562e-09,8.38166660592646e-09,6.59598291599702e-09,1.09305167889531e-08,2.85245427117364e-08,1.12716815341623e-08,2.19809706311188e-08,2.07555623527648e-08,1.25939322585815e-08,3.21117898835402e-08,1.43471482038594e-08,2.47139685632239e-08,2.63696705423074e-08,2.06479823697513e-08,3.88381103668613e-08,1.63273506332154e-08,7.54561543280329e-09,3.15695916586677e-08,1.4305694092382e-08,2.8080730431059e-08,1.31299500309345e-08,6.00909766701733e-09,5.37132176528686e-09,1.13716886510915e-08,6.24772918520613e-09,1.08055147420824e-08,5.12958924221395e-09,4.74739215660604e-09,3.37361546028721e-09,5.26958188119376e-09,5.08502409927955e-09,5.50230705880361e-09,4.05700873338264e-09,2.9653235757551e-09,2.71559254641871e-09,4.52240780387143e-09,3.46118350629599e-09,4.9531547689149e-09,2.66924238020488e-09,2.36819034365402e-09,2.21401733640412e-09,2.99241921292182e-09,2.58598555870309e-09,3.13361764419953e-09,3.26337427115158e-09,4.34795519707813e-09,7.90397238428779e-09,3.78305792484126e-09,7.5449188483886e-09,6.43812034892924e-09,5.56902736394554e-09,8.42870190223363e-09,2.08787111871444e-08,8.76350128706993e-09,1.64631456559416e-08,1.50030044948505e-08,9.5457182550786e-09,2.40873903065669e-08,1.01391224421478e-08,1.85298218801142e-08,1.88305344351778e-08,1.50766020106107e-08,2.94542677422134e-08,1.15465458400422e-08,5.8226902211109e-09,2.27813818523074e-08,1.06614242356752e-08,2.00534140473504e-08,9.82772712870512e-09,4.91213921994011e-09,4.24201310952811e-09,9.07733695832524e-09,4.81085137568994e-09,8.55328367824047e-09,4.21234132695885e-09,3.62373601572251e-09,2.74934524387501e-09,4.21116947640583e-09,3.78589924891103e-09,4.24882600653203e-09,3.07625862663261e-09,2.43885353951594e-09,2.30863530433739e-09,3.36301217829181e-09,2.83906548186379e-09,3.88026040215089e-09,2.2841929347351e-09,2.02667908682098e-09,2.01826001611287e-09,2.51422060404311e-09,2.46927637809142e-09,2.74487534557603e-09
