4.4391294633652e-08,2.12531731574057e-08,1.14327460636293e-08,3.54857496871013e-08,1.96028232267124e-08,3.32700840829101e-08,1.91561985760192e-08,1.01583142848821e-08,9.63011941737669e-09,1.75028790598885e-08,1.07802407872178e-08,1.71659717045865e-08,9.230413199801e-09,9.09020764976445e-09,7.03153084820743e-09,9.87134959440409e-09,1.00920771199839e-08,1.06549951572781e-08,8.3232654088111e-09,6.59474539270619e-09,4.65271415766033e-09,9.43163179551536e-09,6.47901267903944e-09,9.35036202640884e-09,6.29053938375461e-09,4.33469656517081e-09,3.72846750076596e-09,6.07230272943353e-09,4.52478340946449e-09,6.19526376168181e-09,4.20268906199054e-09,3.64587207707257e-09,3.35136716097006e-09,4.3827283480173e-09,4.27078475202033e-09,5.21095119526929e-09,3.22170155753312e-09,2.95837196738695e-09,3.08773607865809e-09,3.77044184242604e-09,3.61464849890267e-09,4.39986440349843e-09,2.71918358344595e-09,2.53703491287942e-09,2.54242576738983e-09,3.1237486434706e-09,3.27354060443865e-09,3.76351238307809e-09,3.53165860086069e-08,1.63965078332259e-08,8.82278201720314e-09,2.9595700373641e-08,1.52372252985475e-08,2.77271463387432e-08,1.45950416351376e-08,7.86404454563559e-09,7.10153922700913e-09,1.35534625431823e-08,8.52625131402768e-09,1.38846441090274e-08,7.30337840601897e-09,6.60048600206917e-09,4.90874314952002e-09,7.87081655953459e-09,7.30396951569786e-09,7.96269715064125e-09,5.90283683772223e-09,4.55838109277323e-09,3.47597728129419e-09,6.7775424729395e-09,4.59391688167693e-09,6.77858391073372e-09,4.23655356591356e-09,3.19193555369378e-09,2.66589306732942e-09,4.2463339131632e-09,3.78003686891715e-09,4.74981557160511e-09,3.1180966965904e-09,2.69505442004331e-09,2.46510332805677e-09,3.80859670828394e-09,3.21187854025805e-09,4.25106718317104e-09,2.33988095723521e-09,2.16259413187329e-09,2.47346450229711e-09,2.91386590292866e-09,2.662853795962e-09,3.36669015554284e-09,1.95780454860037e-09,2.02747384273017e-09,2.14641961072529e-09,2.35561388173232e-09,2.54228353850028e-09,2.82276934151596e-09
2.12531731574057e-08,6.15223386409481e-08,2.54873242841937e-08,4.0681509869526e-08,4.95225954012845e-08,3.26243782657743e-08,5.52133562280703e-08,2.24373971750821e-08,1.23806049884192e-08,4.44185765889988e-08,2.07158359030877e-08,4.11073154451797e-08,2.02177804263255e-08,1.12898764609899e-08,1.18657472687836e-08,1.85796433465774e-08,1.17160046146672e-08,1.81659361870575e-08,1.02251345325899e-08,1.09214598942025e-08,6.13378268751104e-09,1.04313392440935e-08,1.10936476502554e-08,1.03864166719006e-08,1.03114734602524e-08,5.79777092376423e-09,4.70397745433431e-09,1.03521950093034e-08,6.1594504694257e-09,1.03850779576718e-08,5.62501172076244e-09,4.57094075463789e-09,4.43048868049392e-09,5.94077784958597e-09,5.66513996474207e-09,7.45942510670244e-09,4.0775936826721e-09,4.00630062472736e-09,3.97184542120135e-09,5.08952027303499e-09,4.8120756534619e-09,5.84898108896816e-09,3.90008181948471e-09,3.61742170566287e-09,3.4639593428302e-09,4.57691206712311e-09,4.30943425389697e-09,5.20550616664387e-09,1.60220727656612e-08,4.56115824048817e-08,1.97505276374554e-08,3.12230085339974e-08,3.81664809003914e-08,2.6161190897264e-08,4.07197037312019e-08,1.74620878945402e-08,9.50198975449298e-09,3.42238167526651e-08,1.70246086672906e-08,3.31137098089103e-08,1.59841396533349e-08,8.49048577432298e-09,8.14273412125582e-09,1.52761152135473e-08,9.00055579688217e-09,1.50307083875218e-08,7.75249284107989e-09,7.61838147367213e-09,4.3916699028622e-09,8.01708347656539e-09,7.92894549868197e-09,8.03558377596591e-09,7.22134203275538e-09,4.14810687876531e-09,3.19195211697966e-09,7.49729885857255e-09,4.82026778594268e-09,7.3477409091286e-09,4.05428226520123e-09,3.14462872123411e-09,3.25247198474252e-09,4.67464591929297e-09,4.09868451175099e-09,5.75518217699788e-09,2.66450104452668e-09,2.89188128335169e-09,3.17959111326517e-09,3.66437082310813e-09,3.69299219811458e-09,4.31690895128434e-09,2.81275776987232e-09,2.90554334003393e-09,2.86747641035651e-09,3.48815240118505e-09,3.45526570392983e-09,4.10160228457856e-09
1.14327460636293e-08,2.54873242841937e-08,5.35850217176767e-08,2.16254344952834e-08,4.41383173415816e-08,3.79386141126428e-08,2.24461311568133e-08,4.66277546689012e-08,2.14967190038979e-08,3.80962578109574e-08,3.80300688467335e-08,3.10596454275962e-08,4.25392864916093e-08,1.94743711248329e-08,1.0415333675334e-08,3.42869630385894e-08,1.87708733205196e-08,3.24038861293394e-08,1.75006528964176e-08,9.23542470458007e-09,8.17444716471848e-09,1.67332138838854e-08,9.00568082727131e-09,1.57038473555028e-08,8.56021856662414e-09,7.92022884263886e-09,5.15315459914611e-09,8.37606448425739e-09,8.04590402590062e-09,8.38555680428477e-09,7.6129315005756e-09,4.99067650237935e-09,4.65776604191999e-09,7.77713561688972e-09,5.92746654462368e-09,9.29043601915439e-09,4.65010625678901e-09,4.15390847461917e-09,3.77677175622806e-09,5.45639055263312e-09,4.76554866444155e-09,5.96350925252091e-09,4.15023136152987e-09,3.69818785430804e-09,3.72166550952443e-09,4.85451694778876e-09,4.50095042357432e-09,5.73623048564429e-09,8.34965026752868e-09,1.87324206794393e-08,3.76913365520541e-08,1.63074185528231e-08,3.21868282136312e-08,2.78259371588727e-08,1.64079888032793e-08,3.34869698517819e-08,1.73165765480378e-08,2.80815438941264e-08,2.93518302092635e-08,2.50211408910616e-08,3.09521930509831e-08,1.55982128409584e-08,7.83025167530558e-09,2.65679454341566e-08,1.44657158277126e-08,2.4710080366669e-08,1.40752156757499e-08,7.15352851284956e-09,5.42351071289302e-09,1.31088719990421e-08,7.02045506547751e-09,1.26258036797801e-08,6.56051148174988e-09,5.19362884080439e-09,3.60924663123638e-09,6.52099122639278e-09,5.73275046598872e-09,6.49034665298846e-09,4.99846702254813e-09,3.47231971522373e-09,3.44572130639346e-09,5.56343389562537e-09,4.18595420913821e-09,6.79367836338363e-09,3.1871620267144e-09,3.11557785907498e-09,2.96492134535514e-09,3.7927092987715e-09,3.68903590370891e-09,4.32009099941933e-09,3.08645925439139e-09,2.90412656124523e-09,2.98173956976217e-09,3.84217816586447e-09,3.64381444401043e-09,4.45379067009817e-09
3.54857496871013e-08,4.0681509869526e-08,2.16254344952834e-08,5.91873797396163e-08,3.23186308113041e-08,4.8069994801669e-08,3.62166904821714e-08,1.88538951389902e-08,1.10948029976529e-08,2.86762266575176e-08,1.78508001514438e-08,2.61457085117049e-08,1.68865333670583e-08,1.01664724888217e-08,1.19560190910976e-08,1.60351581600248e-08,1.10188824691638e-08,1.62275379081011e-08,9.18203410280374e-09,1.10675414038906e-08,6.21085825854464e-09,9.98780981812164e-09,1.11854545079846e-08,9.42345080242689e-09,1.04224494268008e-08,5.84445115668635e-09,4.5292756316246e-09,1.03918313970114e-08,6.13872632170522e-09,1.0686064230524e-08,5.65226821098611e-09,4.44254376824511e-09,4.19975980939963e-09,5.93399719565421e-09,5.25160075465663e-09,7.20958538151086e-09,3.90895379058299e-09,3.76638665498695e-09,4.23507778147081e-09,4.67330701847478e-09,4.90552951280683e-09,5.66604448763966e-09,3.70332202685926e-09,3.75856579409927e-09,3.54861011712004e-09,4.57844435343088e-09,4.50219969537389e-09,5.42256279595392e-09,2.77423978399944e-08,3.06373252911636e-08,1.70979584040982e-08,4.64114315990947e-08,2.57786053037324e-08,3.9253890692162e-08,2.6895117097641e-08,1.49842327561093e-08,8.24709066031994e-09,2.27872847507979e-08,1.4335980638788e-08,2.15539282799565e-08,1.36965672682411e-08,7.34259412745934e-09,7.62034927161262e-09,1.29822259142486e-08,8.4074605197234e-09,1.32075046488158e-08,6.71343908393753e-09,7.16610118035926e-09,4.53866924178995e-09,7.60819160465956e-09,7.53971497564245e-09,7.41688971732433e-09,6.76180334034382e-09,4.23509825459627e-09,3.17803494953077e-09,7.09668940938127e-09,4.73168305925343e-09,7.46733437480437e-09,4.15067503670183e-09,3.19257203625886e-09,3.06174526135189e-09,4.66185595472677e-09,3.85212643276925e-09,5.57707837076183e-09,2.71223776953631e-09,2.73507120777718e-09,3.32598049318506e-09,3.45372274774096e-09,3.73125026583648e-09,4.16450926957834e-09,2.50201507379333e-09,2.91503479500049e-09,2.70325764591927e-09,3.44863958924249e-09,3.50025470717954e-09,4.2018603396618e-09
1.96028232267124e-08,4.95225954012845e-08,4.41383173415816e-08,3.23186308113041e-08,7.32880603093081e-08,5.12345739958452e-08,4.44232457668354e-08,3.80881795085734e-08,2.04416095091727e-08,6.4382427125696e-08,3.13237250394373e-08,5.5261881908425e-08,3.4660269443302e-08,1.84359231635507e-08,1.1151268249687e-08,2.8202947632106e-08,1.76595297314724e-08,2.60800695667477e-08,1.66646666724317e-08,9.96943728118528e-09,9.12264812977624e-09,1.57768664803265e-08,9.98411483071546e-09,1.51534883450195e-08,9.2863925606896e-09,8.76016394435923e-09,5.71433044770523e-09,9.24790576876839e-09,8.90348594397176e-09,9.10383163980007e-09,8.48047420238632e-09,5.56465698890117e-09,4.97381340995292e-09,8.63081314174134e-09,6.76291850238526e-09,1.06438118789412e-08,5.11358261672515e-09,4.36564860346323e-09,4.40568439718458e-09,6.05204288312153e-09,5.32852097969938e-09,6.81569353474606e-09,4.47822328360286e-09,4.27852091070178e-09,4.19772323946685e-09,5.41828836284387e-09,5.20344563117787e-09,6.29870901386625e-09,1.47838901602571e-08,3.69074675181399e-08,3.25444448613363e-08,2.5162730304426e-08,5.49690273679496e-08,3.95362710234238e-08,3.28800347846459e-08,2.87474131397247e-08,1.64764846885998e-08,4.86383524331468e-08,2.54389966102406e-08,4.4010123829055e-08,2.65681942198128e-08,1.47717918066063e-08,8.15988310375668e-09,2.28810525493401e-08,1.34388813322222e-08,2.08382134125328e-08,1.34001819277697e-08,7.44908362099685e-09,6.16711308998576e-09,1.22041403965579e-08,7.61330477471697e-09,1.21642529985535e-08,6.89475219036857e-09,5.84856967536781e-09,3.9464220530945e-09,7.05973699736369e-09,6.75215585258152e-09,7.00654410131087e-09,5.68343175566328e-09,3.85806188553442e-09,3.73321518161245e-09,6.57908921164639e-09,4.87363494023066e-09,8.0644685725386e-09,3.49668661964138e-09,3.20953924145302e-09,3.5990358140194e-09,4.21979213145019e-09,4.24164185209572e-09,5.00479919028314e-09,3.34074524315209e-09,3.4537437492634e-09,3.47314761586871e-09,4.32851387855971e-09,4.17591617231671e-09,4.72958250120193e-09
3.32700840829101e-08,3.26243782657743e-08,3.79386141126428e-08,4.8069994801669e-08,5.12345739958452e-08,7.09300575952728e-08,2.89223969197073e-08,3.23544014929282e-08,1.760767134563e-08,4.44083520831452e-08,2.64024484918475e-08,3.69777182150805e-08,2.94469452989832e-08,1.59409545717751e-08,1.05380811313512e-08,2.38104006038773e-08,1.566813486078e-08,2.24554146111198e-08,1.44180451792313e-08,9.61611229037924e-09,9.58241089923143e-09,1.41216752849315e-08,9.69460430353334e-09,1.35048070487498e-08,8.92791282386854e-09,9.17971274108192e-09,5.91804784518841e-09,8.94499263878544e-09,9.3952169812897e-09,8.9290203025464e-09,8.84012615047654e-09,5.76843541828721e-09,5.07570328536792e-09,9.13134122814469e-09,6.74680514110855e-09,1.08197095186059e-08,5.26536374864021e-09,4.50597266135358e-09,4.86946205481567e-09,6.03735334174694e-09,5.70661841157315e-09,7.17378992699485e-09,4.62000344118722e-09,4.5480880606766e-09,4.39949920799737e-09,5.61755733307769e-09,5.49258158949294e-09,6.79397716386122e-09,2.63220811682359e-08,2.50552154093007e-08,2.8282559853717e-08,3.8462866270239e-08,3.94339535733868e-08,5.59275075980004e-08,2.19944561966876e-08,2.48761007876299e-08,1.39719659677203e-08,3.4541558093717e-08,2.11609278995825e-08,2.99278484713437e-08,2.2980105668923e-08,1.26562644103054e-08,7.82312444556776e-09,1.92116978786888e-08,1.22339354256318e-08,1.8039837762027e-08,1.15203050543615e-08,7.25594284763907e-09,6.65369697334879e-09,1.12267980114426e-08,7.61202394031538e-09,1.12444310942943e-08,6.66448217264407e-09,6.31883135130306e-09,4.22423708947525e-09,7.02835572284775e-09,7.03412359083049e-09,7.00308307125439e-09,6.16195062306389e-09,4.16898249302974e-09,3.96053495667425e-09,6.91269617831718e-09,4.91470065668524e-09,8.17999236223516e-09,3.73946845241977e-09,3.46736487242243e-09,4.05889389154928e-09,4.31506268003719e-09,4.64507567830549e-09,5.28394985885198e-09,3.42956156822325e-09,3.68090337335822e-09,3.55810397972362e-09,4.58313142496106e-09,4.56077379868271e-09,5.24253120333896e-09
1.91561985760192e-08,5.52133562280703e-08,2.24461311568133e-08,3.62166904821714e-08,4.44232457668354e-08,2.89223969197073e-08,7.09566320995458e-08,2.59765124235697e-08,1.33493708364994e-08,6.01006687407897e-08,2.42355523091201e-08,5.63449787337622e-08,2.32621168616495e-08,1.21824120764964e-08,1.25514207574748e-08,2.15740569732702e-08,1.26876700638984e-08,2.07835467708856e-08,1.10985311961639e-08,1.15369838327743e-08,6.86024663855495e-09,1.13295854372257e-08,1.1826136973527e-08,1.13835873980834e-08,1.08475667701356e-08,6.47503602243755e-09,5.21502308635015e-09,1.10624347874278e-08,6.91124637838785e-09,1.10618288789574e-08,6.30648059016596e-09,5.04674895463904e-09,4.91030578571454e-09,6.62647517704486e-09,6.21699779010728e-09,8.32022019335827e-09,4.5459442570078e-09,4.49073035126688e-09,4.3623590997347e-09,5.64320279974316e-09,5.31187139762084e-09,6.21678803985316e-09,4.12465057494704e-09,3.87266582079144e-09,3.68892635981464e-09,4.83440042649979e-09,4.6279539564137e-09,5.40625017714090e-09,1.44985564764913e-08,4.07197671758502e-08,1.74640729205071e-08,2.75238496163473e-08,3.4225307097084e-08,2.32446907368791e-08,5.11397192745092e-08,2.05305598248707e-08,1.04810181300327e-08,4.46083219078268e-08,2.02897690088482e-08,4.35545686540569e-08,1.88296790752377e-08,9.60317832222732e-09,8.28698298793865e-09,1.83394969756314e-08,9.91856518854688e-09,1.79200355554234e-08,8.8479905624449e-09,7.85979159250057e-09,4.76034969849002e-09,8.97477487666525e-09,8.1215004333014e-09,9.08805383867787e-09,7.37593736909316e-09,4.4844935141176e-09,3.54471392501133e-09,7.69796176917057e-09,5.34585217470553e-09,7.54549329562209e-09,4.33583666772163e-09,3.4981363216197e-09,3.52664992855272e-09,5.16045490489282e-09,4.61172184071431e-09,6.42126919142166e-09,3.02473487702078e-09,3.18356922167176e-09,3.4566848417224e-09,4.18471270078377e-09,4.11303738812871e-09,4.66327139335916e-09,3.00960077631764e-09,3.10496438053515e-09,3.20853664627176e-09,3.77394378249691e-09,3.84981601842436e-09,4.41352830229858e-09
1.01583142848821e-08,2.24373971750821e-08,4.66277546689012e-08,1.88538951389902e-08,3.80881795085734e-08,3.23544014929282e-08,2.59765124235697e-08,5.00330808036309e-08,2.26940900532594e-08,4.28562244856021e-08,4.09931069965225e-08,3.52241025051679e-08,4.55986086115534e-08,2.05126860613167e-08,1.10832513755184e-08,3.6947336182312e-08,1.97684227671031e-08,3.46506622384464e-08,1.85189652540003e-08,9.77450575906086e-09,8.97922460360673e-09,1.76860409756302e-08,9.56879336812329e-09,1.6562722362037e-08,9.02371017295965e-09,8.59078088472816e-09,5.58428320883184e-09,8.85217631456658e-09,8.75503860803778e-09,8.92381019361499e-09,8.29700578267743e-09,5.42125111345209e-09,5.09044198521535e-09,8.47550188385389e-09,6.39847884212519e-09,1.014029777687e-08,5.01308185009753e-09,4.57424434309157e-09,4.19982248150747e-09,5.87452985694365e-09,5.27547846584947e-09,6.42120052569488e-09,4.16503771873927e-09,3.82826307420276e-09,3.68022015309681e-09,4.7970405663179e-09,4.60638059334302e-09,5.61202179376547e-09,7.46260896755425e-09,1.64017601110238e-08,3.34848624784644e-08,1.39996002995972e-08,2.80749274723883e-08,2.40105803958028e-08,1.85366857374729e-08,3.64926065210055e-08,1.85088029364606e-08,3.13714834777697e-08,3.19820508481666e-08,2.81091239307048e-08,3.37000476954862e-08,1.67213200537101e-08,8.30079310096105e-09,2.90067758774495e-08,1.55159542354428e-08,2.70387083739358e-08,1.51494255243784e-08,7.58154938480885e-09,5.93722469329251e-09,1.41627239639751e-08,7.37535714344937e-09,1.36234095203828e-08,6.92131013097517e-09,5.56573768066438e-09,3.87352183153446e-09,6.80138515014013e-09,6.20230852483285e-09,6.890676016388e-09,5.39156644521594e-09,3.72158852658865e-09,3.67414667140712e-09,6.04382043483662e-09,4.59106843089248e-09,7.45729775084022e-09,3.42155758398506e-09,3.33543271605651e-09,3.19334520539901e-09,4.16606881502882e-09,4.02328838550173e-09,4.65854064195769e-09,2.99325656014695e-09,2.94328194600333e-09,3.0478826447107e-09,3.70898660007728e-09,3.82035064312184e-09,4.46097101078861e-09
9.63011941737669e-09,1.23806049884192e-08,2.14967190038979e-08,1.10948029976529e-08,2.04416095091727e-08,1.760767134563e-08,1.33493708364994e-08,2.26940900532594e-08,5.10444365991209e-08,2.19961596867191e-08,4.04529756222517e-08,3.73590701379652e-08,2.05136330448266e-08,4.6207739857294e-08,2.16548051420493e-08,3.6425888404854e-08,3.84839596980125e-08,3.07009821075716e-08,4.17106667884175e-08,1.90734891259899e-08,9.58249661840012e-09,3.47278761861022e-08,1.68091482346729e-08,3.07479573541814e-08,1.75450236201106e-08,8.63935935719558e-09,7.37000845101254e-09,1.53280252941682e-08,8.80860265795805e-09,1.48929360895684e-08,8.08353180725794e-09,7.03948419252099e-09,5.63032531272467e-09,8.29841210654939e-09,8.65557048272978e-09,9.7392559643452e-09,6.55296960529084e-09,5.05021955024302e-09,4.36344702517219e-09,7.93233278292307e-09,5.85348411677363e-09,8.24742619169869e-09,4.54296227535584e-09,3.90805845733264e-09,3.5213342406976e-09,5.27768578820329e-09,4.52531072476078e-09,5.87758291460569e-09,6.66875634705485e-09,8.97458428931669e-09,1.55941936469648e-08,7.69026341258143e-09,1.53760453193107e-08,1.31132846332297e-08,9.73852991088072e-09,1.6568566731043e-08,3.87560033106449e-08,1.64247804728315e-08,3.03419311372943e-08,2.91603990092269e-08,1.5162061054464e-08,3.49941745899547e-08,1.69156583803977e-08,2.72440669697279e-08,2.94510506192112e-08,2.32402024111965e-08,3.20827153172648e-08,1.53990691896595e-08,7.52166967907599e-09,2.69433255391708e-08,1.39315288808128e-08,2.430581447969e-08,1.41092872947226e-08,6.83173429520351e-09,5.25288661701744e-09,1.28015525410047e-08,7.40286086245901e-09,1.26797049026179e-08,6.48742416223289e-09,5.06892117583192e-09,3.93679565533491e-09,7.08538507772834e-09,6.60476914457616e-09,7.84376825057972e-09,4.6316268185836e-09,3.55969708191331e-09,3.39821296975763e-09,6.01000962484396e-09,4.35276618045664e-09,6.01974918161488e-09,3.19106127590489e-09,3.08295516256689e-09,2.90620475812551e-09,3.95140299929182e-09,3.80459181471482e-09,4.63843191099267e-09
1.75028790598885e-08,4.44185765889988e-08,3.80962578109574e-08,2.86762266575176e-08,6.4382427125696e-08,4.44083520831452e-08,6.01006687407897e-08,4.28562244856021e-08,2.19961596867191e-08,8.35716288471542e-08,3.55321291839805e-08,7.31917141893338e-08,3.87677273087837e-08,1.97351842649186e-08,1.19652597422523e-08,3.18153265913727e-08,1.90156172823713e-08,2.92996038965203e-08,1.78992729635483e-08,1.06405643198165e-08,1.0255659421468e-08,1.69711044303485e-08,1.08069046140355e-08,1.63959541682033e-08,9.9301168046695e-09,9.8431205582139e-09,6.31832455453192e-09,1.00631468097127e-08,1.00590109943804e-08,1.00725482694971e-08,9.58859515573285e-09,6.12311769191799e-09,5.68109946353915e-09,9.69048282935553e-09,7.48256865880591e-09,1.18666637224261e-08,5.62429306931412e-09,5.06940227845669e-09,5.03186611735074e-09,6.73762444555602e-09,6.09978475635907e-09,7.49220503201371e-09,4.72856190339601e-09,4.61154526428132e-09,4.39476936367123e-09,5.67411701723249e-09,5.70478294301558e-09,6.6402448830717e-09,1.32233024937593e-08,3.28767636137567e-08,2.87481225457435e-08,2.19932783611903e-08,4.86361937617124e-08,3.45917929317224e-08,4.31126983465627e-08,3.27315206938154e-08,1.80427406085909e-08,6.14038922405737e-08,2.94717664136299e-08,5.65757720260994e-08,3.01351971697427e-08,1.6287953863444e-08,8.38884942561313e-09,2.66404519694563e-08,1.46556335323368e-08,2.42835516914875e-08,1.48903801332194e-08,7.74013972130824e-09,6.92868133686281e-09,1.33980723636694e-08,8.09771050332673e-09,1.35810197265372e-08,7.14340342710825e-09,6.54522339313867e-09,4.28744314052042e-09,7.5557195952039e-09,7.55475507402859e-09,7.62031619853881e-09,6.35781284009349e-09,4.21664052181568e-09,4.05718027453577e-09,7.30780862308541e-09,5.49288473111337e-09,9.12280751836829e-09,3.83803831392e-09,3.54274775799521e-09,4.14052707744727e-09,4.83082127725292e-09,4.84966149603961e-09,5.57220366101924e-09,3.34132700280585e-09,3.82609319078327e-09,3.82984003345724e-09,4.55760197563999e-09,4.81387990617722e-09,5.1828695223227e-09
1.07802407872178e-08,2.07158359030877e-08,3.80300688467335e-08,1.78508001514438e-08,3.13237250394373e-08,2.64024484918475e-08,2.42355523091201e-08,4.09931069965225e-08,4.04529756222517e-08,3.55321291839805e-08,6.31124508506753e-08,5.39092283744807e-08,3.69488193701607e-08,3.64257879879569e-08,1.94512764438466e-08,5.6816799268964e-08,3.08176907162893e-08,4.85810551731243e-08,3.29044893224342e-08,1.69581052324164e-08,9.56609021926967e-09,2.76706319594719e-08,1.5319847534896e-08,2.4347686959757e-08,1.55238482641819e-08,8.71333172068516e-09,8.29785268173953e-09,1.3917908734553e-08,9.28488943248171e-09,1.39865906562425e-08,8.23111843408973e-09,7.99296337360584e-09,6.20261517307216e-09,8.80684986553857e-09,9.57185267394687e-09,1.02224612019004e-08,7.44284242769514e-09,5.60151375106116e-09,4.93907888984888e-09,8.89527109659933e-09,6.45132365328784e-09,9.23490904758509e-09,5.06860157682958e-09,4.39209162123933e-09,4.11032432260023e-09,5.78604395961085e-09,5.18090200030219e-09,6.64584455349827e-09,7.76465137817277e-09,1.54938736452065e-08,2.73088178582129e-08,1.31480052624802e-08,2.33594758293837e-08,1.97674872992896e-08,1.78013913562419e-08,2.98913582918767e-08,3.15302664438912e-08,2.64654441443114e-08,4.79836640214308e-08,4.24155992819008e-08,2.73838374450281e-08,2.83409077982601e-08,1.54980721322693e-08,4.32369822759319e-08,2.46747951362214e-08,3.78706521774478e-08,2.61356698370229e-08,1.40565954868748e-08,7.55241086165836e-09,2.25632613686017e-08,1.28861517397994e-08,2.0413158927561e-08,1.2718059375333e-08,6.9420962021122e-09,5.62762185904104e-09,1.17294210886262e-08,7.60836749599994e-09,1.17758925983458e-08,6.56858891352888e-09,5.4785935865765e-09,4.67651325747101e-09,7.24738223979713e-09,7.12107062091701e-09,8.44578313093853e-09,5.01524305284536e-09,4.25734194544745e-09,3.80106401020061e-09,6.53104869437087e-09,4.82854303245319e-09,6.51992654124191e-09,3.85397713182196e-09,3.39958217316775e-09,3.49725234155308e-09,4.34451037895894e-09,4.44938488739994e-09,5.37632927221983e-09
1.71659717045865e-08,4.11073154451797e-08,3.10596454275962e-08,2.61457085117049e-08,5.5261881908425e-08,3.69777182150805e-08,5.63449787337622e-08,3.52241025051679e-08,3.73590701379652e-08,7.31917141893338e-08,5.39092283744807e-08,9.80999976739368e-08,3.14920841807018e-08,3.3343574150586e-08,1.8998980261391e-08,4.83332695020836e-08,2.83821951354638e-08,4.09896744991844e-08,3.01147813031167e-08,1.64740602925828e-08,9.80790788486211e-09,2.52750038211857e-08,1.4990781860909e-08,2.28940664282931e-08,1.52408086817347e-08,9.14045571797047e-09,8.99821935496422e-09,1.38714142394178e-08,9.74831474502289e-09,1.39257691888871e-08,8.7563024990162e-09,8.6561021708479e-09,6.61319576814694e-09,9.21630130548313e-09,1.04589224935391e-08,1.11584245323167e-08,7.98354678977993e-09,5.8992608918021e-09,5.39149971804222e-09,9.60845396957468e-09,6.94707360596019e-09,1.01185718878089e-08,5.53661373431498e-09,5.02061243256849e-09,4.58052172997093e-09,6.52317835208855e-09,6.0334888853167e-09,7.42728182627334e-09,1.29374303197569e-08,3.09593990082894e-08,2.33892889868087e-08,2.02696235531909e-08,4.1993907123568e-08,2.88909029781125e-08,4.12739067009341e-08,2.70531884967229e-08,2.95471599442825e-08,5.40036427909964e-08,4.31410432226268e-08,7.56539116695232e-08,2.47078555201274e-08,2.64895933061596e-08,1.48395804986729e-08,3.89148970144999e-08,2.27020066230121e-08,3.3742998601695e-08,2.44853168810338e-08,1.34494353604782e-08,7.49607481690076e-09,2.07013950075747e-08,1.25223573346076e-08,1.92243306444934e-08,1.22756436813106e-08,7.00462617574267e-09,6.10117733223283e-09,1.16054549636088e-08,7.95937629525382e-09,1.17099628159777e-08,6.66443682107243e-09,6.02695695252839e-09,4.88538535571405e-09,7.53131623933532e-09,7.86906939547042e-09,9.22776809715745e-09,5.43579294713166e-09,4.29618019142699e-09,4.41436826507145e-09,7.10701570289786e-09,5.23560730668522e-09,7.16572400540562e-09,4.13193095992845e-09,4.16594269351457e-09,4.06769738778798e-09,4.9696422029379e-09,5.27664921023540e-09,5.86620090871875e-09
9.230413199801e-09,2.02177804263255e-08,4.25392864916093e-08,1.68865333670583e-08,3.4660269443302e-08,2.94469452989832e-08,2.32621168616495e-08,4.55986086115534e-08,2.05136330448266e-08,3.87677273087837e-08,3.69488193701607e-08,3.14920841807018e-08,5.20676051012079e-08,2.28439011696594e-08,1.21606809641923e-08,4.17479074114419e-08,2.1853385867323e-08,3.89549474797199e-08,2.04461823202353e-08,1.07637503793183e-08,1.01293064052592e-08,1.94298635823472e-08,1.07250455147794e-08,1.82772851332878e-08,9.96127130265962e-09,9.69281457271273e-09,6.35442293455209e-09,9.95750532478629e-09,9.76988850141465e-09,1.0188381893892e-08,9.34675150601327e-09,6.10099146039809e-09,5.6016474908672e-09,9.46034465206385e-09,7.13169637489517e-09,1.10236889837733e-08,5.6103951593107e-09,5.01514704607039e-09,4.86995789855507e-09,6.4968780383672e-09,5.90502952594804e-09,7.21568531424776e-09,4.43749351241748e-09,4.21603639427477e-09,3.93875377296454e-09,5.18981403449839e-09,4.9884075781999e-09,6.0300363564502e-09,6.88421633363916e-09,1.48391398315089e-08,3.09455449090769e-08,1.26242337899128e-08,2.58748026735583e-08,2.21246596029088e-08,1.67594536062927e-08,3.36988042309558e-08,1.6721950830173e-08,2.88224816468124e-08,2.90081081407328e-08,2.53047767186609e-08,3.86504925678424e-08,1.87122207669997e-08,9.13472613345305e-09,3.2924005160991e-08,1.72397522290579e-08,3.0810079208491e-08,1.68985983973795e-08,8.33730722490201e-09,6.67289255309101e-09,1.56907357012008e-08,7.97415983174129e-09,1.49556899452953e-08,7.6365406714557e-09,6.2787472506806e-09,4.24155467096179e-09,7.36374427439656e-09,6.73870283492732e-09,7.61373801158684e-09,6.05632049084043e-09,4.10954789230109e-09,4.10909351883131e-09,6.5136554571895e-09,5.04651191391873e-09,7.84987932858619e-09,3.74773479484218e-09,3.71305799748019e-09,3.84514823476065e-09,4.5575515021236e-09,4.60837237874015e-09,5.27757081054264e-09,3.26550162975755e-09,3.32356630140812e-09,3.14325346426571e-09,4.04353370490927e-09,4.2070964437371e-09,4.8306111470265e-09
9.09020764976445e-09,1.12898764609899e-08,1.94743711248329e-08,1.01664724888217e-08,1.84359231635507e-08,1.59409545717751e-08,1.21824120764964e-08,2.05126860613167e-08,4.6207739857294e-08,1.97351842649186e-08,3.64257879879569e-08,3.3343574150586e-08,2.28439011696594e-08,5.12012012418004e-08,2.35520871733302e-08,4.012089513539e-08,4.2569550558168e-08,3.37118763227955e-08,4.54248450380339e-08,2.0573801644724e-08,1.06969370051902e-08,3.77582675602018e-08,1.83654078840568e-08,3.35217597628961e-08,1.89656983673764e-08,9.69190630652037e-09,8.11197651902771e-09,1.6801425120169e-08,9.73121249373336e-09,1.62312667847261e-08,8.92962916595835e-09,7.74609129370688e-09,5.99289528989312e-09,9.08906211144703e-09,9.38584169650108e-09,1.04517997113491e-08,7.12723199724335e-09,5.31109051466154e-09,4.76289795552624e-09,8.4977619041566e-09,6.19158397895989e-09,8.87591857090789e-09,4.77378743725306e-09,4.18239446982085e-09,3.65721885387285e-09,5.53800733821317e-09,4.74959026663603e-09,6.06802915943155e-09,6.34856202074349e-09,7.98683003700679e-09,1.43280809790491e-08,6.92425695159797e-09,1.40449393882064e-08,1.20536162208874e-08,8.75352017451962e-09,1.51605966905567e-08,3.49940406175722e-08,1.49439830362215e-08,2.72440407488543e-08,2.58371470546597e-08,1.67395623189107e-08,3.8878997698207e-08,1.82559382401032e-08,2.97321217690911e-08,3.26568469316232e-08,2.54342841302912e-08,3.51882726387024e-08,1.65406758985875e-08,8.28185005969816e-09,2.94195119350319e-08,1.50466503666595e-08,2.64847622352102e-08,1.51843931623843e-08,7.58581487813683e-09,5.73917001318052e-09,1.38313941312604e-08,7.92849322139454e-09,1.36582238152485e-08,7.1482641130118e-09,5.55972258146639e-09,4.17070485253043e-09,7.68316496660054e-09,7.14797677361986e-09,8.33979570185093e-09,5.01924719810964e-09,3.70748804403448e-09,3.69611128449705e-09,6.40881381409959e-09,4.61742193214927e-09,6.51626358252619e-09,3.31849380144425e-09,3.28766106895102e-09,2.97087184701053e-09,4.14105827760015e-09,3.93497894877182e-09,4.76577184679154e-09
7.03153084820743e-09,1.18657472687836e-08,1.0415333675334e-08,1.19560190910976e-08,1.1151268249687e-08,1.05380811313512e-08,1.25514207574748e-08,1.10832513755184e-08,2.16548051420493e-08,1.19652597422523e-08,1.94512764438466e-08,1.8998980261391e-08,1.21606809641923e-08,2.35520871733302e-08,5.63813396066824e-08,2.11651926546164e-08,4.23012762980266e-08,3.80332186725022e-08,2.05761966388667e-08,4.87068080731978e-08,2.11215850020907e-08,3.62584872042743e-08,3.89367923692933e-08,2.8586939872732e-08,4.50206174932641e-08,1.91569122335707e-08,9.5709841220011e-09,3.55240429683083e-08,1.77709221703504e-08,3.27269127372625e-08,1.75890992455317e-08,8.86092182356242e-09,9.66340268564323e-09,1.64406135046386e-08,1.05906450335827e-08,1.77171571960177e-08,7.68701902647698e-09,8.23022304061928e-09,5.51941306706639e-09,8.89876389823192e-09,8.99411761923322e-09,9.39134444278667e-09,7.6044317560882e-09,4.79917858263033e-09,3.82224450859915e-09,8.13770951249597e-09,5.23349005871271e-09,8.70321769186638e-09,4.84227168829658e-09,7.90055807279057e-09,7.22283938451852e-09,7.49778768126109e-09,7.37019880463075e-09,7.01116523890595e-09,8.48517151468276e-09,7.82868738483349e-09,1.50515993829354e-08,8.03113597251364e-09,1.37366776813487e-08,1.35907012933232e-08,8.56819631669878e-09,1.65169331890028e-08,3.95165489466737e-08,1.4717069930585e-08,2.97626795207457e-08,2.60301568948267e-08,1.49892500303136e-08,3.51200289518171e-08,1.62711990439088e-08,2.59751670991821e-08,2.92177229033173e-08,2.19650803267891e-08,3.25023729913829e-08,1.49213326340642e-08,6.95983346621778e-09,2.70471189531262e-08,1.3606237832995e-08,2.47101982780962e-08,1.393428050834e-08,6.5875162105067e-09,6.47856165288106e-09,1.29415831011222e-08,8.25785875749496e-09,1.41904109614359e-08,5.74511754054678e-09,5.57984014924243e-09,4.34758630640747e-09,7.0245958879157e-09,6.35016216698279e-09,7.42617819505156e-09,5.15888730687683e-09,3.87551560227257e-09,3.07302478004783e-09,5.79451759572737e-09,4.2691681293217e-09,6.15693772973715e-09
9.87134959440409e-09,1.85796433465774e-08,3.42869630385894e-08,1.60351581600248e-08,2.8202947632106e-08,2.38104006038773e-08,2.15740569732702e-08,3.6947336182312e-08,3.6425888404854e-08,3.18153265913727e-08,5.6816799268964e-08,4.83332695020836e-08,4.17479074114419e-08,4.012089513539e-08,2.11651926546164e-08,6.35191938933247e-08,3.37024924194526e-08,5.4034733011987e-08,3.58360178776258e-08,1.83816856807401e-08,1.0621698545191e-08,3.00290086984767e-08,1.67264835277794e-08,2.65271868787643e-08,1.68897526021727e-08,9.64242729055054e-09,9.13583392756265e-09,1.52514376368512e-08,1.03076034220685e-08,1.53871164725321e-08,9.01707216248387e-09,8.792884114438e-09,6.76543852541172e-09,9.67587965530699e-09,1.03772827994547e-08,1.10318334065009e-08,8.08315134293804e-09,6.01733243865907e-09,5.54616884174209e-09,9.49699289240113e-09,7.04781424394922e-09,1.00407478065137e-08,5.43673596813292e-09,4.86471072512619e-09,4.36722641325769e-09,6.25465675935545e-09,5.6674472134629e-09,7.14667374542271e-09,7.18175463497537e-09,1.36628909305602e-08,2.49739706531648e-08,1.16523272080983e-08,2.12334436303378e-08,1.80913904034832e-08,1.58145581090853e-08,2.73814120684753e-08,2.83407648542774e-08,2.41276922100429e-08,4.32370824796439e-08,3.80441179022109e-08,3.11411576342079e-08,3.1435635861333e-08,1.6794416313724e-08,4.83889205792246e-08,2.70768824592761e-08,4.22917894281649e-08,2.86948605893561e-08,1.51731902749425e-08,8.23647064677761e-09,2.45145154262741e-08,1.39814547818872e-08,2.21337772775579e-08,1.37776963432136e-08,7.54725919995195e-09,6.15441958202098e-09,1.27478791455727e-08,7.98716237783879e-09,1.27222191473994e-08,7.14769162300696e-09,6.01239037601593e-09,5.14696314482914e-09,7.70007580572291e-09,7.72785004356508e-09,8.94380909673934e-09,5.4190126310209e-09,4.61476890309582e-09,4.31482766552212e-09,6.99623405301932e-09,5.36117824169401e-09,7.17709625103347e-09,4.1721733088462e-09,3.80120036231625e-09,3.58014254603646e-09,4.72482797821027e-09,4.91034403670396e-09,5.82211005276508e-09
1.00920771199839e-08,1.17160046146672e-08,1.87708733205196e-08,1.10188824691638e-08,1.76595297314724e-08,1.566813486078e-08,1.26876700638984e-08,1.97684227671031e-08,3.84839596980125e-08,1.90156172823713e-08,3.08176907162893e-08,2.83821951354638e-08,2.1853385867323e-08,4.2569550558168e-08,4.23012762980266e-08,3.37024924194526e-08,6.64315769704413e-08,5.39585615795944e-08,3.77612003291863e-08,3.62578086619461e-08,1.90842499591946e-08,5.80443404823459e-08,2.8821807659217e-08,4.70606041196264e-08,3.36359195919924e-08,1.73405186602836e-08,9.70332795151461e-09,2.63786595820846e-08,1.62347969825904e-08,2.42788681483083e-08,1.58990469231513e-08,8.99105649611525e-09,9.89372611310675e-09,1.48784357906468e-08,1.07365709501166e-08,1.60038821696051e-08,7.85266180050761e-09,8.38968951508916e-09,5.83417516300365e-09,9.06135106247766e-09,9.90897540665721e-09,1.01444908336424e-08,7.64552897219378e-09,5.11316214890134e-09,4.05280065620004e-09,8.90127239628036e-09,5.42074353866463e-09,9.37187141384832e-09,7.06356938547965e-09,8.35403417472103e-09,1.38123688028285e-08,7.54507207702109e-09,1.35091847863898e-08,1.18811582459342e-08,9.06423649516867e-09,1.45878016056464e-08,2.89295991758275e-08,1.44175328996673e-08,2.27004862810876e-08,2.1729997822172e-08,1.61044380972175e-08,3.21466563985215e-08,3.06806846067493e-08,2.46356288673446e-08,4.89420762321154e-08,3.82683295628396e-08,2.8899332771139e-08,2.7300516705681e-08,1.46228091811208e-08,4.35150515974631e-08,2.30296600812015e-08,3.71012209744426e-08,2.52369165529582e-08,1.35224864247093e-08,7.28413917481419e-09,2.12163970107599e-08,1.26827289312279e-08,1.96040462149285e-08,1.27467446483045e-08,6.81713398460877e-09,6.56278093626819e-09,1.21930933985626e-08,8.34893155351108e-09,1.29598946741309e-08,5.92586324494604e-09,5.52555085849477e-09,4.55151113513446e-09,7.09855006845475e-09,6.87256698747112e-09,7.95673258120867e-09,5.02107402401734e-09,4.0457504917109e-09,3.08966172623478e-09,6.24273939977555e-09,4.38021928640071e-09,6.63297921834859e-09
1.06549951572781e-08,1.81659361870575e-08,3.24038861293394e-08,1.62275379081011e-08,2.60800695667477e-08,2.24554146111198e-08,2.07835467708856e-08,3.46506622384464e-08,3.07009821075716e-08,2.92996038965203e-08,4.85810551731243e-08,4.09896744991844e-08,3.89549474797199e-08,3.37118763227955e-08,3.80332186725022e-08,5.4034733011987e-08,5.39585615795944e-08,7.9233263443167e-08,3.00548180423725e-08,3.23283263941219e-08,1.78138445487551e-08,4.70175062310988e-08,2.57299308192541e-08,3.7844617642357e-08,3.00488153592479e-08,1.6269007158419e-08,1.03263424747798e-08,2.36597855195383e-08,1.58350683821222e-08,2.24128488216145e-08,1.49182992536899e-08,9.62906178445159e-09,1.04015674348392e-08,1.4569822199489e-08,1.10138069516109e-08,1.55532285040423e-08,8.45356155935608e-09,9.17535500989919e-09,6.40400062050022e-09,9.36095271226934e-09,1.08281690953971e-08,1.06595489385665e-08,8.25523624978036e-09,5.47149292359094e-09,4.61743468326573e-09,9.51753270977477e-09,5.95601723362683e-09,1.02722481158533e-08,7.61658606261891e-09,1.32990450489061e-08,2.34148053838215e-08,1.16136005006983e-08,1.96983841816302e-08,1.72210005958245e-08,1.54591309320792e-08,2.55066632540605e-08,2.37143943260357e-08,2.2002940654389e-08,3.62389139042666e-08,3.21747652800844e-08,2.90260583734375e-08,2.61840578285143e-08,2.71961353935546e-08,4.05007383870684e-08,4.04782749387069e-08,5.83115566549386e-08,2.35406401131781e-08,2.41987314975952e-08,1.40190516316357e-08,3.61056540207142e-08,2.08519100509049e-08,3.09991321388131e-08,2.23258064727858e-08,1.29877463346279e-08,7.45007213336656e-09,1.92135800180049e-08,1.24053038596566e-08,1.78754832968794e-08,1.21188476856873e-08,7.0727565964429e-09,7.15994550711584e-09,1.18834111259748e-08,8.27999434684068e-09,1.27355319310625e-08,6.07845064466346e-09,6.35365288765544e-09,4.88024680103194e-09,7.0518104761819e-09,7.47832311956649e-09,8.09589427546099e-09,5.65728216543011e-09,4.20075660107297e-09,3.4418664371542e-09,6.6482407144728e-09,4.75138345407745e-09,7.26747043881883e-09
8.3232654088111e-09,1.02251345325899e-08,1.75006528964176e-08,9.18203410280374e-09,1.66646666724317e-08,1.44180451792313e-08,1.10985311961639e-08,1.85189652540003e-08,4.17106667884175e-08,1.78992729635483e-08,3.29044893224342e-08,3.01147813031167e-08,2.04461823202353e-08,4.54248450380339e-08,2.05761966388667e-08,3.58360178776258e-08,3.77612003291863e-08,3.00548180423725e-08,5.41655072239292e-08,2.34052442886446e-08,1.18287983665945e-08,4.47792547705205e-08,2.08219194731288e-08,3.97343939020585e-08,2.15239748049655e-08,1.06632970923e-08,9.71747512934651e-09,1.90200561109397e-08,1.09122164809936e-08,1.85003525870175e-08,9.81157127163160e-09,9.2173826319973e-09,6.86405533788544e-09,1.01045928037989e-08,1.09249565917294e-08,1.14048944966271e-08,8.37331110074979e-09,6.03497438624161e-09,5.39033191668637e-09,9.83577891113796e-09,6.93580815811489e-09,1.020403497779e-08,5.3789043053419e-09,4.7850543829876e-09,4.09052303324213e-09,6.22563438079682e-09,5.27888265150017e-09,6.59513734233301e-09,5.74340272551549e-09,7.17164488002824e-09,1.31190931874745e-08,6.30662793403061e-09,1.28039853484199e-08,1.10753437077676e-08,7.89203756165738e-09,1.39206055578717e-08,3.20808660269022e-08,1.36715232658147e-08,2.53559394996604e-08,2.39261233399857e-08,1.53587412589598e-08,3.51867285892174e-08,1.65395608895648e-08,2.76238683390155e-08,2.94190210942664e-08,2.3274173567387e-08,4.28767395410869e-08,1.90856378332916e-08,9.17668669740127e-09,3.52239077728189e-08,1.73644381353419e-08,3.21112108739799e-08,1.74465478509432e-08,8.42688075803305e-09,6.80879496118194e-09,1.58764905108503e-08,8.81951919837242e-09,1.56670761638979e-08,7.92281616594886e-09,6.53752737495566e-09,4.79258961752167e-09,8.42919870272126e-09,8.43112758288828e-09,9.27007898530116e-09,5.61599524989299e-09,4.24840549798344e-09,4.11525721329865e-09,7.3737554109931e-09,5.07936534504683e-09,7.33804149262766e-09,3.75067218789576e-09,3.68091191440529e-09,3.32505645130662e-09,4.5562096491087e-09,4.4960630832016e-09,5.2897084069098e-09
