2.91942435629843e-08,1.43993011700264e-08,8.26795256349634e-09,2.29805532573217e-08,1.38191265753221e-08,2.16260155695432e-08,1.23705631333168e-08,6.78592712897949e-09,7.35144861528754e-09,1.19057676458169e-08,7.22911390479208e-09,1.20555354330345e-08,5.57137828754431e-09,6.24354004109595e-09,4.19022352803626e-09,6.01676291600698e-09,6.9948289494654e-09,6.9587072615446e-09,5.30175527632807e-09,3.47718093444567e-09,2.70654749973887e-09,5.89690262055438e-09,3.7028451535525e-09,6.27536166201082e-09,3.19187513993278e-09,2.5625938131728e-09,2.47641983161119e-09,3.38015499511132e-09,3.04138575556037e-09,3.60604864608957e-09,2.55868424311961e-09,2.1979336582228e-09,1.78801881384963e-09,2.87385823581806e-09,2.507295380655e-09,3.10205426928779e-09,1.87440998048843e-09,1.55594604266009e-09,1.56901547234775e-09,2.10327538842714e-09,1.86111340102803e-09,2.32756713263493e-09,1.5187670659872e-09,1.4925428018479e-09,1.58510855329897e-09,1.81848118211682e-09,1.80700663738163e-09,2.17371430576851e-09,1.27797126353616e-08,6.54612660219162e-09,2.06539012739609e-09,1.11177486404906e-08,5.86407229732841e-09,9.92832632341985e-09,5.02153047360108e-09,1.99694050534365e-09,2.8835507053126e-09,5.01155130793787e-09,2.39991654415106e-09,5.03558746432395e-09,1.79055044853849e-09,2.39876181257072e-09,1.81797550557148e-09,1.97664948187892e-09,2.66775390507595e-09,2.33933449916778e-09,1.9412351622494e-09,1.4198538334588e-09,9.47795888948783e-10,2.35481174934814e-09,1.4805920823859e-09,2.34436046370079e-09,1.19193481409565e-09,9.23115414815844e-10,8.31470945641711e-10,1.40933595775027e-09,9.69294567370197e-10,1.50693969085331e-09,8.680544241572e-10,5.08030446749742e-10,7.25497312332113e-10,7.82024877985446e-10,6.88311695396427e-10,1.08057268118266e-09,4.72681857790501e-10,6.78485993875972e-10,5.06587903898368e-10,5.47468504578668e-10,7.20030539382362e-10,6.01639297310139e-10,6.92691045224582e-10,3.95709564166182e-10,6.45685914575457e-12,8.17003620499406e-10,4.70832831548342e-10,6.33721840459131e-10
1.43993011700264e-08,4.60154550406325e-08,1.79971792801744e-08,2.81879154366345e-08,3.9652583521516e-08,2.26043852639508e-08,3.98005328819875e-08,1.49110135109791e-08,8.87006045915049e-09,3.43086242655908e-08,1.4110656858002e-08,3.40437576867969e-08,1.2841161426538e-08,7.52494532465078e-09,8.18313046415659e-09,1.21605309675419e-08,8.60386467331855e-09,1.29665548612216e-08,6.06627226798106e-09,6.87776250977098e-09,3.72384947252621e-09,7.08052552805821e-09,7.09779873145385e-09,7.05058862604064e-09,6.0767279766508e-09,3.60544848088268e-09,3.21587220121662e-09,6.41295366193825e-09,4.04407665292004e-09,6.92712132466674e-09,3.44856951763393e-09,2.7698990495e-09,2.38258566531314e-09,3.77304908117194e-09,3.23382548351838e-09,4.29033543663164e-09,2.43638291693091e-09,2.12324213297128e-09,2.21969302952871e-09,2.81913688434289e-09,2.65203317683207e-09,3.3207837938643e-09,2.01111171365895e-09,2.01107719649362e-09,2.25431769091884e-09,2.41160151211019e-09,2.63295762413934e-09,2.7387732865866e-09,6.25491230684902e-09,1.58570657416619e-08,6.9403367194352e-09,1.2251329927068e-08,1.49392692533856e-08,9.77728643513470e-09,1.21479221343372e-08,5.93346109702228e-09,3.54769867863845e-09,1.17317960126123e-08,5.57729515694038e-09,1.11652249493207e-08,5.29730483582317e-09,3.14580019433338e-09,3.33265025560912e-09,4.78272564333271e-09,3.53026613479326e-09,4.97922162070332e-09,2.55612896738863e-09,2.90245743094404e-09,1.1436843087997e-09,3.10207154370837e-09,3.26607222952473e-09,2.41290545190628e-09,2.28275700311629e-09,1.15074558961359e-09,8.11707674801031e-10,2.69584151475477e-09,1.34603206392543e-09,2.73317517972197e-09,1.16463176138029e-09,6.38236256921178e-10,5.33255760537367e-10,1.25882165939337e-09,9.59741283230479e-10,1.13931922807432e-09,5.86986718961245e-10,4.51895709289746e-10,4.58168072786399e-10,6.93101114273121e-10,6.92617001641234e-10,1.13422548440929e-09,5.01178603122809e-10,4.12046570676256e-10,9.42281058009775e-10,9.18013371502904e-10,6.11265582287057e-10,1.07743118706083e-09
8.26795256349634e-09,1.79971792801744e-08,4.07356641109312e-08,1.57879866533839e-08,3.25515208077985e-08,2.96745569720244e-08,1.49231575829086e-08,3.30206356209551e-08,1.5727463798841e-08,2.61365187886547e-08,2.70527026331228e-08,2.12256447889064e-08,2.84702391584955e-08,1.36621538446868e-08,8.72507513765601e-09,2.35112125118475e-08,1.39181472081729e-08,2.2965848724092e-08,1.10329767416423e-08,7.14369045176056e-09,6.45991739703049e-09,1.15392027831385e-08,7.3776409781721e-09,1.1209663014401e-08,6.32222699983571e-09,6.1229968964916e-09,3.88464213054665e-09,6.5152069289079e-09,6.82598325048284e-09,6.45033327802047e-09,5.61300715845623e-09,3.34340426459518e-09,3.07105629868152e-09,6.15064362518499e-09,3.77001938694285e-09,6.92553210906326e-09,3.03465075766451e-09,2.64192642460493e-09,2.568905614196e-09,3.44217831141014e-09,3.11510002366104e-09,3.84655799003223e-09,2.46931725694999e-09,2.05761099886904e-09,2.57811933929254e-09,2.60996796490162e-09,2.4224658341042e-09,3.08503150865047e-09,3.59608445165685e-09,6.26973211705231e-09,1.43544182567422e-08,5.47168480166925e-09,1.09209134756938e-08,1.19026395498888e-08,4.63548688412452e-09,1.21684953436676e-08,6.23179813247928e-09,9.11811773196966e-09,1.04465690830962e-08,8.10291874338092e-09,1.08106754985864e-08,5.20893718895302e-09,3.00432368390582e-09,8.83457919174813e-09,4.85290806231736e-09,8.53877103432082e-09,4.48956719762768e-09,2.13353591645309e-09,1.77653641018549e-09,4.33430762619953e-09,2.53565661888454e-09,4.24601679948979e-09,1.59180642195295e-09,1.82876485810032e-09,8.64892211330375e-10,2.06032381768763e-09,2.17508137536939e-09,2.03390325134815e-09,1.38485388525977e-09,8.64898923599823e-10,6.78565367014458e-10,2.00107599557593e-09,1.10041252717202e-09,1.72201826926459e-09,9.64833134387664e-10,5.90858246349904e-10,7.48969843666957e-10,8.56703475250242e-10,9.19519225013293e-10,1.13920309921403e-09,5.81781503331074e-10,6.36995854854445e-10,7.35846299478906e-10,7.07160145834738e-10,3.40713614490041e-10,4.90552386673217e-10
2.29805532573217e-08,2.81879154366345e-08,1.57879866533839e-08,3.94211667577552e-08,2.2929852879927e-08,3.2006742437567e-08,2.38280199001514e-08,1.28822639271541e-08,8.42496461868473e-09,1.92378169061247e-08,1.22379693024514e-08,1.84164171826766e-08,1.0862358342433e-08,7.19136182678238e-09,8.35622922305638e-09,1.0419741269522e-08,8.33615474973228e-09,1.15528996799545e-08,5.79630311417005e-09,7.04047629348155e-09,3.91749942892082e-09,6.78249337167475e-09,7.39750329098221e-09,6.73831431449262e-09,6.30520702032688e-09,3.75520210772731e-09,3.37400183022676e-09,6.66756950320152e-09,4.05564082862494e-09,7.09219953967612e-09,3.79296832635514e-09,2.97630134041483e-09,2.65502363951436e-09,3.97061962959731e-09,3.39848345946978e-09,4.35624689068667e-09,2.61057330952841e-09,2.37469540727132e-09,2.2726408299646e-09,2.94108921892702e-09,2.9897478919951e-09,3.49012913235244e-09,2.11038219759424e-09,2.30640634131635e-09,2.36685048671311e-09,2.79719562308497e-09,2.83041379203807e-09,3.15516525797627e-09,1.00049273135712e-08,1.30147432646919e-08,5.80405974267315e-09,1.78678515143989e-08,9.95881204554746e-09,1.50402362279348e-08,1.04950018723244e-08,4.84659263070863e-09,3.27868303555514e-09,8.04689446896807e-09,4.5212615457367e-09,8.28662107677759e-09,4.26909626576287e-09,2.88313164541404e-09,3.14730113921112e-09,4.00278327638316e-09,3.19290899948258e-09,4.23448513432898e-09,2.36396775583586e-09,2.70117119083909e-09,1.05366379983946e-09,2.85199234197297e-09,3.1106226489958e-09,2.30806254438186e-09,2.10136924967419e-09,1.00801816173495e-09,9.97388673302143e-10,2.59717057813541e-09,1.27593471355444e-09,2.72534619807133e-09,1.092600195687e-09,5.72800204664961e-10,7.31235287799235e-10,1.21113972783762e-09,8.34975210247901e-10,1.22145929454421e-09,5.33234353882919e-10,7.03559091498152e-10,4.83753603012279e-10,6.22315712900669e-10,8.41921017020312e-10,9.6596876459452e-10,6.98728391195539e-10,4.16305005566542e-10,7.0697375209595e-10,1.14729350162927e-09,7.08614854267105e-10,1.11622556571753e-09
1.38191265753221e-08,3.9652583521516e-08,3.25515208077985e-08,2.2929852879927e-08,5.82338273256579e-08,3.8518043465349e-08,3.43132248939972e-08,2.61247095755559e-08,1.43523147532761e-08,4.895608347494e-08,2.13083591735072e-08,4.35150075613558e-08,2.24927725537192e-08,1.22957984121819e-08,8.36791600435613e-09,1.84104961430422e-08,1.32753320110113e-08,1.89448774828617e-08,9.86332457310884e-09,6.82398482047818e-09,6.36390733207439e-09,1.09923866748842e-08,6.9399674470161e-09,1.06170031127362e-08,5.96927307613499e-09,6.1888804542222e-09,4.1825147508596e-09,6.22464458116681e-09,7.1077416795022e-09,6.52584342599726e-09,5.77211892422136e-09,3.79775712866008e-09,3.47658530397729e-09,6.61595191064911e-09,4.44147544322771e-09,7.40703866203885e-09,3.48689748854666e-09,3.00502777966554e-09,3.00188444361624e-09,4.02981291540056e-09,3.42792725980549e-09,4.29349127736974e-09,2.77489253923291e-09,2.78497329476654e-09,2.96297301301549e-09,3.25868838057818e-09,2.95730276035395e-09,3.43672303910995e-09,5.71431035534287e-09,1.11567153110027e-08,1.18149353343434e-08,8.87437889571112e-09,1.92256192432046e-08,1.55156831714742e-08,8.36053641790549e-09,9.87153991708805e-09,5.54010321479619e-09,1.56561204556851e-08,9.03335890164208e-09,1.43482341313095e-08,8.91207037236629e-09,4.81523495973882e-09,2.84157776942766e-09,7.75260450101692e-09,5.04872213721874e-09,7.78186347751006e-09,3.93314590621542e-09,2.15572938485233e-09,1.35064557487442e-09,4.42037652292324e-09,2.51619357359760e-09,3.91679380381606e-09,1.8172408047069e-09,1.48815778375392e-09,1.13116071867836e-09,2.31714670908871e-09,2.17579434443603e-09,2.32032784873338e-09,1.27437767049255e-09,1.23349322015204e-09,6.86268912764646e-10,2.05129647999399e-09,1.24174002458873e-09,1.61798283117401e-09,1.24737189594575e-09,6.11688670779232e-10,6.38626542938988e-10,9.01236758754136e-10,8.61034278281913e-10,1.17979816686712e-09,4.91475542270731e-10,5.88796698589599e-10,1.29191532904217e-09,1.07979550055337e-09,7.01178387941977e-10,9.25031699278775e-10
2.16260155695432e-08,2.26043852639508e-08,2.96745569720244e-08,3.2006742437567e-08,3.8518043465349e-08,5.05961232480207e-08,1.89671941872608e-08,2.32931288526569e-08,1.34556109370385e-08,3.10547252608788e-08,1.88807915012415e-08,2.58872682030762e-08,1.97919094235821e-08,1.14320239846951e-08,8.13897058495503e-09,1.61027793076167e-08,1.23701195825669e-08,1.68851001159127e-08,9.25502177363312e-09,6.75524000123539e-09,6.49754478906974e-09,1.03059884298118e-08,7.1000953008894e-09,1.03202548052932e-08,5.94494018406373e-09,6.18690383087741e-09,4.27411363168831e-09,6.23457964281321e-09,6.92656857129726e-09,6.22268130314704e-09,6.02939919189005e-09,3.95716593137296e-09,3.42582477964992e-09,6.66467067550623e-09,4.51476122701488e-09,7.32272229855373e-09,3.47558582610612e-09,2.86288395333234e-09,2.91651979416716e-09,3.94771277678954e-09,3.4981889847011e-09,4.32275759038578e-09,2.91051217978208e-09,3.03258656859574e-09,3.00866538534006e-09,3.56620281323006e-09,3.15345589511948e-09,3.70753101990432e-09,9.30698486587751e-09,8.82772847059911e-09,1.06351617689821e-08,1.32452980982674e-08,1.48369824174409e-08,2.19459490929336e-08,7.02828932858806e-09,8.60830920595256e-09,5.31900541750261e-09,1.2374577829647e-08,7.46591851678173e-09,1.1368694904951e-08,7.90270400730550e-09,4.34304919331396e-09,2.81304897439864e-09,6.48005464893949e-09,4.38470939866409e-09,6.42772334817146e-09,3.63734949886201e-09,2.23983309950297e-09,1.38574957136254e-09,3.89887414224799e-09,2.41036140303089e-09,3.74743253526941e-09,1.78447596578493e-09,1.35410077693925e-09,1.12381570195574e-09,2.07950188468155e-09,1.95076852951638e-09,2.34008475480957e-09,1.16358072465351e-09,1.00340639254178e-09,6.08181064414986e-10,1.87587332195774e-09,1.27575420343637e-09,1.78865620972274e-09,9.7297943791527e-10,5.97626005184888e-10,2.71452411251624e-10,9.62066285904173e-10,7.71833235007344e-10,9.8887829969627e-10,8.26970250945822e-10,5.25888509885149e-10,8.00035979193469e-10,1.337939402901e-09,6.10895086132711e-10,9.76417182888808e-10
1.23705631333168e-08,3.98005328819875e-08,1.49231575829086e-08,2.38280199001514e-08,3.43132248939972e-08,1.89671941872608e-08,5.96188899572172e-08,2.00076264503911e-08,1.06227936153956e-08,5.49506374343372e-08,1.92867116056631e-08,5.48655114359532e-08,1.73965924727018e-08,8.83748222574865e-09,9.51646499168948e-09,1.68540862870498e-08,1.02151113351146e-08,1.7968965027479e-08,7.17007122249034e-09,8.0710517320821e-09,4.35977183224606e-09,8.44866711282706e-09,8.33443418483502e-09,8.44360517480477e-09,7.17053654450780e-09,4.07863918607654e-09,3.65475037053565e-09,7.54548192422167e-09,4.59979398255959e-09,8.1313482997866e-09,3.92169111048917e-09,3.19476862017673e-09,2.55680932104374e-09,4.33536941449724e-09,3.58419554031881e-09,4.74143179653255e-09,2.81175886246002e-09,2.23588141831688e-09,2.70768495117157e-09,3.08569431448789e-09,2.7918545030544e-09,3.79643624167915e-09,1.87702066832432e-09,2.09737576592424e-09,2.07931216523688e-09,2.25869096401708e-09,2.67879252640574e-09,2.60641647686991e-09,5.25343365665678e-09,1.21493653183767e-08,5.93351023351939e-09,1.04540014814794e-08,1.17284068946776e-08,8.44489695544562e-09,2.76175427466081e-08,8.68598828002177e-09,4.34031740879443e-09,2.76542005138854e-08,7.96699924313229e-09,2.64584243206714e-08,7.48667533313629e-09,3.65107777570994e-09,4.02065027506781e-09,6.54806099978142e-09,4.41749097046441e-09,7.65579731276465e-09,2.99117449757695e-09,3.42160833420253e-09,1.44269388484656e-09,3.86590933930454e-09,3.61548487940432e-09,3.03519429634176e-09,2.84708410504818e-09,1.33527763750249e-09,1.03400563671984e-09,3.10291669800447e-09,1.62774533417967e-09,3.08781519800117e-09,1.28472016877601e-09,5.80208706530359e-10,6.34058843110435e-10,1.40563096672063e-09,9.63381610306797e-10,1.2095073886647e-09,5.3942727532074e-10,4.47043658530973e-10,4.65023433374014e-10,7.00329821471771e-10,6.28054617356713e-10,1.10334724881749e-09,5.26010815692881e-10,5.13390870097173e-10,8.04619216763655e-10,7.64431647956505e-10,5.96044622048699e-10,8.39252216551961e-10
6.78592712897949e-09,1.49110135109791e-08,3.30206356209551e-08,1.28822639271541e-08,2.61247095755559e-08,2.32931288526569e-08,2.00076264503911e-08,3.90270397997502e-08,1.78122038087043e-08,3.37684550295439e-08,3.21890700102709e-08,2.80947584057996e-08,3.3662792862749e-08,1.53184617127597e-08,9.84032375167313e-09,2.80259581496222e-08,1.56213139538494e-08,2.75106585187853e-08,1.22292970724053e-08,8.13801381484767e-09,7.30853461387487e-09,1.2931736709625e-08,8.4072009233743e-09,1.26900374811155e-08,7.32029605325005e-09,6.8482033041746e-09,4.2639826485765e-09,7.48045062654444e-09,7.56132876124144e-09,7.35202702405352e-09,6.38403815126805e-09,3.70103775400351e-09,3.24665857749885e-09,6.87077040728293e-09,4.11516038666009e-09,7.57105021383759e-09,3.32992630260249e-09,2.77635373319504e-09,2.81322816546582e-09,3.73836406457476e-09,3.19588891373858e-09,4.1258326062151e-09,2.16627548691333e-09,2.08340382560887e-09,2.13844633744991e-09,2.33307618085212e-09,2.47429877436675e-09,2.91632891091402e-09,3.22638484948528e-09,4.62962590477824e-09,1.21656386362244e-08,4.27577846703873e-09,9.10901070578554e-09,9.53420565174342e-09,8.12194398137324e-09,1.45779192717082e-08,7.03568919503142e-09,1.38825957314874e-08,1.30099757393969e-08,1.27544589653835e-08,1.28157222102538e-08,5.59336585948593e-09,3.25130060555269e-09,1.08984094726159e-08,5.35840551566565e-09,1.06596387717089e-08,4.58934111165509e-09,2.36249244069774e-09,2.08825901757442e-09,4.66317104010677e-09,2.71820733345527e-09,4.6119721012882e-09,1.84572798426434e-09,1.96764086673956e-09,1.11043227091828e-09,2.27616856596249e-09,2.30236634277753e-09,1.88589388761241e-09,1.59951978153751e-09,8.53541477498147e-10,8.09814271313101e-10,2.11119595696499e-09,1.33960210455475e-09,1.97459042488467e-09,8.9982952154121e-10,6.66465704191475e-10,7.79189211063862e-10,1.02342606259336e-09,1.09152321042811e-09,1.24708131197524e-09,5.70490143363294e-10,5.66456332960414e-10,7.02592290055839e-10,6.97106912345895e-10,2.27969534476629e-10,4.94692418821354e-10
7.35144861528754e-09,8.87006045915049e-09,1.5727463798841e-08,8.42496461868473e-09,1.43523147532761e-08,1.34556109370385e-08,1.06227936153956e-08,1.78122038087043e-08,4.14032092585571e-08,1.7275572621014e-08,3.24243050724453e-08,3.11481817017527e-08,1.53232632458557e-08,3.42775566021865e-08,1.72815754945843e-08,2.71042986192901e-08,2.94033923086896e-08,2.3544903657173e-08,2.74678198711099e-08,1.41381322182623e-08,6.86823801967222e-09,2.4038961855367e-08,1.2729682555452e-08,2.23019013543958e-08,1.18913390556939e-08,5.73303011180747e-09,5.68051926964943e-09,1.06360333827071e-08,6.29515171589479e-09,1.06036624985445e-08,5.2345706579641e-09,4.93523210007008e-09,3.25904196732044e-09,5.49799797705297e-09,5.58791761549003e-09,5.98806406403888e-09,4.47829083281473e-09,2.9569505792003e-09,2.49992189844377e-09,5.10463601582303e-09,3.51637013561623e-09,5.59971479279195e-09,2.45352129086041e-09,2.01016799567333e-09,1.73704010891278e-09,2.84004766319873e-09,2.15714215088642e-09,3.06925349231966e-09,3.97414124512194e-09,2.56237013463716e-09,5.41329360237329e-09,2.74724806887707e-09,4.58236941845558e-09,5.03891188387684e-09,3.70045721770017e-09,5.97945266427703e-09,1.73849305429841e-08,6.37601413298129e-09,1.14987069900012e-08,1.19356078022318e-08,5.29185208875742e-09,1.33516656196075e-08,7.32570838347050e-09,9.17673356286348e-09,1.19139963516596e-08,8.72377536979114e-09,1.06086118920625e-08,5.88255946512125e-09,2.1741566459295e-09,9.63930252815085e-09,4.94341455142876e-09,9.16428549288381e-09,4.54841054453894e-09,1.9397497245704e-09,1.80885274404394e-09,3.90769956212778e-09,2.23148916577514e-09,3.67249461005897e-09,1.76921630420075e-09,1.14473800101785e-09,8.66786438902476e-10,2.0093515749128e-09,1.28810101207407e-09,1.32439904774357e-09,9.47632358173497e-10,8.14553285275217e-10,8.93096739128874e-10,1.11774188073872e-09,1.23437491411475e-09,9.77827578638204e-10,7.14714625126313e-10,7.88852856526105e-10,5.83127125591665e-10,1.04710352396937e-09,1.1351499617668e-09,1.43316149327988e-09
1.19057676458169e-08,3.43086242655908e-08,2.61365187886547e-08,1.92378169061247e-08,4.895608347494e-08,3.10547252608788e-08,5.49506374343372e-08,3.37684550295439e-08,1.7275572621014e-08,7.46128959665146e-08,2.84767874728841e-08,6.82734860549533e-08,2.92167728264801e-08,1.45708608105673e-08,9.88612458285266e-09,2.48044966545319e-08,1.56181505781355e-08,2.54572767035168e-08,1.17106372581584e-08,8.23978410878896e-09,7.54699190859303e-09,1.30124768145968e-08,8.44218285741081e-09,1.280395439338e-08,7.36096533227914e-09,7.19395319378615e-09,4.76801938573847e-09,7.59592697155069e-09,8.11573919630928e-09,7.9892525982441e-09,6.80343912821040e-09,4.37059407531652e-09,3.69500591394807e-09,7.633550037976e-09,4.92389367600938e-09,8.22256426776668e-09,3.95776823606217e-09,3.15041925246611e-09,3.3150454704677e-09,4.40331918627784e-09,3.5482977222785e-09,4.81218921288155e-09,2.47965933798051e-09,2.55715640308845e-09,2.71199724112111e-09,2.79439371672475e-09,3.00812518833939e-09,3.22670069181032e-09,4.92724709123729e-09,8.35971944973665e-09,9.87050547113624e-09,7.41860318706742e-09,1.56493747068337e-08,1.29401701012732e-08,2.49371971073261e-08,1.38816294623884e-08,6.84611804816095e-09,3.50253101124772e-08,1.25881199311105e-08,3.27204530803096e-08,1.21156059698174e-08,5.62662875250711e-09,3.44665433025023e-09,1.04719107797441e-08,6.18909263601675e-09,1.13621220962755e-08,4.47281911033148e-09,2.70872410605795e-09,1.84795223030726e-09,5.36174840934244e-09,2.88926775958012e-09,4.82122246503356e-09,2.45388129161108e-09,1.88050980932536e-09,1.53629437395163e-09,2.73230165182024e-09,2.67819408197276e-09,2.54368432849873e-09,1.66924909214426e-09,1.30013693405486e-09,8.039125607573e-10,2.46214240897983e-09,1.62824066269756e-09,1.64094515747262e-09,1.22780977724927e-09,6.34185441979706e-10,5.92998147409669e-10,1.2138964536956e-09,9.69475663519001e-10,1.20584254154862e-09,4.31554942701665e-10,5.46642062776948e-10,1.08975414317718e-09,6.27335066335093e-10,3.96914883097915e-10,4.18930344657589e-10
7.22911390479208e-09,1.4110656858002e-08,2.70527026331228e-08,1.22379693024514e-08,2.13083591735072e-08,1.88807915012415e-08,1.92867116056631e-08,3.21890700102709e-08,3.24243050724453e-08,2.84767874728841e-08,4.96875002386219e-08,4.41050863127678e-08,2.80287662671751e-08,2.710085157617e-08,1.5819788035912e-08,4.23818070571538e-08,2.35205390059264e-08,3.703159445986e-08,2.12413538916716e-08,1.27214570335374e-08,6.85206784516766e-09,1.88655440814132e-08,1.21074635895084e-08,1.75315597585319e-08,1.09414850453906e-08,5.85253592658384e-09,6.26131645012049e-09,1.0426564737949e-08,6.66788815456708e-09,1.04536684376697e-08,5.27289830638275e-09,5.43883624233071e-09,3.78423433147817e-09,5.76119176069461e-09,6.07867384302094e-09,6.11179998402521e-09,4.92797971835262e-09,3.38298405444113e-09,3.15894514589818e-09,5.64243379141208e-09,3.90186201048551e-09,5.9950632216302e-09,2.7378896059448e-09,2.46804618319274e-09,2.36304958356435e-09,3.02360298111632e-09,2.81705632244348e-09,3.48671485433442e-09,3.91971225741393e-09,4.37816594550842e-09,9.49989096309409e-09,4.49011695175818e-09,7.13023922411476e-09,7.94623543390112e-09,7.75562844732782e-09,1.12101339341205e-08,1.32269740422523e-08,1.13154972974844e-08,1.80860783151851e-08,1.80039111728266e-08,9.84945150928955e-09,1.02448876922484e-08,6.63019167884030e-09,1.48968251472879e-08,9.1582714928194e-09,1.41233010330547e-08,8.11802514897744e-09,5.3414591513487e-09,2.05787364881627e-09,7.48486322682439e-09,4.91903670287817e-09,7.05226828441538e-09,4.09709540816652e-09,1.85117565887921e-09,1.79230205026126e-09,3.79492004685931e-09,2.10138520042618e-09,3.18557609163043e-09,1.6170697290297e-09,1.05489404425899e-09,1.33988109098982e-09,1.74477323792768e-09,1.59696432982358e-09,1.55241392282819e-09,9.96307898395216e-10,1.12661093067701e-09,1.24374534327074e-09,1.32794819441985e-09,1.47025088286615e-09,1.2565867511646e-09,1.0581901081676e-09,9.09052469879917e-10,9.29246855432783e-10,1.15981009213007e-09,9.9013570565424e-10,1.35767792090597e-09
1.20555354330345e-08,3.40437576867969e-08,2.12256447889064e-08,1.84164171826766e-08,4.35150075613558e-08,2.58872682030762e-08,5.48655114359532e-08,2.80947584057996e-08,3.11481817017527e-08,6.82734860549533e-08,4.41050863127678e-08,9.03238696993433e-08,2.45153760683868e-08,2.5723213409679e-08,1.56106303524407e-08,3.76083581845772e-08,2.30768543557731e-08,3.394152329124e-08,2.03795034416397e-08,1.27988441029049e-08,7.22955735806712e-09,1.8770493906827e-08,1.21931298019968e-08,1.7584094523647e-08,1.10327692392348e-08,6.23423815818601e-09,6.85599285340969e-09,1.06630008690076e-08,7.31483081430943e-09,1.10204887582764e-08,5.71954486507365e-09,6.27703360918624e-09,4.06182166405615e-09,6.6881195146823e-09,6.7101106093135e-09,6.98415380320674e-09,5.57024647317412e-09,3.60213754186054e-09,3.74578796960076e-09,5.97580728604694e-09,4.39488414013932e-09,6.63082610625193e-09,2.96717850486252e-09,3.00398426939704e-09,2.8760119608342e-09,3.50607150774772e-09,3.45564520500612e-09,3.87489168622634e-09,5.53929569936620e-09,7.64617012440368e-09,7.70090993063044e-09,7.2542843060513e-09,1.30181198286761e-08,1.09133958143551e-08,2.40510881606236e-08,1.08281620457998e-08,1.30387343195585e-08,3.1251847501106e-08,1.80655533722723e-08,3.99756844090504e-08,9.41198629045627e-09,1.02349002424934e-08,6.48235455586954e-09,1.47704112676185e-08,9.92433551871816e-09,1.44413418532631e-08,7.93885966302462e-09,5.42371027015475e-09,2.00491707668395e-09,8.14956489228279e-09,4.79439143740756e-09,7.22036331105479e-09,4.44816788012436e-09,1.97452084957785e-09,2.14170369067056e-09,4.12200824740933e-09,2.5879630306045e-09,3.66947892067356e-09,1.83374912059228e-09,1.52947556697873e-09,1.16034840751935e-09,2.27129033289006e-09,1.47510632639084e-09,1.52465657044882e-09,1.37090878021885e-09,9.04735888863765e-10,1.13244836512571e-09,1.25014401091177e-09,1.28077461610317e-09,1.41873097840385e-09,9.33960495149518e-10,9.44125114283284e-10,1.13904211148311e-09,1.10556122066626e-09,1.08085905971428e-09,1.24901153105593e-09
5.57137828754431e-09,1.2841161426538e-08,2.84702391584955e-08,1.0862358342433e-08,2.24927725537192e-08,1.97919094235821e-08,1.73965924727018e-08,3.3662792862749e-08,1.53232632458557e-08,2.92167728264801e-08,2.80287662671751e-08,2.45153760683868e-08,4.11145011737661e-08,1.79656403485025e-08,1.13648069349942e-08,3.34241427227962e-08,1.84784528959453e-08,3.26638112666753e-08,1.43630440316591e-08,9.4645212487783e-09,9.11716163724629e-09,1.52701594959467e-08,9.86288474798517e-09,1.5257167839764e-08,8.21873430500532e-09,8.13470040296253e-09,4.78426138316439e-09,8.42226360259964e-09,8.72374383004579e-09,8.27895211141837e-09,7.53095270065618e-09,4.08473020581038e-09,3.77189390687301e-09,7.89699782597394e-09,4.63599705483241e-09,8.71542935338341e-09,3.62816612454929e-09,3.17926865753217e-09,3.23065333535372e-09,4.15758921879893e-09,3.63040357750607e-09,4.77453532553702e-09,2.50628927494935e-09,2.35874770950552e-09,2.50156827949064e-09,2.62198280482917e-09,2.88135816028691e-09,3.36521230061472e-09,2.76588847994345e-09,4.56640297387535e-09,1.08094652112451e-08,4.3740429301361e-09,8.43290172812806e-09,9.24214682635228e-09,7.3171978689128e-09,1.28174127444558e-08,5.59660068587184e-09,1.22884258655651e-08,1.09010606474574e-08,1.07095994695109e-08,1.46045891577247e-08,6.84666049676717e-09,4.21973595494832e-09,1.24464903495871e-08,6.28925048652726e-09,1.18532116894173e-08,5.71009882538188e-09,3.22284129800145e-09,2.89818600602668e-09,5.60137111119644e-09,3.68990306896775e-09,5.65551989185507e-09,2.4424246513993e-09,2.77007124726768e-09,1.13480370683527e-09,2.83465561579581e-09,2.74627091251965e-09,2.2382466235247e-09,2.31055926591969e-09,8.093682336301e-10,1.1487470148678e-09,2.43590088077213e-09,1.35358708611031e-09,2.26239746816917e-09,8.31781928739608e-10,9.7691772614495e-10,8.96709145594102e-10,1.06950965865327e-09,1.19700520626491e-09,1.24292491296474e-09,7.88390050377243e-10,6.6962540528343e-10,9.27639141264399e-10,8.73248518309413e-10,3.8492281222842e-10,6.88758955491468e-10
6.24354004109595e-09,7.52494532465078e-09,1.36621538446868e-08,7.19136182678238e-09,1.22957984121819e-08,1.14320239846951e-08,8.83748222574865e-09,1.53184617127597e-08,3.42775566021865e-08,1.45708608105673e-08,2.710085157617e-08,2.5723213409679e-08,1.79656403485025e-08,4.02749453547509e-08,2.02680422210634e-08,3.20743246641666e-08,3.48959264080329e-08,2.79910843852805e-08,3.25529993486389e-08,1.66468343288456e-08,8.06331256246909e-09,2.86652049579216e-08,1.51881713995793e-08,2.67377975956659e-08,1.36124540006699e-08,6.57633092057143e-09,6.30760430697205e-09,1.23599364363206e-08,7.19628410923527e-09,1.23617112949659e-08,5.93068432288572e-09,5.43875586199929e-09,3.84972682599546e-09,6.25707086454934e-09,6.33825034820564e-09,6.73067955131843e-09,4.86081758436736e-09,3.3952107269136e-09,2.98169322627403e-09,5.70154721681413e-09,4.20579634705356e-09,6.38280984076159e-09,2.83424608284996e-09,2.3525644002565e-09,2.12803519177853e-09,3.41579490964072e-09,2.57143125046603e-09,3.63986151172794e-09,3.33127455917922e-09,2.54830352761388e-09,4.87108054486916e-09,2.67765834757354e-09,4.18279209807759e-09,4.81496982149787e-09,3.03744422404771e-09,5.2920703008406e-09,1.3351265496757e-08,5.13877406118034e-09,9.17600046689038e-09,9.11922655510238e-09,6.49452745753505e-09,1.62243135728264e-08,9.02952075095358e-09,1.14948652674034e-08,1.42931636775647e-08,1.05465695190447e-08,1.30890066974735e-08,7.52389659444344e-09,2.65470037016111e-09,1.19224336193398e-08,6.62797947156351e-09,1.12870165724866e-08,5.66433718574061e-09,2.20390796552009e-09,2.03785768007735e-09,5.04381454336783e-09,2.41539426665874e-09,4.38535582106104e-09,1.96574933010176e-09,1.30291117003728e-09,1.04743002956221e-09,2.07283507428359e-09,1.53752658402644e-09,1.48908683673131e-09,9.93645715868086e-10,1.00218427745277e-09,1.25550569297957e-09,1.29818050706775e-09,1.59839763280943e-09,1.44945011865548e-09,8.97089830639372e-10,9.75988672504735e-10,7.81169906112373e-10,1.38955255178122e-09,1.36738933425555e-09,1.76620169483051e-09
4.19022352803626e-09,8.18313046415659e-09,8.72507513765601e-09,8.35622922305638e-09,8.36791600435613e-09,8.13897058495503e-09,9.51646499168948e-09,9.84032375167313e-09,1.72815754945843e-08,9.88612458285266e-09,1.5819788035912e-08,1.56106303524407e-08,1.13648069349942e-08,2.02680422210634e-08,5.56227581298425e-08,1.88254787253197e-08,4.4429661094309e-08,4.1587919086886e-08,1.66517207723699e-08,4.42850533787441e-08,1.79366079593048e-08,3.56997262789055e-08,3.33027444661904e-08,2.61772302265723e-08,3.63963133985437e-08,1.42212289949974e-08,9.29658343487946e-09,2.66402970547138e-08,1.39645786329337e-08,2.51650976349642e-08,1.18626685813989e-08,7.4952293248299e-09,9.03337731764271e-09,1.11709200112039e-08,8.18657515391978e-09,1.20370669910516e-08,6.28800751973884e-09,8.00997679972819e-09,4.25885103134208e-09,6.48558473584192e-09,8.68409843093381e-09,7.63596420085602e-09,6.57383764909614e-09,3.47224252480746e-09,2.9538748144117e-09,7.24414618012963e-09,3.81310649007506e-09,7.7819794687537e-09,2.01582636613483e-09,4.51860208819643e-09,3.09614158158696e-09,4.20133166914798e-09,2.32630646381506e-09,3.02964047192024e-09,5.26289480121726e-09,3.42091538061253e-09,6.0718839886576e-09,3.13887615934875e-09,5.20450340842398e-09,5.89757245007503e-09,4.43677534575812e-09,7.27043461216695e-09,2.08999712644094e-08,6.77890847562019e-09,1.56772488696137e-08,1.34508280576558e-08,6.30971476013152e-09,1.73182235188264e-08,6.63712326511934e-09,1.29301227900446e-08,1.4200363624015e-08,1.00360703712266e-08,1.33366178393026e-08,5.80972039977882e-09,2.66467750335788e-09,1.0655442283159e-08,5.87787542344049e-09,1.00267136893038e-08,5.02290732495779e-09,1.87499761845232e-09,2.14201605821346e-09,4.76104631732558e-09,2.61133235418366e-09,4.63904540281695e-09,1.51206301648536e-09,1.61282170041129e-09,6.96128721586623e-10,2.07878106771557e-09,2.0728065909118e-09,2.37600832781533e-09,1.36711083041747e-09,7.40690772132914e-10,1.13339246508496e-09,2.1012793269172e-09,1.0427758337167e-09,2.45646709291067e-09
6.01676291600698e-09,1.21605309675419e-08,2.35112125118475e-08,1.0419741269522e-08,1.84104961430422e-08,1.61027793076167e-08,1.68540862870498e-08,2.80259581496222e-08,2.71042986192901e-08,2.48044966545319e-08,4.23818070571538e-08,3.76083581845772e-08,3.34241427227962e-08,3.20743246641666e-08,1.88254787253197e-08,5.07279187058343e-08,2.80890313394797e-08,4.41443484793268e-08,2.53972281389213e-08,1.50768240021232e-08,8.2402148985493e-09,2.25805315572823e-08,1.45434253440994e-08,2.13183356152714e-08,1.26025145659755e-08,6.94952879829422e-09,7.06965509072265e-09,1.21986380586677e-08,7.83925729199207e-09,1.23590883528199e-08,6.2268518044953e-09,6.0655206949098e-09,4.47163977637708e-09,6.76539277714856e-09,6.99114610307278e-09,7.10350604395285e-09,5.38509823649138e-09,3.86191716301595e-09,3.70536218148271e-09,6.36393070071574e-09,4.57003825580714e-09,6.98475561081293e-09,3.20191309449484e-09,2.92208819936596e-09,2.86802342885859e-09,3.61905519719566e-09,3.3729345315771e-09,4.18696782116416e-09,3.42662363796226e-09,4.2105234819559e-09,8.5405215828497e-09,4.60887550938757e-09,6.6061826445807e-09,7.79944633719633e-09,6.84542130897861e-09,9.85079277037029e-09,1.02469759823499e-08,9.78638198975363e-09,1.48982996959755e-08,1.47533574951737e-08,1.15925482801945e-08,1.24217832829672e-08,8.26251394822772e-09,1.77963975649115e-08,1.09149830603981e-08,1.625829853266e-08,1.01158394688244e-08,6.77650666252116e-09,2.48850740627476e-09,9.20289200280899e-09,6.27785334358952e-09,8.84706745796398e-09,5.02515330291324e-09,2.07915323361276e-09,1.96089635785362e-09,4.69549759526966e-09,2.19810276684185e-09,3.85675437435334e-09,1.82097502251643e-09,1.17582257916061e-09,1.69501557813681e-09,1.77163028610759e-09,1.84904231325237e-09,1.74995762155694e-09,1.00877886252521e-09,1.43306428572202e-09,1.47652602807943e-09,1.50942543787103e-09,1.78836786025967e-09,1.56482827347795e-09,1.31865405479681e-09,1.15317014780809e-09,1.22213318934403e-09,1.53450683709071e-09,1.25017315533072e-09,1.77912554173836e-09
6.9948289494654e-09,8.60386467331855e-09,1.39181472081729e-08,8.33615474973228e-09,1.32753320110113e-08,1.23701195825669e-08,1.02151113351146e-08,1.56213139538494e-08,2.94033923086896e-08,1.56181505781355e-08,2.35205390059264e-08,2.30768543557731e-08,1.84784528959453e-08,3.48959264080329e-08,4.4429661094309e-08,2.80890313394797e-08,6.67683644531981e-08,5.5282122127353e-08,2.86698071016547e-08,3.56983447319503e-08,1.69969826994972e-08,5.40880118288661e-08,2.65770846293683e-08,4.16779975793254e-08,2.93763676531378e-08,1.3433328674562e-08,9.67090453559858e-09,2.11281705778378e-08,1.32825653376534e-08,2.03353436235595e-08,1.13878515358545e-08,8.09292040877291e-09,1.02052626469757e-08,1.0823033532165e-08,8.66720618686454e-09,1.1459555401776e-08,6.84688023974741e-09,9.19283481336744e-09,4.92116193999459e-09,7.044802902621e-09,1.02550285289962e-08,8.64494793141742e-09,7.56362146211154e-09,4.00245348610104e-09,3.53153485909144e-09,8.5471432840477e-09,4.40866018421038e-09,9.19562824121759e-09,3.52823881266606e-09,2.83243902806211e-09,4.42560173925302e-09,3.44859227326442e-09,4.00601854771856e-09,5.05348119240429e-09,3.71594994446407e-09,5.09864062722098e-09,1.14454087086412e-08,5.17429411520195e-09,7.79489719038643e-09,8.27544439433567e-09,6.58736256027378e-09,1.3846534845723e-08,1.63445667121012e-08,9.99953860027982e-09,2.55256690714283e-08,1.92769162633103e-08,1.1774443848516e-08,1.36664023263709e-08,6.3126193738742e-09,2.09266143392179e-08,1.1105756572265e-08,1.65779341145296e-08,1.11282115664765e-08,5.5122761159515e-09,3.06940074759501e-09,8.99511932843036e-09,5.15513610930828e-09,8.14656938535589e-09,4.72992581200015e-09,2.37286985778329e-09,2.50942832692361e-09,4.31024400042646e-09,2.72715459941104e-09,4.25283523623352e-09,1.98499784121664e-09,1.90511214481296e-09,1.3531607885661e-09,2.11331966426103e-09,2.84263662660541e-09,3.15602539959005e-09,1.67017300031717e-09,1.19847519671238e-09,1.43993236739373e-09,2.88301407536919e-09,1.4732406550059e-09,3.22449131253539e-09
6.9587072615446e-09,1.29665548612216e-08,2.2965848724092e-08,1.15528996799545e-08,1.89448774828617e-08,1.68851001159127e-08,1.7968965027479e-08,2.75106585187853e-08,2.3544903657173e-08,2.54572767035168e-08,3.703159445986e-08,3.394152329124e-08,3.26638112666753e-08,2.79910843852805e-08,4.1587919086886e-08,4.41443484793268e-08,5.5282122127353e-08,7.67981212672449e-08,2.25528523096347e-08,3.30495354770683e-08,1.64981412273183e-08,4.43905127288379e-08,2.49694988706357e-08,3.37843392490571e-08,2.72374525855044e-08,1.29274815595716e-08,9.95709729912508e-09,1.98181687541787e-08,1.31311327541567e-08,1.92002678698515e-08,1.10224328581589e-08,8.34373932503262e-09,1.05651666709863e-08,1.07321415079884e-08,9.26359059115422e-09,1.15759046774676e-08,6.9807734075632e-09,9.47212565098005e-09,5.77316165899874e-09,7.58895937500256e-09,1.04878480850179e-08,9.12827813041133e-09,7.63150667977956e-09,4.64493817189606e-09,4.19559696534527e-09,8.74001552401706e-09,5.35211305156207e-09,9.70291282469629e-09,4.16855197167501e-09,4.84418179230462e-09,8.03950990322186e-09,5.69236065866895e-09,6.52088526696371e-09,7.94977959201557e-09,7.76562263243437e-09,9.59578124551431e-09,8.4195549761593e-09,1.01033609463174e-08,1.29851607442999e-08,1.32965715082763e-08,1.11368481172555e-08,1.02380509823819e-08,1.50417282728233e-08,1.54663810544385e-08,2.13795055728042e-08,2.72642990122139e-08,8.73664104504043e-09,1.24212062912387e-08,5.62665227624235e-09,1.73977196153488e-08,1.06175508318635e-08,1.35697539613497e-08,1.03320791069611e-08,4.74176828125448e-09,3.16859778922121e-09,8.25088850622343e-09,4.58107253854746e-09,7.29065203142507e-09,4.09316689096179e-09,2.40128128568051e-09,3.14409976868154e-09,3.73191732106359e-09,3.13319400838512e-09,4.17483739701492e-09,2.08767532417572e-09,2.48671078771514e-09,1.56727428100383e-09,2.34906407409658e-09,2.89438794675027e-09,3.00591975937328e-09,2.1580542074513e-09,1.37107604116918e-09,2.00081756528774e-09,2.90820195166846e-09,1.63530034941726e-09,3.54909157179002e-09
5.30175527632807e-09,6.06627226798106e-09,1.10329767416423e-08,5.79630311417005e-09,9.86332457310884e-09,9.25502177363312e-09,7.17007122249034e-09,1.22292970724053e-08,2.74678198711099e-08,1.17106372581584e-08,2.12413538916716e-08,2.03795034416397e-08,1.43630440316591e-08,3.25529993486389e-08,1.66517207723699e-08,2.53972281389213e-08,2.86698071016547e-08,2.25528523096347e-08,3.91155074814152e-08,1.91402429615733e-08,9.55598737372945e-09,3.41579865350355e-08,1.72935012987474e-08,3.17150428283475e-08,1.56710632687719e-08,7.83971914855683e-09,7.70840511937687e-09,1.40234271797865e-08,8.52082984486402e-09,1.42821473061194e-08,6.83626053150085e-09,6.53943161008247e-09,4.40009324153134e-09,7.34307361852208e-09,7.20941074202108e-09,7.77705189819345e-09,5.61969533082518e-09,3.82653744949628e-09,3.51835814076173e-09,6.4575362287153e-09,4.8657553484791e-09,7.28146083414568e-09,3.16770817102562e-09,2.73048750186196e-09,2.56761037800675e-09,3.91752339295153e-09,3.04389708544928e-09,4.21514074789132e-09,2.8106568997986e-09,2.26215270208181e-09,4.23810926774504e-09,2.11048926810244e-09,3.76165105039653e-09,3.93345146307937e-09,2.66137428948674e-09,4.55389540640521e-09,1.06033111851511e-08,4.55774886281335e-09,7.42621640075467e-09,7.71502272252478e-09,5.3749619757508e-09,1.30855580405277e-08,7.52186218329272e-09,9.3041254167948e-09,1.19227732390947e-08,8.99694131506899e-09,1.6632720384949e-08,8.78592621325939e-09,3.43933958767904e-09,1.54359574618266e-08,7.60113459985597e-09,1.40566291739419e-08,6.80564281555052e-09,2.88788718058724e-09,2.24661948305619e-09,5.7241310665234e-09,2.7248438792435e-09,4.9097682928541e-09,2.65366344793545e-09,1.41598872082297e-09,1.2721918854174e-09,2.48270888695487e-09,1.86581586307082e-09,2.04361123853919e-09,1.19635178758096e-09,1.13454106729764e-09,1.51697784319866e-09,1.52783699322991e-09,1.92042748596647e-09,1.71390521212184e-09,1.08621567179106e-09,1.14344892718152e-09,9.20514259092687e-10,1.63062046385986e-09,1.49729723362669e-09,1.96743566667161e-09
