6.47914722828851e-08,3.26418413395703e-08,1.81564384731637e-08,5.17414587154828e-08,3.11786853993258e-08,4.5462738291949e-08,2.77027376439144e-08,1.44852788320962e-08,1.53910222202015e-08,2.5657522454728e-08,1.53316860408717e-08,2.54556044993898e-08,1.26974316672872e-08,1.36430321295554e-08,1.1915760553831e-08,1.33794049172669e-08,1.60367489209918e-08,1.49616629940589e-08,1.15702188437676e-08,1.02246686228165e-08,9.00779280783756e-09,1.37235843213255e-08,1.14695223129398e-08,1.44022455293053e-08,8.74539042229568e-09,7.92658891584191e-09,6.33946094803442e-09,9.84720516171686e-09,8.40277343651692e-09,1.05992705034248e-08,7.17492815703655e-09,5.70698364464194e-09,5.65480768371777e-09,7.55921395959814e-09,6.46428585255824e-09,8.50483079320884e-09,5.23683423778719e-09,5.07360485676963e-09,5.31285355046551e-09,5.80318763698921e-09,6.97912997179753e-09,7.18554527122936e-09,4.72863643467738e-09,4.95016562441514e-09,4.44886056689378e-09,6.45818784222533e-09,5.92693485681343e-09,7.37988567723823e-09,4.55040898722152e-08,2.03901514758553e-08,1.26465729906268e-08,3.56084997318287e-08,2.14095454133929e-08,3.22612445013023e-08,1.72262908638205e-08,9.82922395573602e-09,1.03912079777886e-08,1.75664971721592e-08,1.0354791920144e-08,1.76342429993437e-08,8.43628060142157e-09,9.55978032693679e-09,8.09072475767287e-09,9.00158891885319e-09,1.03407923274619e-08,9.63762130291706e-09,8.06422951832471e-09,7.28933237368297e-09,6.61098766609507e-09,8.6773258077406e-09,8.60942970273937e-09,1.06512355072799e-08,5.92544378707208e-09,5.54106771172027e-09,4.65601448785173e-09,6.82608364229523e-09,5.98491102838345e-09,6.75452906098538e-09,4.76600441915598e-09,3.97854943998896e-09,4.1484129241965e-09,5.09429568153094e-09,4.80411365344143e-09,6.2628051645402e-09,3.62367648142377e-09,3.90127904561937e-09,3.53563800790776e-09,4.08211124600622e-09,5.44473662389219e-09,5.39726944044895e-09,3.53840433823298e-09,3.20343681371827e-09,3.1404392133964e-09,4.89623703943436e-09,4.02179103111593e-09,5.58115220863312e-09
3.26418413395703e-08,8.90696885343708e-08,3.34299361949588e-08,5.78585677270798e-08,7.21787647036215e-08,4.49093305860428e-08,7.53849602483684e-08,2.70546945677609e-08,1.56826925069373e-08,6.07690349873483e-08,2.43602931286944e-08,5.61967899224096e-08,2.38137402780969e-08,1.35637159203769e-08,1.655714225731e-08,2.11419804970749e-08,1.4958122415227e-08,2.21777511319028e-08,1.14808778693826e-08,1.4176824913093e-08,9.67931873866075e-09,1.25698075350315e-08,1.61434831635545e-08,1.33902597141974e-08,1.20167626962275e-08,8.16885691023603e-09,6.25091668435975e-09,1.35420387062312e-08,9.4282975122299e-09,1.45536285990409e-08,7.32217527468407e-09,5.63347146521633e-09,6.40619938964635e-09,8.39635461083719e-09,7.02424243673916e-09,9.71215196660037e-09,5.06180694823725e-09,5.82674082884309e-09,5.80823095647889e-09,6.42165412178758e-09,7.7050418590741e-09,8.18805660911521e-09,5.35301212195535e-09,5.52520534982438e-09,5.16438994809515e-09,7.13921197692307e-09,6.84404457529054e-09,8.41909037178029e-09,2.46291631751306e-08,5.76670422319635e-08,2.38886766589703e-08,4.11218099015738e-08,4.81968442998078e-08,3.22558102706353e-08,4.94275616993062e-08,1.9980079144862e-08,1.03539691109692e-08,4.14232740443436e-08,1.77661503304951e-08,3.56794006008585e-08,1.72629095038826e-08,9.3830092729555e-09,1.03716347228129e-08,1.55751638773732e-08,9.12409204723697e-09,1.43827059080925e-08,7.82255193369377e-09,9.33447533354689e-09,6.53351603708671e-09,7.8319539376173e-09,1.04085210149156e-08,8.68774794085732e-09,8.07614546964342e-09,5.73874992337975e-09,4.5263239226115e-09,8.81272643179864e-09,6.47345578933224e-09,9.93521040188634e-09,4.9890244134268e-09,4.07304563044584e-09,4.8776536625193e-09,5.75318105027203e-09,5.27685221488515e-09,6.99198914883861e-09,3.63350060104891e-09,4.41325752915244e-09,3.90625265769815e-09,4.65999794915041e-09,5.55541074188179e-09,5.97868890746148e-09,4.13934848397837e-09,3.81095781215802e-09,3.68804433958243e-09,5.24615878221843e-09,4.6706084180978e-09,6.33966553903169e-09
1.81564384731637e-08,3.34299361949588e-08,7.47932941271068e-08,2.97464711576547e-08,6.02805367374474e-08,5.17231993776614e-08,2.70701961726778e-08,6.00744412394356e-08,2.61660797127077e-08,4.79466881985224e-08,4.72696215860846e-08,3.80897594747176e-08,5.16368589094538e-08,2.2538152762988e-08,1.46317636903612e-08,4.099494189423e-08,2.15943928917602e-08,3.87903025795856e-08,1.93044241252083e-08,1.25429566447366e-08,1.30298699691567e-08,1.86678321121762e-08,1.36509546686339e-08,1.83053706844862e-08,1.04629734662525e-08,1.11696167549202e-08,6.7613551425149e-09,1.15036648946751e-08,1.1880662288669e-08,1.19864713273577e-08,1.00520945592361e-08,6.09870144486271e-09,5.70658212919525e-09,1.06478951851312e-08,7.07948386697568e-09,1.14509273265047e-08,5.44198574258077e-09,5.11280682579136e-09,6.01743046557062e-09,6.27625302866416e-09,6.83500526643946e-09,7.4580536975442e-09,4.94192305900604e-09,5.65169971862373e-09,5.13776486802791e-09,6.35288197178648e-09,6.01054631014545e-09,6.69671383489041e-09,1.3232888600522e-08,2.74246920933583e-08,5.39253295049447e-08,2.44534808529824e-08,4.41323360813523e-08,3.97362828959981e-08,2.29635929827518e-08,4.35157911260275e-08,1.7236462968526e-08,3.43383219150406e-08,3.51870671220175e-08,2.72944506717244e-08,3.78310118117643e-08,1.57295049774921e-08,8.87260859378757e-09,3.14790632110667e-08,1.32301638302212e-08,2.6571009186138e-08,1.30763574542936e-08,7.55681636083691e-09,7.85725989496039e-09,1.12271311739923e-08,8.98586481986184e-09,1.26432159383789e-08,6.256049222757e-09,6.95016922705009e-09,5.41341732770682e-09,7.92834806837881e-09,7.46862125142248e-09,7.94406616327349e-09,6.25702033321677e-09,4.97320653839466e-09,4.40015498051186e-09,6.66524157782211e-09,5.73871423658728e-09,7.89386375384957e-09,4.49878414331929e-09,3.86805826948384e-09,3.7517961617211e-09,4.72621476817157e-09,5.22939975187091e-09,6.04786742056527e-09,3.62506440853964e-09,3.52756866326685e-09,3.62561366091016e-09,4.80899792738561e-09,4.25513701330322e-09,5.26833208915619e-09
5.17414587154828e-08,5.78585677270798e-08,2.97464711576547e-08,8.09247342611956e-08,4.62122104182011e-08,6.24762458228873e-08,4.87836923184679e-08,2.3900827420186e-08,1.58049665816655e-08,3.7830767058553e-08,2.22566985806977e-08,3.43029922851314e-08,2.10607918875044e-08,1.38718208781584e-08,1.81239256546613e-08,1.9444783654011e-08,1.58338586376736e-08,2.10439519320045e-08,1.16582982257466e-08,1.56378551299742e-08,1.04302319013385e-08,1.33597871233644e-08,1.7439545999651e-08,1.41068014903853e-08,1.31398969064064e-08,8.68156693062215e-09,6.96604065172927e-09,1.44437038085533e-08,1.03383133146937e-08,1.63321354908342e-08,7.86045363017193e-09,6.36699419869468e-09,6.73407309730108e-09,9.33086342110851e-09,7.30647485405597e-09,1.03286559478342e-08,5.84868933540698e-09,6.09854990400258e-09,5.93255227634997e-09,6.64934559652548e-09,7.86377416776853e-09,8.34081479986626e-09,5.66391187207796e-09,5.65319839339897e-09,5.22064623683582e-09,7.33681827297261e-09,6.48050808424876e-09,8.19805000795688e-09,3.53625178659322e-08,3.79249739437333e-08,2.20070378167841e-08,5.63796516022058e-08,3.26445002995253e-08,4.50692408927362e-08,3.19498902549112e-08,1.7671213854925e-08,1.07843375243489e-08,2.68551182488259e-08,1.63436878535891e-08,2.43963245749556e-08,1.49884476590604e-08,9.6925162471418e-09,1.19633551892561e-08,1.39772714012927e-08,1.02999891835697e-08,1.38619830942034e-08,8.30044251839296e-09,1.09830378388758e-08,7.23738572079152e-09,9.1362054190692e-09,1.19052485714327e-08,1.0053947707022e-08,9.19822227166595e-09,6.14819022664458e-09,5.35383998454987e-09,9.85290173351721e-09,7.3095304190888e-09,1.11521264893352e-08,5.35597499103448e-09,4.87344785090378e-09,4.56596810957421e-09,6.49292419098415e-09,5.40483436950123e-09,7.16568618798229e-09,4.27931767719603e-09,4.29885547710474e-09,3.74964425343318e-09,4.6992688115702e-09,5.87879265400969e-09,5.93091974113369e-09,3.94778058259612e-09,3.57961163387233e-09,3.82089390368056e-09,5.48109400510543e-09,4.43241233436912e-09,6.21701933048801e-09
3.11786853993258e-08,7.21787647036215e-08,6.02805367374474e-08,4.62122104182011e-08,1.06676056864328e-07,7.23717791767145e-08,6.07794854725868e-08,4.7936919932229e-08,2.61462752228091e-08,8.82511211522437e-08,3.86824022581272e-08,7.48073579178954e-08,4.1164495557182e-08,2.25867539968705e-08,1.66271936537137e-08,3.33281582765042e-08,2.23140469341512e-08,3.22282755849661e-08,1.92274247515295e-08,1.40623297778348e-08,1.49666809470902e-08,1.9131359739115e-08,1.52018788890355e-08,1.92522407859973e-08,1.19093460022344e-08,1.26839115389495e-08,8.84773774397197e-09,1.29764966693373e-08,1.38145392798082e-08,1.41048829325408e-08,1.13748331513951e-08,8.04332168031557e-09,7.78429100366882e-09,1.23941344445243e-08,9.41711707280094e-09,1.41092979418259e-08,7.23531394144005e-09,7.02852746430865e-09,6.69017629062266e-09,8.55151228096566e-09,8.98200102142989e-09,1.00083351692744e-08,6.6612260766116e-09,6.32133877173356e-09,6.06091052013501e-09,8.44168270936527e-09,7.53615736902915e-09,9.61394681674065e-09,2.30828003026768e-08,5.06984214911187e-08,4.27306048912021e-08,3.45218404554634e-08,7.37856453802116e-08,5.29466840033875e-08,4.3029843672587e-08,3.44028000040508e-08,1.68763200748477e-08,6.11979802244271e-08,2.81932061980925e-08,5.07775105764371e-08,3.00299587905747e-08,1.54864520991072e-08,9.55473889349007e-09,2.52505255784039e-08,1.29027012886244e-08,2.09650908617027e-08,1.28865801726077e-08,8.22232425047652e-09,9.57166155776637e-09,1.09101141022107e-08,1.00515535045401e-08,1.31867262399539e-08,7.00695321050101e-09,7.97552884958947e-09,6.38874127360961e-09,8.77760863765413e-09,8.34690986311480e-09,8.44016361017281e-09,7.02823428314262e-09,5.78708997014597e-09,5.99029789495039e-09,7.39871114149259e-09,7.15261767654778e-09,8.96998052475055e-09,5.35107687585806e-09,5.28042463327497e-09,4.64593260299066e-09,6.29906148589928e-09,6.66064759107311e-09,7.69868110771116e-09,5.06779127032971e-09,4.53225638030819e-09,3.99903221183668e-09,6.29679290162287e-09,5.51689954917125e-09,7.4205321323118e-09
4.5462738291949e-08,4.49093305860428e-08,5.17231993776614e-08,6.24762458228873e-08,7.23717791767145e-08,9.67258928698697e-08,3.75240367042794e-08,4.17196935356567e-08,2.30727104434699e-08,5.96232486910551e-08,3.33856617286341e-08,4.8366323052059e-08,3.55487145989063e-08,1.99591699694125e-08,1.60239015565422e-08,2.87527920125818e-08,2.04621771137392e-08,2.8435717274185e-08,1.67380649076549e-08,1.351789160839e-08,1.50252654923954e-08,1.74355007446368e-08,1.44886850095629e-08,1.77179599880954e-08,1.14100253831736e-08,1.284075118927e-08,9.0407015208101e-09,1.22545649209148e-08,1.45289412215788e-08,1.34667615117144e-08,1.16252149997003e-08,8.28004723225902e-09,7.9476632913954e-09,1.31435247267205e-08,9.58345212256611e-09,1.478588932711e-08,7.57771320123512e-09,7.40259514457376e-09,6.95157230387362e-09,8.81424100300635e-09,9.0024090852183e-09,1.00958140473769e-08,7.00400905103562e-09,6.6371650196119e-09,5.68470280462703e-09,8.40233886763244e-09,7.30547842158191e-09,9.14981298253451e-09,3.24327837745135e-08,3.16361666801218e-08,3.85205049068447e-08,4.57078513193567e-08,5.17643254844125e-08,7.02220244624945e-08,2.62864924652593e-08,3.11575938276796e-08,1.43255137962147e-08,4.21922665989453e-08,2.35559385600425e-08,3.27844237469673e-08,2.66901664890314e-08,1.34706909000477e-08,8.95323939927028e-09,2.12696505471959e-08,1.22642193252242e-08,1.85654593764286e-08,1.11604262114942e-08,7.82957126303968e-09,9.82302286556821e-09,1.05146965492969e-08,9.93584019192181e-09,1.29163614980025e-08,6.8313407319468e-09,8.28664835861598e-09,6.74025582864178e-09,9.0356036917372e-09,9.04191952381337e-09,8.52789667509166e-09,7.36003881103155e-09,6.1314188126346e-09,5.98510269596905e-09,8.05392662136312e-09,6.8392780738963e-09,9.44911341972613e-09,5.55678091961175e-09,5.5131950036526e-09,4.80947359853037e-09,6.20539446026214e-09,7.28708649749993e-09,7.76880936365287e-09,5.21657047458515e-09,4.63893955302107e-09,4.06403606033708e-09,6.6843253687955e-09,5.48066549512142e-09,7.38645709185416e-09
2.77027376439144e-08,7.53849602483684e-08,2.70701961726778e-08,4.87836923184679e-08,6.07794854725868e-08,3.75240367042794e-08,9.37211433291538e-08,3.38164795869996e-08,1.92407168943904e-08,7.69089336039916e-08,3.10461524310961e-08,7.22747349848709e-08,2.8971583098048e-08,1.63072393917644e-08,1.79409386649266e-08,2.62692434610952e-08,1.79012511023193e-08,2.77611089683519e-08,1.38659896557116e-08,1.52495830226503e-08,1.04953426123105e-08,1.51204382942655e-08,1.72705546761148e-08,1.55832919071958e-08,1.2954424371146e-08,8.55710774783181e-09,6.93673346109397e-09,1.44488655972802e-08,9.72560773362582e-09,1.53127522180279e-08,7.65727104810143e-09,6.21918330231512e-09,6.63433597785856e-09,8.67423596884566e-09,7.43583961456538e-09,9.8559599253527e-09,5.49335315855506e-09,5.95737958748892e-09,6.4893578374441e-09,6.74650761691359e-09,8.25110552028693e-09,8.79713958353362e-09,5.40156762957475e-09,5.90851283659802e-09,5.3200605928729e-09,7.44573952543585e-09,7.11653093163095e-09,8.62448124385658e-09,2.06297993207326e-08,4.94291159985743e-08,1.99916093168928e-08,3.41054890441258e-08,4.14335830067034e-08,2.72223845041818e-08,6.21386867407183e-08,2.52163437017722e-08,1.43721615812754e-08,5.29985814784354e-08,2.26353271399324e-08,4.51660899750882e-08,2.14909098868893e-08,1.21487567329001e-08,1.12870222179536e-08,1.89020915191775e-08,1.19168304963973e-08,1.85601364146293e-08,1.00601223551698e-08,1.00130965916171e-08,7.06165321117389e-09,1.02428261498314e-08,1.22975907375328e-08,1.08635539309995e-08,8.43256308981633e-09,5.96233223240367e-09,4.94857349994998e-09,1.00233212370137e-08,6.58274700658965e-09,1.07750513782234e-08,5.21219827883875e-09,4.38972502229094e-09,4.95253261838566e-09,5.72758478262977e-09,5.92873228254459e-09,6.92401591988359e-09,3.95255754722826e-09,4.57572846640376e-09,4.46916610516715e-09,5.1930946278813e-09,6.54779206472124e-09,6.90785074183496e-09,4.24545363856674e-09,4.09752193731347e-09,3.82327938228834e-09,6.0252362773601e-09,4.68942317441253e-09,6.82225407695673e-09
1.44852788320962e-08,2.70546945677609e-08,6.00744412394356e-08,2.3900827420186e-08,4.7936919932229e-08,4.17196935356567e-08,3.38164795869996e-08,7.11388739404464e-08,3.12363668623021e-08,5.81401043641034e-08,5.70639632146943e-08,4.7930621105876e-08,6.00545730112625e-08,2.61683528665814e-08,1.59160730395592e-08,4.83436407112009e-08,2.48643592769986e-08,4.57668192613502e-08,2.22040422763043e-08,1.33266421910716e-08,1.40052016838343e-08,2.12407876268559e-08,1.46385036604741e-08,2.07656824148985e-08,1.11764570255516e-08,1.19808733674951e-08,7.62528400310082e-09,1.23396404324321e-08,1.27271120943451e-08,1.29082682285505e-08,1.08476212909125e-08,6.78146317073233e-09,6.01993142253855e-09,1.14833320373648e-08,7.49439326490403e-09,1.24172486284103e-08,6.00108982534436e-09,5.38421123209217e-09,7.03134903456054e-09,6.57086249469185e-09,7.72938338954536e-09,8.09578776908452e-09,4.96387703466725e-09,6.34858442438452e-09,5.35158846739038e-09,6.91340192678489e-09,6.44752633218474e-09,7.01600684982767e-09,1.09306430721549e-08,2.29537776660695e-08,4.35163021291496e-08,1.98561091898695e-08,3.43336898656285e-08,3.11397495307241e-08,2.87597233578825e-08,5.21924914065657e-08,2.12286685151572e-08,4.40381339815394e-08,4.25178310719627e-08,3.62394237493821e-08,4.48679577138021e-08,1.87203159748754e-08,1.02688794290031e-08,3.68937305204484e-08,1.61270895258349e-08,3.15178861631492e-08,1.57777604294231e-08,8.7190109695783e-09,8.94562648449334e-09,1.377939554322e-08,1.01735061487015e-08,1.45416343964895e-08,7.39873658275298e-09,7.78918845645275e-09,5.99695485903837e-09,8.90940498419329e-09,8.14400175419376e-09,9.03447467067751e-09,7.0494672600978e-09,5.37199513410115e-09,4.55800104034326e-09,7.20758259677177e-09,6.17394422477144e-09,8.75705004487113e-09,4.74857948270353e-09,4.0588364327328e-09,4.69378028917234e-09,5.10974259969416e-09,6.3613494705365e-09,6.64109694240342e-09,3.75967155863884e-09,4.36347228864781e-09,3.6915303825017e-09,5.80662601383814e-09,4.53745838968639e-09,5.72177011142388e-09
1.53910222202015e-08,1.56826925069373e-08,2.61660797127077e-08,1.58049665816655e-08,2.61462752228091e-08,2.30727104434699e-08,1.92407168943904e-08,3.12363668623021e-08,7.67401268455914e-08,3.22010130084493e-08,6.30312665288867e-08,5.85967048079258e-08,2.61737802386473e-08,6.32167987730786e-08,3.20626035148455e-08,5.12130422571475e-08,5.23624733672304e-08,4.21761395487269e-08,5.32414955184762e-08,2.64234732500042e-08,1.55855516786094e-08,4.38638100516377e-08,2.48114619325249e-08,3.91928116058708e-08,2.16374113150648e-08,1.27591337637867e-08,1.1226624433344e-08,2.03136689328302e-08,1.23886239686556e-08,1.93163997544376e-08,1.1074069116405e-08,9.82788143101192e-09,7.37675592776328e-09,1.08790395788924e-08,1.07307802387323e-08,1.2437382766732e-08,8.32887113367296e-09,6.59392687839791e-09,7.21457075143356e-09,9.39127615524787e-09,8.48680644043457e-09,1.08245725360788e-08,5.50666114913969e-09,6.22423733480283e-09,5.57913127934145e-09,7.20642142877759e-09,7.00417660514099e-09,7.92588242963306e-09,1.04954557413479e-08,1.22559007720877e-08,2.19570982731716e-08,1.2414928427347e-08,2.04039722319403e-08,1.90345939484441e-08,1.56677189424432e-08,2.45804144559516e-08,5.29494496544682e-08,2.60743277658341e-08,4.46781962878965e-08,4.29472279260281e-08,2.0995106892019e-08,4.5983487472135e-08,2.06289178951063e-08,3.78430015813079e-08,3.57461730207767e-08,2.91190072124408e-08,3.85665573477819e-08,1.69375061445749e-08,1.04831607713341e-08,2.99021258540802e-08,1.52674819560203e-08,2.70711522062916e-08,1.34508649297271e-08,8.12116074040922e-09,7.711624795065e-09,1.19622041756267e-08,8.05094085907175e-09,1.18604414441502e-08,7.1922521577936e-09,6.81023823950243e-09,4.63165264998112e-09,7.4030570461246e-09,7.73551512946335e-09,8.68418026336109e-09,5.75704219458226e-09,4.08826208958405e-09,4.27122066527661e-09,6.57875770057592e-09,5.85273269758209e-09,8.00307843757715e-09,3.4326311266157e-09,3.6969944364951e-09,3.96319297097901e-09,5.001639052007e-09,4.56054570376975e-09,5.65849733794652e-09
2.5657522454728e-08,6.07690349873483e-08,4.79466881985224e-08,3.7830767058553e-08,8.82511211522437e-08,5.96232486910551e-08,7.69089336039916e-08,5.81401043641034e-08,3.22010130084493e-08,1.09948572592211e-07,4.86581603527927e-08,9.57579603111268e-08,4.90710576452883e-08,2.67585399764151e-08,1.82867769999669e-08,4.05399429944639e-08,2.69064643865677e-08,3.9973377478359e-08,2.27501766677568e-08,1.53561197556062e-08,1.61880788694538e-08,2.30398018373218e-08,1.66961459355383e-08,2.27136387834186e-08,1.30967190503238e-08,1.36427190279895e-08,9.93157847868937e-09,1.41599132940975e-08,1.47693619362608e-08,1.53289281076926e-08,1.22211997446806e-08,8.91397718589284e-09,7.97262104606592e-09,1.32542446893177e-08,9.78745364808276e-09,1.46840161540533e-08,7.98114862806202e-09,7.24090731050125e-09,7.96098990366897e-09,8.87605447449642e-09,9.76512341086942e-09,1.07693898454398e-08,6.58770167230569e-09,7.10958198871352e-09,6.5389513081637e-09,8.77178600320447e-09,8.09381094687106e-09,9.81768592666406e-09,1.90775640626026e-08,4.30242060619387e-08,3.44104101851917e-08,2.82684755841803e-08,6.12013536509738e-08,4.32481371108178e-08,5.46868434756714e-08,4.27155309883841e-08,2.22924824062198e-08,7.88523505196261e-08,3.5753095780433e-08,6.76388464976114e-08,3.685552541842e-08,1.98306156283666e-08,1.09085517289635e-08,3.07293097240146e-08,1.73115883939986e-08,2.62082595688234e-08,1.68352632981066e-08,9.39313494148702e-09,1.04431289309999e-08,1.48099984153705e-08,1.20565513082863e-08,1.71384129581672e-08,8.18942106833726e-09,8.60277917112315e-09,6.89270975100202e-09,1.03428218756392e-08,9.04301595151748e-09,1.0044978545054e-08,7.60039972254817e-09,6.05914621588636e-09,6.10654358394539e-09,7.7364441832447e-09,7.71804475584305e-09,9.73617790122712e-09,5.53995842640604e-09,5.41372448754144e-09,5.75348414096992e-09,6.77465913762535e-09,7.68889574022089e-09,8.57082350112085e-09,5.07357473078294e-09,5.44338181015864e-09,4.27028302118136e-09,7.15532261788744e-09,5.78016620945475e-09,7.74084119866551e-09
1.53316860408717e-08,2.43602931286944e-08,4.72696215860846e-08,2.22566985806977e-08,3.86824022581272e-08,3.33856617286341e-08,3.10461524310961e-08,5.70639632146943e-08,6.30312665288867e-08,4.86581603527927e-08,9.5963778009953e-08,7.93847165693326e-08,4.8346439099616e-08,5.12086713929448e-08,2.8312799561221e-08,7.90585268619981e-08,4.23560744391239e-08,6.71294723018873e-08,4.29841010295263e-08,2.33335036180923e-08,1.57447543460096e-08,3.55749241989756e-08,2.29295865368709e-08,3.25709792960376e-08,1.91830099518069e-08,1.30508731509856e-08,1.28361868086848e-08,1.90280340455293e-08,1.37150051151732e-08,1.89749197655909e-08,1.14385010681817e-08,1.12891426849354e-08,8.40574372062649e-09,1.20594272000153e-08,1.23423836537608e-08,1.33690414958674e-08,9.60811032361931e-09,7.50769132704173e-09,8.45532940030508e-09,1.06776186944914e-08,1.04362106539084e-08,1.29539240643166e-08,6.684937526133e-09,7.60449478841664e-09,6.409806220265e-09,9.31236308050677e-09,8.09668425905496e-09,9.54399626645478e-09,1.23735990874748e-08,1.96579978718199e-08,3.72904209436856e-08,1.86353018708404e-08,2.96416074871018e-08,2.75036632332951e-08,2.48404803067008e-08,4.40497725753965e-08,4.345596668145e-08,3.84905241622325e-08,6.87888535522727e-08,5.80796546517924e-08,3.74671432776501e-08,3.70974511085844e-08,1.72157062767337e-08,5.77634805387074e-08,2.85668882313122e-08,4.6862120469055e-08,3.12887030745093e-08,1.44130245003435e-08,1.07753021890628e-08,2.41166054867716e-08,1.46471386841528e-08,2.2733300323512e-08,1.15335628800827e-08,8.50479657456145e-09,9.28271345333098e-09,1.18994269932969e-08,8.3674538221711e-09,1.12319959677936e-08,7.69157400863983e-09,8.10763381375289e-09,6.47176638911580e-09,7.59665969055338e-09,9.38407301665797e-09,9.21552622576166e-09,6.99860337715976e-09,5.83919951506638e-09,5.37359094148846e-09,7.99698799117485e-09,7.85547442789445e-09,9.59909789776989e-09,5.33872254720304e-09,4.9620766134718e-09,4.26539109981441e-09,7.16883714365109e-09,5.78722762943862e-09,7.36876793582684e-09
2.54556044993898e-08,5.61967899224096e-08,3.80897594747176e-08,3.43029922851314e-08,7.48073579178954e-08,4.8366323052059e-08,7.22747349848709e-08,4.7930621105876e-08,5.85967048079258e-08,9.57579603111268e-08,7.93847165693326e-08,1.36553788794892e-07,3.99756495341327e-08,4.7129694089179e-08,2.86179722495662e-08,6.41839764811758e-08,4.13804882157611e-08,5.70615887409309e-08,3.94605330603323e-08,2.38380579095064e-08,1.65804910328458e-08,3.47282073302828e-08,2.35597203801145e-08,3.1780745557244e-08,1.97702794093301e-08,1.34360060206587e-08,1.41077397872384e-08,1.95735832471729e-08,1.47367427260846e-08,1.96216870905588e-08,1.19963862405847e-08,1.25353245681344e-08,1.02489722671515e-08,1.3083306718297e-08,1.37778027157312e-08,1.40043818395675e-08,1.08033817539005e-08,9.21945179051291e-09,8.89498069910813e-09,1.22097932010605e-08,1.19551203144407e-08,1.45461986372067e-08,8.16790264482514e-09,7.88822942127271e-09,7.13355876639976e-09,1.07529241806477e-08,9.3213330872475e-09,1.17220270525121e-08,1.90816218102448e-08,3.80137703089625e-08,3.01192272886391e-08,2.55019201730642e-08,5.44607120765432e-08,3.81784594991764e-08,4.96474944230405e-08,3.76948425460361e-08,4.03385829110394e-08,7.11353823681105e-08,5.63471164541554e-08,9.14003849495608e-08,3.19389560399756e-08,3.57180841867649e-08,1.77640176314664e-08,4.81291968645186e-08,2.85805669640902e-08,3.9151660237935e-08,2.99686984361309e-08,1.48975418358054e-08,1.1653813414456e-08,2.40549120087533e-08,1.61298662131865e-08,2.36837787449986e-08,1.22053353986015e-08,8.77782394973282e-09,9.81691333488472e-09,1.30940505400116e-08,8.53220143628050e-09,1.18109743755761e-08,7.80902027130614e-09,8.5261199601196e-09,8.21260297383227e-09,7.58861370336015e-09,1.05134822377702e-08,8.99373222341869e-09,7.51087998786511e-09,7.41112657121969e-09,6.50651823197984e-09,9.33706837693273e-09,8.53553357791177e-09,1.06991048556876e-08,6.93105649274158e-09,6.13850735140082e-09,4.57694540983421e-09,8.02595643949189e-09,7.08337716247843e-09,8.90631321378871e-09
1.26974316672872e-08,2.38137402780969e-08,5.16368589094538e-08,2.10607918875044e-08,4.1164495557182e-08,3.55487145989063e-08,2.8971583098048e-08,6.00545730112625e-08,2.61737802386473e-08,4.90710576452883e-08,4.8346439099616e-08,3.99756495341327e-08,6.79407112173924e-08,2.8787460894455e-08,1.8016204564667e-08,5.42239419227231e-08,2.78926175579731e-08,5.17372648001854e-08,2.41562315977029e-08,1.49139054105599e-08,1.59301063003402e-08,2.34494967112834e-08,1.66476952987731e-08,2.30032148557731e-08,1.22794777066528e-08,1.33825841216095e-08,8.32437465205479e-09,1.38513211429738e-08,1.42508402199907e-08,1.43421087439115e-08,1.20327524726436e-08,7.39840707118328e-09,6.72840587591035e-09,1.28785706392495e-08,8.46334104459101e-09,1.39558858848371e-08,6.47522834491004e-09,5.88737248574e-09,7.15594796903795e-09,7.30121319904554e-09,8.06406822297638e-09,8.72954957628498e-09,5.35813165248813e-09,6.39339277302635e-09,5.55369926155359e-09,7.22025895374767e-09,6.63119509698777e-09,7.42953786918638e-09,9.20940989968171e-09,2.06432423237899e-08,3.78363488699662e-08,1.78139268178318e-08,3.05138558771026e-08,2.68758325876899e-08,2.52083813568612e-08,4.4869945977878e-08,1.87195872772873e-08,3.83816039553314e-08,3.68944284539977e-08,3.18778386323748e-08,4.9982645349243e-08,1.98081459818208e-08,1.13933140434699e-08,4.1826309195052e-08,1.69545368116922e-08,3.48369653435529e-08,1.70248714998151e-08,9.73996728784231e-09,1.06617144530598e-08,1.47015573607006e-08,1.17710300233838e-08,1.57485297750624e-08,8.02646430000989e-09,9.11384250185476e-09,6.41744568279148e-09,1.01219011938404e-08,9.44732336033598e-09,1.02360954683847e-08,8.11924446056738e-09,5.81121915922777e-09,5.06018190239476e-09,8.42746111429966e-09,6.95740398462283e-09,1.01262876683784e-08,5.12708206828043e-09,4.44236728128038e-09,4.88480365941629e-09,5.82648721325005e-09,6.54953637102229e-09,6.94757347044165e-09,3.9723039544053e-09,4.50780264244402e-09,3.82059573206337e-09,5.95896322167209e-09,4.76151178454503e-09,5.86573708227566e-09
1.36430321295554e-08,1.35637159203769e-08,2.2538152762988e-08,1.38718208781584e-08,2.25867539968705e-08,1.99591699694125e-08,1.63072393917644e-08,2.61683528665814e-08,6.32167987730786e-08,2.67585399764151e-08,5.12086713929448e-08,4.7129694089179e-08,2.8787460894455e-08,6.86566594603862e-08,3.44271429489571e-08,5.6149874075183e-08,5.65651083365383e-08,4.58729367277267e-08,5.74920721265071e-08,2.81987152295701e-08,1.65952575332494e-08,4.70097316184121e-08,2.62499220525075e-08,4.19194686143415e-08,2.301383926992e-08,1.33438173226122e-08,1.22182527346194e-08,2.14535399897179e-08,1.28917667708065e-08,2.03525619997399e-08,1.15732769544112e-08,1.07353905003014e-08,7.94556548332310e-09,1.13033065927159e-08,1.19140364109545e-08,1.29910598401899e-08,9.06410010137872e-09,7.12690103740225e-09,7.51442804120655e-09,1.03811167004857e-08,9.07502802417935e-09,1.19169312053234e-08,5.88748063532651e-09,6.32502560903685e-09,5.775330551798e-09,7.59046308245384e-09,7.20482113541298e-09,8.3696753864807e-09,9.40528441043934e-09,1.07960835740093e-08,1.90040102921292e-08,1.09982026680472e-08,1.78131553345018e-08,1.67017300126325e-08,1.38560057605655e-08,2.09948743355607e-08,4.59825584081463e-08,2.18275521614178e-08,3.78427571535203e-08,3.67377021253254e-08,2.27612007823146e-08,4.90543137722209e-08,2.12897150020304e-08,4.17684801350074e-08,3.7179009313388e-08,3.11790367729427e-08,4.14953665568431e-08,1.77174482323289e-08,1.11986761718319e-08,3.13840999998844e-08,1.6500551036657e-08,2.92278456295989e-08,1.40705119953113e-08,8.71335565636672e-09,8.13041480467259e-09,1.29220164137733e-08,8.45910943760202e-09,1.28455979015468e-08,7.56731597950376e-09,7.26509032795428e-09,4.99206416632042e-09,7.75681293248921e-09,8.57607261495126e-09,8.9267554507973e-09,6.16167009126328e-09,4.42341392955172e-09,4.63997578975825e-09,7.26363653693157e-09,6.22848410614381e-09,8.72308929462989e-09,3.60523201034479e-09,3.83584805755321e-09,3.95338727824933e-09,5.20160178007383e-09,4.65486031104995e-09,5.80280727255264e-09
1.1915760553831e-08,1.655714225731e-08,1.46317636903612e-08,1.81239256546613e-08,1.66271936537137e-08,1.60239015565422e-08,1.79409386649266e-08,1.59160730395592e-08,3.20626035148455e-08,1.82867769999669e-08,2.8312799561221e-08,2.86179722495662e-08,1.8016204564667e-08,3.44271429489571e-08,7.95742845640854e-08,3.07862888416113e-08,6.24239102189916e-08,5.57348317915213e-08,2.82070181400884e-08,6.34043354656251e-08,2.90628717576724e-08,5.01683946135778e-08,5.04798923328874e-08,3.88994279527863e-08,5.26161783867287e-08,2.36508844392818e-08,1.21782915867943e-08,4.155023620389e-08,2.22430581324016e-08,3.85901208499506e-08,2.03609994832809e-08,1.05969080991231e-08,1.2974055292037e-08,1.92280064798301e-08,1.23966563267941e-08,2.04991497134282e-08,9.30081509761457e-09,1.12851054635192e-08,8.10303242754146e-09,1.08965979627083e-08,1.27936084514794e-08,1.23352230012177e-08,9.47486287102176e-09,6.55187048248205e-09,6.1685910915747e-09,1.07387960071258e-08,7.98244988378178e-09,1.20091286988267e-08,9.08667835091104e-09,1.13130499481502e-08,1.31298393542945e-08,1.23003032429274e-08,1.42738119539445e-08,1.28252644143056e-08,1.28725517583756e-08,1.36743391502775e-08,2.54255753432123e-08,1.61375331461379e-08,2.20205376597168e-08,2.39409086870179e-08,1.51108209251685e-08,2.64555402174382e-08,5.07844327834703e-08,2.42903427011013e-08,4.32881108623356e-08,3.81696145570409e-08,2.17525369543921e-08,4.05181130848243e-08,1.83811523122451e-08,3.52062441686932e-08,3.1682577850907e-08,2.69938612094446e-08,3.39603939737956e-08,1.47570298199982e-08,7.44990489500764e-09,2.53112852619628e-08,1.38555116621123e-08,2.36855159648289e-08,1.28999413197753e-08,6.53032936789832e-09,8.68538876286584e-09,1.24263349164705e-08,8.81788896730126e-09,1.35957774877404e-08,5.55134085771204e-09,7.82519076815777e-09,4.8631408074994e-09,7.51038012581089e-09,8.87721995606675e-09,9.00036425150724e-09,6.63065810303881e-09,4.00379775703359e-09,4.36648896272805e-09,7.54323723337303e-09,5.3368627575958e-09,8.42036173477744e-09
1.33794049172669e-08,2.11419804970749e-08,4.099494189423e-08,1.9444783654011e-08,3.33281582765042e-08,2.87527920125818e-08,2.62692434610952e-08,4.83436407112009e-08,5.12130422571475e-08,4.05399429944639e-08,7.90585268619981e-08,6.41839764811758e-08,5.42239419227231e-08,5.6149874075183e-08,3.07862888416113e-08,8.9333673970202e-08,4.5979752062844e-08,7.48473999143486e-08,4.67169676705044e-08,2.526376125021e-08,1.72266854330183e-08,3.80855784518472e-08,2.50727984881184e-08,3.51893129743217e-08,2.06535744800807e-08,1.40840531271205e-08,1.42225975077051e-08,2.06983360327685e-08,1.45126010732952e-08,2.03100221562382e-08,1.23204666778575e-08,1.25345733561463e-08,9.34649609849444e-09,1.27823717588568e-08,1.40668419229381e-08,1.43904930381938e-08,1.06282674895108e-08,8.24557227667424e-09,8.85249156981554e-09,1.2085132253157e-08,1.11225698239689e-08,1.42586274476761e-08,7.26273024634896e-09,7.75596133363464e-09,6.74468562845549e-09,9.80237080379098e-09,8.47074868070828e-09,1.0122963301855e-08,1.07937380553844e-08,1.74225584168514e-08,3.21567167894194e-08,1.66166642444851e-08,2.58190500640707e-08,2.35497897088445e-08,2.17409063188416e-08,3.74686245928939e-08,3.70963852299168e-08,3.26458845572712e-08,5.77639165819431e-08,4.89153217079535e-08,4.15452572049947e-08,3.99703491371796e-08,1.80724266788866e-08,6.58792798321086e-08,2.97786469021653e-08,5.14945624837113e-08,3.40734780890355e-08,1.53716974675095e-08,1.15291218981522e-08,2.53726572745664e-08,1.56951350937909e-08,2.43380086754006e-08,1.22604392443269e-08,9.17140938477697e-09,9.90325023627171e-09,1.2621304527477e-08,9.06699830120803e-09,1.24376395080524e-08,8.14422745541997e-09,8.74958147521579e-09,6.96359141956963e-09,8.25845195413899e-09,1.08239001377123e-08,9.90346394777696e-09,7.57326819474175e-09,6.2150508395565e-09,5.96409663118194e-09,9.25776131500773e-09,8.18303977768106e-09,1.04456913225551e-08,5.555888344347e-09,5.30552133726123e-09,4.37001136261065e-09,7.334303660743e-09,6.01956155764666e-09,7.50045380366579e-09
1.60367489209918e-08,1.4958122415227e-08,2.15943928917602e-08,1.58338586376736e-08,2.23140469341512e-08,2.04621771137392e-08,1.79012511023193e-08,2.48643592769986e-08,5.23624733672304e-08,2.69064643865677e-08,4.23560744391239e-08,4.13804882157611e-08,2.78926175579731e-08,5.65651083365383e-08,6.24239102189916e-08,4.5979752062844e-08,9.32417271714352e-08,7.6282881543353e-08,4.70143961516947e-08,5.01609730757791e-08,2.68318871672056e-08,7.61406522153532e-08,3.91002310902341e-08,5.96797848710192e-08,4.14257842030497e-08,2.19858106292147e-08,1.28827890786326e-08,3.21991645448674e-08,2.05251339772758e-08,2.95847273174045e-08,1.88205089858108e-08,1.10107809829022e-08,1.47210481995028e-08,1.76444479348383e-08,1.24997129026657e-08,1.94405635431322e-08,9.5552632447925e-09,1.26279748103168e-08,9.31997464502697e-09,1.08879198509804e-08,1.46329557883689e-08,1.28091009723932e-08,1.08355662724176e-08,7.61336138416598e-09,6.55124633063826e-09,1.24999699123821e-08,8.67112167691287e-09,1.32364141042808e-08,1.08271331574906e-08,1.1569078567088e-08,1.8596638113786e-08,1.23593516303543e-08,1.9104232567202e-08,1.70689189088585e-08,1.45409448111232e-08,1.98365451987141e-08,3.94300917231029e-08,2.30973181930096e-08,3.16691312769009e-08,3.38138862809327e-08,2.15678726614081e-08,4.19810282242245e-08,4.04845505305096e-08,3.47781894329385e-08,6.32993068233857e-08,5.15408902544394e-08,3.5000523143316e-08,3.29933256332944e-08,1.67606516844189e-08,5.24726139386329e-08,2.59725795743094e-08,4.21910596229448e-08,2.76409897149963e-08,1.34655354770326e-08,7.85959020256246e-09,2.09278590875864e-08,1.25863300588874e-08,1.91763161736267e-08,1.14908820272664e-08,6.68498475541999e-09,9.24835474039959e-09,1.13335218678177e-08,8.0417157580543e-09,1.26867606267168e-08,5.5145127404602e-09,8.08185852343614e-09,5.28259788377458e-09,6.58971387390052e-09,9.54011185163656e-09,9.02529616043098e-09,6.98052950254253e-09,4.39206641533083e-09,4.14539876355832e-09,8.18110951259943e-09,5.16518043218721e-09,8.64256377103893e-09
1.49616629940589e-08,2.21777511319028e-08,3.87903025795856e-08,2.10439519320045e-08,3.22282755849661e-08,2.8435717274185e-08,2.77611089683519e-08,4.57668192613502e-08,4.21761395487269e-08,3.9973377478359e-08,6.71294723018873e-08,5.70615887409309e-08,5.17372648001854e-08,4.58729367277267e-08,5.57348317915213e-08,7.48473999143486e-08,7.6282881543353e-08,1.12470673973405e-07,3.77428519207164e-08,4.42787335132603e-08,2.51096692156727e-08,6.18466225671213e-08,3.53777437475521e-08,4.88338857522722e-08,3.6472407804815e-08,2.04305651331107e-08,1.3457517052299e-08,2.91052519327576e-08,2.01377675576601e-08,2.74507300125551e-08,1.78121771071304e-08,1.1624781293008e-08,1.52427107190055e-08,1.74873885281687e-08,1.3336682854857e-08,1.89849251080344e-08,1.01357283117507e-08,1.30654600058484e-08,9.96913025991393e-09,1.14956734378427e-08,1.57744697852514e-08,1.43968559607792e-08,1.16726490972859e-08,8.5330737387187e-09,7.00248916791959e-09,1.39130370009556e-08,9.24834335600951e-09,1.42523733594679e-08,1.13507214634667e-08,1.80199374710757e-08,3.07698224783529e-08,1.77232980305241e-08,2.58677302440336e-08,2.31693610662136e-08,2.21376416125348e-08,3.50088543054638e-08,3.13851097187265e-08,3.23186660072228e-08,4.86385984645482e-08,4.38068881811999e-08,3.90179700849655e-08,3.36541769200075e-08,3.47461661893688e-08,5.48290381007791e-08,5.26020820259855e-08,7.60473504611511e-08,2.84344230873292e-08,2.84404570876832e-08,1.54567861506945e-08,4.40614242042279e-08,2.25666726622032e-08,3.45235981119961e-08,2.36395743387802e-08,1.22799810307996e-08,8.46245657571545e-09,1.83765824549535e-08,1.14911897683862e-08,1.73251121828028e-08,1.07927220741212e-08,7.32505560045818e-09,1.04359322908038e-08,1.03892575853939e-08,9.21596673616523e-09,1.17965255653493e-08,6.18860004653772e-09,9.23307779642e-09,6.61273516110456e-09,7.72115774775532e-09,1.11893390595433e-08,1.01481423964073e-08,8.34954741277797e-09,5.87811722779902e-09,4.26458179932675e-09,1.00129671156027e-08,6.12455004422954e-09,9.6156842237335e-09
1.15702188437676e-08,1.14808778693826e-08,1.93044241252083e-08,1.16582982257466e-08,1.92274247515295e-08,1.67380649076549e-08,1.38659896557116e-08,2.22040422763043e-08,5.32414955184762e-08,2.27501766677568e-08,4.29841010295263e-08,3.94605330603323e-08,2.41562315977029e-08,5.74920721265071e-08,2.82070181400884e-08,4.67169676705044e-08,4.70143961516947e-08,3.77428519207164e-08,6.70243702675269e-08,3.28700258120961e-08,1.9034587216356e-08,5.59170182328668e-08,2.95811455141487e-08,4.96409902403915e-08,2.64447300629496e-08,1.52485299700834e-08,1.37348718281513e-08,2.38748031584709e-08,1.49988925633924e-08,2.2670937476278e-08,1.28048959259075e-08,1.21142930919387e-08,9.24205265897135e-09,1.27481350257999e-08,1.35169800991851e-08,1.45939075539396e-08,1.02580064353e-08,8.15875765352389e-09,7.98190583540067e-09,1.17416513864613e-08,1.00097711734319e-08,1.32652982422514e-08,6.63959311626059e-09,6.58375985994528e-09,6.03636363440282e-09,8.20470862501786e-09,7.493389957046e-09,8.84471541093966e-09,7.51222669591401e-09,9.31398296818103e-09,1.58820021002735e-08,9.48146368454092e-09,1.49718136133485e-08,1.41069167324661e-08,1.17282850022573e-08,1.69837768527839e-08,3.85616255283465e-08,1.79408377735306e-08,3.12350326638025e-08,3.091257065307e-08,1.8509541900817e-08,4.14950112858472e-08,1.77206303282325e-08,3.46017471752492e-08,3.13840088385365e-08,2.56954767739039e-08,4.80547845942939e-08,2.18349859209637e-08,1.29016935016431e-08,3.73412813148824e-08,2.00875701900109e-08,3.51809124232535e-08,1.71509680852914e-08,1.00312230837407e-08,8.86231125891328e-09,1.55531383667687e-08,9.27604262941363e-09,1.44807072109268e-08,8.6492139687775e-09,7.90288906379525e-09,6.16469801667071e-09,8.52941571892112e-09,9.15800585799349e-09,9.66646834995332e-09,6.76494807872896e-09,5.33387551258446e-09,4.75008496638772e-09,7.82920248445958e-09,6.92491775168766e-09,9.14526543299005e-09,4.25502816301107e-09,3.99197062032874e-09,4.04080840593758e-09,5.61344168714754e-09,4.6333811059738e-09,6.11291209758281e-09
