1.41668899126092e-08,7.35953985944824e-09,3.90729417229914e-09,1.13086851594164e-08,6.98839155860295e-09,1.061459453534e-08,6.24725960041693e-09,3.26222251902911e-09,3.48033583390786e-09,5.86915016720769e-09,3.51800466932861e-09,6.02716698044761e-09,2.76349336657773e-09,2.95778086963808e-09,2.0445602360987e-09,2.94376891078202e-09,3.19102569483338e-09,3.3021041456317e-09,2.49195457980923e-09,1.66265188176637e-09,1.260876359244e-09,2.70868123558584e-09,1.68218033678718e-09,2.76390325009379e-09,1.40077618145707e-09,1.08178367005338e-09,1.01017714187593e-09,1.41885165911724e-09,1.20621023013549e-09,1.49053581299485e-09,1.02090230240532e-09,9.65839605872843e-10,1.04873689877021e-09,1.13542759634309e-09,1.2164155358349e-09,1.32668897554862e-09,8.16259285652449e-10,8.93283762371954e-10,8.92877339854036e-10,1.02802984075194e-09,1.0783919263863e-09,1.23344880996791e-09,8.33723032352108e-10,7.90194576122368e-10,6.9674042304174e-10,9.72682366882339e-10,8.63156270510586e-10,1.03238750231028e-09,7.76401354567977e-09,3.5285670235074e-09,1.70157715149743e-09,6.3916763651734e-09,3.48401511898275e-09,5.92706149633362e-09,2.92874441449857e-09,1.51880230080051e-09,1.66704997354908e-09,3.0364475948392e-09,1.74550842039903e-09,3.14739711851667e-09,1.27001067790022e-09,1.41705544502185e-09,1.03795362214912e-09,1.52004952468718e-09,1.47684905234282e-09,1.62785929624443e-09,1.18208579590935e-09,8.82762460737725e-10,6.00071192865003e-10,1.26212792086289e-09,7.83040876211611e-10,1.21208777810728e-09,7.15583308187568e-10,4.66583325323132e-10,4.0860622271028e-10,6.20312486676477e-10,5.09797527902224e-10,7.00642453290388e-10,4.40096272524573e-10,4.24945273850029e-10,4.24961356344067e-10,4.87726573495012e-10,4.77651482590991e-10,5.00702269647657e-10,3.6783439300426e-10,3.2418041568089e-10,4.79093400845691e-10,3.90440249912285e-10,4.1136519084675e-10,5.5445100430258e-10,2.93841356914623e-10,4.4507716735942e-10,2.8920939933472e-10,3.91704002750778e-10,4.08874483805021e-10,4.02782410902193e-10
7.35953985944824e-09,2.32624792135808e-08,7.66439367498256e-09,1.39333249736357e-08,1.97740743200082e-08,1.05705754511133e-08,1.96829662470934e-08,6.44527884197481e-09,3.93976854291035e-09,1.69052020885042e-08,6.21764304534608e-09,1.71299905610201e-08,5.47087778569527e-09,3.35503073799058e-09,3.93807734932601e-09,5.17447633874856e-09,3.58912786661868e-09,5.32402719531457e-09,2.78332824139179e-09,3.29760663210471e-09,1.74549363248001e-09,3.02952567890807e-09,3.30998730973993e-09,2.99134674251051e-09,2.82362113003135e-09,1.5106607459253e-09,1.21340282860971e-09,2.82782732555298e-09,1.68771535512121e-09,2.94871371039939e-09,1.35136241942873e-09,1.11434036515094e-09,1.12439519698402e-09,1.46955910648863e-09,1.30543749826886e-09,1.58453642397835e-09,9.6861782418272e-10,9.96978689456862e-10,9.86337596066921e-10,1.11139405728177e-09,1.29198894915058e-09,1.44000292674687e-09,1.01666098517849e-09,8.4840375513972e-10,7.93064887687168e-10,1.13398268317379e-09,9.91257132550549e-10,1.22790443573497e-09,3.97162840894042e-09,1.03636175295092e-08,4.02534651171949e-09,7.79723745021837e-09,8.33149127121968e-09,5.94178000067449e-09,8.40150751273859e-09,3.47886185652691e-09,1.83024891030482e-09,7.15596443530924e-09,3.33059747656873e-09,6.98298723166583e-09,2.97522899171978e-09,1.61521067346994e-09,1.59634589963077e-09,2.81851439806972e-09,1.71545176596775e-09,2.78801048534843e-09,1.43848233585228e-09,1.38214929465637e-09,9.14364196300601e-10,1.46527892611077e-09,1.35601199506387e-09,1.69356097053837e-09,1.26583280062447e-09,8.03592934572857e-10,5.69659961350257e-10,1.3154693738472e-09,8.10624455238055e-10,1.25677402120647e-09,6.85183696567071e-10,5.77439016801318e-10,4.93285258038171e-10,6.74198770984181e-10,7.11362182784516e-10,6.55284682660012e-10,5.10682476598505e-10,4.38392899625479e-10,5.2455018346076e-10,6.09940449117112e-10,5.06939339834281e-10,7.40720231205488e-10,4.83155733132518e-10,5.19438758716012e-10,4.31184969710309e-10,4.54309456089032e-10,5.65212675297427e-10,5.32098515315035e-10
3.90729417229914e-09,7.66439367498256e-09,1.665239064168e-08,6.61413183879592e-09,1.34666577330089e-08,1.19632704669895e-08,6.44784307777345e-09,1.3525464537479e-08,6.21307638269395e-09,1.07927906118294e-08,1.12158579720055e-08,8.95342343680399e-09,1.15910466596694e-08,5.27961476283047e-09,3.40283057650438e-09,9.5826095707136e-09,5.38466627015562e-09,9.37284000842624e-09,4.44277259698506e-09,2.79902761864763e-09,2.4409659024616e-09,4.53864362469112e-09,2.75150101500397e-09,4.38249138689791e-09,2.28103138606925e-09,2.16189076652122e-09,1.24328107312928e-09,2.23545523609886e-09,2.32590811462829e-09,2.14877158317738e-09,1.94004877720638e-09,1.16444991463236e-09,1.27730776563529e-09,2.11841971949681e-09,1.45250640801308e-09,2.46967480881817e-09,1.02791839644996e-09,1.09055144972623e-09,1.07742959042943e-09,1.26395631354645e-09,1.31648810525985e-09,1.45764220334728e-09,1.13983122094569e-09,9.77069689517369e-10,9.78419629401073e-10,1.29002270833744e-09,1.10188893098498e-09,1.38041352480148e-09,2.39588648835838e-09,3.75793887972065e-09,7.63922614212644e-09,3.90158112724003e-09,6.24423797685077e-09,6.40146236760096e-09,3.09640468938589e-09,6.35722325949553e-09,3.46300849986794e-09,5.21228281937802e-09,5.87830142431887e-09,4.52261366691543e-09,5.58046816148522e-09,2.98444523330122e-09,1.42614809938343e-09,5.09623436739771e-09,2.8712128537186e-09,4.70560437038229e-09,2.64394245148393e-09,1.15871972817512e-09,9.10220839242858e-10,2.48323125520155e-09,1.25379331379885e-09,2.50140541618136e-09,9.70432846515309e-10,7.92482582452401e-10,4.65079629116454e-10,1.07402116822805e-09,8.54670614589837e-10,1.17150841965561e-09,7.23997896430276e-10,4.75364750284289e-10,4.90076860900256e-10,8.09539123712979e-10,5.48575370481097e-10,6.40283972260305e-10,4.02732161592447e-10,3.9340119223313e-10,4.88697721190749e-10,4.59729607831885e-10,6.5004425122539e-10,7.81709477029964e-10,3.85172628952927e-10,5.21507978152025e-10,5.09519162483178e-10,5.9945535001345e-10,6.64313223853773e-10,7.06819049406992e-10
1.13086851594164e-08,1.39333249736357e-08,6.61413183879592e-09,1.90201809034141e-08,1.04829716234073e-08,1.47079186449192e-08,1.15643537782237e-08,5.55209162547941e-09,3.84361691465677e-09,8.78595902119289e-09,5.57365931776028e-09,8.67780736642832e-09,4.7515680032609e-09,3.29274610324545e-09,4.08978357024594e-09,4.72248773060436e-09,3.54330188399342e-09,4.9347545412012e-09,2.67978661207797e-09,3.32412540765864e-09,1.66491458337671e-09,2.92158085807732e-09,3.35661230592025e-09,2.84966663033313e-09,2.86162255512909e-09,1.46227607646837e-09,1.29628920050503e-09,2.88906507346423e-09,1.67692044117882e-09,3.04006777914807e-09,1.34835389202402e-09,1.21027211445212e-09,1.20117293189793e-09,1.52600574872294e-09,1.442125498642e-09,1.67391735369683e-09,1.00097810378548e-09,1.05472742164229e-09,1.00658404600123e-09,1.18985903973094e-09,1.25580944344378e-09,1.39525705598025e-09,1.02079739139888e-09,9.05452980294519e-10,8.70183485158627e-10,1.18002269969417e-09,1.09172661049964e-09,1.34626090217718e-09,6.31799654034367e-09,7.19945836990552e-09,3.59162880318752e-09,1.05128606804372e-08,5.71431358779127e-09,8.54193675041785e-09,5.69556754537638e-09,3.08419954444992e-09,1.86378732758759e-09,4.87289216210602e-09,2.99326172586893e-09,4.57764798033911e-09,2.6669207254911e-09,1.60481166735663e-09,1.7530516586953e-09,2.54625387931421e-09,1.86035000138398e-09,2.63993193001689e-09,1.44567893805784e-09,1.47844219958481e-09,8.61372089154457e-10,1.6127279100616e-09,1.36044037592741e-09,1.75047216945205e-09,1.33684555817667e-09,7.27209456627634e-10,5.61892951304135e-10,1.28737509810703e-09,7.90991951713708e-10,1.21852546726517e-09,6.68716580463844e-10,5.74947934628275e-10,4.51830610249339e-10,6.96079232386432e-10,5.75693615892017e-10,5.94680221216402e-10,4.93190950448536e-10,4.01107415052289e-10,5.13914356229624e-10,4.80594089228569e-10,4.30147472580129e-10,5.68803131756435e-10,3.98086333866259e-10,5.15368934112192e-10,4.41730266883455e-10,4.50621024627976e-10,6.18153887268707e-10,5.88700161535917e-10
6.98839155860295e-09,1.97740743200082e-08,1.34666577330089e-08,1.04829716234073e-08,2.81362418770116e-08,1.70181775877202e-08,1.69064710152045e-08,1.0790452679875e-08,5.97529252144897e-09,2.32276729002717e-08,8.90925321338498e-09,2.11857033315006e-08,9.11049839009597e-09,5.0144426775755e-09,3.42862222867935e-09,7.42334951271923e-09,5.12113881024083e-09,7.42319842074719e-09,4.20807490269488e-09,2.88395845295001e-09,2.72683695491667e-09,4.31402708435017e-09,2.85434830238885e-09,4.26080449167423e-09,2.37670871056051e-09,2.42149377897172e-09,1.39330238944316e-09,2.37205542116493e-09,2.6690749280908e-09,2.37646942197094e-09,2.1673604425462e-09,1.28754033607819e-09,1.28062565739455e-09,2.40139296016631e-09,1.54954780624391e-09,2.65310183683836e-09,1.18496569279322e-09,1.14466597302089e-09,1.28671662452935e-09,1.38423897374508e-09,1.55773425033084e-09,1.84133197275207e-09,1.24582783086672e-09,1.15410094874332e-09,1.04886609260247e-09,1.45315554474501e-09,1.22017830868753e-09,1.49087019246172e-09,3.83589855787503e-09,8.53268545387611e-09,6.50600588396189e-09,5.88682125350098e-09,1.19095894327068e-08,9.00145080121944e-09,7.08739913684261e-09,5.52552629513768e-09,3.10778205737966e-09,1.0145919691292e-08,4.74815105446994e-09,9.13016472683303e-09,4.77307470163502e-09,2.68674467813411e-09,1.402059400533e-09,4.00674409328949e-09,2.6990472328914e-09,3.94494713110845e-09,2.33184860068493e-09,1.21288512918558e-09,1.17829659453658e-09,2.30993136211684e-09,1.27890542730097e-09,2.36782109647562e-09,1.07067240343843e-09,1.05666130908512e-09,5.64686769080699e-10,1.14147887918454e-09,1.19219212406259e-09,1.26285563344871e-09,8.92777061798584e-10,5.68419792251291e-10,5.84838339504554e-10,1.03459801823431e-09,6.95432515716617e-10,9.58354832723627e-10,5.22573907285737e-10,5.10967091901737e-10,5.35659286015725e-10,5.95116595320782e-10,7.127933303602e-10,9.02751862041665e-10,4.93192735222207e-10,5.35453501619994e-10,5.60428509747318e-10,5.5379416324974e-10,6.38629638699536e-10,6.82140160372687e-10
1.061459453534e-08,1.05705754511133e-08,1.19632704669895e-08,1.47079186449192e-08,1.70181775877202e-08,2.23082377434168e-08,8.84739524101264e-09,9.4917953122347e-09,5.42607090382943e-09,1.36353705244931e-08,7.87321469493999e-09,1.15891183000008e-08,8.05733408559724e-09,4.55306803136145e-09,3.34172043167448e-09,6.62582692433021e-09,4.73201682864296e-09,6.73943103588294e-09,3.8069271039703e-09,2.78344716038314e-09,2.716204092987e-09,3.9690092191932e-09,2.82324998819168e-09,3.92471430106434e-09,2.2874349973998e-09,2.38014518709355e-09,1.45602981977351e-09,2.31066560191432e-09,2.71361303128662e-09,2.34789327668283e-09,2.15878322850037e-09,1.35385296049667e-09,1.41279579863722e-09,2.47923011713692e-09,1.65089462579985e-09,2.73442958712509e-09,1.20931423401173e-09,1.25924131662224e-09,1.27088854247383e-09,1.46666852107726e-09,1.5321485162034e-09,1.74895854962701e-09,1.25085999113187e-09,1.13419315862749e-09,1.11614944863613e-09,1.43870926079428e-09,1.27949024910761e-09,1.58043781355768e-09,5.98076903401156e-09,5.49805509882769e-09,6.01447170592337e-09,8.10514621403951e-09,8.85683800480406e-09,1.23896436021268e-08,4.44142683849829e-09,5.05164995237142e-09,2.88541873200948e-09,7.50883228251416e-09,4.24074306764333e-09,6.36239862058806e-09,4.41021058230928e-09,2.44829486957831e-09,1.44835895466544e-09,3.59732330119993e-09,2.71250913522261e-09,3.73954596011932e-09,2.11149616974609e-09,1.22256062406595e-09,1.10128074857878e-09,2.3636039074006e-09,1.10336014350957e-09,2.24544394321365e-09,1.06563387585318e-09,9.61088794610794e-10,5.17726416347669e-10,9.93303456909084e-10,1.09420909794247e-09,1.08730248468147e-09,8.81351409216545e-10,5.27343266443026e-10,6.42684060011316e-10,1.00577577720926e-09,6.26293243595771e-10,9.20214276512641e-10,4.92488567084081e-10,5.71571149392523e-10,5.31827002188083e-10,5.29574175529786e-10,6.45674258747766e-10,6.68414690723088e-10,4.97025106697801e-10,5.55014222899596e-10,5.04245777910003e-10,5.78201304411608e-10,6.95145473898421e-10,7.57131558491206e-10
6.24725960041693e-09,1.96829662470934e-08,6.44784307777345e-09,1.15643537782237e-08,1.69064710152045e-08,8.84739524101264e-09,2.40834555713497e-08,7.87136922343596e-09,4.75238399746329e-09,2.13609383537081e-08,7.72111308809226e-09,2.1727169381931e-08,6.68287525163042e-09,4.03794043711304e-09,4.55749986608789e-09,6.48702573334505e-09,4.4251637099262e-09,6.83910074224498e-09,3.38407024043118e-09,3.73187551091234e-09,2.02871588944318e-09,3.72562023371266e-09,3.73523905408339e-09,3.6250520456937e-09,3.18041007185361e-09,1.73171041398217e-09,1.36452023519483e-09,3.18087038545051e-09,1.92961614159171e-09,3.30756515101413e-09,1.56237229813376e-09,1.23739227904573e-09,1.34345986552354e-09,1.69019471290704e-09,1.52857617337839e-09,1.84443820838414e-09,1.07630429419849e-09,1.19713976514683e-09,1.15032460613274e-09,1.31491240745682e-09,1.51597510525288e-09,1.68085632981401e-09,1.13046323299996e-09,9.55793810122127e-10,8.63772711702745e-10,1.25652238135969e-09,1.06595453601425e-09,1.33011799903701e-09,3.27576550956177e-09,8.40275451049321e-09,3.47901185666986e-09,6.31377533870153e-09,7.15713182720287e-09,5.17466892126987e-09,1.07603290621332e-08,4.21898627896067e-09,2.36437883433226e-09,9.55068119579149e-09,4.47930281155926e-09,1.00294010354708e-08,3.64532072658909e-09,2.12464083284699e-09,1.79372777396943e-09,3.91653250077909e-09,2.32735790552047e-09,3.88432447333343e-09,1.88862427807088e-09,1.59324307690915e-09,1.12606704987605e-09,2.04112121263445e-09,1.56807071797121e-09,2.12953462661395e-09,1.46665784652523e-09,9.84697599911723e-10,6.85432247853118e-10,1.50327292853216e-09,1.03187254320851e-09,1.47909187686314e-09,8.33479341239614e-10,6.76245299564641e-10,5.47996688713264e-10,8.67069336533101e-10,8.08715172701363e-10,8.206287333105e-10,5.96023781211793e-10,5.14039168922764e-10,5.9361063867205e-10,7.246235090791e-10,6.07236271587446e-10,8.99966679712727e-10,4.89036541983977e-10,5.34963469850744e-10,5.07248050645418e-10,4.78308439057439e-10,6.19547683575638e-10,6.64551725103835e-10
3.26222251902911e-09,6.44527884197481e-09,1.3525464537479e-08,5.55209162547941e-09,1.0790452679875e-08,9.4917953122347e-09,7.87136922343596e-09,1.58014651754021e-08,7.31675864518912e-09,1.32129229893192e-08,1.31948258480779e-08,1.11906971214093e-08,1.3498185451992e-08,6.15845779537737e-09,3.88575249797523e-09,1.12567561349141e-08,6.25562362797064e-09,1.10565455909833e-08,5.18728334527983e-09,3.1400027974681e-09,2.94445151882091e-09,5.271286549615e-09,3.11799678849124e-09,5.08704576252355e-09,2.5396404762591e-09,2.58487929320012e-09,1.43275225746209e-09,2.51659723583615e-09,2.73311669170252e-09,2.46089392718361e-09,2.31005458812473e-09,1.3295602889011e-09,1.41314987087593e-09,2.46946410188027e-09,1.6298092426631e-09,2.78832952687749e-09,1.17721499978643e-09,1.21250896363172e-09,1.1839493090623e-09,1.42464574462514e-09,1.4573769034167e-09,1.62283756503454e-09,1.09816586469438e-09,1.01405936643137e-09,8.74583132617362e-10,1.26454225542737e-09,1.08918323568764e-09,1.38356913162934e-09,2.06196993572889e-09,3.09634765847163e-09,6.35647214320061e-09,3.31476964336228e-09,5.21199178153156e-09,5.32430972149745e-09,3.70415257818682e-09,7.70092039570094e-09,4.13702322880837e-09,6.47260591061653e-09,7.15893639917227e-09,5.96972021679342e-09,6.78034299551989e-09,3.61473514053524e-09,1.72163657558084e-09,6.22523623232463e-09,3.44380162345626e-09,5.78304875227056e-09,3.16070907536256e-09,1.42105032067578e-09,1.18928762105974e-09,2.99833984915927e-09,1.49747278630933e-09,2.85752988159222e-09,1.17339632059798e-09,1.03577342157969e-09,5.86722454038166e-10,1.25864543927747e-09,1.0680304880189e-09,1.43963087354638e-09,9.46971279887878e-10,5.57722552435719e-10,5.24056253793588e-10,9.86379171932552e-10,6.07920524105289e-10,7.77887743187028e-10,4.89501623768941e-10,4.52946306474568e-10,5.10556577792062e-10,5.39719639335966e-10,7.23532616706417e-10,9.03769887567988e-10,4.1266877980847e-10,4.96198863970127e-10,4.92811084437913e-10,6.50515153130439e-10,6.23861961879250e-10,7.87381248240802e-10
3.48033583390786e-09,3.93976854291035e-09,6.21307638269395e-09,3.84361691465677e-09,5.97529252144897e-09,5.42607090382943e-09,4.75238399746329e-09,7.31675864518912e-09,1.82437762311857e-08,7.38045309483318e-09,1.39605230518842e-08,1.34344635609039e-08,6.16043319268253e-09,1.48176007789552e-08,7.23708430671895e-09,1.13625052121613e-08,1.24603036312515e-08,9.56858499310279e-09,1.20651837062155e-08,5.59138975959424e-09,2.93170521661678e-09,1.01409000402968e-08,5.12165703242171e-09,9.29151624351182e-09,4.54171631319007e-09,2.49487655261555e-09,2.52960419514991e-09,4.12210449726382e-09,2.59183604042633e-09,4.03426958150957e-09,2.11723414642532e-09,2.23664492191723e-09,1.56023672337254e-09,2.16238565131153e-09,2.51133021682534e-09,2.37933138518435e-09,1.93754343470464e-09,1.33309578185474e-09,1.28929525849443e-09,2.15869024053268e-09,1.57184425742839e-09,2.48183660609975e-09,1.21720319587162e-09,1.12538447701428e-09,9.1471160937324e-10,1.37074796593051e-09,1.15376629491207e-09,1.47188242243796e-09,1.89343073841118e-09,1.47967300122767e-09,2.83739417438351e-09,1.92792407327269e-09,2.88426624332303e-09,3.09436436669029e-09,1.86210148846273e-09,3.21946036455915e-09,9.48694409308022e-09,3.63646981854462e-09,6.71811750035806e-09,7.17549747025423e-09,2.87074693423404e-09,7.9084847643243e-09,3.53132877307848e-09,5.73769288382377e-09,6.3342330073345e-09,4.60952057119248e-09,6.74636928867918e-09,2.76437715493192e-09,1.35448812736072e-09,5.25559144966726e-09,2.223051619195e-09,4.65925513290284e-09,2.3413317387576e-09,1.17388023590601e-09,1.18069920068167e-09,1.96280627054408e-09,1.28459865065134e-09,2.34775265487566e-09,1.01449182471957e-09,1.03927124475303e-09,7.33287530375503e-10,1.10338086868073e-09,1.09365651508658e-09,1.0546633161236e-09,9.15777439395748e-10,6.02130561826114e-10,6.19035396921672e-10,9.73223501231727e-10,7.48286310705151e-10,1.16477407445565e-09,5.47287026315206e-10,5.53640959015581e-10,4.67134642736279e-10,6.56521087159559e-10,6.37621875179094e-10,8.52106918508632e-10
5.86915016720769e-09,1.69052020885042e-08,1.07927906118294e-08,8.78595902119289e-09,2.32276729002717e-08,1.36353705244931e-08,2.13609383537081e-08,1.32129229893192e-08,7.38045309483318e-09,2.97612073494888e-08,1.11333731876589e-08,2.73940018326696e-08,1.11563692528077e-08,6.15898283608229e-09,4.20352585786585e-09,9.33826183758785e-09,6.36021603074261e-09,9.46856167741428e-09,5.20723910751855e-09,3.3806994162443e-09,3.31828771137743e-09,5.33506599178774e-09,3.30968719012667e-09,5.22143528541105e-09,2.77766940613243e-09,2.92224327713967e-09,1.63652639497255e-09,2.73039217363938e-09,3.12441436967825e-09,2.75820710036545e-09,2.62907944518196e-09,1.49600020207652e-09,1.52865551213736e-09,2.80944099206057e-09,1.82109122888701e-09,3.05076182034906e-09,1.3700678196881e-09,1.36562063958622e-09,1.50344017906002e-09,1.63029615917428e-09,1.81544607215251e-09,2.12107256194278e-09,1.28574267100095e-09,1.26873054751503e-09,1.03556783546786e-09,1.50567179340492e-09,1.28824609935113e-09,1.57900235811779e-09,3.20652993468167e-09,7.08850786009243e-09,5.52529136300142e-09,4.90788986703192e-09,1.01468400345453e-08,7.61283210752423e-09,9.44715706209854e-09,6.78367664194459e-09,4.02385624851825e-09,1.36959742933297e-08,6.32185275897646e-09,1.34048228189183e-08,5.88062728206491e-09,3.62724796073243e-09,1.65285334283454e-09,5.50880712907694e-09,3.63187389256435e-09,5.2126730628453e-09,3.15346253416084e-09,1.57187338763243e-09,1.46179898638964e-09,3.16714261188524e-09,1.51292715270126e-09,3.01748434657842e-09,1.34634661169175e-09,1.32499814685433e-09,7.69997662945623e-10,1.3193956290463e-09,1.46868371447746e-09,1.59184993380486e-09,1.14367725616269e-09,7.45342983905708e-10,6.77279508821691e-10,1.28572511963545e-09,8.25725027071608e-10,1.12020836223627e-09,6.84173313275137e-10,6.33258052261943e-10,5.6634313004937e-10,7.46941393830042e-10,8.31860953259288e-10,1.08299451635913e-09,5.70816892077986e-10,5.34119895672998e-10,6.04198435682118e-10,6.30035900194882e-10,6.85056847638505e-10,8.38840899373974e-10
3.51800466932861e-09,6.21764304534608e-09,1.12158579720055e-08,5.57365931776028e-09,8.90925321338498e-09,7.87321469493999e-09,7.72111308809226e-09,1.31948258480779e-08,1.39605230518842e-08,1.11333731876589e-08,2.16516812048431e-08,1.84237774270329e-08,1.12581007527503e-08,1.13613094533654e-08,6.55640459760676e-09,1.79022524025916e-08,9.64526787993368e-09,1.55565284190341e-08,9.25239904367385e-09,5.07775323836931e-09,3.00788931082926e-09,7.83103855502921e-09,4.80960562571453e-09,7.24053293584622e-09,4.1529614145618e-09,2.52710379421791e-09,2.6626922272426e-09,3.89728672194281e-09,2.61477995264717e-09,3.78097455587706e-09,2.17552504657e-09,2.40851087319146e-09,1.81241029781688e-09,2.25482957133593e-09,2.74401251212678e-09,2.55770106130894e-09,2.08698320157678e-09,1.55874337685602e-09,1.4512058948025e-09,2.37159442772308e-09,1.86476448835369e-09,2.72863429268792e-09,1.42026745448767e-09,1.29712341128142e-09,1.08452787122617e-09,1.63504904027168e-09,1.3492590061021e-09,1.75876316434466e-09,2.20944180044569e-09,2.73033800962925e-09,5.19529520734939e-09,3.30296426572322e-09,4.25943935706333e-09,4.681469544254e-09,3.51947050999607e-09,6.34217321285549e-09,7.38089970413953e-09,5.44762290289733e-09,1.07046449313021e-08,9.199594213294e-09,5.53291656032611e-09,6.20935237855793e-09,3.12372538967086e-09,9.23767273009176e-09,5.17346023259051e-09,7.94381245544035e-09,5.40556958423331e-09,2.4712924242995e-09,1.37127693000289e-09,4.39172102875754e-09,2.30061524835616e-09,3.91894757870689e-09,2.00820380083608e-09,1.15842054525919e-09,1.10014919070754e-09,1.89341294399134e-09,1.15110470909956e-09,2.19236520089001e-09,1.02430390154284e-09,9.99770645146498e-10,7.33309485604823e-10,1.00762531832196e-09,9.72145257503114e-10,9.24822465155409e-10,8.62932945118705e-10,6.41980136109163e-10,6.5470266951062e-10,8.2719398041545e-10,8.59464598367008e-10,1.24179312975108e-09,5.9241505411674e-10,5.95920965744525e-10,6.31777163229439e-10,7.26585784512063e-10,7.50761706265241e-10,1.04526036454286e-09
6.02716698044761e-09,1.71299905610201e-08,8.95342343680399e-09,8.67780736642832e-09,2.11857033315006e-08,1.15891183000008e-08,2.1727169381931e-08,1.11906971214093e-08,1.34344635609039e-08,2.73940018326696e-08,1.84237774270329e-08,3.75182501481759e-08,9.40669884046202e-09,1.09767052527836e-08,6.58773287932357e-09,1.50587577114468e-08,9.51023751346818e-09,1.3279036035395e-08,8.95866831980808e-09,5.07046357075477e-09,3.30740407978489e-09,7.70042956895953e-09,4.84916516156496e-09,7.31607843305021e-09,4.1929698898813e-09,2.774577073356e-09,2.80678551024568e-09,4.01276063125411e-09,2.89869771840203e-09,3.9468908777385e-09,2.37885853979096e-09,2.54669702435938e-09,1.83030154155971e-09,2.46235822973687e-09,2.89766804878608e-09,2.71968397043636e-09,2.250776371334e-09,1.61548068377406e-09,1.67800688028767e-09,2.54821186132853e-09,2.11577479968951e-09,3.14385711812038e-09,1.5051613049083e-09,1.43417477860454e-09,1.15769915576521e-09,1.75983936756153e-09,1.45907206883021e-09,1.83099449640936e-09,3.2249721132936e-09,6.93422109626886e-09,4.49507819790987e-09,4.94001640399965e-09,8.98977482758087e-09,6.66540729808421e-09,9.61008662911443e-09,5.59162452185346e-09,7.03769993284592e-09,1.25246221629501e-08,9.44667258457178e-09,1.8053249323043e-08,4.79849335243289e-09,6.18593684314683e-09,3.1571503517582e-09,8.317422457029e-09,5.42408131900739e-09,7.32358572483805e-09,5.34290319604141e-09,2.6820575021778e-09,1.54681840794261e-09,4.60610509209263e-09,2.36850191079987e-09,4.1450689281374e-09,2.16524046615375e-09,1.35604410193711e-09,1.15484162310417e-09,2.05551324612611e-09,1.42694336834002e-09,2.37989066332998e-09,1.14641122086646e-09,1.10513822337115e-09,7.86435536619163e-10,1.23020804056738e-09,1.12411522828209e-09,1.18324541074184e-09,1.0042810208867e-09,7.41032981821671e-10,7.25837999059282e-10,1.02554503811153e-09,9.44447634178669e-10,1.45085273753219e-09,6.87769735700098e-10,6.18222451963514e-10,7.02756197113045e-10,7.12201373543656e-10,7.96959437577113e-10,1.07068136050902e-09
2.76349336657773e-09,5.47087778569527e-09,1.15910466596694e-08,4.7515680032609e-09,9.11049839009597e-09,8.05733408559724e-09,6.68287525163042e-09,1.3498185451992e-08,6.16043319268253e-09,1.11563692528077e-08,1.12581007527503e-08,9.40669884046202e-09,1.60190480838701e-08,7.03885122847712e-09,4.35425055518521e-09,1.32873915274481e-08,7.07651925553645e-09,1.29151479400831e-08,5.85796436650733e-09,3.53150538883287e-09,3.30286432934489e-09,5.9135677331637e-09,3.52440929923717e-09,5.7238752362572e-09,2.85170134823108e-09,2.85072008861969e-09,1.67693823231208e-09,2.84846161952483e-09,3.02922963628372e-09,2.78572055109675e-09,2.52972748994595e-09,1.54302219244888e-09,1.56968270987711e-09,2.7117816289112e-09,1.86331280884005e-09,3.05357664986085e-09,1.37286200958614e-09,1.34277469455339e-09,1.31133110071542e-09,1.62372048448549e-09,1.60130460135414e-09,1.84353229468658e-09,1.19750977242135e-09,1.07692272689054e-09,9.72122783724316e-10,1.35168934469611e-09,1.20437694355453e-09,1.51547608421848e-09,1.73429980475557e-09,2.80820934677331e-09,5.58177973253723e-09,2.95040248759378e-09,4.62805120725236e-09,4.71740725528724e-09,3.31086098880338e-09,6.78130785549946e-09,3.61416097069145e-09,5.74129079121755e-09,6.22663775951741e-09,5.13682635929746e-09,7.6812803410174e-09,4.01408779069814e-09,2.10237482010485e-09,7.11110118265539e-09,3.70004093860288e-09,6.38175390525261e-09,3.48901739626227e-09,1.73689502356044e-09,1.34204443870223e-09,3.19381798071326e-09,1.82670541790832e-09,3.03688119633006e-09,1.40893942362011e-09,1.10028233513938e-09,5.62183170165738e-10,1.51167656645021e-09,1.10157519764909e-09,1.68395617138052e-09,9.66987447579851e-10,5.28987244301021e-10,6.15416857394294e-10,9.90574299854155e-10,6.6837627283268e-10,8.59743179372492e-10,4.62365478219869e-10,5.34128871678296e-10,5.46956019121705e-10,6.03794354263323e-10,7.46252026484365e-10,9.21057683555388e-10,4.76319096898679e-10,5.30554735548472e-10,5.24983534069974e-10,6.67138963359044e-10,6.1327036638403e-10,7.8144834674475e-10
2.95778086963808e-09,3.35503073799058e-09,5.27961476283047e-09,3.29274610324545e-09,5.0144426775755e-09,4.55306803136145e-09,4.03794043711304e-09,6.15845779537737e-09,1.48176007789552e-08,6.15898283608229e-09,1.13613094533654e-08,1.09767052527836e-08,7.03885122847712e-09,1.6735004728591e-08,8.00276700281983e-09,1.29827715603003e-08,1.39411509737374e-08,1.08101636148818e-08,1.35472068834188e-08,6.23402938988751e-09,3.29990612484049e-09,1.13152788438009e-08,5.67211493199343e-09,1.03343649708612e-08,5.03801503561624e-09,2.75971199648025e-09,2.91988531248609e-09,4.5565455479757e-09,2.90848759097233e-09,4.45315109633849e-09,2.28421561662088e-09,2.56671992935393e-09,1.73773880246998e-09,2.38512539420156e-09,2.86964937507538e-09,2.62890173810792e-09,2.25469727406763e-09,1.50193784370604e-09,1.45949696253066e-09,2.50000126847312e-09,1.79855546060232e-09,2.87771626495371e-09,1.36849332561637e-09,1.25721174225984e-09,1.0674797282321e-09,1.57142902136532e-09,1.3262493420486e-09,1.70462731570246e-09,1.64319531672731e-09,1.23140877322196e-09,2.54246927219063e-09,1.71543720943504e-09,2.53812179723657e-09,2.68614890976356e-09,1.61398756003749e-09,2.8715420733473e-09,7.90666596876226e-09,3.11241822114448e-09,5.73855788198531e-09,6.17793958797293e-09,3.23820209157306e-09,9.11005073771129e-09,4.0650177251997e-09,6.54051509470321e-09,7.13761011009814e-09,5.24316812719647e-09,7.64789466922177e-09,3.22111220025622e-09,1.52757068933029e-09,5.84878535466174e-09,2.71116540553127e-09,5.31425539505139e-09,2.71113293357036e-09,1.30626044561193e-09,1.25660370141211e-09,2.36379297470288e-09,1.41558540512607e-09,2.69550887708296e-09,1.03423000545138e-09,1.09732505971254e-09,8.67339454172811e-10,1.17516418391646e-09,1.22572490194478e-09,1.18201981821595e-09,9.72870137311055e-10,7.17973530537749e-10,6.99579142310447e-10,1.11118941765448e-09,8.08379629148523e-10,1.29033207152696e-09,6.68724644493661e-10,6.62550803241384e-10,5.62816641119778e-10,7.50713732969891e-10,7.30622711276188e-10,9.59444077267246e-10
2.0445602360987e-09,3.93807734932601e-09,3.40283057650438e-09,4.08978357024594e-09,3.42862222867935e-09,3.34172043167448e-09,4.55749986608789e-09,3.88575249797523e-09,7.23708430671895e-09,4.20352585786585e-09,6.55640459760676e-09,6.58773287932357e-09,4.35425055518521e-09,8.00276700281983e-09,2.17905313678405e-08,7.3085156966872e-09,1.65559171216654e-08,1.52358168212196e-08,6.23582445190617e-09,1.73876181171942e-08,7.09172575736808e-09,1.32999780955756e-08,1.26667283260795e-08,9.51644606087093e-09,1.44065757166785e-08,5.82602690955554e-09,3.55358174148897e-09,1.02226821777011e-08,5.50553142794354e-09,9.66248908606984e-09,4.59827924374294e-09,2.85492758305878e-09,4.15090997090192e-09,4.33789670408953e-09,2.97691626346669e-09,4.29993658736319e-09,2.47906083361862e-09,3.71855527481455e-09,1.90841753188262e-09,2.53930734949599e-09,3.84988909435353e-09,2.84718778401869e-09,3.29006514027009e-09,1.68882437333907e-09,1.1837635579783e-09,3.38414659039325e-09,1.70844769808159e-09,3.64552878340827e-09,1.06698435221373e-09,1.72346353467169e-09,1.63184338807379e-09,1.99190868921662e-09,1.6091721066276e-09,1.67455924873144e-09,1.93080488184197e-09,1.98844485851123e-09,3.36265113671568e-09,2.12253664071104e-09,3.23110768915269e-09,3.49163135160019e-09,2.23892075940518e-09,3.77896188608568e-09,1.00460184568817e-08,3.65217779878601e-09,7.23180015512577e-09,6.81870254304585e-09,3.28380567613998e-09,7.83032743891641e-09,3.55457073790228e-09,5.86293441011063e-09,6.03659537166101e-09,4.32855633918217e-09,6.34030165952642e-09,2.9737169073205e-09,1.71228785484684e-09,4.91653053404427e-09,2.86553114394492e-09,4.80687473966522e-09,2.25181041318934e-09,1.40744893682181e-09,1.51517384497208e-09,2.26147902847414e-09,1.34181426309778e-09,2.12114445228113e-09,1.22546107623021e-09,1.32887843932177e-09,9.8688044287489e-10,1.19155523141168e-09,1.26406275219524e-09,1.39411058720766e-09,1.15468736886218e-09,1.00776065075052e-09,7.40693796996788e-10,1.25214862650755e-09,1.09823867023666e-09,1.43936707584237e-09
2.94376891078202e-09,5.17447633874856e-09,9.5826095707136e-09,4.72248773060436e-09,7.42334951271923e-09,6.62582692433021e-09,6.48702573334505e-09,1.12567561349141e-08,1.13625052121613e-08,9.33826183758785e-09,1.79022524025916e-08,1.50587577114468e-08,1.32873915274481e-08,1.29827715603003e-08,7.3085156966872e-09,2.09041845678709e-08,1.08316905615226e-08,1.79115501405376e-08,1.05049025652248e-08,5.69697239749709e-09,3.3794956529768e-09,8.76038957344245e-09,5.36925096068632e-09,8.11615323913598e-09,4.62991091207239e-09,2.80036027452822e-09,3.05045113401385e-09,4.33556779648206e-09,2.91245904859073e-09,4.22134054078774e-09,2.36785031547859e-09,2.74326088542076e-09,2.0165901594962e-09,2.47789478219519e-09,3.13719618223629e-09,2.81433919035789e-09,2.41176394416812e-09,1.74031985142857e-09,1.64012189850319e-09,2.73409920527574e-09,2.08804253596988e-09,3.14008004525777e-09,1.57752822658921e-09,1.41870678537766e-09,1.21367803116713e-09,1.80643294507673e-09,1.50509766802368e-09,1.95780031132383e-09,1.82157985226165e-09,2.43400918186406e-09,4.45693068996957e-09,2.90506227448373e-09,3.61932860398547e-09,3.99808567657267e-09,3.11036831290227e-09,5.53404185194986e-09,6.20776679697115e-09,4.64480598317177e-09,9.23910989942297e-09,7.99941095604258e-09,6.25711290545001e-09,7.15708084350646e-09,3.62296851595629e-09,1.06325704085998e-08,5.70968670288181e-09,8.93643290404967e-09,6.1623250610954e-09,2.90868397186331e-09,1.46946401803778e-09,4.78161080549143e-09,2.78614479473034e-09,4.30149248083409e-09,2.35740882361048e-09,1.20554571491768e-09,1.17064976728087e-09,2.27188409630058e-09,1.16525660238806e-09,2.56341968068475e-09,9.7069823000087e-10,1.04700292709527e-09,8.38759545709668e-10,9.43146793467058e-10,1.10207232671952e-09,9.13851969200485e-10,9.11050462392229e-10,7.42665030058654e-10,7.07161262126466e-10,9.69828537067173e-10,8.85211175923621e-10,1.36123158922211e-09,7.006413159017e-10,6.71615244702766e-10,6.93048011649905e-10,7.88198767494397e-10,8.07484217742816e-10,1.09704513154682e-09
3.19102569483338e-09,3.58912786661868e-09,5.38466627015562e-09,3.54330188399342e-09,5.12113881024083e-09,4.73201682864296e-09,4.4251637099262e-09,6.25562362797064e-09,1.24603036312515e-08,6.36021603074261e-09,9.64526787993368e-09,9.51023751346818e-09,7.07651925553645e-09,1.39411509737374e-08,1.65559171216654e-08,1.08316905615226e-08,2.44203300945479e-08,1.97947321397245e-08,1.13162014137324e-08,1.32986240307287e-08,6.46316136929385e-09,1.99299769812021e-08,9.51771733588428e-09,1.51652532260016e-08,1.10631768804914e-08,5.30119699210627e-09,3.64763725496177e-09,7.69594975668407e-09,5.12892315668669e-09,7.22760027216228e-09,4.16205166687044e-09,2.91185365056836e-09,4.28669846945214e-09,4.02135868407448e-09,3.06177030170148e-09,3.98769204234819e-09,2.54594940702241e-09,3.79454125117751e-09,2.08295872598923e-09,2.64847291673636e-09,3.99362621868852e-09,3.05036339968297e-09,3.32196807856566e-09,1.80396865944394e-09,1.35826034774008e-09,3.42526944840626e-09,1.76667775204347e-09,3.67077591210313e-09,1.82687804919157e-09,1.73277224142154e-09,2.53426826347168e-09,2.19839977643924e-09,2.52890476061211e-09,2.79266147433003e-09,2.13244184552946e-09,3.00527031786185e-09,6.45894351022651e-09,3.36609692959878e-09,4.82913210119877e-09,5.31208064414817e-09,3.35654816844822e-09,7.28149347878284e-09,8.00761352086539e-09,5.51162143981802e-09,1.13004490382316e-08,8.97179903164384e-09,6.12467771493463e-09,6.46104198797972e-09,3.12221549553625e-09,9.28790570096674e-09,4.69256437734323e-09,7.47691646876289e-09,5.42999439894478e-09,2.72346501084583e-09,1.73136319964178e-09,3.96473684155262e-09,2.68705978923857e-09,4.32415559303434e-09,2.05877559655643e-09,1.41356317535492e-09,1.74540413434971e-09,2.16491326618415e-09,1.41938917253225e-09,2.03189997795213e-09,1.24167012111154e-09,1.48826186860869e-09,1.04787749658451e-09,1.2486395406256e-09,1.46070625158529e-09,1.53601428060243e-09,1.30797786471033e-09,1.02308416667827e-09,7.54792245552037e-10,1.42565544135595e-09,1.09014460256736e-09,1.53098478871839e-09
3.3021041456317e-09,5.32402719531457e-09,9.37284000842624e-09,4.9347545412012e-09,7.42319842074719e-09,6.73943103588294e-09,6.83910074224498e-09,1.10565455909833e-08,9.56858499310279e-09,9.46856167741428e-09,1.55565284190341e-08,1.3279036035395e-08,1.29151479400831e-08,1.08101636148818e-08,1.52358168212196e-08,1.79115501405376e-08,1.97947321397245e-08,2.87130256698012e-08,8.73585621754258e-09,1.21087601020205e-08,6.13369571363425e-09,1.60354983697504e-08,8.71896047717806e-09,1.20584010987823e-08,1.00677397511464e-08,4.99012759224949e-09,3.57545707422367e-09,7.03149737556242e-09,4.83475278594681e-09,6.56941326856273e-09,3.94142631790991e-09,2.88010025154246e-09,4.43864475386757e-09,3.82495839384563e-09,3.25750235338088e-09,4.05739765416143e-09,2.48410080769661e-09,3.93804536701087e-09,2.27446042969575e-09,2.78291572913322e-09,4.26589374003978e-09,3.2277881029565e-09,3.43737204989116e-09,1.9512261450324e-09,1.49812480646947e-09,3.63018339540897e-09,1.99693371147738e-09,3.91446472240628e-09,2.12841832740082e-09,2.76883382988247e-09,4.37202414062836e-09,3.32961225079612e-09,3.58970542444026e-09,4.14010307790233e-09,3.52810392900789e-09,5.58463548365673e-09,5.02835144487602e-09,4.87454732386254e-09,8.17677045092334e-09,7.07890332594797e-09,6.35448292617289e-09,5.64655468509499e-09,7.23495954158281e-09,9.45226146815819e-09,9.43844737434954e-09,1.38670466962412e-08,4.87751724323844e-09,5.7692955310172e-09,3.00508234777656e-09,7.84070750086846e-09,4.58733473067423e-09,6.03589419011288e-09,4.78601739620452e-09,2.528670601342e-09,1.54302161158435e-09,3.75657482258463e-09,2.35972199159833e-09,3.97051655590786e-09,1.89682612289054e-09,1.28511425212634e-09,1.64950692686379e-09,1.86274929593872e-09,1.33105765798733e-09,1.78336363861983e-09,1.10756837534204e-09,1.43455398043113e-09,1.10329449197453e-09,1.15138298722052e-09,1.56715457677491e-09,1.60107021426394e-09,1.25698885456128e-09,1.08048846616468e-09,9.51552979351938e-10,1.51313912522931e-09,1.25924491748411e-09,1.74888069260156e-09
2.49195457980923e-09,2.78332824139179e-09,4.44277259698506e-09,2.67978661207797e-09,4.20807490269488e-09,3.8069271039703e-09,3.38407024043118e-09,5.18728334527983e-09,1.20651837062155e-08,5.20723910751855e-09,9.25239904367385e-09,8.95866831980808e-09,5.85796436650733e-09,1.35472068834188e-08,6.23582445190617e-09,1.05049025652248e-08,1.13162014137324e-08,8.73585621754258e-09,1.62179343427361e-08,7.31425333418712e-09,3.88366190259348e-09,1.35814124666161e-08,6.68550817231989e-09,1.2479810626717e-08,5.93975448612323e-09,3.23207680095158e-09,3.4826867608778e-09,5.42054443910793e-09,3.43506622848678e-09,5.3038348450303e-09,2.70177130041954e-09,3.07641606131342e-09,2.04595947972951e-09,2.84861070164597e-09,3.39272672987149e-09,3.11216489438933e-09,2.68822244620233e-09,1.75314484874695e-09,1.66240582921096e-09,2.91967329212566e-09,2.1144332702554e-09,3.32926887911296e-09,1.54406776751867e-09,1.41094214368778e-09,1.18683701095334e-09,1.80817976604943e-09,1.49854872878298e-09,1.91399679174168e-09,1.45635784032602e-09,1.07490606854286e-09,2.0866462219111e-09,1.52041457403776e-09,2.05619410236213e-09,2.18455909752806e-09,1.4208678183726e-09,2.32497711913797e-09,6.7448354715157e-09,2.53312754002773e-09,4.87257115890809e-09,5.26112979541858e-09,2.65335838480976e-09,7.64859121413512e-09,3.22143700027621e-09,5.58018252161598e-09,5.84947919020939e-09,4.2848361890657e-09,8.52065925199394e-09,3.88862717126119e-09,1.71741422909464e-09,6.68114117307407e-09,3.25706776761583e-09,6.24834398212955e-09,3.27400878302988e-09,1.50459699822613e-09,1.52245119715046e-09,2.87454436199662e-09,1.57393318499829e-09,3.2757541106456e-09,1.24709776133161e-09,1.32036007674291e-09,1.07197583496199e-09,1.35807438079468e-09,1.47112438728664e-09,1.33379044582694e-09,1.17001976511976e-09,9.16421371954524e-10,8.3031438995192e-10,1.31514430384591e-09,1.02417305637423e-09,1.47038559465173e-09,7.86600088639069e-10,7.42074052562628e-10,6.57961139607229e-10,8.7701878819704e-10,8.35489306147887e-10,1.11091460722794e-09
