1.2852759742737e-07,7.51596002883573e-08,3.22549629418775e-08,9.79752351807895e-08,7.59204799021849e-08,9.49492061907658e-08,6.31327937274788e-08,2.68003373688523e-08,3.43485332924796e-08,6.38677338733436e-08,2.98570154230284e-08,6.24443397307648e-08,1.97190438332953e-08,2.5897536174765e-08,1.74552362399743e-08,2.07987786122699e-08,2.56548238345505e-08,2.15683613229552e-08,1.74023500573899e-08,1.0958034491849e-08,6.33071387891003e-09,1.65769200082575e-08,7.43433225667589e-09,1.46686615584922e-08,7.56638128129659e-09,3.82147883878424e-09,5.79044014466438e-09,5.15118284021563e-09,6.19183956950211e-09,6.25071863239066e-09,2.99024914637062e-09,4.27949425938183e-09,6.8457275141611e-09,4.52935396986864e-09,5.48778844627236e-09,5.31169892714586e-09,3.42160450117243e-09,5.81831568990053e-09,2.11017046777948e-09,4.33803226380166e-09,3.67643132237728e-09,3.09393309227571e-09,5.3256793939159e-09,1.8656905868559e-09,2.51707492714148e-09,3.42347937603921e-09,2.57809420040342e-09,3.71680096667884e-09,3.87251705999753e-08,3.85293460051024e-08,9.64990662125362e-09,4.89763973374924e-08,1.08479796527496e-08,2.09658623050303e-08,3.46198508104425e-08,7.94282089661367e-09,1.00126573982032e-08,9.05896552423021e-09,6.09996374005904e-09,1.24786905460949e-09,6.44209407320903e-09,1.02128547796331e-08,1.02504208871005e-08,8.91505236797335e-09,9.06388414571211e-09,1.13058636594771e-08,8.8526802386862e-09,7.45408237518755e-09,4.87262594787637e-09,6.19591110839949e-09,6.03304801666112e-09,1.02419835100127e-08,5.82622010528867e-09,2.89304641954214e-09,2.68157443900134e-09,3.54771761083198e-09,2.387026799168e-09,3.30936851456757e-09,1.92263609897949e-09,1.72551224178371e-09,3.22428494722686e-09,2.19973456172077e-09,5.61794889254871e-09,2.69512992409856e-09,1.10029209606602e-09,2.77129212264237e-09,1.1150807431679e-09,4.6708019038579e-09,6.89044542196823e-10,1.30299190621516e-09,2.80572269927371e-09,9.4985173325481e-10,3.65776409767799e-10,7.87878079423853e-10,1.21685502173434e-09,1.42213265202039e-09
7.51596002883573e-08,2.5694914780536e-07,7.57860689129085e-08,1.39864969680025e-07,2.08048043100724e-07,1.05623232422735e-07,2.14371710191402e-07,6.17807236026099e-08,4.72618654888224e-08,1.71346804828399e-07,6.83196612853688e-08,1.78065275599189e-07,3.81478569344739e-08,3.46408034113462e-08,4.2005976143018e-08,4.37059654785347e-08,3.49585660264088e-08,4.13665454237688e-08,2.55556671353037e-08,2.74198949913726e-08,1.21131609564217e-08,2.48161806987755e-08,2.19695960878177e-08,2.10157764581703e-08,1.81614116873549e-08,7.14833299191906e-09,9.11694905587549e-09,1.56836837535203e-08,9.75790030543398e-09,1.80726207655733e-08,5.24846714439316e-09,5.62596667695006e-09,6.88351024374247e-09,5.80124419369091e-09,6.4689562027309e-09,6.82096094811871e-09,4.04292458382718e-09,5.48963689097223e-09,3.09652598202605e-09,4.31293207540799e-09,3.73561175095979e-09,3.71629076014596e-09,5.11011076198077e-09,3.03416028178232e-09,3.40412336182277e-09,3.47029418337565e-09,3.81117396540319e-09,4.41805499605909e-09,2.65458515152088e-08,8.57779412309049e-08,3.45422631496802e-08,7.46635477711817e-08,5.3441594060233e-08,4.67254694807506e-08,7.33234678326591e-08,3.39750275749552e-08,1.00044073507204e-08,4.57441988768444e-08,2.4516401078028e-08,4.13836400495144e-09,1.74469587807046e-08,8.05922643958828e-09,1.20543843427926e-08,1.42436471669436e-08,1.34301932478273e-08,1.60267092291508e-08,6.11728392713814e-09,1.20883617618041e-08,9.89948747556963e-09,9.40509152947148e-09,9.96315583392137e-09,8.43794955254198e-09,8.7299362028155e-09,7.6536442227982e-09,6.29179136983616e-09,6.59959933752838e-09,4.51209949726952e-09,1.67760238406318e-09,6.32807605788233e-09,4.0901889338269e-09,3.60339449095022e-09,5.6917216243021e-09,6.74234055605043e-09,6.52956277625031e-09,3.32320670202224e-09,2.74732460671012e-09,1.86792099069967e-09,5.10528149295321e-09,9.61862553072825e-10,1.98958953397171e-09,2.5553059832817e-09,1.94912876658613e-09,1.78536802981148e-09,1.18001223946699e-09,1.35322593700933e-09,1.29170002946438e-09
3.22549629418775e-08,7.57860689129085e-08,1.63994394798387e-07,6.22990933810677e-08,1.34847740823134e-07,1.1535792313728e-07,6.18044414311461e-08,1.24561631115208e-07,4.8570194796778e-08,1.0183608593766e-07,9.26918639942271e-08,8.31207743893437e-08,8.52455331840544e-08,3.23859858645832e-08,2.15063159875179e-08,6.00353687464302e-08,3.59036612994593e-08,6.61392688700442e-08,2.39969136695189e-08,1.6623093049345e-08,1.98986773747011e-08,2.64723628777582e-08,1.46388066524359e-08,2.30356632690717e-08,1.07153686629956e-08,1.30015777633413e-08,8.92527334010298e-09,9.8541704908225e-09,1.68809942978117e-08,1.35240315140131e-08,9.75320540596144e-09,4.90247596539413e-09,6.72180218372677e-09,1.08154571540695e-08,4.83265491977546e-09,1.32937550677329e-08,4.17551209993811e-09,5.4056096656499e-09,3.32065914190648e-09,4.01128344649274e-09,4.76672679618588e-09,4.05046719127124e-09,4.46448607398482e-09,3.14718528445627e-09,2.75858724756622e-09,4.25097287036666e-09,3.87826588504748e-09,4.04793649098149e-09,1.89258900088263e-08,3.36500974510503e-08,7.75615174422178e-08,3.4844360276026e-08,7.14961264473881e-08,6.96051956839249e-08,3.83642388314481e-08,6.18057936777503e-08,1.24027082768892e-08,5.57625496120752e-08,2.71780939381149e-08,2.19974241702674e-08,3.68211055301139e-08,7.71729997953829e-09,1.19601341828968e-08,1.50770853502372e-08,1.63282163262475e-08,2.79452660810882e-08,5.73778702704871e-09,1.23957853701076e-08,1.35760408479056e-08,1.47979694529311e-08,1.0991738150438e-08,7.2526907180898e-09,8.00605418865964e-09,1.0282831604767e-08,2.44436030065261e-09,7.41653821261774e-09,1.19440893929541e-08,6.50168213455538e-09,8.18377941273811e-09,4.48122486744296e-10,4.68929616406607e-09,1.06516185558097e-08,4.73090091484919e-09,9.40223759653496e-09,-3.67087941598922e-10,3.09438937747299e-09,1.7206977735521e-09,3.28683154017425e-09,2.84376054993977e-09,2.86663155353155e-09,2.91116473702172e-09,1.60989140527098e-09,2.12564546451816e-09,2.4296713291119e-09,2.72447820344119e-09,2.72533048123608e-09
9.79752351807895e-08,1.39864969680025e-07,6.22990933810677e-08,1.76796934356419e-07,1.05589438577834e-07,1.30871975800402e-07,1.16060594716335e-07,4.99513642736896e-08,4.23498545131964e-08,8.74532119181639e-08,5.34468079992636e-08,8.50123881150228e-08,3.09736176691406e-08,2.98262558747131e-08,4.06441860156736e-08,3.41500391999462e-08,3.17465703499508e-08,3.4329377240479e-08,2.07545812488981e-08,2.52828447200711e-08,9.56518667687994e-09,2.17491549870786e-08,2.19455896573537e-08,1.68955969536171e-08,1.72687011310011e-08,6.12630958290685e-09,9.42225143509461e-09,1.56798971230406e-08,9.05714901018040e-09,1.71728711315047e-08,5.06800336879739e-09,6.57063434050821e-09,6.04451307284298e-09,6.10725486859308e-09,7.16528227305721e-09,6.24869375652520e-09,4.34208058298979e-09,4.87852190952864e-09,3.25402002976722e-09,4.44009879537512e-09,3.85747213694668e-09,3.95178001725768e-09,4.80119376444381e-09,3.08345900085527e-09,3.75542126919576e-09,3.59791849542977e-09,3.9176996365409e-09,4.57737736082981e-09,3.80763002255459e-08,7.65159712970378e-08,2.92967696216623e-08,1.04720910269303e-07,4.01133977504687e-08,5.9835047186636e-08,6.66976066093275e-08,2.82856819170835e-08,1.09615206466752e-08,3.72790313334487e-08,1.98482080344414e-08,1.99826929548633e-08,1.23773366443825e-08,1.13825182414826e-08,1.26579557176256e-08,1.21994710888505e-08,6.5565223940384e-09,1.43137851126808e-08,8.81689907820954e-09,1.16348261464182e-08,8.9462796252434e-09,3.01652585025991e-09,8.99984171203257e-09,4.7882587721424e-09,9.90434492943382e-09,7.29215482369029e-09,6.88702683487982e-09,7.85095632725143e-09,5.9306822226402e-09,4.18712108030528e-09,6.08231333926182e-09,5.14618887953957e-09,2.78154593629428e-09,5.4377346387246e-09,6.64192347070304e-09,5.57345766431651e-09,3.90537945963666e-09,2.32913839012177e-09,2.17547176576247e-09,5.46712730176694e-09,1.2818101368313e-09,2.51003086455575e-09,2.11918185657184e-09,2.08768626328057e-09,1.44454115829974e-09,1.20745228025829e-09,1.66329163459278e-09,1.84791355277461e-09
7.59204799021849e-08,2.08048043100724e-07,1.34847740823134e-07,1.05589438577834e-07,2.80678511494299e-07,1.67814959662106e-07,1.71374705738464e-07,1.01830914398258e-07,5.25861548655522e-08,2.20912071955206e-07,8.18583968123264e-08,1.97759964724719e-07,6.44474361104153e-08,3.57282969477993e-08,2.36285581679678e-08,4.99298889947526e-08,3.60022809864894e-08,5.12143302842411e-08,2.74661507987496e-08,1.82399367277703e-08,1.96129225193209e-08,2.68475871982284e-08,1.4446498303717e-08,2.47235116615546e-08,1.05050560082302e-08,1.231720978584e-08,8.75603793837302e-09,9.31977727411886e-09,1.75344156228641e-08,1.29127296945256e-08,9.78246113828576e-09,4.58960090985679e-09,6.33211362297784e-09,1.06135756766223e-08,6.21046365814582e-09,1.16335774068503e-08,3.91906926184407e-09,5.14337568371836e-09,3.68923352982108e-09,5.2706935741761e-09,3.54709468110997e-09,4.84027434799361e-09,4.27889242296856e-09,3.42628634581689e-09,3.2518229054218e-09,3.01602595922783e-09,4.68091812647343e-09,4.11033215461564e-09,1.82587565548541e-08,6.67955052108615e-08,7.34633824922295e-08,4.98110161798754e-08,9.97821696777802e-08,8.13955468454475e-08,6.14218178239475e-08,6.36357344240305e-08,1.58140233322465e-08,7.48213243551644e-08,2.90418642701804e-08,1.59547565386328e-08,3.59639577956552e-08,1.12430103844328e-08,1.20023081968775e-08,1.53958854069941e-08,1.92036534154257e-08,2.60553465456547e-08,8.91847596433532e-09,1.26175380660336e-08,1.38416229281797e-08,1.67460140321772e-08,8.05496289897982e-09,9.46858333787629e-09,8.90581255696676e-09,1.03775987753659e-08,4.11837048315193e-09,4.26882109197014e-09,6.66628684688918e-09,2.74511354598279e-09,8.26750711734394e-09,3.34912231699312e-09,4.33059021653187e-09,7.74296567255043e-09,6.59218200297012e-09,9.28035575015821e-09,2.61375468756561e-09,3.26679478190151e-09,2.03508920670184e-09,5.34699196110129e-09,2.18586936590798e-09,3.00360144928824e-09,2.84042324624385e-09,2.05165589816272e-09,1.43067586840076e-09,1.52990874773497e-09,2.23396321709307e-09,1.64340113104854e-09
9.49492061907658e-08,1.05623232422735e-07,1.1535792313728e-07,1.30871975800402e-07,1.67814959662106e-07,2.03954893330374e-07,8.68754209562832e-08,8.53950870715541e-08,4.46898199392679e-08,1.29905944785551e-07,6.61308990719425e-08,1.03349778457775e-07,5.54848590571811e-08,2.97252701021427e-08,2.28502687704151e-08,4.18473738643809e-08,3.27799756458405e-08,4.2932525656355e-08,2.18747237737351e-08,1.69453554257909e-08,1.79047606850169e-08,2.41463782899112e-08,1.39903509456787e-08,2.06819785794925e-08,1.06013818770736e-08,1.23594569515358e-08,8.28352347144332e-09,9.07361871492623e-09,1.69022248574976e-08,1.21427430639839e-08,9.71811711173595e-09,4.56294946927875e-09,5.98075389526464e-09,1.10601432081257e-08,6.3377227020385e-09,1.16066144137008e-08,3.90545032442223e-09,4.71280756887819e-09,3.77852200635547e-09,5.42082137924831e-09,3.63584761569421e-09,5.09399471219447e-09,4.52800807633988e-09,3.44294828512903e-09,3.37283119943099e-09,3.26533959900725e-09,4.80562974519866e-09,4.46886777286765e-09,2.63051031706841e-08,5.68065394172737e-08,6.5024935039264e-08,7.60231038054664e-08,7.49561430564034e-08,9.29395709888196e-08,5.44814882375629e-08,5.46908166491656e-08,1.07614139509994e-08,5.72403256386479e-08,2.48273846598547e-08,2.23093092145283e-08,2.89857102502235e-08,9.22708680776139e-09,1.53720245529156e-08,1.32529531477991e-08,1.71946312971971e-08,2.3555909488637e-08,6.85969769679931e-09,1.30664769468794e-08,1.23493309774404e-08,1.34268496930445e-08,6.19682690216285e-09,6.65245710366396e-09,1.0578081653208e-08,9.64366370242275e-09,4.86146084641135e-09,4.91792383780309e-09,7.77960644872936e-09,7.82046648540138e-10,7.62589940650913e-09,3.42902688036877e-09,3.77754931248932e-09,7.08525382063025e-09,6.48522573115411e-09,8.97675850766161e-09,2.74545293307046e-09,3.13575254179515e-09,2.68792864855034e-09,5.55066995903273e-09,2.55868156662009e-09,3.30602833145082e-09,2.79274443575743e-09,2.37885803252654e-09,1.30758989561765e-09,1.55768770837202e-09,2.74106086107476e-09,2.17234094705231e-09
6.31327937274788e-08,2.14371710191402e-07,6.18044414311461e-08,1.16060594716335e-07,1.71374705738464e-07,8.68754209562832e-08,2.85016987935654e-07,6.70783935188907e-08,4.85691013871949e-08,2.27267866735611e-07,7.40972368035879e-08,2.43124234453806e-07,4.29736347420393e-08,3.60503557876513e-08,4.84679443147921e-08,4.86386193458849e-08,3.71414161872022e-08,4.86914218629337e-08,2.6743142874996e-08,2.95482992953016e-08,1.55724500732772e-08,2.61542634302382e-08,2.55347828335229e-08,2.22035318290945e-08,1.99163163419346e-08,1.01490750917843e-08,1.00448089726497e-08,1.85610430531942e-08,1.2799813702711e-08,2.05747354737074e-08,6.49768384565563e-09,5.87231665987805e-09,6.95130986758926e-09,6.85662660417639e-09,6.63491096154599e-09,7.80667449600471e-09,4.31776174150989e-09,5.57066873356104e-09,3.92524548160393e-09,4.54499909901927e-09,4.49365287366745e-09,4.34685750815119e-09,4.70313899587088e-09,3.00409495118182e-09,3.08357412923067e-09,3.35474763915316e-09,3.60692130768872e-09,4.18356735357628e-09,2.30633812432073e-08,7.33069983939154e-08,3.39639402224737e-08,6.05043771649586e-08,4.57567969714933e-08,3.8672938765125e-08,7.50880612684559e-08,3.54586179784922e-08,1.06215049909995e-08,3.95260831268048e-08,2.610608183956e-08,8.71578645014107e-09,1.94168804360082e-08,9.00980679152197e-09,5.3961521140002e-11,1.53177200742911e-08,1.02664863291407e-08,1.02809053611644e-08,7.08769008335151e-09,7.5918289268836e-09,1.09575897831588e-08,7.40370945041561e-09,7.23720326716819e-09,5.53148766433785e-09,6.13428005563931e-09,8.75330743822195e-09,6.51152506201237e-09,4.73083007829966e-09,7.24009240010994e-09,1.55253172234067e-09,7.2083520740532e-09,3.87669973582158e-09,3.60227039199813e-09,6.11504203186549e-09,6.32437254151593e-09,6.94826689489238e-09,3.09147226249237e-09,2.89865213160766e-09,1.83791351271872e-09,4.74300140649639e-09,1.35130323972422e-09,2.09340284508634e-09,2.36546496492443e-09,1.74934326367767e-09,1.85794837446787e-09,9.36462670287345e-10,1.33320888271199e-09,1.26507083380924e-09
2.68003373688523e-08,6.17807236026099e-08,1.24561631115208e-07,4.99513642736896e-08,1.01830914398258e-07,8.53950870715541e-08,6.70783935188907e-08,1.46606634247201e-07,5.91048707393939e-08,1.16828813499295e-07,1.11348237041058e-07,9.44854858267188e-08,1.03210629287321e-07,4.08482288106811e-08,2.67630015272308e-08,7.45526697837345e-08,4.32730347583352e-08,7.83098435143548e-08,2.89860575941409e-08,2.00414169939968e-08,2.50056719010155e-08,3.05001051250006e-08,1.88317949668013e-08,2.73166599652083e-08,1.25789874722905e-08,1.69340593984896e-08,9.66637391304236e-09,1.23994134589847e-08,1.99570293702223e-08,1.6052035292011e-08,1.23399894756548e-08,5.40607412127552e-09,6.88827869623573e-09,1.33035592808078e-08,5.16170153309938e-09,1.51633171968022e-08,4.58103037936735e-09,5.53248340962247e-09,3.94132777377637e-09,4.27592476609364e-09,5.35918988861965e-09,4.49308043922505e-09,4.12056321786808e-09,3.09466846217634e-09,2.74481443622399e-09,4.0996990108675e-09,3.83878158294915e-09,3.98816396072556e-09,1.67577041304734e-08,3.8350107892033e-08,6.17781393754332e-08,3.45081880905015e-08,5.57631563726252e-08,5.05916544918531e-08,4.01689421509721e-08,6.96473558195007e-08,1.85714069385092e-08,6.16473108223945e-08,3.2364357914328e-08,2.63945039641317e-08,4.32114536357004e-08,1.27395816505466e-08,1.49491512899327e-08,1.7113553686267e-08,2.17244528612753e-08,3.10233118056366e-08,9.35610225417029e-09,1.47322585661405e-08,2.231583690215e-08,1.8797348828229e-08,1.44993680346769e-08,1.05753593038666e-08,9.63504923649398e-09,1.70356644648646e-08,2.98129373934922e-09,9.49169053165464e-09,1.61639040135801e-08,8.04262083086903e-09,1.21579655614036e-08,6.81045122426498e-10,5.31872843578667e-09,1.38993581592881e-08,4.86619209357801e-09,1.25883182675956e-08,-1.47704614172146e-10,3.6757140158678e-09,1.50795655655699e-09,3.4489871816582e-09,3.33244883411593e-09,2.58383696041596e-09,2.83538545261636e-09,1.23016455793823e-09,2.10395851679595e-09,2.40241007526545e-09,2.82504145605037e-09,3.00925518423582e-09
3.43485332924796e-08,4.72618654888224e-08,4.8570194796778e-08,4.23498545131964e-08,5.25861548655522e-08,4.46898199392679e-08,4.85691013871949e-08,5.91048707393939e-08,1.57893650455441e-07,5.85185086067983e-08,1.16209806758653e-07,1.06256315667403e-07,4.0867541967154e-08,1.12658812675082e-07,5.19182930846963e-08,7.94067212747764e-08,9.02861460094641e-08,6.3879045344393e-08,8.09995231442137e-08,3.73460204654314e-08,2.08134368307038e-08,6.16344550681294e-08,2.80757276782348e-08,5.26123020588595e-08,2.47002103825718e-08,1.40045950492606e-08,1.67083736268099e-08,1.8799027515407e-08,1.52753283179287e-08,2.01372852209505e-08,9.70784582674066e-09,1.16297641773964e-08,8.53251129959285e-09,1.09709700052062e-08,1.24065415307375e-08,1.15997429354109e-08,8.186563389742e-09,6.15135931306653e-09,4.19095130691236e-09,8.50845318355106e-09,6.48804787577099e-09,8.27157181352294e-09,4.67538019252081e-09,3.61950999445942e-09,3.56007227309418e-09,5.20629046473832e-09,4.53666182807175e-09,5.73900549600629e-09,1.50320947112649e-08,2.16238948039933e-08,1.84431222639974e-08,2.16927635408634e-08,1.73287937090035e-08,2.07004470794998e-08,2.20222779203101e-08,2.40301394672488e-08,7.30903197599661e-08,2.12928420611969e-08,4.09369997623428e-08,3.85074515463942e-08,1.55579350257232e-08,5.4988419916708e-08,1.57134374262713e-08,3.12372984886805e-08,4.24302023651573e-08,2.44631921425089e-08,4.50199642876829e-08,1.39131417249598e-08,1.22998735273578e-08,3.43546930768569e-08,9.18884533603344e-09,2.58702219969449e-08,9.59710447365938e-09,8.85777984085184e-09,1.05146836866063e-08,6.34083155175587e-09,4.64832365661867e-09,2.50304545875309e-09,5.34272386896185e-09,6.28240625727219e-09,4.77380776055815e-09,4.19048093308007e-09,7.37596065820898e-09,2.74285620667343e-09,4.109620084072e-09,3.46806888959463e-09,2.88701215936279e-09,4.82917287040109e-09,2.94119362126184e-09,4.33124116513154e-09,2.71351010272875e-09,2.21959339189917e-09,2.64954656943952e-09,1.86222369417749e-09,3.13723270531992e-09,2.99088517898666e-09
6.38677338733436e-08,1.71346804828399e-07,1.0183608593766e-07,8.74532119181639e-08,2.20912071955206e-07,1.29905944785551e-07,2.27267866735611e-07,1.16828813499295e-07,5.85185086067983e-08,2.95105208220315e-07,9.11371091436291e-08,2.66595814515577e-07,7.73514369724008e-08,4.06811909712183e-08,3.1410258795182e-08,5.824528450924e-08,4.02212045533119e-08,6.01578793868935e-08,3.03877473384911e-08,2.05898259711291e-08,2.50695645055647e-08,2.90582157172997e-08,1.83934195284174e-08,2.72883662553645e-08,1.19668696913426e-08,1.66690316091211e-08,9.68906314242826e-09,1.19443104589696e-08,2.09282461352969e-08,1.5038509149517e-08,1.20224323138736e-08,5.32126230736499e-09,6.47237282677023e-09,1.24950394142958e-08,6.62824261845292e-09,1.31442273219966e-08,4.58996901201194e-09,5.29904873665689e-09,4.71552843756678e-09,5.64179473146198e-09,4.55423321242161e-09,5.64346307708668e-09,4.11828830169428e-09,3.64379147457103e-09,3.21272541105893e-09,3.08324763191194e-09,4.70541450258037e-09,4.10163876708055e-09,1.54330143766746e-08,6.14016035610596e-08,6.36007852346129e-08,4.5394897099262e-08,7.48247850730915e-08,5.8557204154475e-08,6.6813360758814e-08,6.29350512636754e-08,1.70920818306174e-08,9.3698620785937e-08,2.92212488240961e-08,3.65112206294427e-08,3.54655008052028e-08,1.42809472892399e-08,1.89953347638764e-09,1.59599034854715e-08,2.06130521143833e-08,1.39983286943423e-08,1.13687026198227e-08,1.13212156579534e-08,1.66698886503018e-08,1.87332990111397e-08,7.20857242620741e-09,9.15932104521121e-09,7.4287645759608e-09,1.27172376621425e-08,4.40740735305882e-09,3.31955928933242e-09,9.99205640332557e-09,2.53576498650807e-09,1.01290413991879e-08,3.43785761330302e-09,4.71449295056278e-09,9.12635136876073e-09,6.46183577086407e-09,1.03486171188728e-08,2.64793229311776e-09,3.76830157440335e-09,1.84846619779981e-09,5.25287418077286e-09,3.03715566831705e-09,2.84573255227268e-09,2.65220555354055e-09,1.67757307225337e-09,1.41864306124373e-09,1.32398993275489e-09,2.12917069155549e-09,1.9242377655653e-09
2.98570154230284e-08,6.83196612853688e-08,9.26918639942271e-08,5.34468079992636e-08,8.18583968123264e-08,6.61308990719425e-08,7.40972368035879e-08,1.11348237041058e-07,1.16209806758653e-07,9.11371091436291e-08,1.944062323154e-07,1.55256202643153e-07,7.45691744805456e-08,7.93985833502378e-08,4.47444648669377e-08,1.29224390065356e-07,6.46276773460855e-08,1.04301329815828e-07,5.95864316966103e-08,3.34622319879389e-08,2.13520332511161e-08,4.75683525682317e-08,2.9492622371425e-08,4.22685894753175e-08,2.0953563514932e-08,1.36516667189609e-08,1.71347962719025e-08,1.89720936748113e-08,1.48546854334144e-08,1.9614963496242e-08,9.22467413701308e-09,1.13656703351732e-08,6.40896328801891e-09,9.38930131288281e-09,1.12480464878487e-08,1.00835122758679e-08,8.25392728386736e-09,4.46177117965057e-09,4.85590451048045e-09,7.80447870985573e-09,5.27400615837019e-09,8.73369384310615e-09,3.09950554313501e-09,3.9864542254695e-09,3.86078741268859e-09,4.0638165002882e-09,4.86982403854177e-09,4.64457136104806e-09,1.78261437070761e-08,3.74666061917936e-08,3.9191539529857e-08,3.51330547494804e-08,3.13754258508503e-08,3.13876827050663e-08,3.77641271352381e-08,4.92725457028767e-08,5.24956340202533e-08,3.45978528817631e-08,5.44521940408537e-08,4.20914241440328e-08,3.19452868649622e-08,4.03232691217459e-08,1.59708653261164e-08,4.52042236544179e-08,3.93235123353323e-08,4.09898030468865e-08,3.28267626683945e-08,1.60809056186804e-08,1.2132354709256e-08,3.38228997361707e-08,1.5709921797704e-08,2.52849637123057e-08,1.14578045812547e-08,9.19349203531808e-09,1.04852651220277e-08,1.06981910213178e-08,3.66672996721677e-09,2.96823903501839e-09,5.55090803695537e-09,5.71755655964476e-09,3.93413587724856e-09,3.81608025050071e-09,6.47064148871849e-09,2.0064800525989e-09,4.09820613641951e-09,3.06013985920653e-09,2.91502047043494e-09,4.61908315342187e-09,3.20090022699777e-09,5.54544516166173e-09,2.36009941753463e-09,2.22825001599413e-09,3.08248692041712e-09,2.37765588775008e-09,2.70963737071977e-09,3.61920348841121e-09
6.24443397307648e-08,1.78065275599189e-07,8.31207743893437e-08,8.50123881150228e-08,1.97759964724719e-07,1.03349778457775e-07,2.43124234453806e-07,9.44854858267188e-08,1.06256315667403e-07,2.66595814515577e-07,1.55256202643153e-07,3.77491470423579e-07,6.02977611847478e-08,7.2603919237716e-08,4.5821343495069e-08,9.96141649237033e-08,6.23248437221809e-08,8.57467598851929e-08,5.54769006712387e-08,3.27557150470106e-08,2.92206985918216e-08,4.69618927568153e-08,3.20354049044705e-08,4.48082145323655e-08,2.2048973038915e-08,1.85366225516392e-08,1.78450083627713e-08,2.09228002980295e-08,2.12848352568668e-08,2.18312439916106e-08,1.33794370336075e-08,1.14850646391778e-08,7.97476810784402e-09,1.32611621473665e-08,1.20696906350895e-08,1.48931844359445e-08,8.900787040243e-09,6.50408581309924e-09,5.95112308801095e-09,9.36310625007731e-09,6.99497110255632e-09,1.00131742550329e-08,5.12598889045899e-09,4.86581942195074e-09,3.97357396081705e-09,5.29239966434977e-09,5.46949733415158e-09,5.17975032470514e-09,1.17273109619494e-08,5.64068426207201e-08,3.57576540803369e-08,4.21285064392808e-08,5.90827959745058e-08,3.98098864666603e-08,6.25921980743776e-08,4.51226295865676e-08,3.54851694101693e-08,6.63954604705655e-08,4.60796221409509e-08,5.66333606856211e-08,2.71330642565859e-08,2.94754585358576e-08,4.617774129436e-09,3.82485454971713e-08,3.70702270805337e-08,2.11226882888508e-08,2.42228369540919e-08,1.2160869484772e-08,2.05370455011101e-08,3.38930912915526e-08,1.39857881765205e-08,2.30987705149881e-08,9.45047453613243e-09,1.66005673914568e-08,7.14172373804965e-09,9.31451000023059e-09,1.11386642959559e-08,4.48609590084138e-09,1.37657892723075e-08,4.31545215739129e-09,6.45657902859549e-09,1.1098623305712e-08,8.74449749181988e-09,7.29010035927817e-09,3.60100826295308e-09,5.77475213614107e-09,2.24648949941122e-09,7.45754311474963e-09,4.60466607516124e-09,6.1155144437374e-09,4.64639132372378e-09,1.4646620818843e-09,2.51290838899144e-09,3.04054760902051e-09,2.36076958611076e-09,4.13148944569594e-09
1.97190438332953e-08,3.81478569344739e-08,8.52455331840544e-08,3.09736176691406e-08,6.44474361104153e-08,5.54848590571811e-08,4.29736347420393e-08,1.03210629287321e-07,4.0867541967154e-08,7.73514369724008e-08,7.45691744805456e-08,6.02977611847478e-08,1.2876670509661e-07,5.06676929642123e-08,3.30181042986469e-08,9.25604604220135e-08,5.3774865164805e-08,9.67000055426993e-08,3.54716286373863e-08,2.39356426267626e-08,3.04824295485155e-08,3.73948935347233e-08,2.29211360887407e-08,3.27639266430143e-08,1.55325176273564e-08,2.09272273959841e-08,1.20557223703652e-08,1.49094407135319e-08,2.4337179676246e-08,1.75426129633994e-08,1.52311426110865e-08,7.41086897672221e-09,8.72876068821658e-09,1.63884576762641e-08,7.39172741862985e-09,1.80820141521672e-08,6.14161398200837e-09,6.76375347882183e-09,4.7279902056296e-09,5.76815883812103e-09,6.60075639397452e-09,6.09028323582743e-09,5.06072896984939e-09,3.45471954518306e-09,2.95238572579998e-09,5.02071666768565e-09,4.16834479118827e-09,4.90261632876048e-09,1.36612616070125e-08,2.31262841135018e-08,3.67563819844151e-08,2.19779103878681e-08,3.05358609788927e-08,2.90989829836946e-08,2.51558469143697e-08,4.32060547926073e-08,1.26501296566632e-08,3.78933801926263e-08,1.70466578731884e-08,1.318665385529e-08,5.68938482219276e-08,1.11166361315635e-08,1.75971586834438e-08,2.55595503644082e-08,2.60610611477978e-08,4.73501232046923e-08,8.7399588022114e-09,1.45903826632473e-08,2.38144952853695e-08,2.08580960231977e-08,1.55439573351881e-08,1.12278207897126e-08,9.22936530197045e-09,1.74130757950475e-08,1.44808078740543e-09,9.56287887509215e-09,1.54316710456623e-08,6.07375170090439e-09,1.27703515520848e-08,-3.5779292159923e-10,7.04172648515483e-09,1.30593693844009e-08,5.7646228683231e-09,1.25900387834752e-08,-1.37155991719525e-09,5.52793015965455e-09,2.56735048893874e-09,3.8433990612109e-09,4.7248747157259e-09,2.87696427312919e-09,4.50732440917147e-09,1.55576454194341e-09,1.62237342199186e-09,3.33056976508517e-09,2.59261770647967e-09,3.75148887811208e-09
2.5897536174765e-08,3.46408034113462e-08,3.23859858645832e-08,2.98262558747131e-08,3.57282969477993e-08,2.97252701021427e-08,3.60503557876513e-08,4.08482288106811e-08,1.12658812675082e-07,4.06811909712183e-08,7.93985833502378e-08,7.2603919237716e-08,5.06676929642123e-08,1.44816715066025e-07,6.61135284522963e-08,1.02714628514833e-07,1.15912583340508e-07,8.4431156653361e-08,1.01385214026402e-07,4.62682832088567e-08,2.71738092820295e-08,7.91331856815595e-08,3.57386971390407e-08,6.70821667839592e-08,3.05587408657804e-08,1.79263287503957e-08,2.0960464017738e-08,2.41054211354144e-08,2.04958464003626e-08,2.52219095386577e-08,1.17531657985499e-08,1.47689306092625e-08,1.22915256942902e-08,1.43887961662803e-08,1.71503982388691e-08,1.65129600490388e-08,1.09259188128846e-08,8.94124665318391e-09,5.66426151069029e-09,1.20431188178156e-08,8.84394132291448e-09,1.12550605123584e-08,6.90709233760185e-09,4.61888625033095e-09,4.02428863678202e-09,7.25012162168586e-09,5.37156081876261e-09,7.73707015373491e-09,9.53860678871186e-09,1.48454826001094e-08,9.95086815996146e-09,1.37410525864423e-08,6.5335175733128e-09,8.18745368403377e-09,1.51914425065031e-08,1.5540781704911e-08,5.48854601057674e-08,1.16158057224729e-08,3.11646088551245e-08,2.5647543258943e-08,2.56837799916124e-08,7.46830105208209e-08,2.58904213536237e-08,4.26018880378354e-08,6.10762627030535e-08,4.11238391344133e-08,5.39225206983489e-08,1.76246692981455e-08,1.29552386453234e-08,4.22411807452104e-08,1.25124660447304e-08,3.02150948720102e-08,1.22462299986354e-08,1.09345669445665e-08,1.07910586869129e-08,9.73575700059193e-09,7.332170955142e-09,6.27125440895307e-09,4.8636689769869e-09,6.68185875027572e-09,8.48695637110903e-09,5.33474321617591e-09,1.06039147318006e-08,5.78654069805493e-09,3.96044859372955e-09,7.15031354124063e-09,3.93252684474388e-09,7.41973183073786e-09,5.34241801368139e-09,4.91796833359229e-09,6.2184561944003e-09,3.15104794569052e-09,3.50678355513839e-09,4.45374307185659e-09,4.281063640959e-09,5.44580909833234e-09
1.74552362399743e-08,4.2005976143018e-08,2.15063159875179e-08,4.06441860156736e-08,2.36285581679678e-08,2.28502687704151e-08,4.84679443147921e-08,2.67630015272308e-08,5.19182930846963e-08,3.1410258795182e-08,4.47444648669377e-08,4.5821343495069e-08,3.30181042986469e-08,6.61135284522963e-08,2.29661857848375e-07,6.01886639037066e-08,1.66373244394324e-07,1.51160818643709e-07,4.63165830963364e-08,1.46907204376012e-07,5.07204084574656e-08,1.09487295435879e-07,8.83992177092863e-08,6.19775316844553e-08,1.01344831527929e-07,3.29333678862471e-08,1.89672887545486e-08,5.95585005711681e-08,2.85048689527258e-08,5.40443108903556e-08,2.28369222477719e-08,1.42008204748233e-08,2.9888663591502e-08,2.05081530575308e-08,1.56854264720332e-08,2.12822891113405e-08,9.26098832555093e-09,2.38754748995938e-08,8.16543419785746e-09,1.01105474263045e-08,2.34328251166412e-08,1.02160222513385e-08,1.99737730323309e-08,6.50988685438608e-09,4.52908556061771e-09,1.92148701830209e-08,6.68459027790525e-09,2.14575075346834e-08,4.85325364593852e-09,2.27423278136087e-08,9.40643442336593e-09,1.76333082512973e-08,1.07971212132776e-08,7.19113885432092e-09,1.57291011898195e-08,1.5237596805676e-08,3.02276993306742e-08,1.10821403546534e-08,2.19607409638641e-08,2.17342120325214e-08,2.23584118698221e-08,4.17282435962901e-08,1.03681430079875e-07,3.50382005444953e-08,9.20342735895135e-08,9.09095518982537e-08,2.82070459215339e-08,7.5113918154281e-08,4.07284201391305e-08,5.64394942549462e-08,4.7442668379332e-08,3.21684369367115e-08,4.82270891860719e-08,2.70838266093609e-08,1.37227551155231e-08,2.9252281003359e-08,2.064023248942e-08,2.10141135397588e-08,1.80932221512602e-08,9.94771248326769e-09,1.7426416891921e-08,1.49748616661091e-08,8.8517416686797e-09,9.41899036094270e-09,6.7915339988289e-09,1.33352923241501e-08,6.12035156634425e-09,6.81182167834964e-09,1.17028782234336e-08,7.06872486185928e-09,1.06367531227825e-08,5.24072017940371e-09,2.12729176802173e-09,1.06955034820519e-08,3.54418510563881e-09,8.73128184367039e-09
2.07987786122699e-08,4.37059654785347e-08,6.00353687464302e-08,3.41500391999462e-08,4.99298889947526e-08,4.18473738643809e-08,4.86386193458849e-08,7.45526697837345e-08,7.94067212747764e-08,5.824528450924e-08,1.29224390065356e-07,9.96141649237033e-08,9.25604604220135e-08,1.02714628514833e-07,6.01886639037066e-08,1.69911084158796e-07,8.49669498853072e-08,1.39896096621059e-07,7.43851362695401e-08,4.32654249629143e-08,2.86550680897149e-08,6.10970702709254e-08,3.72449674379268e-08,5.27867814984363e-08,2.73963115081432e-08,1.85605499271801e-08,2.1201097842132e-08,2.429601551489e-08,1.95652567049174e-08,2.343247156066e-08,1.25536350288068e-08,1.46648844095876e-08,9.86727046726042e-09,1.2873265200292e-08,1.5420171585358e-08,1.42514801485029e-08,1.11998132177597e-08,7.31888763524676e-09,6.99852062757036e-09,1.10762690359731e-08,8.3742359558134e-09,1.19518917559078e-08,5.0481700783554e-09,5.20101197147619e-09,4.31890236399996e-09,6.0187281389692e-09,5.71746238893796e-09,6.28899837976736e-09,1.34398911943258e-08,2.71374438320647e-08,2.26307084516107e-08,2.64025113593046e-08,1.27580228072046e-08,1.56020318528185e-08,2.55259001476509e-08,3.19283530334857e-08,4.01975893012195e-08,1.700678519399e-08,4.51139166430116e-08,3.12852949351198e-08,4.71695649857263e-08,5.51557547264721e-08,2.6964798488795e-08,6.93790737629884e-08,5.71046050091242e-08,7.04054325993388e-08,4.02822161552307e-08,1.95891914073418e-08,1.38731971990383e-08,4.11842174336218e-08,1.82824626923187e-08,2.88775094001854e-08,1.43200967469891e-08,1.18903990793654e-08,1.03386784309331e-08,1.30989860548274e-08,4.43468655338475e-09,3.83340632862607e-09,5.8395576397984e-09,5.94755360073146e-09,7.42549300232257e-09,3.65103656692356e-09,1.02443340959337e-08,3.02671697233751e-09,3.98256189652357e-09,6.53213822828124e-09,3.6540662652871e-09,7.81708170033196e-09,5.89545607393323e-09,6.96632675588488e-09,5.46504266763359e-09,2.60764397429895e-09,3.3883323092775e-09,4.26237873924609e-09,3.37973137485184e-09,5.15847577769219e-09
2.56548238345505e-08,3.49585660264088e-08,3.59036612994593e-08,3.17465703499508e-08,3.60022809864894e-08,3.27799756458405e-08,3.71414161872022e-08,4.32730347583352e-08,9.02861460094641e-08,4.02212045533119e-08,6.46276773460855e-08,6.23248437221809e-08,5.3774865164805e-08,1.15912583340508e-07,1.66373244394324e-07,8.49669498853072e-08,2.34176651033092e-07,1.83228667003066e-07,7.91680798963029e-08,1.09467979691156e-07,4.43456392902046e-08,1.55783809663565e-07,6.09403835202954e-08,9.74013336905904e-08,7.59726008210818e-08,2.85722459806188e-08,2.02884329169132e-08,4.00296944783748e-08,2.78247517845654e-08,3.73448153538762e-08,2.01926906886513e-08,1.45239705312567e-08,3.18146119027871e-08,1.97619838292222e-08,1.689889572888e-08,2.24660254640042e-08,1.03247863020814e-08,2.47384590895036e-08,9.6121141134714e-09,1.16706327667771e-08,2.46267117047481e-08,1.26613319588789e-08,1.99248205508407e-08,7.55628494542840e-09,5.45609817192983e-09,1.9251364267602e-08,7.99014640302015e-09,2.10736463763381e-08,5.82688422397817e-09,2.47568895697559e-08,1.34878164412092e-08,1.77507855708117e-08,1.0883556091947e-08,5.83622609110368e-09,2.27322850000344e-08,1.97891850500964e-08,4.40708887986831e-08,1.36353140746933e-08,3.07834655421546e-08,2.50845325975749e-08,3.31155809470604e-08,5.99561505258149e-08,8.34548794156154e-08,4.36098214159384e-08,1.30299834949491e-07,1.13278217342736e-07,4.08023190011419e-08,6.14311447786978e-08,2.3866566871131e-08,8.68171386741103e-08,3.16250546306517e-08,4.70407564599932e-08,4.12145314383846e-08,1.96979944375711e-08,9.86298593056358e-09,2.2529512564674e-08,1.52067995542001e-08,1.99361301686267e-08,1.26998030398072e-08,5.77567261393975e-09,2.15739626170025e-08,1.15413285289949e-08,9.35398414490753e-09,9.30506113908707e-09,3.22614679205779e-09,1.70141605046946e-08,6.00972742780246e-09,6.5756703874095e-09,1.40833761825621e-08,6.63836089377844e-09,1.37399702912461e-08,4.45024993658578e-09,3.71465265523424e-09,1.20290000371463e-08,5.43511982144938e-09,1.02144790874179e-08
2.15683613229552e-08,4.13665454237688e-08,6.61392688700442e-08,3.4329377240479e-08,5.12143302842411e-08,4.2932525656355e-08,4.86914218629337e-08,7.83098435143548e-08,6.3879045344393e-08,6.01578793868935e-08,1.04301329815828e-07,8.57467598851929e-08,9.67000055426993e-08,8.4431156653361e-08,1.51160818643709e-07,1.39896096621059e-07,1.83228667003066e-07,2.57818448257473e-07,5.94721517581248e-08,1.00039306220446e-07,4.51038354140121e-08,1.24263320540301e-07,5.94381239345807e-08,7.82687100389216e-08,6.75337470107713e-08,2.98085970913915e-08,2.11931433806388e-08,3.88704701983274e-08,2.80074961287184e-08,3.49972682990677e-08,2.1232455568011e-08,1.38242655470173e-08,3.03695936678565e-08,1.8350187617536e-08,1.5049889296447e-08,2.12361094694901e-08,1.02180771603049e-08,2.50190853566009e-08,1.23541348060583e-08,1.08765869045786e-08,2.60383470949682e-08,1.18793688088541e-08,1.96113570654439e-08,9.01022192922754e-09,5.77004767441203e-09,1.96071858355512e-08,8.81230978136908e-09,2.00460160036635e-08,1.27874127935949e-08,3.0756192665542e-08,2.69551731638005e-08,2.86116398918102e-08,2.04284498793193e-08,1.49863159355585e-08,2.8402137087394e-08,3.53380672169959e-08,3.62957510141577e-08,2.18541238693564e-08,3.87331041673571e-08,2.94370176132244e-08,5.38074060969885e-08,4.81763572385304e-08,8.65599997978258e-08,6.41219421859997e-08,1.19748861316243e-07,1.54712640701775e-07,3.36104436419683e-08,6.13893314557164e-08,2.62640705485343e-08,8.12555100604595e-08,3.51315036203685e-08,3.87435375255433e-08,4.23338814625739e-08,2.14004905484761e-08,8.89043153908457e-09,2.5259363673416e-08,1.49034018323598e-08,1.9266187374538e-08,1.41533616649341e-08,4.59996519530961e-09,2.01417580714595e-08,1.15273629729756e-08,8.29846310327892e-09,7.69239003546738e-09,2.30199918595534e-09,1.64396298180436e-08,5.04484943912849e-09,6.24351076312569e-09,1.41048030455499e-08,4.58415728284386e-09,1.28758806898874e-08,3.56904007554462e-09,3.41364867611972e-09,1.15208882320515e-08,4.97950175064611e-09,9.32669956064378e-09
1.74023500573899e-08,2.55556671353037e-08,2.39969136695189e-08,2.07545812488981e-08,2.74661507987496e-08,2.18747237737351e-08,2.6743142874996e-08,2.89860575941409e-08,8.09995231442137e-08,3.03877473384911e-08,5.95864316966103e-08,5.54769006712387e-08,3.54716286373863e-08,1.01385214026402e-07,4.63165830963364e-08,7.43851362695401e-08,7.91680798963029e-08,5.94721517581248e-08,1.30885015127424e-07,5.9196912163861e-08,3.5756701624028e-08,9.9277545643139e-08,4.90050033045469e-08,8.72096769940609e-08,3.8085982042676e-08,2.34482613750097e-08,2.62885576970469e-08,3.13974099546646e-08,2.56689068504802e-08,3.22389279656697e-08,1.60985378946056e-08,1.94046596799302e-08,1.36200651536531e-08,1.78670254101654e-08,2.06499490010133e-08,2.08395429720447e-08,1.39867702014384e-08,1.00660184931742e-08,6.49492342371825e-09,1.44598504329518e-08,1.04514099292581e-08,1.42225472718526e-08,7.82443108907761e-09,4.96610414912841e-09,4.8808074525075e-09,8.11691305244974e-09,5.87225570600617e-09,9.22830672686448e-09,7.34843572478148e-09,1.3067666511573e-08,6.20468494416845e-09,1.23633458270364e-08,3.60025415054615e-09,4.54440867419074e-09,1.38611267119623e-08,1.04315262886889e-08,4.49040396055915e-08,7.2328553362858e-09,2.36839690842519e-08,2.00989663042803e-08,1.87309663097527e-08,5.3932969287889e-08,1.76288172133481e-08,3.21962225474647e-08,4.22894123987091e-08,3.11253499337452e-08,6.40334093367173e-08,2.45348124847171e-08,1.24996471431139e-08,4.88737271434374e-08,1.5025886074421e-08,3.88966330810692e-08,1.64216440796803e-08,1.18177538037825e-08,1.3007401393398e-08,1.35479008515898e-08,8.4152000649391e-09,1.00314022872267e-08,6.08527984147765e-09,8.81956164419633e-09,8.34239810299106e-09,5.77163080332513e-09,1.23612908887893e-08,7.134813756528e-09,5.18222569524762e-09,7.09490081011213e-09,4.30988026088824e-09,8.2233021963891e-09,5.87330978348174e-09,6.70260401484383e-09,5.97532247427196e-09,3.45864749594757e-09,3.69539167513196e-09,4.7093335784464e-09,4.25460810569524e-09,5.6324107449084e-09
