3.18620926160512e-08,1.58175125445283e-08,8.29176569160752e-09,2.57352036837374e-08,1.4936082429814e-08,2.35819598361842e-08,1.37895854611018e-08,7.1903865807536e-09,7.17587563383532e-09,1.29555884081289e-08,7.76101080589139e-09,1.3044758254589e-08,6.10064647042339e-09,6.29719673767345e-09,4.43862437809693e-09,6.56789759831791e-09,6.82598460992667e-09,6.83539999629457e-09,5.50955310951753e-09,3.90088900077477e-09,3.25247328258274e-09,6.00048854101239e-09,4.06390099824226e-09,6.06111587876403e-09,3.56128166467702e-09,2.89150951115928e-09,2.58439883654979e-09,3.6552234147236e-09,3.26785611082843e-09,3.93512483026432e-09,2.63851797964981e-09,2.34479653219712e-09,2.39720555672689e-09,2.97574905998426e-09,2.80763401375285e-09,3.45735905481858e-09,2.12977042367918e-09,2.07343247905325e-09,2.00254937651684e-09,2.46426585439903e-09,2.45208191007509e-09,2.84296570746119e-09,1.96000518658474e-09,1.76039094291501e-09,1.76139486881067e-09,2.27128069965952e-09,2.2105232347992e-09,2.72748140921282e-09,2.49780459491297e-08,1.22555754214969e-08,6.22867106404981e-09,2.0933587206129e-08,1.20498421156731e-08,2.00746305521067e-08,1.07058187013481e-08,5.4610145425455e-09,5.42905108010939e-09,1.05548679849354e-08,5.73757091663311e-09,9.89894277557429e-09,4.69557007538207e-09,4.76885172729423e-09,3.0264526388106e-09,5.1587933641178e-09,4.90366132632627e-09,5.40747318443845e-09,4.26143268998179e-09,2.67823890293901e-09,2.55175403176519e-09,4.32354707182528e-09,2.91160130788671e-09,4.66210781892086e-09,2.40944806329197e-09,2.2997946147267e-09,1.85732530404093e-09,2.61694362518278e-09,2.64082587982613e-09,2.74518893360153e-09,2.12369390346001e-09,1.68393928031074e-09,1.86149451563217e-09,2.43535301470759e-09,2.08450294708958e-09,2.89943774961982e-09,1.52876954035667e-09,1.59166402108345e-09,1.40930052076426e-09,1.80956457321512e-09,1.88657972213038e-09,1.96194796370723e-09,1.51803379905555e-09,1.20861534347571e-09,1.28511543982654e-09,1.76134699914348e-09,1.63371611206755e-09,2.05670949920212e-09
1.58175125445283e-08,4.29871906004535e-08,1.79325459933221e-08,2.91784057189722e-08,3.4863696375892e-08,2.29927247966566e-08,3.77247135670718e-08,1.52436848167429e-08,7.64011146308059e-09,3.03976819427244e-08,1.45115474732789e-08,2.88647272780735e-08,1.31820327898546e-08,6.57415541087044e-09,7.37873090777949e-09,1.24070282360074e-08,7.06620577019503e-09,1.21296369018384e-08,5.79783046095721e-09,6.44479246019438e-09,3.82926002353113e-09,6.16585394064244e-09,6.61751052882868e-09,6.08790716129199e-09,5.68228098399266e-09,3.41257353399428e-09,2.99303049778586e-09,5.82644686247051e-09,4.03100846324683e-09,6.40720008413106e-09,3.15349036804318e-09,2.76604618891839e-09,3.02757224304883e-09,3.71241702874001e-09,3.37619454675363e-09,4.36480554257052e-09,2.46799229089632e-09,2.6580176125031e-09,2.56374946432826e-09,2.97971716723969e-09,3.1644945364612e-09,3.49985409657392e-09,2.43357710106836e-09,2.36612440413841e-09,2.04348529288052e-09,2.89246745507637e-09,2.7244786524462e-09,3.25538631537101e-09,1.27359068210196e-08,3.23320200026555e-08,1.40652330329535e-08,2.3514772128687e-08,2.68053977703436e-08,1.96965980223289e-08,2.86003315821333e-08,1.22373337290493e-08,5.76793626788438e-09,2.36963368563828e-08,1.14148016628027e-08,2.17049023732869e-08,1.08237062674295e-08,4.95331790746672e-09,5.2386961054966e-09,9.96420471834356e-09,5.66173748927818e-09,1.01081740365948e-08,4.36050265577363e-09,4.60431444903956e-09,2.76629285838326e-09,4.81558886856351e-09,4.82449847762131e-09,4.7012007687657e-09,3.93979174841434e-09,2.47511517217975e-09,2.04381445089236e-09,4.13232987449568e-09,3.03281011067858e-09,4.42241895569238e-09,2.30956376394807e-09,1.88018164959953e-09,2.11202694840915e-09,2.78050936981167e-09,2.40708501469807e-09,3.44676289484122e-09,1.66083989960287e-09,1.87030081602863e-09,1.72509927433138e-09,2.11501864911009e-09,2.22982224414283e-09,2.36785108659994e-09,1.70854955386331e-09,1.51881349762793e-09,1.52841294675103e-09,1.99864716106187e-09,1.94754971999219e-09,2.45025442022379e-09
8.29176569160752e-09,1.79325459933221e-08,3.73861341974565e-08,1.49695595482481e-08,3.07793927075186e-08,2.62352578187335e-08,1.52495821370902e-08,3.17492971808071e-08,1.40929657451975e-08,2.60157188714213e-08,2.64168783075304e-08,2.16054772654112e-08,2.70567448332418e-08,1.18012561578779e-08,6.78082028440717e-09,2.2198658668045e-08,1.17143126564343e-08,2.08625326071704e-08,1.03361646513472e-08,5.87035634879486e-09,5.42083251365529e-09,1.01993758263849e-08,5.95831511642179e-09,9.64801272034283e-09,5.16146296198224e-09,4.75902614055573e-09,3.16346392932078e-09,5.19287486965792e-09,5.23988913527135e-09,5.42047474496972e-09,4.32620760165909e-09,2.86696426892947e-09,2.76350333492664e-09,4.73156860009452e-09,3.30177103334624e-09,5.19587597671587e-09,2.57054371898247e-09,2.31875764325278e-09,2.14448098700709e-09,2.84626289637077e-09,2.77885311246965e-09,3.32748215555329e-09,2.18445663965064e-09,1.99831583239136e-09,1.90659768247605e-09,2.57626019689866e-09,2.40437354801217e-09,2.9423905543217e-09,6.16616974436433e-09,1.44054994695342e-08,2.78292294916038e-08,1.24884806104323e-08,2.35458298255131e-08,2.04571553491151e-08,1.25965053214563e-08,2.40182725880865e-08,1.1088506989873e-08,2.02642920054996e-08,2.03535174071821e-08,1.70455363134275e-08,2.09017738810607e-08,9.22848066379646e-09,5.20301880925685e-09,1.72925864601135e-08,9.75604331988394e-09,1.69090814130334e-08,8.14819656376142e-09,4.54808481397662e-09,3.52968195709265e-09,8.60804622152059e-09,4.55329603325968e-09,7.84873126499904e-09,3.93293145325167e-09,3.09255215531687e-09,2.36001266305298e-09,3.95134207209897e-09,3.64695470000224e-09,4.08334325317976e-09,2.80422588316281e-09,2.11465364292949e-09,1.95322410066826e-09,3.27849711763741e-09,2.14952725431005e-09,3.61877156714179e-09,1.87427790674845e-09,1.71383706439321e-09,1.51606731724542e-09,1.88091627061433e-09,2.26238330018255e-09,2.28603581159455e-09,1.56797286684359e-09,1.43495384667167e-09,1.35811699669463e-09,2.09583856719269e-09,1.74253650840521e-09,2.22546317789763e-09
2.57352036837374e-08,2.91784057189722e-08,1.49695595482481e-08,4.1993663289493e-08,2.30236652507624e-08,3.37449903637543e-08,2.52020737649887e-08,1.26737492653533e-08,7.15843087704935e-09,1.97037027277636e-08,1.22321404195876e-08,1.87817739134889e-08,1.10339866652737e-08,6.27504193992966e-09,7.79646207564327e-09,1.05699904358361e-08,6.8794658517413e-09,1.05330099949106e-08,5.47049382004607e-09,6.84597697782258e-09,4.07033721310648e-09,6.01107684584501e-09,7.10900168556377e-09,5.89061641725683e-09,6.09882517353217e-09,3.65616203281829e-09,3.00895526885944e-09,6.33604441835109e-09,4.11412816845076e-09,6.75554039466281e-09,3.35141636914613e-09,2.76511952717637e-09,2.97359085007801e-09,3.75831652743651e-09,3.33638423449873e-09,4.43631703003247e-09,2.5250074763895e-09,2.66630043988919e-09,2.48228385661133e-09,2.97955888835021e-09,3.12525455208086e-09,3.50579018457279e-09,2.51646522531181e-09,2.28069475586671e-09,2.16105180515148e-09,2.92332805117985e-09,2.77399097258014e-09,3.49632055606525e-09,2.02225503343718e-08,2.27412518656279e-08,1.17611718048367e-08,3.35417337025149e-08,1.88107680853701e-08,2.86025728485549e-08,1.9683052906072e-08,1.01617481060231e-08,5.41888089113024e-09,1.62758344986329e-08,9.21777374817342e-09,1.45183069246572e-08,8.96529642464138e-09,4.78050965499971e-09,5.27247635152477e-09,8.23215743237155e-09,5.39467224700133e-09,8.60079006362158e-09,4.24189591690984e-09,4.72088157375865e-09,3.21709812166215e-09,4.70798967218158e-09,5.25944756119823e-09,4.74039788863395e-09,4.14626066707387e-09,2.90699133628137e-09,2.12592718859736e-09,4.65053463478169e-09,3.15351378537949e-09,4.78961708685225e-09,2.66653714200989e-09,1.97082699533771e-09,2.19163589182665e-09,2.90800024956394e-09,2.35977237835609e-09,3.49045669445417e-09,1.80494636750125e-09,1.98418134867605e-09,1.80392794955124e-09,2.12405729331888e-09,2.45259872885664e-09,2.50668204084394e-09,1.83600732897471e-09,1.58499599103532e-09,1.56961828332058e-09,2.24227247222113e-09,2.00682657752949e-09,2.65463632306335e-09
1.4936082429814e-08,3.4863696375892e-08,3.07793927075186e-08,2.30236652507624e-08,5.18191168017009e-08,3.64648529814183e-08,3.04017380319852e-08,2.60104118229544e-08,1.31997895941957e-08,4.4637864293082e-08,2.18552894353688e-08,3.85111415920223e-08,2.21827337203167e-08,1.11263843463695e-08,7.09554792062073e-09,1.84100781030481e-08,1.11366911352454e-08,1.73553470052171e-08,9.84726112017354e-09,6.17214279261574e-09,5.91959484082984e-09,9.78945777629979e-09,6.22499240299986e-09,9.28088983871586e-09,5.46052099181863e-09,5.2577397217473e-09,3.65590636290615e-09,5.42916106493671e-09,5.78851831611506e-09,5.92939219424877e-09,4.83813703411081e-09,3.37754828103105e-09,3.41539459902602e-09,5.29312545543572e-09,3.94545988065974e-09,6.0566448381859e-09,3.02409087759937e-09,2.94958570218553e-09,2.75173353686518e-09,3.46128839558859e-09,3.45151388870155e-09,3.98790579474201e-09,2.77454658784604e-09,2.61464419690759e-09,2.25623366750955e-09,3.24204728539911e-09,3.04565976315025e-09,3.61983781532022e-09,1.22379110051011e-08,2.67221758118838e-08,2.36587723725205e-08,1.91758376425837e-08,3.9204634151888e-08,2.9824683215626e-08,2.35495863948561e-08,2.03285074897509e-08,1.00492029278299e-08,3.39817110151676e-08,1.71530180137466e-08,2.89894016048183e-08,1.76653995627557e-08,8.44257614503864e-09,5.07150162031195e-09,1.45846802986372e-08,8.84745788229235e-09,1.43137691060661e-08,7.47902471077946e-09,4.36365871777463e-09,3.97688787921723e-09,7.71642839840626e-09,4.34427071429562e-09,7.35700062343033e-09,3.81182019564985e-09,3.53984534007954e-09,2.5868052067284e-09,3.79389707869487e-09,4.18457376600905e-09,4.10622233010103e-09,3.25037534526699e-09,2.32941477162039e-09,2.35713436914928e-09,3.80795237685362e-09,2.63028557397849e-09,4.33428348037966e-09,2.06020036100732e-09,2.05267147235181e-09,1.93288266828616e-09,2.31091111227419e-09,2.55577936980405e-09,2.58722069138804e-09,1.92257982998046e-09,1.82448573358709e-09,1.6693440823252e-09,2.43287026069194e-09,2.21798016390756e-09,2.64293355832847e-09
2.35819598361842e-08,2.29927247966566e-08,2.62352578187335e-08,3.37449903637543e-08,3.64648529814183e-08,5.02056107295673e-08,1.96319833219256e-08,2.20435730987101e-08,1.16462146699246e-08,3.09695863597909e-08,1.83435923078859e-08,2.6087014891217e-08,1.88541565903459e-08,9.89081845785785e-09,6.88021786271419e-09,1.54993704722625e-08,9.88696057406857e-09,1.47156543282901e-08,8.74508790636681e-09,6.0438118314614e-09,6.12840268935702e-09,8.70821319087771e-09,6.11514304675206e-09,8.4087139957353e-09,5.40811342046599e-09,5.45697385965377e-09,3.56946431687083e-09,5.41042540966464e-09,5.86897988163696e-09,5.72489379777435e-09,4.98452812054429e-09,3.27276966663806e-09,3.17023770414511e-09,5.32592104189468e-09,3.86879030927214e-09,6.12376819646907e-09,2.99147928145487e-09,2.80648301607471e-09,2.73179123143013e-09,3.4381879967348e-09,3.29203110194205e-09,4.00808456640268e-09,2.73828557864437e-09,2.5712731389096e-09,2.38772245206824e-09,3.11443589111292e-09,3.13983917179685e-09,3.71003846127554e-09,1.86543802031629e-08,1.82705964024966e-08,2.03191299933879e-08,2.74577300106192e-08,2.91232280747066e-08,4.09940644300469e-08,1.56912844993925e-08,1.73999334186561e-08,8.82825829289857e-09,2.48756112163661e-08,1.3960186558826e-08,1.99565693224984e-08,1.501768577556e-08,7.48125825494495e-09,4.76174832312635e-09,1.20020987247899e-08,7.85534193116873e-09,1.20824103617736e-08,6.67445288274231e-09,4.07738719372414e-09,4.56761325124556e-09,6.86941463738315e-09,4.3437158531203e-09,6.87006842003453e-09,3.63754309072212e-09,4.08189944139232e-09,2.49112566735427e-09,3.89697181291305e-09,4.35002841992074e-09,3.96761365191558e-09,3.70997832788626e-09,2.26834873948676e-09,2.27646426074837e-09,3.97521104019295e-09,2.45311812864154e-09,4.46100706190217e-09,2.0701371898346e-09,2.02657475603843e-09,2.02012535520181e-09,2.22414980468695e-09,2.71823771830834e-09,2.71849251043148e-09,1.97745452684397e-09,1.87249443316379e-09,1.78530240539101e-09,2.55405947137363e-09,2.37635363789392e-09,2.74642899243074e-09
1.37895854611018e-08,3.77247135670718e-08,1.52495821370902e-08,2.52020737649887e-08,3.04017380319852e-08,1.96319833219256e-08,4.89151405456818e-08,1.82552748104521e-08,8.82022840814468e-09,4.11538431331085e-08,1.73917765418184e-08,3.92205769317419e-08,1.57731021304305e-08,7.63244276305192e-09,8.20787756143343e-09,1.4924844422751e-08,8.26417080188291e-09,1.47559382774773e-08,6.68263436034199e-09,7.14782152498051e-09,4.47090719777757e-09,7.14564573898607e-09,7.46700197946632e-09,7.1044041644767e-09,6.33274540620722e-09,4.00199610694922e-09,3.54146426790462e-09,6.60711054830946e-09,4.79575081498775e-09,7.28651536756306e-09,3.67129054390489e-09,3.26727104130275e-09,3.5202077332742e-09,4.3946810600806e-09,3.86446160301148e-09,5.15696069202303e-09,2.90531412541328e-09,3.06938000242913e-09,2.90193233279494e-09,3.42597775553669e-09,3.65326518339533e-09,3.95746878530884e-09,2.68751581698944e-09,2.55763011717598e-09,2.21155712165114e-09,3.15163593355023e-09,2.98620857270694e-09,3.56432611578026e-09,1.12869878643294e-08,2.8600418827607e-08,1.22402708165129e-08,2.02733853050027e-08,2.36976498668517e-08,1.70153299192449e-08,3.69773588783625e-08,1.45619217809352e-08,6.55654036451946e-09,3.21932510624451e-08,1.38302429724622e-08,3.03286752566422e-08,1.28194363261833e-08,5.69670641227716e-09,5.65128352046564e-09,1.20655134212438e-08,6.43714240623908e-09,1.22190795394239e-08,4.96726425390736e-09,5.00547417491276e-09,3.17174243070271e-09,5.43011247679784e-09,5.35264165051651e-09,5.3644330312938e-09,4.31880748957486e-09,2.83671285616648e-09,2.36799473634965e-09,4.60491685120267e-09,3.56350049827894e-09,4.81675316669395e-09,2.64038521989064e-09,2.18660034204734e-09,2.59063439936513e-09,3.2525932863842e-09,2.73519646618166e-09,4.01373182035826e-09,1.91761895367927e-09,2.23546495406297e-09,1.99239955398826e-09,2.40306370111566e-09,2.63640688045517e-09,2.62986387601243e-09,1.99101271325775e-09,1.71387125400654e-09,1.68724529129026e-09,2.23700623669601e-09,2.2214293429373e-09,2.79123068112833e-09
7.1903865807536e-09,1.52436848167429e-08,3.17492971808071e-08,1.26737492653533e-08,2.60104118229544e-08,2.20435730987101e-08,1.82552748104521e-08,3.62357731998562e-08,1.59989104211931e-08,3.12383361464696e-08,3.0077306728421e-08,2.60788586649882e-08,3.0872841268617e-08,1.34122921147667e-08,7.7454464644833e-09,2.53678356304127e-08,1.33745887568845e-08,2.38869671896059e-08,1.16379354274975e-08,6.65885263814591e-09,6.20600543387455e-09,1.15513497212841e-08,6.66263524477011e-09,1.07146197507403e-08,5.89430524289498e-09,5.48105156194833e-09,3.6629055238733e-09,5.85108199554679e-09,6.11623243735266e-09,6.24605343518522e-09,4.9921667968204e-09,3.33176753374656e-09,3.25845025439794e-09,5.54604968045238e-09,3.81538951610542e-09,6.13640030922387e-09,2.93517407073658e-09,2.76562122329334e-09,2.47161205281744e-09,3.26651208430275e-09,3.28012276491716e-09,3.74538433066745e-09,2.41822292187376e-09,2.16357091153594e-09,2.1443143189292e-09,2.82633120382035e-09,2.70721247098658e-09,3.31476750644175e-09,5.47481087647651e-09,1.25928016768498e-08,2.40175102360531e-08,1.07192540369041e-08,2.02592297245556e-08,1.74100120179525e-08,1.48589058668333e-08,2.75450932835574e-08,1.23876169126426e-08,2.46000709022496e-08,2.34107204193531e-08,2.07979878409351e-08,2.38840274858869e-08,1.05518104560039e-08,5.93709884622926e-09,2.00443663127815e-08,1.08609818889543e-08,1.93488308713899e-08,9.21153493741398e-09,5.17549690865599e-09,4.28065353281095e-09,9.47352757145863e-09,5.22170395804379e-09,8.68415610649429e-09,4.48483257029054e-09,3.7855082429436e-09,2.77332464126425e-09,4.50604722191454e-09,4.33682938940806e-09,4.71888312876819e-09,3.4509038268377e-09,2.49788406561239e-09,2.27417277019834e-09,3.92042077022741e-09,2.51942360496717e-09,4.36201305314601e-09,2.12601221457909e-09,1.98491491160968e-09,1.68392506066522e-09,2.13968415661023e-09,2.57092478199167e-09,2.52232829105718e-09,1.74959911026572e-09,1.49459060956948e-09,1.54871791740288e-09,2.2281634471482e-09,1.99398657169596e-09,2.54139180646616e-09
7.17587563383532e-09,7.64011146308059e-09,1.40929657451975e-08,7.15843087704935e-09,1.31997895941957e-08,1.16462146699246e-08,8.82022840814468e-09,1.59989104211931e-08,3.760265517361e-08,1.56622917343286e-08,3.02847212428188e-08,2.83677781105548e-08,1.3413693307873e-08,3.17360618827884e-08,1.52207433519808e-08,2.52877650627421e-08,2.65759975320281e-08,2.14480162938902e-08,2.75447277124592e-08,1.2946902111386e-08,6.60278190377455e-09,2.2879694533691e-08,1.16429551115368e-08,2.03754111929988e-08,1.12777720045326e-08,5.69078633443177e-09,5.10663590988147e-09,9.98087661828642e-09,5.7782452554051e-09,9.82141624138797e-09,4.90642266174151e-09,4.49856690342419e-09,3.21215429919368e-09,5.03086229683268e-09,4.82541303764443e-09,5.56766934174126e-09,3.91400339529114e-09,2.60410798442121e-09,2.40812582167595e-09,4.13822577150455e-09,3.13033830106186e-09,4.57212487259268e-09,2.26925025743257e-09,2.05419903254361e-09,2.19966608533225e-09,2.72662882712676e-09,2.62088866819862e-09,3.31184706983852e-09,5.1780313133599e-09,5.95869647188611e-09,1.07343740894993e-08,5.61618440543901e-09,1.03209016552374e-08,9.23266017870891e-09,6.71921552994327e-09,1.25543397908869e-08,2.81463724416274e-08,1.2644047091996e-08,2.22798717331397e-08,2.18394060244465e-08,1.06939013175891e-08,2.4012041411053e-08,1.11841477079047e-08,1.87023540238007e-08,2.06363529045337e-08,1.65840323268369e-08,2.08692785522919e-08,9.77578592878034e-09,4.72125195045797e-09,1.79350952526015e-08,8.92881466186696e-09,1.59254733170193e-08,8.44354958317313e-09,4.10271048536064e-09,3.91867982895853e-09,7.65211282143175e-09,4.27476014677407e-09,7.4834595829535e-09,3.5268466946217e-09,3.37462952987872e-09,2.42702018966839e-09,3.77797936937675e-09,3.45268267842289e-09,3.99872141245306e-09,2.88419413950263e-09,2.00684309783461e-09,1.6839652310808e-09,2.90811653698975e-09,2.42566453285327e-09,3.19001867984097e-09,1.66525186129202e-09,1.44772868018896e-09,1.59875882721472e-09,2.0844838747183e-09,1.96878273210398e-09,2.52715139657359e-09
1.29555884081289e-08,3.03976819427244e-08,2.60157188714213e-08,1.97037027277636e-08,4.4637864293082e-08,3.09695863597909e-08,4.11538431331085e-08,3.12383361464696e-08,1.56622917343286e-08,5.90981508993e-08,2.63709929090866e-08,5.16717221189685e-08,2.66764433354361e-08,1.32072496021747e-08,8.41201546242074e-09,2.23065544635273e-08,1.32979125351956e-08,2.11554513941165e-08,1.1551333433799e-08,7.2417304210952e-09,7.07350313073372e-09,1.15465135745615e-08,7.35881185496739e-09,1.09258970950701e-08,6.45890135130012e-09,6.29652831789292e-09,4.49542262709282e-09,6.47320817890563e-09,7.08901884102069e-09,7.10971168872748e-09,5.77767048656294e-09,4.15124158973312e-09,4.14235822705002e-09,6.47554598167418e-09,4.71504121326302e-09,7.33965272007833e-09,3.6627777658374e-09,3.58058804467281e-09,3.22203974061817e-09,4.10157929351356e-09,4.14852541377435e-09,4.65792086144129e-09,3.16482117177418e-09,2.89620521731101e-09,2.58702777740696e-09,3.64896716547577e-09,3.53076970344862e-09,4.22438178248374e-09,1.07717368827708e-08,2.35471175960963e-08,2.033062626521e-08,1.64719483547527e-08,3.39794108428221e-08,2.54517637544102e-08,3.18572145805942e-08,2.45789039382022e-08,1.17424617745486e-08,4.59344110111288e-08,2.10253429099051e-08,4.01172610723926e-08,2.13744182793912e-08,1.0032967141204e-08,5.76350367332422e-09,1.80411596845888e-08,1.01650527456472e-08,1.73726670182686e-08,8.74819380054512e-09,5.04095719483149e-09,4.86416032781137e-09,8.74625732024248e-09,5.38548082093325e-09,8.56356644149407e-09,4.39771645613007e-09,4.37010615699184e-09,3.2126617323285e-09,4.63285109883998e-09,5.16455498838873e-09,4.907499520532e-09,4.01812032837987e-09,2.91385619794359e-09,2.95702310720452e-09,4.70429716032212e-09,3.17189004965349e-09,5.35733492830217e-09,2.49081090374093e-09,2.49712654391143e-09,2.2742753299305e-09,2.69517865847631e-09,3.06192949063084e-09,2.97806829220795e-09,2.23280673098054e-09,2.03609645575366e-09,1.96389133365155e-09,2.72011428603514e-09,2.65471652868738e-09,3.15379334692832e-09
7.76101080589139e-09,1.45115474732789e-08,2.64168783075304e-08,1.22321404195876e-08,2.18552894353688e-08,1.83435923078859e-08,1.73917765418184e-08,3.0077306728421e-08,3.02847212428188e-08,2.63709929090866e-08,4.80982114610398e-08,4.16783378464588e-08,2.5369021633273e-08,2.52868987586556e-08,1.40470347325066e-08,4.05466418213101e-08,2.17674254242462e-08,3.4737350320342e-08,2.18280609444699e-08,1.18057806513323e-08,6.73989701890569e-09,1.86010701154928e-08,1.09980170294171e-08,1.65333766738098e-08,1.03027718844795e-08,5.87580315132338e-09,6.01384033241235e-09,9.52134850909906e-09,6.33494449702908e-09,9.61010741102976e-09,5.02610169581729e-09,5.3619541697876e-09,3.87516788022304e-09,5.47865953463902e-09,5.77192907225389e-09,6.0189060001199e-09,4.74135739769138e-09,3.24430933835065e-09,2.96131920424611e-09,5.01749457314922e-09,4.01484092060153e-09,5.65428893346783e-09,2.81273824800773e-09,2.51384682000744e-09,2.65149381010917e-09,3.42973209578964e-09,3.21626083890473e-09,4.09883555485704e-09,5.87015476988348e-09,1.18698123624316e-08,2.0016555768519e-08,1.03364955809602e-08,1.73098570259475e-08,1.46990679301061e-08,1.39978616944071e-08,2.33466458252394e-08,2.25920160127149e-08,2.11770345399039e-08,3.57370880242804e-08,3.19730382199038e-08,2.01089620233977e-08,1.90565293547805e-08,1.0279875027145e-08,3.06194331142932e-08,1.7226093983696e-08,2.73593724901839e-08,1.64796792416869e-08,8.9927571267118e-09,4.95449769047822e-09,1.48820177608234e-08,8.67261073824992e-09,1.29268296228816e-08,7.76911444375457e-09,4.39943388125597e-09,4.41139039013338e-09,7.5431281939195e-09,4.86571849990013e-09,7.37121208146907e-09,3.75701569370256e-09,3.91287610035288e-09,3.04138884073886e-09,4.26628923549109e-09,4.00661652155396e-09,4.49226129425822e-09,3.36900151030628e-09,2.61873801862053e-09,2.08162574915675e-09,3.42737093915262e-09,3.19175312350604e-09,3.79611533978738e-09,2.22069935340052e-09,1.76715814230075e-09,1.90079388286627e-09,2.69619233682942e-09,2.3660659149347e-09,3.22461681177697e-09
1.3044758254589e-08,2.88647272780735e-08,2.16054772654112e-08,1.87817739134889e-08,3.85111415920223e-08,2.6087014891217e-08,3.92205769317419e-08,2.60788586649882e-08,2.83677781105548e-08,5.16717221189685e-08,4.16783378464588e-08,7.19056286691228e-08,2.20453591138776e-08,2.36437537954311e-08,1.38455688602366e-08,3.50284067109762e-08,2.06255655636187e-08,3.04131500349576e-08,2.05175677833806e-08,1.16767810524491e-08,7.06003116808795e-09,1.77129172895216e-08,1.10850485251697e-08,1.61344386003727e-08,1.02056265241263e-08,6.16015556069564e-09,6.38085795328358e-09,9.61422261061538e-09,6.84402306173022e-09,9.69629659214982e-09,5.41076147629687e-09,5.76507703445347e-09,4.73722627463763e-09,6.05283928993527e-09,6.377422147135e-09,6.77902644309717e-09,5.06987331615652e-09,3.98648658540759e-09,3.57334298571017e-09,5.59921834037762e-09,4.73504132096312e-09,6.2766844292758e-09,3.54236417240713e-09,3.1568927604364e-09,2.89624569353787e-09,4.14951784569045e-09,3.81129568834266e-09,4.81173761923262e-09,1.07859332043004e-08,2.18889152999977e-08,1.7186808360517e-08,1.57106297527076e-08,3.00484490532522e-08,2.21973231902184e-08,2.99782753385358e-08,2.11132424219196e-08,2.10263280787593e-08,4.0914735183488e-08,3.18390498538272e-08,5.4449574177162e-08,1.82501145333208e-08,1.77319734940913e-08,9.62133348111432e-09,2.7329596693299e-08,1.61119812457281e-08,2.45038377880363e-08,1.53276661586346e-08,8.38850320632709e-09,5.08958416181477e-09,1.3847947733818e-08,8.28392068677519e-09,1.24731891957836e-08,7.25487407003131e-09,4.56829454363649e-09,4.64311435125357e-09,7.23631137900911e-09,5.41990196147128e-09,7.01851356428171e-09,3.98373176458089e-09,4.13741483165103e-09,3.66462724085923e-09,4.84857675624977e-09,4.45245153052317e-09,5.20576816938791e-09,3.57756118740637e-09,3.00940064051689e-09,2.56097075150811e-09,3.82056777237063e-09,3.4175510438875e-09,4.01205162634301e-09,2.66349475720875e-09,2.27700796399352e-09,2.1707732728695e-09,2.9968456352954e-09,2.8936331555222e-09,3.61899805834705e-09
6.10064647042339e-09,1.31820327898546e-08,2.70567448332418e-08,1.10339866652737e-08,2.21827337203167e-08,1.88541565903459e-08,1.57731021304305e-08,3.0872841268617e-08,1.3413693307873e-08,2.66764433354361e-08,2.5369021633273e-08,2.20453591138776e-08,3.41030529265093e-08,1.44330595139986e-08,8.39212027429754e-09,2.78342322596899e-08,1.43613160391993e-08,2.62331631549249e-08,1.24495708032193e-08,7.15353761018758e-09,6.93932820540525e-09,1.22868752332835e-08,7.20380728670992e-09,1.13940271443771e-08,6.30806912239667e-09,6.07660571986633e-09,3.99650870617501e-09,6.29168372417406e-09,6.76335681406842e-09,6.75451560314544e-09,5.46422303400283e-09,3.5932666977268e-09,3.40819749416574e-09,6.09508548379377e-09,4.09871403688058e-09,6.53513875024087e-09,3.13410117834808e-09,2.86588654442266e-09,2.6001323770797e-09,3.45851514165060e-09,3.4153899860102e-09,3.98743753091389e-09,2.50222121964296e-09,2.2856666912353e-09,2.27868453645635e-09,2.94664062668297e-09,2.78550643246876e-09,3.42926905720577e-09,4.83864827029689e-09,1.10237423367356e-08,2.0898398480745e-08,9.46601173309878e-09,1.75684869158594e-08,1.51019315576542e-08,1.28889215788602e-08,2.38830134804815e-08,1.05520967142411e-08,2.12148982747596e-08,2.00435213283192e-08,1.770667263196e-08,2.70394355394431e-08,1.13737016190384e-08,6.329007641161e-09,2.25358424543505e-08,1.16547232466087e-08,2.18273315249493e-08,9.86775923634227e-09,5.46995108589982e-09,4.7809070557546e-09,1.01097865509303e-08,5.45759309400349e-09,9.22059441935099e-09,4.7176051112927e-09,4.22049593502453e-09,2.93817009407955e-09,4.68268017653645e-09,4.79592557221484e-09,4.85891593734718e-09,3.78908081631986e-09,2.6262400196063e-09,2.4376454371849e-09,4.2910223548615e-09,2.75539377576325e-09,4.70638804604641e-09,2.22986515965618e-09,2.10704270099213e-09,1.79956623227793e-09,2.31835558935409e-09,2.66308157342791e-09,2.69503487055167e-09,1.86104683121915e-09,1.60263751958663e-09,1.6329525318273e-09,2.30863999426934e-09,2.08880028371113e-09,2.6628841057016e-09
6.29719673767345e-09,6.57415541087044e-09,1.18012561578779e-08,6.27504193992966e-09,1.11263843463695e-08,9.89081845785785e-09,7.63244276305192e-09,1.34122921147667e-08,3.17360618827884e-08,1.32072496021747e-08,2.52868987586556e-08,2.36437537954311e-08,1.44330595139986e-08,3.45333720014992e-08,1.64917399987729e-08,2.74630619159864e-08,2.88419963066891e-08,2.32196464057622e-08,2.97354311304635e-08,1.38777407387644e-08,7.13939796864063e-09,2.46243126706775e-08,1.24859113465227e-08,2.18639499996543e-08,1.20379108148379e-08,6.09526966369394e-09,5.5075212914338e-09,1.0674182374089e-08,6.13226776463479e-09,1.04404805701191e-08,5.22260735806928e-09,4.8743974559576e-09,3.44427907133903e-09,5.33725470181073e-09,5.23250245693083e-09,5.89427839256809e-09,4.21750306318933e-09,2.81801485393554e-09,2.55523700168804e-09,4.47468409537328e-09,3.30661682750017e-09,4.91086717405104e-09,2.47220612322541e-09,2.19555370840603e-09,2.27165137014381e-09,2.89726699474332e-09,2.73579246380011e-09,3.48832892430345e-09,4.76205844548956e-09,5.21258316471237e-09,9.11857082633594e-09,5.01590231124381e-09,8.73005462659085e-09,7.93132330259625e-09,5.88018335433354e-09,1.0692172123606e-08,2.40117488839143e-08,1.07776667639661e-08,1.87010140981449e-08,1.82549791874786e-08,1.16120526417397e-08,2.61271204074699e-08,1.19726347172642e-08,2.06119066143041e-08,2.22269017802836e-08,1.81040048992217e-08,2.26589802217913e-08,1.03081107343237e-08,5.01957975160703e-09,1.92309379691593e-08,9.44857742686745e-09,1.70410826909779e-08,8.93473262644797e-09,4.40746171079004e-09,4.21933667243795e-09,8.11156119005675e-09,4.53233562890541e-09,7.92223054325507e-09,3.73121191281634e-09,3.65961160307489e-09,2.59152392831093e-09,3.97825750911781e-09,3.74461610732989e-09,4.19448905596199e-09,3.12859146747803e-09,2.16743567920314e-09,1.81060510148276e-09,3.15956813483637e-09,2.56323475416386e-09,3.46950271193379e-09,1.81756431727649e-09,1.57117160846426e-09,1.64259556722064e-09,2.22024629104116e-09,2.07341298853308e-09,2.68680912025246e-09
4.43862437809693e-09,7.37873090777949e-09,6.78082028440717e-09,7.79646207564327e-09,7.09554792062073e-09,6.88021786271419e-09,8.20787756143343e-09,7.7454464644833e-09,1.52207433519808e-08,8.41201546242074e-09,1.40470347325066e-08,1.38455688602366e-08,8.39212027429754e-09,1.64917399987729e-08,3.82419718226593e-08,1.52929206454355e-08,2.94775435380292e-08,2.66271007619806e-08,1.38794819423593e-08,3.17661030583187e-08,1.31583789493701e-08,2.44576481804496e-08,2.48994606289619e-08,1.87747109806825e-08,2.76519987255178e-08,1.12763095470145e-08,6.09265061009711e-09,2.14323572326342e-08,1.05643531008494e-08,1.99432825041022e-08,9.87094695973925e-09,5.41301710661734e-09,6.06494353372707e-09,9.28302947986469e-09,6.03694582617315e-09,9.86474978145996e-09,4.62804282686106e-09,5.00831496199642e-09,3.32523067675413e-09,5.03343412109774e-09,5.34111273589647e-09,5.4062643281935e-09,4.49467024167295e-09,2.89071710523088e-09,2.68585345250909e-09,4.73462777479723e-09,3.41449480525774e-09,5.41466519636359e-09,3.22427265516276e-09,5.68730692864505e-09,5.21682388037846e-09,5.64637989625561e-09,5.6047292282958e-09,5.42013587112274e-09,6.23780662135201e-09,6.03333904762973e-09,1.18054003820968e-08,6.86282340187916e-09,1.05161415867686e-08,1.12339980634193e-08,6.70070363553518e-09,1.27967568681959e-08,2.69127612328075e-08,1.17725056341347e-08,2.15689368875058e-08,1.9289175280565e-08,1.08223563106623e-08,2.25768302776828e-08,9.76456334819576e-09,1.78387933780221e-08,1.81410401317575e-08,1.40924072723663e-08,1.96930526835123e-08,8.43260454792002e-09,4.58144436374761e-09,1.56975005345812e-08,7.74522308998974e-09,1.43816486639327e-08,7.35298222465371e-09,4.05600470030403e-09,4.45684425479121e-09,6.88893162368104e-09,4.63129810930887e-09,7.33386493527419e-09,3.43804664172963e-09,3.72114622834391e-09,2.47972993404263e-09,3.89518374454793e-09,4.05416165990042e-09,4.1897343909963e-09,3.32403020922284e-09,2.13761831402239e-09,1.96686076566875e-09,3.5404055986548e-09,2.58332296089996e-09,4.07002170825534e-09
6.56789759831791e-09,1.24070282360074e-08,2.2198658668045e-08,1.05699904358361e-08,1.84100781030481e-08,1.54993704722625e-08,1.4924844422751e-08,2.53678356304127e-08,2.52877650627421e-08,2.23065544635273e-08,4.05466418213101e-08,3.50284067109762e-08,2.78342322596899e-08,2.74630619159864e-08,1.52929206454355e-08,4.46817499736697e-08,2.35403773167295e-08,3.82301055025471e-08,2.35077845262077e-08,1.26979423462443e-08,7.33317339706787e-09,1.99396245676938e-08,1.1826294646919e-08,1.76485385680157e-08,1.10072123510581e-08,6.34343842914667e-09,6.44197183447793e-09,1.01757082533927e-08,6.7980643573696e-09,1.01780576848981e-08,5.40023544974154e-09,5.73920085726445e-09,4.08677948108997e-09,5.85648828494709e-09,6.151284139166e-09,6.38357148391243e-09,5.03263058607242e-09,3.44346820012032e-09,3.0840826791967e-09,5.32450606939865e-09,4.1695113272712e-09,5.96256227465693e-09,3.00029760912522e-09,2.63538306123093e-09,2.77578319125472e-09,3.5838477045652e-09,3.34204291265673e-09,4.30645322817737e-09,5.24162304035224e-09,1.03212541512862e-08,1.7241949440049e-08,9.12368824368802e-09,1.47931123897373e-08,1.25746764338816e-08,1.21418242814772e-08,2.01068714721219e-08,1.90564587354331e-08,1.81621278161414e-08,3.0617776548084e-08,2.72080513713846e-08,2.24752694584102e-08,2.08834218873405e-08,1.10572516879462e-08,3.44309446126409e-08,1.85701079563062e-08,3.05898161943746e-08,1.79630232354855e-08,9.45849235852011e-09,5.3288628970592e-09,1.59163292447828e-08,9.14072031421662e-09,1.38640507702223e-08,8.20855002465768e-09,4.74294471015599e-09,4.71590760367438e-09,7.94132372920482e-09,5.16834726314280e-09,7.69762122524802e-09,3.98797840748916e-09,4.16217684621003e-09,3.19734523520618e-09,4.47562980936395e-09,4.2974260124388e-09,4.73065562914965e-09,3.5578472639313e-09,2.77428469816986e-09,2.17978075567482e-09,3.67806580921904e-09,3.30581712746521e-09,4.052689746721e-09,2.37305127664713e-09,1.86377949307466e-09,1.95836378744539e-09,2.80890175179783e-09,2.48303805836717e-09,3.39066184403657e-09
6.82598460992667e-09,7.06620577019503e-09,1.17143126564343e-08,6.8794658517413e-09,1.11366911352454e-08,9.88696057406857e-09,8.26417080188291e-09,1.33745887568845e-08,2.65759975320281e-08,1.32979125351956e-08,2.17674254242462e-08,2.06255655636187e-08,1.43613160391993e-08,2.88419963066891e-08,2.94775435380292e-08,2.35403773167295e-08,4.58531122361346e-08,3.77153174180874e-08,2.46258383933122e-08,2.44566230882022e-08,1.21642052064432e-08,3.85358328519378e-08,1.89767133947563e-08,3.03840149316243e-08,2.12749428389219e-08,1.03265952556876e-08,6.06414005968922e-09,1.62454449229051e-08,9.7014906517579e-09,1.5073518771494e-08,9.01656787686137e-09,5.34940730897823e-09,6.45568178379075e-09,8.45996942820247e-09,5.95214082346157e-09,9.11049900273575e-09,4.61665825838405e-09,5.27137708537918e-09,3.44482274473857e-09,4.95572773109925e-09,5.85675587810937e-09,5.47622631361493e-09,4.67954451157245e-09,3.00508021833635e-09,2.96372957935795e-09,5.20595551215432e-09,3.60267614281872e-09,5.93129646517925e-09,4.78868665255765e-09,5.4701452861505e-09,9.40950513296835e-09,5.23708936864522e-09,9.14147178195779e-09,8.22685262556504e-09,6.37583769529975e-09,1.08637875958026e-08,2.03431999579108e-08,1.10393553215863e-08,1.6560994497903e-08,1.63250584500266e-08,1.18150427868634e-08,2.208321986104e-08,2.1661989163941e-08,1.82457378180907e-08,3.50254030139125e-08,2.90695907704143e-08,1.89886508340178e-08,1.81679461682992e-08,8.66386469504766e-09,2.96083749774931e-08,1.42459578414499e-08,2.37063071161697e-08,1.59329179119644e-08,7.51014733764738e-09,4.40124806208484e-09,1.23651950351279e-08,7.06653021650073e-09,1.132473379599e-08,6.51714116718343e-09,3.84095044462368e-09,4.65372412323987e-09,6.25004534198167e-09,4.24651268990264e-09,6.68314893941233e-09,3.27473997332489e-09,3.85896710921687e-09,2.38865144062134e-09,3.57448291321507e-09,4.23586211043689e-09,3.87223668605264e-09,3.35393204984506e-09,2.08765543884281e-09,2.00847641990183e-09,3.72543954570245e-09,2.55031661476661e-09,4.22716836054781e-09
6.83539999629457e-09,1.21296369018384e-08,2.08625326071704e-08,1.05330099949106e-08,1.73553470052171e-08,1.47156543282901e-08,1.47559382774773e-08,2.38869671896059e-08,2.14480162938902e-08,2.11554513941165e-08,3.4737350320342e-08,3.04131500349576e-08,2.62331631549249e-08,2.32196464057622e-08,2.66271007619806e-08,3.82301055025471e-08,3.77153174180874e-08,5.61108442719251e-08,1.96002287893314e-08,2.18666382072268e-08,1.11832631665625e-08,3.14917002399289e-08,1.70811060347888e-08,2.4443621983616e-08,1.89769914675012e-08,9.5495804161896e-09,6.32070379537378e-09,1.46291158879431e-08,9.4242158901983e-09,1.3971251033769e-08,8.25984816002544e-09,5.62584627276572e-09,7.06461071120042e-09,8.19975001301493e-09,6.25625420481489e-09,8.86846823551375e-09,4.97876703265146e-09,5.9368383717124e-09,3.86589083748192e-09,5.3591147845078e-09,6.64633860041261e-09,6.10805232253191e-09,5.22353198889334e-09,3.24062493744818e-09,3.24700569881772e-09,5.73226836271541e-09,3.82161898574952e-09,6.50753209305629e-09,5.18311121412221e-09,9.97554030280917e-09,1.64355001089336e-08,8.79139830668903e-09,1.42269509728717e-08,1.23057715581811e-08,1.20487648057994e-08,1.90597751222344e-08,1.6549326238668e-08,1.74123430974678e-08,2.65631002879549e-08,2.42449730218379e-08,2.14321197370277e-08,1.80075382890469e-08,1.91486216073611e-08,2.99896263346934e-08,2.93944493980341e-08,4.38953986984077e-08,1.52579895984907e-08,1.60752292402541e-08,8.14818467948325e-09,2.48019331150849e-08,1.27571475183287e-08,1.92333797541974e-08,1.4079994891662e-08,7.09826906738936e-09,4.43349013753721e-09,1.11296859471519e-08,6.97017124633997e-09,1.0399837416007e-08,6.11962263342106e-09,3.9733857808704e-09,5.13930320736943e-09,6.15584199051958e-09,4.37327521930595e-09,6.5938805522472e-09,3.46560066424048e-09,4.44940405486005e-09,2.66021750689876e-09,3.79547605291989e-09,4.80285627103825e-09,4.17063901078825e-09,3.83932240822838e-09,2.24180091039193e-09,2.19807836732858e-09,4.09906194893018e-09,2.83480660569153e-09,4.76528704338168e-09
5.50955310951753e-09,5.79783046095721e-09,1.03361646513472e-08,5.47049382004607e-09,9.84726112017354e-09,8.74508790636681e-09,6.68263436034199e-09,1.16379354274975e-08,2.75447277124592e-08,1.1551333433799e-08,2.18280609444699e-08,2.05175677833806e-08,1.24495708032193e-08,2.97354311304635e-08,1.38794819423593e-08,2.35077845262077e-08,2.46258383933122e-08,1.96002287893314e-08,3.3837638560809e-08,1.54483504760989e-08,8.12115813504858e-09,2.81966971358962e-08,1.40258636583539e-08,2.51882562249825e-08,1.33143183138064e-08,6.92570487396934e-09,6.10243622624599e-09,1.19118267702227e-08,6.97465399947263e-09,1.1663607821901e-08,5.91121016859825e-09,5.37732752244966e-09,3.94963379770354e-09,6.01793214022549e-09,5.84799513894592e-09,6.55122701474204e-09,4.64941153763667e-09,3.22261972333359e-09,2.91382667123278e-09,5.00795861083985e-09,3.84764375023827e-09,5.57411067499674e-09,2.81742361937149e-09,2.51379675507761e-09,2.49988954194805e-09,3.33456274850327e-09,3.01749477992656e-09,3.89254767259748e-09,4.16880479725096e-09,4.68868310044617e-09,8.11304489590019e-09,4.41734634247897e-09,7.60293708693692e-09,6.98220677411932e-09,5.09846704159559e-09,9.40466573948778e-09,2.0867818496452e-08,9.28543550389047e-09,1.62351597464102e-08,1.56095128530482e-08,1.02168194018257e-08,2.26583870096466e-08,1.03094201450441e-08,1.78467984824027e-08,1.92321833923274e-08,1.57233324328382e-08,2.57774743813459e-08,1.16073326886741e-08,5.69629813317569e-09,2.20733459591185e-08,1.07555829429787e-08,1.9938984153919e-08,1.00181878620523e-08,4.99064039226212e-09,4.49415419733172e-09,9.22374210028956e-09,4.97660974531268e-09,8.95871582094312e-09,4.20718051032729e-09,3.90179340705544e-09,2.96880218128908e-09,4.34615351968853e-09,4.25188742748641e-09,4.67254060787181e-09,3.36105197261872e-09,2.47998484577754e-09,2.12638742598775e-09,3.62141648037315e-09,2.96139123558052e-09,3.97390217509145e-09,2.10861897287848e-09,1.85135355876363e-09,1.80049801981701e-09,2.5847691366754e-09,2.34097331193608e-09,3.07292341251965e-09
