1.76271114322199e-08,9.05295395679453e-09,4.90634341248688e-09,1.37331734161574e-08,8.6835426003532e-09,1.29318350315674e-08,7.54044555170389e-09,3.87900222459399e-09,4.40045479139843e-09,7.22283235971889e-09,4.08741085332222e-09,7.42280977824914e-09,3.21858790952986e-09,3.52788916188849e-09,2.42919345918666e-09,3.32153866897486e-09,3.99480667838769e-09,4.00904391896443e-09,2.87783956284963e-09,1.89679556562184e-09,1.37669979147038e-09,3.14319105928826e-09,1.9290316149546e-09,3.26538943153804e-09,1.63255074264488e-09,1.20070222756759e-09,1.18547737649625e-09,1.66742795410648e-09,1.420730519846e-09,1.77931117835843e-09,1.11606643517488e-09,9.84793468026199e-10,9.02971311015719e-10,1.23197122855613e-09,1.16257939294627e-09,1.45351411681203e-09,8.63654411052748e-10,7.70506189954936e-10,7.34118357535239e-10,9.82710723855563e-10,9.23984998084493e-10,1.07797545763989e-09,7.79345843571682e-10,6.83323781892005e-10,7.31195993584084e-10,9.15877379719119e-10,8.46530721378503e-10,1.00117969734697e-09,7.44736338937029e-09,3.68411835110026e-09,1.34844980494073e-09,5.82882236599849e-09,3.29761013491923e-09,5.41602533467305e-09,2.72754539059128e-09,1.18721933048338e-09,1.28258627478538e-09,2.54261586684747e-09,1.20037533776043e-09,2.34910753728156e-09,1.15121466256636e-09,1.11517558938116e-09,9.96699965984032e-10,1.04647593343945e-09,1.27614350944914e-09,1.36420178525093e-09,9.74248386303116e-10,8.0279959618313e-10,5.18681405826854e-10,1.12805856370177e-09,8.36440337996949e-10,1.07698916002293e-09,6.34309207704133e-10,4.62124789369031e-10,3.8337470194695e-10,6.80241610229987e-10,3.55492308733974e-10,6.76101851401163e-10,3.84298412023637e-10,2.06184978730621e-10,3.44096568660011e-10,2.88102245159366e-10,4.07395593538415e-10,5.40511215677087e-10,2.01148458109255e-10,3.47993303424834e-10,2.42664333575042e-10,3.52956322531416e-10,3.04096906963362e-10,2.8428339040875e-10,3.43404388840086e-10,2.08575646060672e-10,1.25461126589872e-10,3.35810732956159e-10,3.10094217826874e-10,3.23396315526167e-10
9.05295395679453e-09,3.07710545749412e-08,1.01412505485966e-08,1.83139763536018e-08,2.52900975117965e-08,1.38755808329109e-08,2.57804797847822e-08,8.36209293501788e-09,5.06785473657805e-09,2.10783713002714e-08,7.88266332531131e-09,2.0899638395077e-08,7.12360713017084e-09,4.26073271178924e-09,5.02624791625817e-09,6.61771129742106e-09,4.8371356447982e-09,7.14565484831725e-09,3.41805452671117e-09,4.06161091138097e-09,2.09223376719017e-09,3.86765901217158e-09,4.24104416802488e-09,3.86931201075601e-09,3.35290314249425e-09,1.73430140666206e-09,1.51974911318876e-09,3.47205687672998e-09,1.95800937490883e-09,3.65342069909807e-09,1.55958840068478e-09,1.2459220598113e-09,1.15500937117673e-09,1.69307888831784e-09,1.43618569058285e-09,1.92751934106325e-09,1.14937064796993e-09,1.02173510107377e-09,9.93160555639255e-10,1.25554459752212e-09,1.24664980825304e-09,1.44125964472589e-09,9.74634135989545e-10,9.38515101947105e-10,1.00948949130831e-09,1.17910168438186e-09,1.18424140991271e-09,1.32800445051641e-09,3.72313518451197e-09,1.08983783038204e-08,3.92017985878128e-09,7.64599378216404e-09,9.09623499336584e-09,5.56737549565846e-09,8.26289801083581e-09,3.56469485096294e-09,1.34354619611992e-09,7.2535299987956e-09,2.96694434258252e-09,6.16878805811882e-09,3.20708238665262e-09,1.1274159473106e-09,1.93051617342094e-09,2.54631938115225e-09,1.77878854986457e-09,2.78883731436662e-09,8.80583849838287e-10,1.60323990498152e-09,7.44038613760853e-10,1.54111476562535e-09,1.76876204839315e-09,1.06513412827205e-09,1.19850237982601e-09,7.01876501935373e-10,2.95466352439599e-10,1.30451856797009e-09,5.05667953971219e-10,8.10353918114297e-10,6.69528167332917e-10,1.86823584293269e-10,3.3477422970961e-10,5.32163254438161e-10,5.56874879609716e-10,7.92101943065054e-10,2.16017779537456e-10,3.37456362544693e-10,2.20418251240789e-10,4.22414111176436e-10,3.73585135923154e-10,4.60217738317242e-10,3.20156443141298e-10,2.08231540626927e-10,4.0167498687407e-10,4.3654948036548e-10,3.20973723656068e-10,4.64248493852821e-10
4.90634341248688e-09,1.01412505485966e-08,2.46013374762102e-08,8.99651409482808e-09,1.88801528992841e-08,1.73126308500207e-08,8.36890499461485e-09,1.89902603300441e-08,8.39542800162429e-09,1.47477674928283e-08,1.47873282991144e-08,1.15398541590066e-08,1.61701881021106e-08,7.15778946290934e-09,4.50695224046752e-09,1.26659765337474e-08,7.33103826839624e-09,1.2658223996208e-08,5.52746663744738e-09,3.59421918715175e-09,3.81457090571325e-09,5.8011385706932e-09,3.75459472947536e-09,5.61132361453408e-09,2.92211060802917e-09,3.23367703003862e-09,1.89307731111802e-09,3.04720686706506e-09,3.65199525895145e-09,3.14062366035619e-09,2.82714579460119e-09,1.54785508903133e-09,1.57247636745393e-09,3.11397416478114e-09,1.67638665940334e-09,3.47235754059963e-09,1.38108893576238e-09,1.30965843812282e-09,1.13384062294614e-09,1.428661755979e-09,1.5594833132003e-09,1.70791682766635e-09,1.34685594775307e-09,9.4669846444934e-10,1.07643642069587e-09,1.50110714747177e-09,1.18079411501123e-09,1.45801607928583e-09,2.26328075816091e-09,3.45832755166087e-09,8.98877239350111e-09,3.33901888687684e-09,6.85059208404043e-09,7.13680892060429e-09,2.79137818184809e-09,7.71049141382757e-09,2.98371052315372e-09,5.52446269065328e-09,5.77894096471665e-09,4.05670924055203e-09,6.50840403845323e-09,2.58030003135516e-09,1.71106046215122e-09,4.87063351745438e-09,2.47637519827517e-09,4.87006251734073e-09,2.0699872987799e-09,1.43548358902425e-09,1.53375629107466e-09,2.26847460478716e-09,1.63379217867493e-09,1.9412546131463e-09,9.90288898720721e-10,1.5404742980785e-09,4.80388612488234e-10,1.31394312436322e-09,1.61441946715077e-09,1.0548292991266e-09,1.28491286570962e-09,4.00265969687806e-10,6.88017095989659e-10,1.49431949167233e-09,8.39385349719829e-10,1.48483356941976e-09,4.0531270495622e-10,5.91228868488647e-10,4.4364974382437e-10,6.86363498184699e-10,5.11111434063914e-10,6.59998525794125e-10,5.98251301895088e-10,3.84836944364451e-10,3.88583762187999e-10,4.37388809277424e-10,2.83250308946027e-10,3.46058377317408e-10
1.37331734161574e-08,1.83139763536018e-08,8.99651409482808e-09,2.46739742510691e-08,1.39633524198403e-08,1.89550495647688e-08,1.51642817402529e-08,7.25837790860781e-09,4.6971992269421e-09,1.14368050010056e-08,6.92005538789e-09,1.09007038169778e-08,6.11249428403408e-09,3.93047000770706e-09,5.28683059928004e-09,5.78299718182986e-09,4.67354532727258e-09,6.47705140257233e-09,3.11703314431359e-09,4.23415452812771e-09,2.10278916929121e-09,3.60805690129598e-09,4.43354989452721e-09,3.49076048258673e-09,3.52948943263085e-09,1.77662345532195e-09,1.5987890278089e-09,3.64450854026426e-09,1.9708944526754e-09,3.80169051358575e-09,1.67773255702329e-09,1.37678715967501e-09,1.2361309461989e-09,1.79202413577958e-09,1.51603349622368e-09,1.97049227252795e-09,1.25427205087956e-09,1.09924932762682e-09,1.02891398921506e-09,1.31984951799733e-09,1.40125279040625e-09,1.53762565312477e-09,1.04316046351596e-09,1.02980110211699e-09,1.05181060135923e-09,1.34933035020501e-09,1.31145767656891e-09,1.53732690744786e-09,5.82671895448373e-09,7.55120461437819e-09,3.36186681891786e-09,1.02872400054063e-08,5.23827781499630e-09,8.05651677268823e-09,6.06196451931628e-09,2.99201946956913e-09,1.47381416086548e-09,4.32957100778864e-09,2.36854062633037e-09,3.92976951608786e-09,2.63740028207445e-09,1.26413617257546e-09,2.05564750131762e-09,2.05241595918465e-09,1.54928517042182e-09,2.47736477975262e-09,1.00798886760467e-09,1.74874568504588e-09,6.04048231172703e-10,1.33023674735098e-09,1.72557745238694e-09,1.0051022541745e-09,1.26865219480402e-09,5.68922845771147e-10,3.38267707851786e-10,1.31624578333056e-09,4.11102817273881e-10,1.02991290967489e-09,5.48601013070796e-10,1.87126780456747e-10,2.97646863677579e-10,3.72092635289079e-10,4.5539440150889e-10,6.6232415915632e-10,2.05021954126204e-10,3.35855948584681e-10,3.00176201139391e-10,3.57189298398642e-10,4.27869473501472e-10,4.08996712978365e-10,3.16306100822943e-10,2.93466765495909e-10,3.68587735429384e-10,5.09522915119098e-10,4.35351808017498e-10,5.1237237362485e-10
8.6835426003532e-09,2.52900975117965e-08,1.88801528992841e-08,1.39633524198403e-08,3.63862752772569e-08,2.34658376006859e-08,2.10818676818919e-08,1.47422306869236e-08,8.07762565834146e-09,2.92967423299585e-08,1.14532806708009e-08,2.54876253044938e-08,1.25014194386019e-08,6.85985889825992e-09,4.54927286118813e-09,9.70893497943433e-09,7.28024455630752e-09,1.00169446542036e-08,5.35353638506641e-09,3.62648397959376e-09,3.68844474480039e-09,5.80686560228424e-09,3.60657078019489e-09,5.65580476525577e-09,2.96782484972977e-09,3.12851154778982e-09,1.96390896502888e-09,2.94173324377247e-09,3.67680965898584e-09,3.1825772808447e-09,2.79657488275039e-09,1.6193054382073e-09,1.57472588756939e-09,3.16063389509976e-09,1.93277284898737e-09,3.47645033052177e-09,1.45480542065039e-09,1.3195218548795e-09,1.284393746136e-09,1.66022129688745e-09,1.58925506556548e-09,1.84794982107664e-09,1.25888530490925e-09,1.21215908800758e-09,1.16076729093961e-09,1.51792246466731e-09,1.26019011505351e-09,1.5690348245493e-09,3.54157981049022e-09,7.70707548764983e-09,7.45689789174248e-09,5.22142584432818e-09,1.3024473074685e-08,9.69685838602378e-09,5.87525938306272e-09,6.12399999086687e-09,3.12555807825427e-09,1.03196847616117e-08,4.81839822955339e-09,8.9145802844303e-09,5.38602830747437e-09,2.66142573448216e-09,1.68530208088798e-09,4.11815613172223e-09,2.52130343873241e-09,3.92342998237546e-09,2.10163499885678e-09,1.46341443216584e-09,1.2702828218858e-09,2.22725554421226e-09,1.49387643167309e-09,1.96417327887594e-09,1.16418777212919e-09,1.26155178309935e-09,3.99433558760475e-10,1.20663304836377e-09,1.28116259968382e-09,9.02329431015046e-10,1.11322348217765e-09,4.16515435285437e-10,4.98225501844109e-10,1.27534296033246e-09,7.20774990725208e-10,1.40944189211343e-09,4.22215961057538e-10,4.47200965583194e-10,3.82473128725456e-10,5.52911264826686e-10,4.24720745442655e-10,5.24979966953936e-10,4.55365211169245e-10,3.86007234047747e-10,3.58062966020763e-10,5.18274222011076e-10,3.92274546629287e-10,4.39511337215634e-10
1.29318350315674e-08,1.38755808329109e-08,1.73126308500207e-08,1.89550495647688e-08,2.34658376006859e-08,3.02657318559792e-08,1.13958204937416e-08,1.31850082384517e-08,7.46055061004897e-09,1.83392094119025e-08,1.01063266853399e-08,1.48069360144137e-08,1.11443822077893e-08,6.30619606975552e-09,4.60558430126486e-09,8.57287954638561e-09,6.88625952468468e-09,9.09577360331929e-09,4.83564652223080e-09,3.58959881163603e-09,3.81264682201638e-09,5.35821351664515e-09,3.69058319633745e-09,5.23974159904623e-09,2.93642710212533e-09,3.31213568277957e-09,2.0602584931611e-09,3.0021231808208e-09,3.73033717655866e-09,3.15718328051505e-09,3.04342438692365e-09,1.78571480404356e-09,1.62700404758802e-09,3.35623095661103e-09,1.99885579400845e-09,3.58515289342144e-09,1.55690788496507e-09,1.33724758252891e-09,1.32758971322844e-09,1.68374294643489e-09,1.66687141155039e-09,1.92826077681549e-09,1.29624802552461e-09,1.31685521763144e-09,1.16400515422455e-09,1.64946571119638e-09,1.39532460876721e-09,1.71843508442403e-09,5.39670280913045e-09,4.61811928899908e-09,6.83381423316711e-09,7.14499757437249e-09,8.99924554770695e-09,1.26393569903185e-08,3.72145495287754e-09,5.42580430323529e-09,2.8869503369724e-09,7.24047910366124e-09,3.74880379367846e-09,5.78448926856512e-09,4.7258802270618e-09,2.47717024381374e-09,1.54206978927785e-09,3.21929483446972e-09,2.28539389505945e-09,3.41234875390998e-09,1.95462876288032e-09,1.35045268471833e-09,1.21591194153509e-09,1.98988854284815e-09,1.35673044665683e-09,1.8166267542991e-09,9.92147645169658e-10,1.14389695139766e-09,4.60203268763849e-10,1.08213459965231e-09,1.22060813377098e-09,9.13517004221126e-10,9.913873226605e-10,4.04034449301067e-10,4.14755546050179e-10,1.11038343364295e-09,6.93459425342663e-10,1.28358597860148e-09,3.90910534641142e-10,3.91327738133362e-10,4.11606936112767e-10,5.10395066288144e-10,4.01900475895301e-10,5.06508227774094e-10,4.04779921855364e-10,4.66385838720981e-10,2.7974794596871e-10,5.80934484572456e-10,3.90864890887572e-10,3.79687248261346e-10
7.54044555170389e-09,2.57804797847822e-08,8.36890499461485e-09,1.51642817402529e-08,2.10818676818919e-08,1.13958204937416e-08,3.72421873612864e-08,1.1066314046115e-08,6.06754319097473e-09,3.19622353888332e-08,1.06216892875021e-08,3.21833552142322e-08,9.53389130066014e-09,5.01904320168216e-09,5.98429105769042e-09,9.0284782062891e-09,5.73956937700212e-09,9.69423363275575e-09,3.99338973283266e-09,4.84989936977543e-09,2.52777709791338e-09,4.52797180363703e-09,5.07898149098876e-09,4.56405102953337e-09,4.02825924298056e-09,2.07429026690559e-09,1.76825487893442e-09,4.20411742471858e-09,2.30907358910445e-09,4.40693402116271e-09,1.79678796589159e-09,1.42653880381663e-09,1.29691864595685e-09,1.91770423714865e-09,1.6011712002507e-09,2.14476824900658e-09,1.2882027621745e-09,1.11129345653948e-09,1.20029813816114e-09,1.36978272713441e-09,1.37316364146569e-09,1.64349176854356e-09,9.80739429153269e-10,9.95066127347108e-10,9.92111092607202e-10,1.18451546368877e-09,1.26072339506074e-09,1.38804474743998e-09,3.12304704697736e-09,8.26556940419304e-09,3.5627157808282e-09,6.21922543313293e-09,7.25316061712047e-09,4.90045081551862e-09,1.48166394412875e-08,5.07380186287823e-09,1.75073469050002e-09,1.39141593599417e-08,4.36034288851111e-09,1.24262958505925e-08,4.45039612667036e-09,1.39296079754191e-09,1.9645664981312e-09,3.63848932262219e-09,2.07974480181743e-09,4.18369895618965e-09,1.08997797820229e-09,1.7193848808661e-09,8.05763646402741e-10,1.77456306127962e-09,1.9327531025745e-09,1.2754785666626e-09,1.26632953795698e-09,7.47001235379064e-10,4.4202627809971e-10,1.35818636825864e-09,6.9617763279983e-10,9.41831205979337e-10,6.72953611590065e-10,1.91245568481176e-10,3.55478709999945e-10,5.33358572245199e-10,6.11201684602724e-10,7.09984982380305e-10,2.19628080407727e-10,3.22969288923228e-10,2.65873459625456e-10,4.68932046192693e-10,4.16601677275059e-10,5.14977567532428e-10,3.33174377124382e-10,2.98873051608024e-10,3.64668362037862e-10,4.56055310219358e-10,3.65051316704386e-10,4.53097697160326e-10
3.87900222459399e-09,8.36209293501788e-09,1.89902603300441e-08,7.25837790860781e-09,1.47422306869236e-08,1.31850082384517e-08,1.1066314046115e-08,2.28337089896542e-08,9.79806836543398e-09,1.88537288552332e-08,1.81598749650031e-08,1.52792322679351e-08,1.93444673926801e-08,8.25558461302226e-09,5.20882248514441e-09,1.54721435876908e-08,8.44620822382705e-09,1.5469708874625e-08,6.33520811052772e-09,4.17101380448962e-09,4.26192612699567e-09,6.6645999351002e-09,4.36082410689335e-09,6.52975534377259e-09,3.44259224851972e-09,3.59907999997065e-09,2.15570860513334e-09,3.57444574019752e-09,4.0377591060899e-09,3.62389484455586e-09,3.15256803451199e-09,1.77134252770598e-09,1.72122772898701e-09,3.44144478846886e-09,1.93236512626908e-09,3.80280731018204e-09,1.56564429339429e-09,1.42381994239924e-09,1.30109813059445e-09,1.64668427831398e-09,1.67985062073175e-09,1.9498074213721e-09,1.20431059241865e-09,1.03097832791477e-09,9.82199040229766e-10,1.36408503691932e-09,1.15229910950155e-09,1.46435394203275e-09,1.92802110000039e-09,2.79095946112642e-09,7.70688181366893e-09,2.69491778797564e-09,5.52157889751108e-09,5.64000237364822e-09,4.39407657693765e-09,9.59282876904239e-09,3.42299148288664e-09,7.82553003674597e-09,7.55124629839835e-09,6.32277861612708e-09,8.12761324959994e-09,2.82901121432153e-09,1.89896473211884e-09,6.34028192075889e-09,2.76353960784141e-09,6.48864401587699e-09,2.20286407239023e-09,1.58011099002828e-09,1.72014332434880e-09,2.45183581264891e-09,1.76312715578989e-09,2.08111753085994e-09,1.13884105755482e-09,1.63248565480417e-09,5.55722233282782e-10,1.45701770414169e-09,1.75738073327603e-09,1.13272903696743e-09,1.42848623109726e-09,3.97275964416499e-10,7.42427953250361e-10,1.59542679640951e-09,9.68114492017553e-10,1.63032146463134e-09,3.86065691495791e-10,6.24599769629318e-10,5.39808037831679e-10,7.87282207701786e-10,6.30464747461891e-10,7.6579579431775e-10,5.79412924952503e-10,4.16560923776284e-10,2.92626396397825e-10,4.6846489357475e-10,3.35742435896982e-10,4.08413744462351e-10
4.40045479139843e-09,5.06785473657805e-09,8.39542800162429e-09,4.6971992269421e-09,8.07762565834146e-09,7.46055061004897e-09,6.06754319097473e-09,9.79806836543398e-09,2.43347189083446e-08,9.68643879253009e-09,1.8247186103536e-08,1.78220965791308e-08,8.2582135945844e-09,1.95789085881541e-08,9.54966907035974e-09,1.48908859284828e-08,1.66211386235556e-08,1.2721507544777e-08,1.52914618797877e-08,7.46920919617357e-09,3.97578372690336e-09,1.29868863129134e-08,6.76309122885821e-09,1.21214872976782e-08,5.96554863880656e-09,3.14048871058395e-09,3.23920675140717e-09,5.36759586431612e-09,3.25508421390818e-09,5.29230599295786e-09,2.60739006812529e-09,2.73113753633485e-09,1.84143347325735e-09,2.6157052138073e-09,3.22734270899791e-09,2.8983179406624e-09,2.38389930170182e-09,1.61776273883253e-09,1.34269045022763e-09,2.88088993940533e-09,1.8401374911859e-09,2.81252280805762e-09,1.33709732305296e-09,1.09119948730761e-09,9.41283228067883e-10,1.52040720878112e-09,1.14567449400407e-09,1.59051680188927e-09,1.91325290736609e-09,1.57680202362712e-09,2.93283038202535e-09,1.5025398767916e-09,2.95420335958619e-09,2.76636967975357e-09,2.19456394491408e-09,3.37210475123283e-09,8.80681321020306e-09,3.88123880453273e-09,5.82326660086105e-09,6.39631092605351e-09,2.99361864466822e-09,7.29162095664996e-09,4.04940067098615e-09,4.99427874928595e-09,6.39581724943667e-09,4.60224352782522e-09,5.86262593010457e-09,3.34061068763808e-09,1.49733439212632e-09,5.32018426365014e-09,2.84654816497056e-09,4.82088665423363e-09,2.5750799199739e-09,1.27500674948538e-09,8.92695353819042e-10,2.32090412990401e-09,1.22142352376031e-09,1.89307422250681e-09,1.06084550221644e-09,5.24135941349388e-10,5.78588727471331e-10,1.06491594555508e-09,9.06857266390825e-10,8.76028759289962e-10,4.61880020233846e-10,5.9851854520403e-10,5.03007635600123e-10,9.4065807532262e-10,7.19886529194284e-10,6.57287685734601e-10,5.12610274467847e-10,4.82242987862174e-10,3.80172566796524e-10,6.98605912986353e-10,7.006856427236e-10,8.72337472164151e-10
7.22283235971889e-09,2.10783713002714e-08,1.47477674928283e-08,1.14368050010056e-08,2.92967423299585e-08,1.83392094119025e-08,3.19622353888332e-08,1.88537288552332e-08,9.68643879253009e-09,4.24797556896086e-08,1.5195784910459e-08,3.82185472803898e-08,1.60465985327997e-08,8.1089730980536e-09,5.32655914000724e-09,1.2964985789517e-08,8.52494348100523e-09,1.32828847544214e-08,6.30480312707754e-09,4.29418043854975e-09,4.22139815996154e-09,6.78590042504843e-09,4.37179737958354e-09,6.72566555857197e-09,3.57255070437931e-09,3.57262767746148e-09,2.30498823607234e-09,3.61694363477332e-09,4.16692161243643e-09,3.89636767627929e-09,3.14487088426132e-09,1.90731721682947e-09,1.78712719896004e-09,3.52023973533019e-09,2.21460476828754e-09,3.810011554191e-09,1.66774451041361e-09,1.45859167380074e-09,1.47893801882172e-09,1.87201689208501e-09,1.73297236348741e-09,2.12230800433764e-09,1.25528517735274e-09,1.20500098500956e-09,1.19359122457694e-09,1.44942930635684e-09,1.34653570082531e-09,1.59057809037639e-09,3.11653001653971e-09,5.8772157633452e-09,6.12053873711182e-09,4.36808845717408e-09,1.0317904384355e-08,7.90968885003803e-09,1.28332619426036e-08,8.26966137386741e-09,3.69979558165225e-09,1.86314804506956e-08,6.7688400924187e-09,1.67330246698287e-08,7.16623117554451e-09,3.00389549813154e-09,1.84428349176018e-09,5.65161849495512e-09,2.94050405353081e-09,5.82764715340985e-09,2.34104371034127e-09,1.57783596274421e-09,1.29805521021009e-09,2.55008214677609e-09,1.61933117619079e-09,2.23667983024704e-09,1.30436373563277e-09,1.27060779936643e-09,6.04559269240541e-10,1.32437355587482e-09,1.55126443859603e-09,1.15041865462653e-09,1.12432806948653e-09,4.67193770779733e-10,4.84478677186935e-10,1.33854137107404e-09,8.68374586688195e-10,1.23598819814022e-09,4.32289904487633e-10,3.92366702832653e-10,4.47356577905374e-10,6.6969101028053e-10,5.22508215302524e-10,5.92288432967818e-10,3.80695008260551e-10,4.22540883320779e-10,3.12789211138074e-10,4.09131210446404e-10,3.66387745946396e-10,3.44831428808312e-10
4.08741085332222e-09,7.88266332531131e-09,1.47873282991144e-08,6.92005538789e-09,1.14532806708009e-08,1.01063266853399e-08,1.06216892875021e-08,1.81598749650031e-08,1.8247186103536e-08,1.5195784910459e-08,2.87931137170175e-08,2.44733292051518e-08,1.5474205030456e-08,1.48897298787076e-08,8.52403600763348e-09,2.37392789875147e-08,1.26317917390596e-08,2.04842789607104e-08,1.15566185059379e-08,6.65145432597642e-09,3.97203643675052e-09,9.85461012905636e-09,6.3411052931673e-09,9.24868582479284e-09,5.32780716863123e-09,3.15755715542582e-09,3.532152534881e-09,5.00456399644869e-09,3.43990234773019e-09,4.95467095866028e-09,2.6423676178154e-09,2.98659296122265e-09,2.02013415640993e-09,2.77207550738737e-09,3.44111992515595e-09,3.01137364556506e-09,2.63303979132491e-09,1.7412833161558e-09,1.62019046892704e-09,3.08597247975612e-09,2.02548630592105e-09,3.10211606747891e-09,1.46240703278435e-09,1.29300537794457e-09,1.15383666974493e-09,1.64470248667133e-09,1.42308699565839e-09,1.79876219209644e-09,2.06781852808201e-09,2.49210958258303e-09,5.62420704562614e-09,2.65492523094292e-09,3.91551917020972e-09,4.18617783754788e-09,4.11094623539866e-09,7.19521660118739e-09,6.5911721716509e-09,6.00487770669193e-09,1.05234397560499e-08,9.12105361468353e-09,6.23504887954255e-09,5.3248799000062e-09,3.57921120910368e-09,8.82273248089871e-09,4.57417001112469e-09,8.30935731722971e-09,4.23122864043239e-09,2.98199305005391e-09,1.44774924299403e-09,3.91002397135005e-09,2.66430283945161e-09,3.46703931087718e-09,2.23707269660404e-09,1.14347078423227e-09,9.22219635145376e-10,2.05555453393737e-09,1.0640400242593e-09,1.39931496535261e-09,1.01346680692264e-09,6.09763828167118e-10,8.15107134439552e-10,9.3441262158304e-10,1.15258191843675e-09,1.13930161827013e-09,5.64700630148962e-10,7.42944540900808e-10,6.95972633921058e-10,1.13482489767867e-09,7.97049464530221e-10,8.91048086119792e-10,6.76594848109673e-10,5.65714353455242e-10,5.16734718941312e-10,6.96178642212775e-10,7.24764887194999e-10,8.20747546542716e-10
7.42280977824914e-09,2.0899638395077e-08,1.15398541590066e-08,1.09007038169778e-08,2.54876253044938e-08,1.48069360144137e-08,3.21833552142322e-08,1.52792322679351e-08,1.78220965791308e-08,3.82185472803898e-08,2.44733292051518e-08,5.16817445933548e-08,1.30663713788407e-08,1.4633554108342e-08,8.70852045274424e-09,2.02607420109702e-08,1.28363459018595e-08,1.81289457169864e-08,1.15103005239019e-08,6.93607119740667e-09,4.4461736789963e-09,1.01432545896006e-08,6.5266703350128e-09,9.58991243460277e-09,5.6192182287875e-09,3.59451577669959e-09,3.85245189809726e-09,5.318345132988e-09,4.05106476973029e-09,5.51708904002683e-09,3.0889369784571e-09,3.3196639119963e-09,2.29447556343233e-09,3.35515488434468e-09,3.6962156653192e-09,3.67443634797229e-09,2.92318889378138e-09,1.97552248228695e-09,1.85121299878103e-09,3.25442262385258e-09,2.33366690209067e-09,3.33011159582526e-09,1.68693157510359e-09,1.54423194765562e-09,1.38810022563763e-09,1.93917138093073e-09,1.63987778137312e-09,2.00133398305472e-09,3.23558733870723e-09,5.36196000988565e-09,4.25480505400839e-09,4.23551533475324e-09,8.2992226384807e-09,6.21697277626636e-09,1.22551439816035e-08,6.29018620813997e-09,6.68409710662322e-09,1.60540861119724e-08,9.69346066242525e-09,1.98799131733284e-08,5.56171199977987e-09,5.50699188831577e-09,3.66842114039596e-09,8.22722199318311e-09,5.12745369615996e-09,7.47276149235559e-09,4.31827974807508e-09,3.15628737861033e-09,1.90144531218961e-09,4.29392363479998e-09,3.05687760242833e-09,3.75714666776187e-09,2.51552199920012e-09,1.68588551925839e-09,8.62690884979763e-10,2.39105685674167e-09,1.68190041643419e-09,1.92636376835957e-09,1.56288847963595e-09,5.97788710745377e-10,7.84189207135637e-10,1.53539755849414e-09,9.71766456255685e-10,1.29219256225652e-09,5.46909030130803e-10,7.46152470398824e-10,6.1657098429611e-10,9.73550751595964e-10,8.00901421973298e-10,9.2679890493993e-10,7.16483406960305e-10,5.35723368293486e-10,5.11778429335009e-10,7.13339729308483e-10,7.34982321963091e-10,8.79841517598032e-10
3.21858790952986e-09,7.12360713017084e-09,1.61701881021106e-08,6.11249428403408e-09,1.25014194386019e-08,1.11443822077893e-08,9.53389130066014e-09,1.93444673926801e-08,8.2582135945844e-09,1.60465985327997e-08,1.5474205030456e-08,1.30663713788407e-08,2.34201301410961e-08,9.74664478066315e-09,6.15559671657452e-09,1.82746207717575e-08,1.01226273478035e-08,1.83158922116484e-08,7.5284738585697e-09,4.91743269449543e-09,5.14343744571601e-09,7.97944366861981e-09,5.20370036882127e-09,8.03471423612057e-09,4.00577444907049e-09,4.1955146745068e-09,2.44699918405197e-09,4.16534854337689e-09,4.73290725634115e-09,4.16127249616524e-09,3.64925055742303e-09,1.95933349169159e-09,2.01281748224927e-09,4.00899475149925e-09,2.2170286617315e-09,4.37841670707935e-09,1.71182304043944e-09,1.64317735816796e-09,1.53388063806856e-09,1.85934565890725e-09,1.9512723818399e-09,2.28416483606773e-09,1.38663781500691e-09,1.20982425955024e-09,1.14547490779473e-09,1.57006330099039e-09,1.40814268152123e-09,1.72389479289037e-09,1.63648570491576e-09,2.57090665339046e-09,6.50561606635695e-09,2.59116403655191e-09,4.83815058148217e-09,5.10608726894239e-09,3.95094636118962e-09,8.12865132364868e-09,2.82921579558518e-09,6.75668834381326e-09,6.34160226433445e-09,5.42019186999765e-09,9.39199606116266e-09,3.57966369258276e-09,2.43524532233026e-09,7.17941530428336e-09,3.54723356274738e-09,7.38156630261557e-09,2.83714247392202e-09,1.93394189862783e-09,2.25673308625913e-09,3.02408595125196e-09,2.19901933655568e-09,2.77803569966439e-09,1.36284893549383e-09,2.02681439468953e-09,5.55698458715121e-10,1.66805715238608e-09,2.21945979629369e-09,1.11554517321252e-09,1.80326713755246e-09,3.75790140154928e-10,9.75732538589867e-10,1.9019038610521e-09,1.06697753875943e-09,1.98623156006843e-09,3.48212912437723e-10,8.62804803975054e-10,6.43662900536365e-10,8.72903536173157e-10,7.55967596579317e-10,8.38801819581692e-10,7.51795014535717e-10,5.34199241533931e-10,3.13142871427421e-10,5.59691833886135e-10,4.98621143076589e-10,5.36962540609494e-10
3.52788916188849e-09,4.26073271178924e-09,7.15778946290934e-09,3.93047000770706e-09,6.85985889825992e-09,6.30619606975552e-09,5.01904320168216e-09,8.25558461302226e-09,1.95789085881541e-08,8.1089730980536e-09,1.48897298787076e-08,1.4633554108342e-08,9.74664478066315e-09,2.30584488042244e-08,1.1293898568607e-08,1.76617670271372e-08,1.9643842807286e-08,1.51898474504432e-08,1.80651299977682e-08,8.749507266468e-09,4.56164859764197e-09,1.53339730647601e-08,8.0449517796738e-09,1.44776254223339e-08,6.90299958741992e-09,3.57152312879196e-09,3.6818759117264e-09,6.28685824947425e-09,3.72910609796761e-09,6.15356323062624e-09,2.94515445159381e-09,3.0592464463963e-09,2.18169550317365e-09,2.99550622568515e-09,3.69202842590271e-09,3.29861336487521e-09,2.59149403631889e-09,1.83491669261611e-09,1.57231943155034e-09,3.177628795179e-09,2.15828981226793e-09,3.19125581972541e-09,1.52580662596797e-09,1.2701435448478e-09,1.08590590160166e-09,1.78846868226344e-09,1.33636374009057e-09,1.84200619252230e-09,1.55657257046957e-09,1.38418708549413e-09,2.58762440120431e-09,1.37790559517649e-09,2.65397419543067e-09,2.65312345485914e-09,1.75184931261769e-09,2.99409612782036e-09,7.29019371375897e-09,3.2450067909419e-09,4.99478828351329e-09,5.17686232023777e-09,3.85852667626779e-09,9.2032455002491e-09,4.79538234443312e-09,6.49110734178851e-09,7.98040797697485e-09,5.77997263504886e-09,7.1594171882226e-09,4.02178329511937e-09,1.73560742150097e-09,6.34803676551622e-09,3.61371798004961e-09,5.91618554793365e-09,3.0468932513956e-09,1.47747108766376e-09,1.0535994814407e-09,2.9169804905898e-09,1.47237784874917e-09,2.29765445917275e-09,1.24562973483448e-09,6.67865668776331e-10,6.65278741116912e-10,1.26207512588404e-09,1.1770308658249e-09,1.07745812183299e-09,5.08433289033881e-10,7.1770929502242e-10,6.77708356517491e-10,1.09599239625753e-09,8.73379089987671e-10,8.97062807216085e-10,6.24227692582982e-10,5.95729331781457e-10,4.16902252342751e-10,8.39929181500012e-10,8.17957769129646e-10,9.9275877087044e-10
2.42919345918666e-09,5.02624791625817e-09,4.50695224046752e-09,5.28683059928004e-09,4.54927286118813e-09,4.60558430126486e-09,5.98429105769042e-09,5.20882248514441e-09,9.54966907035974e-09,5.32655914000724e-09,8.52403600763348e-09,8.70852045274424e-09,6.15559671657452e-09,1.1293898568607e-08,3.30858331249527e-08,1.01699786320181e-08,2.54197245973703e-08,2.34567894404061e-08,8.75237284848656e-09,2.52105995170388e-08,1.02132019174645e-08,1.93995972785813e-08,1.85519671972932e-08,1.37146362114539e-08,1.98570544234621e-08,7.73410913180221e-09,4.75787623069426e-09,1.4168301870219e-08,7.26838046192466e-09,1.30908888330072e-08,6.11450549149955e-09,3.74309475334929e-09,5.16647426240747e-09,5.59246257706863e-09,4.36181513527054e-09,6.0346328190841e-09,3.07188384021308e-09,4.34861354173626e-09,2.3047520126422e-09,3.41130408766308e-09,4.80372420472597e-09,3.69569656617499e-09,3.67534003983743e-09,1.8884840410394e-09,1.56234765031807e-09,4.04212989127719e-09,2.07907555004385e-09,4.22138253111167e-09,1.00242747677182e-09,2.64252619958819e-09,1.7651824287113e-09,2.48762302350469e-09,1.31102946390117e-09,1.72485418764579e-09,2.88160172234312e-09,2.2312817795488e-09,3.39294929207413e-09,1.61028816750462e-09,2.9158105645926e-09,3.26518750686906e-09,2.98473147926902e-09,4.50534683525227e-09,1.24588711548128e-08,3.83218040264632e-09,9.66607734540865e-09,8.14440321469455e-09,3.38660235959837e-09,1.02586336861025e-08,4.60768046007797e-09,7.60343932673006e-09,8.191339717963e-09,5.92178009191084e-09,7.82522090682649e-09,3.7950881355922e-09,1.70898253447194e-09,6.30232088130349e-09,3.29710080483643e-09,5.13292707097746e-09,3.30369207419152e-09,1.28680374553183e-09,1.51598389700308e-09,2.75474425985961e-09,1.81957727337164e-09,3.00174284732998e-09,9.81469692349644e-10,1.26552899954261e-09,7.55478244296635e-10,1.35307281677772e-09,1.32922163416215e-09,1.65758205090601e-09,1.13593802659734e-09,7.12207933839094e-10,5.47053755382429e-10,1.3038046128234e-09,8.14074217840398e-10,1.46934872217027e-09
3.32153866897486e-09,6.61771129742106e-09,1.26659765337474e-08,5.78299718182986e-09,9.70893497943433e-09,8.57287954638561e-09,9.0284782062891e-09,1.54721435876908e-08,1.48908859284828e-08,1.2964985789517e-08,2.37392789875147e-08,2.02607420109702e-08,1.82746207717575e-08,1.76617670271372e-08,1.01699786320181e-08,2.81113526602457e-08,1.5138573009851e-08,2.4275144771823e-08,1.37449043355195e-08,7.81335502388828e-09,4.6104374739613e-09,1.17522871513471e-08,7.51843451358599e-09,1.11929952710675e-08,6.20509584600215e-09,3.64248683915226e-09,4.00229816511601e-09,5.86628441745589e-09,3.97157436730109e-09,5.78936974045582e-09,3.06192966383154e-09,3.34473909638654e-09,2.40883854694099e-09,3.23682511751602e-09,3.94755354893896e-09,3.47451952268073e-09,2.88591299528341e-09,2.00762903248615e-09,1.89616379766799e-09,3.44341796545948e-09,2.38092085097031e-09,3.56314430353895e-09,1.71262450017728e-09,1.52867337449002e-09,1.33575152355405e-09,1.95861366876751e-09,1.67723407521115e-09,2.10350845221734e-09,1.70409441868832e-09,2.27017582973734e-09,4.94160876978401e-09,2.52669659746938e-09,3.58070585609187e-09,3.98830452796542e-09,3.60331964766501e-09,6.23587976002172e-09,5.32385072831228e-09,5.26265757441837e-09,8.82371261654416e-09,7.66969880637786e-09,7.37321218778873e-09,6.90273200242717e-09,4.19461479805649e-09,1.06171235230538e-08,5.82972380079267e-09,9.64750960769234e-09,5.34081924655176e-09,3.49350762334599e-09,1.7451221127309e-09,4.72174048274986e-09,3.30583700895846e-09,4.40196806413488e-09,2.54599822305694e-09,1.36692030897575e-09,1.02683773886816e-09,2.46643479797065e-09,1.35062231706735e-09,1.60545175753718e-09,1.28178144904653e-09,6.92266181467314e-10,1.06975444671551e-09,1.13432950355136e-09,1.48797123658815e-09,1.44729152836615e-09,5.82329659069227e-10,9.88532472456139e-10,8.5441539685081e-10,1.38718050690969e-09,9.72685948614391e-10,1.09939415283463e-09,8.98477920607626e-10,7.16167090563459e-10,5.35216515468654e-10,8.67755114152505e-10,8.84270192255229e-10,9.77944424910851e-10
3.99480667838769e-09,4.8371356447982e-09,7.33103826839624e-09,4.67354532727258e-09,7.28024455630752e-09,6.88625952468468e-09,5.73956937700212e-09,8.44620822382705e-09,1.66211386235556e-08,8.52494348100523e-09,1.26317917390596e-08,1.28363459018595e-08,1.01226273478035e-08,1.9643842807286e-08,2.54197245973703e-08,1.5138573009851e-08,3.78330750228988e-08,3.06388453379261e-08,1.53369132092052e-08,1.93990475131343e-08,9.38756297804447e-09,2.92401424318466e-08,1.38683006148525e-08,2.20264959604969e-08,1.54128696329526e-08,7.15206790898084e-09,4.8936745474446e-09,1.05836080391878e-08,6.83937323730252e-09,9.9389066882108e-09,5.69637608664283e-09,3.97156627586834e-09,5.62379279857226e-09,5.29915751089382e-09,4.55105485944508e-09,5.71657761979986e-09,3.31285694702030e-09,4.78736788483735e-09,2.4632193442495e-09,3.63964450977745e-09,5.45944329245032e-09,4.21636996997892e-09,4.05359245014968e-09,1.97178042166071e-09,1.73787643912483e-09,4.51548608755972e-09,2.16456425158298e-09,4.62861486695863e-09,1.62421961481739e-09,1.64056261589786e-09,2.53700667794304e-09,1.83850796889616e-09,2.76631012532208e-09,2.89602728046086e-09,2.02580281820141e-09,2.97522949115265e-09,6.27631079567615e-09,3.32638028843626e-09,4.16871093787454e-09,5.00845068090544e-09,4.10020072141372e-09,8.14418326559065e-09,1.00191648615898e-08,5.58010243163592e-09,1.5519452281232e-08,1.14345674974846e-08,6.41921180103836e-09,8.13804004099664e-09,4.09688462131114e-09,1.21076736230984e-08,6.31780029029008e-09,9.5732676996614e-09,6.41162585933015e-09,3.42828131590421e-09,1.87240068234559e-09,5.10856512498785e-09,2.97522512860533e-09,4.20351624523061e-09,2.95397648078064e-09,1.4578838161949e-09,1.69126632649626e-09,2.43856518248582e-09,2.01822023098241e-09,2.67230575927061e-09,1.13077517368679e-09,1.53715181275003e-09,8.8011424904181e-10,1.57621529836688e-09,1.70741918198158e-09,1.99032726397631e-09,1.38934033109781e-09,7.97726281814409e-10,5.61910171968436e-10,1.64065110852505e-09,9.22076797118759e-10,1.75427723273069e-09
4.00904391896443e-09,7.14565484831725e-09,1.2658223996208e-08,6.47705140257233e-09,1.00169446542036e-08,9.09577360331929e-09,9.69423363275575e-09,1.5469708874625e-08,1.2721507544777e-08,1.32828847544214e-08,2.04842789607104e-08,1.81289457169864e-08,1.83158922116484e-08,1.51898474504432e-08,2.34567894404061e-08,2.4275144771823e-08,3.06388453379261e-08,4.27036712137778e-08,1.17975002011737e-08,1.79625521891459e-08,9.20630921511361e-09,2.37333284531981e-08,1.30331570840663e-08,1.76785319035645e-08,1.42686598527338e-08,7.04291268110546e-09,5.21843631266912e-09,9.93228028455678e-09,6.86970164536193e-09,9.27125641766915e-09,5.68614733589325e-09,4.13427966911216e-09,5.84470630223003e-09,5.30597212070679e-09,4.69881656932683e-09,5.72977406366564e-09,3.4201779361673e-09,4.94943144617376e-09,2.83574377016572e-09,3.74822787758256e-09,5.64238131152825e-09,4.38443074935759e-09,4.23184559624406e-09,2.3135805067943e-09,1.91531849638508e-09,4.76001678006683e-09,2.55559240746748e-09,4.90736925071166e-09,2.02726771121186e-09,2.63906285379163e-09,4.93576462825403e-09,3.07704650881972e-09,3.91077490299754e-09,4.296466184976e-09,4.08413052781294e-09,6.34877124395163e-09,4.20792892823786e-09,5.66393450475166e-09,7.60822390449704e-09,7.20330068402731e-09,7.48234308756974e-09,5.67484835904508e-09,8.92250802788787e-09,9.21648320516997e-09,1.2340021655616e-08,1.63784127760101e-08,4.36255636760239e-09,7.2640320626489e-09,3.98311867915906e-09,9.68774660907067e-09,5.8059756305752e-09,7.37878410090423e-09,5.84566248425668e-09,3.26862090481293e-09,1.89348027731917e-09,4.55040801590600e-09,2.82924437926125e-09,3.62268495729903e-09,2.96588102238735e-09,1.45091107472557e-09,1.96110460095004e-09,2.34470968443632e-09,2.30315293661721e-09,2.92130277508556e-09,1.14384231470433e-09,1.75445809402884e-09,9.60325160831757e-10,1.79237073933204e-09,1.68114848975545e-09,1.93818268439269e-09,1.60827393699133e-09,8.90916560639856e-10,7.11532254805924e-10,1.5776344854186e-09,1.08746409498517e-09,1.74222011071723e-09
2.87783956284963e-09,3.41805452671117e-09,5.52746663744738e-09,3.11703314431359e-09,5.35353638506641e-09,4.83564652223080e-09,3.99338973283266e-09,6.33520811052772e-09,1.52914618797877e-08,6.30480312707754e-09,1.15566185059379e-08,1.15103005239019e-08,7.5284738585697e-09,1.80651299977682e-08,8.75237284848656e-09,1.37449043355195e-08,1.53369132092052e-08,1.17975002011737e-08,2.20082968762923e-08,1.02219541204608e-08,5.44365254088216e-09,1.84686076295157e-08,9.27162971337616e-09,1.7239006172131e-08,8.09421774865931e-09,4.30078088337819e-09,4.58735759185973e-09,7.22837085083313e-09,4.50116081966393e-09,7.28128370390731e-09,3.40365585860229e-09,3.82940602646367e-09,2.49685523428983e-09,3.5156805639233e-09,4.35430224972043e-09,3.88990965490044e-09,3.13933332738577e-09,2.07802625486275e-09,1.87370403874768e-09,3.71354958215465e-09,2.56376871170515e-09,3.90077673658525e-09,1.72748717654526e-09,1.43443284368647e-09,1.34047867643042e-09,2.00973119370835e-09,1.53809270776116e-09,2.11675448737095e-09,1.33726583299051e-09,1.22313083196354e-09,2.08834953489329e-09,1.17474965620846e-09,2.09991563093968e-09,1.96476866858894e-09,1.59706248307043e-09,2.42091385294245e-09,5.85715994197277e-09,2.59939382697123e-09,4.10887964177541e-09,4.2360225746675e-09,3.08008868672105e-09,7.1572672978629e-09,4.01973803350955e-09,5.23660582462146e-09,6.34810522835249e-09,4.90779294698086e-09,9.47251035182043e-09,4.7055226777589e-09,2.24697246753762e-09,7.93837035379135e-09,4.37395206508853e-09,7.60191772081167e-09,3.67755279481024e-09,1.83187767471176e-09,1.35539591048932e-09,3.59208126798651e-09,1.63686248722633e-09,2.80189709476648e-09,1.58462473271998e-09,9.69270309419983e-10,8.91838125612791e-10,1.47259810869242e-09,1.51014052716726e-09,1.28747409769976e-09,5.93477564100893e-10,8.68021594213664e-10,6.55117037106714e-10,1.24803325564593e-09,1.03346003387778e-09,1.03753927509296e-09,7.33943845752853e-10,6.35296930195292e-10,5.32396467097147e-10,9.59020496603461e-10,8.42472264465493e-10,1.07553795791791e-09
