9.25120325105105e-08,4.64296947573564e-08,2.29594467747147e-08,7.34189770058847e-08,4.44277059252196e-08,6.94889770247926e-08,4.08331972034079e-08,1.98126050787251e-08,1.97878976868636e-08,3.84130149641035e-08,2.06248291248947e-08,3.7667345994066e-08,1.77194878132127e-08,1.77285460699832e-08,1.42338036502832e-08,1.82563024371808e-08,2.00097484198347e-08,1.95246616064137e-08,1.57476593151012e-08,1.2616404973701e-08,9.37840484006e-09,1.78345192414057e-08,1.25505127012525e-08,1.72949329712469e-08,1.12797256388633e-08,8.72049140076013e-09,7.24755744663835e-09,1.12848079166402e-08,1.00296288045837e-08,1.21013220116689e-08,8.25858033438197e-09,6.77682706663991e-09,7.41578842947599e-09,9.42480488037672e-09,8.90798773734434e-09,1.1841308049682e-08,5.96088624084328e-09,6.37178812813862e-09,7.07025044159335e-09,7.94744853437284e-09,8.42194676311377e-09,9.70131498483711e-09,5.45484492185459e-09,5.91913102916469e-09,4.92460066324108e-09,7.04773178563341e-09,6.4557023819643e-09,7.72162104317435e-09,7.43268742994878e-08,3.85698804274138e-08,1.81382955354382e-08,5.70623728231012e-08,3.48626969566146e-08,5.39413697923226e-08,3.42609860983856e-08,1.57310236878476e-08,1.71494924969402e-08,3.05511030004093e-08,1.5262921878447e-08,2.86296088956085e-08,1.42809244239806e-08,1.54943062318049e-08,1.36045450479547e-08,1.36985402113655e-08,1.7251187712126e-08,1.50600258937491e-08,1.37905551290733e-08,1.24314093460836e-08,6.60936072216981e-09,1.54799095674026e-08,1.12130824733057e-08,1.35516974077582e-08,1.07932811850323e-08,5.9861358151191e-09,6.07012401708784e-09,9.68364691269109e-09,7.8229801017108e-09,1.01493908066226e-08,5.77018697256073e-09,5.75438110361646e-09,5.72660261435998e-09,7.43973297593474e-09,7.44086009036069e-09,1.03424518201794e-08,5.2767306730283e-09,4.98208703541976e-09,4.74515706003798e-09,6.61686139549351e-09,5.99406897398655e-09,7.47456823879512e-09,4.61514442977482e-09,3.96126788513973e-09,4.28761344428467e-09,5.12337214217916e-09,4.97671424779501e-09,6.79365516421578e-09
4.64296947573564e-08,1.73912002912552e-07,5.31497227049559e-08,9.10591684575921e-08,1.42539832046556e-07,7.12184118656933e-08,1.48309011834001e-07,4.52789815407682e-08,2.58150588361051e-08,1.19827892207042e-07,4.20665832940209e-08,1.11030105943433e-07,4.02723144836419e-08,2.27938038535546e-08,2.72186438222524e-08,3.69843925688396e-08,2.60733250214598e-08,3.70242638274825e-08,1.97555427729981e-08,2.34124789817693e-08,1.40787037873264e-08,2.19036078431403e-08,2.43157568304711e-08,2.2260837479666e-08,2.07593469468383e-08,1.31846651514609e-08,1.172627382482e-08,2.15591253815174e-08,1.61123008789797e-08,2.35105365749445e-08,1.23475863336171e-08,1.08947773486463e-08,1.1043486443826e-08,1.48360569299233e-08,1.28847617222129e-08,1.63066379973285e-08,9.70496386660945e-09,9.77987602384289e-09,9.62083556967048e-09,1.16667509207446e-08,1.16986099525297e-08,1.28896614313576e-08,9.24483080301175e-09,8.66353028808552e-09,7.98792139708477e-09,1.03306830353247e-08,9.54168040488926e-09,1.11474665270403e-08,3.93717199035537e-08,1.1497876614106e-07,3.77010900875609e-08,7.11714251200765e-08,8.85972487011866e-08,5.57152636465744e-08,1.00386303056694e-07,3.20219845362066e-08,1.91548752892661e-08,7.48080112213839e-08,2.98888226700363e-08,6.93747812189776e-08,2.87095043731597e-08,1.6712425564176e-08,2.13510092287822e-08,2.63744592312613e-08,2.19399893080031e-08,2.78023031111667e-08,1.44686799854465e-08,1.9297038451956e-08,9.73889644530218e-09,1.80122239865215e-08,1.80431646791941e-08,1.80816968700526e-08,1.68624415467313e-08,9.02746484952469e-09,9.8158396220315e-09,1.56076662851508e-08,1.15684341521679e-08,1.91854110946615e-08,8.70590363106587e-09,9.17185842209348e-09,7.98644325662145e-09,1.07509947154068e-08,9.99264831703624e-09,1.20874955108342e-08,8.31970020375913e-09,7.46149180032944e-09,7.02824084132189e-09,9.08582117793422e-09,9.04653481654193e-09,1.02606728816453e-08,7.66612089199721e-09,6.17488594908878e-09,6.52422507204402e-09,7.73334252609727e-09,8.07404983277706e-09,9.96412116855801e-09
2.29594467747147e-08,5.31497227049559e-08,1.11772445312591e-07,4.23394400080439e-08,9.28732175499851e-08,7.62906827519779e-08,4.53089747323328e-08,9.24570951918032e-08,3.92319425438255e-08,7.60639811775493e-08,7.11807466764688e-08,6.02050324949635e-08,8.20358162041837e-08,3.45740043814613e-08,1.96303981588999e-08,6.25026276894086e-08,3.33567666388398e-08,5.74478502574075e-08,3.02780367763754e-08,1.72722249271309e-08,1.74068651789416e-08,2.83579550381392e-08,1.81003623921508e-08,2.65756866591459e-08,1.54420443608455e-08,1.57281904171715e-08,9.69333370039861e-09,1.62413145011856e-08,1.7721082282764e-08,1.67348828595948e-08,1.45742482924647e-08,9.04273791906917e-09,8.88725684812287e-09,1.63828054720214e-08,1.07752789378545e-08,1.77671454625256e-08,7.95847671948581e-09,7.73160133634022e-09,7.85320078405564e-09,9.6237719722154e-09,9.73419007319191e-09,1.15022850436764e-08,7.62836834540861e-09,7.23057244732632e-09,7.23986403564613e-09,9.23764171357411e-09,7.86920736696739e-09,9.4555379001032e-09,1.84472671742947e-08,3.97197471923962e-08,8.2656840839875e-08,3.39293427675891e-08,7.10714587066378e-08,5.6860350394364e-08,3.46946349515552e-08,6.80262967559253e-08,2.99233828190053e-08,5.89644239029953e-08,5.43373887508015e-08,4.74917194175098e-08,6.09131986776956e-08,2.61177393731395e-08,1.45761818515206e-08,4.79278428121891e-08,2.52586455519078e-08,4.31132855592874e-08,2.31348838966501e-08,1.2781236823084e-08,1.19273932784733e-08,2.09320547619209e-08,1.36901905991855e-08,2.01149259379295e-08,1.17640035864019e-08,1.0801889103553e-08,7.7124154306895e-09,1.28693583710364e-08,1.28471358808296e-08,1.23938077541441e-08,1.00344849575969e-08,7.14427454944096e-09,7.09404443261891e-09,1.19051051320847e-08,8.10930277685334e-09,1.3541412401098e-08,6.57996574435664e-09,6.31759647291845e-09,5.97469005054911e-09,7.32262209852313e-09,7.87338797590588e-09,9.23007469335141e-09,6.03231944917323e-09,5.57060095821487e-09,4.93744433056871e-09,7.59089787393902e-09,6.04781018676103e-09,8.54258675758498e-09
7.34189770058847e-08,9.10591684575921e-08,4.23394400080439e-08,1.28086828127412e-07,7.07592205604482e-08,9.87544699304811e-08,7.89294210821882e-08,3.63003163994496e-08,2.18474969279365e-08,6.10501241973459e-08,3.35519498080469e-08,5.62325051058881e-08,3.23113542733906e-08,1.95855391130779e-08,2.63982306568449e-08,2.98196205696794e-08,2.30576065405038e-08,3.04102605845522e-08,1.67395954302091e-08,2.31829662688928e-08,1.34169352007493e-08,1.96033825587466e-08,2.37844684836812e-08,1.93604438353247e-08,2.08851790837667e-08,1.26761987651507e-08,9.35153446675029e-09,2.16227154547451e-08,1.41892860371088e-08,2.18897190938945e-08,1.1948056039104e-08,8.48095525050103e-09,9.79758195673286e-09,1.31574558136508e-08,1.13915188156811e-08,1.57922946313416e-08,7.5738351711308e-09,8.76172303481623e-09,8.73168726195804e-09,1.04276795558699e-08,1.05569123805819e-08,1.21826505691573e-08,7.98788471480322e-09,7.682127017625e-09,6.82478860414203e-09,9.20547404567906e-09,8.68131880608861e-09,1.0028698881362e-08,5.68659164486545e-08,7.13778721960766e-08,3.19733273088968e-08,9.70376960449468e-08,5.29140544663489e-08,7.55945264204005e-08,6.31661183300867e-08,2.73539627804916e-08,1.60057117861578e-08,4.61103750191552e-08,2.4490514026562e-08,4.10660007248613e-08,2.49802417237822e-08,1.4309942984358e-08,2.17613248001382e-08,2.22408315719012e-08,1.84144717655134e-08,2.25256527204026e-08,1.2413998795517e-08,2.04091317715728e-08,9.28666609997997e-09,1.58941231119201e-08,1.9065294427255e-08,1.47833875034219e-08,1.82399414897268e-08,8.4891597396193e-09,7.86357904943124e-09,1.69061908909632e-08,1.05336899289155e-08,1.8421667273349e-08,8.21495818134244e-09,7.48851850568782e-09,7.03873397822911e-09,1.00334792224002e-08,9.02234851564068e-09,1.26048938084298e-08,6.99137230187965e-09,6.63698609109989e-09,5.88150330296063e-09,8.37202362326355e-09,7.77185186981672e-09,9.52386768620193e-09,6.45113198567871e-09,5.16812682413767e-09,6.19357402370961e-09,6.71382061431458e-09,6.73102003101365e-09,8.9336832564058e-09
4.44277059252196e-08,1.42539832046556e-07,9.28732175499851e-08,7.07592205604482e-08,2.09056662623774e-07,1.160858276062e-07,1.19855058484078e-07,7.60403862871685e-08,3.8508144738397e-08,1.70648667387198e-07,5.87604056625543e-08,1.4160568074593e-07,6.733680435403e-08,3.40979302885125e-08,2.19460914516071e-08,5.14212010054478e-08,3.44604288741723e-08,4.87678381539042e-08,3.00641426534385e-08,1.9514866928968e-08,2.16097680380201e-08,2.93633511924137e-08,2.15061114593607e-08,2.9664497312691e-08,1.77481481723125e-08,1.97846104891382e-08,1.4281133946063e-08,1.95956458640629e-08,2.41089668167303e-08,2.06113914732906e-08,1.85649051651869e-08,1.33679168363739e-08,1.25828940146976e-08,2.23254631614449e-08,1.54321778511322e-08,2.35547038596908e-08,1.18289339364011e-08,1.10762578500138e-08,1.16633802918905e-08,1.38330276463711e-08,1.33461120841348e-08,1.56511509207792e-08,1.13434771943872e-08,1.12593356123699e-08,9.94428090033316e-09,1.25624442297149e-08,1.20127114065482e-08,1.34473353113481e-08,3.85736503111641e-08,8.9264072670438e-08,6.69457412135053e-08,5.63401030063361e-08,1.34586175883508e-07,8.99674987002046e-08,7.68930745280196e-08,5.50404146050416e-08,2.7832064180836e-08,1.10235676841353e-07,4.22315808058722e-08,9.08629648741561e-08,4.89103674040902e-08,2.41640001804188e-08,1.69413597473935e-08,3.69582938499079e-08,2.69648715349473e-08,3.74246447045738e-08,2.13049618106635e-08,1.44653194219849e-08,1.53882059677503e-08,2.15924116293491e-08,1.71698726530232e-08,2.32344365648111e-08,1.33925604106715e-08,1.39710831245077e-08,1.10499903316744e-08,1.6061660414938e-08,1.83372910378593e-08,1.57819642933964e-08,1.33146166635322e-08,1.02192668971962e-08,9.46375209136689e-09,1.72388992841437e-08,1.13936296915364e-08,1.83044877078832e-08,9.12086003525091e-09,8.68966465095113e-09,9.42187767452027e-09,1.03212156953977e-08,1.05113913894646e-08,1.22167604959921e-08,9.58908237853417e-09,8.5781807611265e-09,7.39386039849262e-09,9.56051170773911e-09,9.78242051197979e-09,1.09436061629337e-08
6.94889770247926e-08,7.12184118656933e-08,7.62906827519779e-08,9.87544699304811e-08,1.160858276062e-07,1.53303251155406e-07,6.09969276009041e-08,6.2303877564351e-08,3.33724492737511e-08,9.55192881674032e-08,4.83779631841495e-08,7.57867710828497e-08,5.51879161517233e-08,2.95749552125631e-08,2.1351944952555e-08,4.22899512207056e-08,3.02817903341032e-08,4.11395662817958e-08,2.57280652156462e-08,1.89725786724335e-08,1.9233642657546e-08,2.61094602238754e-08,1.92247397552917e-08,2.46320668335128e-08,1.70007457275201e-08,1.77490107583449e-08,1.12975100434172e-08,1.73528421098428e-08,2.06504929169549e-08,1.77981149791834e-08,1.67470166089283e-08,1.06111562382591e-08,1.14690161510316e-08,1.93474945325193e-08,1.40198517795141e-08,2.24736029390445e-08,9.59624526775301e-09,1.02698413957228e-08,1.01147341397806e-08,1.28094362003661e-08,1.21978557549709e-08,1.46025539950681e-08,1.02378940390666e-08,9.40844692019492e-09,8.25393180797413e-09,1.1574510696084e-08,9.80104778624659e-09,1.19707842619833e-08,5.43268848061862e-08,5.44096400132127e-08,5.56924335605251e-08,7.47025356979309e-08,8.77487057335104e-08,1.1629780554071e-07,4.75821563846883e-08,4.57989513413494e-08,2.52924420650953e-08,7.33687602070577e-08,3.53691084915294e-08,5.7583704883051e-08,4.09932075648013e-08,2.20132233796514e-08,1.64026072207307e-08,3.12066947352791e-08,2.25015761252998e-08,3.00504344476029e-08,1.88104152743796e-08,1.44120534486175e-08,1.25067813511843e-08,1.83897926572703e-08,1.53699047130091e-08,1.84275453576015e-08,1.30549858123193e-08,1.14536223910519e-08,8.72095649039482e-09,1.40533222579772e-08,1.51759246781503e-08,1.39268446879835e-08,1.09218521417229e-08,8.20686574671073e-09,8.81184878684808e-09,1.44390612215184e-08,1.06036863441027e-08,1.78990786581789e-08,7.72556590662814e-09,8.11639176938196e-09,7.69225484777489e-09,9.77713067566778e-09,9.03526823842876e-09,1.10335455622423e-08,8.4127051028981e-09,6.88429691215333e-09,6.67900557363942e-09,8.64604340717623e-09,8.00211062014879e-09,1.00743975674496e-08
4.08331972034079e-08,1.48309011834001e-07,4.53089747323328e-08,7.89294210821882e-08,1.19855058484078e-07,6.09969276009041e-08,1.95845437033118e-07,5.35966826329278e-08,3.12380547771393e-08,1.60249864114049e-07,5.04276752174136e-08,1.49786571062e-07,4.6892840865353e-08,2.72136993369832e-08,2.96841340923506e-08,4.42128209270083e-08,2.98619666623049e-08,4.40854487536663e-08,2.37856863284779e-08,2.55009619396547e-08,1.53018470878777e-08,2.54940785855489e-08,2.62098787485901e-08,2.52218952027251e-08,2.28452052161972e-08,1.43451404383825e-08,1.24478186950771e-08,2.35177486685939e-08,1.75628368285093e-08,2.57102573650602e-08,1.3347820800294e-08,1.15552028728882e-08,1.16607693156787e-08,1.61738509894753e-08,1.38462933248867e-08,1.79114915909141e-08,1.04260381209946e-08,1.04596875279121e-08,1.11282467987187e-08,1.27430827238527e-08,1.28698938572702e-08,1.48107993390038e-08,9.001671599289e-09,9.38332300544228e-09,9.16534496186184e-09,1.0830440082741e-08,1.0836879841558e-08,1.21240352643564e-08,3.51075361734932e-08,1.00364861336658e-07,3.20376500855545e-08,6.24178638433632e-08,7.48075236037216e-08,4.77490982035168e-08,1.38697823299349e-07,3.81855091651336e-08,2.32583241093853e-08,1.05341862952112e-07,3.53737623176276e-08,9.74464689779911e-08,3.37314437042558e-08,1.98780956829857e-08,2.40981453922442e-08,3.13368556611996e-08,2.43028794489848e-08,3.2240423323951e-08,1.74734338846199e-08,2.12567400486803e-08,1.11981479105819e-08,2.02595670221175e-08,1.99426546283845e-08,2.06035584376258e-08,1.88512860246019e-08,1.0377066788958e-08,1.04553081735174e-08,1.75955906871292e-08,1.30256501154652e-08,2.11544855969711e-08,1.00663143763824e-08,9.65288128647693e-09,8.70339482985884e-09,1.22294180814238e-08,1.06097448105034e-08,1.32890948040369e-08,8.81629839540789e-09,8.17712139845729e-09,8.59664158392786e-09,9.66462755957470e-09,9.34202564822459e-09,1.11231981435019e-08,7.1286361322755e-09,7.24807954898715e-09,6.69825104959618e-09,7.58029597258503e-09,8.78870437393097e-09,8.97692437850161e-09
1.98126050787251e-08,4.52789815407682e-08,9.24570951918032e-08,3.63003163994496e-08,7.60403862871685e-08,6.2303877564351e-08,5.35966826329278e-08,1.02516114096235e-07,4.30602289417875e-08,8.82593697376209e-08,7.85629662087461e-08,6.95669341760945e-08,8.93563058574276e-08,3.77537006739839e-08,2.0973314496218e-08,6.87370046848976e-08,3.51317350744049e-08,6.2642233437678e-08,3.30755752429768e-08,1.81625892870722e-08,1.87419810930756e-08,3.0006575738727e-08,1.88039076170167e-08,2.76962253222093e-08,1.61571396486672e-08,1.69615027512252e-08,1.02561405731174e-08,1.66941255899381e-08,1.89093257682595e-08,1.73377455817277e-08,1.56466400582455e-08,9.57992621548281e-09,9.16689627414453e-09,1.7428480461971e-08,1.15476824401825e-08,1.87250427997229e-08,8.40323350418442e-09,7.96719305200122e-09,8.23073008067752e-09,1.02783323977555e-08,1.03311677191498e-08,1.23741799726528e-08,6.87299231232452e-09,7.07287335602655e-09,7.68598492795427e-09,8.89663135150048e-09,8.06591366373889e-09,9.44593273445215e-09,1.61476233656193e-08,3.46672300541519e-08,6.80210040204654e-08,2.95097367640223e-08,5.89448339878228e-08,4.66311587767185e-08,4.22416120894405e-08,7.66690332462898e-08,3.31706052295697e-08,6.83453041286758e-08,5.92626349204474e-08,5.24720382377707e-08,6.76661434817908e-08,2.89072381156886e-08,1.6090232633283e-08,5.25266238907287e-08,2.67784305890845e-08,4.71287887276102e-08,2.55800649590968e-08,1.35853884607743e-08,1.34119691958949e-08,2.23000607282643e-08,1.46148721625652e-08,2.13863645745943e-08,1.23284637918523e-08,1.2252101288471e-08,8.0772278136608e-09,1.35086860543827e-08,1.39969331081535e-08,1.34057351572276e-08,1.14045123937149e-08,7.43354763148048e-09,6.98806138084609e-09,1.30464684456503e-08,8.52857995717869e-09,1.35995744280123e-08,6.78352249615001e-09,6.3005988648491e-09,6.28749508434566e-09,7.70477374629383e-09,8.28741079350333e-09,9.67731598820687e-09,5.26133190006328e-09,5.6076033344518e-09,5.12338656321205e-09,7.40479626867518e-09,6.15825784037883e-09,8.18498165937339e-09
1.97878976868636e-08,2.58150588361051e-08,3.92319425438255e-08,2.18474969279365e-08,3.8508144738397e-08,3.33724492737511e-08,3.12380547771393e-08,4.30602289417875e-08,1.01374308118572e-07,4.51362710815792e-08,7.58201735433299e-08,7.33797567118505e-08,3.77570449390394e-08,8.78468192161055e-08,4.02089482357751e-08,6.52621746942352e-08,7.06130426456082e-08,5.32899696425127e-08,7.74176917401456e-08,3.51909375431821e-08,1.76820030764887e-08,6.19515223724545e-08,3.04323431946922e-08,5.39343394971744e-08,3.04358512634791e-08,1.58122282761478e-08,1.54498868151919e-08,2.62949165999342e-08,1.7932720763282e-08,2.68716445222155e-08,1.43893376106674e-08,1.42892534751746e-08,1.02204485619913e-08,1.6303683324291e-08,1.51054826997385e-08,1.66734377724432e-08,1.22623736930973e-08,8.72496715432255e-09,8.00045260632242e-09,1.34400842967465e-08,1.05885957423308e-08,1.49869906343931e-08,7.57136285889324e-09,7.07252676145287e-09,7.74522381118946e-09,9.30976522713957e-09,8.13205148167637e-09,1.02855289699739e-08,1.59420318961688e-08,1.95266551765755e-08,3.01809770635782e-08,1.84632844254421e-08,3.03664307475095e-08,2.58206272336412e-08,2.58530163339334e-08,3.40064254093479e-08,8.16598560008061e-08,3.5211285746654e-08,6.17489703780279e-08,5.76856989946146e-08,2.95772402919385e-08,7.08254765854832e-08,3.28126407448626e-08,5.30865087177333e-08,5.54433791238327e-08,4.24252711218499e-08,6.33704853450102e-08,2.8825235804618e-08,1.20646838479418e-08,4.938452259909e-08,2.51260562468332e-08,4.36234157408869e-08,2.53596396802391e-08,1.11747463673414e-08,1.24531575804745e-08,2.2772979356313e-08,1.3111795071144e-08,2.21384832078237e-08,1.04089501254378e-08,1.13979231497787e-08,7.54607393376274e-09,1.22139983300029e-08,1.03379054552845e-08,1.18658539032141e-08,9.86222208345377e-09,7.05876983038306e-09,7.27198568949763e-09,9.33658529966858e-09,9.21212105998723e-09,1.23740829092993e-08,6.34466324781721e-09,6.41219635175124e-09,5.26154186103697e-09,8.13592560238544e-09,5.96538880919407e-09,7.66457431479203e-09
3.84130149641035e-08,1.19827892207042e-07,7.60639811775493e-08,6.10501241973459e-08,1.70648667387198e-07,9.55192881674032e-08,1.60249864114049e-07,8.82593697376209e-08,4.51362710815792e-08,2.20264475378321e-07,6.8614249810694e-08,1.85052079208673e-07,7.56659920559592e-08,3.93332191194517e-08,2.51307681490868e-08,5.95434750081724e-08,3.89759098171846e-08,5.63298903562419e-08,3.48904880865205e-08,2.20234028107503e-08,2.29984307741186e-08,3.35383756141136e-08,2.38582542555435e-08,3.30812333060459e-08,1.97035459923777e-08,2.10297840207124e-08,1.53425961473789e-08,2.12052796418772e-08,2.59137655275546e-08,2.26089739842501e-08,1.96265704316636e-08,1.43656100654602e-08,1.3430195322921e-08,2.39679893058026e-08,1.65674071205752e-08,2.51216105755556e-08,1.27999194372001e-08,1.18926167843076e-08,1.27919361250674e-08,1.48856364283039e-08,1.45885691371586e-08,1.71968523820834e-08,1.04466950735792e-08,1.12327530917924e-08,1.05810701634487e-08,1.26181968123782e-08,1.28860694002274e-08,1.40640310931503e-08,3.38661138693524e-08,7.68513849310278e-08,5.50479444139765e-08,4.91110843034644e-08,1.10217549715842e-07,7.48081803185274e-08,1.09296186885164e-07,6.30466012291969e-08,3.24735854375934e-08,1.4511459067773e-07,4.73624880862996e-08,1.18777266005788e-07,5.49171792650215e-08,2.78895463507907e-08,1.9893145593612e-08,4.18316249497612e-08,2.97951056479059e-08,4.16402380375907e-08,2.47542103326752e-08,1.67834415401942e-08,1.65649096559644e-08,2.41529392710337e-08,2.00003152934917e-08,2.63516190361415e-08,1.51139026395427e-08,1.5272647225573e-08,1.17190827887007e-08,1.82522423940107e-08,1.96493901186267e-08,1.83408760486199e-08,1.45640618313579e-08,1.07644796660306e-08,1.03164720351807e-08,1.85526306936358e-08,1.19707866370736e-08,1.8861364641192e-08,9.66151487967819e-09,9.70311195734375e-09,1.06701594300107e-08,1.09287144557517e-08,1.15042725008417e-08,1.292671428933e-08,8.65115785655588e-09,9.26860444489519e-09,7.31911779665166e-09,9.70284295326561e-09,1.05507602276513e-08,1.08648344901741e-08
2.06248291248947e-08,4.20665832940209e-08,7.11807466764688e-08,3.35519498080469e-08,5.87604056625543e-08,4.83779631841495e-08,5.04276752174136e-08,7.85629662087461e-08,7.58201735433299e-08,6.8614249810694e-08,1.22326052516676e-07,1.04492898826113e-07,6.87415420770644e-08,6.52611067312022e-08,3.46589495123845e-08,1.05215971870815e-07,5.32767422022666e-08,8.71229500397834e-08,5.74212766032981e-08,3.01848324734568e-08,1.73894280232102e-08,4.66688862927525e-08,2.73383481544489e-08,4.06559906660635e-08,2.6401899552989e-08,1.55112840989924e-08,1.6097316509079e-08,2.39202965103352e-08,1.7225134406461e-08,2.46618291093516e-08,1.41525783458125e-08,1.48518204396313e-08,1.09288715785421e-08,1.57794518980009e-08,1.62952031989515e-08,1.67437612890152e-08,1.28018202108633e-08,9.36315216586959e-09,8.96412298372722e-09,1.45588637145772e-08,1.19257967988699e-08,1.68510909412455e-08,8.02064885920339e-09,7.65829119338842e-09,8.85229734589831e-09,1.01574540790981e-08,8.78646122148056e-09,1.10115569046851e-08,1.67734981591729e-08,3.26571018540111e-08,5.27900780771788e-08,2.789524110728e-08,4.66560306686854e-08,3.72792074187283e-08,4.07532773976171e-08,5.96411319164099e-08,5.96601103939461e-08,5.35997885484765e-08,9.31858012725673e-08,7.76284076932207e-08,5.26549581732658e-08,5.09623862781663e-08,2.63807124875152e-08,8.02341229144405e-08,4.08960555908861e-08,6.57139412135599e-08,4.57251343464404e-08,2.36828569178991e-08,1.273964097763e-08,3.63892930770737e-08,2.19719231102892e-08,3.15692219524779e-08,2.13195626756231e-08,1.16372329158147e-08,1.22789251720429e-08,2.06104895751623e-08,1.31153471576085e-08,2.03073827530332e-08,1.08621443471118e-08,1.13080004918249e-08,8.03572087341369e-09,1.22838762620141e-08,1.01126512356875e-08,1.25554200449194e-08,9.62196783660817e-09,7.10500756169132e-09,6.86252942269721e-09,9.17030514072734e-09,9.28932474107401e-09,1.21899303930417e-08,6.19330211331238e-09,6.20608229629331e-09,5.73107026932399e-09,8.3973973841096e-09,6.14854611453474e-09,8.79487349242864e-09
3.7667345994066e-08,1.11030105943433e-07,6.02050324949635e-08,5.62325051058881e-08,1.4160568074593e-07,7.57867710828497e-08,1.49786571062e-07,6.95669341760945e-08,7.33797567118505e-08,1.85052079208673e-07,1.04492898826113e-07,2.44710321246358e-07,6.0286786233444e-08,6.29583533845286e-08,3.61253601056014e-08,8.96340482982103e-08,5.33066378406037e-08,7.57041938983187e-08,5.61466244775828e-08,3.20788597594805e-08,2.05978673954913e-08,4.7234000280821e-08,3.08265769033107e-08,4.3258537282817e-08,2.79330545238953e-08,1.8697767246777e-08,2.13900826542586e-08,2.71586525042281e-08,2.24667650742577e-08,2.77726209105029e-08,1.7233186376076e-08,2.00259825472524e-08,1.55534913282214e-08,2.06408588973264e-08,2.22960440283429e-08,2.17862645592975e-08,1.75842424815108e-08,1.35740060486549e-08,1.42425657633756e-08,1.9947563001733e-08,1.67103654146918e-08,2.31676995056422e-08,1.18309933121222e-08,1.22902955463283e-08,1.19420479119198e-08,1.4208619756211e-08,1.36067952119736e-08,1.55464985063505e-08,3.29820082264095e-08,7.14186635705014e-08,4.38449585315457e-08,4.43423432605272e-08,9.05373387479003e-08,6.05269958834518e-08,1.03391383563629e-07,5.00120332465099e-08,5.45052911158667e-08,1.20414312408341e-07,7.4353782155799e-08,1.58222827296459e-07,4.36200380583845e-08,4.56874028494413e-08,2.83833767525176e-08,6.36686306919472e-08,4.12132357168767e-08,5.71386828091517e-08,4.11948218346476e-08,2.4899469006857e-08,1.44784132042692e-08,3.59564732945461e-08,2.53571759827595e-08,3.42222649592804e-08,2.21616210249839e-08,1.37242252546591e-08,1.61876895553183e-08,2.35376187369185e-08,1.74227923931953e-08,2.2335678134538e-08,1.2965275127955e-08,1.47676018976352e-08,1.07905589770384e-08,1.62978819859427e-08,1.38019171864182e-08,1.56364792402326e-08,1.29373193619816e-08,1.00447146984421e-08,1.12451800365478e-08,1.27218403514805e-08,1.20975406618491e-08,1.60678437812904e-08,9.01686531328775e-09,9.93321602961266e-09,7.82923480140294e-09,1.04434754263048e-08,1.04694267443214e-08,1.13189195737665e-08
1.77194878132127e-08,4.02723144836419e-08,8.20358162041837e-08,3.23113542733906e-08,6.733680435403e-08,5.51879161517233e-08,4.6892840865353e-08,8.93563058574276e-08,3.77570449390394e-08,7.56659920559592e-08,6.87415420770644e-08,6.0286786233444e-08,9.86797328030982e-08,4.06646626521184e-08,2.27246597088549e-08,7.60894682820794e-08,3.77218579127836e-08,6.91295834660057e-08,3.56075755756924e-08,1.96415588356746e-08,1.9911636932367e-08,3.22079015844765e-08,2.09497413982109e-08,3.02400232164504e-08,1.7481701645149e-08,1.79652885874314e-08,1.13174791018885e-08,1.87263280209574e-08,2.02419963641348e-08,1.86465109510482e-08,1.63678141002684e-08,1.03876021180583e-08,9.92325086283396e-09,1.85404647452834e-08,1.23205762562352e-08,1.96534358805579e-08,9.11129634389764e-09,8.60759466094383e-09,8.75844049833894e-09,1.08781142042832e-08,1.08595106709455e-08,1.2849525305646e-08,7.50848037545771e-09,7.63404265383577e-09,7.85001612701178e-09,9.48640806548133e-09,8.55441852734659e-09,1.00832967822237e-08,1.4721070342377e-08,3.15858601682551e-08,6.08992169970186e-08,2.678857057948e-08,5.29809882537261e-08,4.20799973566974e-08,3.80427442969565e-08,6.76634006397432e-08,2.89081325417611e-08,5.99885319771315e-08,5.2525281825963e-08,4.68894175962482e-08,7.49996074828284e-08,3.15190613129234e-08,1.74400489431745e-08,5.98988826866062e-08,2.92531852555176e-08,5.36064077785078e-08,2.79051735193092e-08,1.48174190050092e-08,1.42936925415673e-08,2.41988908514241e-08,1.62273113960136e-08,2.31976657229683e-08,1.34654585952305e-08,1.2842166749531e-08,8.9102495432891e-09,1.50595991140197e-08,1.4988127129489e-08,1.42954384623203e-08,1.19147072946676e-08,8.13746527627343e-09,7.84523006408644e-09,1.39769477129256e-08,9.28923999190396e-09,1.47179992723014e-08,7.38976534868654e-09,6.99797010108988e-09,6.72403447525196e-09,8.46421757923739e-09,8.53546826547728e-09,1.0168237569767e-08,5.92247929635855e-09,6.08941080401529e-09,5.383400211448e-09,7.72021165384564e-09,7.10754260743695e-09,8.85564333566974e-09
1.77285460699832e-08,2.27938038535546e-08,3.45740043814613e-08,1.95855391130779e-08,3.40979302885125e-08,2.95749552125631e-08,2.72136993369832e-08,3.77537006739839e-08,8.78468192161055e-08,3.93332191194517e-08,6.52611067312022e-08,6.29583533845286e-08,4.06646626521184e-08,9.70453508557234e-08,4.46114135041357e-08,7.28103952096068e-08,7.77795342713881e-08,5.9059356769391e-08,8.54341873888536e-08,3.90271077220055e-08,1.95590090268178e-08,6.80745967665441e-08,3.41897047878947e-08,5.9657241082007e-08,3.40637044165007e-08,1.75457130512696e-08,1.72780720144089e-08,2.98046791730258e-08,1.97667337792497e-08,2.95147796296308e-08,1.58209793812144e-08,1.57523949906494e-08,1.14396653963642e-08,1.78553201888653e-08,1.62574242228685e-08,1.82527987994534e-08,1.36187815440796e-08,9.72211616519587e-09,8.55810497764797e-09,1.43547006115465e-08,1.1352560589235e-08,1.5977140550515e-08,8.56169337442568e-09,7.67840632538097e-09,8.28852385516341e-09,1.01445347569816e-08,8.8081969912654e-09,1.11549407377924e-08,1.47923880184687e-08,1.79432669953673e-08,2.64669059699512e-08,1.7200664696631e-08,2.71835886942808e-08,2.31846377851357e-08,2.27797213724595e-08,2.95728881457937e-08,7.08241302833743e-08,3.05840100102039e-08,5.30825546337861e-08,4.95166845611633e-08,3.17469114722543e-08,7.68259489426618e-08,3.71138161372281e-08,5.79113804689564e-08,6.09528906555207e-08,4.74890871505974e-08,6.86286267056161e-08,3.25260569710553e-08,1.34956610815909e-08,5.38989834220987e-08,2.80558161555349e-08,4.77554524833308e-08,2.8851944023177e-08,1.2386912590291e-08,1.43528060753732e-08,2.54583967363805e-08,1.44413996814476e-08,2.39360382517651e-08,1.15101471950542e-08,1.2701092695735e-08,8.54183373373613e-09,1.33946543051514e-08,1.11803453227727e-08,1.26774967456775e-08,1.09976333844417e-08,7.75982039371285e-09,7.97687785192108e-09,9.84908078948428e-09,9.96661988474817e-09,1.29063447881294e-08,6.96006693260817e-09,7.19510907790489e-09,5.3834686809862e-09,8.95366780234633e-09,6.90135218435453e-09,8.54062108465267e-09
1.42338036502832e-08,2.72186438222524e-08,1.96303981588999e-08,2.63982306568449e-08,2.19460914516071e-08,2.1351944952555e-08,2.96841340923506e-08,2.0973314496218e-08,4.02089482357751e-08,2.51307681490868e-08,3.46589495123845e-08,3.61253601056014e-08,2.27246597088549e-08,4.46114135041357e-08,1.15667266548358e-07,3.89182805961127e-08,8.32985786989069e-08,7.31777371110842e-08,3.90335188775484e-08,9.82734033559299e-08,3.92598156566095e-08,7.1735811200207e-08,7.65908686409031e-08,5.36744678923574e-08,8.6397039588292e-08,3.47965093617718e-08,1.87207539375904e-08,6.69452852884198e-08,3.43769951272942e-08,6.23984686080406e-08,3.11008380444637e-08,1.71802549440383e-08,1.67659340831513e-08,3.08848696641872e-08,1.80708500490083e-08,3.01585827582491e-08,1.5039631130719e-08,1.48243923082228e-08,1.02045756603285e-08,1.59408835564307e-08,1.77358776199289e-08,1.73748050974317e-08,1.35473320919937e-08,9.39205930009558e-09,9.20825063106308e-09,1.62199111864308e-08,1.05907008075862e-08,1.76678274453287e-08,1.21719282586198e-08,2.1684744645134e-08,1.48878115360129e-08,2.14805420559047e-08,1.71653686704377e-08,1.55071932853491e-08,2.33080382197757e-08,1.5408594823245e-08,3.46925255025408e-08,1.90637263618101e-08,2.93118732173587e-08,2.92484499371604e-08,1.5996344637688e-08,3.73184962527079e-08,8.62245450459013e-08,3.15621463381898e-08,6.51021061453573e-08,5.18335772605854e-08,3.25341437456867e-08,7.57828090387591e-08,2.7740873616186e-08,5.56456036912963e-08,6.09408669120852e-08,4.25087279098142e-08,6.78023664333447e-08,2.48757555783378e-08,1.44546566887098e-08,5.42147149673778e-08,2.28943524669456e-08,4.95362165793244e-08,2.30331919773784e-08,1.32246992047542e-08,1.3354804565757e-08,2.14198933980737e-08,1.38896913776949e-08,2.15920244012649e-08,1.21443163542092e-08,1.24072976473516e-08,8.80924846965191e-09,1.25320965914239e-08,1.46414453898491e-08,1.47054696537829e-08,1.20957303529367e-08,8.32733322721797e-09,7.27255198111909e-09,1.34587659952204e-08,8.89395331127602e-09,1.47048208994924e-08
1.82563024371808e-08,3.69843925688396e-08,6.25026276894086e-08,2.98196205696794e-08,5.14212010054478e-08,4.22899512207056e-08,4.42128209270083e-08,6.87370046848976e-08,6.52621746942352e-08,5.95434750081724e-08,1.05215971870815e-07,8.96340482982103e-08,7.60894682820794e-08,7.28103952096068e-08,3.89182805961127e-08,1.18614561832591e-07,5.89984237864887e-08,9.76645117516279e-08,6.38444979334072e-08,3.38747237621857e-08,1.93748735404823e-08,5.13817230929853e-08,3.10248609332408e-08,4.51382261025357e-08,2.97579558907703e-08,1.73660036429455e-08,1.77754208778875e-08,2.73597764159522e-08,1.94546892471396e-08,2.74963773757114e-08,1.57480591932174e-08,1.60989984485125e-08,1.21621690034408e-08,1.7823425788268e-08,1.72503818624769e-08,1.86083485126806e-08,1.39325078516239e-08,1.04177329610833e-08,9.66275693864913e-09,1.53611757244585e-08,1.2705464258395e-08,1.76659952733534e-08,9.07857687004324e-09,8.41129009451524e-09,9.33316422748668e-09,1.10293156438618e-08,9.613059509252e-09,1.19957885854356e-08,1.53714835865697e-08,2.97895021426835e-08,4.71092834722593e-08,2.51887883563341e-08,4.16736391951408e-08,3.28337456391565e-08,3.63833016093536e-08,5.26481774165507e-08,5.09608452858768e-08,4.70943838042057e-08,8.02283295623106e-08,6.67949274830936e-08,5.91982857048484e-08,5.64004289000662e-08,3.03188262422679e-08,9.13338840645527e-08,4.63410776748154e-08,7.59370951108472e-08,5.05755361267617e-08,2.69879950745815e-08,1.46762518257799e-08,4.07324742583856e-08,2.49032360274118e-08,3.5059077973397e-08,2.42968564549137e-08,1.33511001065086e-08,1.42405862231178e-08,2.32853704485043e-08,1.48711927813476e-08,2.2510641483267e-08,1.24173546459744e-08,1.24207710259042e-08,9.28805361788355e-09,1.39223664969691e-08,1.11951408391206e-08,1.38188568130517e-08,1.05636561146765e-08,8.0847366105916e-09,7.5753448604142e-09,1.00398742812383e-08,9.83791337846331e-09,1.29438055080689e-08,7.11985079096436e-09,6.94127904116623e-09,6.05713398310478e-09,9.00527734584402e-09,7.20525739874013e-09,9.64658219650534e-09
2.00097484198347e-08,2.60733250214598e-08,3.33567666388398e-08,2.30576065405038e-08,3.44604288741723e-08,3.02817903341032e-08,2.98619666623049e-08,3.51317350744049e-08,7.06130426456082e-08,3.89759098171846e-08,5.32767422022666e-08,5.33066378406037e-08,3.77218579127836e-08,7.77795342713881e-08,8.32985786989069e-08,5.89984237864887e-08,1.2837441180088e-07,1.00675330383511e-07,6.80796495137077e-08,7.17320524466323e-08,3.403060958538e-08,1.10577133255128e-07,5.28015609033763e-08,8.41533028314935e-08,6.31680028086994e-08,3.00884093052614e-08,1.84553295154309e-08,4.6481318319197e-08,3.04277072933867e-08,4.41472801278813e-08,2.70123316658884e-08,1.68141266015331e-08,1.82857362288569e-08,2.7534908818437e-08,1.71876247324197e-08,2.67519873276209e-08,1.46996558031381e-08,1.61547979565728e-08,1.12819503890701e-08,1.51805639376204e-08,1.95993168438915e-08,1.70237239216506e-08,1.46378560208577e-08,1.03055566932672e-08,1.00300556913798e-08,1.78367649601823e-08,1.13545525772124e-08,1.92529377434756e-08,1.60093263184923e-08,2.20884062414358e-08,2.80429433799461e-08,2.0716472400284e-08,2.81349767909951e-08,2.44493439249582e-08,2.53121690047193e-08,2.94918400251318e-08,5.83584994507495e-08,3.14584436134351e-08,4.45620118497755e-08,4.36798191414841e-08,3.04847824174247e-08,6.21273609611687e-08,6.6701206002507e-08,4.7990248439607e-08,9.90481900327537e-08,7.62385055476318e-08,5.49663272007051e-08,5.77244540673142e-08,2.41600853304762e-08,8.35627700953399e-08,4.35360616019882e-08,6.57852165243115e-08,5.17874256329626e-08,2.21086727470882e-08,1.52499165674418e-08,3.91031548976373e-08,2.14113351014222e-08,3.52453063278415e-08,2.02989337431764e-08,1.40386807110483e-08,1.40744348748237e-08,2.00749442345106e-08,1.2657534593649e-08,1.93359834851821e-08,1.2556607748483e-08,1.2504159885212e-08,9.67790657630662e-09,1.14512104789143e-08,1.50658532179284e-08,1.4253383097598e-08,1.1887832084854e-08,9.04755027724399e-09,7.46528046785528e-09,1.39961279806056e-08,9.64018319880039e-09,1.56826520845031e-08
1.95246616064137e-08,3.70242638274825e-08,5.74478502574075e-08,3.04102605845522e-08,4.87678381539042e-08,4.11395662817958e-08,4.40854487536663e-08,6.2642233437678e-08,5.32899696425127e-08,5.63298903562419e-08,8.71229500397834e-08,7.57041938983187e-08,6.91295834660057e-08,5.9059356769391e-08,7.31777371110842e-08,9.76645117516279e-08,1.00675330383511e-07,1.50093970285585e-07,5.14444973895515e-08,6.28327359203832e-08,3.15629254818265e-08,8.61689860561323e-08,4.6085526246761e-08,6.48633511588857e-08,5.54498442694235e-08,2.78155967144962e-08,1.75901180538053e-08,4.0858399658082e-08,2.86222631338356e-08,3.92194033632308e-08,2.50207621698041e-08,1.62389050491211e-08,1.94606000805707e-08,2.61656601231432e-08,1.7413985129677e-08,2.59256952437206e-08,1.43501447899521e-08,1.73074374009333e-08,1.25020234437935e-08,1.53847204682207e-08,2.13707401229996e-08,1.79862306078321e-08,1.55574681691135e-08,1.09345794666439e-08,1.06552119673955e-08,1.89196104619563e-08,1.16553570221587e-08,2.00765393085191e-08,1.57855428336466e-08,3.17212635440472e-08,4.49432820684834e-08,2.68228905875341e-08,3.98259282960838e-08,3.22977895232262e-08,3.71472880077085e-08,4.91391399634899e-08,4.25286054227764e-08,4.54306856890846e-08,6.80170354554103e-08,5.89520493391764e-08,5.42987298294701e-08,4.65156337274638e-08,5.49123000880781e-08,7.64676879003143e-08,7.64844545890798e-08,1.12639312959872e-07,4.09681035054593e-08,4.79199989258435e-08,2.32933604378272e-08,6.39048608812033e-08,3.74915056918476e-08,5.0339164760452e-08,4.32541414511076e-08,2.10364631156368e-08,1.39599993320917e-08,3.41651028829266e-08,2.08158875463715e-08,3.11523220830509e-08,1.93475032743536e-08,1.28405301867124e-08,1.48404984064818e-08,1.93783778804849e-08,1.21177760996012e-08,1.87747634999118e-08,1.16431462637612e-08,1.36256944360569e-08,9.7953985157272e-09,1.09724658841921e-08,1.56077559605386e-08,1.39701408118954e-08,1.2571991757439e-08,8.88599295951812e-09,6.90543490811457e-09,1.43355728836338e-08,9.32259657382604e-09,1.61435018096084e-08
1.57476593151012e-08,1.97555427729981e-08,3.02780367763754e-08,1.67395954302091e-08,3.00641426534385e-08,2.57280652156462e-08,2.37856863284779e-08,3.30755752429768e-08,7.74176917401456e-08,3.48904880865205e-08,5.74212766032981e-08,5.61466244775828e-08,3.56075755756924e-08,8.54341873888536e-08,3.90335188775484e-08,6.38444979334072e-08,6.80796495137077e-08,5.14444973895515e-08,9.71674059378166e-08,4.3731809076699e-08,2.1486059769775e-08,7.86392231139843e-08,3.84700845677023e-08,6.90910263171541e-08,3.78835690604408e-08,1.91724853714132e-08,1.89218374861107e-08,3.32896648876141e-08,2.14806153354446e-08,3.26657998923156e-08,1.73264743091663e-08,1.73243984738627e-08,1.29324235106244e-08,1.9493799730553e-08,1.81724627678101e-08,1.9778306521939e-08,1.49845754667393e-08,1.09444562666923e-08,9.64665996790135e-09,1.58737351106387e-08,1.26985764143737e-08,1.76726838660297e-08,9.70998022595727e-09,8.57748526740838e-09,8.80397336914163e-09,1.13992586715653e-08,9.67627614017845e-09,1.23890068275544e-08,1.34071125533457e-08,1.57404813029708e-08,2.3321758356399e-08,1.48897950200755e-08,2.42801511874956e-08,2.03951579908105e-08,1.98379710456291e-08,2.60303981000964e-08,6.33597817595235e-08,2.74293584198359e-08,4.70791411016738e-08,4.40298745349734e-08,2.78748473793642e-08,6.86244070431296e-08,3.25252076136246e-08,5.10841207853796e-08,5.38982947287272e-08,4.14138125061304e-08,8.04225373703475e-08,3.49588851950975e-08,1.45684517608079e-08,6.27426004230682e-08,3.07995250130558e-08,5.73533054114632e-08,3.05631533290205e-08,1.35459146651066e-08,1.63353258197167e-08,2.74283359226968e-08,1.63363652491826e-08,2.66920560927891e-08,1.25351736300204e-08,1.45590409378563e-08,9.79331883754915e-09,1.51660984829039e-08,1.31716238459798e-08,1.39363512920982e-08,1.2563264310672e-08,8.90206329097262e-09,9.17362587764865e-09,1.15269411891289e-08,1.15588477161472e-08,1.48931981269413e-08,7.80367964162311e-09,8.18336488942853e-09,5.94370318926334e-09,1.01235036452513e-08,7.97368463447906e-09,9.9887707792662e-09
