9.20523413481982e-08,4.71327755041446e-08,2.16986777781262e-08,7.09492679192608e-08,4.49591013303752e-08,6.52814246955796e-08,4.12335294929048e-08,1.8928476369358e-08,1.96425989218659e-08,3.88639694484034e-08,2.00790394327272e-08,3.79488082281129e-08,1.61194048673937e-08,1.72978451952135e-08,1.2268013768877e-08,1.71200942403969e-08,1.86855002399043e-08,1.64173799581965e-08,1.5407255200354e-08,1.09077162064615e-08,9.23608006878870e-09,1.66185130788947e-08,1.20746352453814e-08,1.76146853679562e-08,1.02010117340543e-08,8.52362176448552e-09,7.90949990296604e-09,1.12555288776351e-08,9.37457852153099e-09,1.20418781749564e-08,8.08905034025611e-09,7.53765074092613e-09,6.3540673095824e-09,8.98879208506867e-09,8.22775118988629e-09,9.82838664044728e-09,6.54772812631806e-09,5.3311403966316e-09,5.53046530439489e-09,7.11039745094823e-09,6.46546993900265e-09,7.8892858058065e-09,5.02450941691097e-09,5.08014781129009e-09,4.64008328614242e-09,5.91310045092704e-09,6.30571990881097e-09,6.70286249961495e-09,7.60336074638548e-08,3.62512589252581e-08,1.88785879067226e-08,6.13149545347687e-08,3.31277691237338e-08,5.44932533397799e-08,3.21666487710316e-08,1.65623535010992e-08,1.50690487297335e-08,2.91863605619328e-08,1.57964844927844e-08,2.73618693849389e-08,1.47973593221631e-08,1.31656923341311e-08,1.09757900603312e-08,1.37987480393969e-08,1.37852537540077e-08,1.385930547581e-08,1.19011221968817e-08,9.62491585290446e-09,7.22782072730743e-09,1.25688299586541e-08,1.12796735424953e-08,1.39498601724135e-08,8.94066981873435e-09,6.41316732998454e-09,6.76542388229689e-09,1.05907440471804e-08,7.9442124778504e-09,1.13016557150948e-08,5.98329607797187e-09,6.3079516578675e-09,5.91912982594717e-09,7.48465766654734e-09,6.98926854668398e-09,8.40597025957277e-09,5.82124469991642e-09,5.06425232561469e-09,5.08796611708029e-09,6.27785467751915e-09,6.17578916048979e-09,7.09391855002935e-09,4.86251969784655e-09,4.55972333508158e-09,3.65931296354881e-09,5.47394166864572e-09,5.63469478943733e-09,5.86280999094925e-09
4.71327755041446e-08,1.65564322560331e-07,4.79511623615414e-08,8.45344683315976e-08,1.36997785462384e-07,6.55099418993959e-08,1.43282263371799e-07,4.10654871532434e-08,2.16097060716631e-08,1.17858019903343e-07,3.75647708013861e-08,1.09307622159329e-07,3.54359279094934e-08,1.87293270235612e-08,2.47539208110452e-08,3.17647163014652e-08,2.01826147138511e-08,3.05822400955256e-08,1.66410214402034e-08,2.20158327088104e-08,1.64306913904226e-08,1.77530039878249e-08,2.61083691462995e-08,1.90537147122053e-08,2.02662206733308e-08,1.53730738473834e-08,1.19793428165948e-08,2.39875495450315e-08,1.66164618335521e-08,2.43294327245294e-08,1.46168658068014e-08,1.13208857916928e-08,9.49655215281418e-09,1.57402841308585e-08,1.20476831864655e-08,1.6589772685465e-08,9.86549413552317e-09,7.87846025256049e-09,7.45227254588477e-09,1.01567377762874e-08,9.63689018732584e-09,1.13765708519871e-08,7.40979961894553e-09,6.86830498799127e-09,5.55100624637109e-09,9.10206159233752e-09,7.49938163481335e-09,9.41703931230886e-09,4.12358133949362e-08,1.10215525166522e-07,4.06646394412522e-08,7.31556423670212e-08,8.81543852023088e-08,5.59442380494425e-08,9.60324864838348e-08,3.50077594659289e-08,1.80776809584945e-08,7.73898079316431e-08,2.96688900921326e-08,6.64463608622048e-08,3.17463125449349e-08,1.59820134484629e-08,2.0559442200118e-08,2.59211483797931e-08,1.6297868846419e-08,2.46313654870003e-08,1.41816476230619e-08,1.81287756492509e-08,1.45009578104347e-08,1.44168311842343e-08,2.22287838103027e-08,1.69814393908987e-08,1.70508332128848e-08,1.3465988563018e-08,9.05708574152568e-09,2.07153907884127e-08,1.33878440290319e-08,2.01889561625541e-08,1.25584940089838e-08,8.29277582490988e-09,8.17417183576696e-09,1.25184461544575e-08,9.60888135078017e-09,1.30335214021002e-08,7.1171984481625e-09,6.96932557598385e-09,6.57330182797591e-09,8.25662768893665e-09,8.10434751540096e-09,9.28638346217343e-09,6.82440958525002e-09,5.92965861922111e-09,5.37617456668246e-09,7.94062781762741e-09,6.56995379481075e-09,8.39944227369934e-09
2.16986777781262e-08,4.79511623615414e-08,1.06596532186392e-07,3.71105433521011e-08,8.72640064412943e-08,7.18823433080328e-08,4.10883258305231e-08,8.9735119547783e-08,3.85087381367903e-08,7.38357048111759e-08,6.88277663168437e-08,5.85709321979373e-08,7.76294969537266e-08,3.35185388292481e-08,2.0693769942142e-08,5.94778852936178e-08,3.19691907757544e-08,5.35585211297661e-08,2.98863527846967e-08,1.81884061473907e-08,1.96258017891533e-08,2.8201235029385e-08,1.91111561115448e-08,2.63621370379541e-08,1.65962181700267e-08,1.79688211793167e-08,1.16088365597586e-08,1.73878081591586e-08,1.94019514095629e-08,1.71588438538423e-08,1.68621703230325e-08,1.09646221757169e-08,8.12605461069148e-09,1.80769638804565e-08,1.15982454020012e-08,1.83501857906898e-08,9.77599641941156e-09,7.02600238502711e-09,6.76368177327957e-09,1.03850087605575e-08,8.90966658874061e-09,1.15652544526905e-08,6.71906903299295e-09,5.90735492280091e-09,5.71258090235866e-09,8.62870328662921e-09,6.69791588398029e-09,9.39195919620511e-09,1.69695939432907e-08,3.46204516814156e-08,8.66763716638478e-08,2.85202206750364e-08,6.30733329593275e-08,5.50328803133514e-08,2.99770711018303e-08,7.28930761961555e-08,3.21605071558749e-08,5.36818912223394e-08,5.71817614444495e-08,4.25517377152872e-08,6.55143566202799e-08,2.84709857535194e-08,1.78542800298005e-08,5.06244634912478e-08,2.65404467055551e-08,4.45352154244781e-08,2.52232866503859e-08,1.55069777835283e-08,1.71752799995186e-08,2.37635993394917e-08,1.82331901507791e-08,2.36874310953626e-08,1.42148215542759e-08,1.57253528867653e-08,9.54896989215511e-09,1.65957713774094e-08,1.60388842800606e-08,1.49499698266295e-08,1.4680722725409e-08,8.82645310040784e-09,6.76735315669622e-09,1.46733578866488e-08,9.76204887725144e-09,1.45600947585628e-08,7.76496935179079e-09,5.78657434304201e-09,6.0853801502447e-09,8.42553432738642e-09,7.41804286499027e-09,9.78759552379821e-09,5.55843010822544e-09,5.23210836434653e-09,4.816535584518e-09,6.88820977886315e-09,6.06755843118819e-09,7.58025884453959e-09
7.09492679192608e-08,8.45344683315976e-08,3.71105433521011e-08,1.20102868449767e-07,6.49198678598306e-08,9.16297758263207e-08,7.31023173159273e-08,3.17167499000805e-08,2.01464880787651e-08,5.570014937746e-08,3.04266179178374e-08,5.27674900951777e-08,2.76115275504759e-08,1.75037329626036e-08,2.37450023590708e-08,2.61281969384935e-08,1.8041969680441e-08,2.40595660914878e-08,1.56496573557902e-08,2.12212184401638e-08,1.31358892417193e-08,1.61584836772265e-08,2.35893594044009e-08,1.64519842129025e-08,1.96574411397293e-08,1.2234808195303e-08,1.03385850425665e-08,2.18077128912736e-08,1.37615458610364e-08,2.24948029228206e-08,1.16257709045826e-08,9.79867070402566e-09,7.57023330856741e-09,1.30088177315232e-08,1.00013714266829e-08,1.36224477271498e-08,8.666340557357e-09,6.4370922973384e-09,6.65022309235014e-09,8.56089039400173e-09,8.25513510223403e-09,1.01520310512814e-08,6.25797549811165e-09,6.25012154554031e-09,5.4930248107328e-09,7.78200258294761e-09,7.24155900156278e-09,8.1738763006435e-09,5.86879189861987e-08,6.537057867287e-08,3.24937474014174e-08,1.00088796746602e-07,4.92407127310253e-08,7.60812722009279e-08,5.70807575981236e-08,2.74358590812811e-08,1.57570529946179e-08,4.26523192139969e-08,2.39850496446317e-08,3.73705517295164e-08,2.43451699129325e-08,1.37824523128328e-08,1.9427178097208e-08,2.09836353008474e-08,1.33128242765376e-08,1.9305316566108e-08,1.23568664406669e-08,1.70944133441636e-08,1.15857384890184e-08,1.19469748860544e-08,2.08116373025476e-08,1.41993697245748e-08,1.61622615987155e-08,1.06085604153301e-08,8.22507549180295e-09,1.96330966585894e-08,1.06866579032784e-08,1.93230288137436e-08,9.81261959661071e-09,7.69168110141238e-09,6.62168257502093e-09,1.00847863655274e-08,8.41490649824735e-09,1.10358920591393e-08,6.84378046460661e-09,5.92653709041737e-09,6.28990711238031e-09,7.30946612974772e-09,7.61285418467504e-09,8.90198585543772e-09,5.73562037389976e-09,5.52673793489543e-09,4.96515319915751e-09,6.80272258953671e-09,6.69450741312376e-09,7.30286057751874e-09
4.49591013303752e-08,1.36997785462384e-07,8.72640064412943e-08,6.49198678598306e-08,2.07487603840584e-07,1.08609833527841e-07,1.17869664987607e-07,7.3813216533102e-08,3.54487601934189e-08,1.76621156043822e-07,5.6866623427735e-08,1.4697844433745e-07,6.355648733227e-08,3.06717340347976e-08,2.30947524754182e-08,4.83482238326126e-08,3.09479174243603e-08,4.51464303749706e-08,2.75401140955466e-08,2.07057664325428e-08,2.36442001382068e-08,2.75067581874766e-08,2.21850319972781e-08,2.67851077705115e-08,1.91574434593591e-08,2.20801770646195e-08,1.53412716043133e-08,2.05944730230374e-08,2.42926264667994e-08,2.11296499972094e-08,2.08074137570994e-08,1.45662266283169e-08,1.23686266022667e-08,2.27869036697953e-08,1.55303819618345e-08,2.32464490843247e-08,1.2837926858823e-08,1.03549682988335e-08,9.17633176792458e-09,1.35915634389082e-08,1.24381935867888e-08,1.47821952561873e-08,9.890041788994e-09,8.05270210373597e-09,6.81684713869928e-09,1.17199768899673e-08,8.88443360403782e-09,1.23945941755161e-08,3.99475081000423e-08,8.55554966201722e-08,7.10866650570187e-08,5.56414193503299e-08,1.3273222258122e-07,8.84666168394962e-08,7.47723754752752e-08,6.06046329204758e-08,2.8100774549622e-08,1.14869168272569e-07,4.61683888378897e-08,9.22777795290007e-08,5.56303084731406e-08,2.4606035953734e-08,1.98868463291324e-08,4.00443984978909e-08,2.50956581691212e-08,3.77705550953049e-08,2.19844533605085e-08,1.78379431006069e-08,2.04004909900955e-08,2.25145968525497e-08,2.11396073602297e-08,2.45469779505815e-08,1.66641432480199e-08,1.89477906498023e-08,1.14335934449558e-08,1.96065219620376e-08,1.96676343199165e-08,1.73802272642165e-08,1.75061917722923e-08,1.0484608562431e-08,1.07129249105091e-08,1.81890894802858e-08,1.19710809405469e-08,1.82813692110269e-08,9.04798653326913e-09,8.87819441303391e-09,7.91701483573996e-09,1.02514817900476e-08,9.92216538276628e-09,1.06554639638193e-08,8.97277099241148e-09,6.73881310561907e-09,5.95226296951803e-09,9.59375186561266e-09,7.81667141176239e-09,1.0211093900197e-08
6.52814246955796e-08,6.55099418993959e-08,7.18823433080328e-08,9.16297758263207e-08,1.08609833527841e-07,1.4432988363822e-07,5.6046310870756e-08,6.06527263764362e-08,3.16581837114111e-08,9.20109495738708e-08,4.62655622507598e-08,7.35710992513706e-08,5.2338069608596e-08,2.79054641747821e-08,1.97234615492608e-08,3.98627957578173e-08,2.70787611962892e-08,3.62786173928868e-08,2.52331928399697e-08,1.78123808336835e-08,1.97782839562039e-08,2.4433224716545e-08,1.87869103950276e-08,2.34426947936168e-08,1.65164336030761e-08,1.83717666896856e-08,1.22079079345397e-08,1.72887297855708e-08,2.00519839387394e-08,1.83794141915397e-08,1.72318141283356e-08,1.16964774517964e-08,9.56006985247123e-09,1.87875067663394e-08,1.22660959974002e-08,1.97958873899213e-08,1.03407142841446e-08,8.28824083963027e-09,7.67435205600686e-09,1.07832604850021e-08,9.97936684207614e-09,1.20322574603087e-08,7.97061736893242e-09,7.13299897709159e-09,6.43147458235181e-09,9.49966706092981e-09,8.38542092557215e-09,1.01383159858273e-08,5.40461614267687e-08,4.83147536055254e-08,5.89922822286818e-08,7.53487365300323e-08,8.0151567290038e-08,1.1681202126158e-07,4.21565843361241e-08,5.0234334214377e-08,2.58271049695667e-08,6.87956608273138e-08,3.81809540391634e-08,5.36588676758016e-08,4.50483838285399e-08,2.30371629702357e-08,1.68445686297194e-08,3.35044185365243e-08,2.14157255668948e-08,3.10040652187461e-08,2.07662569070602e-08,1.49746122540672e-08,1.65040255956355e-08,1.95720562766083e-08,1.8551959686416e-08,2.161056085128e-08,1.39287605741656e-08,1.51016968247023e-08,9.98310362544521e-09,1.69759243182955e-08,1.60185441426633e-08,1.59708646433016e-08,1.37521656701879e-08,9.31531849614439e-09,8.3460042129165e-09,1.4759719495858e-08,1.04065510781571e-08,1.61477400879434e-08,8.30050352408123e-09,7.36451317584603e-09,6.7699108365039e-09,8.9320374557205e-09,8.86354366646285e-09,9.69509564806249e-09,7.16292060474805e-09,5.97259207931762e-09,5.17763815087959e-09,7.96352389311074e-09,7.33219049293714e-09,8.11389465093168e-09
4.12335294929048e-08,1.43282263371799e-07,4.10883258305231e-08,7.31023173159273e-08,1.17869664987607e-07,5.6046310870756e-08,1.78644656124451e-07,4.80630925364721e-08,2.58379010516536e-08,1.50596236576018e-07,4.44949519544322e-08,1.40803857823645e-07,4.1929125467702e-08,2.21555315649976e-08,2.81997618395058e-08,3.80647231671346e-08,2.38999730579297e-08,3.69093898299535e-08,1.93452652920389e-08,2.51839985007172e-08,1.79647960075317e-08,2.08748772795729e-08,2.84420611023981e-08,2.20192429512103e-08,2.30649369781639e-08,1.6748203586366e-08,1.39893977769037e-08,2.58681146269561e-08,1.91691049475456e-08,2.73859107507753e-08,1.58649986620388e-08,1.30657192157153e-08,1.07534006856595e-08,1.80035733292876e-08,1.34579647467364e-08,1.86691562181752e-08,1.15136270174057e-08,8.7709595016056e-09,8.68111902377627e-09,1.13536094104349e-08,1.11451699872121e-08,1.33855442613261e-08,7.7490307960928e-09,7.91688909296006e-09,6.80557006018037e-09,9.88083585231793e-09,9.07262705382283e-09,1.05664934463233e-08,3.64439864034481e-08,9.60249297061814e-08,3.50198234527204e-08,6.33351778371227e-08,7.73864611260184e-08,4.81236522713317e-08,1.20134913580082e-07,4.02905948672952e-08,2.07897922137542e-08,1.01111088683966e-07,3.67004796812716e-08,9.13982564392116e-08,3.69744306655984e-08,1.79537031288331e-08,2.22108707687681e-08,3.2509812580119e-08,1.83962854383791e-08,3.10344451783828e-08,1.54694553207837e-08,1.98983710435096e-08,1.60449847251342e-08,1.61798308218033e-08,2.38342367806799e-08,1.883978725577e-08,1.85504742931507e-08,1.47607005024042e-08,1.03529173051052e-08,2.19812475522902e-08,1.52799125624407e-08,2.18711433610219e-08,1.37046590275406e-08,9.57162769382737e-09,9.49902750942943e-09,1.42779282126506e-08,1.08015209812503e-08,1.5293929805277e-08,8.19427772241946e-09,7.8801750757118e-09,7.36858563400235e-09,9.20083725506366e-09,9.16580479051632e-09,1.06643697907583e-08,7.12725203784602e-09,6.48494753376698e-09,5.92369789271818e-09,8.17261472948022e-09,7.52407588789453e-09,8.92678031859387e-09
1.8928476369358e-08,4.10654871532434e-08,8.9735119547783e-08,3.17167499000805e-08,7.3813216533102e-08,6.06527263764362e-08,4.80630925364721e-08,9.92354809553512e-08,4.20063731561246e-08,8.6092881317488e-08,7.54542904433591e-08,6.78032757570683e-08,8.6359308904017e-08,3.63853075208718e-08,2.2172421252279e-08,6.5414123429584e-08,3.3889266953827e-08,5.89238333615109e-08,3.24059709819869e-08,1.94887908998657e-08,2.11155839946472e-08,2.990886759989e-08,2.01935527414456e-08,2.81675060069142e-08,1.77830769541e-08,1.93497195903358e-08,1.23939344604903e-08,1.84032071564117e-08,2.1304225185527e-08,1.81573355799636e-08,1.81555925381405e-08,1.15893411420863e-08,9.21960469804793e-09,1.98163893304694e-08,1.22283160623248e-08,2.03327410239404e-08,1.02788665019119e-08,7.71783866711301e-09,7.28025482871114e-09,1.08252785441877e-08,9.64416863442963e-09,1.24183358084764e-08,6.92996762870551e-09,6.12970316923192e-09,6.82134767708708e-09,8.41743807836026e-09,7.78185915407069e-09,9.93157540602376e-09,1.47650316362188e-08,2.99573234063011e-08,7.28908572287065e-08,2.47686637914911e-08,5.36599380389808e-08,4.65949458052238e-08,3.46109942227473e-08,8.11726624457072e-08,3.33995480400438e-08,6.2494723848667e-08,6.29061670487445e-08,4.94222905301627e-08,7.31157062074838e-08,2.95136455585185e-08,1.79473554270469e-08,5.56322335572166e-08,2.61310233416024e-08,4.83519298512725e-08,2.60845336586292e-08,1.57599336227389e-08,1.8147081360635e-08,2.33380321151939e-08,1.86799181420442e-08,2.39038960872011e-08,1.45397140135038e-08,1.65087643800292e-08,1.01777080908841e-08,1.70035203913392e-08,1.73484179534055e-08,1.54898621427468e-08,1.54006990229538e-08,9.41803874760763e-09,7.37378069822293e-09,1.60614579989502e-08,1.02846787787854e-08,1.66118189852063e-08,8.25566101417492e-09,6.1957595000298e-09,6.11446934572331e-09,8.87323323240592e-09,7.30546824498361e-09,9.82057157743374e-09,5.52270697560268e-09,4.90336535301017e-09,4.94665220743697e-09,6.10871449987472e-09,6.24554906634271e-09,7.22639017189437e-09
1.96425989218659e-08,2.16097060716631e-08,3.85087381367903e-08,2.01464880787651e-08,3.54487601934189e-08,3.16581837114111e-08,2.58379010516536e-08,4.20063731561246e-08,1.10637464647903e-07,4.19883933434261e-08,8.23626643223454e-08,7.90264482795128e-08,3.63906075203792e-08,9.30817128374046e-08,4.49293912413224e-08,6.93309182152264e-08,7.46033303776976e-08,5.62850086755688e-08,8.26541596162238e-08,3.89053059167031e-08,1.97238878910035e-08,6.56170169935401e-08,3.52018753738425e-08,5.83642016749096e-08,3.53701075440356e-08,1.79896440711894e-08,1.65096633100707e-08,3.17945390722019e-08,1.74385169498531e-08,2.92485913358607e-08,1.64455608910599e-08,1.52002746901407e-08,1.05094470628622e-08,1.59569939200375e-08,1.60080103539609e-08,1.75979940003093e-08,1.36147105833293e-08,8.96756448627032e-09,8.02772519154125e-09,1.42266887822281e-08,1.04505371448371e-08,1.52709002554757e-08,7.89639291830482e-09,6.47758294519951e-09,6.95463789034457e-09,8.86923317659002e-09,7.86566220642511e-09,9.86480451275536e-09,1.50742619528714e-08,1.7286644929172e-08,3.10221116917594e-08,1.58291286456328e-08,2.76248598101159e-08,2.51363970777732e-08,2.022344690775e-08,3.37641390077791e-08,8.86220767614757e-08,3.22862396008807e-08,6.66109223641461e-08,6.254895553968e-08,2.99885873992177e-08,7.49130796039644e-08,3.68420454525108e-08,5.56423087093376e-08,6.0189408411862e-08,4.59049305019656e-08,6.62025827356469e-08,3.18083438399536e-08,1.64182119429996e-08,5.3373125080009e-08,3.07626018606063e-08,4.9665713557193e-08,2.96011678374157e-08,1.48429555032715e-08,1.28009516084478e-08,2.76104562135737e-08,1.49594591707165e-08,2.43623882081566e-08,1.37509914889623e-08,1.1592172310775e-08,8.35254060360014e-09,1.36165485592112e-08,1.21137683965357e-08,1.38140017914136e-08,1.06476251709065e-08,7.15917343636283e-09,6.98466451641841e-09,1.08602850436556e-08,8.52938155055457e-09,1.21978821552771e-08,5.94348807679096e-09,5.55486094353095e-09,5.32925315565101e-09,6.70183348662125e-09,6.96405174519213e-09,7.57926890502254e-09
3.88639694484034e-08,1.17858019903343e-07,7.38357048111759e-08,5.570014937746e-08,1.76621156043822e-07,9.20109495738708e-08,1.50596236576018e-07,8.6092881317488e-08,4.19883933434261e-08,2.21740345890366e-07,6.66658938364713e-08,1.86382098681712e-07,7.4912911364316e-08,3.59316112790933e-08,2.67068557741069e-08,5.69837052601866e-08,3.53282278289499e-08,5.33613422794861e-08,3.19274287899919e-08,2.39136744770948e-08,2.66172514871903e-08,3.12312903543841e-08,2.47001913000771e-08,3.0679040201297e-08,2.19860996629836e-08,2.46952130239264e-08,1.7472345241147e-08,2.26699401610108e-08,2.85228422692903e-08,2.39964364421738e-08,2.3238052704533e-08,1.64440944825384e-08,1.40193294758346e-08,2.66755242464865e-08,1.67502447489768e-08,2.69197017146296e-08,1.45772499316124e-08,1.16485561885756e-08,1.01288630396685e-08,1.46938923486007e-08,1.37014481189654e-08,1.6303448092669e-08,1.04522036632757e-08,8.75461859983695e-09,8.58984029208575e-09,1.2129266078713e-08,1.08497388240566e-08,1.36272241752665e-08,3.47466859170007e-08,7.47548655954009e-08,6.06153804004513e-08,4.83704174961974e-08,1.14854679230076e-07,7.54964937154394e-08,9.72292918706771e-08,7.01657762744632e-08,3.15889079381376e-08,1.46478291282296e-07,5.49638596584948e-08,1.21611160656913e-07,6.46464285744507e-08,2.72117167937179e-08,2.15486251822544e-08,4.79464207602528e-08,2.63488448701563e-08,4.4926018785748e-08,2.39233345625554e-08,1.95376809231773e-08,2.2987861923548e-08,2.35333568379396e-08,2.28077648856383e-08,2.62566867683991e-08,1.80260010380033e-08,2.1016255348226e-08,1.31214800100413e-08,2.10067219329029e-08,2.30231433989913e-08,1.87425573964912e-08,1.94262873574647e-08,1.20559255266958e-08,1.24443951419548e-08,2.13148521207578e-08,1.35842002416866e-08,2.26762689257541e-08,1.03960153424819e-08,1.02488095772247e-08,8.19769456031902e-09,1.16737912767807e-08,1.017370516565e-08,1.16171067274732e-08,9.53648574442798e-09,6.82423156274693e-09,6.4543122467362e-09,9.15606844860871e-09,8.52798182171178e-09,9.98214495522416e-09
2.00790394327272e-08,3.75647708013861e-08,6.88277663168437e-08,3.04266179178374e-08,5.6866623427735e-08,4.62655622507598e-08,4.44949519544322e-08,7.54542904433591e-08,8.23626643223454e-08,6.66658938364713e-08,1.26888715327066e-07,1.09963139887669e-07,6.54179986941165e-08,6.9327564590453e-08,3.93813490227747e-08,1.08318336872842e-07,5.66906374620061e-08,8.8518195001617e-08,6.1392271549332e-08,3.4196862333505e-08,2.0890963092371e-08,4.95088644955613e-08,3.18824218246146e-08,4.40533109690161e-08,3.11016561914254e-08,1.906084078717e-08,1.87772043844515e-08,2.88143523652801e-08,1.88621239402955e-08,2.6678661905816e-08,1.75270524408012e-08,1.74807731155971e-08,1.12951547045355e-08,1.72572250338356e-08,1.76618684740276e-08,1.80203525941076e-08,1.569129423311e-08,9.38703272672721e-09,9.09251885740728e-09,1.5511290090794e-08,1.23621813131719e-08,1.81877824257671e-08,8.36294944412029e-09,7.71946305199775e-09,7.82528445521134e-09,1.05904298589489e-08,9.30387426797737e-09,1.18348230028339e-08,1.64231486860869e-08,2.74952652761937e-08,5.50050376584244e-08,2.44455872972728e-08,4.1575774017546e-08,3.66402187670929e-08,3.20050859576383e-08,6.04855456158096e-08,6.62773646762645e-08,4.81480831691019e-08,1.00396076438116e-07,8.08661649865019e-08,5.43211437246271e-08,5.63220215350319e-08,3.34116723898424e-08,8.63667368947319e-08,4.70502879375071e-08,7.14785242882e-08,4.9387127844485e-08,2.90858313109352e-08,1.70146396753453e-08,4.14597439915883e-08,2.92935240809372e-08,3.87086252191614e-08,2.66646389626502e-08,1.53815451813934e-08,1.44324778648556e-08,2.64630236516326e-08,1.53011324453831e-08,2.29149339454126e-08,1.43679730043597e-08,1.30556824111606e-08,9.12465945373485e-09,1.38781603246846e-08,1.32855591391848e-08,1.35482637021802e-08,1.17057290734126e-08,7.63744791224917e-09,8.26006814021912e-09,1.15833913854659e-08,1.02358435803667e-08,1.38652760183848e-08,6.61476186987038e-09,6.69780392408123e-09,5.88354318962995e-09,8.19539290141077e-09,7.86429156488469e-09,8.97360060082025e-09
3.79488082281129e-08,1.09307622159329e-07,5.85709321979373e-08,5.27674900951777e-08,1.4697844433745e-07,7.35710992513706e-08,1.40803857823645e-07,6.78032757570683e-08,7.90264482795128e-08,1.86382098681712e-07,1.09963139887669e-07,2.56739065386631e-07,5.85706158459755e-08,6.54977461846172e-08,3.98306142412845e-08,9.24911660845868e-08,5.38745761374598e-08,7.68273932655771e-08,5.78615781122424e-08,3.4882046410374e-08,2.41374530045671e-08,4.68649782997324e-08,3.32069054652725e-08,4.31096644837162e-08,3.18680919241165e-08,2.21936496551116e-08,2.45740110474386e-08,3.00121949859418e-08,2.35439142822239e-08,2.94311791065513e-08,2.05049086266904e-08,2.30838687019927e-08,1.56938888621858e-08,2.1723138754044e-08,2.33285796134557e-08,2.22866951979501e-08,2.0750956641257e-08,1.30027621003588e-08,1.27270400126386e-08,2.03314998675161e-08,1.65062974075406e-08,2.25923116474495e-08,1.19060231891973e-08,1.08576230477075e-08,1.00062266848439e-08,1.47405735933527e-08,1.27701859215085e-08,1.59065313246445e-08,3.34302041846509e-08,6.87522629322392e-08,4.77465520689168e-08,4.48472122098636e-08,9.65214368850389e-08,6.15514908391209e-08,8.97463311434627e-08,5.42308527739273e-08,6.3343556196691e-08,1.2372542024384e-07,8.73390812937299e-08,1.75470586246236e-07,4.96050185187155e-08,5.26415654147694e-08,3.34678324155576e-08,7.39106358247838e-08,4.41568066129039e-08,6.19105374918176e-08,4.58320997825089e-08,2.97849575699481e-08,2.06272957238569e-08,3.88012910567683e-08,3.12564077097321e-08,3.90180602023016e-08,2.74294852531043e-08,1.86364032362436e-08,1.83525736820261e-08,2.80747980433149e-08,1.85859156369805e-08,2.33457793591292e-08,1.73721660369613e-08,1.65128587399622e-08,1.44002922331843e-08,1.72414332620795e-08,1.7703257185141e-08,1.80173655964061e-08,1.50418458247171e-08,1.19383528920618e-08,1.10493664929167e-08,1.57314596365371e-08,1.33841518814385e-08,1.6439181243348e-08,1.08229781298516e-08,8.8732533118647e-09,7.81898932795887e-09,1.15370791525269e-08,1.08464468187317e-08,1.24798430999175e-08
1.61194048673937e-08,3.54359279094934e-08,7.76294969537266e-08,2.76115275504759e-08,6.355648733227e-08,5.2338069608596e-08,4.1929125467702e-08,8.6359308904017e-08,3.63906075203792e-08,7.4912911364316e-08,6.54179986941165e-08,5.85706158459755e-08,9.48982805143531e-08,3.90552453052022e-08,2.34363145701853e-08,7.19279487483799e-08,3.60603578538544e-08,6.42406873962621e-08,3.4179869979467e-08,2.06397057400182e-08,2.29153034053002e-08,3.14551849494962e-08,2.13648062668182e-08,2.94150153133888e-08,1.88502155509553e-08,2.08292638151425e-08,1.32930156066606e-08,1.93627003586461e-08,2.28639421562308e-08,1.93211659320866e-08,1.95264838656031e-08,1.24098050354546e-08,1.00271421524039e-08,2.11637081147161e-08,1.33240540576337e-08,2.15990016225945e-08,1.10663726353045e-08,8.42708220193155e-09,7.7483588657573e-09,1.17757553839383e-08,1.0393224341032e-08,1.33304362955304e-08,7.50961739942951e-09,6.37986015823754e-09,6.86063941251157e-09,9.03619961765151e-09,7.88846530475471e-09,1.04581649530884e-08,1.26527113309526e-08,2.73270760055116e-08,6.5497894566462e-08,2.21639314505292e-08,4.92118161995163e-08,4.16665973352631e-08,3.19776952058468e-08,7.31101381237408e-08,2.95139913650705e-08,5.74835715240198e-08,5.56304227076813e-08,4.38987818314088e-08,7.96646046572927e-08,3.26966827215021e-08,1.91326957717695e-08,6.08575130574461e-08,2.88853635045801e-08,5.24048373106641e-08,2.84145025365245e-08,1.68350864865821e-08,1.94383094833109e-08,2.52978515772919e-08,1.96264519582251e-08,2.55897135551232e-08,1.5415381846323e-08,1.74136587273551e-08,1.08212374420629e-08,1.76116562638398e-08,1.86051664899459e-08,1.64629583010186e-08,1.62378880334811e-08,9.96758351534103e-09,7.79500255622189e-09,1.71164520177407e-08,1.11079223104282e-08,1.76981601026166e-08,8.81079467452115e-09,6.58895860750729e-09,6.47957686194423e-09,9.70382314132763e-09,7.80772439233125e-09,1.07377239245139e-08,5.88554736523444e-09,5.19419841536974e-09,5.20609736053102e-09,6.53504781490973e-09,6.56852713003541e-09,7.85684554507999e-09
1.72978451952135e-08,1.87293270235612e-08,3.35185388292481e-08,1.75037329626036e-08,3.06717340347976e-08,2.79054641747821e-08,2.21555315649976e-08,3.63853075208718e-08,9.30817128374046e-08,3.59316112790933e-08,6.9327564590453e-08,6.54977461846172e-08,3.90552453052022e-08,1.01624959950852e-07,4.88969721315531e-08,7.51307945932844e-08,8.16429811889491e-08,6.09554493599187e-08,8.96201522166177e-08,4.24145807607658e-08,2.11768891540277e-08,7.14193375246038e-08,3.81387829879001e-08,6.35634345408955e-08,3.78923689197785e-08,1.90681141461821e-08,1.74637550580857e-08,3.36256064526509e-08,1.83593534853711e-08,3.10005210026261e-08,1.73582008097434e-08,1.60508150180123e-08,1.09603713538676e-08,1.66806578467768e-08,1.68998721894834e-08,1.82143643035799e-08,1.43664836348394e-08,9.32812598573585e-09,8.43741038674853e-09,1.49092579834065e-08,1.11519910351091e-08,1.61725909217011e-08,8.24864489933446e-09,6.82530957580114e-09,7.1909141382686e-09,9.48280716443256e-09,8.12015700233117e-09,1.05688380648585e-08,1.32502860382843e-08,1.52391493821074e-08,2.76957966189197e-08,1.42346926993418e-08,2.44027673648711e-08,2.28335214438064e-08,1.75396780307193e-08,2.99803462319106e-08,7.4909205061054e-08,2.8603205511753e-08,5.56370660938513e-08,5.13229597970119e-08,3.25370479277214e-08,8.3367841316025e-08,4.06008179271053e-08,6.02827055021151e-08,6.66670675775217e-08,4.93896403821438e-08,7.34343917900492e-08,3.51760529339958e-08,1.79674272341095e-08,5.85921157971103e-08,3.35640563634406e-08,5.49775578292346e-08,3.24302535974678e-08,1.61042983397526e-08,1.36448133762003e-08,2.99915215186908e-08,1.58930797394306e-08,2.6752157472642e-08,1.48268610061471e-08,1.22446381625024e-08,8.66299781487535e-09,1.44530368825318e-08,1.28463434939815e-08,1.43253216855718e-08,1.14202961868798e-08,7.37221194086722e-09,7.71552388550367e-09,1.15210776713929e-08,9.11474760485299e-09,1.30243267262851e-08,6.21329869686427e-09,6.2113557029739e-09,5.74122901428644e-09,7.20339360959624e-09,7.342872014188e-09,8.22583620299072e-09
1.2268013768877e-08,2.47539208110452e-08,2.0693769942142e-08,2.37450023590708e-08,2.30947524754182e-08,1.97234615492608e-08,2.81997618395058e-08,2.2172421252279e-08,4.49293912413224e-08,2.67068557741069e-08,3.93813490227747e-08,3.98306142412845e-08,2.34363145701853e-08,4.88969721315531e-08,1.20188852440108e-07,4.23574496806523e-08,8.87708992385245e-08,7.71231663267395e-08,4.24206483062504e-08,1.0344845233751e-07,4.35272931833558e-08,7.62617257075713e-08,8.26290793128081e-08,5.92660588865139e-08,9.24557775843385e-08,3.88055853132241e-08,1.89598484724996e-08,7.30585682865313e-08,3.45525949396566e-08,6.43988017188317e-08,3.51921643352152e-08,1.72420748887459e-08,1.85281893906067e-08,3.11836888425997e-08,1.84291284339273e-08,3.13404123868729e-08,1.53044510912002e-08,1.5475750208258e-08,1.04769549179263e-08,1.580405817551e-08,1.71008196146744e-08,1.79395002470934e-08,1.37991828319359e-08,9.1064449833559e-09,7.91216826556852e-09,1.53685950909206e-08,1.06001943491851e-08,1.6854102650486e-08,1.01118865220077e-08,1.91249066436757e-08,1.61307506734215e-08,1.9206343869891e-08,1.70306659090749e-08,1.4966324251363e-08,2.16534283710571e-08,1.75477943792537e-08,3.78735819040766e-08,2.07455082109467e-08,3.18352226764441e-08,3.1600827975631e-08,1.90137181425216e-08,4.18129527123553e-08,9.37185784477971e-08,3.43619844025457e-08,7.0831989704912e-08,5.99952429805919e-08,3.61485391087906e-08,8.09084548643078e-08,3.65103457396028e-08,6.09058478220332e-08,6.87773170724577e-08,5.124563428032e-08,7.36365274015142e-08,3.31490627135973e-08,1.51827096689254e-08,6.25104355717835e-08,2.89273054015306e-08,5.37701073408295e-08,3.06625021749346e-08,1.37298757047545e-08,1.37348296701488e-08,2.66538524009491e-08,1.46675505754171e-08,2.45743605636172e-08,1.21837814172041e-08,1.14879138724159e-08,9.54158296030245e-09,1.24524434728727e-08,1.25060720606167e-08,1.516709704837e-08,9.99394381447562e-09,8.07299443911723e-09,6.10529081197074e-09,1.07025770957509e-08,9.00516355670194e-09,1.25274792575692e-08
1.71200942403969e-08,3.17647163014652e-08,5.94778852936178e-08,2.61281969384935e-08,4.83482238326126e-08,3.98627957578173e-08,3.80647231671346e-08,6.5414123429584e-08,6.93309182152264e-08,5.69837052601866e-08,1.08318336872842e-07,9.24911660845868e-08,7.19279487483799e-08,7.51307945932844e-08,4.23574496806523e-08,1.20126602999446e-07,6.12122934504086e-08,9.77152805170376e-08,6.57676313744043e-08,3.67205347213744e-08,2.23888938739811e-08,5.29929752502962e-08,3.37004542127573e-08,4.6937971583665e-08,3.33259570006628e-08,2.02485658320977e-08,2.00738967731026e-08,3.03224446443413e-08,2.01557330207869e-08,2.84368815424643e-08,1.84966623497186e-08,1.86981521226829e-08,1.21258947652116e-08,1.8320617617696e-08,1.90471235615931e-08,1.89883433763541e-08,1.6833362915239e-08,1.0146333017967e-08,9.27788992558414e-09,1.67316121222664e-08,1.31206476835846e-08,1.92738887621888e-08,9.09714011382698e-09,7.89483193350904e-09,7.78448253350767e-09,1.13339908698109e-08,9.30550471858513e-09,1.25720837760084e-08,1.44722409584909e-08,2.44805702556299e-08,4.93891909312877e-08,2.13154229978764e-08,3.76648599605198e-08,3.2687447430838e-08,2.86258667136153e-08,5.4311594673372e-08,5.63194073511479e-08,4.35972593073953e-08,8.63617577562103e-08,6.93415398552888e-08,5.98930319162161e-08,6.22386427839333e-08,3.62876781995343e-08,9.52641075366086e-08,5.15125387391611e-08,7.75852833045325e-08,5.41045910914481e-08,3.17842786451946e-08,1.85875932556952e-08,4.48136475404755e-08,3.17102153025488e-08,4.24060926066225e-08,2.90178116805433e-08,1.66049965309907e-08,1.53439845984292e-08,2.84119272816197e-08,1.63761238039506e-08,2.49600412920032e-08,1.52609302643003e-08,1.37775655791301e-08,9.74076713659667e-09,1.47790708358151e-08,1.43321903000486e-08,1.43743807578477e-08,1.26001082498477e-08,8.17662175444594e-09,8.57137841352799e-09,1.26459649099868e-08,1.09105305307424e-08,1.48110496391671e-08,7.14894978903957e-09,7.02607560791892e-09,6.15978574836309e-09,8.7989637413691e-09,8.01865792536567e-09,9.73128509963033e-09
1.86855002399043e-08,2.01826147138511e-08,3.19691907757544e-08,1.8041969680441e-08,3.09479174243603e-08,2.70787611962892e-08,2.38999730579297e-08,3.3889266953827e-08,7.46033303776976e-08,3.53282278289499e-08,5.66906374620061e-08,5.38745761374598e-08,3.60603578538544e-08,8.16429811889491e-08,8.87708992385245e-08,6.12122934504086e-08,1.34990167720515e-07,1.03179701545777e-07,7.14260636576001e-08,7.62593520462836e-08,3.78918164423469e-08,1.16697644954602e-07,5.94669139799224e-08,9.2243696682636e-08,6.82792310396809e-08,3.38390926019552e-08,1.82449703675152e-08,5.27248420083099e-08,2.97758007947056e-08,4.62927715129297e-08,3.07239433509117e-08,1.6509308746791e-08,1.88772818488016e-08,2.7041344653929e-08,1.78805497296031e-08,2.78683647453014e-08,1.46730922863202e-08,1.61742726663771e-08,1.03137386147584e-08,1.56171464397176e-08,1.7924085546288e-08,1.7481600996668e-08,1.43457721164676e-08,8.67238659986202e-09,8.40812210154801e-09,1.56758531040988e-08,1.02621026612056e-08,1.71479257741606e-08,1.4402484641126e-08,1.63170836993712e-08,2.53779541361189e-08,1.54863850873021e-08,2.41196549018221e-08,2.14069727706626e-08,1.90364437386971e-08,2.70143789798026e-08,6.04727800130076e-08,2.83106661339519e-08,4.56235153426913e-08,4.42469939553681e-08,2.89824339973594e-08,6.79179508864324e-08,6.98647100230094e-08,4.98045444322879e-08,1.07617276832427e-07,8.10408803531508e-08,5.92880847075181e-08,5.98637860480744e-08,3.20256394297027e-08,9.33216073102623e-08,5.04212950695086e-08,7.80865100410265e-08,5.45997850009736e-08,2.87625554526394e-08,1.55688566009713e-08,4.59466064913339e-08,2.61007213524534e-08,3.90719264603111e-08,2.66782244888723e-08,1.37475068000858e-08,1.38324716133035e-08,2.38916620705999e-08,1.49513310573196e-08,2.20745299280855e-08,1.22219082770582e-08,1.18782030480123e-08,9.1455183309608e-09,1.29483635881185e-08,1.31410248618274e-08,1.54690753673398e-08,1.02665589830605e-08,7.64729356772088e-09,6.15042705381772e-09,1.09105319860127e-08,8.55760419903896e-09,1.24777006100153e-08
1.64173799581965e-08,3.05822400955256e-08,5.35585211297661e-08,2.40595660914878e-08,4.51464303749706e-08,3.62786173928868e-08,3.69093898299535e-08,5.89238333615109e-08,5.62850086755688e-08,5.33613422794861e-08,8.8518195001617e-08,7.68273932655771e-08,6.42406873962621e-08,6.09554493599187e-08,7.71231663267395e-08,9.77152805170376e-08,1.03179701545777e-07,1.49997238057909e-07,5.28970192255839e-08,6.62835091354418e-08,3.51404789736113e-08,8.88071295589795e-08,5.1178659292044e-08,6.91765325765463e-08,5.96115779821697e-08,3.12839554243505e-08,1.84972982534133e-08,4.58688432872883e-08,2.85099203817409e-08,4.05092880057409e-08,2.84484327171848e-08,1.70467909323581e-08,2.00124063531861e-08,2.5908671131083e-08,1.79656722675289e-08,2.62111067031364e-08,1.52043275741495e-08,1.66459632451288e-08,1.10129200509953e-08,1.54497061109016e-08,1.8941923095204e-08,1.8201403700375e-08,1.47229166338771e-08,9.36654403587427e-09,8.38529840135079e-09,1.6557940926757e-08,1.07480031888256e-08,1.82928888511149e-08,1.44503236437574e-08,2.33482019735603e-08,4.35989644790185e-08,1.988118310249e-08,3.613969512266e-08,2.99385403903639e-08,2.75879879189689e-08,4.83454487998831e-08,4.67420608349649e-08,4.20240222535901e-08,7.03947702531733e-08,5.90338854092921e-08,5.29005310585959e-08,5.17956803065976e-08,6.09856804379735e-08,7.72560627128019e-08,8.35109131907126e-08,1.1734775210368e-07,4.45218738162554e-08,5.27558294463568e-08,2.91488051817839e-08,7.198636183721e-08,4.48574230343299e-08,6.00447492305315e-08,4.78832419137442e-08,2.5990556295318e-08,1.45906153959976e-08,4.06637404037968e-08,2.41632023829192e-08,3.44455232641172e-08,2.42408261065479e-08,1.32371912589109e-08,1.4910021434804e-08,2.22124738193239e-08,1.38515509555198e-08,2.01570842948208e-08,1.16719378613005e-08,1.2360262888764e-08,9.52102031918332e-09,1.16424736976634e-08,1.4063652232682e-08,1.51445795033647e-08,1.09176266551356e-08,7.8498330337953e-09,6.42342773200566e-09,1.19503724067506e-08,8.90953921453661e-09,1.38708993983248e-08
1.5407255200354e-08,1.66410214402034e-08,2.98863527846967e-08,1.56496573557902e-08,2.75401140955466e-08,2.52331928399697e-08,1.93452652920389e-08,3.24059709819869e-08,8.26541596162238e-08,3.19274287899919e-08,6.1392271549332e-08,5.78615781122424e-08,3.4179869979467e-08,8.96201522166177e-08,4.24206483062504e-08,6.57676313744043e-08,7.14260636576001e-08,5.28970192255839e-08,1.02844912513107e-07,4.72588351347831e-08,2.4131789916842e-08,8.26720167568548e-08,4.32726177669603e-08,7.47460735002305e-08,4.18384069342889e-08,2.13730738259964e-08,1.89020592450722e-08,3.76583727300592e-08,2.07009891661311e-08,3.43488987816079e-08,1.93018108862567e-08,1.71503374169404e-08,1.16388142228489e-08,1.8581982415514e-08,1.80446126627517e-08,2.0507432559087e-08,1.53161055864683e-08,9.92506485931255e-09,9.15225859647145e-09,1.58975803459249e-08,1.22664193526975e-08,1.78599081993255e-08,8.85559173168055e-09,7.37912158636168e-09,7.65140361591242e-09,1.03045785424341e-08,8.55301411347763e-09,1.12567298626689e-08,1.17975818331053e-08,1.32148037787026e-08,2.5077363955243e-08,1.23732613442989e-08,2.21156493914302e-08,2.08231570257333e-08,1.51801764035277e-08,2.69983258291388e-08,6.61887668059452e-08,2.58686532972911e-08,4.89274966128776e-08,4.50054842333888e-08,2.84969595073757e-08,7.3429773841108e-08,3.51760697174832e-08,5.21469128203163e-08,5.85913135308804e-08,4.30641967385928e-08,8.41951802925117e-08,3.98256242761579e-08,1.98306573799694e-08,6.70398644696904e-08,3.94205245155443e-08,6.31250347826422e-08,3.60762805059768e-08,1.76555525146602e-08,1.51900988879843e-08,3.47133784755573e-08,1.76817628309315e-08,3.00412312639486e-08,1.61487828643023e-08,1.30196914669918e-08,9.25916391817138e-09,1.58785847650744e-08,1.32553743599244e-08,1.51729636552018e-08,1.20350467916822e-08,7.92046443611654e-09,8.31961147822592e-09,1.18855902333602e-08,1.04044802718704e-08,1.42880496229579e-08,6.89090159307445e-09,6.78850491340369e-09,6.05790024713223e-09,8.35898745345331e-09,7.54310059607433e-09,9.07984203188219e-09
