8.59741095511098e-08,3.92119514673441e-08,1.79556797686655e-08,6.36680646001862e-08,3.6598379923083e-08,5.72147094326443e-08,3.46926223720133e-08,1.55894868291061e-08,1.75167640288942e-08,3.17216064837117e-08,1.57149526351384e-08,2.95875077560037e-08,1.39627311661239e-08,1.58864373862597e-08,1.15159834581417e-08,1.39424119062725e-08,1.7021330074749e-08,1.37577065920651e-08,1.42981280288537e-08,1.03702880682152e-08,8.30008885373591e-09,1.53709638955434e-08,1.09037136133632e-08,1.55845720893394e-08,9.26596609774585e-09,7.42038029068099e-09,5.9711836643713e-09,9.59225136551541e-09,8.07361384652614e-09,9.96060701368038e-09,6.71181419104269e-09,5.4575854874633e-09,4.98757550170596e-09,7.3186846691686e-09,6.162749224866e-09,8.25872728329316e-09,4.68614719353154e-09,4.15789052840321e-09,4.34879060010756e-09,5.39131591197174e-09,5.3782441068353e-09,6.18879076552927e-09,3.7152300333071e-09,3.76917248414807e-09,3.94886151648536e-09,4.63258496673259e-09,4.76660700737935e-09,5.38099614336041e-09,7.69007174610836e-08,3.28237101552688e-08,1.64101013647822e-08,5.61357643693607e-08,2.90870657559399e-08,5.04146712760451e-08,2.93782123368435e-08,1.43115054393122e-08,1.58253719584092e-08,2.57607247485149e-08,1.30756675916075e-08,2.23929490144401e-08,1.28591873305708e-08,1.41612780917309e-08,1.03722031361154e-08,1.14041476873741e-08,1.5503547661324e-08,1.17175215569346e-08,1.28047605025213e-08,9.26947941384581e-09,6.97309227885345e-09,1.41188075105971e-08,9.19411263013326e-09,1.33663722056724e-08,8.11855210095347e-09,6.18593655631511e-09,5.06226768340073e-09,8.08243285186896e-09,7.13832968697833e-09,8.63678394621199e-09,5.55799652926452e-09,4.56718636530487e-09,4.20068979622957e-09,6.46180369064124e-09,5.18464114626458e-09,7.43062122138047e-09,4.03517986567686e-09,3.71835538625754e-09,3.63326391807196e-09,4.59495095320273e-09,4.64295754903503e-09,5.21738220891361e-09,3.46381400486535e-09,3.24978899318275e-09,3.23420960850141e-09,4.06465138214232e-09,3.99458827430067e-09,4.62145669210354e-09
3.92119514673441e-08,1.91677700510155e-07,4.53809164495055e-08,7.55813520831449e-08,1.61109974027902e-07,5.8061573405106e-08,1.65739324215282e-07,3.87263783663254e-08,1.99732147439418e-08,1.37112411779373e-07,3.34885526082538e-08,1.21470545333964e-07,3.38170637561752e-08,1.71691391625827e-08,2.34401384689104e-08,2.85576923098796e-08,1.86309090218312e-08,2.76914571074038e-08,1.51185288020503e-08,2.06825036037888e-08,1.42912587571908e-08,1.60886286886816e-08,2.30194695257658e-08,1.7278039815554e-08,1.85216283922157e-08,1.28421116821287e-08,9.83888366864039e-09,2.04206449816521e-08,1.44039511059027e-08,2.16079185854771e-08,1.17323538125217e-08,8.88204720880643e-09,8.25301467307186e-09,1.29502533384247e-08,9.98225508822428e-09,1.40829900041513e-08,7.6789433727072e-09,6.83085177406292e-09,7.25894323505874e-09,8.4803731161314e-09,8.59516384403732e-09,9.67208247376091e-09,6.58389331632883e-09,6.56198297612198e-09,6.06288409669694e-09,7.85545078807546e-09,7.57421411841549e-09,8.77374342092923e-09,3.52322150240961e-08,1.27822817282985e-07,3.96782305133847e-08,6.7647082720951e-08,9.42400609171013e-08,5.07126740150476e-08,1.12383108266863e-07,3.4357636210284e-08,1.72172726801312e-08,8.19520092918713e-08,2.82553650515315e-08,6.76093798327545e-08,3.03172457448965e-08,1.47427307922717e-08,2.19308674661161e-08,2.37451215596145e-08,1.52035926985062e-08,2.31908648643026e-08,1.26618843602275e-08,1.93425167433773e-08,1.25768854458976e-08,1.30985072008784e-08,2.09959671092487e-08,1.53110587243433e-08,1.70518873467517e-08,1.12280833829641e-08,8.76806709142933e-09,1.84692588253943e-08,1.25887634802658e-08,2.00943855729921e-08,1.01783297855012e-08,7.83492163578848e-09,6.5742834287093e-09,1.12936344886561e-08,8.34022193263161e-09,1.18157649331744e-08,6.92813725616491e-09,5.41323463780631e-09,6.59075650434163e-09,7.14478137629941e-09,7.12661266585044e-09,8.13634875104242e-09,5.59619337124581e-09,5.98475001692014e-09,5.33689776933602e-09,6.69451433653e-09,6.98895404343126e-09,7.37306411631573e-09
1.79556797686655e-08,4.53809164495055e-08,1.01081151262475e-07,3.30708944945096e-08,8.45702163069051e-08,6.41111520198012e-08,3.8763256710437e-08,8.44133709356106e-08,3.48169030167151e-08,6.94806041985528e-08,6.20428756863492e-08,5.32502518546403e-08,7.5280812596611e-08,3.10731947276924e-08,1.69623271143421e-08,5.50528516741898e-08,2.81200069427318e-08,4.86782911445222e-08,2.77170065503935e-08,1.50923364596529e-08,1.54300281060837e-08,2.4884018510065e-08,1.49866466248544e-08,2.31815721219679e-08,1.36112712250055e-08,1.4081803375545e-08,8.66754212028234e-09,1.35042723306319e-08,1.5389331076711e-08,1.3677086383647e-08,1.29953100527849e-08,7.94885623099817e-09,6.74336305031066e-09,1.42139505558264e-08,9.04199281221014e-09,1.5307934154334e-08,6.95075091016329e-09,5.83810744339645e-09,5.95984129017892e-09,7.93302235958182e-09,7.4048113397749e-09,8.9420555918659e-09,5.94964875031918e-09,5.56004041624064e-09,5.37425072096614e-09,7.39753595029229e-09,6.02758205140288e-09,7.70268177293511e-09,1.45165335286018e-08,3.80709123922148e-08,8.85148552513268e-08,2.84103607230548e-08,6.96190994409869e-08,5.50894056996031e-08,3.33937044601452e-08,7.4361962151955e-08,3.03739544863786e-08,5.83170106273494e-08,5.44263950777777e-08,4.40572935095936e-08,6.6843976363278e-08,2.70703412088642e-08,1.49968965128806e-08,4.82012602041723e-08,2.40590729423845e-08,4.2643473278599e-08,2.37747912343973e-08,1.31844894490061e-08,1.30155152120072e-08,2.11061876536086e-08,1.37917691890353e-08,2.05459875277747e-08,1.18355890565156e-08,1.20010267774049e-08,8.0057593641636e-09,1.24478309085647e-08,1.33138605459807e-08,1.19295641167294e-08,1.09583468656977e-08,7.30024459861381e-09,5.97223259479108e-09,1.22171092383027e-08,7.99717484397876e-09,1.2862256134724e-08,6.44665389423876e-09,5.13260585526909e-09,5.25360848769152e-09,6.95832847184861e-09,6.50885539921696e-09,8.03498224407224e-09,5.23287648099049e-09,4.63323935452471e-09,4.70359694538991e-09,6.38416502175135e-09,4.97471903807128e-09,6.69046680824508e-09
6.36680646001862e-08,7.55813520831449e-08,3.30708944945096e-08,1.1012512108586e-07,5.65543929914729e-08,8.18843476902352e-08,6.63677776924646e-08,2.82937617470617e-08,1.72248867719221e-08,4.88594227244774e-08,2.53122792985149e-08,4.33038401700681e-08,2.49901154423429e-08,1.50568186623068e-08,2.06117851913611e-08,2.19001091771661e-08,1.59435119043205e-08,2.11759479996158e-08,1.34615053534175e-08,1.874968425739e-08,1.08935655211611e-08,1.42900248242416e-08,2.01806563134795e-08,1.43992318429149e-08,1.69696085055425e-08,9.83091095361356e-09,7.51634585597669e-09,1.81200545607216e-08,1.10419105206869e-08,1.88631465004145e-08,9.03314479367978e-09,6.92148405974575e-09,6.87356540310462e-09,1.00904983476644e-08,8.00113213080046e-09,1.13965246695292e-08,6.12165348218012e-09,5.91610591216198e-09,5.96422466523652e-09,7.04677668442782e-09,7.3308173913307e-09,8.20572519091861e-09,5.49305778309602e-09,5.34907867851066e-09,5.14265078096709e-09,6.56394582367371e-09,6.38101986020233e-09,7.11525360178439e-09,5.55273731820012e-08,6.524357460937e-08,3.01004665938352e-08,9.61228755992328e-08,4.65539275365127e-08,7.1243231064068e-08,5.79549469994407e-08,2.57767162968488e-08,1.47927915347944e-08,4.07777456335858e-08,2.16266102364634e-08,3.50076419667853e-08,2.29688490186808e-08,1.28594105839533e-08,1.8194215636622e-08,1.85563180927758e-08,1.33458493303924e-08,1.78139271856289e-08,1.141810384939e-08,1.64139699370497e-08,9.6789409402606e-09,1.19572118564293e-08,1.75353488088701e-08,1.22854400469396e-08,1.47215320463613e-08,8.69055549500661e-09,7.04045512198992e-09,1.5672305016669e-08,9.85907420396669e-09,1.62661742898477e-08,7.91339464722681e-09,6.48342966503027e-09,5.46719888214769e-09,9.0669047509935e-09,6.98135046229026e-09,9.95574910084561e-09,5.74974686210506e-09,4.83344256662354e-09,5.27625045809035e-09,6.11261924100916e-09,6.13526674188886e-09,6.98165207243323e-09,4.6575664089085e-09,4.81933287333122e-09,4.38513896267693e-09,5.65465321558494e-09,5.42187729874842e-09,5.95874266290926e-09
3.6598379923083e-08,1.61109974027902e-07,8.45702163069051e-08,5.65543929914729e-08,2.38545974345204e-07,9.95208872608831e-08,1.37149997361608e-07,6.9452858163634e-08,3.25564473830384e-08,1.97101709400237e-07,5.11793795711214e-08,1.58274010953335e-07,6.11230315870774e-08,2.84027959756109e-08,1.99121132630373e-08,4.45838974018751e-08,2.69054713153945e-08,3.98687571950671e-08,2.53553330372724e-08,1.76011684195442e-08,2.09035766295246e-08,2.37182603837077e-08,1.90031389756585e-08,2.364693068814e-08,1.58085883059551e-08,1.89304550274042e-08,1.29378055749347e-08,1.69827422472424e-08,2.19247111792405e-08,1.81498302312029e-08,1.73956192309554e-08,1.17978429131907e-08,1.05881629459453e-08,1.99770422208746e-08,1.34128399678642e-08,2.13405054037888e-08,1.01255466591498e-08,8.65116835162488e-09,8.51783859762562e-09,1.12240123864191e-08,1.06650028039968e-08,1.2181427063911e-08,8.84918622871443e-09,7.88118773137747e-09,7.8551890601402e-09,1.03095181021513e-08,9.15774950021931e-09,1.13762561681723e-08,3.32946543418457e-08,9.96090246950162e-08,7.11797828907e-08,5.11117398801407e-08,1.48053996915125e-07,8.57568775982376e-08,8.70528531285305e-08,5.97985408371544e-08,2.67746369649844e-08,1.2517585689349e-07,4.28005840881101e-08,9.33507598877541e-08,5.3477766136277e-08,2.33032372291137e-08,1.70824911869653e-08,3.69865112122249e-08,2.11817947570753e-08,3.31948537850696e-08,2.0510549551876e-08,1.49011070103714e-08,1.79114083072499e-08,1.85077174334391e-08,1.7031364486234e-08,2.03564029701885e-08,1.32300248459208e-08,1.61386002347198e-08,1.10616998788449e-08,1.52008071533053e-08,1.90997564654712e-08,1.59021557320029e-08,1.46462502855397e-08,9.9778741676815e-09,8.89900570456393e-09,1.71997609780246e-08,1.11556455322295e-08,1.79683817368229e-08,8.56561530450828e-09,7.24426511791096e-09,7.70933948705506e-09,9.33243295777627e-09,9.29380705994419e-09,1.0664045303611e-08,7.69505260757803e-09,6.97208814449454e-09,6.83878623604664e-09,8.98333448336613e-09,8.0597634646194e-09,9.36876127050459e-09
5.72147094326443e-08,5.8061573405106e-08,6.41111520198012e-08,8.18843476902352e-08,9.95208872608831e-08,1.31663084542039e-07,4.98543358913145e-08,5.27965402599421e-08,2.73388401318216e-08,8.24638701496919e-08,3.92739259984558e-08,6.30898079103122e-08,4.68475594853044e-08,2.41136236463484e-08,1.65387443231199e-08,3.44577689439701e-08,2.30240386052411e-08,3.13021917251012e-08,2.15706467884907e-08,1.47929119120045e-08,1.628175534545e-08,2.06920318906944e-08,1.52314817361778e-08,1.95590317210457e-08,1.33359001416438e-08,1.49152359163795e-08,9.630499095949e-09,1.36742179870819e-08,1.68228702862167e-08,1.43201456302254e-08,1.37823338274508e-08,8.85953314527013e-09,8.11177597711855e-09,1.54874934400876e-08,1.03175742196165e-08,1.73095799708329e-08,7.70754574772803e-09,6.92212776944182e-09,6.5780441788601e-09,8.91134078329649e-09,8.43416794302197e-09,9.93167185145738e-09,6.94199777094954e-09,6.031302738582e-09,6.20290734632756e-09,8.05309824402342e-09,7.17093011495282e-09,8.78825883060953e-09,5.04587216472633e-08,4.84406632341868e-08,5.59052092805141e-08,7.20826886454076e-08,8.21299089030971e-08,1.13994263489298e-07,4.30573439713278e-08,4.65934020335934e-08,2.33695567292729e-08,6.94766223971962e-08,3.34267076758497e-08,5.10853302631892e-08,4.17021126998545e-08,2.06929034570989e-08,1.42949991713774e-08,2.91584736364478e-08,1.9203227947964e-08,2.66354327422967e-08,1.81865400952925e-08,1.25550178695845e-08,1.34222970074381e-08,1.70810114254607e-08,1.35265600561941e-08,1.7069897286998e-08,1.12138459458993e-08,1.23127600213794e-08,8.51111213709286e-09,1.21321038994419e-08,1.44313365754536e-08,1.23194971973083e-08,1.12555546889482e-08,7.82447501917188e-09,6.84210328570094e-09,1.32208658616082e-08,8.86034026496848e-09,1.50981131107089e-08,6.82665401908271e-09,5.86370846096580e-09,5.82428390709476e-09,7.61176678037956e-09,7.23376658560047e-09,8.48669785744668e-09,6.02022862465271e-09,5.33172891312957e-09,5.3195248552355e-09,7.02132236658582e-09,6.06023163468461e-09,7.31050360105517e-09
3.46926223720133e-08,1.65739324215282e-07,3.8763256710437e-08,6.63677776924646e-08,1.37149997361608e-07,4.98543358913145e-08,2.14061117494468e-07,4.82991455519981e-08,2.47920362444609e-08,1.81045397646579e-07,4.21543737492055e-08,1.62664790995461e-07,4.24810804084726e-08,2.11382029909208e-08,2.63055453010096e-08,3.61992886009984e-08,2.21670445970072e-08,3.48417665833819e-08,1.86688915258039e-08,2.32035260406918e-08,1.62954053307146e-08,1.9187076497549e-08,2.53469406169303e-08,2.01860956780571e-08,2.08231610984399e-08,1.46543394558873e-08,1.16261478154617e-08,2.25334637681165e-08,1.67533171020574e-08,2.43155596130061e-08,1.33084776152012e-08,1.03776492236455e-08,9.1828861931178e-09,1.49154706593156e-08,1.15898546819641e-08,1.60398445118432e-08,9.06644898668372e-09,7.60040644855041e-09,8.23792922547362e-09,9.94465279378477e-09,9.54351514761916e-09,1.1236628726875e-08,6.71398624020717e-09,7.24958688902055e-09,6.94107858550959e-09,8.40483338726602e-09,8.54857599363379e-09,9.55207081040457e-09,3.15259288311717e-08,1.12364939963036e-07,3.43838100490102e-08,5.99145210371091e-08,8.19509206209391e-08,4.39880295335798e-08,1.5026251563161e-07,4.30684319665211e-08,2.12427917774986e-08,1.16641048281085e-07,3.59488405595623e-08,9.78567304479255e-08,3.84424495708853e-08,1.79232955084289e-08,2.45845158492953e-08,3.05801788855195e-08,1.84272915184529e-08,3.03401103251314e-08,1.54665344739428e-08,2.16325770331456e-08,1.45927937509213e-08,1.60613886196381e-08,2.26942133818934e-08,1.77486673127703e-08,1.91931272704264e-08,1.30118471169504e-08,1.03366265055367e-08,2.00616387429408e-08,1.46948976695e-08,2.2361538675346e-08,1.17529804050008e-08,9.10856375379303e-09,7.75911852872773e-09,1.30142768665496e-08,1.00073798192755e-08,1.37316419270253e-08,8.08654362596283e-09,6.49053182690406e-09,7.48299675587651e-09,8.64633238710899e-09,8.09877916580975e-09,9.3408902294177e-09,5.83138078120551e-09,6.61068539947199e-09,6.26172808245061e-09,7.2418657347965e-09,8.07846279905763e-09,8.26045443203338e-09
1.55894868291061e-08,3.87263783663254e-08,8.44133709356106e-08,2.82937617470617e-08,6.9452858163634e-08,5.27965402599421e-08,4.82991455519981e-08,9.92629454710124e-08,4.01278555254462e-08,8.5049146649538e-08,7.2558786174243e-08,6.52115613495282e-08,8.8322445604301e-08,3.58349737377798e-08,1.91455940968416e-08,6.44794520024054e-08,3.16861079148057e-08,5.67062413022807e-08,3.20607941904823e-08,1.69065441505949e-08,1.74785241094832e-08,2.81025044010102e-08,1.67808422017076e-08,2.6132367016596e-08,1.51509992760439e-08,1.59113820950946e-08,9.72733451459083e-09,1.4996053775838e-08,1.74624845814319e-08,1.51737281324981e-08,1.46417249840156e-08,8.85494309555591e-09,7.29178015725102e-09,1.60585523432197e-08,1.00482988689003e-08,1.71179969321657e-08,7.72586438760611e-09,6.33393401795098e-09,6.5579025861375e-09,8.82297420587983e-09,8.08917613791556e-09,1.00508553387385e-08,5.74545650737405e-09,5.76005273419945e-09,6.02671300752364e-09,7.27878734700893e-09,6.55022043014194e-09,7.84693429395789e-09,1.28249152861747e-08,3.3357094515895e-08,7.43585477534788e-08,2.48145836175843e-08,5.82818144575818e-08,4.54149973307628e-08,4.16995316877938e-08,8.84230607195166e-08,3.51374869560236e-08,7.16969403665599e-08,6.37124922368523e-08,5.34005118660449e-08,7.95222181783083e-08,3.1333413628845e-08,1.66623244842653e-08,5.65807964296497e-08,2.73653604098003e-08,4.99214332046581e-08,2.78162075353293e-08,1.45659188583101e-08,1.52846750517564e-08,2.42252746621644e-08,1.51546050201772e-08,2.35227293426889e-08,1.3074345247777e-08,1.40185457683452e-08,8.99015942386894e-09,1.37031087955203e-08,1.56977633568855e-08,1.33060870652933e-08,1.27791562993932e-08,8.13450959364578e-09,6.43823414393830e-09,1.44024961058041e-08,8.9585526484892e-09,1.44375369078345e-08,7.1771771201842e-09,5.60413426397107e-09,5.63700454974053e-09,7.83779243587523e-09,7.15147093016661e-09,8.93353916461735e-09,5.02045544752557e-09,4.80847179518336e-09,5.05393918782953e-09,6.3493011094226e-09,5.34206644985253e-09,6.78295133377316e-09
1.75167640288942e-08,1.99732147439418e-08,3.48169030167151e-08,1.72248867719221e-08,3.25564473830384e-08,2.73388401318216e-08,2.47920362444609e-08,4.01278555254462e-08,1.04403559447233e-07,4.04051862267297e-08,7.67625607728319e-08,7.05560666834551e-08,3.58370094633852e-08,9.13986750248715e-08,4.10005900207757e-08,6.66177775907969e-08,7.19415333013077e-08,5.24365167813206e-08,8.21720231469462e-08,3.65420749404847e-08,1.76215529653403e-08,6.44259198423924e-08,3.2080912483932e-08,5.62580203087355e-08,3.26073954620679e-08,1.58366132638415e-08,1.43061419428752e-08,2.8529640140541e-08,1.61473021124543e-08,2.67272121863654e-08,1.43516093370675e-08,1.30525912758405e-08,8.88803198169129e-09,1.45994999960863e-08,1.38052936951658e-08,1.57983300571318e-08,1.12358585290589e-08,7.70348172769918e-09,7.17621885257975e-09,1.20544778336968e-08,9.1507903873889e-09,1.34110422027522e-08,6.80779316454767e-09,6.18144605603271e-09,6.22725250114247e-09,8.0324641732156e-09,7.04654493308978e-09,8.64718320224953e-09,1.51668447319519e-08,1.77381480177602e-08,3.17069840415401e-08,1.49149529623019e-08,2.90233940761357e-08,2.45931747995781e-08,2.18221653062997e-08,3.6385031423657e-08,9.4872654575952e-08,3.52468445918452e-08,6.88897695427354e-08,6.23817894851389e-08,3.2391484060354e-08,8.25633507487892e-08,3.59895676370095e-08,5.92743050753667e-08,6.45275789955941e-08,4.62725137756128e-08,7.41088178067333e-08,3.21240236612205e-08,1.5585871430471e-08,5.79989833536703e-08,2.8466788568277e-08,5.11846298044479e-08,2.82553159307848e-08,1.41529105219224e-08,1.30495315649273e-08,2.50630018600886e-08,1.43296761816752e-08,2.26200108862637e-08,1.28528440959052e-08,1.19123370505532e-08,7.56087158193622e-09,1.30664448285618e-08,1.22829507735738e-08,1.42415666189907e-08,1.01786945908882e-08,6.74651587597387e-09,6.43247779090362e-09,1.0658904373173e-08,7.96772726350878e-09,1.19515961240834e-08,5.90772295743772e-09,5.49170729571023e-09,5.39584174175523e-09,6.93434422082163e-09,5.9582738484061e-09,7.25554285056078e-09
3.17216064837117e-08,1.37112411779373e-07,6.94806041985528e-08,4.88594227244774e-08,1.97101709400237e-07,8.24638701496919e-08,1.81045397646579e-07,8.5049146649538e-08,4.04051862267297e-08,2.56088475618015e-07,6.33577505671594e-08,2.09428607126444e-07,7.48485373777927e-08,3.4880822902406e-08,2.33491238053089e-08,5.51503672087888e-08,3.20084605713901e-08,4.93370283169326e-08,3.13138322339871e-08,2.05662690547508e-08,2.39758430394487e-08,2.83683274163817e-08,2.1922229947144e-08,2.80132335268679e-08,1.84132031879493e-08,2.17653156585189e-08,1.50752835170165e-08,1.94451161484097e-08,2.55932883145255e-08,2.08306773451732e-08,1.99398593780308e-08,1.35812817858588e-08,1.18363060380866e-08,2.31845220865029e-08,1.52273314209564e-08,2.42629838480157e-08,1.17656434862741e-08,9.75596683109831e-09,9.75183734435811e-09,1.29005504865025e-08,1.19764675317339e-08,1.40272401510697e-08,8.91738626217364e-09,8.69960791902661e-09,9.10795281300218e-09,1.08437747063095e-08,1.06389746419611e-08,1.23539237536922e-08,2.93580045703152e-08,8.70018718681734e-08,5.98147532811488e-08,4.50640978493129e-08,1.25139166666002e-07,7.20605620507776e-08,1.20449865314526e-07,7.37494538607741e-08,3.33706037123768e-08,1.69872869595603e-07,5.33211726580755e-08,1.29952797379801e-07,6.62086033247718e-08,2.88597463382758e-08,1.98768143151033e-08,4.62344488363896e-08,2.60632808895733e-08,4.22868590776808e-08,2.55814095223681e-08,1.72926832147134e-08,2.09455499465149e-08,2.29467597417156e-08,1.91777978359387e-08,2.46294115684698e-08,1.54474332565775e-08,1.88928038277716e-08,1.28823434853445e-08,1.71807330446321e-08,2.25500983441441e-08,1.82124519318072e-08,1.71281174102604e-08,1.1440651472883e-08,1.03920485703368e-08,2.02273723110737e-08,1.28500991241278e-08,2.05133120698582e-08,9.92802261688417e-09,8.59585902403716e-09,8.91752801566360e-09,1.08616577813456e-08,1.06948957574382e-08,1.20901651341458e-08,7.8471856570739e-09,7.81024680282773e-09,7.93075320286568e-09,9.6048990020511e-09,9.38803738129456e-09,1.04564747935346e-08
1.57149526351384e-08,3.34885526082538e-08,6.20428756863492e-08,2.53122792985149e-08,5.11793795711214e-08,3.92739259984558e-08,4.21543737492055e-08,7.2558786174243e-08,7.67625607728319e-08,6.33577505671594e-08,1.19887271768127e-07,1.00261706526551e-07,6.44835614536003e-08,6.66177919084085e-08,3.43806358794668e-08,1.0463716598357e-07,5.24442086847409e-08,8.36435689351749e-08,5.9580333907198e-08,3.04631174044306e-08,1.72866871331521e-08,4.66843079529612e-08,2.7216494289775e-08,4.07426168881739e-08,2.72122998260393e-08,1.54211550462583e-08,1.55138126060116e-08,2.42203396148216e-08,1.58168013664312e-08,2.32912845767321e-08,1.39941546042766e-08,1.41832186366075e-08,9.10356961745427e-09,1.42874976243365e-08,1.49714545010348e-08,1.53563763465448e-08,1.22882362550718e-08,7.78290655001571e-09,7.40053940643658e-09,1.30263954527001e-08,9.74106148666396e-09,1.48187519455897e-08,6.98472954970518e-09,6.43462782428465e-09,6.5471679958483e-09,8.68181884375673e-09,7.27831149027351e-09,9.23003103924629e-09,1.31688347421891e-08,2.99834458079602e-08,5.48398626945701e-08,2.20234446606474e-08,4.44910430666874e-08,3.43160192122004e-08,3.77597728084546e-08,6.50248025593242e-08,6.91869199359401e-08,5.53834994057276e-08,1.04913553622953e-07,8.71597610025273e-08,5.79298062523253e-08,5.96877463870221e-08,2.9050711840308e-08,9.09354918682144e-08,4.6420706457714e-08,7.3109328034299e-08,5.33173714949574e-08,2.58758746115404e-08,1.46900685424069e-08,4.14316244999242e-08,2.42937933285391e-08,3.70908758084174e-08,2.29365164806954e-08,1.3183997073876e-08,1.41590091201529e-08,2.15220309818991e-08,1.3709658911683e-08,1.97250666343684e-08,1.19604327106717e-08,1.28243072298654e-08,7.72484795608476e-09,1.23897927573177e-08,1.2881123043516e-08,1.28168645130058e-08,1.11312590997411e-08,6.67328905137067e-09,6.57756361756191e-09,1.11861120370188e-08,8.46892516715339e-09,1.32337666804061e-08,5.98041779141496e-09,5.61420253663691e-09,5.70157704341701e-09,7.47809735529359e-09,6.08267001248143e-09,7.60397557002562e-09
2.95875077560037e-08,1.21470545333964e-07,5.32502518546403e-08,4.33038401700681e-08,1.58274010953335e-07,6.30898079103122e-08,1.62664790995461e-07,6.52115613495282e-08,7.05560666834551e-08,2.09428607126444e-07,1.00261706526551e-07,2.70736769990381e-07,5.70220872109086e-08,6.00199943010785e-08,3.33653845928785e-08,8.6194096546967e-08,4.67656444718758e-08,6.82665541732024e-08,5.36848957072298e-08,2.95537269976564e-08,1.96477119243977e-08,4.14055724626741e-08,2.80405180693449e-08,3.74148973003559e-08,2.64106556210862e-08,1.77813179301483e-08,2.08187292965782e-08,2.50830441093162e-08,1.95467956898894e-08,2.47734145528072e-08,1.6221832902837e-08,1.88450712226527e-08,1.34381082905702e-08,1.75680115872629e-08,2.07302151384763e-08,1.87042102159552e-08,1.64867112701613e-08,1.10743331247878e-08,1.0863799128826e-08,1.77715805333557e-08,1.36129741754549e-08,1.94682729222809e-08,9.9635926761616e-09,9.36055430642504e-09,9.45614509743201e-09,1.21452109665918e-08,1.11718105242101e-08,1.32359123005945e-08,2.70906685329686e-08,7.83568498939478e-08,4.62891467268647e-08,3.84861161415488e-08,1.02235436886527e-07,5.6395236512748e-08,1.09486485780255e-07,5.73337639595434e-08,5.99549234017451e-08,1.41950531440336e-07,8.5262757689569e-08,1.84869853635255e-07,5.05933611265304e-08,5.08830525955343e-08,2.72178874836353e-08,7.26924852943035e-08,3.93424284684978e-08,5.81552010309127e-08,4.52932849754977e-08,2.42484989695237e-08,1.66825112795767e-08,3.49253525927112e-08,2.39197839422586e-08,3.32581821909418e-08,2.18748648887917e-08,1.49102641880074e-08,1.81324125989477e-08,2.1493938156839e-08,1.63797941024597e-08,2.05329750839803e-08,1.34983343128187e-08,1.61858399209373e-08,1.16099953366388e-08,1.46377906939629e-08,1.73535850016269e-08,1.52735014287574e-08,1.4206897458004e-08,9.80029112598121e-09,9.91746645978772e-09,1.51033602342442e-08,1.20893191812351e-08,1.67653865793229e-08,8.70272442509615e-09,8.39790281656129e-09,8.3310132777257e-09,1.06578484852434e-08,9.83016894013402e-09,1.11554159326613e-08
1.39627311661239e-08,3.38170637561752e-08,7.5280812596611e-08,2.49901154423429e-08,6.11230315870774e-08,4.68475594853044e-08,4.24810804084726e-08,8.8322445604301e-08,3.58370094633852e-08,7.48485373777927e-08,6.44835614536003e-08,5.70220872109086e-08,9.78316484335047e-08,3.85123788207639e-08,2.0704548067466e-08,7.1014214871871e-08,3.39869148965256e-08,6.20246201555711e-08,3.40750658372263e-08,1.82947601948645e-08,1.88406005361078e-08,2.98871121798596e-08,1.86455157022673e-08,2.78385985432555e-08,1.63818409014279e-08,1.71727140309308e-08,1.05906151169495e-08,1.66890481300599e-08,1.92434022907471e-08,1.66580787188412e-08,1.57763772911032e-08,9.57713634421977e-09,8.05156064795747e-09,1.76199634065028e-08,1.09764104639181e-08,1.8819624907068e-08,8.41525379542917e-09,7.01254953861319e-09,7.1392187954297e-09,9.64275117907326e-09,8.84850154221726e-09,1.084094905151e-08,6.34168458666772e-09,6.23814034742356e-09,6.22271619173064e-09,7.94302311739697e-09,6.88857662603366e-09,8.59376678370202e-09,1.13242862590045e-08,2.96886420176734e-08,6.68372841893465e-08,2.20796440333063e-08,5.21480989778924e-08,4.05821303712861e-08,3.76176328222312e-08,7.95183712422316e-08,3.1334455951812e-08,6.47437061037287e-08,5.65845771338725e-08,4.74159563980573e-08,8.69123419056302e-08,3.38744236603428e-08,1.75097804402327e-08,6.26445227337163e-08,2.94017270915733e-08,5.4302819225449e-08,2.97567531722467e-08,1.52713309089164e-08,1.6334415247687e-08,2.58211890722121e-08,1.60651869764324e-08,2.49583726372249e-08,1.36788467398089e-08,1.49363377256232e-08,9.62675376066926e-09,1.44788651876001e-08,1.70706750859174e-08,1.41427903428418e-08,1.36387501307755e-08,8.74577137028882e-09,7.06168497818274e-09,1.56587089651137e-08,1.00626147816696e-08,1.62991854344888e-08,7.75591634601769e-09,6.13240039018332e-09,6.1860127716717e-09,8.82275884325508e-09,7.70441869263725e-09,9.73088286566623e-09,5.49098893273872e-09,5.26091465668975e-09,5.30379117759128e-09,6.80669266716488e-09,5.79393920178585e-09,7.35811736937418e-09
1.58864373862597e-08,1.71691391625827e-08,3.10731947276924e-08,1.50568186623068e-08,2.84027959756109e-08,2.41136236463484e-08,2.11382029909208e-08,3.58349737377798e-08,9.13986750248715e-08,3.4880822902406e-08,6.66177919084085e-08,6.00199943010785e-08,3.85123788207639e-08,9.97251029502107e-08,4.42014280545771e-08,7.22968938156382e-08,7.82201524113776e-08,5.66126373067225e-08,8.90227470451461e-08,3.92553312729877e-08,1.88597581266119e-08,6.96455348074896e-08,3.45676132287888e-08,6.09198978178496e-08,3.51070728893811e-08,1.69787428598364e-08,1.53671204224997e-08,3.08214982064872e-08,1.71598866428024e-08,2.85704027529651e-08,1.54006301948654e-08,1.38972288100563e-08,9.48066788064897e-09,1.54907463508834e-08,1.46128150933807e-08,1.65863102761963e-08,1.20375640744767e-08,8.23665505529834e-09,7.61764458659938e-09,1.27539727052057e-08,9.89336471853517e-09,1.42394087878437e-08,7.25192557047785e-09,6.49977270129891e-09,6.49068798496318e-09,8.6660513557704e-09,7.31615470295109e-09,9.22962770386012e-09,1.36543057243158e-08,1.56514180536502e-08,2.81863512209138e-08,1.31307534180951e-08,2.55868241109503e-08,2.19852885250106e-08,1.90040953088373e-08,3.23883046148283e-08,8.25631884705684e-08,3.09909184715471e-08,5.92746206237065e-08,5.29306295029677e-08,3.41347924630423e-08,9.02393197017032e-08,3.89532096079497e-08,6.36849527319344e-08,7.01073609891886e-08,4.91269945957052e-08,8.03477893298946e-08,3.46048567272552e-08,1.70815381948742e-08,6.24921426934106e-08,3.11406831654894e-08,5.55533920076473e-08,3.05615298824121e-08,1.5455974397994e-08,1.39523838512946e-08,2.75413340305913e-08,1.51769730479674e-08,2.4377719635694e-08,1.40821740699669e-08,1.26078395298902e-08,8.09678171357313e-09,1.38257946102737e-08,1.30406886673176e-08,1.50382282929952e-08,1.08079603145017e-08,7.21860405372275e-09,6.80864076803855e-09,1.13499158785752e-08,8.62698922425659e-09,1.25861334122936e-08,6.32364841343681e-09,5.77032764916559e-09,5.60264677228971e-09,7.45194134255266e-09,6.16072623129941e-09,7.78632908482023e-09
1.15159834581417e-08,2.34401384689104e-08,1.69623271143421e-08,2.06117851913611e-08,1.99121132630373e-08,1.65387443231199e-08,2.63055453010096e-08,1.91455940968416e-08,4.10005900207757e-08,2.33491238053089e-08,3.43806358794668e-08,3.33653845928785e-08,2.0704548067466e-08,4.42014280545771e-08,1.09164710944039e-07,3.71801697419945e-08,7.83379835236366e-08,6.58926783627402e-08,3.92593477940618e-08,9.54832271246192e-08,3.88319463353709e-08,6.83655447975164e-08,7.54763084230503e-08,5.25636391629078e-08,8.60218868059202e-08,3.49625215115277e-08,1.64730112768224e-08,6.7820026656215e-08,3.25798003772808e-08,6.15133100298781e-08,3.14860840930921e-08,1.48733510389549e-08,1.40441549566336e-08,2.92768284952796e-08,1.56794830509591e-08,2.9028699945175e-08,1.30009475192956e-08,1.21731694190992e-08,8.56370468041321e-09,1.38415248306626e-08,1.38608295793684e-08,1.50460681694595e-08,1.09400417654137e-08,7.6094290752876e-09,6.50730357025113e-09,1.23872266003411e-08,8.68563332614056e-09,1.33718049828166e-08,1.00465289132128e-08,1.96482557461048e-08,1.5194196657638e-08,1.7887998183038e-08,1.60718391766394e-08,1.44068915561471e-08,2.22951784043373e-08,1.72391158960181e-08,3.75904266368214e-08,1.882151041704e-08,3.06301596513572e-08,2.83816254980987e-08,1.80173166414263e-08,4.05851082453978e-08,9.40212485116181e-08,3.27503409998389e-08,6.87914072438871e-08,5.61292717339365e-08,3.58972852780857e-08,8.18331457196967e-08,3.36446640761274e-08,5.99329499921152e-08,6.63960841721608e-08,4.75387814180515e-08,7.33267302656902e-08,3.02417181358068e-08,1.41764016801112e-08,5.92111998722217e-08,2.70211648078022e-08,5.2237838198347e-08,2.73679581536353e-08,1.27619854230894e-08,1.20248387620834e-08,2.43643912608736e-08,1.32293471649426e-08,2.35189139684513e-08,1.11923857822292e-08,1.03802527491539e-08,7.66900131612308e-09,1.16356691884042e-08,1.15921760759712e-08,1.29955777423041e-08,9.47046459659908e-09,6.75704595124512e-09,5.66659893160628e-09,1.02589615431819e-08,7.29458309822648e-09,1.13533691049259e-08
1.39424119062725e-08,2.85576923098796e-08,5.50528516741898e-08,2.19001091771661e-08,4.45838974018751e-08,3.44577689439701e-08,3.61992886009984e-08,6.44794520024054e-08,6.66177775907969e-08,5.51503672087888e-08,1.0463716598357e-07,8.6194096546967e-08,7.1014214871871e-08,7.22968938156382e-08,3.71801697419945e-08,1.15652266830896e-07,5.65744615976756e-08,9.1759164162492e-08,6.40729465590001e-08,3.27231568059371e-08,1.85238616340468e-08,4.99030654086593e-08,2.93094216883064e-08,4.35640362519312e-08,2.92022127653658e-08,1.65622103718659e-08,1.6805133602431e-08,2.6107506267737e-08,1.70962240086828e-08,2.50868147928567e-08,1.50434088103981e-08,1.51908140254979e-08,9.99032758684493e-09,1.54360864852299e-08,1.62432043274405e-08,1.65301710218079e-08,1.32388947067276e-08,8.60257415395038e-09,7.92080160264788e-09,1.42265893151695e-08,1.06289657084671e-08,1.59381246464152e-08,7.71836673522263e-09,6.84268190791214e-09,6.69268081164817e-09,9.44430928201301e-09,7.68920072813211e-09,1.00699951916885e-08,1.16430582737238e-08,2.61953700096904e-08,4.87804445892878e-08,1.91840210658249e-08,3.92979354521287e-08,3.02887147325155e-08,3.31146021693542e-08,5.79234150681541e-08,5.96874114705682e-08,4.89955582800867e-08,9.0936102264744e-08,7.48734945429043e-08,6.3353300840721e-08,6.5463862887186e-08,3.15131403001925e-08,1.00686568675816e-07,5.03379797028127e-08,7.97854007818939e-08,5.78486347533503e-08,2.78450509233988e-08,1.60084505082343e-08,4.43915973969281e-08,2.64908305593244e-08,4.01970663319295e-08,2.46384703366069e-08,1.43615877796112e-08,1.52037245164292e-08,2.34380588093905e-08,1.47177808759593e-08,2.12910406223684e-08,1.30658075355031e-08,1.36664655834457e-08,8.57809605728300e-09,1.33239952266505e-08,1.4357283425966e-08,1.41038730117135e-08,1.19415189402236e-08,7.44941208193237e-09,6.98002328623357e-09,1.25786790019191e-08,9.18258948587623e-09,1.42548019780892e-08,6.68006547826187e-09,5.92740206627622e-09,5.82322950730835e-09,8.03267690769816e-09,6.42033454011411e-09,8.31237414316869e-09
1.7021330074749e-08,1.86309090218312e-08,2.81200069427318e-08,1.59435119043205e-08,2.69054713153945e-08,2.30240386052411e-08,2.21670445970072e-08,3.16861079148057e-08,7.19415333013077e-08,3.20084605713901e-08,5.24442086847409e-08,4.67656444718758e-08,3.39869148965256e-08,7.82201524113776e-08,7.83379835236366e-08,5.65744615976756e-08,1.23983993063009e-07,9.24799458362001e-08,6.96522822104239e-08,6.8365486854179e-08,3.30375967096073e-08,1.08884881003249e-07,5.22350395222414e-08,8.51097944177654e-08,6.1254832173659e-08,2.96675296584505e-08,1.59298571412223e-08,4.67200206640775e-08,2.76162378962356e-08,4.21861448867935e-08,2.67318793490651e-08,1.43272955328721e-08,1.46056669247983e-08,2.48624538228039e-08,1.51300711045476e-08,2.49615921982158e-08,1.25783475408047e-08,1.27402959536828e-08,8.95359455025255e-09,1.33603720890903e-08,1.51453926653661e-08,1.50734300295917e-08,1.14021532442174e-08,7.75286384314887e-09,6.77523410257574e-09,1.33511241061316e-08,8.75500354127191e-09,1.42007391646153e-08,1.47859449021604e-08,1.59620666181142e-08,2.63013384337801e-08,1.36199880060865e-08,2.37040713119307e-08,2.07197481167039e-08,1.91029560005164e-08,2.93940393813958e-08,6.43599274119822e-08,2.82085516376937e-08,4.65487828077949e-08,4.14843086221226e-08,3.04924839034794e-08,7.02474371282569e-08,6.83016808449036e-08,5.00287372997348e-08,1.08530343073289e-07,8.02521500928704e-08,6.23023625446494e-08,5.94861978279076e-08,2.86178947713857e-08,9.561270359958e-08,4.6355001030165e-08,7.60410678324116e-08,5.2850463737143e-08,2.55843088318648e-08,1.39463438904369e-08,4.11833309928503e-08,2.37081468422938e-08,3.5984230758519e-08,2.32965187861091e-08,1.25186828684782e-08,1.25599314789796e-08,2.15385750489551e-08,1.27486057970963e-08,2.09644255784463e-08,1.10046918377988e-08,1.08499675388335e-08,7.66940373881909e-09,1.11535627364906e-08,1.25842316885176e-08,1.29986107809492e-08,9.77386053058344e-09,6.57424822102819e-09,5.78748508747182e-09,1.0920462322264e-08,7.18564093224547e-09,1.1933180387331e-08
1.37577065920651e-08,2.76914571074038e-08,4.86782911445222e-08,2.11759479996158e-08,3.98687571950671e-08,3.13021917251012e-08,3.48417665833819e-08,5.67062413022807e-08,5.24365167813206e-08,4.93370283169326e-08,8.36435689351749e-08,6.82665541732024e-08,6.20246201555711e-08,5.66126373067225e-08,6.58926783627402e-08,9.1759164162492e-08,9.24799458362001e-08,1.38179768675954e-07,4.99753783865207e-08,5.71404891546051e-08,2.93423213103804e-08,8.05322900405925e-08,4.33618704569051e-08,6.22595230613269e-08,5.10961646182079e-08,2.63813479885889e-08,1.51122254951661e-08,3.88553144255116e-08,2.5229281146241e-08,3.58958393210882e-08,2.3687432345099e-08,1.35475173836385e-08,1.50440827894634e-08,2.26681295490648e-08,1.42464582542758e-08,2.24284490714583e-08,1.20734260202885e-08,1.3047454701381e-08,9.08712677238146e-09,1.27014217511903e-08,1.55098424419818e-08,1.45260996577616e-08,1.1837705455095e-08,7.88850699824659e-09,6.42087046593035e-09,1.3913688595349e-08,8.55926444032113e-09,1.46842415761642e-08,1.17599105448267e-08,2.45253521010891e-08,4.42315964156395e-08,1.86655349539987e-08,3.54483852106132e-08,2.75904634344088e-08,3.11396189622884e-08,5.19151633846152e-08,4.58687264627947e-08,4.42592342930275e-08,7.24369616211433e-08,5.94376354990874e-08,5.60393063736096e-08,5.02214949106461e-08,5.54851973269483e-08,7.97277581468267e-08,7.99608298283164e-08,1.19769701770678e-07,4.40470643536977e-08,4.78687911561211e-08,2.47474640395393e-08,6.96603936396044e-08,3.78495219533631e-08,5.5823555451528e-08,4.25788969943386e-08,2.21543201791266e-08,1.32658827752401e-08,3.37131716229343e-08,2.1437157577781e-08,3.05005000302894e-08,2.01466987648733e-08,1.18577704104133e-08,1.27864114776815e-08,1.93637460756261e-08,1.13597062020417e-08,1.77473744143444e-08,1.06645623721613e-08,1.10549345894175e-08,8.01481313146903e-09,1.01570403538518e-08,1.33068859429544e-08,1.25315572461984e-08,1.00911999292281e-08,6.80469247292039e-09,5.64016110896324e-09,1.17307525839977e-08,7.06398466182576e-09,1.21608375632718e-08
1.42981280288537e-08,1.51185288020503e-08,2.77170065503935e-08,1.34615053534175e-08,2.53553330372724e-08,2.15706467884907e-08,1.86688915258039e-08,3.20607941904823e-08,8.21720231469462e-08,3.13138322339871e-08,5.9580333907198e-08,5.36848957072298e-08,3.40750658372263e-08,8.90227470451461e-08,3.92593477940618e-08,6.40729465590001e-08,6.96522822104239e-08,4.99753783865207e-08,1.02635119707488e-07,4.40008402290774e-08,2.10766715825986e-08,8.07738928324914e-08,3.85835250783569e-08,7.08629971918621e-08,3.88391816466679e-08,1.87761552489963e-08,1.71756752077094e-08,3.38967515270157e-08,1.92173168971613e-08,3.13004419990169e-08,1.70036004413929e-08,1.55448644388971e-08,1.086624877607e-08,1.73190634280718e-08,1.64754115863959e-08,1.85567759425425e-08,1.35328517094157e-08,9.33774873981987e-09,8.35225043913843e-09,1.42806431668766e-08,1.11149700245655e-08,1.57901561599375e-08,8.26918765043546e-09,7.03035109674895e-09,6.98822687370709e-09,9.62906991029637e-09,8.02135479649369e-09,1.03273370331866e-08,1.22795595742546e-08,1.35840048000016e-08,2.53657849517578e-08,1.16095010087767e-08,2.29697936578291e-08,1.98040776478907e-08,1.65285801765235e-08,2.91749190776312e-08,7.41087012256513e-08,2.80347321321531e-08,5.30188773622179e-08,4.72369091828084e-08,3.03493597150137e-08,8.0348205275659e-08,3.46074630172921e-08,5.63432659243232e-08,6.24961087448146e-08,4.35532474523735e-08,9.29768283648446e-08,3.97184686394511e-08,1.86748719282002e-08,7.30904980618574e-08,3.53783163480472e-08,6.48531768160413e-08,3.45692365322254e-08,1.68477491906942e-08,1.55410737046953e-08,3.08187659961776e-08,1.71607758974667e-08,2.7208484283432e-08,1.53678558482981e-08,1.40808144291437e-08,9.15876845798703e-09,1.56428608523299e-08,1.43557890487574e-08,1.63861149735668e-08,1.2153993978268e-08,8.04836836656758e-09,7.64137291610601e-09,1.23976334277596e-08,9.87399039777899e-09,1.40801200171815e-08,7.09576843715263e-09,6.35440420986958e-09,6.09329119585121e-09,8.42241557994429e-09,6.8346034650272e-09,8.96646443327053e-09
