1.4492055311441e-07,8.01474175969896e-08,4.60107310368936e-08,1.10305490715288e-07,7.57478862600495e-08,9.92493670374338e-08,6.40685513780418e-08,3.67886863335284e-08,4.24072616214737e-08,5.90692620052546e-08,3.40616656595936e-08,6.004564492917e-08,2.76797378780135e-08,3.17082521153437e-08,1.93007364082578e-08,2.37783789669391e-08,3.29733255977775e-08,2.64875887802376e-08,2.31793789163485e-08,1.28170850508592e-08,1.16575242343455e-08,2.29845048917403e-08,1.21993403564477e-08,2.31579856025442e-08,9.64612043495193e-09,8.26004500374734e-09,9.27920307957114e-09,8.43942590256574e-09,1.0962954034621e-08,1.03515785556433e-08,6.9315526662461e-09,7.88581895440052e-09,7.08248731723552e-09,9.05016866116753e-09,8.07732671377682e-09,1.05552801338962e-08,6.02956977483118e-09,5.02474931600229e-09,4.6616524879279e-09,5.5889444918059e-09,5.54422300673576e-09,6.15167811749377e-09,4.23923320722774e-09,4.57008908629562e-09,3.88439303369381e-09,4.9673958763e-09,4.77744993848239e-09,5.90953373683284e-09,8.8249519922661e-08,4.51146993118107e-08,1.64906169326185e-08,7.87434625544608e-08,4.77353324819178e-08,7.35349682432709e-08,3.33343500370623e-08,1.01614886943934e-08,9.48347941615658e-09,3.51496728630358e-08,1.2337641699801e-08,3.09899767269076e-08,7.23236003898127e-09,5.71811900037535e-09,1.12880433104687e-08,1.13031046841395e-08,-1.78564814351759e-09,1.53433709521335e-08,4.21729237156023e-09,8.79899914250403e-09,6.57152107854384e-09,-4.44978532533309e-09,5.63470153153709e-09,1.18653459482761e-09,7.56155358798553e-09,5.0336847543586e-09,5.74775867568893e-09,4.19068008215277e-09,7.01323800953937e-09,9.65361468024184e-09,4.78579900472389e-09,4.77471742172631e-09,1.39572397534868e-09,5.74395820534919e-09,4.08780889902823e-09,6.37899378933139e-09,2.39084287697936e-09,1.61796163194121e-09,1.96763481624521e-09,2.79810784685042e-09,7.38810999717358e-10,3.74628864736251e-09,8.99778322479483e-10,2.47829286526011e-09,2.42612974282776e-09,1.77218528045575e-09,2.71400705234738e-09,3.33365084115493e-09
8.01474175969896e-08,3.92141171159176e-07,9.77626058664527e-08,1.7565024110158e-07,3.31712148296517e-07,1.23013070113463e-07,3.0580403838097e-07,7.52142545055531e-08,4.95375500837726e-08,2.49788649746832e-07,7.13212566948882e-08,2.4285941051653e-07,5.09866562936557e-08,3.72792155499851e-08,4.68772728447793e-08,4.91118005935374e-08,3.6384315214872e-08,4.69363064554474e-08,2.57762880712029e-08,3.35632629861186e-08,1.87752675221543e-08,2.52500837080669e-08,3.08599710356864e-08,2.76118221081531e-08,2.45143168515768e-08,1.27783744013032e-08,1.36650398601882e-08,2.23106412838553e-08,1.67491010741134e-08,2.58024854531965e-08,1.02484979878235e-08,9.64609639015238e-09,9.27445017226999e-09,1.14144672705518e-08,1.08742003367566e-08,1.38700159859867e-08,6.90292781173949e-09,6.16554154978211e-09,6.21640502355672e-09,7.29493866238334e-09,7.17357832660049e-09,8.62334427234117e-09,6.20971766170221e-09,8.03088737012716e-09,5.76889415250961e-09,7.02846403441222e-09,9.56474649196348e-09,8.31462669485774e-09,4.97077303792766e-08,1.36155169624058e-07,6.61329475007867e-08,1.00090323077202e-07,1.9098549627822e-07,6.91764090207478e-08,9.46323095859732e-08,4.47424877568733e-08,2.50818119298335e-08,1.11870766515574e-07,4.02508333330748e-08,2.43954868846245e-08,2.87710780936196e-08,1.68787977711608e-08,2.20860375036966e-08,2.72116998040732e-08,1.32039612546457e-08,3.98919060242581e-08,1.0781467466288e-08,1.9009302115398e-08,1.69823766837682e-08,1.13400964352678e-08,1.65250943697143e-08,4.12106863265085e-09,1.23826998146219e-08,1.13153243224348e-08,1.02778778585165e-08,1.21265733474579e-08,9.57850948320753e-09,1.5482336864711e-08,9.25535320617003e-09,8.34540494779978e-09,6.96920661642257e-09,7.86549074800487e-09,7.38776829467783e-09,1.09631630507808e-08,4.81322513061123e-09,3.44017061081372e-09,3.11404180563558e-09,4.17308531304965e-09,2.93401660106915e-09,6.27802710665541e-09,3.05702708500167e-09,8.68587289219251e-09,2.74307619886185e-09,3.18665751387328e-09,6.72822471734207e-09,3.17270850004971e-09
4.60107310368936e-08,9.77626058664527e-08,2.52785897350004e-07,8.62164135975822e-08,2.06706569609264e-07,1.72935806199861e-07,7.52664837111182e-08,1.94209465115956e-07,7.64595781133856e-08,1.48316235081543e-07,1.33382382447245e-07,1.07932622753835e-07,1.38485160249372e-07,5.15430202637544e-08,3.4694408519125e-08,9.17448504711917e-08,5.28694828696412e-08,9.12805719886899e-08,3.80761283999723e-08,2.76273034292778e-08,3.20447217841914e-08,4.00625624347746e-08,2.36641222478698e-08,3.72340852073538e-08,2.00264867253903e-08,2.2042200720892e-08,1.50614758392823e-08,1.70400091124006e-08,2.8088874425121e-08,2.01108940382542e-08,1.83457253857934e-08,1.08481185908976e-08,1.19060546608091e-08,2.17744355884961e-08,1.06926020996251e-08,2.49182909732299e-08,7.79217262544965e-09,8.73301259775981e-09,6.18689902942291e-09,7.95411889128815e-09,9.98637657861955e-09,9.60496357410884e-09,8.15810968882511e-09,6.51812534228555e-09,5.74692140329517e-09,9.82146515187412e-09,6.30247289812523e-09,8.57364362504979e-09,2.74547934580252e-08,4.03793238355301e-08,1.25018849128272e-07,4.02125009626902e-08,1.10117234694197e-07,9.80249042774413e-08,3.70214152623316e-08,8.87340158683998e-08,3.82438277320563e-08,7.66807346210531e-08,7.72216056066304e-08,6.42391086664316e-08,5.86754360986837e-08,2.1586178889275e-08,2.13277694539566e-08,4.82416881665507e-08,1.45847597254564e-08,3.6522647012193e-08,1.7356983236852e-08,1.53710612649434e-08,1.79544812090794e-08,1.35950920001423e-08,1.68417689799799e-08,1.29713635270744e-08,9.00755997368764e-09,1.29102893736409e-08,8.30622996206687e-09,1.06195890939387e-08,1.40177568227096e-08,1.83126950935986e-08,1.07278393668827e-08,6.32485839703482e-09,5.97487671285033e-09,1.22316608871958e-08,1.03344160627731e-08,1.84723322726676e-08,3.06436501379405e-09,4.5937357134268e-09,3.09878075364777e-09,7.62803483379839e-09,9.50802579805308e-10,7.70549849580959e-09,4.45501441893181e-09,2.90976589490157e-09,2.26566000725526e-09,1.85643222257007e-09,4.44891932473727e-09,4.50885251702958e-09
1.10305490715288e-07,1.7565024110158e-07,8.62164135975822e-08,2.35263284769273e-07,1.26120486857484e-07,1.65964186803974e-07,1.38534548471653e-07,6.84733903753337e-08,4.42586457808725e-08,9.82461608060548e-08,6.03944539878718e-08,9.34344046736936e-08,4.66232394088336e-08,3.0843485057588e-08,4.67205640067546e-08,4.02462178335839e-08,3.34906881577206e-08,4.43111489473074e-08,2.14063701610335e-08,3.30920172358034e-08,1.58141674025406e-08,2.27936855132936e-08,3.09589425060209e-08,2.24698247412558e-08,2.47176801032697e-08,1.0961290230826e-08,1.17991499322684e-08,2.13785339371718e-08,1.33502301939822e-08,2.38910019904954e-08,9.31834550023517e-09,9.32647478234688e-09,7.05932229935286e-09,1.01201913810823e-08,8.91840425097512e-09,1.15967513234484e-08,6.99671332645322e-09,5.77205289466987e-09,5.57810766588175e-09,6.66703933089519e-09,6.45578625410339e-09,7.49625907059556e-09,5.44708976494504e-09,4.98954055852619e-09,4.85013756407975e-09,5.98238504094985e-09,6.47802831555325e-09,7.83702103978225e-09,8.43538590381097e-08,1.09690452340644e-07,5.23560640223833e-08,1.51721716914091e-07,7.7122346490389e-08,1.17958040808665e-07,9.0345007299406e-08,4.01576059875127e-08,1.94649280795577e-08,5.93461993763374e-08,3.51356934548949e-08,5.5652300194942e-08,2.32381771213242e-08,9.87607595119935e-09,2.34610435289718e-08,2.39145028476084e-08,8.08004037062945e-09,3.33123960683915e-08,8.39505523619317e-09,2.05314919319805e-08,1.3681264423281e-08,6.54344480453816e-09,2.19776423607203e-08,-1.08770741252921e-09,1.41174748191945e-08,9.11716974894181e-09,7.44165589850951e-09,1.51678231410748e-08,9.87155364751267e-09,1.58788822006007e-08,8.23149454801565e-09,6.28360348328251e-09,2.77116987565702e-09,8.73753830397075e-09,4.02331534000873e-09,8.39122721824523e-09,4.25744010922127e-09,2.03400518896965e-09,8.53852743280933e-10,3.14312058412291e-09,2.70788308298094e-09,4.4870238649057e-09,1.76110393851054e-09,3.79747075387946e-09,3.47649862335019e-09,4.2909188450631e-09,3.82773990458712e-09,4.43845306576016e-09
7.57478862600495e-08,3.31712148296517e-07,2.06706569609264e-07,1.26120486857484e-07,4.96457826916559e-07,2.24607884829896e-07,2.49869701455938e-07,1.48306960198078e-07,7.47976191482238e-08,3.47117985746371e-07,1.07613356843042e-07,2.90175951707945e-07,1.00601180894446e-07,5.2061719524216e-08,3.69838672775135e-08,7.03842383045301e-08,5.11015978062022e-08,6.71734401637702e-08,3.88929360751468e-08,3.01164618137157e-08,3.48897859325171e-08,3.86900182405106e-08,2.57141163051479e-08,3.97175804123472e-08,2.05066155440688e-08,2.50031340943712e-08,1.6175584332491e-08,1.76936295104455e-08,3.18211932734937e-08,2.12454742666734e-08,2.06943652509873e-08,1.0909344263108e-08,1.07249712206469e-08,2.28401962516448e-08,1.1667966625746e-08,2.39446018619501e-08,8.23001591356884e-09,7.50401172919143e-09,7.79416360599187e-09,8.85342880408401e-09,9.01698035678794e-09,1.07449798723123e-08,7.80202344973709e-09,1.10134853181795e-08,7.40957862846478e-09,9.52957435825448e-09,1.19512226575891e-08,9.89920720597687e-09,4.36450522002004e-08,7.78192489408804e-08,1.30507854811386e-07,5.43580507615363e-08,2.75345276159889e-07,1.36915419449701e-07,5.49271954081992e-08,8.16794352833602e-08,3.82559663131664e-08,1.65914924095998e-07,6.39154637246131e-08,4.93237757099624e-08,5.41974700925413e-08,2.52179992824709e-08,1.86579482142028e-08,3.86780771321396e-08,1.53774173993171e-08,3.3258090534723e-08,1.70301187617847e-08,1.46108302075531e-08,2.60383221895007e-08,1.40723485755497e-08,1.3721244145801e-08,1.31156773212732e-08,9.99993850951849e-09,1.90122925906115e-08,9.49070527126933e-09,9.59930513482235e-09,1.3447252980503e-08,1.22528338317273e-08,1.66138188694627e-08,7.85932946506678e-09,9.19118593115737e-09,1.17641303070725e-08,9.49678116709524e-09,1.73223908144338e-08,4.63010912864408e-09,6.12052516449088e-09,7.36649385459551e-09,6.61153933945024e-09,1.73710926560025e-09,6.89528753487111e-09,4.78944057407888e-09,1.24075307536981e-08,1.67542692444251e-09,1.91754862443802e-09,1.12854884296051e-08,4.97781879813114e-09
9.92493670374338e-08,1.23013070113463e-07,1.72935806199861e-07,1.65964186803974e-07,2.24607884829896e-07,2.84118003582725e-07,9.68699413783534e-08,1.30128946022485e-07,6.64761818975483e-08,1.65864381454583e-07,9.46416785081257e-08,1.25317899043648e-07,8.7982905149011e-08,4.41375711239125e-08,3.32776459252946e-08,6.18270550975731e-08,4.47450988634783e-08,5.9212482771022e-08,3.26846857644436e-08,2.61537761678817e-08,3.01736117389079e-08,3.31029721653066e-08,2.26416558851026e-08,3.27905368179954e-08,1.93528754005617e-08,2.13222715786719e-08,1.32786242806849e-08,1.60213787857588e-08,2.72442721294138e-08,1.79704900956205e-08,1.76184414638952e-08,9.99313997390407e-09,8.53603573006108e-09,2.08158495628424e-08,9.6932399299981e-09,2.05349515172403e-08,8.48651248681769e-09,6.90499872956876e-09,7.1724273015051e-09,8.27137741890624e-09,8.43986746821953e-09,9.80931482848681e-09,6.71805956599324e-09,6.90611887351406e-09,6.21480298736393e-09,8.34792832182841e-09,7.78407909054543e-09,9.23415533070052e-09,7.50936150524237e-08,6.09268792065771e-08,1.02857682648947e-07,1.05472220701089e-07,1.30642587381717e-07,1.85793281656934e-07,5.9246442604397e-08,7.28033517156486e-08,3.13968728022912e-08,9.18875162455613e-08,5.48738443051376e-08,6.80800962266711e-08,4.47163735709492e-08,1.99210949896741e-08,2.56633262467024e-08,3.32268097055631e-08,2.1379588920874e-08,2.74295202154176e-08,1.56576499134907e-08,2.013848373725e-08,1.81107482177471e-08,1.85451924620436e-08,1.54249632202915e-08,9.50420351118581e-09,1.56566624855017e-08,1.32597532386636e-08,7.50006624648779e-09,1.10611067840876e-08,1.13930027831826e-08,1.3649049173737e-08,1.31197334943311e-08,6.32993529155305e-09,8.97199684175355e-09,1.06498535263788e-08,7.94216213056939e-09,1.76788196948525e-08,4.6720438529263e-09,7.72027243146423e-09,4.54577422131525e-09,6.2660438499919e-09,3.79894240372337e-09,5.74984548277277e-09,5.82330908602744e-09,5.0991018001623e-09,3.6364274903202e-09,3.69583147720223e-09,7.0745685369952e-09,7.38524116433938e-09
6.40685513780418e-08,3.0580403838097e-07,7.52664837111182e-08,1.38534548471653e-07,2.49869701455938e-07,9.68699413783534e-08,3.92024119683076e-07,8.84946016432153e-08,5.46097091021095e-08,3.14925602474733e-07,8.65733798307938e-08,3.12032767441805e-07,6.22252528896394e-08,4.19890637242995e-08,5.46031933481e-08,6.16705551427949e-08,4.28591279105447e-08,6.18540393036059e-08,2.98640123843843e-08,3.98992040503582e-08,2.23667255054193e-08,3.01810230570269e-08,4.0193976853786e-08,3.17568960853486e-08,2.96930624450103e-08,1.57236011724939e-08,1.68393747451401e-08,2.95347047352434e-08,2.0639142386784e-08,3.39609424081412e-08,1.23235250906691e-08,1.12149899136631e-08,1.04244204309926e-08,1.415047382813e-08,1.29537308575885e-08,1.62138347721126e-08,8.31284361588198e-09,7.01997837448972e-09,8.01565960276317e-09,9.10256137911849e-09,9.22974918765704e-09,1.0480908607791e-08,5.80900254023776e-09,6.11165138024496e-09,5.84754372342424e-09,7.30987911805239e-09,7.61111058501627e-09,8.44969863538367e-09,4.19928115179676e-08,9.46494934515323e-08,4.47408725933538e-08,7.83637881994787e-08,1.11918452062072e-07,4.74200816006506e-08,1.33847958394151e-07,6.01061236650525e-08,2.65112341003039e-08,1.46201106489471e-07,4.9824174501077e-08,6.5229546206167e-08,4.03504239585775e-08,1.82109013655773e-08,1.7155088128253e-08,3.36815716557474e-08,7.45257427416946e-09,3.93075107336256e-08,1.26891175576399e-08,1.49610953664073e-08,1.95921973572234e-08,8.61618925729734e-09,2.75110475391498e-08,4.22617819612852e-09,9.16512820851147e-09,1.45036580404036e-08,1.15854047343297e-08,2.0755406925924e-08,1.45806611871272e-08,2.16067425663751e-08,1.15886221893186e-08,7.80568939362108e-09,8.87960328956271e-09,1.16260931174818e-08,8.32127931900252e-09,1.30927367718397e-08,5.1759309019779e-09,5.2669680420672e-09,4.66828019365106e-09,6.15365978055416e-09,5.38100085121013e-09,7.53088540342853e-09,3.74969417645462e-09,5.39726761629391e-09,4.64463474328771e-09,3.31319657694497e-09,5.95849989264846e-09,5.77594950334999e-09
3.67886863335284e-08,7.52142545055531e-08,1.94209465115956e-07,6.84733903753337e-08,1.48306960198078e-07,1.30128946022485e-07,8.84946016432153e-08,2.25476317862094e-07,8.64448198836876e-08,1.7225792522774e-07,1.56810778052054e-07,1.26868312876244e-07,1.63573759976455e-07,5.8484321063494e-08,4.09924118333777e-08,1.10277077769595e-07,6.11105823883015e-08,1.09185755693927e-07,4.27426384313832e-08,3.15977220882082e-08,3.69099451145203e-08,4.47765376475054e-08,2.86678975319778e-08,4.09777794131671e-08,2.29914780979755e-08,2.60403865659699e-08,1.57155753347196e-08,2.09782660801896e-08,3.10119458820496e-08,2.57703148427067e-08,2.04842014043672e-08,1.13744162627911e-08,1.29707834514324e-08,2.40833771923472e-08,1.13479148390959e-08,2.63822903311055e-08,8.36805193558926e-09,9.77670241958125e-09,7.2972246583676e-09,8.64200037917001e-09,1.29824342960873e-08,1.12579558904762e-08,8.30954105619555e-09,6.57219343534978e-09,5.84247918392066e-09,1.17785960056099e-08,6.45887691790329e-09,1.08290115204345e-08,1.82848227441525e-08,3.70140711146707e-08,8.8691560602001e-08,3.80623887574272e-08,7.66572113335013e-08,6.46839891949536e-08,4.12059095906319e-08,1.12813428488238e-07,4.30521643173139e-08,8.98985568409734e-08,9.53953002350617e-08,7.26800483173737e-08,7.72945330886972e-08,2.5659971039857e-08,1.95860675231775e-08,6.1389493844903e-08,1.58559153633158e-08,4.20946692949343e-08,1.90491978061634e-08,1.35500169010535e-08,2.46200211653791e-08,1.4720641344814e-08,1.90624919752759e-08,1.41573619003273e-08,6.8219303525871e-09,1.79360259320277e-08,8.48025367456486e-09,1.1590761686046e-08,1.88251906045287e-08,1.5553457897979e-08,1.55498204088976e-08,6.09609411843657e-09,8.92506748466425e-09,1.56204146860224e-08,1.00928591839255e-08,2.1057711133088e-08,3.11913859212194e-09,7.07629664300941e-09,3.44288191646879e-09,7.76748077476945e-09,2.98075214422676e-09,7.95518860897531e-09,4.80695505558804e-09,3.4099481023589e-09,3.30994238603488e-09,2.66301370437601e-09,5.97179819895972e-09,6.69877116944595e-09
4.24072616214737e-08,4.95375500837726e-08,7.64595781133856e-08,4.42586457808725e-08,7.47976191482238e-08,6.64761818975483e-08,5.46097091021095e-08,8.64448198836876e-08,2.44991235400174e-07,8.29343283200405e-08,1.81497223388425e-07,1.68039348033804e-07,5.85053648362599e-08,1.71544180876199e-07,7.90896584274229e-08,1.2337473173973e-07,1.34743493962187e-07,9.70123461465829e-08,1.23602991976554e-07,5.82470829035199e-08,3.15355383685549e-08,9.68748729613286e-08,4.6702102853133e-08,8.19802757710398e-08,4.34795001516059e-08,2.27834152257957e-08,2.34382302575314e-08,3.48606419772889e-08,2.34721455838047e-08,3.45135590389464e-08,1.74300586866441e-08,1.88535791944588e-08,1.51150522523115e-08,1.83865492549434e-08,2.29984452472568e-08,2.14609956278353e-08,1.37308569040148e-08,1.08341175594808e-08,7.49977032128402e-09,1.63116683725977e-08,1.02789691034791e-08,1.62767286854919e-08,9.27920581560678e-09,6.89786783832137e-09,5.8685980675725e-09,8.89874896005969e-09,7.33188004480722e-09,9.30214048448097e-09,1.60267747878386e-08,2.95056013828491e-08,3.30715759277597e-08,2.74429772722715e-08,4.26045816164951e-08,2.94845429509711e-08,2.80113394250847e-08,4.01296025430809e-08,1.56175945322803e-07,4.1927168448285e-08,1.22264186817562e-07,1.02389016073611e-07,2.4161545614286e-08,1.1384789925265e-07,4.48669251964669e-08,8.78099981500937e-08,6.49737282935485e-08,4.74190674736059e-08,7.5804972857393e-08,3.58450128881228e-08,1.98757219896272e-08,4.68548057543564e-08,2.71966731761076e-08,3.40562630628213e-08,2.40032730664013e-08,1.63912298698704e-08,1.81588794666576e-08,1.96589362150687e-08,1.20949190447659e-08,2.15916438169906e-08,1.21435846785158e-08,1.4512591857047e-08,1.10474889330671e-08,9.34084642155246e-09,1.84216347140463e-08,1.23500373397604e-08,8.46361235508641e-09,7.97890933326559e-09,6.40808258611889e-09,1.23342795242321e-08,6.88375464519777e-09,1.54034169097666e-08,5.53859997878663e-09,6.46423049494616e-09,7.14393698582323e-09,5.05575185755254e-09,6.880718232451e-09,7.65724461913866e-09
5.90692620052546e-08,2.49788649746832e-07,1.48316235081543e-07,9.82461608060548e-08,3.47117985746371e-07,1.65864381454583e-07,3.14925602474733e-07,1.7225792522774e-07,8.29343283200405e-08,4.37638511702939e-07,1.25589057953812e-07,3.70745807276776e-07,1.18667285101312e-07,5.73724134468752e-08,4.33335299866143e-08,8.45797235059963e-08,5.61134356340374e-08,8.16386602648792e-08,4.26666015630246e-08,3.5124150742477e-08,3.92947322566828e-08,4.23268989716527e-08,3.54312872410369e-08,4.40030579835532e-08,2.47683826717405e-08,2.85316483488726e-08,1.8190471210128e-08,2.560803125232e-08,3.4525173624458e-08,2.95231096207128e-08,2.28292047762836e-08,1.23886394282275e-08,1.15047607573981e-08,2.50411759466925e-08,1.35774867409687e-08,2.5875065113741e-08,9.67287364605773e-09,8.21863351403758e-09,9.2191505924034e-09,1.05922135049852e-08,1.0551313797921e-08,1.23871056614915e-08,6.81937262762477e-09,7.56963047385324e-09,6.87874059875869e-09,8.74437423893776e-09,8.32128604416307e-09,9.27223040693931e-09,2.3111922358815e-08,5.49188499362624e-08,8.16132644060096e-08,4.69571800686255e-08,1.65886887583526e-07,8.84976284211513e-08,8.49080514023064e-08,9.94444433906349e-08,3.93950722227766e-08,2.16423432622731e-07,7.48704124866667e-08,9.9636770172318e-08,6.56969632169995e-08,2.71097091595438e-08,7.54448659977428e-09,4.45332408210483e-08,1.38104384108553e-08,2.73780365337315e-08,1.84852473314616e-08,4.53900115589857e-09,2.79530302140921e-08,1.31982371046098e-08,2.31858287768732e-08,1.44155288105593e-08,1.53728416081624e-09,2.04735923893197e-08,1.01847609008313e-08,1.73634801669332e-08,1.64280757194286e-08,1.48162978642427e-08,1.82994547135386e-08,7.62492138714448e-09,1.26537946912263e-08,1.41691344782499e-08,1.08601972012263e-08,1.92361999045587e-08,4.77389811077116e-09,9.36044766471268e-09,8.30931358939679e-09,8.26598636232111e-09,5.59222257076778e-09,7.17230190244894e-09,5.80948249703386e-09,6.89024020310225e-09,3.14785087709426e-09,1.53658590021033e-09,8.13268364931623e-09,5.95490626615624e-09
3.40616656595936e-08,7.13212566948882e-08,1.33382382447245e-07,6.03944539878718e-08,1.07613356843042e-07,9.46416785081257e-08,8.65733798307938e-08,1.56810778052054e-07,1.81497223388425e-07,1.25589057953812e-07,2.84061299624422e-07,2.29270127141007e-07,1.10273552247437e-07,1.23341391056701e-07,7.01885560670296e-08,2.00050277794944e-07,9.74001429774571e-08,1.54508732949151e-07,8.93933867891193e-08,5.28722412914675e-08,3.09555784453198e-08,7.08229332558259e-08,4.34884834737764e-08,6.10386197979533e-08,3.95470872002374e-08,2.15759352288714e-08,2.45470961987013e-08,3.22959583948978e-08,2.40627376512354e-08,3.28730502375923e-08,1.55615961532122e-08,1.88074961809988e-08,1.31512108333596e-08,1.75789659449624e-08,2.10376185770237e-08,1.88098885685556e-08,1.4100544668929e-08,9.8089074937484e-09,6.95966528473391e-09,1.55932782990695e-08,9.8018329541696e-09,1.5950567898162e-08,8.42861787893747e-09,6.4861034758521e-09,5.79502004340304e-09,8.88950562668095e-09,6.754413261229e-09,8.748841120881e-09,1.232954581476e-08,4.02850841110231e-08,5.71729070653641e-08,3.15361140287132e-08,4.99523941649187e-08,3.30495896354652e-08,4.24938542746304e-08,7.50227939795797e-08,1.41473501851685e-07,5.83182617833597e-08,1.77266574443958e-07,1.476128260179e-07,4.9341430305504e-08,1.01631597587775e-07,3.08529231268071e-08,1.2495015828094e-07,5.48259327444092e-08,6.89607105607538e-08,7.08224884552388e-08,2.20275599062392e-08,1.92577594772465e-08,4.09476117103866e-08,2.62584615347028e-08,3.88072019648693e-08,1.42423290215169e-08,1.57445731958283e-08,2.04639805888607e-08,1.92424293696144e-08,8.79198903818672e-09,1.3300638459202e-08,9.61602542426958e-09,1.62475614679378e-08,9.52961213792926e-09,6.70632786476652e-09,1.81354999571546e-08,9.49659057925181e-09,1.10225489075845e-08,7.19556896015855e-09,5.36043416233611e-09,1.35084737875029e-08,3.63635640229531e-09,1.46469081224422e-08,4.9488360784885e-09,5.7346907082736e-09,7.83692230905589e-09,3.12111037840527e-09,7.74440710082365e-09,7.65072497845301e-09
6.004564492917e-08,2.4285941051653e-07,1.07932622753835e-07,9.34344046736936e-08,2.90175951707945e-07,1.25317899043648e-07,3.12032767441805e-07,1.26868312876244e-07,1.68039348033804e-07,3.70745807276776e-07,2.29270127141007e-07,5.28123797840729e-07,8.57628467723394e-08,1.15539324165281e-07,6.86881335045778e-08,1.57205676706301e-07,9.3167740063177e-08,1.24515053022065e-07,8.42247177936295e-08,5.41268558047254e-08,3.85585166078894e-08,6.91996235368794e-08,5.44520280989818e-08,6.72652389534297e-08,4.09607405884822e-08,2.82579847577713e-08,3.04650306413354e-08,4.02114237346719e-08,2.99009393639413e-08,3.89579459008005e-08,2.18348430726513e-08,2.26169585307296e-08,1.54131004358525e-08,2.12732656208509e-08,2.48649110424938e-08,2.42407972446055e-08,1.78553439735698e-08,1.26358507049818e-08,1.01078827477202e-08,1.98870948561855e-08,1.33432120136339e-08,1.95410080410634e-08,1.07309894432534e-08,8.72051605903253e-09,8.86598006349469e-09,1.13022271930749e-08,1.1035500460603e-08,1.19208694718574e-08,1.43131816596555e-08,5.15579393432383e-08,4.76003908565007e-08,3.94417432909007e-08,1.32500004777964e-07,5.53015660140044e-08,8.67064612847896e-08,6.98514132963017e-08,1.11885114378925e-07,1.82153999696163e-07,1.45405616738631e-07,2.00304428152969e-07,4.54069740627885e-08,7.98201543320775e-08,1.597724758925e-08,9.86510636241069e-08,3.54335799588379e-08,4.53608807417946e-08,5.54684463138132e-08,1.14023461777689e-08,3.15964995993548e-08,3.49269055412746e-08,3.18511288558001e-08,3.31256153781295e-08,7.89262685923453e-09,2.65957907811622e-08,2.02024761818261e-08,2.65768611678371e-08,2.12006763171329e-08,2.08940263627584e-08,2.12816427993303e-08,1.52143877507888e-08,1.36722527906639e-08,1.82125425886715e-08,1.89334179239171e-08,1.53003373606297e-08,1.07328487671775e-08,1.01792645895569e-08,9.56102045933809e-09,1.42756713373124e-08,8.38484756018781e-09,1.56767650975664e-08,7.33222990089782e-09,7.74961444518287e-09,1.16568530733334e-08,4.24141582574556e-09,1.54285254071567e-08,1.47268911204838e-08
2.76797378780135e-08,5.09866562936557e-08,1.38485160249372e-07,4.66232394088336e-08,1.00601180894446e-07,8.7982905149011e-08,6.22252528896394e-08,1.63573759976455e-07,5.85053648362599e-08,1.18667285101312e-07,1.10273552247437e-07,8.57628467723394e-08,1.9750363594601e-07,7.29590962264523e-08,4.96729851877664e-08,1.37968647434128e-07,7.47919799889888e-08,1.36213065460393e-07,5.25534343397685e-08,3.62951440948681e-08,4.08958764136123e-08,5.34698901488503e-08,3.38977011541115e-08,4.96331569902436e-08,2.69099568945649e-08,2.91171481521919e-08,1.68957262205808e-08,2.4691042824675e-08,3.38873398312459e-08,2.9826109437857e-08,2.28543874965901e-08,1.23954267428902e-08,1.3092152453803e-08,2.6380214572937e-08,1.25284839318024e-08,2.84003893662134e-08,9.38742219224456e-09,9.87952046131621e-09,7.75799023210723e-09,9.68989129257833e-09,1.29628488793115e-08,1.20573357583256e-08,8.4226155877394e-09,6.72365728913251e-09,6.20152846457625e-09,1.15852530705434e-08,6.68031901255483e-09,1.07886537490614e-08,9.79219681575356e-09,2.75537510327508e-08,5.8555966109547e-08,2.83030854755563e-08,4.85356724760384e-08,3.6458460668231e-08,3.26445105814437e-08,7.72697517695914e-08,2.56095054962245e-08,6.46016180080177e-08,6.13101054654616e-08,4.95435614895496e-08,9.97778529498549e-08,3.69832939426457e-08,2.47834308024599e-08,8.29901022176823e-08,3.12964217807632e-08,6.94159277208008e-08,2.69913625234153e-08,1.30538422693974e-08,2.63513453883401e-08,2.31917194806969e-08,1.97277144059071e-08,1.71991323409373e-08,6.83051131893196e-09,1.86339807762775e-08,6.21663111155368e-09,1.21237737435786e-08,1.68601006218597e-08,1.3477240933448e-08,1.64230572424109e-08,5.05489783613826e-09,9.02951874656154e-09,1.49575328288764e-08,8.85595892297533e-09,1.99442044472169e-08,3.03453188596779e-09,7.16680443082563e-09,5.17860735621031e-09,7.24068902389169e-09,4.67605915627448e-09,8.9624964053656e-09,4.94779256594549e-09,4.78575975833886e-09,2.95499227125084e-09,3.65188599419084e-09,6.81429084303327e-09,7.59811210969972e-09
3.17082521153437e-08,3.72792155499851e-08,5.15430202637544e-08,3.0843485057588e-08,5.2061719524216e-08,4.41375711239125e-08,4.19890637242995e-08,5.8484321063494e-08,1.71544180876199e-07,5.73724134468752e-08,1.23341391056701e-07,1.15539324165281e-07,7.29590962264523e-08,2.20218532161996e-07,9.94675026789797e-08,1.5789806232575e-07,1.71017107160163e-07,1.26527595194579e-07,1.56157113598187e-07,7.09509922908573e-08,4.04155495274909e-08,1.1961860971988e-07,5.93204857513605e-08,1.05414542717309e-07,5.18738530612822e-08,2.87782214669838e-08,2.80264283128744e-08,4.43172884250085e-08,2.97548999412401e-08,4.39538509521088e-08,2.16743212219374e-08,2.22939977563133e-08,1.78949296787319e-08,2.27270487537501e-08,2.69281704269374e-08,2.64552512923859e-08,1.68186637049109e-08,1.3010392444471e-08,8.99844299339309e-09,1.954221846852e-08,1.222937417011e-08,1.90490764397788e-08,1.09353638974875e-08,7.84197881094235e-09,6.55267847115295e-09,1.0718598246686e-08,8.44296062961242e-09,1.09783410443359e-08,9.73465678426034e-09,2.18313821977397e-08,1.83465790351806e-08,2.01940890135312e-08,2.74453492449075e-08,1.97367413936071e-08,2.26506768476864e-08,2.41269082198388e-08,1.13769035160255e-07,3.05579702846207e-08,8.77065358623089e-08,7.5804745401673e-08,3.69262913267054e-08,1.57242443388902e-07,6.79590137910827e-08,1.10609012211162e-07,1.00932752542933e-07,7.41463686066681e-08,1.03914586116412e-07,5.01024365473712e-08,2.51163110251356e-08,6.85877882171641e-08,3.98084297196427e-08,5.2210892758081e-08,3.53658688291042e-08,2.02723437855643e-08,2.20486502238255e-08,2.87169219026242e-08,1.33605932498645e-08,2.60462093938676e-08,1.41512023612345e-08,1.68344338612915e-08,1.22353051881312e-08,9.78421231289291e-09,2.15542266710632e-08,1.49932840977554e-08,1.06165085118531e-08,9.58321742662728e-09,7.76597459214249e-09,1.49320362923351e-08,9.11694496773929e-09,1.75927841740056e-08,7.14494927651072e-09,7.32936781705416e-09,7.98352976806848e-09,7.59481996925848e-09,8.62724700184285e-09,9.88278823403385e-09
1.93007364082578e-08,4.68772728447793e-08,3.4694408519125e-08,4.67205640067546e-08,3.69838672775135e-08,3.32776459252946e-08,5.46031933481e-08,4.09924118333777e-08,7.90896584274229e-08,4.33335299866143e-08,7.01885560670296e-08,6.86881335045778e-08,4.96729851877664e-08,9.94675026789797e-08,3.20260670687364e-07,9.07205792810265e-08,2.30803346137822e-07,2.1096255378594e-07,7.10045332133297e-08,2.15325704911182e-07,7.96899058100098e-08,1.53187779421258e-07,1.45264713134949e-07,1.01471503129982e-07,1.55214180332468e-07,5.62954537434418e-08,2.60312489783665e-08,1.02939086332483e-07,5.16642639644763e-08,9.51859423378294e-08,4.01642275752144e-08,1.91891782815181e-08,3.26287200627161e-08,3.65469541358423e-08,2.16778638463146e-08,3.79925800833356e-08,1.39807935276134e-08,2.59910565488736e-08,1.23303544455097e-08,1.54094837778869e-08,2.91939103363381e-08,1.41902550871355e-08,2.2018846915196e-08,9.48961567208688e-09,7.20452759463542e-09,2.40905576290073e-08,1.02331211737486e-08,2.49579523525243e-08,3.13030433767746e-09,2.4878294615466e-08,1.9032697444026e-08,2.38960547454331e-08,2.82555106119856e-08,1.93959160917758e-08,2.49627510545167e-08,2.72620413313725e-08,5.69004659697578e-08,2.7439833135879e-08,5.45786975150055e-08,5.46599759922833e-08,3.50715269987648e-08,7.73275646898774e-08,1.93333154125283e-07,6.84061857998391e-08,1.58607698117826e-07,1.32276223877745e-07,5.16694495056372e-08,1.40658384180453e-07,6.80772513086668e-08,9.9973885892721e-08,1.09367957364901e-07,6.07209878996427e-08,9.69428489961415e-08,4.95047711145786e-08,1.79144715177319e-08,7.50986008323685e-08,3.86146798324199e-08,5.7632703886991e-08,3.45595705061422e-08,1.25943345715493e-08,2.22194858915566e-08,2.43098898286712e-08,9.18978441866383e-09,2.6918191275691e-08,9.62111662244946e-09,1.6982494963923e-08,8.38807429969231e-09,7.37106827295063e-09,2.22349079852375e-08,9.90987541810305e-09,1.39568141473043e-08,8.61955005423926e-09,9.81559373060882e-09,1.82973905557716e-08,1.31008702027809e-08,2.22177321182026e-08
2.37783789669391e-08,4.91118005935374e-08,9.17448504711917e-08,4.02462178335839e-08,7.03842383045301e-08,6.18270550975731e-08,6.16705551427949e-08,1.10277077769595e-07,1.2337473173973e-07,8.45797235059963e-08,2.00050277794944e-07,1.57205676706301e-07,1.37968647434128e-07,1.5789806232575e-07,9.07205792810265e-08,2.58391307498992e-07,1.26351675651709e-07,2.04771637044022e-07,1.13543210394058e-07,6.39619942489276e-08,3.73729721373513e-08,8.90667979162362e-08,5.3529176013204e-08,7.79374230869086e-08,4.69585008362557e-08,2.57988472079516e-08,2.72897644903594e-08,3.95388477852829e-08,2.83343052252935e-08,4.0815911763564e-08,1.85915148456288e-08,2.08389986647968e-08,1.48928433430689e-08,2.04218923588787e-08,2.33600314896391e-08,2.19415734331477e-08,1.61955068073408e-08,1.11543902345216e-08,8.68250343117097e-09,1.76536871669076e-08,1.15863865352368e-08,1.80936545955644e-08,9.50868363226203e-09,7.60629031003428e-09,6.12793541781747e-09,1.01419589283117e-08,7.38214052217588e-09,9.63590666886714e-09,8.22719053446205e-09,2.90566921189869e-08,3.39652404975861e-08,2.04770671149342e-08,3.08133196911476e-08,1.81113696792464e-08,3.12741283852327e-08,4.93079709438433e-08,1.01564854869895e-07,4.08408202270938e-08,1.24841712697902e-07,1.03766492334948e-07,7.54683198461855e-08,1.31853880689013e-07,5.61957106968221e-08,1.65348483760523e-07,9.07546656267494e-08,1.16616859385838e-07,9.09506524203458e-08,3.55235513969024e-08,2.08767929486288e-08,6.09346741012878e-08,3.54715593207504e-08,5.43265830804667e-08,2.383922670752e-08,1.69191722520939e-08,1.99352932525464e-08,2.54580579039824e-08,7.83131132576898e-09,1.72748662886908e-08,1.0101623402251e-08,1.56530342492785e-08,1.05232971000753e-08,5.78977668207633e-09,1.91669386429784e-08,8.96133803630439e-09,1.10562657053817e-08,8.88856036748478e-09,5.70071889511454e-09,1.47789864685995e-08,5.27329710631721e-09,1.52954565066521e-08,6.51861608999746e-09,5.68612224808078e-09,8.32732575069959e-09,4.25261959166796e-09,9.0544773666674e-09,9.51419417468923e-09
3.29733255977775e-08,3.6384315214872e-08,5.28694828696412e-08,3.34906881577206e-08,5.11015978062022e-08,4.47450988634783e-08,4.28591279105447e-08,6.11105823883015e-08,1.34743493962187e-07,5.61134356340374e-08,9.74001429774571e-08,9.3167740063177e-08,7.47919799889888e-08,1.71017107160163e-07,2.30803346137822e-07,1.26351675651709e-07,3.36837633063417e-07,2.66509652948005e-07,1.1968569273281e-07,1.53193855867567e-07,7.24133522228813e-08,2.25535003268217e-07,1.00790238473211e-07,1.58840184545397e-07,1.1239034924498e-07,5.08379368060162e-08,2.71691429817593e-08,7.16204942355769e-08,4.83095374594028e-08,6.67970409814403e-08,3.65364682590549e-08,1.95834130434708e-08,3.70596963677885e-08,3.4127964072039e-08,2.47110287953437e-08,3.85659919253949e-08,1.4166751212404e-08,2.84121966172278e-08,1.40593780856566e-08,1.73123787437883e-08,3.11164940358385e-08,1.66740614587314e-08,2.38289699814378e-08,1.11216900770726e-08,8.00798072415672e-09,2.55498036465423e-08,1.18553379132767e-08,2.64107086879738e-08,1.4892579492997e-08,1.75457125588848e-08,1.86863850161931e-08,1.31768155501437e-08,2.95400923740543e-08,1.50937533378405e-08,1.7802264785486e-08,3.26511124927043e-08,8.12506595069929e-08,3.56398270588239e-08,6.86968160213516e-08,6.1703519367223e-08,4.46393929230401e-08,1.15964784584213e-07,1.50289914747599e-07,8.74302718792568e-08,2.02907762564528e-07,1.68274457362502e-07,7.83808261934635e-08,1.1023538012731e-07,5.19778853437204e-08,1.38223107108738e-07,7.12109956423061e-08,8.8655532274863e-08,7.65470761897703e-08,4.05944400292287e-08,1.14358386838742e-08,5.00527201309826e-08,3.15351583163652e-08,3.8819668061898e-08,2.99507402333601e-08,7.49769709879788e-09,3.08588294371325e-08,2.13188341131258e-08,1.29155282607061e-08,2.86735555321131e-08,4.9499840315894e-09,2.39688813372802e-08,1.14977590186039e-08,9.13092609464093e-09,2.38966349108978e-08,1.07767879109484e-08,2.06695449311381e-08,9.05086773873343e-09,9.58016333045338e-09,1.87746049854181e-08,1.45444968220636e-08,2.38913784383406e-08
2.64875887802376e-08,4.69363064554474e-08,9.12805719886899e-08,4.43111489473074e-08,6.71734401637702e-08,5.9212482771022e-08,6.18540393036059e-08,1.09185755693927e-07,9.70123461465829e-08,8.16386602648792e-08,1.54508732949151e-07,1.24515053022065e-07,1.36213065460393e-07,1.26527595194579e-07,2.1096255378594e-07,2.04771637044022e-07,2.66509652948005e-07,3.76138846854936e-07,8.89764452050701e-08,1.40000945673236e-07,6.79174585759121e-08,1.78678161917899e-07,9.28051088274121e-08,1.23591463762065e-07,1.01996588148348e-07,4.73640471239537e-08,2.8502043956664e-08,6.49485008492264e-08,4.72301612772186e-08,6.28699864615518e-08,3.30054614857662e-08,1.94209724338175e-08,3.55797661859824e-08,3.17456243361147e-08,2.28356508182996e-08,3.43637229548085e-08,1.44984938408283e-08,2.80428633519004e-08,1.52321203248973e-08,1.68496493880797e-08,3.34003242522146e-08,1.69179482369231e-08,2.36540607899831e-08,1.20201848320144e-08,8.03047438469778e-09,2.76943019311865e-08,1.1036935675746e-08,2.6849971831048e-08,1.82306946230253e-08,2.18235231053369e-08,3.78094216530508e-08,1.40166712062238e-08,3.50410165725876e-08,1.49380819720519e-08,2.77404850527937e-08,5.8922525919622e-08,7.62755478151404e-08,5.09334915668617e-08,1.01172994548506e-07,9.17320918696263e-08,8.33653220058715e-08,1.01143616387907e-07,1.35921257708435e-07,1.35841660408816e-07,1.76356890924903e-07,2.36468446777712e-07,7.02284867584528e-08,9.16208292618572e-08,4.77657174768708e-08,1.18900138145476e-07,6.53569075795912e-08,7.71451806015344e-08,6.16667754078628e-08,3.54864388080656e-08,1.03250190918643e-08,4.38401185394528e-08,2.79385517686851e-08,2.94866193699509e-08,2.46047890467421e-08,6.73291630443006e-09,2.62291642712862e-08,1.88124746744286e-08,1.23435052973684e-08,2.31753911460593e-08,4.27500964564986e-09,2.0549450639079e-08,9.48296491756697e-09,9.5573239723004e-09,1.97432343193647e-08,6.98279687224762e-09,1.72672267150815e-08,7.94941769969357e-09,1.00898741832244e-08,1.56882855688003e-08,1.53748853265478e-08,2.1463719860292e-08
2.31793789163485e-08,2.57762880712029e-08,3.80761283999723e-08,2.14063701610335e-08,3.88929360751468e-08,3.26846857644436e-08,2.98640123843843e-08,4.27426384313832e-08,1.23602991976554e-07,4.26666015630246e-08,8.93933867891193e-08,8.42247177936295e-08,5.25534343397685e-08,1.56157113598187e-07,7.10045332133297e-08,1.13543210394058e-07,1.1968569273281e-07,8.89764452050701e-08,1.97784145177649e-07,8.95213728546664e-08,5.25566239499989e-08,1.48756263366413e-07,7.89311652681895e-08,1.3534699876146e-07,6.50944177832385e-08,3.71481087869978e-08,3.60306167672179e-08,5.70484260777128e-08,3.79333903316823e-08,5.49355614030326e-08,2.76389193145851e-08,2.80478952768632e-08,2.1060935634044e-08,2.8613625725631e-08,3.16929186063691e-08,3.23660864973936e-08,2.07877079768692e-08,1.54115366856058e-08,1.14528032983748e-08,2.3051277643053e-08,1.52290543784831e-08,2.2629645476e-08,1.30771801756104e-08,1.01145886699145e-08,7.94944233467277e-09,1.30972997267563e-08,1.07829475407315e-08,1.33478076173707e-08,6.010227454354e-09,1.61027903803568e-08,1.21295693208774e-08,1.79430601961364e-08,1.77435152909518e-08,1.0881297067363e-08,1.88388179778979e-08,1.58603117067493e-08,7.55914881483326e-08,1.94884597840454e-08,6.04645397119717e-08,5.60636535230778e-08,2.4593920106408e-08,1.03854341858348e-07,5.00811279178417e-08,7.83980907752267e-08,6.85940208971777e-08,5.44651180887776e-08,1.44746878675555e-07,5.76734180931606e-08,2.25923658036773e-08,8.87988449287838e-08,4.2492812442992e-08,7.13367209471109e-08,3.97112831732604e-08,1.98295598596361e-08,2.7838246985241e-08,3.24860231641296e-08,1.58498012602868e-08,2.96638825193449e-08,1.50373267373373e-08,2.22165165126932e-08,1.16218785643209e-08,1.46229346252638e-08,2.41936755104668e-08,1.59563727227053e-08,1.40773708845395e-08,9.3459674780254e-09,8.77661966582791e-09,1.54905338099656e-08,1.0687840837419e-08,1.96344129613823e-08,7.32378383461488e-09,7.87303146622356e-09,8.73030189830817e-09,9.22826967861801e-09,8.9861173657019e-09,1.11630606797372e-08
