5.11042159866592e-08,2.61615050420314e-08,1.25787608293856e-08,4.03211026156276e-08,2.51630526166041e-08,3.76780676622253e-08,2.36679667056837e-08,1.12795568385802e-08,1.09115653467819e-08,2.25860989920295e-08,1.17752436522837e-08,2.19675629923767e-08,1.03704019407477e-08,1.04015295169048e-08,7.64572132055303e-09,1.08303113646547e-08,1.12706781419807e-08,1.14609624017015e-08,9.59544635433129e-09,7.23205260559423e-09,5.53788623930269e-09,1.05299183724928e-08,7.54210102299487e-09,1.06490053668859e-08,6.89201633564126e-09,5.07288546128984e-09,4.64136079010258e-09,7.00485227450278e-09,5.63699718812649e-09,7.31124811718266e-09,4.67014849526854e-09,4.28933608012357e-09,3.64927559747751e-09,5.14594935502621e-09,4.74222405942268e-09,5.92919539901913e-09,3.91872825737119e-09,3.26301771422177e-09,3.30641969807544e-09,4.2941117975541e-09,3.93752625473304e-09,5.07827048815528e-09,3.19437029898468e-09,3.03801914757225e-09,2.91900164557252e-09,3.69833554568898e-09,3.68407647651019e-09,4.34025525088655e-09,4.17043359149361e-08,1.87264630475534e-08,9.29645242052465e-09,3.41905574660185e-08,1.81199096531007e-08,3.20466622591641e-08,1.66903271888936e-08,8.49116707204274e-09,8.43272639942961e-09,1.63159849047186e-08,9.14487092775228e-09,1.62036305670942e-08,7.80504666577718e-09,8.10635664147748e-09,5.29915053986211e-09,8.54349330367480e-09,8.4412025170764e-09,8.50068498004416e-09,7.42759014072314e-09,4.80130653283227e-09,4.96824878410434e-09,7.91073346929984e-09,5.05015739246532e-09,7.622487162326e-09,4.60718101304116e-09,4.59720389937532e-09,3.31658285650881e-09,4.67054199437973e-09,5.08071998383701e-09,5.16763183375561e-09,4.04267863864474e-09,2.98831700971333e-09,3.0876863072054e-09,4.68384958637916e-09,3.71878768029478e-09,5.34033627673903e-09,2.69223254698449e-09,2.7436517366604e-09,2.4487141285742e-09,3.40991748382991e-09,3.02210847647995e-09,3.78260781698057e-09,2.53177023834718e-09,2.15724066130195e-09,2.4677765352125e-09,2.76024507224867e-09,2.52808265593699e-09,3.16400027524789e-09
2.61615050420314e-08,1.09029054642922e-07,3.00039059927883e-08,4.8229958718943e-08,9.3666953542161e-08,3.94011787270663e-08,9.76409571757018e-08,2.67809046487881e-08,1.47636646507548e-08,8.42451863138809e-08,2.51024800457707e-08,7.75534800060684e-08,2.4040168225752e-08,1.29901148712626e-08,1.62256754436125e-08,2.2210706424305e-08,1.37652191673087e-08,2.17320780043686e-08,1.19819537379292e-08,1.51773470435506e-08,8.95119007718818e-09,1.25287246898163e-08,1.61679506631095e-08,1.27568033967349e-08,1.42152953004764e-08,8.38919193003161e-09,7.25582572424242e-09,1.50660651661958e-08,9.39191177971323e-09,1.57542880593203e-08,8.25186064951566e-09,7.02241481317402e-09,6.63859092150737e-09,9.151427136607e-09,8.37751071546521e-09,1.07596834884081e-08,6.33069176692393e-09,6.01739065459766e-09,5.78019945723986e-09,7.49823697675282e-09,7.18912019911339e-09,9.01577966747150e-09,5.79710552345297e-09,5.50377040760203e-09,4.79267626178772e-09,6.86653779286248e-09,6.4522252066805e-09,7.8150924205856e-09,2.14190732421474e-08,6.058143900393e-08,2.26183337082084e-08,3.81929009910219e-08,5.27751818812488e-08,3.2269385345888e-08,5.32989571765078e-08,1.9925098979488e-08,1.11478764825511e-08,4.70750118602146e-08,2.01418977420343e-08,4.46595620279644e-08,1.80796190115166e-08,9.61149953395526e-09,1.12001039072512e-08,1.80005780270754e-08,1.04780629622884e-08,1.8024395653425e-08,8.91905184395215e-09,1.0686926606928e-08,6.90472974630679e-09,9.44231832601109e-09,1.12774512379419e-08,9.49675170216197e-09,1.03599625931408e-08,6.46975197259058e-09,5.08163205071911e-09,1.07498764363795e-08,7.49726583127671e-09,1.12015984064813e-08,6.31085880972875e-09,5.05189487055634e-09,5.11200163974876e-09,7.32551372400309e-09,6.28168673436184e-09,8.68577709484369e-09,4.51107962538097e-09,4.6625073657215e-09,4.15115074683688e-09,5.6687785360366e-09,5.53516183860036e-09,7.03540960765299e-09,4.37519651187458e-09,3.69152418643523e-09,3.68245704611398e-09,5.07334657576137e-09,4.70215542221771e-09,6.15427343299798e-09
1.25787608293856e-08,3.00039059927883e-08,6.05022825569948e-08,2.32931866653054e-08,5.1928811861755e-08,4.21725444999522e-08,2.67916467539294e-08,5.34028172208444e-08,2.31282367762745e-08,4.56230904568295e-08,4.22500983702265e-08,3.63342184262238e-08,4.91268041537119e-08,2.11125252849986e-08,1.13111138024559e-08,3.85207389343278e-08,1.99502637578717e-08,3.5793532051541e-08,1.93511196469101e-08,1.04685440902463e-08,9.82045363511254e-09,1.82172414962294e-08,1.03647612766476e-08,1.69790197893522e-08,9.61942275300367e-09,9.37133465140321e-09,6.19987246070074e-09,9.54580186527957e-09,9.94590704575838e-09,9.72168994698233e-09,9.07946323515227e-09,5.9872838091068e-09,5.80334484743817e-09,9.62282062913082e-09,7.23977069476113e-09,1.11353649165837e-08,5.53189204407886e-09,5.26225414249606e-09,4.99477720745599e-09,6.61447392500814e-09,6.44603244363629e-09,7.61835744930435e-09,5.05383460152446e-09,4.76412611255584e-09,4.04387550762973e-09,6.20557304440891e-09,4.92781820371135e-09,6.41641699352067e-09,9.36338133426732e-09,2.11399097271424e-08,4.21177986786657e-08,1.72453623631137e-08,3.70281809928982e-08,3.00148371518859e-08,1.84656042435148e-08,3.76432953229974e-08,1.87248926706936e-08,3.27397775052635e-08,3.29977507077466e-08,2.89598741510189e-08,3.46771653141539e-08,1.7212557335056e-08,8.61879973427548e-09,3.03246610753189e-08,1.57817070836136e-08,2.81221016918872e-08,1.57710970739384e-08,8.14618597455132e-09,6.76534478790728e-09,1.45490206963067e-08,8.5194525927692e-09,1.40456096658098e-08,7.53528343447662e-09,6.33350312703971e-09,4.51701967026758e-09,7.87016605201003e-09,6.96888622192408e-09,7.10211616515489e-09,6.03608298122323e-09,4.26733921086387e-09,4.54095249418404e-09,6.76569259620262e-09,5.73844954040680e-09,8.24852317487214e-09,4.04327098153952e-09,4.13684814136002e-09,3.49802402838636e-09,5.25592045369205e-09,4.91519953793858e-09,5.731118824571e-09,3.89499983009879e-09,3.27452399305915e-09,3.20515443194495e-09,4.76144021389165e-09,3.68711565283764e-09,5.20816250442433e-09
4.03211026156276e-08,4.8229958718943e-08,2.32931866653054e-08,6.70739917066188e-08,3.85293278344047e-08,5.40059648285036e-08,4.36211284502392e-08,2.05879580323852e-08,1.15762298967287e-08,3.46757189579743e-08,1.91928240070538e-08,3.13175214740761e-08,1.87350960945123e-08,1.06291343325269e-08,1.31396497495971e-08,1.74719302394224e-08,1.15177947108528e-08,1.75489633133284e-08,9.73086089765231e-09,1.23576812880608e-08,6.93031921428015e-09,1.06175562107338e-08,1.30285843388818e-08,1.02676265455949e-08,1.16769115597657e-08,6.50352619081141e-09,5.25034855985712e-09,1.21921301768412e-08,7.0889081274933e-09,1.27005570363729e-08,6.3913553253865e-09,5.12049661846549e-09,4.50846994302624e-09,6.90312780661759e-09,5.7065326937704e-09,7.92299343242086e-09,4.61103010161199e-09,4.09389392881958e-09,4.50357452733965e-09,5.11994883140115e-09,5.2813060453295e-09,6.44845311123017e-09,4.17700938539152e-09,4.32588799897484e-09,3.72365029493221e-09,5.17677715643179e-09,5.0175662699111e-09,5.97497748792959e-09,3.33161574191243e-08,3.51798032927962e-08,1.80387925865585e-08,5.37496510729096e-08,2.92362361899146e-08,4.47685529231233e-08,3.13511121426104e-08,1.61804258327241e-08,9.24909079003139e-09,2.6375144996234e-08,1.54726429462345e-08,2.46689392158484e-08,1.4858536577171e-08,8.37147395185371e-09,8.9981187947268e-09,1.42896786425152e-08,9.27433025560027e-09,1.4337866752648e-08,7.78537267333451e-09,8.41737264671049e-09,5.68773971355353e-09,8.43578890456006e-09,8.92299652440907e-09,8.17069799315953e-09,8.25240050432785e-09,5.43757746614000e-09,3.87704041170023e-09,8.63479446847453e-09,5.84942019896198e-09,9.03751133870541e-09,5.27032299995789e-09,3.80350088337257e-09,3.5492597361318e-09,5.74658508116494e-09,4.3930286483066e-09,6.89308389323995e-09,3.39804395182227e-09,3.30957947365472e-09,3.32827205386509e-09,4.08583437768742e-09,4.18412102965894e-09,5.04108157529896e-09,3.04911230577993e-09,3.06213178465658e-09,2.84553029997914e-09,3.95544930042502e-09,3.59721226402822e-09,4.62454825161688e-09
2.51630526166041e-08,9.3666953542161e-08,5.1928811861755e-08,3.85293278344047e-08,1.34557586511271e-07,6.1855166922312e-08,8.4251596504262e-08,4.56135601896981e-08,2.28465844386981e-08,1.19245561009913e-07,3.64322503936128e-08,1.00731324249546e-07,4.12632483311468e-08,2.03125288655274e-08,1.36217217955599e-08,3.25762646824727e-08,1.94094535798331e-08,3.00143930209535e-08,1.8672424723152e-08,1.25136960969097e-08,1.33871934739385e-08,1.76884397964098e-08,1.34252056031717e-08,1.72754015722139e-08,1.15112588990639e-08,1.26577017523979e-08,9.0427416218768e-09,1.22894595673294e-08,1.43127638825427e-08,1.25818035565181e-08,1.23292627302219e-08,8.70740675938055e-09,8.46602547577687e-09,1.38422679764981e-08,1.06905582794662e-08,1.64257194619231e-08,7.84834367064401e-09,7.46379881861098e-09,7.03029200605302e-09,9.37252281301202e-09,8.85084192715439e-09,1.06765970647775e-08,7.50385471408708e-09,6.93377899901177e-09,5.52064710484671e-09,8.87645412955769e-09,7.63461276187188e-09,9.47892596989805e-09,2.01162255713762e-08,4.82491969425702e-08,3.74325614049312e-08,3.00809987294335e-08,7.53429549407077e-08,4.8477166825822e-08,4.27521971698773e-08,3.34622251075997e-08,1.84674090066289e-08,6.70052835200768e-08,2.97566738069868e-08,5.91738221991502e-08,3.05810602433195e-08,1.63072369721559e-08,9.77563104530613e-09,2.67353192690829e-08,1.52087575073932e-08,2.46500910111712e-08,1.51652699345591e-08,9.15052031193501e-09,1.00285696737063e-08,1.39910763703612e-08,1.0465237466886e-08,1.40166803465225e-08,8.5544695164694e-09,9.27956372673731e-09,6.22253214524493e-09,9.45001797563028e-09,1.0753164414861e-08,9.2349656865621e-09,8.93641894478219e-09,6.02887128613172e-09,6.53519084040197e-09,1.03455356834534e-08,7.94983866880426e-09,1.23973563591e-08,5.58977996970999e-09,5.8240153288928e-09,4.88922632859772e-09,7.02317023185457e-09,6.89643561732467e-09,7.81350575794468e-09,5.60498635454338e-09,4.56279454965519e-09,4.44286175666986e-09,6.41283055549659e-09,5.56308580413366e-09,7.19317739182843e-09
3.76780676622253e-08,3.94011787270663e-08,4.21725444999522e-08,5.40059648285036e-08,6.1855166922312e-08,8.12105685123179e-08,3.53512140073636e-08,3.66044497063388e-08,1.8713344320437e-08,5.44164059964319e-08,2.88736799062486e-08,4.457222515912e-08,3.36014491589758e-08,1.6905531301406e-08,1.10393150374469e-08,2.62415091436348e-08,1.63987575318889e-08,2.46375308917665e-08,1.5601979666454e-08,1.03701444711986e-08,1.07374955359669e-08,1.5109994200665e-08,1.05030168706514e-08,1.43700055748757e-08,9.62573351052562e-09,1.01869258404359e-08,6.65075836817788e-09,9.64128250983146e-09,1.09481707120023e-08,9.91876921185488e-09,9.92486879729818e-09,6.46343906013881e-09,5.93070043913233e-09,1.0625962865275e-08,7.51839314477572e-09,1.22784294188264e-08,5.90152693403381e-09,5.29136415858702e-09,5.52388581037273e-09,6.67804001147813e-09,6.66471168011216e-09,8.20042110034635e-09,5.43262506880892e-09,5.25793833313955e-09,4.43559349756196e-09,6.53478653056352e-09,5.77892211825741e-09,7.35963832846756e-09,3.07928461044565e-08,2.80658506790869e-08,3.07074932834164e-08,4.33337872112774e-08,4.5382794412837e-08,6.37609339616476e-08,2.50013075185795e-08,2.74684976504367e-08,1.56170274604292e-08,4.04438960274022e-08,2.3466562359253e-08,3.47956337077581e-08,2.53980002916545e-08,1.41487651161254e-08,8.49071996693937e-09,2.16586271050827e-08,1.36516164542097e-08,2.05583954916367e-08,1.31682677644258e-08,7.98062990230588e-09,8.35428096797291e-09,1.26447544540663e-08,8.69905535754417e-09,1.27208159907274e-08,7.52449318103732e-09,7.91762136400084e-09,4.71792930977463e-09,7.95665695315406e-09,8.37278948394566e-09,7.37688072247002e-09,7.648827996382e-09,4.56879619896677e-09,5.06939502754125e-09,8.16716896953057e-09,5.83302176261815e-09,9.96038078499845e-09,4.2964262305921e-09,4.64055335259701e-09,3.92795536684089e-09,5.31266222757664e-09,5.30577177195899e-09,5.91167733539984e-09,4.57395967746423e-09,3.61443396203163e-09,3.50500510920721e-09,5.21052080515921e-09,4.28143648232094e-09,5.82632154348297e-09
2.36679667056837e-08,9.76409571757018e-08,2.67916467539294e-08,4.36211284502392e-08,8.4251596504262e-08,3.53512140073636e-08,1.16184512895214e-07,3.00637652673568e-08,1.56001455985992e-08,1.01925054137473e-07,2.84953517840417e-08,9.61547838538632e-08,2.7113563331874e-08,1.3710426852357e-08,1.67731074250143e-08,2.53561111601789e-08,1.46273456358464e-08,2.44632857898943e-08,1.26304499811309e-08,1.56095876485846e-08,9.59625891069701e-09,1.32988897777105e-08,1.67555904792942e-08,1.35872253622489e-08,1.45803364855219e-08,8.9641392227121e-09,7.82534098087505e-09,1.54988069497577e-08,1.00240200641545e-08,1.62137320477663e-08,8.78310260004492e-09,7.47885993023461e-09,7.04372483371709e-09,9.69417471150574e-09,8.91966337051493e-09,1.14380966500698e-08,6.73720075438778e-09,6.3159791168126e-09,5.89093888118966e-09,7.95531905261549e-09,7.37735169881887e-09,9.23383411507357e-09,5.86584515544308e-09,5.52257167381067e-09,5.27124036895468e-09,6.82132799413495e-09,6.61094096068573e-09,7.71771403773193e-09,1.95105498429221e-08,5.33000302684344e-08,1.9927475336068e-08,3.42929736136757e-08,4.70732341680647e-08,2.90493791229355e-08,6.72998960966169e-08,2.27869302755651e-08,1.23813754644931e-08,6.10891700940246e-08,2.38688809351369e-08,5.96230321089468e-08,2.09745503417414e-08,1.07652736798183e-08,1.14061023218212e-08,2.13560616517352e-08,1.11013375724046e-08,2.0488217907044e-08,9.81551278359805e-09,1.09205657798602e-08,7.2661162960875e-09,1.00756272538548e-08,1.14651312229232e-08,1.02773179198557e-08,1.05235570889267e-08,6.70153034496819e-09,5.70860720504782e-09,1.08927482722225e-08,7.66874577943955e-09,1.12383644551967e-08,6.51100170263123e-09,5.59452038934802e-09,5.41012403828943e-09,7.44776204185608e-09,7.03232303769519e-09,9.2051273444472e-09,4.99787274948914e-09,4.83804681162236e-09,4.31507846868014e-09,6.30926572009244e-09,5.68947249471054e-09,7.4222128045711e-09,4.52708015103929e-09,3.90267644394295e-09,4.16434351974382e-09,5.21027555510692e-09,5.11637013857212e-09,6.35721684893131e-09
1.12795568385802e-08,2.67809046487881e-08,5.34028172208444e-08,2.05879580323852e-08,4.56135601896981e-08,3.66044497063388e-08,3.00637652673568e-08,5.69086414201429e-08,2.42862845226655e-08,5.01328121088142e-08,4.55347373874634e-08,4.04596750869372e-08,5.23547441714672e-08,2.20954109992594e-08,1.19505089274151e-08,4.15970676050926e-08,2.09520316829482e-08,3.83191957147565e-08,2.03258215685187e-08,1.09615497373051e-08,1.03690758888389e-08,1.91582041793474e-08,1.08605791227474e-08,1.78906567109808e-08,1.00647220528435e-08,9.82639332853265e-09,6.46649605588691e-09,9.95901619298322e-09,1.03511068931015e-08,1.00775975120466e-08,9.54252593432885e-09,6.25687813435963e-09,6.09085849985237e-09,1.00242861287975e-08,7.56175326226189e-09,1.17142837341053e-08,5.73303342398898e-09,5.5318014310422e-09,5.31422127281514e-09,6.89850908682986e-09,6.81399905750349e-09,7.96834521420233e-09,4.9580456060381e-09,4.858993262775e-09,4.132655117399e-09,6.06985060054867e-09,5.17711605073781e-09,6.40834185789686e-09,8.48322199897846e-09,1.84563377560629e-08,3.7641541782967e-08,1.51245197592764e-08,3.27296268302073e-08,2.64876341505531e-08,2.04720033966182e-08,4.03381129571252e-08,2.03280091990684e-08,3.60849465670062e-08,3.60525106383104e-08,3.27934799761974e-08,3.72195945812935e-08,1.86752129322806e-08,9.07856729267541e-09,3.31783300945305e-08,1.67454299070507e-08,2.98856460014763e-08,1.71569242932626e-08,8.50921589007246e-09,7.17899246498005e-09,1.5463698311848e-08,8.8761373854983e-09,1.51615991819764e-08,7.84753001862026e-09,6.64760989624537e-09,4.78640708196934e-09,8.1730807026048e-09,7.16520042624933e-09,7.41337538847979e-09,6.3836208402413e-09,4.53787667160213e-09,4.53329049143166e-09,6.97181365523249e-09,6.00149751855395e-09,8.59061734319397e-09,4.2792750269558e-09,4.11164641046066e-09,3.83078582721229e-09,5.48924806828798e-09,5.24598637137075e-09,6.48824847967157e-09,3.59241828337737e-09,3.44876017393972e-09,3.27493304612142e-09,4.67340557514874e-09,3.90332933787876e-09,4.99786656882071e-09
1.09115653467819e-08,1.47636646507548e-08,2.31282367762745e-08,1.15762298967287e-08,2.28465844386981e-08,1.8713344320437e-08,1.56001455985992e-08,2.42862845226655e-08,5.80633443754869e-08,2.42625586786788e-08,4.46594814355293e-08,4.05593221698121e-08,2.20962587861811e-08,5.29913940948289e-08,2.47773000231632e-08,4.07458020037487e-08,4.34243105847794e-08,3.35761627533284e-08,4.88314465606793e-08,2.26028037468486e-08,1.15527741418647e-08,3.97828642198463e-08,2.00336894790157e-08,3.51380977371826e-08,2.08035372795726e-08,1.04202829076783e-08,9.56235877813648e-09,1.81574275562928e-08,1.0764990356389e-08,1.73058209169809e-08,9.60628913181549e-09,9.13961762412286e-09,6.9896545717022e-09,9.94658187264793e-09,1.07437767495162e-08,1.11461852510541e-08,8.37967136553052e-09,6.2373719967295e-09,5.35154238816172e-09,9.66718453823574e-09,7.36883750770037e-09,1.03412604474439e-08,5.61849555685705e-09,4.95721400365904e-09,4.18604202124294e-09,6.73896102123009e-09,5.13971235286374e-09,6.93748939490469e-09,7.53314592434015e-09,9.5681692818679e-09,1.69193123901553e-08,8.14609721771732e-09,1.6747127421474e-08,1.4112544665096e-08,1.05802680555278e-08,1.77111590582259e-08,4.43555523851802e-08,1.82106578122543e-08,3.40565279894348e-08,3.19613827715685e-08,1.63330655978718e-08,4.03315410190221e-08,1.92465330574569e-08,3.1000844739021e-08,3.35568039962314e-08,2.56560269453546e-08,3.72309180520799e-08,1.78580119139904e-08,9.3524051322678e-09,3.09791159951341e-08,1.61509509070612e-08,2.75696010767257e-08,1.62722579617202e-08,8.39531070035933e-09,6.93666136147541e-09,1.44480815600879e-08,9.27831790117459e-09,1.41406979278368e-08,7.80783802832461e-09,6.54054976939066e-09,4.82442989610886e-09,8.87727489126162e-09,8.06882528279261e-09,9.26365175256217e-09,6.05653399674176e-09,4.48726034173318e-09,4.17848938929563e-09,7.40912533054895e-09,5.31854064359366e-09,7.81623228474942e-09,3.94699603844669e-09,3.91887147192161e-09,3.21446476128584e-09,4.87891268642077e-09,4.21023962344366e-09,4.97738326032618e-09
2.25860989920295e-08,8.42451863138809e-08,4.56230904568295e-08,3.46757189579743e-08,1.19245561009913e-07,5.44164059964319e-08,1.01925054137473e-07,5.01328121088142e-08,2.42625586786788e-08,1.40093417924705e-07,4.06915578171656e-08,1.21458793580173e-07,4.5462001775366e-08,2.15307496042742e-08,1.43375101443371e-08,3.65417412156362e-08,2.07578737399044e-08,3.33812771131867e-08,1.98123192510429e-08,1.31297934567201e-08,1.43000184254883e-08,1.88970207365377e-08,1.41190143715264e-08,1.84073224607772e-08,1.21305471378907e-08,1.35373053020005e-08,9.67584967169763e-09,1.29641396713738e-08,1.51863372612479e-08,1.32598380456776e-08,1.31699495875275e-08,9.24715263142047e-09,9.08600894030822e-09,1.46114034903428e-08,1.1357796970285e-08,1.72281628344462e-08,8.35152468803014e-09,7.9133579970254e-09,7.38102391480261e-09,9.93659202215726e-09,9.37845405483582e-09,1.1237431074495e-08,7.32698415860702e-09,6.94435558780038e-09,6.09303914474669e-09,8.61509292532451e-09,8.08983725404219e-09,9.51643650574519e-09,1.81387896082905e-08,4.27476195665701e-08,3.34632869839658e-08,2.70696049704551e-08,6.69976491095394e-08,4.31445691911979e-08,5.55000159873588e-08,3.73079721355135e-08,2.0419173470516e-08,8.24619914896802e-08,3.45691876407984e-08,7.60548648087934e-08,3.42007630952945e-08,1.8181620647132e-08,9.93612601950201e-09,3.11883188526142e-08,1.6000722191117e-08,2.73869092848145e-08,1.67995500856694e-08,9.39582636561922e-09,1.04675222671268e-08,1.47373834050407e-08,1.08739279098132e-08,1.50454233962826e-08,8.77830046937416e-09,9.66753210818146e-09,6.94649460638774e-09,9.80239195947712e-09,1.10165604001551e-08,9.578494416958e-09,9.33802686582153e-09,6.68527523957172e-09,6.80473101344443e-09,1.05803732200888e-08,8.77840012603091e-09,1.29354225713925e-08,6.18527589190373e-09,5.89445407300591e-09,5.35134037283308e-09,7.71295250748201e-09,7.34187076116601e-09,8.82329645524803e-09,5.48217225039312e-09,4.91430149161726e-09,4.9743469962496e-09,6.77187405467526e-09,6.14938053981857e-09,7.58504519782346e-09
1.17752436522837e-08,2.51024800457707e-08,4.22500983702265e-08,1.91928240070538e-08,3.64322503936128e-08,2.88736799062486e-08,2.84953517840417e-08,4.55347373874634e-08,4.46594814355293e-08,4.06915578171656e-08,7.06831097788197e-08,6.09562859782406e-08,4.15980858651661e-08,4.07455559650069e-08,2.19029390951399e-08,6.47073002128654e-08,3.36678765128713e-08,5.40621491101015e-08,3.765358075894e-08,1.99219251276607e-08,1.14076098003071e-08,3.10074289048096e-08,1.79750412681167e-08,2.71760673319501e-08,1.80726473274187e-08,1.02299978955229e-08,1.03716400726854e-08,1.60702814061329e-08,1.08175087083068e-08,1.59936560055909e-08,9.6769486964909e-09,1.00572013802013e-08,7.53987048528560e-09,1.02533590748568e-08,1.17538591177921e-08,1.16542868373445e-08,9.11869709891976e-09,6.80622800957869e-09,6.09454923543182e-09,1.0698623012799e-08,8.1703074123509e-09,1.16433855604625e-08,6.01165904168895e-09,5.55446833712004e-09,4.85755704385322e-09,7.26339359200706e-09,5.88744993720915e-09,7.58985402762779e-09,8.57806522862005e-09,1.72236322143962e-08,3.01693493684196e-08,1.41633273490662e-08,2.66467453106492e-08,2.18156950194625e-08,1.9278961966353e-08,3.26687753055317e-08,3.46532891919654e-08,3.0021083799454e-08,5.40436313938511e-08,4.80966751482646e-08,3.0110525116042e-08,3.17136286492307e-08,1.74736255981977e-08,4.94811818264729e-08,2.68137197305438e-08,4.18050866962294e-08,2.94205671965646e-08,1.61140239068869e-08,9.53642317144119e-09,2.47917528983852e-08,1.53381257250739e-08,2.27195684188083e-08,1.44609574056988e-08,8.45346551532791e-09,7.34876460222814e-09,1.3619942338981e-08,8.69628732205484e-09,1.2634497922991e-08,8.0319212748792e-09,7.08870273405295e-09,5.5767077503141e-09,8.44489516769721e-09,9.10489817143402e-09,9.81057212716836e-09,6.52697128056376e-09,5.16533532490737e-09,4.62412221326872e-09,8.37618386431503e-09,6.13557249607382e-09,8.64187209735206e-09,4.4879286740237e-09,4.21355075306088e-09,3.89261923463519e-09,5.4093514489341e-09,4.88067395901117e-09,5.98738129178524e-09
2.19675629923767e-08,7.75534800060684e-08,3.63342184262238e-08,3.13175214740761e-08,1.00731324249546e-07,4.457222515912e-08,9.61547838538632e-08,4.04596750869372e-08,4.05593221698121e-08,1.21458793580173e-07,6.09562859782406e-08,1.56491894239567e-07,3.63082327063626e-08,3.67004459196514e-08,2.12472770099153e-08,5.53884248590657e-08,2.9982259906869e-08,4.55195580475764e-08,3.404554438141e-08,1.96265486971603e-08,1.30873491628736e-08,2.76490534474102e-08,1.87346770985688e-08,2.5071648602812e-08,1.75953069807735e-08,1.17251272327128e-08,1.39016672732146e-08,1.66084307008048e-08,1.28772967190737e-08,1.64721725209059e-08,1.12779953673356e-08,1.33975870534846e-08,1.08063402120074e-08,1.22620047219093e-08,1.601515062111e-08,1.47400226170521e-08,1.20615656111657e-08,9.34939718249913e-09,8.04100136577643e-09,1.41544085278572e-08,1.06736757681578e-08,1.52197067430278e-08,8.45805538198263e-09,7.57267164919576e-09,7.01655075400707e-09,9.75650611666718e-09,8.86067158698059e-09,1.06937589343208e-08,1.79913172340126e-08,4.07360996973023e-08,2.75430515257859e-08,2.52679784525446e-08,5.69596349783978e-08,3.66748262805488e-08,5.38625667135667e-08,3.11155653669571e-08,3.16796148118294e-08,7.27508074589617e-08,4.89254992844559e-08,1.00795570718072e-07,2.85153734774501e-08,2.87398086464098e-08,1.59009670380774e-08,4.44185485671389e-08,2.3495951133306e-08,3.66716783901333e-08,2.6738930888682e-08,1.51965146400306e-08,1.09262982220628e-08,2.18372274380822e-08,1.5851859231931e-08,2.07772886214534e-08,1.34895013622703e-08,9.47019472006468e-09,9.87481882533843e-09,1.36984184498988e-08,1.01386885761992e-08,1.29565881804723e-08,8.92174998182795e-09,9.59528937941322e-09,8.05812576179021e-09,9.60523592893468e-09,1.19925139635698e-08,1.20107355310697e-08,8.80298824815139e-09,7.12188457684095e-09,5.92923738539077e-09,1.07790282231346e-08,7.96884466088854e-09,1.08842258086862e-08,6.42390300761742e-09,5.50118119763196e-09,5.72048678373199e-09,7.21295406425801e-09,7.06483375367029e-09,8.3127232143333e-09
1.03704019407477e-08,2.4040168225752e-08,4.91268041537119e-08,1.87350960945123e-08,4.12632483311468e-08,3.36014491589758e-08,2.7113563331874e-08,5.23547441714672e-08,2.20962587861811e-08,4.5462001775366e-08,4.15980858651661e-08,3.63082327063626e-08,6.02496467649454e-08,2.45040138557335e-08,1.3166551319382e-08,4.70606784441155e-08,2.30301383987685e-08,4.33296200797777e-08,2.23701634972702e-08,1.21124265289336e-08,1.18489747018964e-08,2.09550908170963e-08,1.21853138127514e-08,1.9796173979771e-08,1.11636701299275e-08,1.12671452854247e-08,7.18332696870644e-09,1.12369059990828e-08,1.14007092798231e-08,1.14200988822962e-08,1.08057632784461e-08,6.85899192617374e-09,6.64881840213617e-09,1.09123654890061e-08,8.35199761649051e-09,1.26576413253048e-08,6.30119618334503e-09,6.06356835577627e-09,6.09735558569085e-09,7.62306441332021e-09,7.52313175428091e-09,8.82195321130972e-09,5.37274582328346e-09,5.39251067396557e-09,4.32059229710803e-09,6.57402840102142e-09,5.68158207201455e-09,6.94053917801532e-09,7.67012663824384e-09,1.64831940313474e-08,3.46691203552568e-08,1.35763754451165e-08,3.00931047529014e-08,2.43783690565856e-08,1.85324983591005e-08,3.72181679131117e-08,1.86757364688132e-08,3.3241810216474e-08,3.31789385132077e-08,2.99740259547058e-08,4.35009315641732e-08,2.07834175016243e-08,1.02229808182052e-08,3.77632449455292e-08,1.84779081349903e-08,3.43123041053826e-08,1.90273023776846e-08,9.5861837065363e-09,7.92654820917742e-09,1.71040907227859e-08,9.87132313953063e-09,1.68928791929433e-08,8.86115453541281e-09,7.36577549824471e-09,5.24987843512895e-09,9.11314596467935e-09,7.48994225911754e-09,8.39368810088317e-09,6.92232999975137e-09,4.95617701547707e-09,4.90790991264585e-09,7.45187957535282e-09,6.35587343238245e-09,9.29459389864694e-09,4.66366969865895e-09,4.46407723608723e-09,4.69243052497939e-09,5.82979958607925e-09,5.7561233070911e-09,7.10961586576852e-09,3.90953557353966e-09,4.12057533411962e-09,3.43610891107891e-09,5.0214405945883e-09,4.46721348037061e-09,5.44769949672247e-09
1.04015295169048e-08,1.29901148712626e-08,2.11125252849986e-08,1.06291343325269e-08,2.03125288655274e-08,1.6905531301406e-08,1.3710426852357e-08,2.20954109992594e-08,5.29913940948289e-08,2.15307496042742e-08,4.07455559650069e-08,3.67004459196514e-08,2.45040138557335e-08,5.85537850754684e-08,2.69629508066135e-08,4.47453265287475e-08,4.76705070265812e-08,3.6520041785531e-08,5.34263760638446e-08,2.45445835892337e-08,1.27344591978226e-08,4.34412394038221e-08,2.20286216930182e-08,3.86169599162895e-08,2.26720492158879e-08,1.15519349665117e-08,1.03637198604611e-08,2.00743316702129e-08,1.1677845305535e-08,1.90253671817251e-08,1.05902530848235e-08,9.87916493107959e-09,7.56160618418651e-09,1.07508025842818e-08,1.1776440000603e-08,1.19033651457652e-08,9.02967265465669e-09,6.60837786491955e-09,5.81122878559631e-09,1.041833384765e-08,7.82179548221659e-09,1.11377470632264e-08,5.95836870416027e-09,5.28855250238234e-09,4.36424815617846e-09,7.10926042853169e-09,5.40912366411895e-09,7.24925175979898e-09,7.20822076038282e-09,8.41838496679815e-09,1.55889484168213e-08,7.42111889532146e-09,1.51204990981681e-08,1.28636208283931e-08,9.2778115138041e-09,1.63314314920272e-08,4.03314510243504e-08,1.64219772209788e-08,3.10003259461358e-08,2.8892253482718e-08,1.84199770980553e-08,4.45073413700836e-08,2.0964767475907e-08,3.41493088253341e-08,3.67519769208057e-08,2.82461386185689e-08,4.10422099266741e-08,1.94265958258232e-08,1.05079507789502e-08,3.40308199903037e-08,1.78419007703591e-08,3.05708510256619e-08,1.77484460807187e-08,9.54171688762435e-09,7.60194587022295e-09,1.60282553069813e-08,1.00475935618485e-08,1.53793032521095e-08,8.70063555516727e-09,7.16285409770955e-09,5.1401651706575e-09,9.58131967052637e-09,8.7065685851163e-09,9.799236681192e-09,6.57249650929752e-09,4.6158498660085e-09,4.52237655840815e-09,7.66638657646903e-09,5.56420010911238e-09,8.31502127312808e-09,4.10323467496382e-09,4.23025493280128e-09,3.28157661466911e-09,5.14622107827732e-09,4.29552214416978e-09,5.08704226473193e-09
7.64572132055303e-09,1.62256754436125e-08,1.13111138024559e-08,1.31396497495971e-08,1.36217217955599e-08,1.10393150374469e-08,1.67731074250143e-08,1.19505089274151e-08,2.47773000231632e-08,1.43375101443371e-08,2.19029390951399e-08,2.12472770099153e-08,1.3166551319382e-08,2.69629508066135e-08,6.61461794575447e-08,2.3632379907673e-08,4.95997458273214e-08,4.39062475768223e-08,2.45466569104105e-08,5.90351895671583e-08,2.50396685625796e-08,4.40866581118181e-08,4.68199392393349e-08,3.40015064582006e-08,5.41094015873569e-08,2.2497739711775e-08,1.16117039166422e-08,4.22523839591525e-08,2.06922066751703e-08,3.83405513702114e-08,2.03716276404633e-08,1.07301784177119e-08,1.1879351418663e-08,1.89201965318234e-08,1.2601018283721e-08,1.98647653969415e-08,9.58627207209773e-09,1.03505010386674e-08,6.79664530612861e-09,1.10071318122014e-08,1.1281998911867e-08,1.17464099740271e-08,9.54322919512849e-09,6.09502555271149e-09,4.43594647888054e-09,1.01998754200788e-08,6.31287903364864e-09,1.06529737876199e-08,5.47828905582152e-09,9.11481122466691e-09,8.02897195208697e-09,9.01009226397556e-09,8.35232855115565e-09,7.82401855377075e-09,9.38617425655504e-09,8.5648645228194e-09,1.84395065884363e-08,8.90125837283647e-09,1.61047167263492e-08,1.49066280089181e-08,9.51363022285991e-09,2.02217197414832e-08,4.65614870844702e-08,1.745671069802e-08,3.51252192775138e-08,3.03281933046733e-08,1.88085547924718e-08,4.22075218813905e-08,2.07090632249785e-08,3.21895045413964e-08,3.53316245662421e-08,2.69528889145974e-08,3.88667713984981e-08,1.86334648807452e-08,8.42872405358401e-09,3.22328033243275e-08,1.69002301338566e-08,2.88812112945186e-08,1.71408681858616e-08,8.13843307687488e-09,7.14110232399341e-09,1.61553768453327e-08,9.984282774551e-09,1.67213576318716e-08,7.30847528218102e-09,6.39813391559111e-09,5.28102028238327e-09,8.64930439221375e-09,7.32255326037311e-09,9.55429814156584e-09,5.75224314076943e-09,4.83736771985593e-09,3.43385134258033e-09,6.64826333130618e-09,4.67111192463298e-09,6.38959747157505e-09
1.08303113646547e-08,2.2210706424305e-08,3.85207389343278e-08,1.74719302394224e-08,3.25762646824727e-08,2.62415091436348e-08,2.53561111601789e-08,4.15970676050926e-08,4.07458020037487e-08,3.65417412156362e-08,6.47073002128654e-08,5.53884248590657e-08,4.70606784441155e-08,4.47453265287475e-08,2.3632379907673e-08,7.25018148943609e-08,3.65225725024455e-08,6.01183940398804e-08,4.10093785205976e-08,2.1493420686502e-08,1.24513774064394e-08,3.35234327735439e-08,1.95574985183859e-08,2.96322739500641e-08,1.9621693300659e-08,1.1236109091e-08,1.11505220939885e-08,1.76176979841776e-08,1.16345745193803e-08,1.74118988183867e-08,1.05306674282079e-08,1.07739444002856e-08,8.26212932375651e-09,1.09549402031415e-08,1.27988425319448e-08,1.24069393359809e-08,9.76033707824194e-09,7.38876718176829e-09,6.75566760533545e-09,1.15868360276126e-08,8.86304954419777e-09,1.26011695279091e-08,6.5578525550853e-09,6.10269599544122e-09,5.08566272498292e-09,7.84351504681735e-09,6.40311212176869e-09,8.17980108745866e-09,7.79158813519757e-09,1.51981973093201e-08,2.77161234018847e-08,1.2682253587947e-08,2.42683024273869e-08,1.99513775369328e-08,1.72630861821212e-08,3.01081483863121e-08,3.17136724954958e-08,2.75158309213889e-08,4.94807352855954e-08,4.39262624018389e-08,3.47622193079142e-08,3.54090156154722e-08,1.88942780340014e-08,5.63027453375326e-08,2.93258054874811e-08,4.72747714239608e-08,3.27301927170348e-08,1.74424790373196e-08,1.03137918416185e-08,2.71831807688886e-08,1.65075012349124e-08,2.49543694081043e-08,1.57665024979971e-08,9.21962774007618e-09,7.95547106518994e-09,1.47323138767948e-08,9.29298610996616e-09,1.37403553449371e-08,8.60659948986385e-09,7.70746049029608e-09,6.08568333292405e-09,8.9699513204277e-09,9.63660093275158e-09,1.03566293578438e-08,7.05587942941882e-09,5.59180636249823e-09,5.28424670779787e-09,8.74450649716607e-09,6.65640526110704e-09,9.36477225641537e-09,4.88500748584304e-09,4.81714548058985e-09,4.0826879718269e-09,5.84000503104007e-09,5.40194460427195e-09,6.45919416093498e-09
1.12706781419807e-08,1.37652191673087e-08,1.99502637578717e-08,1.15177947108528e-08,1.94094535798331e-08,1.63987575318889e-08,1.46273456358464e-08,2.09520316829482e-08,4.34243105847794e-08,2.07578737399044e-08,3.36678765128713e-08,2.9982259906869e-08,2.30301383987685e-08,4.76705070265812e-08,4.95997458273214e-08,3.65225725024455e-08,7.67342710523657e-08,6.11297848944868e-08,4.34446827108791e-08,4.4086533287999e-08,2.25652484094119e-08,6.87056982452139e-08,3.41266475457367e-08,5.45483591917285e-08,4.04443137830675e-08,2.03150632101037e-08,1.14849341357516e-08,3.07452966357597e-08,1.89587308306188e-08,2.79161053877218e-08,1.82245692887446e-08,1.05204025113599e-08,1.21876745641851e-08,1.70896504783368e-08,1.24694292596816e-08,1.79555833820367e-08,9.509171957189e-09,1.05253805398398e-08,6.8747893175037e-09,1.0898841276269e-08,1.22108690932088e-08,1.22711494076639e-08,9.56724349588603e-09,6.19767033890898e-09,4.79392736176852e-09,1.10760770731621e-08,6.21098748190927e-09,1.13931480334225e-08,7.80370219850693e-09,8.74792485177809e-09,1.51393542758928e-08,8.05683987387876e-09,1.44399702098381e-08,1.27781535881392e-08,9.49044724229512e-09,1.56495668130329e-08,3.27869618838619e-08,1.56374865248492e-08,2.54124053515736e-08,2.3576683517463e-08,1.74425701830584e-08,3.58518636969379e-08,3.54384934711239e-08,2.77130571100808e-08,5.5151317749839e-08,4.37625875722142e-08,3.2836558915411e-08,3.24197920501127e-08,1.84350382018202e-08,5.0836833980128e-08,2.71067231234722e-08,4.29962733452621e-08,2.97173619048928e-08,1.6720329048838e-08,8.51578092345362e-09,2.42851208461787e-08,1.6013882744481e-08,2.18980282883178e-08,1.53709044015287e-08,8.00002433290172e-09,7.52575094659002e-09,1.51330837993363e-08,9.73040424781426e-09,1.52448563819412e-08,7.20671426360333e-09,6.53054187057552e-09,5.43106534033684e-09,8.33067288478621e-09,7.84365261360908e-09,9.84115027096929e-09,5.78880009019943e-09,4.97457314836722e-09,3.46846351556879e-09,7.28305279516718e-09,4.54744586137914e-09,6.63654266754228e-09
1.14609624017015e-08,2.17320780043686e-08,3.5793532051541e-08,1.75489633133284e-08,3.00143930209535e-08,2.46375308917665e-08,2.44632857898943e-08,3.83191957147565e-08,3.35761627533284e-08,3.33812771131867e-08,5.40621491101015e-08,4.55195580475764e-08,4.33296200797777e-08,3.6520041785531e-08,4.39062475768223e-08,6.01183940398804e-08,6.11297848944868e-08,9.04889230237169e-08,3.35145438046849e-08,3.90142127558562e-08,2.10842218371194e-08,5.47590295190927e-08,3.00737086235934e-08,4.29149384715107e-08,3.55723833481934e-08,1.89252133369395e-08,1.17536918963741e-08,2.69368376368652e-08,1.8018466409883e-08,2.53507525303038e-08,1.71607214283639e-08,1.09824456682441e-08,1.27453503832947e-08,1.6518411721827e-08,1.23961831440829e-08,1.73612203541505e-08,9.8540695609413e-09,1.14363318725824e-08,7.47209237797803e-09,1.09452257923338e-08,1.33711786412898e-08,1.26629146282858e-08,1.02420080678112e-08,6.69713694494602e-09,5.13947566457247e-09,1.18810337372133e-08,6.83575945666757e-09,1.22058563764455e-08,8.28180327033173e-09,1.50300061052146e-08,2.57991868842692e-08,1.27539776569795e-08,2.22421593218275e-08,1.87576441025524e-08,1.68835310559591e-08,2.74382615297824e-08,2.6190836281608e-08,2.46292720003441e-08,4.07014301227832e-08,3.67634403412436e-08,3.15211591008949e-08,2.87058755233515e-08,3.08818816878716e-08,4.60550521733787e-08,4.498778434726e-08,6.61824893584564e-08,2.62989064398557e-08,2.81738097363709e-08,1.75626347515301e-08,4.13893904542607e-08,2.45403939693834e-08,3.57912686108588e-08,2.54951127675759e-08,1.57134078549829e-08,8.57472652945913e-09,2.17804940636777e-08,1.47013574199996e-08,1.92031577490188e-08,1.43545783808914e-08,8.27950380356846e-09,7.93856890433483e-09,1.40269552993585e-08,9.51822064744191e-09,1.43643834036396e-08,7.34838447966477e-09,7.24098412512017e-09,5.82991122469038e-09,8.2093029037689e-09,8.82304000542378e-09,9.99918484127726e-09,6.30979136995069e-09,5.26487561621015e-09,3.76106370627479e-09,7.84369759543364e-09,5.22018708931138e-09,7.49789005875721e-09
9.59544635433129e-09,1.19819537379292e-08,1.93511196469101e-08,9.73086089765231e-09,1.8672424723152e-08,1.5601979666454e-08,1.26304499811309e-08,2.03258215685187e-08,4.88314465606793e-08,1.98123192510429e-08,3.765358075894e-08,3.404554438141e-08,2.23701634972702e-08,5.34263760638446e-08,2.45466569104105e-08,4.10093785205976e-08,4.34446827108791e-08,3.35145438046849e-08,6.3248907005564e-08,2.78385068297109e-08,1.44424941513939e-08,5.14398033961615e-08,2.50193448684037e-08,4.56428574291405e-08,2.56691657414287e-08,1.30780974129649e-08,1.19320804003689e-08,2.27883154876566e-08,1.33144920416938e-08,2.19416984943621e-08,1.20282807496045e-08,1.1286870090789e-08,8.73631802297947e-09,1.21816703879722e-08,1.34007670215445e-08,1.32486834954405e-08,1.01720753892913e-08,7.41817563897271e-09,6.55019947052302e-09,1.17504250864483e-08,8.82399567109795e-09,1.25302581219913e-08,6.65695905795677e-09,5.90438546547962e-09,4.81564730647008e-09,8.0022873751493e-09,6.00427457206545e-09,7.9644646083632e-09,6.58238156051023e-09,7.62213871900302e-09,1.44570584593833e-08,6.6027730811491e-09,1.40929044323571e-08,1.20166770160867e-08,8.30582309957652e-09,1.51674984424708e-08,3.72298667805355e-08,1.52796174243861e-08,2.91209186577847e-08,2.71626612675293e-08,1.69815650052078e-08,4.10408892152419e-08,1.94242581691044e-08,3.19405105260862e-08,3.40310230448388e-08,2.6301908823945e-08,4.98533384739509e-08,2.21860907847771e-08,1.20446596657989e-08,4.08435074059335e-08,2.0651778246512e-08,3.66714359558147e-08,2.01907926828306e-08,1.0938727333564e-08,8.88264731989627e-09,1.85314737867842e-08,1.15079929395711e-08,1.81004411016315e-08,9.94278452481472e-09,8.26423127165827e-09,5.6022765792535e-09,1.06440056356597e-08,9.98555628019142e-09,1.08514615829722e-08,7.20839027286517e-09,5.26712273058553e-09,5.14484852986413e-09,8.73826169285572e-09,6.42561037885873e-09,9.34395759340533e-09,4.69348428024318e-09,4.80836189482721e-09,3.73935887622646e-09,5.95393091291356e-09,4.98415881210955e-09,5.83955422242372e-09
