5.16140564540698e-08,2.66686780820373e-08,1.34122699158019e-08,4.12369485468294e-08,2.56148931082651e-08,3.82792764490149e-08,2.25319126402612e-08,1.17804395372513e-08,1.19632151380595e-08,2.18717281173702e-08,1.22257028274606e-08,2.30040329368177e-08,1.01427402016386e-08,1.01110208440325e-08,7.31516328602493e-09,1.03909595565136e-08,1.10463720931395e-08,1.02249259741659e-08,8.82602438001169e-09,6.44521430080543e-09,5.26884604475709e-09,9.7244327936218e-09,6.75003822355559e-09,1.0156028264751e-08,5.79294455861014e-09,4.64671726958024e-09,4.47261180300397e-09,5.99325179872576e-09,5.41169496269645e-09,6.04165535261505e-09,4.21739692420590e-09,4.14947461091379e-09,3.3522402781874e-09,4.96939746945058e-09,4.29070487422669e-09,5.16579288413717e-09,3.73049033940838e-09,2.92847257053751e-09,2.88532264183796e-09,3.88060632337177e-09,3.549761529591e-09,4.98058112556519e-09,2.56376347682384e-09,2.43033431986033e-09,2.85078441774942e-09,3.08491700167264e-09,3.17723479307267e-09,3.75253114717944e-09,3.97956790052954e-08,2.00211174982046e-08,9.93764001128248e-09,3.28925599416886e-08,1.8654511414027e-08,3.04536421550423e-08,1.71109249854719e-08,8.959558288308e-09,8.22619096922619e-09,1.61589336005176e-08,8.26928184048897e-09,1.50329689994604e-08,7.49019700611981e-09,6.82906910815799e-09,5.90747530064093e-09,7.33378829619693e-09,7.93201325047764e-09,8.03806121522421e-09,6.11174657131062e-09,5.22196786152234e-09,4.58598167428188e-09,7.01363979264559e-09,5.3365199828285e-09,7.40428626302239e-09,4.52078599098151e-09,3.97129327525513e-09,3.68246003902254e-09,4.65341100022936e-09,4.63971759220214e-09,4.47802912726742e-09,3.53188066306558e-09,3.32336219621338e-09,2.55998191083863e-09,4.1135923615754e-09,3.46062198121033e-09,4.53193746092276e-09,3.00231987267043e-09,2.0487533978092e-09,2.13519626337606e-09,3.01111660394301e-09,2.4978153405306e-09,3.84265335702864e-09,1.80648252949631e-09,1.78475995220077e-09,2.15015505698754e-09,2.24722660255594e-09,2.5352785378315e-09,2.81251165966151e-09
2.66686780820373e-08,1.12326288081312e-07,3.11082939370971e-08,5.23476453637603e-08,9.51412442124615e-08,4.08695305214779e-08,9.48514557427734e-08,2.62480829839605e-08,1.32732888162005e-08,8.04864096618102e-08,2.43078458749837e-08,7.75381442940425e-08,2.25060003930011e-08,1.11180032112619e-08,1.2626696268964e-08,2.06265720115205e-08,1.19778828571618e-08,1.96568038984616e-08,9.41056570306336e-09,1.07697095010086e-08,7.15860523815839e-09,1.0026585712519e-08,1.13577721038287e-08,1.0002411996289e-08,9.41967545289568e-09,6.40349840337545e-09,5.92787417707204e-09,1.01335263623999e-08,8.33773470368034e-09,1.18907334906957e-08,6.00661997719816e-09,5.33528869507656e-09,5.6330576836158e-09,7.62295454781691e-09,6.22263309541428e-09,8.37423880274067e-09,4.93252890510823e-09,4.99870784662141e-09,4.0606922216465e-09,5.56047667231332e-09,5.45510810087161e-09,6.38051061332797e-09,4.59904860076704e-09,3.68305511648878e-09,3.44096544351325e-09,4.89304016417716e-09,4.49280843021425e-09,5.85779335008905e-09,2.29449978714297e-08,6.91610756622804e-08,2.38086979263669e-08,4.47625200007378e-08,5.35424552111457e-08,3.30404898453536e-08,5.96508919202026e-08,2.069630296463e-08,9.13755719885506e-09,4.615873447415e-08,1.87962642355341e-08,4.2933618749446e-08,1.71345059558672e-08,8.24880786049112e-09,1.08567013615965e-08,1.66000097165624e-08,9.09381954730065e-09,1.57208439372616e-08,7.12994053989428e-09,9.47090262111863e-09,6.19239118291726e-09,7.62050892494906e-09,9.55564309508319e-09,7.95155318344229e-09,7.86890398174329e-09,5.38056951249713e-09,4.50365086385598e-09,8.00525952084297e-09,6.98188312098449e-09,9.42398032368467e-09,4.95666937660169e-09,3.90920871833508e-09,4.12021924151039e-09,6.15326811788854e-09,4.69188866138134e-09,6.89849982034224e-09,3.61444325627187e-09,3.45627026595066e-09,2.8008567548332e-09,4.16120590533855e-09,3.80850309382036e-09,4.91574026978634e-09,3.28106394202602e-09,2.50966198770977e-09,2.20394479422223e-09,3.53847755489555e-09,3.41617892027177e-09,4.54276517687462e-09
1.34122699158019e-08,3.11082939370971e-08,6.46551659117871e-08,2.513894872185e-08,5.47232993957614e-08,4.53869306763641e-08,2.62613935419445e-08,5.48305315558958e-08,2.41272530634522e-08,4.63877754015445e-08,4.38693866170519e-08,3.77016310712354e-08,4.70667892318745e-08,2.01730658199407e-08,1.07609615524453e-08,3.70599433213343e-08,1.91700346787714e-08,3.35007454824513e-08,1.7644220890678e-08,9.1547302412755e-09,9.31293648835641e-09,1.66065923077564e-08,8.97330198327295e-09,1.54315035319154e-08,7.78041789676111e-09,8.18618200821056e-09,5.79141488233932e-09,7.72183243289097e-09,9.44365445262686e-09,8.27050164864824e-09,7.45262197503956e-09,5.1712944622739e-09,4.16170413589266e-09,8.5088302402196e-09,5.61754943477417e-09,8.92445342194765e-09,4.65862046511301e-09,3.51051307679266e-09,2.99521706881697e-09,4.83194388413631e-09,3.90200894370411e-09,5.13938601735814e-09,3.4331286485166e-09,2.99726184571486e-09,3.23083249529201e-09,3.91816606145053e-09,3.82368064532237e-09,4.82529805626622e-09,9.95714753692571e-09,2.38990015375122e-08,4.79026967263699e-08,2.04187255196471e-08,4.05972967620725e-08,3.49182029014057e-08,2.11058925952811e-08,4.14112813210369e-08,1.78432248288494e-08,3.50229628664456e-08,3.35471878223447e-08,2.81714486127287e-08,3.53523990218276e-08,1.53979430853419e-08,8.90938038633061e-09,2.87278790052477e-08,1.52560640277634e-08,2.56322046097378e-08,1.36254876228045e-08,8.03391082836138e-09,6.15450801435752e-09,1.35790778842898e-08,7.22759847700742e-09,1.25518590301867e-08,6.55128864058081e-09,5.17275424842285e-09,4.69317096741282e-09,6.12469686291645e-09,6.29674642039814e-09,6.34401771923802e-09,4.68538714740764e-09,4.14188141649767e-09,2.87623438758649e-09,5.63947763694687e-09,4.01383078916669e-09,6.04656981251977e-09,3.62322075777782e-09,2.3854937069883e-09,2.22778237939616e-09,3.44502992684235e-09,3.17167024347514e-09,4.29067702188979e-09,2.29732811757066e-09,2.12617219356944e-09,2.34764170964325e-09,3.23132287740221e-09,2.81631539324192e-09,3.74359711929196e-09
4.12369485468294e-08,5.23476453637603e-08,2.513894872185e-08,7.18948694981205e-08,4.06155224382889e-08,5.68388146293289e-08,4.32555450730717e-08,2.10485677019436e-08,1.19676091590185e-08,3.39825495840684e-08,1.98362967363006e-08,3.30291574303199e-08,1.83420941395214e-08,1.03066159517278e-08,1.32551089239054e-08,1.71248386811948e-08,1.14734498575943e-08,1.65088563034424e-08,8.75928777251844e-09,1.14873959768006e-08,7.21411620869154e-09,9.98491031988103e-09,1.22992949804848e-08,1.00043558662145e-08,1.02275297028217e-08,6.44972111251445e-09,5.12135886776109e-09,1.09785905498916e-08,7.37336856690581e-09,1.11794264516114e-08,5.92293140975526e-09,4.57578359314175e-09,4.23106801563348e-09,6.6350818149931e-09,5.1794410508404e-09,7.23629916363825e-09,4.19318728425777e-09,3.81765142408941e-09,3.24101296071603e-09,4.61841287109125e-09,4.26488340511318e-09,5.5300770845978e-09,3.60460830415618e-09,2.8501333484744e-09,3.15274085927329e-09,3.8767318611342e-09,3.79881093607014e-09,4.83973131850338e-09,3.2533899519615e-08,3.90692623367507e-08,1.9174981987045e-08,5.65389783866232e-08,2.94120140428598e-08,4.53216537130784e-08,3.26065754032436e-08,1.65276538432172e-08,8.52010206149062e-09,2.49707891114491e-08,1.40736261673105e-08,2.15000924117489e-08,1.38086593785114e-08,7.91546823137153e-09,1.04766797782674e-08,1.26359030787113e-08,8.64168717635097e-09,1.29346302028027e-08,6.98997792181604e-09,9.23821935531175e-09,6.5720634147983e-09,7.67713793693069e-09,9.94499030876634e-09,8.20613527976746e-09,7.82677952184403e-09,5.76491514947078e-09,3.89103104765072e-09,8.47636511997983e-09,6.07221961319254e-09,8.35015620813301e-09,5.27129572243218e-09,3.4113393515414e-09,2.64638826180702e-09,5.38511919488193e-09,3.75348333298346e-09,6.01067696924761e-09,3.16490428073213e-09,2.39053895326618e-09,2.51348023377366e-09,3.30533978484699e-09,3.15177407551206e-09,4.39796211831963e-09,2.31788938800771e-09,2.14166241190549e-09,2.12331675144659e-09,2.90006286519671e-09,2.69159274929278e-09,3.32864513219082e-09
2.56148931082651e-08,9.51412442124615e-08,5.47232993957614e-08,4.06155224382889e-08,1.32056675260639e-07,6.41250757842408e-08,8.04924830355497e-08,4.63748609605695e-08,2.28289716071565e-08,1.11490583839732e-07,3.77239028474349e-08,9.75289684938265e-08,3.93690875813821e-08,1.88707236829155e-08,1.1347973189315e-08,3.14931127316443e-08,1.82338981066395e-08,2.8563737309788e-08,1.63609424172536e-08,9.62765148262789e-09,1.02297867004469e-08,1.55948569636864e-08,9.45165499673928e-09,1.49149292407748e-08,8.23290382596507e-09,9.08953285297117e-09,6.86220205033684e-09,8.20178700394388e-09,1.1039041448608e-08,9.61235903454226e-09,8.45220581792054e-09,6.33028133065049e-09,6.36466185496889e-09,1.01339381801523e-08,7.35850965916647e-09,1.09299385218825e-08,5.84720320984576e-09,5.51554670926268e-09,4.82971772360347e-09,6.40884755527685e-09,6.31097587328176e-09,7.38803428241967e-09,5.21523577670794e-09,4.59144425608394e-09,4.1596923267631e-09,5.964921860162e-09,5.70856326268463e-09,7.15055919979502e-09,2.23653366789195e-08,5.69051658388674e-08,4.10266277058596e-08,3.47962371353376e-08,7.76477869268841e-08,5.08804001617489e-08,4.91601055837936e-08,3.53712404172732e-08,1.57897758529819e-08,6.63005219197384e-08,2.89233916954982e-08,5.76085048801937e-08,2.99535290092908e-08,1.33965610073426e-08,9.03569021901558e-09,2.468448994336e-08,1.36455895302347e-08,2.22859581276772e-08,1.18401227487437e-08,8.01488565831273e-09,7.62088437765743e-09,1.17358994461758e-08,7.25340973388129e-09,1.17634927115606e-08,6.72938792489636e-09,6.53239788777713e-09,5.55079339990379e-09,6.17798727328236e-09,8.42602007983045e-09,7.13009859206561e-09,5.94206977133806e-09,4.92373645162451e-09,4.76207205232264e-09,7.49178424688638e-09,5.46047384473717e-09,7.97104804823404e-09,4.47077494609178e-09,3.85914077989186e-09,3.71127751265301e-09,4.6927437627592e-09,4.68703808003747e-09,5.84470703728626e-09,3.76380702256684e-09,3.53460374022217e-09,2.81846929766333e-09,4.6282125441403e-09,4.47008154265877e-09,5.4535387572031e-09
3.82792764490149e-08,4.08695305214779e-08,4.53869306763641e-08,5.68388146293289e-08,6.41250757842408e-08,8.60595145216424e-08,3.41602296901558e-08,3.81946423072807e-08,2.0048761654607e-08,5.38144293009781e-08,3.02834104317804e-08,4.51566972184095e-08,3.31876940821442e-08,1.70349855466488e-08,1.10499562861906e-08,2.5808196240822e-08,1.68694516018655e-08,2.38090905181947e-08,1.47503494150538e-08,9.53239065555355e-09,9.93943271910614e-09,1.4639147240318e-08,9.54755494322555e-09,1.40435656269002e-08,8.19586978633840e-09,8.87671975622005e-09,5.84464790265567e-09,8.30632068436217e-09,9.58202224247502e-09,8.62438867592172e-09,8.12520688804206e-09,5.28270884395121e-09,4.80483617347177e-09,8.64686613669536e-09,6.1918423315751e-09,9.83274527002665e-09,4.74639929128539e-09,4.18582734694743e-09,3.81202082194996e-09,5.38067096570853e-09,4.71589784290241e-09,6.32447052987048e-09,3.92488590483046e-09,3.41501108591507e-09,3.51593889226328e-09,4.3299161698532e-09,4.53003804045309e-09,5.49001712712159e-09,3.03237581099496e-08,2.95033001565029e-08,3.37592792107702e-08,4.35871097172235e-08,4.74086820849618e-08,6.64488832350512e-08,2.46754134654045e-08,2.87882629007148e-08,1.41641249110709e-08,4.02530921253186e-08,2.17503994850165e-08,3.19248089341531e-08,2.44925577580099e-08,1.24019031153435e-08,8.5477335205868e-09,1.89446791045285e-08,1.2564280928543e-08,1.81687068112117e-08,1.11422472656906e-08,7.63981952207266e-09,7.98628340849973e-09,1.09534849120088e-08,7.68624626165473e-09,1.13939849966066e-08,6.24835798450943e-09,7.01439548931026e-09,4.48950803061452e-09,6.59924521076492e-09,7.42099678731011e-09,6.41033017368123e-09,6.33049532766081e-09,3.96686163368172e-09,3.21946403647037e-09,6.6215987987456e-09,4.2649401541513e-09,7.38760966719651e-09,3.51900473179586e-09,2.79512122906986e-09,3.23244895550614e-09,3.7155636644548e-09,3.77308843555355e-09,5.01276414453215e-09,2.60478173117401e-09,2.84739615812513e-09,2.583360237504e-09,3.48302962822192e-09,3.58998164658431e-09,3.83215647037287e-09
2.25319126402612e-08,9.48514557427734e-08,2.62613935419445e-08,4.32555450730717e-08,8.04924830355497e-08,3.41602296901558e-08,1.16943112889286e-07,3.15251637226621e-08,1.58878403466513e-08,1.00253575445046e-07,2.99847236805983e-08,9.75718166705963e-08,2.71615408564879e-08,1.34233311268654e-08,1.46453185234843e-08,2.55976900684933e-08,1.42548183596911e-08,2.47241160250241e-08,1.13563278767167e-08,1.25748208959209e-08,8.4096896815509e-09,1.18919167565316e-08,1.3468665382719e-08,1.19004835993832e-08,1.10123294376151e-08,7.29411903541288e-09,6.4368461747939e-09,1.18394454814638e-08,9.04077548455775e-09,1.33009072461038e-08,6.81822080257082e-09,5.79337000128183e-09,6.29948641508249e-09,8.26288107878358e-09,6.9386543959724e-09,9.29756358126726e-09,5.2341646068126e-09,5.64933956012842e-09,4.66229680979346e-09,6.15394726004319e-09,6.2649841289196e-09,6.96804244148257e-09,4.91104715127497e-09,4.03522947661906e-09,3.48274202618974e-09,5.33261928524876e-09,4.34328642293377e-09,5.84209911480682e-09,2.02567340675645e-08,5.96567440708553e-08,2.06937539520952e-08,3.745448126298e-08,4.61580990054175e-08,2.79580408844446e-08,7.04831926463037e-08,2.44552764699462e-08,1.14639534028812e-08,5.99419386410859e-08,2.29926950659854e-08,5.95863749000585e-08,2.03740755933664e-08,1.02376442081192e-08,1.21864546105389e-08,2.00332393180222e-08,1.07586316962727e-08,1.89327143473118e-08,8.92133442152607e-09,1.0834574944327e-08,7.14593401146067e-09,9.25118082736101e-09,1.0776221539915e-08,9.41420324484868e-09,9.05848121182421e-09,6.18924577182282e-09,4.56939621757127e-09,9.06338841352284e-09,7.73524651052559e-09,1.04521578701217e-08,5.73101178849502e-09,3.89830126681175e-09,4.76686841477994e-09,6.82609238056941e-09,4.78654396956532e-09,7.73719501715743e-09,3.48138910408402e-09,4.11900512592428e-09,3.33454223977541e-09,4.12350816363619e-09,4.88365190594394e-09,5.14273195096859e-09,3.82075341564279e-09,2.8335587910247e-09,2.3759516333556e-09,4.15718230598414e-09,3.5710105841397e-09,4.80249918144143e-09
1.17804395372513e-08,2.62480829839605e-08,5.48305315558958e-08,2.10485677019436e-08,4.63748609605695e-08,3.81946423072807e-08,3.15251637226621e-08,6.10210099268721e-08,2.61850243621815e-08,5.40971936311928e-08,4.84771877798997e-08,4.41951308185762e-08,5.21627466086031e-08,2.18234823800691e-08,1.19189429758e-08,4.08610536091703e-08,2.11760155382183e-08,3.72837825070111e-08,1.90617992422201e-08,1.02085651092812e-08,1.05169806738564e-08,1.83851495737023e-08,9.85297648357219e-09,1.68176839562315e-08,8.7233241939788e-09,9.19099676178934e-09,6.19554907306113e-09,8.53750032062702e-09,1.04128243515623e-08,9.13412597357507e-09,8.40117846255637e-09,5.56320188973822e-09,4.92762191500717e-09,9.43991642223100e-09,6.23605127208224e-09,1.01139981388893e-08,4.93960349568398e-09,4.18970434160023e-09,3.47465317202741e-09,5.34987831058112e-09,4.88415252297541e-09,5.89402628602282e-09,3.75037544523218e-09,3.16918400215321e-09,3.13665242103318e-09,4.33461134842388e-09,3.77148344489886e-09,4.99667470899734e-09,9.21579632106612e-09,2.11038261119093e-08,4.14051045010066e-08,1.77687025449989e-08,3.50158712732124e-08,2.97469779050817e-08,2.43818181710531e-08,4.64503891201246e-08,1.92800284603372e-08,4.05269994791789e-08,3.71207654029533e-08,3.33798626258051e-08,3.93295316132516e-08,1.6829902825205e-08,9.85133799130224e-09,3.16474000656615e-08,1.67779027174926e-08,2.84390307907203e-08,1.50216914193386e-08,8.73566049204829e-09,7.0616288045695e-09,1.49626266455694e-08,8.02163435173637e-09,1.40177006755826e-08,7.1714989354715e-09,6.11084242106618e-09,4.91346424493671e-09,6.87959753023627e-09,7.24390946418613e-09,7.15798896083839e-09,5.55898052526516e-09,4.32991983686325e-09,3.55208046718756e-09,6.5409458393959e-09,4.3557007079375e-09,6.9542126033949e-09,3.71785239610428e-09,2.99413817753313e-09,2.60233804363022e-09,3.72561427003173e-09,4.15756447084255e-09,4.80154026737642e-09,2.61352531443175e-09,2.33311408289177e-09,2.37163289141354e-09,3.57059374498456e-09,2.9958002355376e-09,3.98769817682205e-09
1.19632151380595e-08,1.32732888162005e-08,2.41272530634522e-08,1.19676091590185e-08,2.28289716071565e-08,2.0048761654607e-08,1.58878403466513e-08,2.61850243621815e-08,6.32389791950751e-08,2.67307026235609e-08,4.7713107420512e-08,4.71831297172229e-08,2.18292879166582e-08,5.3167286913069e-08,2.24890114589123e-08,3.98411692122211e-08,4.30941296314034e-08,3.24343777401429e-08,4.60982127948847e-08,1.9128987030188e-08,1.06546313520602e-08,3.69881438130726e-08,1.71085070434672e-08,3.39101371471436e-08,1.61350747428545e-08,8.98327195945862e-09,8.1662299029475e-09,1.42424040498248e-08,9.2215336700756e-09,1.37366342375308e-08,7.70951136159277e-09,7.48265170650062e-09,4.51630455334677e-09,7.9682988930541e-09,7.42434689858254e-09,8.79913330402603e-09,6.6580900278594e-09,3.91554868859356e-09,3.77589115092407e-09,6.57444712519872e-09,4.94590243632221e-09,7.28094618589063e-09,3.39257142235773e-09,3.21513860876713e-09,3.40355270865761e-09,4.1609735649934e-09,3.74866680942121e-09,4.79694881580598e-09,8.48276472209056e-09,8.99132513957909e-09,1.80426298878339e-08,8.81719327535156e-09,1.66603261418492e-08,1.51302961437032e-08,1.15185399823947e-08,1.99448275158886e-08,4.12207660024405e-08,1.9258743707811e-08,3.27910244380581e-08,3.45090522979255e-08,1.62685782921526e-08,3.56642681626611e-08,1.81612292001812e-08,2.77248521050028e-08,3.18544421562074e-08,2.47923353806642e-08,3.1555138167983e-08,1.59509382586425e-08,6.62210817844749e-09,2.7733975362679e-08,1.34762888393732e-08,2.42027102526842e-08,1.3231366687402e-08,5.92617979185946e-09,5.90509252809026e-09,1.13842666253164e-08,6.47151241645791e-09,1.04357810778448e-08,5.08030495789243e-09,5.34478260473526e-09,3.67242758270802e-09,5.71116136112209e-09,5.53536665551935e-09,6.60590881120173e-09,4.82358462805341e-09,3.17213450922366e-09,2.83528083773939e-09,4.92918465818436e-09,3.87913396634529e-09,5.50620859884496e-09,2.50579681990806e-09,2.20660093766927e-09,2.45329579295039e-09,2.94610746390253e-09,2.70318395227259e-09,3.31365015743547e-09
2.18717281173702e-08,8.04864096618102e-08,4.63877754015445e-08,3.39825495840684e-08,1.11490583839732e-07,5.38144293009781e-08,1.00253575445046e-07,5.40971936311928e-08,2.67307026235609e-08,1.37225668144032e-07,4.48859993097053e-08,1.21287296104287e-07,4.62110092523148e-08,2.22045525160576e-08,1.33297669504848e-08,3.77945034753002e-08,2.16045809031954e-08,3.47374289141816e-08,1.9237794831765e-08,1.1440179420414e-08,1.30108632575384e-08,1.84909372856479e-08,1.12564997842376e-08,1.76689849093353e-08,9.85856931640706e-09,1.12997226008697e-08,7.65277137322251e-09,9.69653224211224e-09,1.26512035480484e-08,1.09417796042884e-08,1.05056310420078e-08,7.06534640482078e-09,7.37418567050063e-09,1.16334031523264e-08,8.55683086782335e-09,1.29937861619952e-08,6.38336097539621e-09,6.46543251797399e-09,5.65484158319023e-09,7.36601427932621e-09,7.70923533106123e-09,8.68458448303248e-09,5.69798584858097e-09,5.17377270720691e-09,4.30917824007479e-09,6.75576584206897e-09,5.85505899109819e-09,7.48792351372126e-09,1.95451780651691e-08,4.91648406766723e-08,3.53659488879037e-08,2.92729086736943e-08,6.62966695929165e-08,4.31168075690283e-08,5.96882165067158e-08,4.12908057409269e-08,1.8650310237913e-08,8.33759005752535e-08,3.46488292391717e-08,7.66455360102107e-08,3.50637212071054e-08,1.59817383831906e-08,1.09703657918546e-08,2.9583575588044e-08,1.62451740247714e-08,2.67710694205409e-08,1.41901858797373e-08,9.85708511647963e-09,8.70526216804757e-09,1.40926823721908e-08,8.80295832930437e-09,1.41298605206803e-08,8.29643977599637e-09,7.70638645084483e-09,5.66526509249608e-09,7.55159884961998e-09,9.32217770924957e-09,8.43099518077008e-09,7.06928374950353e-09,5.01796615586356e-09,5.86413797709294e-09,8.33742681947376e-09,5.86960265580838e-09,9.00006912315569e-09,4.3951803558058e-09,4.93340915597636e-09,4.39884898686361e-09,4.86262884298338e-09,6.67198263464305e-09,6.67971413634905e-09,4.3882939676914e-09,4.05706774813924e-09,3.07497182814107e-09,5.58335244357334e-09,4.63931439124168e-09,5.77015779463406e-09
1.22257028274606e-08,2.43078458749837e-08,4.38693866170519e-08,1.98362967363006e-08,3.77239028474349e-08,3.02834104317804e-08,2.99847236805983e-08,4.84771877798997e-08,4.7713107420512e-08,4.48859993097053e-08,7.53042516186572e-08,6.85119903975197e-08,4.08651082367089e-08,3.98373680092937e-08,2.00515761391857e-08,6.33606828468931e-08,3.29934077743118e-08,5.21733616230696e-08,3.4658230106801e-08,1.70607512577241e-08,1.06573457894545e-08,2.84793717549073e-08,1.55080715921143e-08,2.54179012049613e-08,1.4529065433097e-08,9.2252127318799e-09,9.14719968779771e-09,1.3179308996991e-08,1.0062210836203e-08,1.31476879367798e-08,7.84735286847672e-09,8.24221602336423e-09,5.54747788724979e-09,8.59907551420927e-09,8.9416717327575e-09,9.48826829121424e-09,7.37390566622008e-09,4.87581079712283e-09,4.49625655948284e-09,7.90228182895072e-09,6.11076619799441e-09,8.6685057595188e-09,4.25448081598629e-09,3.87419554214681e-09,3.78845764448964e-09,5.15879690236431e-09,4.51667878267053e-09,5.89457947771818e-09,9.36296065996113e-09,1.97599531080541e-08,3.31423772362534e-08,1.62669366894653e-08,2.8504810854887e-08,2.29345665000898e-08,2.321896026964e-08,3.67206509207252e-08,3.30617942051583e-08,3.35428006734101e-08,5.51247863608473e-08,5.2218214941193e-08,3.05419436183994e-08,2.83843039508995e-08,1.61988775870212e-08,4.67923584170568e-08,2.57548475896721e-08,3.959349874576e-08,2.50310371684973e-08,1.44304898827826e-08,6.85538589050129e-09,2.26061518688057e-08,1.25004732927035e-08,1.95004211778701e-08,1.19021421449546e-08,6.31816489133642e-09,6.36306144339124e-09,1.06707707960598e-08,7.11005967046977e-09,1.02811230815046e-08,5.50427935014147e-09,5.71212884404094e-09,4.21563725915195e-09,6.26499865858909e-09,5.9897313721311e-09,6.9198775053244e-09,5.16609479628978e-09,3.73687938354043e-09,3.61999208394705e-09,5.28818389586442e-09,5.09832563345113e-09,6.80578069979223e-09,3.1356981779196e-09,2.95030150933674e-09,2.88401097822582e-09,4.13956983928667e-09,3.38219275519336e-09,4.31361560610727e-09
2.30040329368177e-08,7.75381442940425e-08,3.77016310712354e-08,3.30291574303199e-08,9.75289684938265e-08,4.51566972184095e-08,9.75718166705963e-08,4.41951308185762e-08,4.71831297172229e-08,1.21287296104287e-07,6.85119903975197e-08,1.59607892830638e-07,3.72756464566399e-08,3.91899841691166e-08,2.0542966308082e-08,5.7407233030421e-08,3.24753262363874e-08,4.76056735772834e-08,3.40349319340958e-08,1.77043268943457e-08,1.25672006576289e-08,2.78120198848008e-08,1.68539946814555e-08,2.57674800882683e-08,1.50674337266674e-08,1.0685148359041e-08,1.10896079957511e-08,1.41994784530101e-08,1.18265641077926e-08,1.44272626457528e-08,9.41499468146947e-09,1.02101275810294e-08,8.36617768044476e-09,1.03300171949688e-08,1.19546310404264e-08,1.20955251397508e-08,9.01026922478142e-09,7.32142687707877e-09,6.79775168143963e-09,1.04243078360319e-08,8.97071773372476e-09,1.19594984200337e-08,6.37733256519865e-09,5.99742426483141e-09,5.05685500677415e-09,7.63429114625764e-09,6.54440465843834e-09,8.48150224256900e-09,2.02732402851253e-08,4.65375913243829e-08,2.89199629654349e-08,2.73007698019505e-08,5.86391272134427e-08,3.66143932321059e-08,5.75091172534358e-08,3.35543821747066e-08,3.24526951720949e-08,7.52422169003774e-08,5.09374608998138e-08,1.04061376267757e-07,2.81905737632956e-08,2.76087101457401e-08,1.52439662339058e-08,4.32052271713365e-08,2.4297994879417e-08,3.58145735841537e-08,2.45475794016139e-08,1.39175139794542e-08,7.92346012337632e-09,2.11919131426634e-08,1.2479702746572e-08,1.91207888846389e-08,1.16252217556378e-08,7.39539872284451e-09,7.3096061538326e-09,1.07448502950034e-08,9.19076091895594e-09,1.10595972061007e-08,6.44061681178776e-09,6.50077690041881e-09,6.52401909019356e-09,7.92896394367556e-09,7.57789129970482e-09,8.93546652630781e-09,5.73553686062554e-09,5.54099564186599e-09,5.23399692713953e-09,6.41727616073909e-09,6.87023420911664e-09,8.45388939981523e-09,4.99925316410209e-09,4.56086446748769e-09,3.63051032987471e-09,5.90203012264916e-09,4.89812995224676e-09,6.25174273115182e-09
1.01427402016386e-08,2.25060003930011e-08,4.70667892318745e-08,1.83420941395214e-08,3.93690875813821e-08,3.31876940821442e-08,2.71615408564879e-08,5.21627466086031e-08,2.18292879166582e-08,4.62110092523148e-08,4.08651082367089e-08,3.72756464566399e-08,5.97057372891533e-08,2.48012338910592e-08,1.344741924264e-08,4.65874662717071e-08,2.41560579085258e-08,4.29728808095781e-08,2.1386295757974e-08,1.12486950213128e-08,1.19410243901824e-08,2.07009650479199e-08,1.1035888792631e-08,1.88403534970649e-08,9.55619784381089e-09,1.01510631578606e-08,6.67073516049333e-09,9.52871907003246e-09,1.15537513369941e-08,1.00466861465575e-08,9.32259735401097e-09,5.94164471199355e-09,5.37962415093701e-09,1.04477507456808e-08,6.73049810522486e-09,1.108119101376e-08,5.29914823208011e-09,4.56436662018077e-09,3.75975708542499e-09,5.78878986176245e-09,5.43523690438387e-09,6.56343588541489e-09,4.05813931240231e-09,3.40749256983069e-09,3.26231788882689e-09,4.79297216339124e-09,3.92655515080308e-09,5.2992250731213e-09,8.08768119243807e-09,1.80617381397294e-08,3.53443273330889e-08,1.54558257107686e-08,2.96263788047184e-08,2.5527585045986e-08,2.08768401294176e-08,3.933136358338e-08,1.68275171668475e-08,3.4654561244922e-08,3.16468161250073e-08,2.87251065231109e-08,4.54581303882397e-08,1.9072737606822e-08,1.05950869431413e-08,3.70417761976257e-08,1.91742777362449e-08,3.40580807213155e-08,1.68248550585656e-08,9.15779501501545e-09,7.58379549790689e-09,1.68752726908377e-08,8.65843738978797e-09,1.56463846293426e-08,7.59714363560046e-09,6.60880450244399e-09,5.1825451426568e-09,7.41904349527572e-09,7.72817987794641e-09,7.65487827592528e-09,6.03546818630423e-09,4.53050553661048e-09,3.89486906725763e-09,6.95043630002026e-09,4.72832190984654e-09,7.4159487694057e-09,3.93946688814121e-09,3.26714790652939e-09,2.78453250777981e-09,4.13358325482724e-09,4.47690321588353e-09,5.24357727664733e-09,2.86667211607372e-09,2.51032412256458e-09,2.48815377333183e-09,3.80350938882845e-09,3.05106284445998e-09,4.06143271682205e-09
1.01110208440325e-08,1.11180032112619e-08,2.01730658199407e-08,1.03066159517278e-08,1.88707236829155e-08,1.70349855466488e-08,1.34233311268654e-08,2.18234823800691e-08,5.3167286913069e-08,2.22045525160576e-08,3.98373680092937e-08,3.91899841691166e-08,2.48012338910592e-08,6.01153738393752e-08,2.57241113274685e-08,4.56790767481568e-08,4.95716065606492e-08,3.79102320616103e-08,5.12459280079263e-08,2.13545327954207e-08,1.16795646807605e-08,4.17478985465517e-08,1.92978865969372e-08,3.78776758596719e-08,1.80338819191086e-08,9.87339596554301e-09,8.89964215988567e-09,1.61316604210318e-08,1.03125731366319e-08,1.57356846702742e-08,8.5440025117321e-09,8.11207352988570e-09,5.13799094913693e-09,8.92869816971747e-09,8.1811805750611e-09,9.73433848716133e-09,7.18100551208738e-09,4.35426187836678e-09,4.10849617177386e-09,7.11023368322254e-09,5.59208477813347e-09,8.04370552688426e-09,3.82102564982085e-09,3.57006360242234e-09,3.52002504210704e-09,4.80776556896557e-09,4.04691732862699e-09,5.34555784332165e-09,7.33426889419354e-09,7.65550666092191e-09,1.49821404274473e-08,7.89287814037932e-09,1.35004824304466e-08,1.3131837363664e-08,9.66886401473526e-09,1.62667662685297e-08,3.56588003251824e-08,1.59484022713808e-08,2.77200601539884e-08,2.91370680534211e-08,1.8637552450871e-08,4.13814443935182e-08,2.04503948346595e-08,3.22585888243999e-08,3.70754601243713e-08,2.93986379724839e-08,3.58670501910707e-08,1.75170455725796e-08,7.05050651069768e-09,3.15261721543388e-08,1.47551018219638e-08,2.73171564934787e-08,1.46880905415739e-08,6.32193233875575e-09,6.12143851057443e-09,1.25038949964857e-08,6.94300246145562e-09,1.18067293077576e-08,5.45936989306057e-09,5.56817971926488e-09,4.30573557284868e-09,6.11242350287538e-09,6.10960231003437e-09,7.05613354662157e-09,5.15101904311976e-09,3.58448125850375e-09,3.0484602351183e-09,5.34707933176975e-09,4.38630217983924e-09,6.06898584839348e-09,2.97091832372773e-09,2.46290670279641e-09,2.54653078733844e-09,3.50853839311289e-09,2.89176521337482e-09,3.77974570656854e-09
7.31516328602493e-09,1.2626696268964e-08,1.07609615524453e-08,1.32551089239054e-08,1.1347973189315e-08,1.10499562861906e-08,1.46453185234843e-08,1.19189429758e-08,2.24890114589123e-08,1.33297669504848e-08,2.00515761391857e-08,2.0542966308082e-08,1.344741924264e-08,2.57241113274685e-08,6.64344122530584e-08,2.30031314106509e-08,5.17424492570331e-08,4.53218087958999e-08,2.13598398703448e-08,5.51604377821244e-08,2.2885004335029e-08,4.26621900870343e-08,4.27601058535858e-08,3.20850264370789e-08,4.72848279942596e-08,1.93629691040672e-08,1.0701787580512e-08,3.61498823469524e-08,1.79878917383062e-08,3.35063039398798e-08,1.6925138644893e-08,9.27988254739292e-09,1.07476172989419e-08,1.55901902387301e-08,1.00393324979348e-08,1.61363330425517e-08,8.33758786721172e-09,9.65087684531566e-09,5.76830537683837e-09,8.87897011839675e-09,1.08241652694052e-08,1.00821868098304e-08,8.61535796297574e-09,4.986495084662e-09,4.13675563235704e-09,9.44968960187521e-09,5.54053991831939e-09,1.00795737014289e-08,4.63863740335372e-09,9.48367938739181e-09,7.74840091836624e-09,9.25947985045881e-09,7.98004421048902e-09,7.55083996971393e-09,9.34219423543206e-09,9.02284121707778e-09,1.67458713695736e-08,9.15473224785628e-09,1.48729560406401e-08,1.62710436302611e-08,1.01861550847287e-08,1.99706001706259e-08,4.71554986099671e-08,1.75032359295395e-08,3.73800970122636e-08,3.26765171902594e-08,1.66545767777946e-08,4.00021114669023e-08,1.72993921712522e-08,3.08366935295904e-08,3.10772289552495e-08,2.28953291045894e-08,3.43077986910184e-08,1.45243925867471e-08,7.44746788792167e-09,2.61142388461514e-08,1.32505975590867e-08,2.34065778635278e-08,1.27956742974537e-08,6.50331934635163e-09,7.05562963258172e-09,1.17459136135525e-08,6.99479964836951e-09,1.19743251694967e-08,5.64417685374051e-09,6.3424137516488e-09,4.55667810698509e-09,6.05491454489267e-09,7.71995736795137e-09,7.21082256600907e-09,5.63930760220067e-09,3.73567947087686e-09,2.94363093915557e-09,6.442329056705e-09,4.0556927637561e-09,6.51638348905566e-09
1.03909595565136e-08,2.06265720115205e-08,3.70599433213343e-08,1.71248386811948e-08,3.14931127316443e-08,2.5808196240822e-08,2.55976900684933e-08,4.08610536091703e-08,3.98411692122211e-08,3.77945034753002e-08,6.33606828468931e-08,5.7407233030421e-08,4.65874662717071e-08,4.56790767481568e-08,2.30031314106509e-08,7.27461013878658e-08,3.82227196547135e-08,6.03512165097567e-08,3.89834821050533e-08,1.89706158350531e-08,1.17083805272634e-08,3.22610815299021e-08,1.7441120768974e-08,2.87375047614735e-08,1.60983178706347e-08,1.01640217085252e-08,1.00928956063474e-08,1.48566959853211e-08,1.12463297062867e-08,1.48908141325999e-08,8.76756013638700e-09,9.03773906476708e-09,6.14466236943233e-09,9.65775766125199e-09,9.790657900986e-09,1.05382831524496e-08,8.01984727763114e-09,5.3314555183558e-09,4.87150556209104e-09,8.5257762776582e-09,6.70310886563746e-09,9.51001449934697e-09,4.6666712224404e-09,4.26579619083077e-09,4.01110231682122e-09,5.71682113629256e-09,4.89418020768838e-09,6.35868516859904e-09,8.17215020850609e-09,1.7094720049568e-08,2.77298857791014e-08,1.44295770882614e-08,2.36944672568933e-08,1.93957697753258e-08,1.97956024817315e-08,3.05418775795999e-08,2.83789231535406e-08,2.8156609522844e-08,4.6788629346861e-08,4.42963066527223e-08,3.55839851272365e-08,3.37722633300163e-08,1.81379925084626e-08,5.48290266448713e-08,3.04778951720727e-08,4.67586125558636e-08,2.89983238718867e-08,1.55371240007399e-08,7.21536624939794e-09,2.60424273762499e-08,1.36009209275407e-08,2.24180973752869e-08,1.29743340175644e-08,6.68396047675825e-09,6.74145954869876e-09,1.16603693387791e-08,7.60850643939476e-09,1.1316182445889e-08,5.85641285636278e-09,5.98656667479295e-09,4.84778997318477e-09,6.65197382083302e-09,6.70845267177183e-09,7.43333209487574e-09,5.58419087782161e-09,4.14678356302691e-09,3.83998158389784e-09,5.84843084377137e-09,5.50499323222363e-09,7.3567982364698e-09,3.57008582962847e-09,3.23622929059152e-09,3.04895390545221e-09,4.55490599772905e-09,3.61275961940368e-09,4.60858878348732e-09
1.10463720931395e-08,1.19778828571618e-08,1.91700346787714e-08,1.14734498575943e-08,1.82338981066395e-08,1.68694516018655e-08,1.42548183596911e-08,2.11760155382183e-08,4.30941296314034e-08,2.16045809031954e-08,3.29934077743118e-08,3.24753262363874e-08,2.41560579085258e-08,4.95716065606492e-08,5.17424492570331e-08,3.82227196547135e-08,8.3534457980375e-08,6.59304346072549e-08,4.17522469302788e-08,4.26592556906418e-08,2.17127712179114e-08,6.91199128516145e-08,3.24013963430001e-08,5.39848354229461e-08,3.66760501448361e-08,1.83852840413309e-08,1.10709657308237e-08,2.73850084358629e-08,1.72493011327048e-08,2.53659686772072e-08,1.59615213799491e-08,9.66140761909336e-09,1.159419226158e-08,1.48984527476376e-08,1.02028718745698e-08,1.53095455419313e-08,8.70888118836327e-09,1.01660107200965e-08,5.92658773192587e-09,8.92390725061031e-09,1.18456494353412e-08,1.04879420451124e-08,9.06747689232225e-09,5.19706452447671e-09,4.60933042408488e-09,1.05098041783812e-08,5.79302257394095e-09,1.11569011811478e-08,6.60623437900115e-09,8.67039633916777e-09,1.44938751144207e-08,8.12224728890163e-09,1.38041279994182e-08,1.26393128709459e-08,1.00181472079975e-08,1.64999059735763e-08,2.90714128851245e-08,1.64906888931396e-08,2.34183821686251e-08,2.4010110933884e-08,1.89411410735301e-08,3.44547993043365e-08,3.85315177419383e-08,2.77769155586379e-08,6.01405951838437e-08,4.91252659772496e-08,2.93915154620054e-08,3.27309642035249e-08,1.5191049790443e-08,5.04341963713838e-08,2.39848059726754e-08,3.87796988604534e-08,2.8073577809721e-08,1.30836150727758e-08,7.13171977272321e-09,2.04713253008479e-08,1.20799915061836e-08,1.8281444105647e-08,1.14449147421595e-08,6.22199156145019e-09,7.83338580093955e-09,1.08211552091741e-08,6.71569987951429e-09,1.09932685980334e-08,5.47343214106366e-09,6.72159227934522e-09,4.39599373216188e-09,5.8910256537712e-09,8.01292553103259e-09,7.24686316001995e-09,5.94221340625062e-09,3.54775093109152e-09,3.02047525311214e-09,6.76456421244414e-09,3.99537843230069e-09,7.17777034156976e-09
1.02249259741659e-08,1.96568038984616e-08,3.35007454824513e-08,1.65088563034424e-08,2.8563737309788e-08,2.38090905181947e-08,2.47241160250241e-08,3.72837825070111e-08,3.24343777401429e-08,3.47374289141816e-08,5.21733616230696e-08,4.76056735772834e-08,4.29728808095781e-08,3.79102320616103e-08,4.53218087958999e-08,6.03512165097567e-08,6.59304346072549e-08,9.4469068274038e-08,3.17778034396722e-08,3.71773387425287e-08,1.92820741132669e-08,5.44738371811385e-08,2.81451080778184e-08,4.15079809548618e-08,3.20081230013589e-08,1.63599712476465e-08,1.08840500083354e-08,2.39194708496364e-08,1.61302817785059e-08,2.28857832189422e-08,1.40952564727924e-08,9.53294453301396e-09,1.19669105046404e-08,1.38782027099569e-08,1.03515753457471e-08,1.44585194805087e-08,8.62607615801835e-09,1.06855771555808e-08,6.02347233062262e-09,9.17476993560153e-09,1.22111576170933e-08,1.0779623021432e-08,9.50427410202554e-09,5.28612294525901e-09,4.74012273752126e-09,1.07057532536423e-08,5.73392894642048e-09,1.14363642685235e-08,7.76060964621593e-09,1.55588621773368e-08,2.50403288489384e-08,1.33742466150305e-08,2.17118586852797e-08,1.83080395432285e-08,1.83317839975413e-08,2.83147972359863e-08,2.42582409759555e-08,2.60780730186217e-08,3.88294993535248e-08,3.6776939717365e-08,3.37508232017512e-08,2.91832210420492e-08,3.28536266577712e-08,4.60847477852102e-08,4.98084608997972e-08,7.03661573093894e-08,2.46148804417809e-08,2.80117916313917e-08,1.36840169711991e-08,4.1830182045379e-08,2.07990298052126e-08,3.15471072940323e-08,2.4101033865535e-08,1.19410142316672e-08,6.96378172044232e-09,1.78768709026457e-08,1.14461008780289e-08,1.63187966906068e-08,1.04843251085049e-08,6.08225539969674e-09,7.78163352941903e-09,1.02356973690676e-08,6.80205578039951e-09,1.05283558489515e-08,5.53836471949109e-09,6.88403684488511e-09,4.47442514333036e-09,6.10763940253492e-09,8.45907329783978e-09,7.78044294776145e-09,6.05705496855956e-09,3.7256507918722e-09,3.46579156344307e-09,7.14106811037463e-09,4.39372420828077e-09,7.44052969630276e-09
8.82602438001169e-09,9.41056570306336e-09,1.7644220890678e-08,8.75928777251844e-09,1.63609424172536e-08,1.47503494150538e-08,1.13563278767167e-08,1.90617992422201e-08,4.60982127948847e-08,1.9237794831765e-08,3.4658230106801e-08,3.40349319340958e-08,2.1386295757974e-08,5.12459280079263e-08,2.13598398703448e-08,3.89834821050533e-08,4.17522469302788e-08,3.17778034396722e-08,5.93593106973787e-08,2.43973294433037e-08,1.29538711960985e-08,4.8882604399315e-08,2.20024938001371e-08,4.44993395352215e-08,2.06154294416064e-08,1.09291196643736e-08,9.75199779454876e-09,1.83260199189184e-08,1.13853867717637e-08,1.79429476351235e-08,9.35700213121387e-09,8.87109884185089e-09,5.67365881511068e-09,9.75504209089447e-09,9.19130974228523e-09,1.05056508075325e-08,7.84689479729759e-09,4.76295168378585e-09,4.71081949321056e-09,7.94152235976051e-09,6.21091631768830e-09,9.17364977864985e-09,4.17954910346488e-09,4.08735837895148e-09,4.12043191536161e-09,5.28497284537564e-09,4.70323845740605e-09,5.91260042602107e-09,6.45257352163944e-09,6.97341637776699e-09,1.3323032921433e-08,6.92855657885351e-09,1.18992294348736e-08,1.15804235769137e-08,8.41520301188751e-09,1.44245726505241e-08,3.15461792124812e-08,1.39664469782263e-08,2.43077074384851e-08,2.57408989251047e-08,1.62766126108895e-08,3.58664214072218e-08,1.75166790614428e-08,2.76806703250707e-08,3.15292097051545e-08,2.51136314097654e-08,4.15446819847266e-08,1.98400476857815e-08,7.81284142413155e-09,3.57413741861963e-08,1.69661545022744e-08,3.18009395555761e-08,1.66030679949616e-08,7.1020157337387e-09,6.52388059684791e-09,1.44169092706328e-08,7.55003594610684e-09,1.37038271935638e-08,5.99093643999463e-09,5.92396655041815e-09,4.66826843583043e-09,6.54432052935063e-09,6.84972261659612e-09,7.16033268747348e-09,5.44509198184465e-09,3.84956821267693e-09,3.5389232152233e-09,5.94722875888423e-09,4.91351010321286e-09,6.88385265491748e-09,3.19404642427374e-09,2.91020691319339e-09,2.78573626726434e-09,3.98408625159708e-09,3.52356017539123e-09,4.31481407839313e-09
