2.68414033949411e-08,1.4502735896695e-08,6.66280531941161e-09,2.21967686651159e-08,1.37339498280698e-08,2.09176575297292e-08,1.22731706004529e-08,5.44992870471879e-09,4.56466385975139e-09,1.15877011720017e-08,5.66672240057377e-09,1.1665952315455e-08,4.64622942983297e-09,3.89299907333588e-09,2.76433500247828e-09,4.78938099611704e-09,4.31462215607461e-09,5.35807752089393e-09,3.33521611220688e-09,2.33477499482641e-09,1.59199294915336e-09,3.65215265252466e-09,2.2735250199336e-09,3.72534292070209e-09,2.10056674881361e-09,1.46611216656036e-09,1.38811438316041e-09,2.0480259623617e-09,1.67861947373539e-09,2.12462486896252e-09,1.52964383080314e-09,1.39671038093562e-09,1.41388866074461e-09,1.71201642366107e-09,1.71666448803088e-09,2.02694161979627e-09,1.21692796650237e-09,1.23114216260585e-09,1.34102560911485e-09,1.45432474659316e-09,1.54717912410461e-09,1.69885503301682e-09,1.22569092783676e-09,1.21707355378718e-09,1.08202392493243e-09,1.47210813102465e-09,1.27812017527586e-09,1.44497124595491e-09,1.2462430807386e-08,6.26444982066237e-09,2.15060979287226e-09,1.0582784095006e-08,6.07891670330578e-09,9.87552101913595e-09,4.8202749666493e-09,1.92384594526543e-09,1.20719444162651e-09,4.83327259767321e-09,2.08268308465145e-09,4.74558893308721e-09,1.74735508862325e-09,1.02289677917477e-09,9.32476629897344e-10,1.82838649235685e-09,9.14954317794279e-10,1.68958950110628e-09,9.89206413065656e-10,8.42420216030207e-10,3.89672863510417e-10,1.04332323283184e-09,8.77778835315092e-10,9.82306455854182e-10,8.05737319189573e-10,3.54652027285865e-10,4.50494158047608e-10,8.22598085488048e-10,2.75097276622267e-10,8.24818108239718e-10,3.11624762058828e-10,3.9916356327735e-10,5.25586504252932e-10,3.24444597006184e-10,5.27006980302871e-10,6.3951975209347e-10,3.62600928328855e-10,4.9546090917531e-10,7.43858378139396e-10,4.67303664261102e-10,6.18234004203064e-10,6.07833420960725e-10,4.91247453059935e-10,6.30656769285747e-10,2.80569764247865e-10,5.93646039432484e-10,6.25284240693683e-10,5.39696109184153e-10
1.4502735896695e-08,5.96035358491026e-08,1.73461675750048e-08,2.86277030001452e-08,5.2412758858393e-08,2.3508596635582e-08,5.00499476262941e-08,1.45499297725598e-08,7.3212443875264e-09,4.38370978819764e-08,1.37224572533406e-08,4.25122117919595e-08,1.25746431592178e-08,6.55097019661197e-09,6.12064244092832e-09,1.1828931790241e-08,7.47453323059155e-09,1.25768505083649e-08,5.47553904141718e-09,5.24212383737451e-09,3.02312860584763e-09,6.17898546411034e-09,5.38117126241614e-09,6.14712507297951e-09,4.48306333245014e-09,2.83802715362952e-09,2.50924030065076e-09,4.62704744464505e-09,3.34080786968542e-09,5.04095928083508e-09,2.73477315878038e-09,2.27236130433198e-09,2.21590466032344e-09,3.11303437938436e-09,2.59908772463446e-09,3.23022081719356e-09,2.05944483783368e-09,1.95338753858241e-09,1.99207787097808e-09,2.2701842579319e-09,2.34709305846598e-09,2.70993501777323e-09,1.9034607889609e-09,1.87363807379959e-09,1.89596851784314e-09,2.25607309111145e-09,2.2921884912823e-09,2.46607891770695e-09,6.59455823564871e-09,1.89562335178248e-08,7.39914506967086e-09,1.20604234632746e-08,1.79709910062232e-08,1.07138663922363e-08,1.58887283996485e-08,6.98265578063236e-09,2.64123273987268e-09,1.59700548411234e-08,6.09437150728702e-09,1.44866931577089e-08,6.24167686713823e-09,2.39132982262826e-09,1.48757382855952e-09,5.26153951726561e-09,2.45130157778208e-09,4.9894818387576e-09,2.21815422718426e-09,1.29801493534149e-09,1.04147179510976e-09,2.43149344221507e-09,1.94605145514594e-09,2.5034223280277e-09,1.02144482500064e-09,9.916436271188e-10,6.98740411717619e-10,1.57042336187756e-09,9.29540277416806e-10,8.88120449838997e-10,9.20157114281383e-10,4.63622547933572e-10,7.69653708713892e-10,8.43545328871078e-10,1.00511481672201e-09,9.63669076632151e-10,5.46958606515729e-10,7.18638133228046e-10,7.84842368244451e-10,8.37775673374192e-10,7.61923280472523e-10,1.00466974836931e-09,7.09872471856912e-10,7.57459825339656e-10,8.94563395947381e-10,8.31239459490388e-10,1.17161097679829e-09,1.06257550303522e-09
6.66280531941161e-09,1.73461675750048e-08,3.49651811642131e-08,1.35280878800348e-08,2.98249214010403e-08,2.48985582988468e-08,1.4562231495356e-08,2.80379143890113e-08,1.24902903826525e-08,2.40154285973026e-08,2.28278130224465e-08,1.96428879850091e-08,2.43710103180759e-08,1.09469511735897e-08,6.00557394363664e-09,1.98850377720921e-08,1.08731987451926e-08,1.92617091320338e-08,9.08940850061368e-09,5.03123658132777e-09,4.27990759184566e-09,9.06617589173236e-09,5.0377223405568e-09,8.82493981424393e-09,4.31748690479601e-09,3.92921101142716e-09,2.47081639357723e-09,4.29347883130904e-09,4.4601719453339e-09,4.34360705111782e-09,3.54799591139398e-09,2.30411584860032e-09,2.2418507567919e-09,4.05732050004368e-09,2.61817308693822e-09,4.47560034268497e-09,2.07772324893753e-09,1.91491868779171e-09,1.74923543785492e-09,2.29589845425236e-09,2.20471739722372e-09,2.58817443631176e-09,2.05457188502764e-09,1.58512819744727e-09,1.57735788944899e-09,2.37690834019452e-09,1.80148791769489e-09,2.32495434593706e-09,3.33837397877291e-09,6.2804672379226e-09,1.35849292183529e-08,5.6720494888875e-09,1.14765593074124e-08,1.06751401593915e-08,5.42777722176864e-09,1.23451310986239e-08,5.16381255662679e-09,1.01762421789162e-08,1.00912251101854e-08,8.12702745453998e-09,1.08859503590135e-08,4.53942410591626e-09,1.97451365941416e-09,8.65349339552379e-09,4.19987633364025e-09,7.85947998947366e-09,4.02260682039526e-09,1.72883883525112e-09,1.44480870403551e-09,3.87290380226151e-09,2.05055953824159e-09,3.80235869981547e-09,1.39682668937477e-09,1.47713779269511e-09,6.82295778613744e-10,1.82931122764421e-09,1.47761866885228e-09,1.43083197123557e-09,1.33510758628082e-09,6.78125079696778e-10,6.66770712644474e-10,1.48701400078012e-09,8.80968471775043e-10,1.2965828147715e-09,6.59972691163943e-10,6.31250984390698e-10,8.40150868331568e-10,7.7555141148497e-10,6.68447443790595e-10,9.5809147951681e-10,6.56201460444686e-10,8.41782047648253e-10,7.62421471307028e-10,7.50724256616899e-10,9.15765997889521e-10,9.0759836708694e-10
2.21967686651159e-08,2.86277030001452e-08,1.35280878800348e-08,3.7938890931184e-08,2.32317093749056e-08,3.09236989973819e-08,2.40379356214789e-08,1.1326257929102e-08,6.43324647796234e-09,1.94217302071182e-08,1.0658651103162e-08,1.86955010593444e-08,9.85145207015027e-09,5.61007555965188e-09,5.71637996257725e-09,9.22674008614437e-09,6.16359407650375e-09,9.67965290107528e-09,4.57709508979489e-09,4.82049304631118e-09,2.24134923285632e-09,4.99170219211909e-09,4.73282437385609e-09,4.74044847477849e-09,4.25510493434263e-09,2.15560882131966e-09,1.89390067901492e-09,4.17097240488241e-09,2.43275142860692e-09,4.46875018746125e-09,2.22582622517225e-09,1.88529204941689e-09,1.83837155885964e-09,2.46380034668077e-09,2.22994746387874e-09,2.75088033659343e-09,1.67029749176493e-09,1.63197336395752e-09,1.62706530885386e-09,1.91730298895215e-09,2.00306625888881e-09,2.2067444083009e-09,1.57288095454581e-09,1.57812767968077e-09,1.46770804685091e-09,1.91907250262804e-09,1.82316477011433e-09,2.07062450894899e-09,1.04314262494021e-08,1.17576077527379e-08,5.7346892313913e-09,1.72487773291654e-08,1.01185320720436e-08,1.4963954802313e-08,9.84859774871733e-09,5.17921421871426e-09,2.06168035279243e-09,8.73819603690718e-09,4.30366311518784e-09,7.86057452581216e-09,4.66236765429258e-09,1.75706815474887e-09,1.66902472413584e-09,3.77653425485371e-09,2.01278435648404e-09,3.81133713929321e-09,1.6033107886913e-09,1.45840974504266e-09,6.14247010398018e-10,1.95015010106354e-09,1.63982728470458e-09,2.00183806516415e-09,1.11299504605225e-09,6.16259378953163e-10,4.37465209523777e-10,1.3267829436568e-09,6.2661571820784e-10,1.03683624829633e-09,6.09095457156967e-10,3.57029348052767e-10,5.32167247149314e-10,6.33505144901825e-10,6.14647535935895e-10,9.29143625622595e-10,3.59033461637864e-10,5.23245272269694e-10,8.66501615566736e-10,5.39408459150034e-10,6.50432939369407e-10,7.07016116491112e-10,5.3240193523754e-10,8.52250385528821e-10,5.06807085370067e-10,7.72215563163866e-10,9.94173601467667e-10,8.33390387085477e-10
1.37339498280698e-08,5.2412758858393e-08,2.98249214010403e-08,2.32317093749056e-08,7.27989086545669e-08,3.72004685717944e-08,4.38428877474494e-08,2.40043299642251e-08,1.22416858104695e-08,5.94998042211816e-08,1.98368595080959e-08,5.27243285675392e-08,2.06257169083429e-08,1.08755753960394e-08,6.3745581705776e-09,1.71295302307224e-08,1.13756751585299e-08,1.73246005691519e-08,9.1388224502253e-09,5.4622835138847e-09,4.7750195457513e-09,9.60002031560833e-09,5.3694588645645e-09,9.31197065210853e-09,4.77088463616184e-09,4.55434932597519e-09,3.24408870320472e-09,4.7688748659237e-09,5.44537710463417e-09,5.0395767153322e-09,4.29375882458728e-09,2.95361395057294e-09,2.84213922738415e-09,4.96172808192293e-09,3.30047509570253e-09,5.09757339879141e-09,2.72100031587063e-09,2.45915153002149e-09,2.56476560585857e-09,2.95492245774574e-09,2.97808666666993e-09,3.56500960649863e-09,2.41041711036407e-09,2.41104157471822e-09,2.07694938229421e-09,3.01986392154934e-09,2.41872881426494e-09,2.89619295003946e-09,6.34631352379908e-09,1.47367933531136e-08,1.20674645101873e-08,8.98493534586029e-09,2.4331381233724e-08,1.62262602308251e-08,1.24554316009695e-08,1.09484079101931e-08,5.34978649464095e-09,2.14833303562105e-08,9.21086797027004e-09,1.9363964539385e-08,9.862128062844e-09,4.90928674434383e-09,1.56071593826885e-09,7.98483375708862e-09,4.04683818349138e-09,6.98477328146796e-09,4.38144853766004e-09,1.56397520904601e-09,1.49527027381296e-09,3.89403825939566e-09,2.14538076786761e-09,4.00640609068866e-09,1.55591894265611e-09,1.46176338384215e-09,8.28129434408432e-10,2.11820397393272e-09,1.47748312527983e-09,1.34176375436484e-09,1.34701361841579e-09,7.74194483668639e-10,8.86718488602083e-10,1.53960884152928e-09,1.04591738095968e-09,1.30660120741150e-09,8.70493118426316e-10,8.02407201113091e-10,9.67917576003545e-10,8.32914622044742e-10,8.092504457249e-10,1.04165671496849e-09,7.48886381617241e-10,8.67183954339956e-10,9.8120079158668e-10,9.12134584186024e-10,1.26094717208535e-09,1.10351082292189e-09
2.09176575297292e-08,2.3508596635582e-08,2.48985582988468e-08,3.09236989973819e-08,3.72004685717944e-08,4.7316387351838e-08,1.97047060894702e-08,1.97549881958232e-08,1.06820984866588e-08,2.99943573793076e-08,1.59530804989899e-08,2.54079152424585e-08,1.7138312541895e-08,9.35089035437568e-09,5.60788107490823e-09,1.38877339258647e-08,9.47798540015056e-09,1.38114112128499e-08,7.6124152870426e-09,4.67756614617296e-09,4.09948809264994e-09,7.82284910637484e-09,4.50962113245301e-09,7.51555848686741e-09,4.08180097327809e-09,3.90706755842179e-09,2.59785997990272e-09,3.99083186845067e-09,4.41297156419824e-09,4.0821240631157e-09,3.77512047576495e-09,2.5519582820542e-09,2.43074691914323e-09,4.28956185933026e-09,2.93413453901308e-09,4.62834907049675e-09,2.27213705593578e-09,2.11360433825459e-09,2.11178573447356e-09,2.57221319301393e-09,2.55977575566554e-09,2.92786274467927e-09,2.07994323538716e-09,2.03554707196599e-09,1.75929460933871e-09,2.55041751920272e-09,2.01386588150059e-09,2.52815970088245e-09,1.00916681045802e-08,8.70792923330217e-09,9.82343386398124e-09,1.35929847900643e-08,1.52473455599784e-08,2.14236008904247e-08,7.38339879244511e-09,8.75992183435812e-09,4.4436891365711e-09,1.32643825385039e-08,6.73590053236291e-09,1.12553400149991e-08,7.96566657921734e-09,3.91758194902818e-09,1.69681132042004e-09,5.86935052983473e-09,3.59834822173116e-09,5.51091364019567e-09,3.40565924313589e-09,1.64574216882945e-09,9.94243935802373e-10,3.38144907005138e-09,1.58358822710719e-09,3.24341376318309e-09,1.39637564606833e-09,9.67446284909111e-10,6.26252588646654e-10,1.48559108869544e-09,1.18673568422319e-09,1.19393719846921e-09,9.15308660684566e-10,6.54125161411631e-10,7.99179883291153e-10,1.215407233435e-09,9.43838296764506e-10,1.3744734381994e-09,6.23660850174328e-10,7.57980979182894e-10,9.08907974210134e-10,7.70458044241783e-10,7.16428534004758e-10,7.83492128924052e-10,6.80372788650373e-10,8.98365711384503e-10,5.78280716511223e-10,8.87786617608913e-10,1.0009670257356e-09,9.35249111060642e-10
1.22731706004529e-08,5.00499476262941e-08,1.4562231495356e-08,2.40379356214789e-08,4.38428877474494e-08,1.97047060894702e-08,6.64526133121123e-08,1.85113989303276e-08,9.02313223410843e-09,5.9600595099145e-08,1.78606890604767e-08,5.88307948682267e-08,1.61799365352787e-08,8.0056851268702e-09,7.43372381893274e-09,1.55944462568142e-08,9.240824336789e-09,1.67523593104471e-08,6.7131619088407e-09,6.20397462699929e-09,3.56137214026705e-09,7.56895549970703e-09,6.38655959605466e-09,7.51229217236986e-09,5.27544267120881e-09,3.25879941554456e-09,2.87753946833813e-09,5.49552480784257e-09,3.78019930545549e-09,5.97165744826447e-09,3.11401258306605e-09,2.5272111897165e-09,2.51010373247564e-09,3.46552508661927e-09,2.95756226066095e-09,3.65446361891275e-09,2.24033295981145e-09,2.15108716040365e-09,2.31857278787267e-09,2.54383696184696e-09,2.63482122007677e-09,3.1199839851212e-09,1.98986356704719e-09,1.94052559904023e-09,1.81884323636146e-09,2.28032936533339e-09,2.27970045225807e-09,2.39962084206321e-09,5.57112802581464e-09,1.58994634117813e-08,6.97672185579152e-09,1.02857529494556e-08,1.59685994922908e-08,9.65725007567156e-09,2.27404659446444e-08,8.77914361034257e-09,3.70042049914769e-09,2.32548285279123e-08,8.24954122641869e-09,2.19944284005215e-08,7.92717283892296e-09,3.3166385820372e-09,1.56285500377984e-09,7.25899266305071e-09,3.48921918481792e-09,7.53824868294656e-09,2.94058614254764e-09,1.47404732013324e-09,1.1990177138486e-09,3.29394118137094e-09,2.05774282966738e-09,3.17326081521902e-09,1.24820123191127e-09,1.11340544234947e-09,1.00517106284996e-09,1.6177978450037e-09,1.26744864442211e-09,1.17108800547174e-09,1.00111031358595e-09,6.16883660079229e-10,9.00871558673515e-10,1.03386936974959e-09,1.13271758706397e-09,1.03172795646006e-09,6.44713728050382e-10,7.84934935471641e-10,8.91420376297791e-10,9.86111687802733e-10,8.70526732449971e-10,1.16014563383965e-09,7.78637446998153e-10,8.86173513440911e-10,7.5665548030673e-10,8.82360434993363e-10,1.12214312445656e-09,9.87466318044115e-10
5.44992870471879e-09,1.45499297725598e-08,2.80379143890113e-08,1.1326257929102e-08,2.40043299642251e-08,1.97549881958232e-08,1.85113989303276e-08,3.38182124175629e-08,1.48228013362764e-08,3.0185056614257e-08,2.76421210479035e-08,2.52223224517204e-08,2.94188388627916e-08,1.28238562627568e-08,7.03544133754275e-09,2.40614127329582e-08,1.27645852413725e-08,2.34724706857029e-08,1.05942032371727e-08,5.86707126105435e-09,5.18358517049422e-09,1.06116465408122e-08,5.86424858190005e-09,1.02938138253479e-08,5.0715922543352e-09,4.75288629609907e-09,2.84449467082172e-09,5.01131435133908e-09,5.31697389425283e-09,5.06895300139401e-09,4.31437199460678e-09,2.66427791470313e-09,2.56727169345404e-09,4.82424740639958e-09,3.06462565615908e-09,5.28378612723071e-09,2.35881548232908e-09,2.14550349223778e-09,2.05421146256541e-09,2.67764273701086e-09,2.48044251905457e-09,3.00658329279354e-09,1.88379344868219e-09,1.72053375733539e-09,1.42482773985594e-09,2.09846793836184e-09,1.72732955602756e-09,2.20330896207783e-09,2.79188756323099e-09,5.4309661863178e-09,1.23400136788878e-08,4.91887481062169e-09,1.01729731883882e-08,9.25965391604363e-09,7.48404699935673e-09,1.46064477578981e-08,6.30140110425364e-09,1.32841286383238e-08,1.26479142123599e-08,1.17656251416438e-08,1.30510850268258e-08,5.45913481081621e-09,2.24521516911948e-09,1.0889916231109e-08,4.94980556770006e-09,9.87290529424074e-09,4.70212576748771e-09,2.02316013891068e-09,1.69074672615582e-09,4.51763018473372e-09,2.28294221330117e-09,4.29536336603428e-09,1.67156743551989e-09,1.65606694537523e-09,8.96610917932384e-10,2.0718299030648e-09,1.79159990812522e-09,1.60550965390708e-09,1.54684019908124e-09,8.09881186637563e-10,7.21327032862923e-10,1.70414163401251e-09,1.06412842472004e-09,1.39290144581546e-09,7.37696367075331e-10,7.13880036917617e-10,9.90396754004777e-10,9.3657354282456e-10,8.39938626559816e-10,1.20244819120855e-09,6.77962008104653e-10,8.52351717190197e-10,6.14434836234659e-10,7.06078717213697e-10,8.79819553536315e-10,9.11238187255626e-10
4.56466385975139e-09,7.3212443875264e-09,1.24902903826525e-08,6.43324647796234e-09,1.22416858104695e-08,1.06820984866588e-08,9.02313223410843e-09,1.48228013362764e-08,3.5323556770068e-08,1.51210017370361e-08,2.75744496892202e-08,2.70698853278973e-08,1.28269548681378e-08,2.95888230445997e-08,1.43001223138991e-08,2.31862165146099e-08,2.57079650137977e-08,2.00734454096453e-08,2.404639752606e-08,1.15509831306236e-08,5.24614346242067e-09,2.0966393178446e-08,1.02708272601153e-08,1.92476769907945e-08,9.58990777121216e-09,4.35875104017958e-09,4.10049400584993e-09,8.42588389127615e-09,4.63636663675914e-09,8.32957705106098e-09,3.79023293651955e-09,3.74667809306823e-09,2.46723794114508e-09,3.94243566303429e-09,4.14188344775256e-09,4.18927470000129e-09,3.37244265806947e-09,2.17683013081796e-09,2.0452642892029e-09,3.72204598634879e-09,2.58205488742889e-09,4.1536569387768e-09,1.86386440963759e-09,1.74044988447758e-09,1.2049126318071e-09,2.17514626517744e-09,1.51385533349934e-09,2.11935953819093e-09,2.06844030145846e-09,2.56849765833559e-09,5.10914698922787e-09,2.41572433808341e-09,5.33398750336108e-09,4.75254788349105e-09,3.1304970095092e-09,5.65331337008292e-09,1.42963619845056e-08,6.5286752121464e-09,9.93170915162825e-09,1.09869904696037e-08,5.18320589684742e-09,1.25803693227753e-08,6.09242098269305e-09,8.79519881434049e-09,1.0597623533691e-08,7.64306937235643e-09,1.06782621091644e-08,5.18833723810358e-09,2.07290877470792e-09,9.22105396279366e-09,4.43683600401391e-09,8.47846010743169e-09,4.34841320721865e-09,1.86431182289607e-09,1.3763985849654e-09,3.87431675708636e-09,2.01797939110167e-09,3.66186414308795e-09,1.63837929452188e-09,1.04908139618625e-09,7.04241200909403e-10,1.78793045479261e-09,1.12095956359148e-09,1.43402525654133e-09,8.69639674149462e-10,7.52270304636563e-10,8.84402853778907e-10,1.0350834573238e-09,9.53367153585419e-10,1.09434423511618e-09,6.47323275449357e-10,8.51779427513401e-10,5.08458347986171e-10,8.80090572929888e-10,9.3829965705284e-10,1.09684180246189e-09
1.15877011720017e-08,4.38370978819764e-08,2.40154285973026e-08,1.94217302071182e-08,5.94998042211816e-08,2.99943573793076e-08,5.9600595099145e-08,3.0185056614257e-08,1.51210017370361e-08,8.00148379065338e-08,2.55797743635058e-08,7.25652650322256e-08,2.60542233250667e-08,1.32205851929148e-08,7.7470108973369e-09,2.22278059974889e-08,1.39145342201133e-08,2.27489259037083e-08,1.11272980119926e-08,6.58190819544284e-09,5.64152766131329e-09,1.16734028551691e-08,6.44959124596275e-09,1.12878409681668e-08,5.73692751634417e-09,5.3120146849355e-09,3.71145334351441e-09,5.68599091126175e-09,6.25562612614202e-09,6.0185425289923e-09,4.98421912545833e-09,3.37457561626998e-09,3.24014038082148e-09,5.65082002945702e-09,3.83203906749165e-09,5.77733796567278e-09,3.0253072905736e-09,2.72954030438315e-09,2.94226889371367e-09,3.38629576226528e-09,3.31978439432275e-09,4.12739826588642e-09,2.40320780932637e-09,2.40703778337464e-09,2.0880229793468e-09,2.78846083460063e-09,2.46226226661027e-09,2.78352104226624e-09,5.51683256699889e-09,1.2466617646921e-08,1.09406457757394e-08,7.87772250975604e-09,2.1480478772033e-08,1.40735697840547e-08,2.00221773839308e-08,1.34513107510097e-08,6.93366299526563e-09,3.09435923348035e-08,1.25708772905334e-08,2.99200757874327e-08,1.2212225305567e-08,6.31016319719820e-09,1.95601988813911e-09,1.09963728011099e-08,5.37387456892784e-09,1.0262676544467e-08,5.46588194440698e-09,1.92724052124135e-09,1.58897499276968e-09,4.95489276408287e-09,2.37124419152639e-09,4.87675049802749e-09,1.93602408184151e-09,1.58586968330081e-09,1.30320536787695e-09,2.3018581947007e-09,1.98599294140637e-09,1.92761051923327e-09,1.46574263776662e-09,1.13173952153559e-09,9.78171538676079e-10,1.89864637204777e-09,1.33149383697525e-09,1.18757792662939e-09,1.09498470625844e-09,8.51677677171721e-10,1.11012632632932e-09,1.08192898399208e-09,9.76074425809083e-10,1.30350547536443e-09,7.79282439561025e-10,9.53683168157864e-10,8.25449110747186e-10,8.26660972259267e-10,1.15838296401558e-09,9.6056443832708e-10
5.66672240057377e-09,1.37224572533406e-08,2.28278130224465e-08,1.0658651103162e-08,1.98368595080959e-08,1.59530804989899e-08,1.78606890604767e-08,2.76421210479035e-08,2.75744496892202e-08,2.55797743635058e-08,4.39903545164767e-08,4.00396807180329e-08,2.40637702471822e-08,2.31845003120393e-08,1.2809880664637e-08,3.74460556466151e-08,2.00970490476138e-08,3.28306260591725e-08,1.88934048252604e-08,1.03446014126794e-08,5.2716384721322e-09,1.64486363767763e-08,9.47474853212534e-09,1.51956674009951e-08,8.7643343983707e-09,4.4397179253009e-09,4.52077453294149e-09,7.93190691064741e-09,4.91203363925692e-09,7.87321849806408e-09,3.88418313518089e-09,4.23417157835478e-09,3.09120955487564e-09,4.26962949496278e-09,4.68172645329461e-09,4.57387010563592e-09,3.80412741706025e-09,2.67292806236126e-09,2.5341862177085e-09,4.21874824506664e-09,3.14047715481217e-09,4.69672385638467e-09,2.33623903060943e-09,2.13287550354746e-09,1.57761051393969e-09,2.61514627406674e-09,2.04761895070791e-09,2.65448740409807e-09,3.08397374370682e-09,5.18745828594686e-09,9.8012555290842e-09,4.8936636802999e-09,8.48007206055973e-09,7.86909442926699e-09,7.26174329850696e-09,1.17095605127755e-08,1.16404349807241e-08,1.13887918519445e-08,1.81690311943965e-08,1.72885320288306e-08,1.04094378000535e-08,1.00229233737728e-08,5.38181553651116e-09,1.56514815091032e-08,8.40829054189255e-09,1.38635789585054e-08,8.60086360961935e-09,4.48794683166767e-09,2.08591681030936e-09,7.38787131878203e-09,4.24531140814072e-09,6.92860769533711e-09,3.62701260914626e-09,1.69672629214065e-09,1.45492616664991e-09,3.46209183577068e-09,1.75470301511129e-09,2.87373989783363e-09,1.52581272585868e-09,1.0816677897004e-09,1.01863620521704e-09,1.55012940785597e-09,1.26468710850662e-09,1.5363232402227e-09,9.12016315673481e-10,9.99246007978546e-10,1.12040369246505e-09,1.12457553569357e-09,1.15499562924519e-09,1.28568245138283e-09,9.35309551284317e-10,1.01583360563943e-09,7.89904658018468e-10,1.00347097575452e-09,1.22194316278488e-09,1.3211008236132e-09
1.1665952315455e-08,4.25122117919595e-08,1.96428879850091e-08,1.86955010593444e-08,5.27243285675392e-08,2.54079152424585e-08,5.88307948682267e-08,2.52223224517204e-08,2.70698853278973e-08,7.25652650322256e-08,4.00396807180329e-08,9.62502057322878e-08,2.18308137702562e-08,2.30247922217007e-08,1.29565512946718e-08,3.42212590975692e-08,2.08175639164191e-08,3.12173676671608e-08,1.90924901406822e-08,1.06780177547025e-08,5.79710416191551e-09,1.72552496533198e-08,9.95051368905566e-09,1.60795970954941e-08,9.07839824636628e-09,4.99408224760419e-09,5.45356142238426e-09,8.55601040687887e-09,5.75856648402397e-09,8.65611098267148e-09,4.52826559611275e-09,5.11486671475763e-09,3.57913112468703e-09,5.02900145505112e-09,5.41735251426289e-09,5.14632944899811e-09,4.54249577850522e-09,3.07315876661602e-09,3.29769660641103e-09,4.79039127144774e-09,3.84955496403008e-09,5.74875902348927e-09,2.78503061039784e-09,2.81623095806359e-09,2.17289520961622e-09,3.255090842787e-09,2.70167725109273e-09,3.14906076503731e-09,5.77104693639399e-09,1.19756018448352e-08,8.87187309764785e-09,7.85494483676261e-09,1.89407382180945e-08,1.23727806871886e-08,1.94781117073927e-08,1.11063267378278e-08,1.18068311966586e-08,2.79289343792763e-08,1.748390819234e-08,3.70710825376147e-08,1.00016985969904e-08,1.06751953441934e-08,5.13768999346367e-09,1.55915981671161e-08,9.07650605038343e-09,1.42330713824222e-08,9.20162718004845e-09,4.61187913639775e-09,2.12012820488998e-09,8.18998474178928e-09,4.50062647976364e-09,7.72476431775706e-09,3.89530553659214e-09,1.96419304803324e-09,1.67152108704253e-09,3.91725891977614e-09,2.00776677401127e-09,3.28345140039087e-09,1.71640978532951e-09,1.22516044530061e-09,1.19686240723935e-09,1.82992328106967e-09,1.01721328146846e-09,1.52647697417695e-09,1.14299838913901e-09,1.10893448463995e-09,1.29526574250116e-09,9.27117043055539e-10,1.32535503536079e-09,1.26342521043793e-09,1.07398034595641e-09,1.11120086877839e-09,9.2575525737339e-10,1.08245872724158e-09,1.62711494423552e-09,1.53316165311327e-09
4.64622942983297e-09,1.25746431592178e-08,2.43710103180759e-08,9.85145207015027e-09,2.06257169083429e-08,1.7138312541895e-08,1.61799365352787e-08,2.94188388627916e-08,1.28269548681378e-08,2.60542233250667e-08,2.40637702471822e-08,2.18308137702562e-08,3.54411858103997e-08,1.51683153693909e-08,8.20166136694972e-09,2.87420284351078e-08,1.51526009364807e-08,2.79205007701281e-08,1.24126962981767e-08,6.85301704712625e-09,6.02487232125807e-09,1.25028267193066e-08,6.9136018233262e-09,1.23170678457341e-08,5.79380643371984e-09,5.31245047385945e-09,3.24641099797783e-09,5.80184261668451e-09,5.95900909197646e-09,5.80041640922091e-09,4.80391343545713e-09,2.97132430432542e-09,2.99443639074782e-09,5.38257738833361e-09,3.50838981108206e-09,5.8884459184149e-09,2.6027164819569e-09,2.46054453683566e-09,2.4190925907121e-09,2.99697726206379e-09,2.85873293714271e-09,3.46412323736018e-09,2.11380726930592e-09,1.96229918519233e-09,1.6439954580875e-09,2.36040944202349e-09,2.01344619974445e-09,2.5273987818428e-09,2.37109654052278e-09,5.24404952015234e-09,1.08784529779564e-08,4.63756858427359e-09,9.03179609567817e-09,8.45811195457901e-09,7.11896039498082e-09,1.30512412727058e-08,5.45820883998811e-09,1.18620341532109e-08,1.08909665381746e-08,1.02119373358367e-08,1.55075274122118e-08,6.78456307919335e-09,2.99635395634076e-09,1.30776600399812e-08,5.95091179265568e-09,1.13972420086167e-08,5.73634375041649e-09,2.62808571230024e-09,2.08528997817728e-09,5.26534033581766e-09,2.89213316043925e-09,5.12490853606047e-09,2.05375328810282e-09,1.87374756506795e-09,9.47568423462308e-10,2.40326907352992e-09,2.13949918310751e-09,1.82199659851378e-09,1.79539775554434e-09,8.35455368532006e-10,9.38508934042375e-10,1.96732883001419e-09,1.12674689870423e-09,1.6921430765057e-09,7.11086313232717e-10,9.28189555507556e-10,1.0704588843079e-09,9.71547841563053e-10,9.82925842928214e-10,1.22890108269326e-09,8.01050958336607e-10,9.73287417702084e-10,6.40826657570315e-10,8.3995602035246e-10,1.03738671347623e-09,1.06209774389127e-09
3.89299907333588e-09,6.55097019661197e-09,1.09469511735897e-08,5.61007555965188e-09,1.08755753960394e-08,9.35089035437568e-09,8.0056851268702e-09,1.28238562627568e-08,2.95888230445997e-08,1.32205851929148e-08,2.31845003120393e-08,2.30247922217007e-08,1.51683153693909e-08,3.46983119650393e-08,1.64724716274056e-08,2.72535883844192e-08,3.0037066637029e-08,2.35703560611561e-08,2.82248922363823e-08,1.33402707244508e-08,6.09171568528353e-09,2.44907080409164e-08,1.2029311606448e-08,2.27662656726533e-08,1.09598691602333e-08,4.97370621555218e-09,4.66003738967963e-09,9.80445752841776e-09,5.3069243977587e-09,9.63469589224962e-09,4.21422372032473e-09,4.21325177631426e-09,2.91787293711315e-09,4.42994751569032e-09,4.76828690227855e-09,4.71128632803617e-09,3.75045582143010e-09,2.47865962755578e-09,2.37164577908903e-09,4.17990266921899e-09,3.01134503399071e-09,4.71924226783538e-09,2.12601706584819e-09,1.96208858538556e-09,1.4302345915551e-09,2.53055468780929e-09,1.72851869567891e-09,2.43674935261418e-09,1.78882285568327e-09,2.39761128959692e-09,4.67225525513599e-09,2.34093232848831e-09,4.94399412546115e-09,4.48038996845845e-09,2.93670539500536e-09,5.18296234138735e-09,1.2577874148389e-08,5.83041322410965e-09,8.79540606439465e-09,9.61778213730037e-09,6.3587593160834e-09,1.51473571880141e-08,7.07633536917471e-09,1.08659902526658e-08,1.23250579391015e-08,9.00113416459959e-09,1.26514917907647e-08,6.12877958515724e-09,2.35102294559527e-09,1.06346251404372e-08,5.57013551539076e-09,1.0063860033456e-08,5.01212156182949e-09,2.08028229074339e-09,1.56836797355273e-09,4.76463289170006e-09,2.19327918272554e-09,4.26016771026440e-09,1.85914861242637e-09,1.22661421462389e-09,5.91201363825858e-10,2.01263203025751e-09,1.36826829055481e-09,1.65049467822937e-09,9.72772287356085e-10,6.86832691403734e-10,1.04245898837654e-09,1.18040647719609e-09,9.65339632071165e-10,1.36661023036349e-09,5.80004976637195e-10,1.0000974040979e-09,5.4409370264589e-10,9.28242336373389e-10,1.05969408607233e-09,1.05658956678969e-09
2.76433500247828e-09,6.12064244092832e-09,6.00557394363664e-09,5.71637996257725e-09,6.3745581705776e-09,5.60788107490823e-09,7.43372381893274e-09,7.03544133754275e-09,1.43001223138991e-08,7.7470108973369e-09,1.2809880664637e-08,1.29565512946718e-08,8.20166136694972e-09,1.64724716274056e-08,4.5247946384783e-08,1.486035426146e-08,3.54010943221768e-08,3.22116410981511e-08,1.33446055769711e-08,3.627647948763e-08,1.49132471523431e-08,2.85781109026043e-08,2.70111674298666e-08,2.09985589608334e-08,2.9808188431251e-08,1.18482157796235e-08,6.5162608772884e-09,2.15775502692496e-08,1.1292831786972e-08,2.0536664086523e-08,9.29630818453712e-09,5.20778738046437e-09,6.84148321318583e-09,8.78783997972281e-09,5.67478189992139e-09,8.94548704873591e-09,4.4652675716566e-09,6.04500926434167e-09,3.27411175169165e-09,4.66929754897733e-09,6.62660244894308e-09,5.20027142947588e-09,5.24648431017756e-09,2.79028404483156e-09,2.03459284175694e-09,5.70898503145371e-09,2.74951299558419e-09,5.77687569184293e-09,1.01809505720214e-09,2.74823659722798e-09,2.63150579777493e-09,2.35209473018131e-09,2.38326993076312e-09,2.01780429133043e-09,3.09868884572746e-09,3.03158786102311e-09,5.4178615679786e-09,2.97089740228593e-09,4.73150035693019e-09,5.36199884742868e-09,3.77070537563895e-09,6.508490176559e-09,1.65700800367169e-08,5.66024756285061e-09,1.27479686883958e-08,1.11675643452828e-08,5.52073512966443e-09,1.42208278461032e-08,6.35689517886844e-09,1.10186107879746e-08,1.14941072737293e-08,8.50264680027278e-09,1.10174262345065e-08,5.45862103570152e-09,2.50960486737428e-09,9.22440717089211e-09,5.01834797255943e-09,8.04235967055846e-09,4.54388509243146e-09,1.82953022196844e-09,1.58988234788941e-09,4.15978812481072e-09,1.94410543064829e-09,4.24306078437853e-09,1.49322504813312e-09,1.42511728117111e-09,1.31576724960567e-09,1.6008696930574e-09,1.59878589366568e-09,2.1049818788003e-09,1.24710667441004e-09,1.21663870022338e-09,7.80707285165832e-10,1.51041905420031e-09,1.29534887916503e-09,1.80814914046653e-09
4.78938099611704e-09,1.1828931790241e-08,1.98850377720921e-08,9.22674008614437e-09,1.71295302307224e-08,1.38877339258647e-08,1.55944462568142e-08,2.40614127329582e-08,2.31862165146099e-08,2.22278059974889e-08,3.74460556466151e-08,3.42212590975692e-08,2.87420284351078e-08,2.72535883844192e-08,1.486035426146e-08,4.4437130322947e-08,2.35553362952986e-08,3.87768927427413e-08,2.21256925959018e-08,1.1937708801727e-08,6.09928740332994e-09,1.91953961372299e-08,1.10332198649705e-08,1.80030531638847e-08,9.98667647796471e-09,5.0752262311514e-09,5.13053627060638e-09,9.15083948744848e-09,5.59418991402679e-09,9.06456123601736e-09,4.38628714558577e-09,4.77422198407426e-09,3.59512097483029e-09,4.82561289323375e-09,5.41209593315702e-09,5.15601851622663e-09,4.2552599033186e-09,3.03031823633437e-09,2.93990941584286e-09,4.77185791848901e-09,3.60732306389469e-09,5.37911432597986e-09,2.65713994658025e-09,2.42048647208065e-09,1.81479729049503e-09,3.00910056845843e-09,2.32088234811973e-09,3.02143505204189e-09,2.57622097690779e-09,4.74809021041284e-09,8.62098544667423e-09,4.5202440219096e-09,7.58061068324078e-09,7.23252700655983e-09,6.74254814562085e-09,1.04093390343695e-08,1.00205121075081e-08,1.02177480822317e-08,1.56522209174356e-08,1.50494560006143e-08,1.26695310054414e-08,1.21576674795554e-08,6.24268193417372e-09,1.88856085683663e-08,9.78583377536307e-09,1.61232502952687e-08,1.02530409427603e-08,5.28226911363507e-09,2.39814941661099e-09,8.47032090386104e-09,5.18216297695607e-09,8.17293890673193e-09,4.16294651512814e-09,1.93613969743861e-09,1.66512097838518e-09,4.12528748518684e-09,2.00241583008240e-09,3.37437891550694e-09,1.84035157682026e-09,1.29659344162445e-09,1.11368294133713e-09,1.85594171648134e-09,1.5357453271347e-09,1.86482852862133e-09,1.06081507943208e-09,1.07645216765497e-09,1.26174236968919e-09,1.30439655341519e-09,1.2633049564608e-09,1.53957745407868e-09,9.88923131157448e-10,1.20350830664491e-09,7.75898505975442e-10,1.18118370621063e-09,1.34902225038989e-09,1.38658649953194e-09
4.31462215607461e-09,7.47453323059155e-09,1.08731987451926e-08,6.16359407650375e-09,1.13756751585299e-08,9.47798540015056e-09,9.240824336789e-09,1.27645852413725e-08,2.57079650137977e-08,1.39145342201133e-08,2.00970490476138e-08,2.08175639164191e-08,1.51526009364807e-08,3.0037066637029e-08,3.54010943221768e-08,2.35553362952986e-08,5.43793713770866e-08,4.4455998675291e-08,2.44948740197038e-08,2.85767581948367e-08,1.33551658417461e-08,4.42724895159059e-08,2.0897664289604e-08,3.4327773490038e-08,2.35915500315674e-08,1.0638567241831e-08,6.64383593472363e-09,1.66821088431785e-08,1.03230859361414e-08,1.5771900254891e-08,8.35144489454353e-09,5.36353052379416e-09,7.28755852642126e-09,8.01129941057423e-09,5.75088916493704e-09,8.14517080334019e-09,4.62113988450631e-09,6.35873371242619e-09,3.41410925189675e-09,4.75646286749759e-09,7.19173876545508e-09,5.50259274336299e-09,5.51008160803182e-09,2.86760141440128e-09,2.11006474404586e-09,6.14383009624741e-09,2.6230176507074e-09,6.12596588894284e-09,1.43761416041287e-09,2.70738745480299e-09,4.38679398278205e-09,2.63758968650961e-09,4.85162525274278e-09,4.23631401152392e-09,3.39032431060686e-09,5.08044118593156e-09,1.0329529385401e-08,6.05412248529258e-09,7.54395518473115e-09,8.7047979714417e-09,6.19619157961318e-09,1.28486526163388e-08,1.41098239096114e-08,9.35075943305808e-09,2.10785516389062e-08,1.6245451183477e-08,1.10997564982089e-08,1.20433962566226e-08,5.7464765851902e-09,1.83278766759272e-08,9.30500533596449e-09,1.49036582910578e-08,9.75419375582989e-09,4.88684796455066e-09,2.89337435150137e-09,7.81671143067634e-09,4.56027048231925e-09,7.17186621014056e-09,4.05724333058867e-09,2.19238436471699e-09,1.6663634536142e-09,3.81603032511376e-09,2.32913328767785e-09,3.92011846257374e-09,1.77191760247671e-09,1.6032987628132e-09,1.42922261054036e-09,1.94148328995877e-09,1.8617224811695e-09,2.44244207116729e-09,1.45640377666231e-09,1.26843152924617e-09,6.47938793007306e-10,1.73888947203616e-09,1.26855794218124e-09,1.91010123049095e-09
5.35807752089393e-09,1.25768505083649e-08,1.92617091320338e-08,9.67965290107528e-09,1.73246005691519e-08,1.38114112128499e-08,1.67523593104471e-08,2.34724706857029e-08,2.00734454096453e-08,2.27489259037083e-08,3.28306260591725e-08,3.12173676671608e-08,2.79205007701281e-08,2.35703560611561e-08,3.22116410981511e-08,3.87768927427413e-08,4.4455998675291e-08,6.41720090483132e-08,1.92488200286826e-08,2.59308044072703e-08,1.27303894646681e-08,3.62235638158618e-08,1.89478814477065e-08,2.7787028267138e-08,2.15338656201819e-08,1.01470406183973e-08,6.82205642300059e-09,1.51970674328268e-08,1.00303166950679e-08,1.43664131513113e-08,7.98427049887646e-09,5.54020644906695e-09,7.77117551190602e-09,7.80478218700568e-09,6.14496574362436e-09,8.14186302589339e-09,4.70930630842256e-09,6.7411829471647e-09,3.99398365729514e-09,5.03629522570995e-09,7.71222861930483e-09,5.86302814844658e-09,5.83926320317559e-09,3.32633775683522e-09,2.30926559573133e-09,6.53534139929298e-09,3.1454864042748e-09,6.62850312359214e-09,2.7355437870771e-09,5.07370552395467e-09,7.84281358145099e-09,4.93134047752557e-09,7.27169194817682e-09,6.90505375763708e-09,7.22408990295612e-09,9.82959777725389e-09,8.24290359475322e-09,1.01218991660097e-08,1.36835315938215e-08,1.37581549986715e-08,1.18907963209462e-08,1.01722492795461e-08,1.25419478032195e-08,1.65460270983999e-08,1.79366000969647e-08,2.52844529761985e-08,8.70239890737679e-09,1.06595331406898e-08,5.49427167307614e-09,1.54230218756934e-08,8.51978762322276e-09,1.23157183408467e-08,8.66786883656141e-09,4.48894076500584e-09,2.95519413128091e-09,6.88128032553942e-09,4.19825130507826e-09,6.09216918110606e-09,3.81523922850687e-09,2.28108481222835e-09,2.03740023812156e-09,3.54945919617273e-09,2.50986040039791e-09,3.92509887401657e-09,1.84043136776652e-09,1.89110131615072e-09,1.66193197679925e-09,2.03212297608819e-09,2.15038916515355e-09,2.47735970770021e-09,1.71776956484115e-09,1.50282973751704e-09,9.05905724363052e-10,2.01175484368117e-09,1.63052356321444e-09,2.35412926093752e-09
3.33521611220688e-09,5.47553904141718e-09,9.08940850061368e-09,4.57709508979489e-09,9.1388224502253e-09,7.6124152870426e-09,6.7131619088407e-09,1.05942032371727e-08,2.404639752606e-08,1.11272980119926e-08,1.88934048252604e-08,1.90924901406822e-08,1.24126962981767e-08,2.82248922363823e-08,1.33446055769711e-08,2.21256925959018e-08,2.44948740197038e-08,1.92488200286826e-08,3.43329703032813e-08,1.56705558565233e-08,7.32454845720748e-09,2.94713201545432e-08,1.41569779160647e-08,2.75051972096628e-08,1.288337384786e-08,6.00251187524633e-09,5.64483868239433e-09,1.1552304874521e-08,6.3278244738934e-09,1.14647093578935e-08,4.99345801532922e-09,5.04740690122517e-09,3.41899966896767e-09,5.23541641957844e-09,5.58053494100285e-09,5.56469291572816e-09,4.38568317211526e-09,2.87045907509036e-09,2.85434221324441e-09,4.81695706493824e-09,3.70038384631764e-09,5.60129182471409e-09,2.39049546582424e-09,2.24652979481362e-09,1.76389421188613e-09,2.94086761427847e-09,2.03872401103843e-09,2.86648254148367e-09,1.59617688331025e-09,2.16379541558642e-09,3.94350298965661e-09,2.04183147374932e-09,4.13599214110662e-09,3.56973659205901e-09,2.68729009380804e-09,4.36704471929767e-09,1.06696092713134e-08,4.95091787028798e-09,7.74446612663657e-09,8.53393564947522e-09,5.30906649078147e-09,1.26488267694021e-08,6.12530290885568e-09,9.37824219923149e-09,1.06310501973768e-08,7.97728867356354e-09,1.5782831594967e-08,7.39130912105117e-09,3.0526773303937e-09,1.33518299582253e-08,6.88199122592901e-09,1.30915377949106e-08,6.0710954999334e-09,2.70591348273892e-09,1.74762699812852e-09,6.03213980695519e-09,2.5515666738621e-09,5.21469254734762e-09,2.51074019231416e-09,1.39105158593159e-09,1.01742399711783e-09,2.4777993090758e-09,1.74781848305002e-09,2.22702993371471e-09,1.13253999299732e-09,9.43225799596285e-10,1.20706886261034e-09,1.42516725210252e-09,1.28739758861974e-09,1.51389046257981e-09,7.65878175717795e-10,1.15396825541985e-09,7.19354010193914e-10,1.13541761779614e-09,1.18877020596773e-09,1.27419509036593e-09
