7.33588657681675e-08,3.86869459385801e-08,1.86775152847785e-08,5.86862083916588e-08,3.74262428870141e-08,5.19545944727287e-08,3.26970690523785e-08,1.50059185493665e-08,1.52681869433544e-08,3.0554191031435e-08,1.57943475297401e-08,3.01921653807699e-08,1.31322989954404e-08,1.35851060641754e-08,1.15572877418079e-08,1.38591307964307e-08,1.56757967436815e-08,1.55094276401765e-08,1.16275122553065e-08,1.00078789214942e-08,8.29799682326677e-09,1.355802139872e-08,1.11068378410732e-08,1.40620159340974e-08,8.63750349812337e-09,7.34166383352292e-09,5.73197242400919e-09,9.64513934012332e-09,7.79651477979826e-09,1.03749753297172e-08,6.75454534625446e-09,5.19987088074345e-09,5.08826182516001e-09,7.09682540171151e-09,5.68478094777499e-09,7.81850733972933e-09,4.77212330736277e-09,4.5625720489346e-09,4.74937051783249e-09,5.12587283992155e-09,6.32493123066532e-09,6.41044015604241e-09,4.30701912010838e-09,4.47777068047708e-09,3.95257498509862e-09,5.95435964345669e-09,5.25089925536271e-09,6.72466444678584e-09,5.11397906045981e-08,2.27342277452819e-08,1.18330301976732e-08,3.9859100873292e-08,2.32971254070986e-08,3.60220800304094e-08,1.91253126926179e-08,9.33248031768719e-09,1.01522830830144e-08,1.90406020387679e-08,9.36449511552792e-09,1.86853336384001e-08,8.10891877435175e-09,9.30070583250734e-09,8.11169966649153e-09,8.21470468853936e-09,1.02285247653868e-08,8.86939043761969e-09,7.87875620498801e-09,7.45344485645943e-09,6.29094628906348e-09,8.75494280041561e-09,8.40690385883962e-09,1.02790533989933e-08,6.16795813292605e-09,5.34175669979309e-09,4.14730537183602e-09,6.80486497241322e-09,5.77286615827031e-09,6.70843348151749e-09,4.64077859976616e-09,3.64773619373843e-09,3.71174030075354e-09,4.98138158927014e-09,4.3629933730301e-09,6.01691810588662e-09,3.28521623469105e-09,3.59883876327797e-09,3.1593960678013e-09,3.70463968676552e-09,4.97961337727625e-09,4.88534670518311e-09,3.33847691326396e-09,2.83775666726695e-09,2.86576874184922e-09,4.50655516779271e-09,3.54828219377463e-09,5.21720084437146e-09
3.86869459385801e-08,1.43626050085302e-07,3.96357867090974e-08,7.11439836765998e-08,1.19495388096213e-07,5.51454126249715e-08,1.21978467579371e-07,3.24750364313701e-08,1.8106514495451e-08,1.01273111486959e-07,2.92162916573357e-08,9.4640500633386e-08,2.85078788098708e-08,1.55361511379193e-08,1.99748592089756e-08,2.53308044978803e-08,1.7102941630113e-08,2.63872837578116e-08,1.30851729434646e-08,1.71632957118089e-08,1.17294542057755e-08,1.40709576961824e-08,1.97145101503569e-08,1.53666265987371e-08,1.45189418908194e-08,1.01106346055476e-08,7.67849802103987e-09,1.6536338606301e-08,1.1415146957575e-08,1.77896910868038e-08,9.26582272019033e-09,6.98451998129517e-09,8.19339307119917e-09,1.03670233502438e-08,8.89108083211238e-09,1.20065284712759e-08,6.27627836052192e-09,7.33222337312061e-09,6.51151310878228e-09,8.05242631235318e-09,9.28278433566749e-09,9.99771044128866e-09,6.58063343886895e-09,6.20493798113828e-09,6.15108412935167e-09,8.61698955925433e-09,8.00790622305542e-09,1.02388027786508e-08,2.84299628305243e-08,8.1807470556101e-08,2.56860195317196e-08,5.05529780526331e-08,6.65501457409218e-08,3.91129035870068e-08,6.99121301791792e-08,2.19815740121187e-08,1.15601538531778e-08,5.82141221616102e-08,1.85646679015354e-08,4.86535783091157e-08,1.90106532468733e-08,1.01050100294821e-08,1.24237848451495e-08,1.65151738914467e-08,9.31057423113447e-09,1.45051856684257e-08,8.50974566361057e-09,1.08398717430607e-08,7.81315060764016e-09,7.91231926217837e-09,1.28764099357013e-08,1.00874970209444e-08,9.79076598088939e-09,6.97028992686565e-09,5.75164827316691e-09,1.07292969374322e-08,7.73755971354443e-09,1.19410114060907e-08,6.02924058505303e-09,5.06211199272646e-09,6.03742358959529e-09,6.68198145494091e-09,6.57619809584965e-09,8.27123561534369e-09,4.53867212317648e-09,5.03755749545612e-09,4.12784703435583e-09,5.5366724986941e-09,6.25012073153417e-09,7.13650205129545e-09,4.78514256779699e-09,4.15138416680479e-09,4.22443798614974e-09,5.89610215528597e-09,5.47048157635817e-09,7.25294322629508e-09
1.86775152847785e-08,3.96357867090974e-08,8.40525612444357e-08,3.26169995860862e-08,7.05012616249787e-08,5.80241828612556e-08,3.25011416665247e-08,6.8449666765293e-08,2.86972171523384e-08,5.68085183795894e-08,5.34269060144152e-08,4.52278266580499e-08,5.87601502165162e-08,2.45869691526326e-08,1.56544167222686e-08,4.62363446720155e-08,2.32062753538506e-08,4.33979777356133e-08,2.09941955354609e-08,1.35103569423979e-08,1.30991503152022e-08,1.99416448627465e-08,1.44754417455298e-08,1.94484110755861e-08,1.12676957641295e-08,1.12517182859068e-08,6.3860301895241e-09,1.21723712196579e-08,1.18732627868822e-08,1.24308276376398e-08,1.01340319602197e-08,5.78976715516226e-09,5.46798718142552e-09,1.06651925799343e-08,6.83925273510864e-09,1.15650622597227e-08,5.10341534325179e-09,4.86584828557391e-09,5.8000301069728e-09,6.0049336120448e-09,6.58819459513666e-09,7.25428758789647e-09,4.69395845649056e-09,5.43207968122774e-09,4.89346006843288e-09,6.14168097348524e-09,5.66771230422284e-09,6.34038048900556e-09,1.33740236644578e-08,3.04975953701188e-08,5.90047886929005e-08,2.64314570837412e-08,4.94132693215879e-08,4.39927697731859e-08,2.55658003541214e-08,4.8486261803164e-08,1.82297508430087e-08,3.96252006126883e-08,3.82241284123922e-08,3.02809349146329e-08,4.20915746788175e-08,1.66786821649835e-08,9.63811910871384e-09,3.43666464255163e-08,1.3788335046162e-08,2.89923975927754e-08,1.40443474756752e-08,8.29756711794589e-09,8.71038566816792e-09,1.1906990574653e-08,9.34522319238261e-09,1.26953285238355e-08,7.0070954103675e-09,7.50231107093287e-09,5.54598289821185e-09,8.55731265894451e-09,7.86380097604867e-09,8.16230815553716e-09,6.80505018236172e-09,5.13379706405081e-09,4.63932279439157e-09,6.96224698216727e-09,5.91598152370392e-09,8.52620501249924e-09,4.45723652326222e-09,3.99258591315424e-09,3.79025609813263e-09,4.7660292525738e-09,5.30310135315548e-09,6.166325212959e-09,3.73114075729668e-09,3.43074373111977e-09,3.49710955206255e-09,4.77530118526787e-09,3.9243147429175e-09,5.22438079148774e-09
5.86862083916588e-08,7.11439836765998e-08,3.26169995860862e-08,9.67729937685451e-08,5.58069183215162e-08,7.35303008444217e-08,5.95712967356945e-08,2.64978631852272e-08,1.64788463656233e-08,4.57676823769939e-08,2.40416473283145e-08,4.13516609795917e-08,2.3201848179656e-08,1.4405595622948e-08,1.90343200098813e-08,2.10039795234546e-08,1.58291945879254e-08,2.23278091157595e-08,1.21238135599578e-08,1.6615217278997e-08,9.98130134274245e-09,1.33792434522433e-08,1.82934738446747e-08,1.40138926853988e-08,1.4122589681857e-08,8.39101567917128e-09,6.23824100350267e-09,1.53273494075897e-08,1.00662261701175e-08,1.70375608252606e-08,7.72639544952225e-09,5.76514651150953e-09,6.18951772632085e-09,9.16532969526907e-09,6.71817773676593e-09,9.96874061483984e-09,5.29824295842683e-09,5.64237770513999e-09,5.22965681287292e-09,6.14204706456556e-09,7.24565377515407e-09,7.82768184960839e-09,5.31846050735119e-09,5.04049112090174e-09,4.77486802009691e-09,6.86393328613532e-09,5.76134359397724e-09,7.53996972476415e-09,4.02374839452366e-08,4.46719082606177e-08,2.17886225177083e-08,6.60685812060773e-08,3.66701147984252e-08,5.2178359355224e-08,3.70543301940604e-08,1.79192336054881e-08,1.01436711455066e-08,3.0586193901435e-08,1.55898919651885e-08,2.63448763657036e-08,1.53402806790155e-08,9.27847415115718e-09,1.27219910470961e-08,1.3557587696423e-08,9.70173478949419e-09,1.31141257114599e-08,8.01578592751593e-09,1.17220212610149e-08,7.27451698844011e-09,8.91936111644896e-09,1.24290074935743e-08,9.33774327784999e-09,9.9403504783257e-09,6.27819161002493e-09,4.88483134637586e-09,1.05291319794276e-08,7.53833557571568e-09,1.16893930150318e-08,5.50256614229656e-09,4.57473685868026e-09,4.50597958522781e-09,6.69066441771278e-09,5.42120279519734e-09,7.42600590493472e-09,4.0083023941703e-09,4.27091023546352e-09,3.45397079119269e-09,4.68247405668833e-09,5.49806030843051e-09,5.79392742364373e-09,3.97077459977744e-09,3.27749689750303e-09,3.57526284162365e-09,5.11681924690675e-09,4.05232171200697e-09,5.80254655580826e-09
3.74262428870141e-08,1.19495388096213e-07,7.05012616249787e-08,5.58069183215162e-08,1.69081957536603e-07,8.7722985315095e-08,1.01293270073069e-07,5.67907242199507e-08,2.93201048223615e-08,1.39743295710906e-07,4.64068536753495e-08,1.21020389477379e-07,4.9025526322475e-08,2.51621568712183e-08,1.90317100920624e-08,3.9999823009308e-08,2.53891250512616e-08,3.89064790552684e-08,2.12744184028805e-08,1.62122010386521e-08,1.74146054170323e-08,2.14981833396636e-08,1.81894694428848e-08,2.25895160213347e-08,1.37480509419698e-08,1.50698270719013e-08,1.04718702694573e-08,1.56198589787609e-08,1.63864999035188e-08,1.66105286617795e-08,1.36030475614888e-08,9.59280084606582e-09,9.81361927796619e-09,1.48184991372771e-08,1.14590674403333e-08,1.68888537525035e-08,8.62078683436827e-09,8.58542266949693e-09,7.69422053638102e-09,1.03482686081143e-08,1.06850687980385e-08,1.20709212540909e-08,7.74100446497756e-09,7.31345156067488e-09,7.1885594399453e-09,1.00141390802777e-08,9.16895444624492e-09,1.16748168572805e-08,2.78231201928405e-08,7.23627223604204e-08,4.78549218211391e-08,4.12437794357317e-08,1.00766877224412e-07,6.3080399831719e-08,6.21049327755869e-08,3.90015858299216e-08,1.78483232624419e-08,8.4718974244718e-08,3.09766148853666e-08,6.92880808560913e-08,3.40782845918761e-08,1.59603245591188e-08,9.72739491306262e-09,2.76422575266183e-08,1.27611036099893e-08,2.20032667895363e-08,1.33438287311083e-08,8.17568263569320e-09,1.0580434830436e-08,1.08330028348118e-08,1.18340379474397e-08,1.49980376761005e-08,7.74778572828039e-09,8.75189677042254e-09,7.23890799240372e-09,1.06020998142578e-08,9.46626373413294e-09,9.5272530289663e-09,7.70274074463616e-09,6.53730229461251e-09,7.43807441401118e-09,8.28411823039127e-09,8.09847637168115e-09,1.03473177350099e-08,5.8672783476699e-09,6.2067692611966e-09,4.66813740811042e-09,6.88729870746709e-09,7.52691098472713e-09,9.05749777075325e-09,6.09965856873888e-09,4.51469317134947e-09,5.08866669554388e-09,6.97884838045466e-09,6.21969765579722e-09,8.66602597670859e-09
5.19545944727287e-08,5.51454126249715e-08,5.80241828612556e-08,7.35303008444217e-08,8.7722985315095e-08,1.14189231811277e-07,4.5965848257492e-08,4.74440938641345e-08,2.51808313859205e-08,7.21164595253048e-08,3.76445424579825e-08,5.91752708432061e-08,4.04708116516841e-08,2.16408725630045e-08,1.62077543360756e-08,3.24829998747444e-08,2.12403476986494e-08,3.14659002314723e-08,1.81773850293957e-08,1.39046290043289e-08,1.45373206357614e-08,1.81431751417984e-08,1.4679613183068e-08,1.83151448604255e-08,1.1712045158826e-08,1.25034398884215e-08,8.26714507605928e-09,1.24295375792415e-08,1.39890540764422e-08,1.3367593463499e-08,1.14819069612953e-08,7.67475972161181e-09,7.39100513530443e-09,1.28348482397174e-08,8.94998513806758e-09,1.43977814315149e-08,6.98822428863978e-09,6.91746134815187e-09,6.21491438100251e-09,8.2318984977947e-09,8.36096532009968e-09,9.5565935872757e-09,6.67232702065673e-09,6.0534631533119e-09,4.94076476697487e-09,7.96107060089114e-09,6.47309657757379e-09,8.4488710040216e-09,3.7234128847596e-08,3.60303671396817e-08,4.07564379345705e-08,5.22987692855053e-08,5.93054255594131e-08,8.14333686389409e-08,2.98000409796523e-08,3.35886116317408e-08,1.46275875875673e-08,4.90043980983378e-08,2.41652229916447e-08,3.72200981376689e-08,2.89498361935943e-08,1.40211206837172e-08,8.72151162338413e-09,2.223467322967e-08,1.20337363638233e-08,1.85636080312645e-08,1.17435633340557e-08,7.74934090667893e-09,1.02476172424745e-08,1.05667985917157e-08,9.66419287604182e-09,1.23769262468201e-08,6.90659368443999e-09,8.6445328053708e-09,6.4639529488669e-09,9.14724784742211e-09,9.22590275607613e-09,8.41176858050975e-09,7.83243550995372e-09,6.03109912889976e-09,5.95182850612141e-09,8.34398782881942e-09,6.7945352025394e-09,9.91722910314946e-09,5.33618059484272e-09,5.49290530394536e-09,4.48852003562247e-09,6.12234291869286e-09,7.05499858809567e-09,7.81956282512365e-09,5.21845514544244e-09,4.34636165453968e-09,3.71187367249097e-09,6.43218034521253e-09,4.9599954389686e-09,7.05164648696745e-09
3.26970690523785e-08,1.21978467579371e-07,3.25011416665247e-08,5.95712967356945e-08,1.01293270073069e-07,4.5965848257492e-08,1.53024521999743e-07,4.07512482041616e-08,2.26190546965957e-08,1.27575145766036e-07,3.78110015277799e-08,1.23206751180982e-07,3.49859300351497e-08,1.91229790149063e-08,2.17336122571038e-08,3.21770345939357e-08,2.06576614829211e-08,3.32877752845808e-08,1.61930910425148e-08,1.83913710418283e-08,1.23460875633592e-08,1.71344531697355e-08,2.10831529542587e-08,1.80232677188356e-08,1.5711415362605e-08,1.04248935406429e-08,8.45429571064512e-09,1.77960328442542e-08,1.16658824980213e-08,1.89901771207106e-08,9.60654655595889e-09,7.55013361060416e-09,8.32249532721635e-09,1.05651288790155e-08,9.21135440679995e-09,1.20630022557441e-08,6.67978080780068e-09,7.31440870887556e-09,7.56072968604038e-09,8.26713083596778e-09,9.90307836341016e-09,1.0901191488279e-08,6.49673160258593e-09,6.92617849558783e-09,6.52244635204184e-09,9.02547384085036e-09,8.54020444649735e-09,1.04611963370772e-08,2.37927382292113e-08,6.99236251135011e-08,2.19970056997962e-08,4.14430224260139e-08,5.82267602291918e-08,3.3144679361377e-08,8.63700162880038e-08,2.89853412953397e-08,1.60956525346967e-08,7.4358971619095e-08,2.40489550855535e-08,5.88243609479598e-08,2.45991814130466e-08,1.36499814185982e-08,1.33755807491986e-08,2.10182312716657e-08,1.25350927594264e-08,1.9378741060042e-08,1.139537478179e-08,1.17291519060074e-08,8.18400646541347e-09,1.07380543549854e-08,1.47019395445491e-08,1.25979387404553e-08,1.04717319644977e-08,7.09795306448562e-09,6.33001833611806e-09,1.21459165740698e-08,7.64805036353072e-09,1.35503895400752e-08,6.23254322641583e-09,5.42068078461173e-09,5.85596155906687e-09,6.53932009968377e-09,7.01926226637719e-09,7.99178906447644e-09,4.82937048823899e-09,5.00834953413322e-09,4.99586043768179e-09,5.86137783182496e-09,7.35190084951252e-09,8.38437561273274e-09,4.7343989382574e-09,4.66163555090753e-09,4.22323375476052e-09,6.71003756470785e-09,5.31154319845176e-09,7.43435068877312e-09
1.50059185493665e-08,3.24750364313701e-08,6.8449666765293e-08,2.64978631852272e-08,5.67907242199507e-08,4.74440938641345e-08,4.07512482041616e-08,7.98035431250554e-08,3.39154967463142e-08,6.8281927024243e-08,6.35500741364342e-08,5.64895273875396e-08,6.74835457063897e-08,2.83601429919816e-08,1.6762135170774e-08,5.38460231745643e-08,2.64036069623411e-08,5.03545143458366e-08,2.39670380770482e-08,1.41277726900166e-08,1.39216448573178e-08,2.24174659054961e-08,1.52270946973254e-08,2.18229258480875e-08,1.18381698124104e-08,1.19291609092945e-08,7.21277751249072e-09,1.28078575606728e-08,1.25197070439405e-08,1.32168448713161e-08,1.08212842609205e-08,6.45165975107951e-09,5.76348327362038e-09,1.13308430010177e-08,7.2511757030944e-09,1.23727119049277e-08,5.61952781176677e-09,5.1489605188712e-09,6.89018194970137e-09,6.29100169767725e-09,7.50809620563626e-09,7.91547841543998e-09,4.71442789981856e-09,6.17443353943771e-09,5.13975417975294e-09,6.66795455490233e-09,6.16965512502005e-09,6.69061125146479e-09,1.11229945468275e-08,2.55607168202477e-08,4.84849591815659e-08,2.12612484002925e-08,3.96206499058865e-08,3.56132224108937e-08,3.18466752376632e-08,5.7561416876211e-08,2.26648682571747e-08,4.98803412750662e-08,4.606965110765e-08,3.97584428436498e-08,4.95106619632465e-08,2.01912007187072e-08,1.06408502652437e-08,4.03356866181173e-08,1.65042669370149e-08,3.36888387946292e-08,1.7216332519188e-08,9.33088796283387e-09,9.59132508284744e-09,1.45345169505339e-08,1.04468829830822e-08,1.48255254690179e-08,8.02053229624605e-09,8.19253255682003e-09,6.08258327979741e-09,9.43011053182459e-09,8.41953866707341e-09,9.12255373550767e-09,7.46945699214591e-09,5.50044626296743e-09,4.98394939231231e-09,7.41145484613928e-09,6.43889598623446e-09,9.34052008804299e-09,4.66467897987443e-09,4.38228201604432e-09,4.69336756225822e-09,5.27191318472326e-09,6.43788139694692e-09,6.72756694113357e-09,3.92513660492088e-09,4.24002265168301e-09,3.53994614207519e-09,5.72885856370909e-09,4.22738282441211e-09,5.71403449952142e-09
1.52681869433544e-08,1.8106514495451e-08,2.86972171523384e-08,1.64788463656233e-08,2.93201048223615e-08,2.51808313859205e-08,2.26190546965957e-08,3.39154967463142e-08,8.72126054523239e-08,3.62781216923638e-08,6.98703046217565e-08,6.58784668498765e-08,2.83693689491108e-08,7.15883246071752e-08,3.57676078747456e-08,5.67667393262153e-08,5.89699388809608e-08,4.6383650868313e-08,5.99008456742522e-08,2.95488713941636e-08,1.58870903798031e-08,4.91120333840486e-08,2.75846159020458e-08,4.39253832520558e-08,2.41914457589412e-08,1.30465350304853e-08,1.11607071328302e-08,2.25164358062231e-08,1.23737762019665e-08,2.11273122710482e-08,1.13102086167831e-08,9.83584329940351e-09,7.3000359551384e-09,1.08154379873559e-08,1.07244189093623e-08,1.2371887920432e-08,8.38326810253532e-09,6.6036267754314e-09,7.14803844913771e-09,9.47081303969098e-09,8.54796802567979e-09,1.11111748752752e-08,5.60685400790745e-09,6.24762622789751e-09,5.52625766720802e-09,7.40881392334469e-09,6.83061279910331e-09,7.91275850917969e-09,1.045793556708e-08,1.43554017338357e-08,2.32233993675569e-08,1.25817861555909e-08,2.31992484453868e-08,2.03060223506457e-08,1.75440197312867e-08,2.58089092320306e-08,5.98160339137776e-08,2.87001559960204e-08,4.88199930361113e-08,4.7670979191335e-08,2.20281850773574e-08,5.15772963819119e-08,2.2880720515861e-08,4.13894762609099e-08,4.06616604572035e-08,3.20967287030788e-08,4.32121055694212e-08,1.91659166440961e-08,1.12019672590917e-08,3.41982731333738e-08,1.67655593548082e-08,3.00366459883633e-08,1.54249082443145e-08,8.83943839051488e-09,7.61505919145242e-09,1.32860103315546e-08,8.439704431525e-09,1.24361472333974e-08,7.810058567923e-09,6.79786309174083e-09,4.92420945718661e-09,7.87309044576776e-09,7.98574350025430e-09,9.31494069802815e-09,5.69971497069228e-09,4.4413102590722e-09,4.44641674812347e-09,6.8135482671431e-09,6.01172030471274e-09,8.23244025830107e-09,3.82028438423817e-09,3.89870845969101e-09,4.0973584542421e-09,5.16456643340971e-09,4.65626904172957e-09,6.01919860334502e-09
3.0554191031435e-08,1.01273111486959e-07,5.68085183795894e-08,4.57676823769939e-08,1.39743295710906e-07,7.21164595253048e-08,1.27575145766036e-07,6.8281927024243e-08,3.62781216923638e-08,1.73368824374398e-07,5.81357201523849e-08,1.54639178960758e-07,5.81498431033089e-08,2.98162671410333e-08,2.05101774908122e-08,4.85739480474425e-08,3.00920991019936e-08,4.76514946351623e-08,2.53204897190403e-08,1.73280793632857e-08,1.84444761040301e-08,2.55615953600755e-08,1.94434600796887e-08,2.61863561068431e-08,1.48022191207211e-08,1.59066791012571e-08,1.1600989807773e-08,1.66252883874721e-08,1.72601217948065e-08,1.79695137287849e-08,1.4210805785704e-08,1.0423661122762e-08,9.90885171455003e-09,1.55025089747529e-08,1.1711344372007e-08,1.71184373364729e-08,9.22781573215569e-09,8.65154355703958e-09,9.34544740047092e-09,1.04737598741933e-08,1.15277883808087e-08,1.30762269347653e-08,7.54353381515401e-09,8.39682831817295e-09,7.75460756199273e-09,1.0353655666222e-08,9.84324820015679e-09,1.17003592651161e-08,2.29251633781925e-08,6.21088425599802e-08,3.90110986691234e-08,3.38807929323593e-08,8.47240746767346e-08,5.22467658034641e-08,7.69685906580088e-08,4.86685390480979e-08,2.38174768794484e-08,1.07975185848813e-07,3.93839298251798e-08,8.82598778304995e-08,4.21486238600967e-08,2.13161472454561e-08,1.13924853918092e-08,3.44275282199444e-08,1.70959433370472e-08,2.75418450804005e-08,1.82681627075692e-08,9.72275482306929e-09,1.11546141966411e-08,1.49844113652729e-08,1.38734099248917e-08,1.92456593050018e-08,9.15524090628331e-09,9.12802494103124e-09,7.89822445171665e-09,1.2220790136063e-08,1.02792753003299e-08,1.15935190373326e-08,8.04221036918433e-09,6.85084285857497e-09,7.43919211241708e-09,8.49624577151971e-09,8.46092439421777e-09,1.07854642409146e-08,5.96563760567422e-09,6.18814445841791e-09,6.08227294010401e-09,7.07888535559437e-09,8.66249605686628e-09,1.01470208521266e-08,5.95830638564439e-09,5.73919669130675e-09,4.96427871074967e-09,7.91659027446477e-09,6.16001851583989e-09,8.38099069714459e-09
1.57943475297401e-08,2.92162916573357e-08,5.34269060144152e-08,2.40416473283145e-08,4.64068536753495e-08,3.76445424579825e-08,3.78110015277799e-08,6.35500741364342e-08,6.98703046217565e-08,5.81357201523849e-08,1.08391657203634e-07,9.40866683527507e-08,5.38507356133693e-08,5.67588950745126e-08,3.1069902199542e-08,8.95462125922006e-08,4.62866088340639e-08,7.53598423921182e-08,4.74133512903554e-08,2.56917936750932e-08,1.57105679678986e-08,3.86768986354249e-08,2.46846674018575e-08,3.50472607921336e-08,2.10670070913233e-08,1.30234109234789e-08,1.26541184798558e-08,2.03584228312717e-08,1.32806521578539e-08,1.97569814478415e-08,1.14406460152728e-08,1.11948442391967e-08,8.36148085048489e-09,1.16831551542951e-08,1.2315454246372e-08,1.2976319528599e-08,9.5416417962694e-09,7.58951786145172e-09,8.66968435519702e-09,1.07347257534256e-08,1.06478541821998e-08,1.32624664361913e-08,6.79887167420537e-09,7.75050551447987e-09,6.44332109207682e-09,9.54035141815236e-09,8.07619575992478e-09,9.57246730815732e-09,1.23629432386141e-08,2.24047843301497e-08,4.09479892598266e-08,1.89852801424711e-08,3.4645661759549e-08,3.01881767365588e-08,2.77882125683417e-08,4.78723806916756e-08,4.73458485675607e-08,4.35982378001151e-08,7.62716836225434e-08,6.62556728343615e-08,4.07263467233901e-08,4.06406000891792e-08,1.87143071556192e-08,6.43540036618115e-08,3.08051991168606e-08,5.20996192918565e-08,3.45387538264944e-08,1.58957303443206e-08,1.14809218129808e-08,2.63721036797664e-08,1.51224512925046e-08,2.36681955169505e-08,1.29756541849075e-08,9.16738530040593e-09,9.33946034535367e-09,1.2602724987013e-08,8.80760096119066e-09,1.15304251054937e-08,8.34793881619680e-09,8.10421643090949e-09,6.98981662239215e-09,8.13467064230487e-09,9.7222248135281e-09,9.81982086825084e-09,6.87657851088613e-09,6.4129233553517e-09,5.50311279079973e-09,8.27395708882061e-09,8.09602297756492e-09,9.72711743218397e-09,5.72454612497914e-09,4.97508635378724e-09,4.40028391157116e-09,7.26325507675605e-09,5.70727939479805e-09,7.46936271310087e-09
3.01921653807699e-08,9.4640500633386e-08,4.52278266580499e-08,4.13516609795917e-08,1.21020389477379e-07,5.91752708432061e-08,1.23206751180982e-07,5.64895273875396e-08,6.58784668498765e-08,1.54639178960758e-07,9.40866683527507e-08,2.15071655816568e-07,4.74256931639552e-08,5.23075626249544e-08,3.17736559081766e-08,7.62101302369055e-08,4.65609384273531e-08,6.78550138697219e-08,4.35824675889267e-08,2.64933993385358e-08,1.82486209553308e-08,3.87258398566013e-08,2.7159104442171e-08,3.63017146616836e-08,2.17633554928386e-08,1.49796356029585e-08,1.6674096379882e-08,2.24301165385114e-08,1.58593096458662e-08,2.19885809441094e-08,1.35186655357203e-08,1.47843397340819e-08,1.27444459123101e-08,1.41173038438869e-08,1.661810233562e-08,1.51139461428542e-08,1.28203710691763e-08,1.12370362976356e-08,1.07418777600668e-08,1.46613179293166e-08,1.46815763175559e-08,1.81591687259126e-08,9.61883393391884e-09,9.54861200501419e-09,8.91395748142339e-09,1.31817783461202e-08,1.13824478776771e-08,1.4303996939629e-08,2.1870470989778e-08,5.61610710255589e-08,3.37086126540093e-08,2.92316141320498e-08,7.68626525536343e-08,4.55727443831654e-08,6.99904902192554e-08,4.28276843732661e-08,4.29686979953698e-08,9.84717515376121e-08,6.2515861923176e-08,1.20634393944005e-07,3.63073436456978e-08,3.8103748095488e-08,1.84383308004481e-08,5.42270588788818e-08,3.033345154678e-08,4.30639065590425e-08,3.21257496991254e-08,1.5024699201914e-08,1.2097550666215e-08,2.56143443939699e-08,1.73806866654787e-08,2.61158189462371e-08,1.31369661580342e-08,9.21364184482394e-09,1.12908405735048e-08,1.44173652558382e-08,9.28456492555806e-09,1.35215166155913e-08,8.19545309953628e-09,9.5917488248932e-09,9.828521066682e-09,8.32145271745434e-09,1.16927289165761e-08,9.43808382118116e-09,8.28460681672309e-09,8.57170048571014e-09,7.12463175914073e-09,1.00168659954463e-08,1.01451153769838e-08,1.289410434999e-08,8.13335278240848e-09,6.63394364161823e-09,5.64318920837529e-09,9.32710636278049e-09,7.92765341690032e-09,1.02045999523213e-08
1.31322989954404e-08,2.85078788098708e-08,5.87601502165162e-08,2.3201848179656e-08,4.9025526322475e-08,4.04708116516841e-08,3.49859300351497e-08,6.74835457063897e-08,2.83693689491108e-08,5.81498431033089e-08,5.38507356133693e-08,4.74256931639552e-08,7.7164925747735e-08,3.16026584679272e-08,1.91697404990044e-08,6.12333487619343e-08,3.02373314558343e-08,5.82050883543924e-08,2.6398236269429e-08,1.59594343779524e-08,1.57374272093504e-08,2.52235896173949e-08,1.72523377939317e-08,2.46104965891332e-08,1.30535975198246e-08,1.33062821328705e-08,7.74236653103607e-09,1.43313362278733e-08,1.39442656873712e-08,1.46041129527596e-08,1.19941321324812e-08,6.90735652319758e-09,6.41122258580377e-09,1.26239313372132e-08,8.01640398208300e-09,1.38724484357158e-08,6.01827451210363e-09,5.61737874254408e-09,7.09710945288561e-09,6.89664417112023e-09,7.93229190924949e-09,8.4567885031668e-09,5.09401058542845e-09,6.29795170300723e-09,5.267775461251e-09,7.05374867086799e-09,6.33336964093223e-09,7.12088770138722e-09,9.51745463663359e-09,2.30081278741675e-08,4.20914244154695e-08,1.90722723424874e-08,3.49759428213823e-08,3.04270909096305e-08,2.79476472074574e-08,4.95111038872472e-08,2.01857395431757e-08,4.32747155568905e-08,4.03324919042594e-08,3.53621223395669e-08,5.6670129570879e-08,2.20296142484154e-08,1.24850441865122e-08,4.68014230811505e-08,1.79100724284958e-08,3.83471122786382e-08,1.91082515997247e-08,1.0915624975197e-08,1.10524340476372e-08,1.58414542621535e-08,1.25389608444787e-08,1.63905196542143e-08,8.97620000505714e-09,9.35150115822419e-09,6.45672720516643e-09,1.10104683686073e-08,9.71340522452566e-09,1.09249993376204e-08,8.41938681655443e-09,5.83425417548e-09,5.12549876367471e-09,8.6395286439684e-09,6.77868132868139e-09,1.06655655401938e-08,4.96942162964688e-09,4.52255051916252e-09,4.63913764692845e-09,5.72398358169633e-09,6.47559260419932e-09,6.85652494118012e-09,3.99480759334568e-09,4.14900959061231e-09,3.62891344632316e-09,5.73531205069438e-09,4.29748671424793e-09,5.82505794863083e-09
1.35851060641754e-08,1.55361511379193e-08,2.45869691526326e-08,1.4405595622948e-08,2.51621568712183e-08,2.16408725630045e-08,1.91229790149063e-08,2.83601429919816e-08,7.15883246071752e-08,2.98162671410333e-08,5.67588950745126e-08,5.23075626249544e-08,3.16026584679272e-08,7.90506342254336e-08,3.91414619118196e-08,6.32994780994077e-08,6.53655838300935e-08,5.19771780469582e-08,6.57965650017723e-08,3.21355753770513e-08,1.69258216572434e-08,5.3944009995209e-08,2.9698504052634e-08,4.81652054428795e-08,2.62141422736304e-08,1.37309474740946e-08,1.19446921428463e-08,2.42388233826782e-08,1.30527643017863e-08,2.280844763582e-08,1.18612581971115e-08,1.05164054580353e-08,7.83477731630658e-09,1.13417903443553e-08,1.17329168100568e-08,1.31158821488761e-08,8.99260433874141e-09,7.09014404076296e-09,7.37215110313241e-09,1.03248601050864e-08,9.05035761031725e-09,1.19958028701953e-08,5.92253024450528e-09,6.31644759602959e-09,5.69836340902144e-09,7.71444121143553e-09,6.99146277057816e-09,8.34759792203955e-09,9.47423591814381e-09,1.25354670708987e-08,2.00006053271022e-08,1.11138103206655e-08,1.99570153735867e-08,1.75184351464471e-08,1.5547045458323e-08,2.2024801576289e-08,5.1569745706958e-08,2.38101732685158e-08,4.13833521148739e-08,4.01772968650567e-08,2.46294485047659e-08,5.67767218701586e-08,2.48849069553892e-08,4.71555223069387e-08,4.34238232368608e-08,3.55684068034326e-08,4.77709700195622e-08,2.10363426418114e-08,1.17326574188587e-08,3.65209722501018e-08,1.92592801072037e-08,3.35207711869764e-08,1.69633616895743e-08,9.28579773967688e-09,7.96871704065774e-09,1.52886777817809e-08,8.87071293138375e-09,1.47319625819061e-08,8.05279030324328e-09,7.17182036348479e-09,5.15142229668625e-09,8.23980487593497e-09,8.58616210838409e-09,9.41868117106549e-09,6.0342968098394e-09,4.66817306979757e-09,4.75101867978419e-09,7.34274286999377e-09,6.41095901461505e-09,8.80252402464853e-09,3.90840064254154e-09,4.00716954072427e-09,4.08290604856868e-09,5.36541486703721e-09,4.71957180273429e-09,6.18206071895312e-09
1.15572877418079e-08,1.99748592089756e-08,1.56544167222686e-08,1.90343200098813e-08,1.90317100920624e-08,1.62077543360756e-08,2.17336122571038e-08,1.6762135170774e-08,3.57676078747456e-08,2.05101774908122e-08,3.1069902199542e-08,3.17736559081766e-08,1.91697404990044e-08,3.91414619118196e-08,9.60550460938975e-08,3.4481735663699e-08,7.3116571719869e-08,6.54294555512868e-08,3.21495809901224e-08,7.72553771989095e-08,3.32335504362571e-08,5.90344310463967e-08,6.11253540328587e-08,4.5676334796167e-08,6.40999251043326e-08,2.72484613515258e-08,1.27746854272556e-08,5.03045290489887e-08,2.49100742360826e-08,4.59631848823198e-08,2.31093691719137e-08,1.09062879541454e-08,1.35565151672255e-08,2.11579845767342e-08,1.273382417948e-08,2.2389988683273e-08,9.50780279514025e-09,1.18748130879367e-08,7.93370743160733e-09,1.1075769616106e-08,1.34941331459069e-08,1.25407254735168e-08,9.78787916425308e-09,6.5734701104076e-09,6.4024929970918e-09,1.12566854639614e-08,7.90797236482165e-09,1.26829371699078e-08,8.82982192450699e-09,1.32774471907098e-08,1.29774469349066e-08,1.30986142693229e-08,1.5251621510962e-08,1.29742729241648e-08,1.42116901163388e-08,1.34011386358884e-08,2.69081698593601e-08,1.69915055444825e-08,2.32215546954686e-08,2.52574111893552e-08,1.51969658121091e-08,2.89718988057725e-08,6.19598766455266e-08,2.63742904376425e-08,5.10988555333948e-08,4.54886111495144e-08,2.3885609082746e-08,5.00639169015285e-08,2.15532746417915e-08,4.20604322919904e-08,3.84096702356103e-08,3.11623437945065e-08,4.2100776556407e-08,1.77677243632071e-08,7.93209122502694e-09,3.10782931700922e-08,1.6002596291697e-08,2.84062783143942e-08,1.51388478349315e-08,6.77392796674424e-09,9.28776193246423e-09,1.41868196527225e-08,9.0565090750158e-09,1.54012133591363e-08,5.67159180463362e-09,8.28290459727548e-09,4.69934086621372e-09,7.66872560964327e-09,9.44547136441469e-09,8.98592522399019e-09,6.78999833001829e-09,3.9306407143433e-09,4.67902185389798e-09,7.7945150497767e-09,5.48126341854754e-09,9.21816565924759e-09
1.38591307964307e-08,2.53308044978803e-08,4.62363446720155e-08,2.10039795234546e-08,3.9999823009308e-08,3.24829998747444e-08,3.21770345939357e-08,5.38460231745643e-08,5.67667393262153e-08,4.85739480474425e-08,8.95462125922006e-08,7.62101302369055e-08,6.12333487619343e-08,6.32994780994077e-08,3.4481735663699e-08,1.02541543927242e-07,5.18807537078277e-08,8.64949697978614e-08,5.23277219986716e-08,2.83003728997804e-08,1.72127877093382e-08,4.25689679073977e-08,2.73425693526873e-08,3.88572806562752e-08,2.30133158321782e-08,1.41329492550671e-08,1.36405784623989e-08,2.24301096593527e-08,1.42350416484617e-08,2.1573718753834e-08,1.23963695226434e-08,1.20721789964082e-08,9.04793824002399e-09,1.25294098212673e-08,1.36259176200389e-08,1.40086762453167e-08,1.02665811355665e-08,8.04068207279346e-09,8.90339803768764e-09,1.17249371912125e-08,1.11199702186216e-08,1.42043515224096e-08,7.07737057335635e-09,7.80586442151421e-09,6.67278165592038e-09,9.83124489145962e-09,8.22853809211499e-09,1.0021115192271e-08,1.0837613880351e-08,1.97540479682008e-08,3.5228048834651e-08,1.70795263220906e-08,2.9929663464734e-08,2.59344754647691e-08,2.45417836003812e-08,4.07249942373049e-08,4.06321000573651e-08,3.69052986661372e-08,6.43481593030858e-08,5.57180235213076e-08,4.70796993990713e-08,4.52307252553404e-08,2.05045750123284e-08,7.58265851997353e-08,3.32673544656779e-08,5.96488188354785e-08,3.86273623796006e-08,1.75421442979435e-08,1.21990005568881e-08,2.83424586976995e-08,1.68670894668409e-08,2.61683111474204e-08,1.41286882545733e-08,9.83668492763075e-09,9.94886753830384e-09,1.37903730206329e-08,9.83732912893673e-09,1.35965446630901e-08,8.80332691213616e-09,8.69446912272631e-09,7.2100555438495e-09,9.06887127476794e-09,1.09126988129472e-08,1.04586889278863e-08,7.39336472452229e-09,6.48651768337549e-09,5.90899950118039e-09,9.27255869148404e-09,8.26885698431599e-09,1.03555632037873e-08,5.70781659625827e-09,5.19881324029679e-09,4.54058712644169e-09,7.28415113640794e-09,5.77125688277708e-09,7.57789770550241e-09
1.56757967436815e-08,1.7102941630113e-08,2.32062753538506e-08,1.58291945879254e-08,2.53891250512616e-08,2.12403476986494e-08,2.06576614829211e-08,2.64036069623411e-08,5.89699388809608e-08,3.00920991019936e-08,4.62866088340639e-08,4.65609384273531e-08,3.02373314558343e-08,6.53655838300935e-08,7.3116571719869e-08,5.18807537078277e-08,1.09861613188457e-07,8.92946953176872e-08,5.39536085819326e-08,5.90240075455222e-08,2.96379650068376e-08,8.905523942323e-08,4.56256426498064e-08,6.99198659344376e-08,4.88366909558248e-08,2.44664082316476e-08,1.32934771124032e-08,3.76028871344381e-08,2.23221578277152e-08,3.42446360692356e-08,2.05311005379466e-08,1.10834472931209e-08,1.47011497416448e-08,1.88249913819248e-08,1.25750413332393e-08,2.04539979585455e-08,9.5973745882036e-09,1.27508207495282e-08,8.92936703328701e-09,1.08851692983867e-08,1.47423612681885e-08,1.26258504592343e-08,1.08607151469854e-08,7.3891809658118e-09,6.28811555490886e-09,1.26035960806186e-08,8.28476402418884e-09,1.34038942510971e-08,1.07528130785221e-08,1.28498747791511e-08,1.89711062052817e-08,1.21326011426615e-08,2.07909038531768e-08,1.71782976324638e-08,1.54203203813845e-08,2.00563888581816e-08,4.34179595621213e-08,2.4743699840387e-08,3.36408737047064e-08,3.66488003529345e-08,2.27562381271085e-08,4.82430811172616e-08,4.90443851549245e-08,3.89103902722432e-08,7.56134178627988e-08,6.12974786374818e-08,4.00151829122027e-08,3.99699123496402e-08,1.87825836967764e-08,6.26884155398496e-08,3.02670230617382e-08,4.87965771506638e-08,3.38095971598443e-08,1.53484490375992e-08,8.05824686513299e-09,2.46524821709518e-08,1.3844340919928e-08,2.18231247734729e-08,1.27199470662569e-08,6.71775759260447e-09,9.72569638706668e-09,1.24298724118034e-08,8.19272501037142e-09,1.37390006764731e-08,5.38582572361287e-09,8.40541450587581e-09,5.22968683149152e-09,6.8065425443332e-09,9.85719755642702e-09,9.05107049530935e-09,7.21530112650266e-09,4.45950934837866e-09,4.18707920283884e-09,8.37918648778021e-09,5.40760881897642e-09,9.30831369376174e-09
1.55094276401765e-08,2.63872837578116e-08,4.33979777356133e-08,2.23278091157595e-08,3.89064790552684e-08,3.14659002314723e-08,3.32877752845808e-08,5.03545143458366e-08,4.6383650868313e-08,4.76514946351623e-08,7.53598423921182e-08,6.78550138697219e-08,5.82050883543924e-08,5.19771780469582e-08,6.54294555512868e-08,8.64949697978614e-08,8.92946953176872e-08,1.33716469691442e-07,4.24408741559095e-08,5.23685571158226e-08,2.73993114716461e-08,7.18186584703002e-08,4.04216821974545e-08,5.60844502160012e-08,4.31045686200049e-08,2.23954794425332e-08,1.35049604086823e-08,3.31872004981996e-08,2.14435274978906e-08,3.07822623709417e-08,1.9165020515814e-08,1.1474154731516e-08,1.53727682450301e-08,1.83720032790488e-08,1.31865354077957e-08,1.95729419958284e-08,9.93453920906176e-09,1.33299386055456e-08,9.88787266219932e-09,1.13228469356951e-08,1.63522152865812e-08,1.43214389361861e-08,1.17624852365624e-08,8.46418076373792e-09,6.99279989860152e-09,1.43057485504853e-08,8.99286051213499e-09,1.47330560982909e-08,1.12622222780373e-08,2.01404488972971e-08,3.33872544115549e-08,1.78525473675382e-08,2.9595002152918e-08,2.47129584445885e-08,2.38785733010559e-08,3.75395956841301e-08,3.33255829220446e-08,3.60436083821275e-08,5.36233402457186e-08,4.90646088943443e-08,4.40382107054997e-08,3.77606761736515e-08,4.22803153502247e-08,6.34187503605214e-08,6.15146056853281e-08,9.14359237175114e-08,3.18097612369357e-08,3.4425120571476e-08,1.75847392170993e-08,5.1498654933949e-08,2.53635963921612e-08,3.82771122513875e-08,2.87477214259834e-08,1.4303766696226e-08,8.7840403625526e-09,2.10321458326847e-08,1.3372147642587e-08,1.94014875152723e-08,1.21175047659488e-08,7.49364069875557e-09,1.10211468612056e-08,1.20052403488929e-08,9.2437267153316e-09,1.2920846700851e-08,6.16138444724621e-09,9.53306855854104e-09,6.44105238923134e-09,7.83963748126834e-09,1.17922060363237e-08,1.02140379535914e-08,8.35360112829971e-09,5.70145378661672e-09,4.53176759749565e-09,1.02996432279431e-08,6.27285571830326e-09,1.03889995821259e-08
1.16275122553065e-08,1.30851729434646e-08,2.09941955354609e-08,1.21238135599578e-08,2.12744184028805e-08,1.81773850293957e-08,1.61930910425148e-08,2.39670380770482e-08,5.99008456742522e-08,2.53204897190403e-08,4.74133512903554e-08,4.35824675889267e-08,2.6398236269429e-08,6.57965650017723e-08,3.21495809901224e-08,5.23277219986716e-08,5.39536085819326e-08,4.24408741559095e-08,7.81342727602617e-08,3.72489817708111e-08,1.90700071110269e-08,6.45728245245255e-08,3.32456115096171e-08,5.71485209860909e-08,2.99581652776341e-08,1.53564388575019e-08,1.36528448693216e-08,2.68285210555882e-08,1.47826652905842e-08,2.50241388570261e-08,1.30546323190084e-08,1.20854817825555e-08,9.08430398341037e-09,1.26649139304925e-08,1.34692147566301e-08,1.4693920808734e-08,1.01072772908487e-08,7.99514081655322e-09,7.87853463293367e-09,1.16528609788456e-08,9.90928633919268e-09,1.33501524215398e-08,6.56324288004566e-09,6.60426802845412e-09,6.0965570612544e-09,8.29638999870418e-09,7.44778564775114e-09,8.92521019059795e-09,7.67615661574506e-09,1.10757248206425e-08,1.67620491846096e-08,9.63556304056461e-09,1.68608072298004e-08,1.48893230302477e-08,1.35489760926777e-08,1.79703246288799e-08,4.3189587556037e-08,1.98162069701528e-08,3.40588624009304e-08,3.38297795789306e-08,2.01975116414494e-08,4.77676918739631e-08,2.1043622557731e-08,3.88660601956579e-08,3.6519718041129e-08,2.92316801110547e-08,5.63955022071621e-08,2.58306282187902e-08,1.31959473767438e-08,4.39813647711123e-08,2.30790039003066e-08,4.05030264704622e-08,2.05969955394972e-08,1.03711249048995e-08,9.00436843905264e-09,1.81403300787987e-08,9.54669855275781e-09,1.62546418300575e-08,9.06983746546462e-09,8.02079058674149e-09,6.38671659502708e-09,8.87975778786762e-09,9.33074040451944e-09,9.96318867876554e-09,6.61619301412452e-09,5.59035289869219e-09,5.00989885400676e-09,7.95328324527978e-09,7.26092659566466e-09,9.50418924815335e-09,4.57569617644259e-09,4.19775133576642e-09,4.3453216623099e-09,5.86264333948519e-09,4.86634216324122e-09,6.62970963629432e-09
