8.79365519262879e-08,4.10170589391969e-08,1.83722032418292e-08,6.84881119065441e-08,3.86212099429134e-08,6.15571230475161e-08,3.63049902743581e-08,1.60535501594931e-08,1.71951643952904e-08,3.35816586637549e-08,1.71412030897897e-08,3.2790451956007e-08,1.43186771649008e-08,1.55015030968004e-08,1.14029259366575e-08,1.51716760810644e-08,1.73227456359653e-08,1.5807868403564e-08,1.3665014463964e-08,1.00761227511475e-08,7.9194514224197e-09,1.5248864746387e-08,1.04088259858372e-08,1.57003871688809e-08,9.03921619890127e-09,7.2088978506721e-09,6.01665827847071e-09,9.37647770253692e-09,8.16529844916492e-09,1.02469147522852e-08,6.58157156441941e-09,5.42013292758536e-09,5.41358326123574e-09,7.41034077238404e-09,6.58413007249945e-09,8.39378107088473e-09,4.75923679955617e-09,4.57704034590149e-09,3.95034918731923e-09,5.93730412546521e-09,5.21716846219212e-09,6.37555580021433e-09,4.28483805590302e-09,3.3559443594724e-09,3.55303135508655e-09,4.76937321316243e-09,4.29274235888503e-09,6.01745219989819e-09,7.59432755941994e-08,3.26616044352927e-08,1.68665959976162e-08,5.90617981872653e-08,2.83937211208817e-08,5.12476828095127e-08,2.91616434004895e-08,1.42160043229987e-08,1.5372303517744e-08,2.44608248707906e-08,1.4139528083922e-08,2.40052810200642e-08,1.25292161709486e-08,1.39946658355953e-08,1.09083725567502e-08,1.23476325560306e-08,1.58394875484441e-08,1.33424598064807e-08,1.2259593228477e-08,9.29155626778872e-09,6.63641393625081e-09,1.3755605711496e-08,9.11935256966018e-09,1.3568095146534e-08,8.20611166208997e-09,5.98073334612912e-09,5.36443507908999e-09,8.15446091466041e-09,7.44139460674696e-09,8.97902989222605e-09,5.33663849143609e-09,4.77822773288664e-09,5.03987318657278e-09,6.58620293037035e-09,6.01341057806906e-09,7.74927875753038e-09,4.33152443120969e-09,4.32555028202349e-09,3.26919601307266e-09,5.48622568277082e-09,4.61772090676107e-09,5.61090358041653e-09,4.01075294649624e-09,2.85088533372108e-09,3.0291742141426e-09,4.32413806043212e-09,3.91093254663817e-09,5.62820903843227e-09
4.10170589391969e-08,1.71989791314505e-07,4.23848479410426e-08,7.45756879425831e-08,1.497238295401e-07,5.96185851156257e-08,1.52608135544967e-07,3.71127644558339e-08,2.0068985435966e-08,1.32191742171367e-07,3.39931976305197e-08,1.20088807846502e-07,3.10217737063034e-08,1.64880804390804e-08,2.10403600970614e-08,2.7773708211355e-08,1.86709991397562e-08,2.74569497494373e-08,1.4325414246367e-08,1.76428770983074e-08,1.25421699810781e-08,1.59940146314311e-08,1.98477487505183e-08,1.67210996546498e-08,1.55866142032277e-08,1.13252132394796e-08,9.55367184245998e-09,1.77488480122445e-08,1.32709595749739e-08,2.03073777018478e-08,1.03580623417108e-08,8.74252547497525e-09,8.70967528941565e-09,1.20777686459503e-08,1.0779340169255e-08,1.38905166151732e-08,7.69620989950016e-09,7.60142072611572e-09,6.9929175887792e-09,9.37093554769238e-09,9.26695617071953e-09,1.04980602197837e-08,6.83821384532568e-09,6.20810880612961e-09,5.99547497240007e-09,8.5584657199754e-09,7.62437595854626e-09,9.79227600658346e-09,3.61255466838726e-08,1.12772693098077e-07,3.83548355920069e-08,6.33192856452616e-08,9.14864590301647e-08,5.00015212312171e-08,1.00590229302978e-07,3.29447497966806e-08,1.62843036854832e-08,8.02414651092504e-08,2.74008976143921e-08,6.89636539789537e-08,2.76317836377312e-08,1.28436048711415e-08,1.82121416745122e-08,2.20772234354455e-08,1.53324662218225e-08,2.13766275667915e-08,1.12535719786991e-08,1.5532284494404e-08,1.00684696736843e-08,1.29796502599465e-08,1.78389395279906e-08,1.41063885540827e-08,1.32713653169758e-08,9.00091250430565e-09,7.61265225260993e-09,1.57289389327004e-08,1.07956413135685e-08,1.80695915675054e-08,8.05407012980036e-09,6.92992236864084e-09,7.65217348132693e-09,9.72579173823094e-09,9.41716913347115e-09,1.17154858935948e-08,6.02845449240582e-09,6.52066167550151e-09,5.8243753558706e-09,8.10538998722169e-09,7.74760445191811e-09,8.85728172114588e-09,5.94545310917639e-09,5.25326165806937e-09,5.44965965839763e-09,7.27388007756927e-09,7.21494652764777e-09,8.70329749357152e-09
1.83722032418292e-08,4.23848479410426e-08,9.24799820734994e-08,3.3715637602695e-08,7.64772651714997e-08,6.20476791882314e-08,3.71321491086795e-08,7.90559862071334e-08,3.35473746107662e-08,6.54399162384769e-08,6.22011332428626e-08,5.2570080643639e-08,6.85044886702654e-08,2.87168204329437e-08,1.65177204690835e-08,5.30080565076085e-08,2.79676838248083e-08,4.82608393695769e-08,2.5238025170631e-08,1.45157260869936e-08,1.50430026564155e-08,2.44752451703331e-08,1.46987751313407e-08,2.32443362694336e-08,1.27524246082177e-08,1.35293016623699e-08,7.61200550539739e-09,1.30924935814381e-08,1.40473238795693e-08,1.25732091302416e-08,1.2382214917123e-08,6.89257863823757e-09,6.67443648135568e-09,1.27023969681199e-08,8.39479465185935e-09,1.40190317670059e-08,5.98868690435049e-09,5.71337577217737e-09,5.67229972746342e-09,7.20236874122039e-09,6.90025363076271e-09,8.62730056691648e-09,5.5388253171301e-09,5.38921432901839e-09,4.49257030187436e-09,6.84442032218895e-09,5.69759268148731e-09,7.0213018691347e-09,1.41093294758115e-08,3.34523174304556e-08,7.55034617247012e-08,2.80435062595546e-08,5.96626770080377e-08,4.98079627583593e-08,3.03518310276148e-08,6.46915602680064e-08,2.64470759903403e-08,5.11640518558559e-08,5.05785322029264e-08,3.98388440648848e-08,5.6449374297527e-08,2.25020176753037e-08,1.43366592860174e-08,4.34844656745854e-08,2.27041804320222e-08,3.92203969707761e-08,1.94823511102183e-08,1.246214743037e-08,1.21718852351324e-08,1.98354944545143e-08,1.2850626932183e-08,1.81076821611099e-08,1.11069147824181e-08,1.09385312548842e-08,6.22758742752776e-09,1.13910508660214e-08,1.07252066500685e-08,1.05477672493251e-08,9.82356246796052e-09,5.55505522307105e-09,6.02606744707208e-09,9.57802103125279e-09,6.74608752688705e-09,1.12758384837016e-08,4.83594023233e-09,5.29386353855005e-09,5.03579261173727e-09,5.6876656764696e-09,6.13127155850506e-09,7.17102395981353e-09,4.95986268755954e-09,4.73885521175679e-09,3.69792077261189e-09,6.00737107531560e-09,4.9505463585161e-09,6.19460695662612e-09
6.84881119065441e-08,7.45756879425831e-08,3.3715637602695e-08,1.11632684285483e-07,5.94962579034551e-08,8.72660610566889e-08,6.63303821824016e-08,2.93958872114897e-08,1.74285992428493e-08,5.25085102666402e-08,2.68938028584214e-08,4.71388685503046e-08,2.54741795930026e-08,1.51239371731377e-08,2.05659795101867e-08,2.30805930479141e-08,1.73056307798828e-08,2.36380376555152e-08,1.32609664665608e-08,1.76863699652359e-08,1.01235337982582e-08,1.50944988163727e-08,1.92601607605828e-08,1.52052970954922e-08,1.58220069233209e-08,9.16587608207351e-09,7.37844285963888e-09,1.72302327460369e-08,1.03648955479016e-08,1.84985217169169e-08,8.43831940086018e-09,6.8221451671633e-09,7.2926028707325e-09,9.51423233932125e-09,8.51072107561262e-09,1.10365866674787e-08,6.02713770538396e-09,6.25867178686251e-09,5.82405725291671e-09,7.57238603072584e-09,7.00531080441121e-09,8.37021064930857e-09,5.75352684842555e-09,5.36413168548014e-09,5.07746872622984e-09,6.55142623732809e-09,6.32030739087228e-09,7.67337196070169e-09,5.90092382731462e-08,5.96208315148655e-08,2.98191662834965e-08,9.4609076710381e-08,4.52914689977956e-08,7.24872879712997e-08,5.35049657136783e-08,2.50548871836472e-08,1.38196067083967e-08,3.93592431104847e-08,2.16680452508508e-08,3.45803920743302e-08,2.18726971954536e-08,1.20682657064318e-08,1.76990128017682e-08,1.87152294769019e-08,1.52269775435004e-08,1.9473577621405e-08,1.07620549100129e-08,1.54945669390329e-08,8.1675191276915e-09,1.29879965925707e-08,1.72576906010016e-08,1.31723429358529e-08,1.35997804978714e-08,7.4381450814573e-09,6.19289685316796e-09,1.54604859445649e-08,8.74580224191594e-09,1.5956983403322e-08,6.7484537436828e-09,5.65718177796546e-09,6.47006842656086e-09,7.8570992393543e-09,7.72381826337572e-09,9.44833953163609e-09,5.03481264056993e-09,5.55663682960572e-09,5.20935346391099e-09,6.89724326284543e-09,6.38099643994596e-09,7.41198963188304e-09,5.03298209139023e-09,4.86439614614916e-09,4.31328558054334e-09,6.06857547684828e-09,5.92538978673936e-09,7.28168246086127e-09
3.86212099429134e-08,1.497238295401e-07,7.64772651714997e-08,5.94962579034551e-08,2.11860445241227e-07,9.61741887303857e-08,1.32208093528869e-07,6.54234298950929e-08,3.27742055290648e-08,1.83557043558563e-07,5.27240620307856e-08,1.55263599636201e-07,5.53473162080478e-08,2.78726901203549e-08,2.01750720084624e-08,4.40582931600932e-08,2.75328362025835e-08,4.05677245831842e-08,2.44589915761097e-08,1.74326431953329e-08,1.90782423785386e-08,2.38401530282102e-08,1.8633363456548e-08,2.3497271324636e-08,1.50912159692915e-08,1.71609735732608e-08,1.21986352257382e-08,1.65677117433226e-08,1.94569686525789e-08,1.77734237745579e-08,1.56440505081149e-08,1.11351608008241e-08,1.15824587416416e-08,1.76359007154416e-08,1.43245203303757e-08,2.08920067604698e-08,1.00897950163842e-08,1.00386406862134e-08,8.88935337189317e-09,1.24034283642009e-08,1.192434233576e-08,1.36790066559399e-08,9.28285272816641e-09,8.10635704303545e-09,7.08420883675955e-09,1.12169475600786e-08,9.32088050349919e-09,1.2018241201957e-08,3.35593919490088e-08,9.62558056083134e-08,6.33712290504785e-08,5.06697645332171e-08,1.34488822639833e-07,7.84444454508607e-08,8.59200785253633e-08,5.50590093222461e-08,2.52081869955812e-08,1.16831655808713e-07,4.20250563806669e-08,9.4605110723116e-08,4.61941614339928e-08,2.1014322275046e-08,1.7170155148165e-08,3.4881980696602e-08,2.18606895872311e-08,3.20272406007694e-08,1.83557706506732e-08,1.43741814584266e-08,1.47265238856884e-08,1.88376098318402e-08,1.59244287579085e-08,1.86143769082199e-08,1.25192244550501e-08,1.31127285007736e-08,9.57146194789171e-09,1.40309041539761e-08,1.48836281979236e-08,1.41301862663783e-08,1.15916435717061e-08,8.57743406412566e-09,9.75237974289742e-09,1.33506907362208e-08,1.18192682862684e-08,1.59614292402566e-08,7.62764007581785e-09,8.34215529152076e-09,7.67882202408395e-09,1.00438787750651e-08,9.79365734732753e-09,1.12074389280118e-08,7.98965662106136e-09,7.1486569990343e-09,6.16171587551765e-09,9.41835255918152e-09,8.93401460271231e-09,1.05365687374281e-08
6.15571230475161e-08,5.96185851156257e-08,6.20476791882314e-08,8.72660610566889e-08,9.61741887303857e-08,1.3253630678705e-07,5.24800071211168e-08,5.27093797685949e-08,2.72443254696901e-08,8.30591140665787e-08,4.1620922351604e-08,6.68350290188146e-08,4.50181542139652e-08,2.29167736656668e-08,1.59289681415555e-08,3.5063288704038e-08,2.38559143595492e-08,3.35395015096896e-08,2.02194875418517e-08,1.39834822418392e-08,1.63590753808879e-08,2.09817140328499e-08,1.50236157741744e-08,2.06134298259085e-08,1.21601299191704e-08,1.47089619962119e-08,8.63312313094465e-09,1.32765217560235e-08,1.54024567934159e-08,1.35065233226291e-08,1.35226374166024e-08,7.94023969806804e-09,8.06218867196331e-09,1.40678603586907e-08,9.78878295314047e-09,1.64012355059209e-08,7.11264499705537e-09,6.91244540769099e-09,6.48782266464696e-09,8.73479508538098e-09,8.06676639987043e-09,9.91429825069209e-09,6.63299431408378e-09,6.29211598995769e-09,5.1516124965574e-09,7.97442168782581e-09,7.05151617394356e-09,8.7646587678587e-09,5.28766422507398e-08,4.6339270440503e-08,5.00612699081234e-08,7.41785892861379e-08,7.33627344115037e-08,1.07668885226911e-07,4.16144812345911e-08,4.29794795513476e-08,2.07571866546747e-08,6.3615727049053e-08,3.31301330118809e-08,5.01833700596795e-08,3.65886435478336e-08,1.73333879772553e-08,1.39766172289313e-08,2.77923552582317e-08,1.94043285014537e-08,2.68196752828641e-08,1.5104576028991e-08,1.1795641208971e-08,1.3045021650004e-08,1.68347314689327e-08,1.36874828134708e-08,1.70764415556507e-08,1.03409375958717e-08,1.1711021416398e-08,7.02800476507962e-09,1.21683739706042e-08,1.19651510837086e-08,1.15986426572903e-08,1.05124517447017e-08,6.40569826070693e-09,7.39624482340163e-09,1.0759944695202e-08,8.39730759412595e-09,1.27283691064478e-08,5.75962430734337e-09,6.15440097401424e-09,5.80760411365636e-09,7.45980928166398e-09,7.3330369889583e-09,8.47514518616034e-09,5.92383508698766e-09,5.78943755189081e-09,4.44302190352415e-09,7.42375202171381e-09,6.80001049498102e-09,8.45413431020392e-09
3.63049902743581e-08,1.52608135544967e-07,3.71321491086795e-08,6.63303821824016e-08,1.32208093528869e-07,5.24800071211168e-08,1.92027280367215e-07,4.45359679324173e-08,2.34601762222455e-08,1.69947102210697e-07,4.01402040224435e-08,1.53733250881844e-07,3.77320873329637e-08,1.95934610386649e-08,2.42155948643038e-08,3.34898099660999e-08,2.20207651126453e-08,3.27296958333592e-08,1.72571210494161e-08,2.05360058725525e-08,1.37682675541118e-08,1.90987456627464e-08,2.2442495972682e-08,1.94110486100859e-08,1.82964784761051e-08,1.24124284635738e-08,1.09443583426808e-08,2.01805754320114e-08,1.47696472919773e-08,2.32831347428587e-08,1.13683784171526e-08,9.82754238637747e-09,9.41666054944587e-09,1.34334871345589e-08,1.18501711651011e-08,1.54014342462201e-08,8.57849828194081e-09,7.98113887936894e-09,7.51423343788193e-09,1.02266910151234e-08,1.00980398951206e-08,1.16932138334982e-08,6.8960040523507e-09,6.54795466651573e-09,6.74669777944719e-09,8.87447417075568e-09,8.43405243778821e-09,1.05954170630537e-08,3.26795940976656e-08,1.00588359028542e-07,3.29494688979864e-08,5.73546550481682e-08,8.02391635023669e-08,4.40804709724365e-08,1.33298490104626e-07,3.99862284171259e-08,1.94577879882161e-08,1.10706087730056e-07,3.30945769714363e-08,9.56344892881835e-08,3.40679559982709e-08,1.60694541024427e-08,2.05921377127338e-08,2.75216685241674e-08,1.94172260825449e-08,2.72393145758809e-08,1.4194181434404e-08,1.75116583629603e-08,1.10766802169748e-08,1.66424520615749e-08,2.0222271809447e-08,1.70684712891102e-08,1.51364330947616e-08,9.90693127262649e-09,8.57469126421116e-09,1.79301344494402e-08,1.20159882948003e-08,2.03470036745768e-08,8.91650704944745e-09,7.62016579640814e-09,8.10036664651096e-09,1.07970802055013e-08,1.02640595915679e-08,1.30543054543714e-08,6.57753550537386e-09,6.6811609419927e-09,6.39365592533576e-09,8.82033950488587e-09,8.68155683392679e-09,9.9526135704766e-09,5.88772384662923e-09,5.58686010450046e-09,6.11442685083924e-09,7.84532123541905e-09,8.00569360678341e-09,9.66804669064261e-09
1.60535501594931e-08,3.71127644558339e-08,7.90559862071334e-08,2.93958872114897e-08,6.54234298950929e-08,5.27093797685949e-08,4.45359679324173e-08,9.07552079260878e-08,3.84524893524178e-08,7.86384743691042e-08,7.11758666692892e-08,6.34127223893524e-08,7.88351067200443e-08,3.29214351596479e-08,1.84001163257386e-08,6.0889350720546e-08,3.13766130982832e-08,5.52565363085339e-08,2.89371398756022e-08,1.60863635950535e-08,1.61931905125466e-08,2.74598389588062e-08,1.60848902802778e-08,2.60696972082345e-08,1.40765861854847e-08,1.45576298369674e-08,8.91484702996654e-09,1.4265755012791e-08,1.55636398300696e-08,1.42804697784495e-08,1.33485510965954e-08,7.89797593367931e-09,7.29148176086384e-09,1.40900878401681e-08,9.38134467204988e-09,1.57491754524544e-08,6.70407601731133e-09,6.23946596830738e-09,6.57037866016961e-09,7.89279958322329e-09,7.88956296612848e-09,9.57252188799464e-09,5.34139397701686e-09,5.58279463878437e-09,5.13106828052025e-09,6.85578775582009e-09,5.99325588463368e-09,7.2542640307434e-09,1.24751360857863e-08,3.03371529339523e-08,6.46874504260315e-08,2.57088632743424e-08,5.11463432429792e-08,4.29624153571115e-08,3.57726267757319e-08,7.45558756283057e-08,3.03892062707621e-08,6.11387876215455e-08,5.8375035193749e-08,4.81471085863295e-08,6.51060881160783e-08,2.59853923645208e-08,1.60856361095588e-08,5.03805812257156e-08,2.5907796634298e-08,4.5411294033305e-08,2.25611194522841e-08,1.38854323064967e-08,1.29412473380875e-08,2.25890977274917e-08,1.43579028552832e-08,2.08771966004702e-08,1.21537307243883e-08,1.15529713261496e-08,7.4305364624931e-09,1.25659967738173e-08,1.20148663749917e-08,1.21459502280474e-08,1.04389822115653e-08,6.47129041473103e-09,6.35954816428004e-09,1.07902955927974e-08,7.68574130783033e-09,1.27290146652108e-08,5.4475858883958e-09,5.58181935227774e-09,5.71720340842829e-09,6.38491514162728e-09,7.02383511904581e-09,7.81533283364762e-09,4.72155592690709e-09,4.83247650140564e-09,4.26235839616094e-09,6.17712241173473e-09,5.2793623624206e-09,6.45099249207541e-09
1.71951643952904e-08,2.0068985435966e-08,3.35473746107662e-08,1.74285992428493e-08,3.27742055290648e-08,2.72443254696901e-08,2.34601762222455e-08,3.84524893524178e-08,9.58930738834793e-08,3.92659419358294e-08,7.44170715763163e-08,6.75848222844621e-08,3.29297166685914e-08,8.10277177301723e-08,3.77011757541478e-08,6.22832191248555e-08,6.78735423473062e-08,5.19856698253489e-08,7.11201929549073e-08,3.28362329862464e-08,1.43515406874397e-08,5.94067596607158e-08,2.86624503664931e-08,5.18980085654816e-08,2.81937540084367e-08,1.24175103430985e-08,1.24268392113285e-08,2.45833939832378e-08,1.33578617865443e-08,2.36394896806987e-08,1.1065196008759e-08,1.07802244978826e-08,8.42481698316487e-09,1.17079656713693e-08,1.2625617037388e-08,1.32708598213824e-08,9.15384017067449e-09,7.37573915708054e-09,6.68006095836773e-09,1.09999832409085e-08,8.72699414134105e-09,1.26258555934546e-08,6.25657404147903e-09,5.58716149380238e-09,5.18610892506654e-09,7.41887578110413e-09,6.40024238378112e-09,8.51708583643603e-09,1.48113294437522e-08,1.45945341287375e-08,2.83091236448336e-08,1.40569874919721e-08,2.61973360731137e-08,2.27812415413127e-08,1.68394000251119e-08,3.2847426153318e-08,7.78631031157335e-08,3.12382137775682e-08,6.22709829278905e-08,5.54906518092815e-08,2.80869878135809e-08,6.67446187164821e-08,3.12626123151252e-08,5.24952469105115e-08,5.65189517329415e-08,4.4266534561744e-08,5.89498448247603e-08,2.70615900406843e-08,1.1339297748525e-08,4.95083617678707e-08,2.36106458427551e-08,4.17100783027424e-08,2.31954162949973e-08,9.76846655992366e-09,1.04987504950491e-08,2.01085365796521e-08,1.08527860337862e-08,1.90895568372867e-08,8.73694420203541e-09,9.06395424103104e-09,7.11328712185771e-09,9.74132022460026e-09,1.01084730269692e-08,1.05973268667906e-08,7.63139290624583e-09,6.25996711467466e-09,5.37916535013849e-09,8.59961120653242e-09,7.33689763710506e-09,1.02416719662304e-08,5.31075683685959e-09,4.53608398268214e-09,4.54588655457331e-09,6.27754510617872e-09,5.72643989799335e-09,7.23517858464023e-09
3.35816586637549e-08,1.32191742171367e-07,6.54399162384769e-08,5.25085102666402e-08,1.83557043558563e-07,8.30591140665787e-08,1.69947102210697e-07,7.86384743691042e-08,3.92659419358294e-08,2.34808104414916e-07,6.33498139869872e-08,1.99443352820977e-07,6.69605774516197e-08,3.34561762060996e-08,2.28898016945652e-08,5.34870207928983e-08,3.26353786103994e-08,4.85391638798498e-08,2.95825067134639e-08,1.97852862016242e-08,2.11381286561023e-08,2.85164771197224e-08,2.08889630787793e-08,2.78150195626707e-08,1.71909293717394e-08,1.9034184635717e-08,1.41923327565218e-08,1.8553519177807e-08,2.1902704281238e-08,2.00768962719884e-08,1.74117329433582e-08,1.26710445035298e-08,1.22199691584238e-08,1.99032940113515e-08,1.56744075411489e-08,2.30557839311809e-08,1.12206294970422e-08,1.03689838494607e-08,9.80547451319137e-09,1.32867966222355e-08,1.29294659096165e-08,1.49311638053926e-08,8.98310416535043e-09,8.6059652940892e-09,8.44567257606012e-09,1.14102229682443e-08,1.07647387233141e-08,1.30744796489845e-08,3.0278470884318e-08,8.59061066092483e-08,5.50595561068216e-08,4.61185656010209e-08,1.16814760745178e-07,6.89799883981346e-08,1.16803006414937e-07,6.80209213858891e-08,3.07657677378093e-08,1.57844440676044e-07,5.16647804832384e-08,1.27835904407315e-07,5.75838244306781e-08,2.63810564299015e-08,1.9218162530649e-08,4.39135892737204e-08,2.71830684862167e-08,3.99749022449182e-08,2.31995890039214e-08,1.59933486514124e-08,1.62548563314359e-08,2.36529936577642e-08,1.80717178220729e-08,2.32670618164483e-08,1.3842508107612e-08,1.44774377026896e-08,1.11994570653045e-08,1.5818203189543e-08,1.70232575279508e-08,1.60691823251063e-08,1.29113243899427e-08,9.74195092929201e-09,1.04913153144283e-08,1.53425519421959e-08,1.32700257701615e-08,1.84481709603219e-08,8.36883698668339e-09,8.74699769249339e-09,8.66282641095677e-09,1.10829814723907e-08,1.10251593572644e-08,1.24692512584291e-08,7.7025696585289e-09,7.61639045749642e-09,7.39519701791674e-09,9.87634107945746e-09,1.02490199946367e-08,1.17680870485641e-08
1.71412030897897e-08,3.39931976305197e-08,6.22011332428626e-08,2.68938028584214e-08,5.27240620307856e-08,4.1620922351604e-08,4.01402040224435e-08,7.11758666692892e-08,7.44170715763163e-08,6.33498139869872e-08,1.15319376277371e-07,9.7799415547137e-08,6.08971121541523e-08,6.22792102263701e-08,3.36407319105383e-08,9.69632299390269e-08,5.2467689897626e-08,8.09640160089563e-08,5.45356306103627e-08,2.92251637358327e-08,1.55481828808155e-08,4.57090587721696e-08,2.63843858759976e-08,4.03534484906694e-08,2.49496388341551e-08,1.34636924016723e-08,1.43380360645788e-08,2.26639938192898e-08,1.39760622954003e-08,2.16309136472134e-08,1.20445558000392e-08,1.27087177198558e-08,8.99629365075035e-09,1.23099171320162e-08,1.43235080791757e-08,1.39242802720691e-08,1.05766707120163e-08,7.82093782359292e-09,6.88227259625489e-09,1.21519973426673e-08,9.10484593009037e-09,1.35195494091608e-08,6.75195610561858e-09,5.81901146351083e-09,5.4221379748221e-09,8.02612278088032e-09,6.1925230415494e-09,8.71768422328878e-09,1.33447694902081e-08,2.71187816438769e-08,5.01223922229602e-08,2.24590580132367e-08,4.21643925186308e-08,3.33790341664082e-08,3.12367239461732e-08,5.79845014624682e-08,5.88728649452598e-08,5.05437913983534e-08,9.3073403668773e-08,7.72769260737019e-08,5.01915860098256e-08,5.05138207930054e-08,2.74879891505858e-08,7.94226689577764e-08,4.3469382898452e-08,6.6711842994989e-08,4.45383719852522e-08,2.3991742327598e-08,1.24038360341421e-08,3.78838775588051e-08,2.25037537865662e-08,3.21151453029473e-08,2.04335147622805e-08,1.06917550641694e-08,1.17181244229599e-08,1.91027997640792e-08,1.07846705235581e-08,1.76650317155877e-08,9.6624551478084e-09,1.01424581071764e-08,7.88064695680455e-09,9.5970572458692e-09,1.13956684904591e-08,1.06733090171843e-08,8.41235347487914e-09,6.85156794700001e-09,5.54028340739738e-09,9.578818628162e-09,7.77220733024178e-09,1.0556843457249e-08,5.84342321747469e-09,4.80295931220440e-09,4.77363081292184e-09,7.0381241448163e-09,5.73652908991886e-09,7.55689378251885e-09
3.2790451956007e-08,1.20088807846502e-07,5.2570080643639e-08,4.71388685503046e-08,1.55263599636201e-07,6.68350290188146e-08,1.53733250881844e-07,6.34127223893524e-08,6.75848222844621e-08,1.99443352820977e-07,9.7799415547137e-08,2.53391572619903e-07,5.34090612013163e-08,5.67922574169557e-08,3.49266221215764e-08,8.19241186252008e-08,4.886129254426e-08,6.76449822995771e-08,4.98982989648893e-08,3.02488155338327e-08,1.85697431407915e-08,4.24639111632853e-08,2.85268058905188e-08,3.85575211662859e-08,2.56511436859168e-08,1.60158874868228e-08,1.95598668434902e-08,2.44320056548283e-08,1.8319513948896e-08,2.48516351375158e-08,1.45639934217543e-08,1.75311851950125e-08,1.42383332490518e-08,1.65307145923979e-08,2.0953946658013e-08,1.9453056422771e-08,1.49762219659934e-08,1.1992010187406e-08,1.02898162842562e-08,1.76688635043887e-08,1.44954861378788e-08,1.93060143373254e-08,1.01176046089039e-08,9.05108223525012e-09,9.2336047618194e-09,1.28204132289877e-08,1.12740564961977e-08,1.45779179491158e-08,2.84305705377186e-08,7.9177298557726e-08,4.5107914363341e-08,3.97730930674235e-08,1.03470209434882e-07,5.55190902935179e-08,1.05616441481352e-07,5.54929403811665e-08,5.12008850954973e-08,1.38489297703094e-07,7.74323894046427e-08,1.70322519757224e-07,4.68180204708966e-08,4.43325268141392e-08,2.76526872833683e-08,6.6218615518298e-08,3.93774939891638e-08,5.47804828133705e-08,3.89695500455675e-08,2.34046437874173e-08,1.42362553913204e-08,3.39957593912015e-08,2.39950734190152e-08,3.12553547821717e-08,1.96808169231599e-08,1.19342119085069e-08,1.51231450457564e-08,2.01941793186175e-08,1.3413319922009e-08,1.89928671254608e-08,1.0727716288893e-08,1.30891132786047e-08,1.20710553774309e-08,1.2084693811506e-08,1.67348862257246e-08,1.53845880855585e-08,1.10346347596601e-08,9.95922687965087e-09,8.61229060520384e-09,1.40751673546109e-08,1.15673469538286e-08,1.52123151579794e-08,8.61734129330691e-09,7.73017048441504e-09,8.25703993334223e-09,1.0541464059702e-08,1.07555265761994e-08,1.24464693693336e-08
1.43186771649008e-08,3.10217737063034e-08,6.85044886702654e-08,2.54741795930026e-08,5.53473162080478e-08,4.50181542139652e-08,3.77320873329637e-08,7.88351067200443e-08,3.29297166685914e-08,6.69605774516197e-08,6.08971121541523e-08,5.34090612013163e-08,8.99227076189248e-08,3.62363074881355e-08,2.07140812710275e-08,6.91476482919124e-08,3.45318333045626e-08,6.29573260344406e-08,3.15227395205647e-08,1.80461404939639e-08,1.83441483452391e-08,2.98349036648814e-08,1.8086980626312e-08,2.84236821886039e-08,1.54014269127867e-08,1.60483205640245e-08,9.67279473871997e-09,1.56114245285112e-08,1.74276984295182e-08,1.56134395309447e-08,1.44824287715328e-08,8.53765895752328e-09,7.90865125479849e-09,1.55578253076292e-08,1.03227337306272e-08,1.71701174971126e-08,7.25969174375513e-09,6.63373168513598e-09,7.32066847376835e-09,8.57969811103934e-09,8.69395290949235e-09,1.05762531692761e-08,5.71162433026973e-09,6.29384182765096e-09,5.382095463747e-09,7.57427590629017e-09,6.54664401848057e-09,7.89497266201702e-09,1.1045668872621e-08,2.67067942829074e-08,5.64368550041811e-08,2.24300891308486e-08,4.40973174022574e-08,3.6608124556095e-08,3.13425943258567e-08,6.5103078985369e-08,2.59895535594685e-08,5.25669178559e-08,5.03820436879405e-08,4.10711623701208e-08,7.43902981406546e-08,2.84666534383469e-08,1.78331436953916e-08,5.69190364757478e-08,2.84719310899403e-08,5.19617270771271e-08,2.4673651191039e-08,1.53540110816319e-08,1.42842415083933e-08,2.46325350384743e-08,1.55399035333743e-08,2.2774913491856e-08,1.31144460919392e-08,1.26923485281005e-08,8.04571394226704e-09,1.3388460331034e-08,1.38173170865989e-08,1.34708411409401e-08,1.12284832259128e-08,7.00838888737098e-09,7.11793883935555e-09,1.22796667031695e-08,8.79478724492589e-09,1.44092769077796e-08,5.92697403956764e-09,6.04982169148794e-09,6.10251439432655e-09,7.26074294473932e-09,7.72025549229444e-09,8.6504909370505e-09,5.16950409802279e-09,5.19537152863768e-09,4.43085744211868e-09,6.75111884863785e-09,5.49064431301447e-09,6.75973162984179e-09
1.55015030968004e-08,1.64880804390804e-08,2.87168204329437e-08,1.51239371731377e-08,2.78726901203549e-08,2.29167736656668e-08,1.95934610386649e-08,3.29214351596479e-08,8.10277177301723e-08,3.34561762060996e-08,6.22792102263701e-08,5.67922574169557e-08,3.62363074881355e-08,8.95373019444766e-08,4.08372085148354e-08,6.81632605114264e-08,7.46008248196341e-08,5.67547598673718e-08,7.80626851740964e-08,3.53103040242155e-08,1.61979819646347e-08,6.46961092588455e-08,3.12861944693906e-08,5.72216434820212e-08,3.01361957664244e-08,1.36795538298897e-08,1.33224438469693e-08,2.66352762294742e-08,1.43659932645889e-08,2.51179309502872e-08,1.20083726186638e-08,1.149304030849e-08,8.9938111086656e-09,1.25075719901004e-08,1.35418047265977e-08,1.4379163305269e-08,9.87125132309421e-09,7.86415021641321e-09,7.36446319830614e-09,1.18117441661157e-08,9.42192730385179e-09,1.35878395040669e-08,6.74548498806513e-09,6.15088660961028e-09,5.29475102864358e-09,8.00989354827866e-09,6.79205603000711e-09,8.92252038138338e-09,1.34415934280755e-08,1.29220422915192e-08,2.42677663733436e-08,1.21468934525018e-08,2.29270723315531e-08,1.91586339564503e-08,1.49432783730269e-08,2.80783076397154e-08,6.67447833996999e-08,2.72504873516673e-08,5.24896054737532e-08,4.72910964130158e-08,3.10516735802793e-08,7.2997503281629e-08,3.42109232847823e-08,5.64523859073371e-08,6.20246152820505e-08,4.79043943506742e-08,6.46509397109962e-08,2.93052876841453e-08,1.22935811351019e-08,5.4259609493302e-08,2.58135385266133e-08,4.60643599100704e-08,2.49409239549043e-08,1.09098595465737e-08,1.1148911434532e-08,2.20959347733336e-08,1.20468155124704e-08,2.08707485091366e-08,9.6106044782954e-09,9.50064527734597e-09,7.70025698612304e-09,1.07001795082267e-08,1.09614672975655e-08,1.19341477589245e-08,8.09229709396924e-09,6.804461470124e-09,5.67830857765229e-09,9.4899711992006e-09,7.74207245389739e-09,1.07431101564546e-08,5.82781742874722e-09,4.75430824304149e-09,4.41990817350734e-09,6.55523066085575e-09,5.81254461683682e-09,7.33676936420809e-09
1.14029259366575e-08,2.10403600970614e-08,1.65177204690835e-08,2.05659795101867e-08,2.01750720084624e-08,1.59289681415555e-08,2.42155948643038e-08,1.84001163257386e-08,3.77011757541478e-08,2.28898016945652e-08,3.36407319105383e-08,3.49266221215764e-08,2.07140812710275e-08,4.08372085148354e-08,1.0383255731156e-07,3.68307096092482e-08,7.59421606993058e-08,6.79130295432083e-08,3.53167246017386e-08,8.63249353312357e-08,3.46826940861522e-08,6.36054350679101e-08,6.94852256599809e-08,4.98126985920224e-08,7.43451084656511e-08,2.91963949662853e-08,1.45352815211908e-08,5.9613373205108e-08,2.70321473642837e-08,5.32743330288458e-08,2.5650054165629e-08,1.28427131445371e-08,1.35288476996806e-08,2.37211083899878e-08,1.45452163728368e-08,2.45060283862815e-08,1.09522564623525e-08,1.15345839140435e-08,8.05491867374969e-09,1.25286345683932e-08,1.27621945320731e-08,1.31762028285217e-08,1.02105684907959e-08,6.70129276881073e-09,5.68140300327753e-09,1.11355082392902e-08,7.71551385993346e-09,1.23792166802809e-08,1.03431661107492e-08,1.61139439805655e-08,1.48599768111434e-08,1.69339485778307e-08,1.58196130016567e-08,1.28394690630809e-08,1.84448275737661e-08,1.67553637342158e-08,3.04226445112905e-08,1.78420154496659e-08,2.76351908533051e-08,2.75958146377747e-08,1.86738706728862e-08,3.20245461316176e-08,8.22527191738483e-08,3.05033507671633e-08,6.14514882356355e-08,5.6062134048264e-08,2.83455896847423e-08,6.85975357593329e-08,2.61522389950857e-08,5.04893304460724e-08,5.603862580487e-08,3.90565796517954e-08,5.9093104833075e-08,2.25143834727698e-08,1.15521129331272e-08,4.84796951662273e-08,1.97250756015327e-08,4.2145632518674e-08,1.97342822305556e-08,1.0112239196614e-08,1.13764582530898e-08,1.74151661825539e-08,1.2606126304516e-08,1.93919320155405e-08,8.59698314737347e-09,9.91237794937169e-09,6.51109904676091e-09,1.0689198784535e-08,1.02932985106915e-08,1.08754411364489e-08,9.04476725332025e-09,5.51601754976529e-09,5.26085314090569e-09,9.17563660654903e-09,7.08564946406639e-09,1.09025564871283e-08
1.51716760810644e-08,2.7773708211355e-08,5.30080565076085e-08,2.30805930479141e-08,4.40582931600932e-08,3.5063288704038e-08,3.34898099660999e-08,6.0889350720546e-08,6.22832191248555e-08,5.34870207928983e-08,9.69632299390269e-08,8.19241186252008e-08,6.91476482919124e-08,6.81632605114264e-08,3.68307096092482e-08,1.10181766318834e-07,5.72771115899996e-08,9.2271192903131e-08,5.93529425626098e-08,3.20007975305791e-08,1.74213127253076e-08,4.94970861803785e-08,2.91172113138395e-08,4.40582673936305e-08,2.68524924419931e-08,1.47164660483429e-08,1.56255058000758e-08,2.45795455731995e-08,1.5263274047304e-08,2.29722624800703e-08,1.29103793718654e-08,1.37471383891742e-08,9.78054357460159e-09,1.33144443318472e-08,1.55859952222776e-08,1.52431876405905e-08,1.16176845212863e-08,8.48665035123136e-09,7.8446240436726e-09,1.33242687932505e-08,1.01371670130192e-08,1.50232342837013e-08,7.30892177784010e-09,6.62216919811108e-09,5.6475234220447e-09,8.81013287636321e-09,6.88349248435301e-09,9.4224233594945e-09,1.18854227460912e-08,2.38217111574257e-08,4.33702149051795e-08,1.95100292341175e-08,3.60922438305646e-08,2.80093764599378e-08,2.7492468795038e-08,5.01819942925148e-08,5.0515989478219e-08,4.34650750764955e-08,7.94180897470899e-08,6.58754426915029e-08,5.76033392919479e-08,5.49662498037532e-08,3.0208158311906e-08,8.94909593003641e-08,4.72198258262708e-08,7.62233833834477e-08,4.8569102734346e-08,2.61398614862254e-08,1.33711745817442e-08,4.09909047352355e-08,2.44246792635497e-08,3.48648610670673e-08,2.18970668532579e-08,1.15828563339673e-08,1.27883945596474e-08,2.06485476748473e-08,1.20235898990712e-08,1.92872281701493e-08,1.01623963076142e-08,1.10501586783293e-08,8.76691176206055e-09,1.06134334235164e-08,1.27647365937411e-08,1.23732032009889e-08,9.3257273076556e-09,7.65848989585498e-09,6.05196161758857e-09,1.09074191616664e-08,8.61095162168919e-09,1.17044984973594e-08,6.58277111748368e-09,5.22792400859563e-09,4.83904601946931e-09,7.59639095542925e-09,5.99232466862361e-09,7.88081749500815e-09
1.73227456359653e-08,1.86709991397562e-08,2.79676838248083e-08,1.73056307798828e-08,2.75328362025835e-08,2.38559143595492e-08,2.20207651126453e-08,3.13766130982832e-08,6.78735423473062e-08,3.26353786103994e-08,5.2467689897626e-08,4.886129254426e-08,3.45318333045626e-08,7.46008248196341e-08,7.59421606993058e-08,5.72771115899996e-08,1.19850816262701e-07,9.50192174236664e-08,6.47027672154629e-08,6.36030551436946e-08,3.05208869178487e-08,1.02090091825523e-07,4.95206399197538e-08,8.12286990876004e-08,5.43080451944719e-08,2.56031088793907e-08,1.47861497882888e-08,4.19888351860806e-08,2.41069434095516e-08,3.75675471254323e-08,2.2535153057062e-08,1.29153549553973e-08,1.50775156593024e-08,2.1160528785766e-08,1.47887666541247e-08,2.26900731778947e-08,1.09966657212397e-08,1.31273022677792e-08,9.31431377109134e-09,1.27281189258867e-08,1.4927262899564e-08,1.42811927388598e-08,1.16813288007819e-08,7.88395572446351e-09,6.31108692166902e-09,1.30257653613272e-08,8.76290285827281e-09,1.40884971488098e-08,1.53903122636578e-08,1.45459752296875e-08,2.40949289078197e-08,1.38883888732433e-08,2.29767139477912e-08,1.91584654795283e-08,1.68589643975035e-08,2.7242549840499e-08,5.59908450007365e-08,2.63770560097055e-08,4.40164580397757e-08,4.02164180854637e-08,2.99454555247372e-08,6.10786848852851e-08,6.31401251614285e-08,4.76346776579058e-08,9.84169413331719e-08,7.86362886375382e-08,5.33725035144964e-08,5.21388787431599e-08,2.30584465006013e-08,8.34239788257298e-08,4.05357199557047e-08,6.51613208370853e-08,4.4660217872296e-08,2.01829642520058e-08,1.25248615701616e-08,3.48733781296881e-08,1.90917194765048e-08,3.08344958659287e-08,1.7875378650896e-08,1.07092017048862e-08,1.25587718350186e-08,1.70858568276981e-08,1.23418979103695e-08,1.85930287080452e-08,8.88711490830002e-09,1.10092297581685e-08,7.28597622943274e-09,1.04367733309983e-08,1.20242602722947e-08,1.18141532085182e-08,9.98653347020354e-09,6.27728946732864e-09,5.63213929726502e-09,1.06864579387609e-08,7.41376168143924e-09,1.15548262524434e-08
1.5807868403564e-08,2.74569497494373e-08,4.82608393695769e-08,2.36380376555152e-08,4.05677245831842e-08,3.35395015096896e-08,3.27296958333592e-08,5.52565363085339e-08,5.19856698253489e-08,4.85391638798498e-08,8.09640160089563e-08,6.76449822995771e-08,6.29573260344406e-08,5.67547598673718e-08,6.79130295432083e-08,9.2271192903131e-08,9.50192174236664e-08,1.40206080254636e-07,4.90660584221176e-08,5.68688271239682e-08,2.92784940254376e-08,8.03451246341862e-08,4.49928757545391e-08,6.36741296447373e-08,4.79023239981918e-08,2.44992785411733e-08,1.51106743552651e-08,3.78136349418697e-08,2.2910394822496e-08,3.39636827514944e-08,2.14508702118332e-08,1.31615310693411e-08,1.52424899180044e-08,1.99869193753153e-08,1.44695792277719e-08,2.10366680389819e-08,1.14620333599493e-08,1.34062791308532e-08,9.87528036548530e-09,1.27371757993711e-08,1.58121234279933e-08,1.47371398299766e-08,1.17462445593477e-08,8.37462324135801e-09,6.43031429658928e-09,1.38590865099137e-08,8.62660426218036e-09,1.45037043502908e-08,1.31099413297915e-08,2.34305835238238e-08,4.01947061149436e-08,2.05158576762546e-08,3.399114123542e-08,2.74934878351474e-08,2.69646521214407e-08,4.60030352711197e-08,4.18926579609716e-08,3.97178298185793e-08,6.57923796464443e-08,5.47873715467981e-08,5.28772075427898e-08,4.50344874356912e-08,5.45221673612049e-08,7.49633207195706e-08,7.71307911845641e-08,1.15149656604851e-07,3.90998558037267e-08,4.52755755025183e-08,2.15517546097673e-08,6.46271089573332e-08,3.59839992646616e-08,4.97155708449154e-08,3.84297237631162e-08,1.86756406208359e-08,1.25470402257759e-08,3.06730122975891e-08,1.72597898139341e-08,2.74999111912385e-08,1.63692670270032e-08,1.08217907295458e-08,1.28864997158879e-08,1.52267950784056e-08,1.22547333205524e-08,1.69402535147531e-08,9.23285375056263e-09,1.13615666267146e-08,7.66217649838447e-09,1.06723642707454e-08,1.3134221597783e-08,1.20609472645019e-08,1.02246826718936e-08,6.71485594504106e-09,5.78447559752859e-09,1.19210623258998e-08,7.4158938743607e-09,1.21601595016361e-08
1.3665014463964e-08,1.4325414246367e-08,2.5238025170631e-08,1.32609664665608e-08,2.44589915761097e-08,2.02194875418517e-08,1.72571210494161e-08,2.89371398756022e-08,7.11201929549073e-08,2.95825067134639e-08,5.45356306103627e-08,4.98982989648893e-08,3.15227395205647e-08,7.80626851740964e-08,3.53167246017386e-08,5.93529425626098e-08,6.47027672154629e-08,4.90660584221176e-08,9.00628901343426e-08,4.02607322531457e-08,1.84498560254686e-08,7.50683696674916e-08,3.49449203439831e-08,6.55043477149979e-08,3.3821395360861e-08,1.55938649568776e-08,1.56874869302939e-08,2.94323927143545e-08,1.60875488551691e-08,2.76160118390202e-08,1.37422859968153e-08,1.35346121538911e-08,1.04839209161833e-08,1.40319992417235e-08,1.5510180849742e-08,1.59963359122172e-08,1.14870485875668e-08,9.14785857050378e-09,7.75630151993810e-09,1.35107490652685e-08,1.04006858404236e-08,1.47195890752304e-08,8.04586309348474e-09,6.57224234418777e-09,5.73004892041227e-09,9.06344506476504e-09,7.29647862097487e-09,1.00231259185164e-08,1.18612407075325e-08,1.1509111687961e-08,2.12498374217702e-08,1.08606807040504e-08,2.00183316604e-08,1.68305024998461e-08,1.3368216969145e-08,2.44187049066327e-08,5.89448797017651e-08,2.38545195979351e-08,4.58633465773248e-08,4.18156421886949e-08,2.69474366904997e-08,6.46477622027372e-08,2.93124639174342e-08,4.91004174644756e-08,5.42664402402474e-08,4.12433368339327e-08,7.5182782721727e-08,3.34916036868333e-08,1.42331897900414e-08,6.34739400716491e-08,2.92297172638413e-08,5.37652245746226e-08,2.78348360850539e-08,1.25128674943413e-08,1.2482268091331e-08,2.46292481102642e-08,1.31452158683058e-08,2.26428692742623e-08,1.10798012470429e-08,1.06155585969276e-08,8.76964435761171e-09,1.16476602535337e-08,1.27708820508018e-08,1.32068435857024e-08,8.8114835221267e-09,7.68780027383119e-09,6.14563800198398e-09,1.09514883829434e-08,8.48573146756205e-09,1.13720912848431e-08,6.75845007451548e-09,5.22691830717031e-09,4.68797593889424e-09,7.28293241158519e-09,6.34284786269892e-09,8.07094266999045e-09
