3.74440067076556e-08,1.77177988513723e-08,8.34369908279758e-09,2.90261608039345e-08,1.72506234584987e-08,2.65722986044588e-08,1.55144261354697e-08,7.28992935139518e-09,7.90712742827897e-09,1.47990071656686e-08,7.79076480379367e-09,1.45253243983812e-08,6.36419275528777e-09,7.11863098701189e-09,4.97681376110298e-09,6.78570146887611e-09,7.76120867315905e-09,6.8767223114702e-09,6.26176918838719e-09,4.37376340225992e-09,3.5576502182072e-09,6.80426075339717e-09,4.5967021347572e-09,7.03659936757001e-09,3.92812052440433e-09,3.23590489838403e-09,2.7294825087116e-09,4.15292622067254e-09,3.64512867367714e-09,4.52107378423423e-09,2.97397987500267e-09,2.47318717755168e-09,2.36084556937205e-09,3.29947685374574e-09,2.90948325778044e-09,3.74923574399806e-09,2.22946477057587e-09,2.02968246586192e-09,1.8779803845556e-09,2.61043012948952e-09,2.38421868879097e-09,2.835505610458e-09,1.92162596225157e-09,1.66062362974081e-09,1.72687280988201e-09,2.20422695858148e-09,2.20597552594082e-09,2.74212457631024e-09,3.19415961139161e-08,1.40820957028958e-08,7.39992853537013e-09,2.51488267684165e-08,1.33512730961517e-08,2.28420995679754e-08,1.23375668700095e-08,6.36822391589277e-09,6.74621029449895e-09,1.15275299339204e-08,6.29118501200784e-09,1.06237750064622e-08,5.51526760154102e-09,6.10249764530231e-09,4.19926123673579e-09,5.55469148407773e-09,6.48736101551358e-09,5.81063379256146e-09,5.36111329219948e-09,3.65594172489276e-09,2.82169350476528e-09,5.69218486578956e-09,3.56390259763082e-09,5.7576037801603e-09,3.25242768196352e-09,2.53401619358635e-09,2.15359786348336e-09,3.21481087143617e-09,3.04036864521118e-09,3.73735380188306e-09,2.32031150746767e-09,1.96379321986211e-09,2.09211941735942e-09,2.74575872720508e-09,2.47657716997585e-09,3.2262104268088e-09,1.80583414988829e-09,1.8461538532584e-09,1.55773875609239e-09,2.26325734937112e-09,2.16472023234579e-09,2.38940567731704e-09,1.73548516718264e-09,1.35718591762494e-09,1.45370794409905e-09,2.02663267323379e-09,1.84777870879296e-09,2.40448841925728e-09
1.77177988513723e-08,7.34141837085813e-08,1.88857465493452e-08,3.2707011632318e-08,6.25149962764136e-08,2.61536133405635e-08,6.43399875063432e-08,1.62890770107272e-08,8.99726783851853e-09,5.42996184379016e-08,1.51685140264735e-08,5.01102760367843e-08,1.36791493248936e-08,7.58656849411626e-09,9.95462840264189e-09,1.26439477501987e-08,8.64018501008091e-09,1.25414339682607e-08,6.50802230310416e-09,8.2988034350876e-09,5.52197352314257e-09,7.24300196493031e-09,9.20152987820673e-09,7.55376036934404e-09,7.30199074576824e-09,4.9801886791005e-09,4.23048569591206e-09,8.1466614483362e-09,5.63510086460587e-09,8.7807072065043e-09,4.59563471502626e-09,3.89733919731894e-09,3.98352187583013e-09,5.16148876866721e-09,4.6411285497518e-09,5.85296641816259e-09,3.3881404068811e-09,3.45990598572907e-09,3.09545090693548e-09,3.99373779471798e-09,4.25953266840356e-09,4.63806865096017e-09,3.20811392321599e-09,2.84969955787483e-09,2.77068000162191e-09,3.97691445362655e-09,3.55917804955979e-09,4.5535743775749e-09,1.56323043784847e-08,4.83633304006248e-08,1.63692951719091e-08,2.83377858340442e-08,3.85008129818132e-08,2.2595585690847e-08,4.21275877057757e-08,1.40845152233672e-08,7.29141015713194e-09,3.35536486458141e-08,1.19155227850981e-08,2.849907999727e-08,1.19239730744765e-08,6.04543656200184e-09,8.09407356476416e-09,1.00590716827941e-08,7.22690950633014e-09,1.00281139608133e-08,5.15766820766653e-09,6.84427494157274e-09,4.55146301637235e-09,5.9345782068911e-09,7.62368322428128e-09,6.30637846988838e-09,5.88872480331472e-09,4.06865546701487e-09,3.31871315778758e-09,6.64365546580595e-09,4.58596841968581e-09,7.29845400967087e-09,3.69033945650957e-09,3.04502694128953e-09,3.40824734760368e-09,4.17464321249587e-09,3.87368987762747e-09,4.95340647936294e-09,2.67716378108499e-09,2.9032305555623e-09,2.48562802673823e-09,3.28826473228875e-09,3.46385613606378e-09,3.62420694813363e-09,2.6772918943077e-09,2.2631722278418e-09,2.53946237635979e-09,3.21512553119482e-09,3.16967064347179e-09,3.88046424071509e-09
8.34369908279758e-09,1.88857465493452e-08,4.11974017695382e-08,1.51108420115686e-08,3.40857934202867e-08,2.77221094474125e-08,1.62993292526212e-08,3.46356612282582e-08,1.53314795627429e-08,2.85655990786518e-08,2.80763910427743e-08,2.35512344410641e-08,2.96572945591091e-08,1.30988879523078e-08,7.30389522660905e-09,2.38254562839992e-08,1.27701631738692e-08,2.20649740142321e-08,1.13093940761153e-08,6.25479002894131e-09,6.14181610638393e-09,1.09478143357147e-08,6.33015854099378e-09,1.02993464403548e-08,5.52032006687191e-09,5.53648770565895e-09,3.3233128507432e-09,5.62312029927824e-09,5.82713414936072e-09,5.63200479572926e-09,5.08374453589878e-09,3.03563612804841e-09,2.81476360731925e-09,5.31439609110063e-09,3.50539697173344e-09,5.92961274021413e-09,2.61404426508637e-09,2.40720303741154e-09,2.3152253659286e-09,3.01505016526044e-09,2.95986163110752e-09,3.55088344676679e-09,2.33753993754639e-09,2.2771406883745e-09,2.08617668245302e-09,2.96538447400701e-09,2.61030870174116e-09,3.19830963103803e-09,6.48241324135312e-09,1.49315376243325e-08,3.2858328582527e-08,1.24621793342361e-08,2.63752700371697e-08,2.20759429998132e-08,1.32722225557503e-08,2.80426978305815e-08,1.24933890312274e-08,2.26217012397553e-08,2.23465554883341e-08,1.80894350279403e-08,2.42728206601633e-08,1.06591235615804e-08,5.82100182055865e-09,1.93332652444673e-08,1.05001783987952e-08,1.77831935350646e-08,9.20381300701873e-09,4.96249536499164e-09,4.83601052801941e-09,9.08096376627092e-09,5.03189976392906e-09,8.19822334918696e-09,4.38080871640055e-09,4.35553652392086e-09,2.67799933205079e-09,4.44534585397007e-09,4.53270059460299e-09,4.4403885571238e-09,3.96186322376829e-09,2.42158061101102e-09,2.53908939755431e-09,4.12607647566268e-09,2.73354119444467e-09,4.75606211703501e-09,2.08245699790549e-09,2.18143575975081e-09,2.06185739012421e-09,2.28448143945048e-09,2.61760766441548e-09,2.76722790467229e-09,2.08977607485786e-09,2.02063419636194e-09,1.69083939917712e-09,2.54845670641323e-09,2.20949687474282e-09,2.72500273558175e-09
2.90261608039345e-08,3.2707011632318e-08,1.51108420115686e-08,4.79668206422636e-08,2.60885466878948e-08,3.75821910556288e-08,2.87298009733758e-08,1.30703719326144e-08,7.89555407807358e-09,2.26453275273623e-08,1.2334937541934e-08,2.07270657163666e-08,1.11880221961122e-08,6.84402533404298e-09,8.77273164068952e-09,1.05550481591336e-08,7.73045736929724e-09,1.06856392766962e-08,5.97347234328272e-09,7.58900677989003e-09,4.30142168622637e-09,6.68763339870434e-09,8.22098963179185e-09,6.66865567488209e-09,6.77280770964882e-09,3.90363088038414e-09,3.27255660698172e-09,7.34793580041743e-09,4.43490716853204e-09,7.82808647614595e-09,3.61526291137293e-09,3.01054289319948e-09,3.12267353445462e-09,4.04343058505454e-09,3.52920150260554e-09,4.62902921145601e-09,2.69324194584346e-09,2.73512084318978e-09,2.53608908149000e-09,3.14245330029204e-09,3.21254540808396e-09,3.61079085098631e-09,2.55099377815063e-09,2.35741223808609e-09,2.27536031049222e-09,3.01125099745742e-09,2.81016086897246e-09,3.39797049327674e-09,2.48609550831642e-08,2.63163691010598e-08,1.31869889620264e-08,4.06819780992423e-08,2.05820583500708e-08,3.20570315931904e-08,2.30788152800704e-08,1.12216021012706e-08,6.28738531616246e-09,1.77234805804672e-08,9.80422201896443e-09,1.53594941940234e-08,9.6308927956055e-09,5.45038818949018e-09,6.93560243402063e-09,8.51350513473366e-09,6.47561418626358e-09,8.81196170689973e-09,4.79765416520542e-09,6.20107673477172e-09,3.48957821850314e-09,5.59716594961765e-09,6.61699638404099e-09,5.50158867890541e-09,5.4305717827254e-09,3.14658403679618e-09,2.57977670913218e-09,5.88227767517277e-09,3.63021042698887e-09,6.33285671214049e-09,2.89683021479549e-09,2.35033230905243e-09,2.6702395212963e-09,3.28884579521589e-09,3.05479915966821e-09,3.89724366855056e-09,2.11050910697128e-09,2.34653560883949e-09,2.14349761745729e-09,2.73169162022847e-09,2.80000071397122e-09,2.96305892118175e-09,2.13175202614891e-09,1.92247932858856e-09,1.90895045756046e-09,2.57841445948043e-09,2.42027466717576e-09,2.95059771398747e-09
1.72506234584987e-08,6.25149962764136e-08,3.40857934202867e-08,2.60885466878948e-08,8.92139887025526e-08,4.24170172266723e-08,5.43086774614618e-08,2.85570299573643e-08,1.47471787588438e-08,7.57985995085257e-08,2.33984403505438e-08,6.50176566365708e-08,2.41071921308344e-08,1.25772944607706e-08,9.13541935290314e-09,1.96672956260694e-08,1.28095875576464e-08,1.8370508464199e-08,1.07363154371995e-08,7.68477056932173e-09,8.14686577121639e-09,1.0795395889113e-08,8.1939858695225e-09,1.06476485097995e-08,6.69866068937054e-09,7.33385378967035e-09,5.21851286446317e-09,7.25684652344379e-09,8.17063496849956e-09,7.72624422284291e-09,6.745461064339e-09,4.81658827062858e-09,4.67976793219715e-09,7.47226687764003e-09,5.78429638686271e-09,8.55805489611761e-09,4.27265026773235e-09,4.03227136067945e-09,3.56531922390082e-09,5.00355855698849e-09,4.92690626095756e-09,5.72576520711221e-09,3.82103574159885e-09,3.3726920452058e-09,3.19432041275105e-09,4.7332490820616e-09,4.16337025676894e-09,5.30197655815132e-09,1.51317987202766e-08,4.01358392042148e-08,2.74500456214432e-08,2.27911507467493e-08,5.63117976210189e-08,3.52614593454253e-08,3.50210653247731e-08,2.38286053647636e-08,1.14171866916912e-08,4.85241827360199e-08,1.82492348830665e-08,3.88381975886743e-08,2.01428693268497e-08,9.74992642607792e-09,7.19088245555331e-09,1.55524331654913e-08,1.02597099189802e-08,1.46094895798484e-08,8.31848448855561e-09,5.88956934138311e-09,6.42774735483205e-09,8.64622336616576e-09,6.46816647065648e-09,8.55432821759868e-09,5.12463216441825e-09,5.73981305442709e-09,4.06933774499463e-09,5.69020416962197e-09,6.36956714995396e-09,5.91232636401509e-09,5.18014769201406e-09,3.73053947562588e-09,3.99336622334957e-09,5.81729531006048e-09,4.63751499189971e-09,6.79014552271471e-09,3.29750387820078e-09,3.38274264095889e-09,3.00259890894809e-09,3.9309923838398e-09,4.09751678757846e-09,4.51037516958122e-09,3.23896085384592e-09,2.82319633871928e-09,2.75968564326528e-09,3.91400138760757e-09,3.68453958452665e-09,4.49805601923027e-09
2.65722986044588e-08,2.61536133405635e-08,2.77221094474125e-08,3.75821910556288e-08,4.24170172266723e-08,5.77102468800164e-08,2.27238289705654e-08,2.32195351914247e-08,1.26147484992555e-08,3.59878964654035e-08,1.89065310622744e-08,2.99555885003845e-08,1.96549929449402e-08,1.06831144505522e-08,7.23478863438723e-09,1.59124434313781e-08,1.09272478541588e-08,1.51407681471247e-08,9.34333969878127e-09,6.3131840766322e-09,6.83717865771762e-09,9.5269583061342e-09,6.58896554457041e-09,9.23853635377163e-09,5.55116063236615e-09,6.15312346630895e-09,3.92027996628002e-09,5.85251720176149e-09,6.59150245104618e-09,6.14573026894063e-09,5.67074982111523e-09,3.6139691999235e-09,3.2397019122166e-09,6.02834566591494e-09,4.05982350008518e-09,6.80424104494376e-09,3.22646450815614e-09,2.80943907642575e-09,2.68218740110322e-09,3.62016719877004e-09,3.37071970866892e-09,4.16784586822591e-09,2.72334458713476e-09,2.59928064109714e-09,2.37467419916016e-09,3.33298357901663e-09,3.12817456779115e-09,3.69806390896305e-09,2.26943281199858e-08,2.05255007764788e-08,2.21909183304817e-08,3.20091536404633e-08,3.26569964995143e-08,4.74962215577255e-08,1.79864995689311e-08,1.91124059129841e-08,9.96368796814408e-09,2.80574967703961e-08,1.47815523143836e-08,2.2017069373115e-08,1.61494225160065e-08,8.47147391326065e-09,5.92671536444139e-09,1.25867500882847e-08,9.22638576100226e-09,1.23364291935713e-08,7.32492318033136e-09,5.01190801851228e-09,5.36881032941665e-09,7.96127383057991e-09,5.16115613659785e-09,7.55589858461653e-09,4.39276503666236e-09,4.84575317479272e-09,3.13710610226175e-09,4.60847659499659e-09,5.13908339288323e-09,4.79899188341154e-09,4.40651584816981e-09,2.87969603576111e-09,3.03301418202881e-09,4.6935247287722e-09,3.42734092247383e-09,5.42332967862057e-09,2.54407681735013e-09,2.54298316146162e-09,2.30864213675034e-09,3.01764025856301e-09,3.11081679684576e-09,3.39770680093876e-09,2.43125970839473e-09,2.19599136339098e-09,2.00051967708444e-09,3.03195532298286e-09,2.72255458477684e-09,3.30436254741738e-09
1.55144261354697e-08,6.43399875063432e-08,1.62993292526212e-08,2.87298009733758e-08,5.43086774614618e-08,2.27238289705654e-08,8.00720528796226e-08,1.96573046006256e-08,1.06409760014348e-08,6.91692294644014e-08,1.8315546513168e-08,6.40177203495805e-08,1.66765442486218e-08,9.05347899956091e-09,1.11384328034456e-08,1.54575324806696e-08,1.02006118529362e-08,1.53441163296625e-08,7.82059168233601e-09,9.34864784113142e-09,6.02379247749001e-09,8.62884203477711e-09,1.02224316278708e-08,8.89006452633243e-09,8.28602828328349e-09,5.43029314702982e-09,4.78858739591398e-09,9.0943958277666e-09,6.33603928321797e-09,9.99693678938513e-09,5.0037117625936e-09,4.36270588690663e-09,4.31509149996543e-09,5.78803761721325e-09,5.08823732577558e-09,6.49793802222186e-09,3.79632613272856e-09,3.71640683243931e-09,3.35248611840482e-09,4.38708454831725e-09,4.59786576135343e-09,5.11748075908627e-09,3.33409279516459e-09,3.00974749717607e-09,3.06952276893478e-09,4.13795254880558e-09,3.93288374285703e-09,4.93074128404971e-09,1.38336829317522e-08,4.21294393594238e-08,1.4088637817956e-08,2.5062374326395e-08,3.35537873252941e-08,1.99413438729981e-08,5.47012296566928e-08,1.72156989427487e-08,8.75398528586314e-09,4.53205050574278e-08,1.47737044551191e-08,3.94172502577802e-08,1.47176067315029e-08,7.45588084988232e-09,8.93756853836871e-09,1.26972074890789e-08,8.81591715084883e-09,1.27537610960124e-08,6.34781414212966e-09,7.51514323605192e-09,4.9811206201435e-09,7.30866926324266e-09,8.37799380847442e-09,7.54162682824114e-09,6.54368166210386e-09,4.45105902967934e-09,3.72676984832921e-09,7.35783395173683e-09,5.0939329037757e-09,8.09499674449127e-09,4.04297665771751e-09,3.36862247485213e-09,3.6264526927778e-09,4.61465574475392e-09,4.26243168786886e-09,5.49080135787363e-09,2.96559280801787e-09,3.06963403702761e-09,2.77730563723291e-09,3.6348204758288e-09,3.79871117474368e-09,4.08546484315492e-09,2.76258945167575e-09,2.49856326066087e-09,2.69527702786868e-09,3.44992785121602e-09,3.47410473151092e-09,4.25951186974936e-09
7.28992935139518e-09,1.62890770107272e-08,3.46356612282582e-08,1.30703719326144e-08,2.85570299573643e-08,2.32195351914247e-08,1.96573046006256e-08,3.97545791339733e-08,1.74333411045178e-08,3.43838189426328e-08,3.21771484949093e-08,2.85959655418779e-08,3.41014055223303e-08,1.48521967770439e-08,8.04047125233666e-09,2.73975205469913e-08,1.4241255289411e-08,2.52548224899356e-08,1.28304121517139e-08,6.90000567151398e-09,6.6774557276118e-09,1.22348228705818e-08,6.85311950025607e-09,1.14700994257928e-08,6.07593214757628e-09,6.02524267778644e-09,3.79272399914736e-09,6.07895314570531e-09,6.52227457240175e-09,6.3256006786291e-09,5.53544686158885e-09,3.4177631655541e-09,3.05668757815874e-09,5.94247062788876e-09,3.85820121811165e-09,6.60287067739051e-09,2.91186388076125e-09,2.63201407762285e-09,2.65714286881895e-09,3.28992373635943e-09,3.32547621850171e-09,3.91910408166303e-09,2.33346583564783e-09,2.3546387200088e-09,2.30931353920344e-09,2.97341589513573e-09,2.76491059040297e-09,3.33710807126724e-09,5.7971511471949e-09,1.32653744587972e-08,2.80411789929228e-08,1.11994663452611e-08,2.26131681374476e-08,1.91062969822915e-08,1.60539116353136e-08,3.24087067297302e-08,1.43363417456676e-08,2.72447531624592e-08,2.58947586093063e-08,2.20858728056679e-08,2.80068299313621e-08,1.22953668081417e-08,6.56360577152153e-09,2.24183149027568e-08,1.19286185433673e-08,2.05980543951058e-08,1.0541498742117e-08,5.58531069768161e-09,5.3477738484426e-09,1.02281735369871e-08,5.59020300438038e-09,9.3328493479597e-09,4.89364461480911e-09,4.80919610327434e-09,3.09488263654077e-09,4.91426227997284e-09,5.06783358264025e-09,5.03962950993447e-09,4.39186322428764e-09,2.75535164349797e-09,2.59658800904456e-09,4.61517443423466e-09,3.03187160748005e-09,5.25535103032271e-09,2.3043336555127e-09,2.2367979614119e-09,2.29558506585888e-09,2.50068052417657e-09,2.85719034584636e-09,2.96683507904625e-09,1.98176070376042e-09,2.0351960124633e-09,1.85295364614764e-09,2.59216360394617e-09,2.35609133454501e-09,2.87042643451066e-09
7.90712742827897e-09,8.99726783851853e-09,1.53314795627429e-08,7.89555407807358e-09,1.47471787588438e-08,1.26147484992555e-08,1.06409760014348e-08,1.74333411045178e-08,4.33792629040118e-08,1.75790498082741e-08,3.34509840963335e-08,3.06580436801253e-08,1.48549380972755e-08,3.68041336118505e-08,1.7823390543949e-08,2.81357173181591e-08,3.11283048322196e-08,2.39210946037846e-08,3.16814421286564e-08,1.50619389738647e-08,6.93033773222537e-09,2.65856812972267e-08,1.33199483215116e-08,2.33973765861267e-08,1.30616270602453e-08,6.07736255006681e-09,5.32817013469693e-09,1.15482780950707e-08,6.39265591600343e-09,1.12147225618154e-08,5.33271290284602e-09,4.65401710806108e-09,3.60206173236546e-09,5.59418303127765e-09,5.37944855111565e-09,6.14479243178995e-09,4.01622841396188e-09,3.14455484857287e-09,2.79977255343847e-09,4.72686864821604e-09,3.80129041675043e-09,5.41950223701085e-09,2.77839714876408e-09,2.45242061222033e-09,2.35690015212958e-09,3.3561209546174e-09,2.99771045533369e-09,3.92073103317955e-09,6.46999606321002e-09,6.65414037505746e-09,1.28753588374647e-08,6.27783578973684e-09,1.1939058140025e-08,1.06422800051487e-08,7.74819997680138e-09,1.48126443455398e-08,3.4918514411765e-08,1.44300595201762e-08,2.70928796159817e-08,2.46715803289781e-08,1.26820605798763e-08,3.00836750818547e-08,1.39658972327395e-08,2.30846318332249e-08,2.54425328270602e-08,1.96878953947779e-08,2.59601883072432e-08,1.19207514252389e-08,5.47987597140899e-09,2.19232751845578e-08,1.0312661591591e-08,1.89252420610292e-08,1.03116343618474e-08,4.82216020317798e-09,4.34829146900519e-09,8.86243185139151e-09,5.10808000820916e-09,8.68430804878274e-09,4.2248444103913e-09,3.77428267743563e-09,2.9780601263461e-09,4.55352324717209e-09,4.13612464769052e-09,4.7272919377488e-09,3.16204228641121e-09,2.60616229371692e-09,2.37697334755567e-09,3.52194334086444e-09,3.27961722793774e-09,4.30210522961442e-09,2.28172165638051e-09,2.09588739105231e-09,2.05326229836058e-09,2.9072274034016e-09,2.73921303861196e-09,3.43069430596273e-09
1.47990071656686e-08,5.42996184379016e-08,2.85655990786518e-08,2.26453275273623e-08,7.57985995085257e-08,3.59878964654035e-08,6.91692294644014e-08,3.43838189426328e-08,1.75790498082741e-08,9.60398580409194e-08,2.84781433801866e-08,8.3213895008237e-08,2.9120862055431e-08,1.49055446323529e-08,1.02589356538785e-08,2.40318686487446e-08,1.49918155127884e-08,2.23635984898804e-08,1.27907235873574e-08,8.6444827313143e-09,9.03060774652885e-09,1.27087929294812e-08,9.10749092353599e-09,1.24407002137004e-08,7.56395752004072e-09,8.14804318027041e-09,5.96665437021677e-09,8.07434794438735e-09,9.2703445579865e-09,8.7178223860632e-09,7.50085190648758e-09,5.42778280903491e-09,5.06579654650025e-09,8.47906951123908e-09,6.31161710137604e-09,9.49675977470917e-09,4.76064898246739e-09,4.33781059677908e-09,3.93519760906871e-09,5.40042661678749e-09,5.37543229733734e-09,6.21088461264661e-09,3.89540111582168e-09,3.55855605187644e-09,3.62298128295991e-09,4.87449211753357e-09,4.71111473654372e-09,5.80842196144013e-09,1.33616963370035e-08,3.50165619168928e-08,2.3830709082871e-08,2.0245982012392e-08,4.85167586804473e-08,3.08589086353031e-08,4.68148005307453e-08,2.94405451653395e-08,1.38430875976955e-08,6.44916896132968e-08,2.27679533810149e-08,5.24700469239942e-08,2.49155708217239e-08,1.2108881202558e-08,8.09067180557885e-09,1.96491579250325e-08,1.24527314180203e-08,1.83333253402003e-08,1.0281143129047e-08,6.61071110877199e-09,7.24623276774743e-09,1.04632506167398e-08,7.27949723447242e-09,1.03153843265366e-08,5.75937483875900e-09,6.48434636495300e-09,4.70294192848118e-09,6.40227532853179e-09,7.28916545145034e-09,6.70842717470164e-09,5.87746640152297e-09,4.22758020834034e-09,4.25999651465367e-09,6.65810119054616e-09,5.18371747085887e-09,7.72552906512272e-09,3.6495240868504e-09,3.57703886831378e-09,3.34577919882546e-09,4.34165626820018e-09,4.46707641723289e-09,4.95339115941936e-09,3.24463594570885e-09,3.030004959958e-09,3.07134076818115e-09,4.09033046553359e-09,4.14804278523306e-09,4.98904072050293e-09
7.79076480379367e-09,1.51685140264735e-08,2.80763910427743e-08,1.2334937541934e-08,2.33984403505438e-08,1.89065310622744e-08,1.8315546513168e-08,3.21771484949093e-08,3.34509840963335e-08,2.84781433801866e-08,5.19349057032377e-08,4.41568511629157e-08,2.73998992000953e-08,2.81341968352057e-08,1.5605265087606e-08,4.37958590061974e-08,2.40534564721973e-08,3.72967506486113e-08,2.41423773555402e-08,1.30778558247031e-08,7.01027142538628e-09,2.04246323698056e-08,1.19693463660656e-08,1.81646016485074e-08,1.12748917434441e-08,6.14582746325808e-09,6.1327804567978e-09,1.03706536929497e-08,6.46580146558495e-09,1.01179902007683e-08,5.37382017792106e-09,5.42847691141818e-09,3.85995125173282e-09,5.64310772937243e-09,5.97703290770324e-09,6.15856657579434e-09,4.59616598783353e-09,3.36949358642661e-09,2.97883064264588e-09,5.16550720611905e-09,4.05978263760701e-09,5.76135642854690e-09,2.98527661277364e-09,2.62708297700042e-09,2.63950819885236e-09,3.63526919217859e-09,3.16438646292981e-09,4.1791491583328e-09,6.14755867543496e-09,1.20152432672538e-08,2.25728975321843e-08,1.02363557361438e-08,1.92009290401872e-08,1.56897065469911e-08,1.44303667152545e-08,2.61696824424959e-08,2.64203571161825e-08,2.34521118887098e-08,4.06668212974822e-08,3.4698106567739e-08,2.25582371231268e-08,2.27574367602561e-08,1.19574161075341e-08,3.50388362953094e-08,1.96679139799637e-08,3.01608675765724e-08,1.95360822286385e-08,1.02316040376476e-08,5.61393978895493e-09,1.68568243422433e-08,9.45081785118472e-09,1.4521762078866e-08,8.7939386339205e-09,4.94399105200214e-09,4.84626575062675e-09,8.132727409866e-09,5.054729885525e-09,7.65695226529853e-09,4.27840900517865e-09,4.19303701232359e-09,3.34247330137535e-09,4.43183010852382e-09,4.50424330819863e-09,4.64501036286779e-09,3.48591028506813e-09,2.90026540944766e-09,2.53588945849252e-09,3.7918356129543e-09,3.55924103635727e-09,4.37393516142334e-09,2.55734203181432e-09,2.27965011915306e-09,2.17974169193491e-09,3.23775469974196e-09,2.77327511720352e-09,3.629137528613e-09
1.45253243983812e-08,5.01102760367843e-08,2.35512344410641e-08,2.07270657163666e-08,6.50176566365708e-08,2.99555885003845e-08,6.40177203495805e-08,2.85959655418779e-08,3.06580436801253e-08,8.3213895008237e-08,4.41568511629157e-08,1.07484637319426e-07,2.41320127143073e-08,2.56870573842176e-08,1.59720668676896e-08,3.70561109465427e-08,2.23798631680435e-08,3.14729080469539e-08,2.2021857759809e-08,1.33831861275589e-08,8.34541431571082e-09,1.89373615758241e-08,1.29468292055312e-08,1.75589086363006e-08,1.15304803476309e-08,7.30100998812769e-09,8.25404837496315e-09,1.12325099993994e-08,8.17326038691966e-09,1.12721610922693e-08,6.52369247237389e-09,7.4175024535255e-09,5.85365543039548e-09,7.33112064060249e-09,8.49755658080366e-09,8.20993019971563e-09,6.42704794125784e-09,5.0616139442458e-09,4.25367537767267e-09,7.33610692473488e-09,6.08472977905316e-09,8.10819729714617e-09,4.47334425055623e-09,3.83438342915727e-09,4.11176286764081e-09,5.52397413165545e-09,5.0951117580194e-09,6.58704802670768e-09,1.27245282213523e-08,3.22738723861059e-08,2.00210811637475e-08,1.80092850217016e-08,4.32047777425523e-08,2.6104562654646e-08,4.3067177589002e-08,2.47354839385615e-08,2.3066264756947e-08,5.76347963713241e-08,3.39846509765359e-08,7.03466217348445e-08,2.08992889567691e-08,2.01215704279908e-08,1.18764781119986e-08,2.95111768398647e-08,1.79412656056275e-08,2.51231197181053e-08,1.70927977415225e-08,9.94388818809775e-09,6.69440192426909e-09,1.52233284840843e-08,1.00336677936142e-08,1.41041218629922e-08,8.4762378114377e-09,5.84221604099595e-09,6.34391143366879e-09,8.64100345517501e-09,6.26911004565094e-09,8.1904284983511e-09,5.08651385758774e-09,5.54212961882515e-09,4.96399778068769e-09,5.5823292933939e-09,6.60064083218009e-09,6.4754187416971e-09,4.77177011670087e-09,4.19446992770017e-09,3.61144013610664e-09,5.62483269469535e-09,5.03001150925269e-09,6.29671282191552e-09,3.74675934154008e-09,3.31666960824396e-09,3.45368967752826e-09,4.6360421233289e-09,4.45482687489749e-09,5.52786822639769e-09
6.36419275528777e-09,1.36791493248936e-08,2.96572945591091e-08,1.11880221961122e-08,2.41071921308344e-08,1.96549929449402e-08,1.66765442486218e-08,3.41014055223303e-08,1.48549380972755e-08,2.9120862055431e-08,2.73998992000953e-08,2.41320127143073e-08,3.90797091807357e-08,1.64066082809782e-08,8.97554258008787e-09,3.10900409367636e-08,1.5618516469585e-08,2.85602625014216e-08,1.40308159781729e-08,7.64516782591875e-09,7.52820409983413e-09,1.32366860158009e-08,7.79554201729058e-09,1.25059733916513e-08,6.63509817345247e-09,6.69061368034612e-09,4.17134216379088e-09,6.7784580936783e-09,7.34165834461436e-09,6.94626855690962e-09,6.0755193123004e-09,3.74122207261628e-09,3.36352725248457e-09,6.62622123859567e-09,4.34674781892338e-09,7.22611105966917e-09,3.20739645954986e-09,2.84756623399386e-09,2.97847137356911e-09,3.67575670769007e-09,3.67627763720359e-09,4.37117987237871e-09,2.53731744369506e-09,2.65158233892194e-09,2.43163459319214e-09,3.29512021156614e-09,2.99040628813137e-09,3.64032431513471e-09,5.12112571984214e-09,1.14359563299577e-08,2.42688060788747e-08,9.68382398742491e-09,1.9300797500227e-08,1.62296771485692e-08,1.39296383181261e-08,2.80062315162152e-08,1.22963745172855e-08,2.32945003361774e-08,2.24173797501598e-08,1.90121551125174e-08,3.22408631360174e-08,1.34150321060718e-08,7.20352481040521e-09,2.54691286442005e-08,1.29736271444609e-08,2.34253922677995e-08,1.14963830415815e-08,6.06733487071364e-09,5.79294932636913e-09,1.10545818829146e-08,6.04476777935524e-09,1.01355688337908e-08,5.21779664334023e-09,5.18913601903408e-09,3.33631755523568e-09,5.22557163739133e-09,5.6868468365268e-09,5.34663101451791e-09,4.68240058550534e-09,2.96121315161811e-09,2.89681134977521e-09,5.14865810836234e-09,3.50998078054622e-09,5.7937714783209e-09,2.51195014490515e-09,2.44561294216274e-09,2.53991064967243e-09,2.88009656553576e-09,3.13649725228163e-09,3.38023737379288e-09,2.19639173855877e-09,2.22545278153385e-09,1.90717172660952e-09,2.84930607356079e-09,2.55458200563304e-09,3.07093453041961e-09
7.11863098701189e-09,7.58656849411626e-09,1.30988879523078e-08,6.84402533404298e-09,1.25772944607706e-08,1.06831144505522e-08,9.05347899956091e-09,1.48521967770439e-08,3.68041336118505e-08,1.49055446323529e-08,2.81341968352057e-08,2.56870573842176e-08,1.64066082809782e-08,4.06582077605429e-08,1.92655155884965e-08,3.09921553109541e-08,3.41727132465609e-08,2.61592365422797e-08,3.48150826874443e-08,1.61736796769529e-08,7.62763074621281e-09,2.89605193624489e-08,1.44265022430106e-08,2.56351397358038e-08,1.39480177791466e-08,6.58844114112248e-09,5.89806242657614e-09,1.24198438924364e-08,6.88249910084627e-09,1.19666244722802e-08,5.73796556864887e-09,5.11359615729037e-09,3.89051979110437e-09,5.99135542786229e-09,5.88431623691671e-09,6.64415420440808e-09,4.46291162303315e-09,3.40409316746712e-09,3.03076279378408e-09,5.19689959239153e-09,4.07884650798265e-09,5.87794316992661e-09,3.02789848684856e-09,2.6527056483284e-09,2.4220152622384e-09,3.60961131807045e-09,3.14389856221437e-09,4.13328252275344e-09,5.86916008723377e-09,5.84891258126121e-09,1.11120907852045e-08,5.46423750627195e-09,1.04346392681665e-08,9.12826644445065e-09,6.82292678497221e-09,1.26795719722504e-08,3.00832595894762e-08,1.25282185751659e-08,2.30820314015807e-08,2.11531491167104e-08,1.40698194453539e-08,3.30769985654606e-08,1.5203327852963e-08,2.54696983225916e-08,2.78914365639449e-08,2.16910438053792e-08,2.86259488375522e-08,1.28599809478288e-08,5.85299756362333e-09,2.39475153361765e-08,1.12533607608742e-08,2.08213153703113e-08,1.10817403416934e-08,5.20371900849559e-09,4.83840794082738e-09,9.64673568245625e-09,5.54284195912465e-09,9.35933130870713e-09,4.52960292747629e-09,4.14091217646458e-09,3.23643862791838e-09,4.8873520263573e-09,4.66487800673487e-09,5.19785569129215e-09,3.51809734877256e-09,2.85899105440159e-09,2.52757531672797e-09,4.04373855974115e-09,3.47347984211292e-09,4.74146537296546e-09,2.53389369065959e-09,2.21454658489476e-09,2.04960551552967e-09,3.07500755672072e-09,2.83475967857446e-09,3.56814556526288e-09
4.97681376110298e-09,9.95462840264189e-09,7.30389522660905e-09,8.77273164068952e-09,9.13541935290314e-09,7.23478863438723e-09,1.11384328034456e-08,8.04047125233666e-09,1.7823390543949e-08,1.02589356538785e-08,1.5605265087606e-08,1.59720668676896e-08,8.97554258008787e-09,1.92655155884965e-08,4.62708109611521e-08,1.71259545076449e-08,3.4657445868241e-08,3.06429653809774e-08,1.61767434792078e-08,3.81817747830476e-08,1.53489746323027e-08,2.84585762752447e-08,3.06466219492325e-08,2.23571763184603e-08,3.30231830822859e-08,1.30645671686473e-08,6.41668078509591e-09,2.63990606576186e-08,1.20497248453289e-08,2.39039826940844e-08,1.15008553194307e-08,5.65374636167286e-09,5.99970598183363e-09,1.05821476577777e-08,6.39111796285218e-09,1.09984189181818e-08,4.87566087970623e-09,5.20259109708115e-09,3.48253899414017e-09,5.51586305900125e-09,5.8061538017688e-09,5.98800940432468e-09,4.62400413481581e-09,3.00735073003411e-09,2.72040027778973e-09,5.12271253967659e-09,3.6054127195681e-09,5.76671885070493e-09,4.24682874113944e-09,7.4326984746078e-09,6.19271984432969e-09,7.12064928366953e-09,7.0081575139333e-09,6.01165020664318e-09,8.23022169256472e-09,6.88029941633791e-09,1.45475570888649e-08,7.96896063251303e-09,1.27796920844156e-08,1.29888440776549e-08,7.79213917482976e-09,1.55004554844267e-08,3.54589418693764e-08,1.42390841197137e-08,2.72801722124476e-08,2.44497540573415e-08,1.32486879731845e-08,2.95144677567789e-08,1.14596961555671e-08,2.24118540374724e-08,2.4145044337021e-08,1.78760898198613e-08,2.54902357686854e-08,9.87060504416435e-09,5.03738495450251e-09,2.08564252304419e-08,8.79075820556148e-09,1.84820586917752e-08,8.69414370439782e-09,4.42046124407042e-09,4.91784987568246e-09,7.81108877466865e-09,5.32578307162363e-09,8.25742951314812e-09,3.79232741930507e-09,4.26035455773313e-09,2.97022176190285e-09,4.55433533793551e-09,4.68968550532886e-09,4.99813109046167e-09,3.81416122568923e-09,2.57381127210703e-09,2.2771388980303e-09,4.13338825280177e-09,3.26598990179453e-09,4.84117814907958e-09
6.78570146887611e-09,1.26439477501987e-08,2.38254562839992e-08,1.05550481591336e-08,1.96672956260694e-08,1.59124434313781e-08,1.54575324806696e-08,2.73975205469913e-08,2.81357173181591e-08,2.40318686487446e-08,4.37958590061974e-08,3.70561109465427e-08,3.10900409367636e-08,3.09921553109541e-08,1.71259545076449e-08,4.97650400069203e-08,2.62863405124165e-08,4.22548358731796e-08,2.64173532649999e-08,1.43031451300284e-08,7.7464260473129e-09,2.21057839461527e-08,1.31911873387102e-08,1.97174539359938e-08,1.21645476458711e-08,6.67415554981696e-09,6.74258552352097e-09,1.12774922826794e-08,7.03610197918545e-09,1.08560163754269e-08,5.78074190331184e-09,5.92084838191693e-09,4.26229118173989e-09,6.11022136764385e-09,6.60327152167116e-09,6.77031391075963e-09,5.06227875440603e-09,3.72923367744069e-09,3.29989430655159e-09,5.74365002451173e-09,4.48290289063972e-09,6.34828789568358e-09,3.31686861023853e-09,2.9041872888935e-09,2.7483855845841e-09,3.99219285112878e-09,3.41045984075881e-09,4.52435268201778e-09,5.47697169166196e-09,1.03653182590377e-08,1.94840954038292e-08,8.84257161346570e-09,1.63594399270511e-08,1.31877006281343e-08,1.25405763693365e-08,2.25557458365539e-08,2.27576351655107e-08,2.00632416671084e-08,3.50360612060299e-08,2.99089213622626e-08,2.59558399155936e-08,2.48863838430149e-08,1.3120629534131e-08,3.98613860244278e-08,2.13843296716381e-08,3.43918145160347e-08,2.14086230384403e-08,1.10936942833505e-08,6.02908113144128e-09,1.82296268638113e-08,1.02116390718969e-08,1.57699227152004e-08,9.42610983956783e-09,5.29593690235805e-09,5.30013743324443e-09,8.7271286350066e-09,5.41976196860486e-09,8.12926190453641e-09,4.50913697036919e-09,4.58139523255943e-09,3.67295600580297e-09,4.75570347503456e-09,5.12164436955647e-09,5.20094660165686e-09,3.85552408519832e-09,3.20573278503611e-09,2.71363704298956e-09,4.36856449735628e-09,3.85161453996925e-09,4.881543747783e-09,2.85845449158471e-09,2.41657838394125e-09,2.20055532872468e-09,3.466207413121e-09,2.91317286406992e-09,3.83201053822541e-09
7.76120867315905e-09,8.64018501008091e-09,1.27701631738692e-08,7.73045736929724e-09,1.28095875576464e-08,1.09272478541588e-08,1.02006118529362e-08,1.4241255289411e-08,3.11283048322196e-08,1.49918155127884e-08,2.40534564721973e-08,2.23798631680435e-08,1.5618516469585e-08,3.41727132465609e-08,3.4657445868241e-08,2.62863405124165e-08,5.39361815831988e-08,4.28871065838839e-08,2.89638659573865e-08,2.84575232096719e-08,1.40286807907118e-08,4.49983362245446e-08,2.24441235457493e-08,3.60768306538394e-08,2.44092807602664e-08,1.19056955580958e-08,6.5951508153573e-09,1.91571901185566e-08,1.11923626781389e-08,1.75322706414589e-08,1.04318718426437e-08,5.75327208097792e-09,6.52202214505655e-09,9.77198346863915e-09,6.59105760505746e-09,1.03678344774722e-08,4.96676277913458e-09,5.68272114175886e-09,3.80876093180183e-09,5.71379986555551e-09,6.46002795237259e-09,6.44041188793924e-09,5.11458668245896e-09,3.35576384834269e-09,2.91327916936112e-09,5.77436382827295e-09,3.87272198022023e-09,6.33899754308099e-09,6.53773962460100e-09,6.51641232746814e-09,1.10178012368928e-08,6.22750493682006e-09,1.0581190691184e-08,9.19125325486913e-09,7.57813261189671e-09,1.22628406547092e-08,2.55612159865068e-08,1.22615765107595e-08,1.98511114066017e-08,1.85923069247213e-08,1.35047710008028e-08,2.79665248271569e-08,2.74951424254286e-08,2.18186312358242e-08,4.35121813355321e-08,3.49580954623235e-08,2.39905117454266e-08,2.25667192629694e-08,1.05828238138029e-08,3.66001095453299e-08,1.79051071415726e-08,2.95328298390973e-08,1.94455422492411e-08,9.19376976899576e-09,5.39876541980155e-09,1.53760297399427e-08,8.75706585450987e-09,1.39846896931419e-08,8.11587090249514e-09,4.62593777349916e-09,5.25954699808531e-09,7.80117286778049e-09,5.25389171662459e-09,8.09863415753707e-09,3.91380437340725e-09,4.60179192252071e-09,3.09297999466786e-09,4.48606854789589e-09,5.10418047094785e-09,5.22003953260026e-09,4.1593656264101e-09,2.75485892093484e-09,2.4512683390939e-09,4.58103056259731e-09,3.36438200325309e-09,5.11681441339270e-09
6.8767223114702e-09,1.25414339682607e-08,2.20649740142321e-08,1.06856392766962e-08,1.8370508464199e-08,1.51407681471247e-08,1.53441163296625e-08,2.52548224899356e-08,2.39210946037846e-08,2.23635984898804e-08,3.72967506486113e-08,3.14729080469539e-08,2.85602625014216e-08,2.61592365422797e-08,3.06429653809774e-08,4.22548358731796e-08,4.28871065838839e-08,6.31773905544334e-08,2.19940060800634e-08,2.50093074554943e-08,1.29119831850459e-08,3.54387541951135e-08,1.98357270055215e-08,2.81345257844849e-08,2.12213085051069e-08,1.08940253283889e-08,6.66264330562042e-09,1.68011256766261e-08,1.03378189916169e-08,1.54448332394664e-08,9.51297221012531e-09,5.8696206644496e-09,6.95214351859211e-09,9.0164631964782e-09,6.58551268684283e-09,9.56493066176726e-09,5.11005366357783e-09,6.13391483962053e-09,4.13912050222264e-09,5.7845915180756e-09,7.03466291643869e-09,6.61145311912526e-09,5.4946885801919e-09,3.64603064223314e-09,3.04197470333351e-09,6.28338281404217e-09,3.9957948857345e-09,6.70491172561725e-09,5.56563959696917e-09,1.02313970946783e-08,1.82444103689272e-08,9.09866837600353e-09,1.55020466521518e-08,1.27218469884899e-08,1.24090543731206e-08,2.07961162723264e-08,1.939622912551e-08,1.86738133895585e-08,2.99045025828997e-08,2.59447141908939e-08,2.38759628838712e-08,2.09042032674495e-08,2.3654832826781e-08,3.39311992758287e-08,3.43975674805049e-08,5.09001622557681e-08,1.77815570026427e-08,1.93466080788562e-08,9.73748677459494e-09,2.86644779036914e-08,1.54801491567995e-08,2.25867948360964e-08,1.65459782459039e-08,8.36113803816643e-09,5.3254608025046e-09,1.32034341409952e-08,7.88763913316563e-09,1.19582636814119e-08,7.28739556990191e-09,4.64678662771659e-09,5.63262370827732e-09,6.98899584074434e-09,5.20217053135697e-09,7.36774747197176e-09,4.00022082769554e-09,4.93700180866665e-09,3.38146542649199e-09,4.48203054140786e-09,5.62537306292928e-09,5.18241727969584e-09,4.4585859474165e-09,3.01990010732431e-09,2.41579769140385e-09,5.08745713882855e-09,3.34138717206851e-09,5.36689594292667e-09
6.26176918838719e-09,6.50802230310416e-09,1.13093940761153e-08,5.97347234328272e-09,1.07363154371995e-08,9.34333969878127e-09,7.82059168233601e-09,1.28304121517139e-08,3.16814421286564e-08,1.27907235873574e-08,2.41423773555402e-08,2.2021857759809e-08,1.40308159781729e-08,3.48150826874443e-08,1.61767434792078e-08,2.64173532649999e-08,2.89638659573865e-08,2.19940060800634e-08,3.99654153849336e-08,1.80736178499643e-08,8.67269416251437e-09,3.31320630751034e-08,1.60362873660356e-08,2.92926311464113e-08,1.54391561474184e-08,7.48361579967792e-09,6.85808646109051e-09,1.37367223623761e-08,7.68975421182492e-09,1.3160927825744e-08,6.54649946079027e-09,5.95922300940477e-09,4.48741157692616e-09,6.70768913350837e-09,6.77813584991543e-09,7.42324966830919e-09,5.13062851714589e-09,3.89923509800135e-09,3.34458424885185e-09,5.94778859439022e-09,4.58845431864708e-09,6.55083540066364e-09,3.49824977895326e-09,2.95847239909861e-09,2.66111557466144e-09,4.09201819293117e-09,3.48338922033827e-09,4.57646151770684e-09,5.17178436237747e-09,5.2129642711794e-09,9.62491203146491e-09,4.88646086261227e-09,8.80446849488596e-09,7.97970533802144e-09,6.04848979562736e-09,1.09486191519369e-08,2.59573171637758e-08,1.06408099433908e-08,1.98196462877733e-08,1.79035562696924e-08,1.20922840380632e-08,2.86246749101854e-08,1.28628005009702e-08,2.17167905094319e-08,2.39501820896133e-08,1.83826583633906e-08,3.2784497726277e-08,1.43374559841973e-08,6.72143702414843e-09,2.74545804098468e-08,1.2511498961653e-08,2.3857096602361e-08,1.22122339259285e-08,5.92544442914843e-09,5.51819098972227e-09,1.06317538069011e-08,6.18362197207371e-09,1.02089409270618e-08,5.2379319004286e-09,4.74098486468986e-09,3.69112078691572e-09,5.48369701184482e-09,5.4405327823602e-09,5.85821655233205e-09,3.93444804983739e-09,3.24681376450245e-09,2.83471961231187e-09,4.6804267669639e-09,3.8774591957504e-09,5.22739538585314e-09,2.91323241741736e-09,2.51642693708764e-09,2.21745648930177e-09,3.4463725161136e-09,3.10535129225139e-09,3.90005645610066e-09
