4.79814870160434e-08,2.34948569326898e-08,1.13671359699634e-08,3.82922020910607e-08,2.22817411048552e-08,3.60199332459267e-08,2.12370017743766e-08,1.0150605520114e-08,9.60577554763377e-09,2.00150162858822e-08,1.06740794120907e-08,1.9596045888412e-08,9.30130816729819e-09,9.10727939603309e-09,6.7805791959133e-09,9.87985962921247e-09,9.97674653430891e-09,1.05628398865323e-08,8.28152952495737e-09,6.34686023274053e-09,4.28586679864641e-09,9.27780607589009e-09,6.20748736164500e-09,9.14215035072801e-09,6.01579876804422e-09,3.92792674539714e-09,3.43001808256183e-09,5.73386093767718e-09,4.11420870062127e-09,5.86837872564123e-09,3.82210187328845e-09,3.37748272386073e-09,3.01808407594691e-09,4.00975442746223e-09,3.88492856229551e-09,4.71489031365798e-09,2.98726369969715e-09,2.64623620246207e-09,2.82109920699568e-09,3.40585177364618e-09,3.28595009413218e-09,4.02024903937067e-09,2.43556046366177e-09,2.30913115836698e-09,2.37524063590956e-09,2.82276165289674e-09,2.99338278593266e-09,3.4219889213032e-09,3.8856972548185e-08,1.73025597207775e-08,8.92682409063586e-09,3.27596550990921e-08,1.5826876102866e-08,3.04960225700609e-08,1.54491982138201e-08,8.00378732062955e-09,7.08718877546016e-09,1.41294958170422e-08,8.59777627064524e-09,1.4314693176202e-08,7.39528535314711e-09,6.63368606669472e-09,5.0356354810061e-09,7.94339105451139e-09,7.38061529587599e-09,7.8800312419474e-09,5.95666990108247e-09,4.60658627178098e-09,3.24760240908857e-09,6.84346160009152e-09,4.65012501529033e-09,6.79475770448104e-09,4.27635147547717e-09,2.9197472805042e-09,2.46756078782912e-09,4.20112514104553e-09,3.45175436670694e-09,4.66377539363824e-09,2.86300823833353e-09,2.52800528233997e-09,2.32788103113621e-09,3.54262194890048e-09,3.0161181002251e-09,4.01487082541755e-09,2.20160606477375e-09,2.04670166717137e-09,2.2298673800047e-09,2.73833576782728e-09,2.45577506114292e-09,3.10208936162732e-09,1.86272591134862e-09,1.82432138697119e-09,2.00880013570511e-09,2.17417432082356e-09,2.33029886999105e-09,2.62318755474887e-09
2.34948569326898e-08,1.00161057613107e-07,2.76630674868693e-08,4.4395465789728e-08,8.67686930523914e-08,3.68326985883244e-08,8.96677635825663e-08,2.44638305913549e-08,1.36556916426482e-08,7.7689542700113e-08,2.26471026414862e-08,7.08573030271126e-08,2.15038846598039e-08,1.18640677320817e-08,1.37230754577342e-08,1.96723019718588e-08,1.24794969467267e-08,1.93393398301797e-08,1.0713595973913e-08,1.24863923958675e-08,7.08613873535115e-09,1.1069267833332e-08,1.28502616797938e-08,1.11266349913323e-08,1.17718742679426e-08,6.75640923697801e-09,5.65213037783753e-09,1.20229750414447e-08,7.45184158065604e-09,1.24917895290635e-08,6.6696173555771e-09,5.50524230670475e-09,5.59357246725274e-09,7.22322893960807e-09,7.00948316295876e-09,9.09560748908098e-09,4.92111844808714e-09,4.99368823021336e-09,4.69503407284058e-09,6.17018287631726e-09,5.93716470050465e-09,7.23883577223153e-09,4.79291774495783e-09,4.28658996577137e-09,4.17939936486741e-09,5.61530099009137e-09,5.23878278165422e-09,6.55227805155807e-09,1.847772762588e-08,5.47417227809234e-08,2.12395470485814e-08,3.44849989130826e-08,4.79023315132828e-08,3.00216933179768e-08,4.87594593098338e-08,1.88844805121506e-08,1.07254266063136e-08,4.2906527654402e-08,1.87254379514838e-08,4.03780273390141e-08,1.71287753529979e-08,8.98157301353909e-09,1.00400138250267e-08,1.61437322323041e-08,9.54137781340446e-09,1.59448989259776e-08,8.09747571653555e-09,9.16416970784386e-09,5.41924274810489e-09,8.35654136566895e-09,9.6206265462396e-09,8.2298335340978e-09,8.71025730352444e-09,5.09413524344634e-09,4.13618483645717e-09,9.10108346526167e-09,6.17726551720254e-09,9.55478493617249e-09,5.06942198622306e-09,4.05634986600867e-09,4.02415113879248e-09,6.02344452218097e-09,5.17976672553067e-09,7.30997375617778e-09,3.5048114425267e-09,3.50220595484786e-09,3.70340817298347e-09,4.51530139037676e-09,4.56880716127187e-09,5.59819488669156e-09,3.30705982841315e-09,3.34883295489882e-09,3.60478398963558e-09,4.24961627063968e-09,4.33032114128849e-09,5.24512847050037e-09
1.13671359699634e-08,2.76630674868693e-08,5.61961360825953e-08,2.21690652333982e-08,4.75784564914902e-08,3.96629349075706e-08,2.4475267693867e-08,4.91595399255219e-08,2.19165842436388e-08,4.13913976017421e-08,3.94495428543879e-08,3.33332432088946e-08,4.48093183413268e-08,1.98027297704991e-08,1.02461874435382e-08,3.56164302673222e-08,1.8959525417882e-08,3.35315532610745e-08,1.78250162894805e-08,9.10348278584054e-09,8.15226039185185e-09,1.69057628647532e-08,8.84433242238049e-09,1.57492300656648e-08,8.34709025317428e-09,7.86588554721765e-09,5.02440304031517e-09,8.16214249945144e-09,7.98755358146083e-09,8.30990441139711e-09,7.57922219821725e-09,4.8830908135589e-09,4.51405379623932e-09,7.70972588568208e-09,5.7227831582557e-09,9.11794310816635e-09,4.56881346562125e-09,4.0225741258897e-09,3.60115393865043e-09,5.24028178577295e-09,4.55813537444681e-09,5.69099091864583e-09,4.01749032555717e-09,3.54995106226492e-09,3.54931499529967e-09,4.66113145325964e-09,4.29296738288153e-09,5.51918864921431e-09,8.38433585131089e-09,1.88446862951966e-08,4.04526423956371e-08,1.69493366382966e-08,3.35958623300781e-08,2.94039163232248e-08,1.66281652375319e-08,3.61566025984986e-08,1.79651893531818e-08,2.9543357376758e-08,3.13644840035349e-08,2.59716864583367e-08,3.3272252141642e-08,1.62090330398456e-08,7.98047900856636e-09,2.83424262120875e-08,1.50193360281209e-08,2.61795887739006e-08,1.46846990446475e-08,7.29209436481441e-09,5.30358315629768e-09,1.36371105736387e-08,6.9759761124042e-09,1.27424062101499e-08,6.64550022179775e-09,5.07953394581588e-09,3.5997413990263e-09,6.50280983659353e-09,5.58989426708573e-09,6.477817573512e-09,4.93620845825308e-09,3.46424461494837e-09,3.40220755018706e-09,5.45981697655522e-09,4.12235514478309e-09,6.59655659389256e-09,3.18715105362634e-09,3.06130960273311e-09,2.93353788968243e-09,3.72344441982996e-09,3.60748160838596e-09,4.25691649928412e-09,3.02128047618318e-09,2.89859630752413e-09,2.92081437322239e-09,3.75070525631737e-09,3.56457945123884e-09,4.35961553777539e-09
3.82922020910607e-08,4.4395465789728e-08,2.21690652333982e-08,6.39063114959263e-08,3.57549187770337e-08,5.23181100816092e-08,3.97735368534829e-08,1.93861585687659e-08,1.09388341861744e-08,3.19492329942875e-08,1.80348690032357e-08,2.8850013921349e-08,1.7427930301445e-08,1.01017628172675e-08,1.15323305706215e-08,1.63156414431419e-08,1.08427504129944e-08,1.64430899267394e-08,9.11677395668614e-09,1.06662909652685e-08,5.64310264688239e-09,9.80609811071113e-09,1.07766590497952e-08,9.12403150419688e-09,1.00161136260743e-08,5.31054911712544e-09,4.22171660801605e-09,9.98892767317597e-09,5.65920147532488e-09,1.03529806605139e-08,5.22583159443508e-09,4.18732445093352e-09,3.93263697521175e-09,5.54381378038824e-09,4.8845246111424e-09,6.70041573959952e-09,3.70190602939892e-09,3.49356854130541e-09,3.95333044394211e-09,4.30375890759689e-09,4.56217911104423e-09,5.23166506965394e-09,3.40719035353679e-09,3.51973425369567e-09,3.32250519668613e-09,4.22349465630106e-09,4.16113581812151e-09,4.98361379967258e-09,3.07990535987789e-08,3.25219022684355e-08,1.78320456236393e-08,5.13583576163878e-08,2.69895386511725e-08,4.32471684391684e-08,2.86842865112866e-08,1.5684427818825e-08,8.5237064659697e-09,2.39270549306826e-08,1.48131981880308e-08,2.21759289231161e-08,1.42772612699785e-08,7.73463219073096e-09,7.78831958801234e-09,1.34405789676515e-08,8.75307835227832e-09,1.34309076075527e-08,7.04208004739243e-09,7.25745205686001e-09,4.1940137288937e-09,7.88361528669693e-09,7.56509032536251e-09,7.51890235744082e-09,6.85481390406229e-09,3.8878628273773e-09,3.02362878880677e-09,7.07331584393342e-09,4.37192189074898e-09,7.52016737485126e-09,3.87376727359196e-09,3.08401765255981e-09,3.00659186749135e-09,4.40623939466528e-09,3.70824064770703e-09,5.36167440160628e-09,2.64510577362757e-09,2.66763597944797e-09,3.14044802145634e-09,3.31330666419135e-09,3.54668167248913e-09,3.9058353037251e-09,2.42329975630251e-09,2.76595081418248e-09,2.55947958440712e-09,3.26678215232298e-09,3.35799994439073e-09,4.03812946974777e-09
2.22817411048552e-08,8.67686930523914e-08,4.75784564914902e-08,3.57549187770337e-08,1.22655652107437e-07,5.7368618867615e-08,7.76948799132456e-08,4.13801946826706e-08,2.12125265015363e-08,1.08209304788346e-07,3.32899648388331e-08,9.20129399242192e-08,3.67095336491145e-08,1.86370552153727e-08,1.16844248688221e-08,2.93065526578294e-08,1.78155431441389e-08,2.7047024627933e-08,1.68526880071787e-08,1.02755367526985e-08,1.0638588296358e-08,1.58351868051693e-08,1.05385462944248e-08,1.53835222453825e-08,9.49690525345255e-09,1.02105964672792e-08,6.93819850066586e-09,9.75439906065681e-09,1.09508525905199e-08,1.00434590058072e-08,9.98455969230331e-09,6.77233355735943e-09,6.49352133561669e-09,1.06330737699305e-08,8.48832893460145e-09,1.3135931015314e-08,6.14268570140473e-09,5.62472032089451e-09,5.32248356295008e-09,7.28112201016739e-09,6.73862421525607e-09,8.40021647299255e-09,5.6247841879843e-09,5.1003883480786e-09,4.83873109881815e-09,6.77064208229116e-09,6.0983887912829e-09,7.81662227065017e-09,1.75979399306749e-08,4.39874653274649e-08,3.45812525367934e-08,2.79120178650881e-08,6.83729050036561e-08,4.49588630652655e-08,3.92563929482258e-08,3.075686150888e-08,1.71639012267045e-08,6.07511253898221e-08,2.70917647983051e-08,5.35140340017129e-08,2.80502858040586e-08,1.47798717747929e-08,8.66296706895672e-09,2.36836249638837e-08,1.34308182286717e-08,2.15351025271135e-08,1.34703197912839e-08,7.76510480673653e-09,7.40530514886669e-09,1.21542397547951e-08,8.12439596196624e-09,1.18069155002171e-08,7.20772454269239e-09,6.97856610842989e-09,5.11797192190994e-09,7.56413448249781e-09,8.61250750693964e-09,7.91085874404911e-09,6.87184015418901e-09,4.96920606450016e-09,4.84070099181947e-09,8.35639886912582e-09,6.30769644633934e-09,1.01563737255143e-08,4.45066172130091e-09,4.03348852409808e-09,4.19100501101139e-09,5.20853327650813e-09,5.31808415791467e-09,6.35786551186392e-09,4.08557360216867e-09,3.94557974346975e-09,4.13994066125357e-09,5.31100158987552e-09,4.93509596814414e-09,6.07064885858465e-09
3.60199332459267e-08,3.68326985883244e-08,3.96629349075706e-08,5.23181100816092e-08,5.7368618867615e-08,7.76591423480447e-08,3.28311450443249e-08,3.40502242964004e-08,1.78900762908654e-08,5.00900074371039e-08,2.72750241792534e-08,4.14821523037527e-08,3.08668036885677e-08,1.61734423258091e-08,1.00399182308376e-08,2.45725220534566e-08,1.56667422010351e-08,2.30212670764732e-08,1.46632936339078e-08,9.18633091309529e-09,9.09847227815701e-09,1.41230411462701e-08,9.15253153104194e-09,1.33036987452733e-08,8.49955353669523e-09,8.71854656079598e-09,5.59143090373383e-09,8.44581549111231e-09,8.9454354573606e-09,8.52665812515809e-09,8.45752744879954e-09,5.51306196743371e-09,4.80226319797929e-09,8.73998491233828e-09,6.33221734605788e-09,1.02920379437472e-08,5.06816024351475e-09,4.20066352911296e-09,4.52737538510423e-09,5.58357733702068e-09,5.34376557184564e-09,6.62637883936922e-09,4.34567905169720e-09,4.22042791960481e-09,4.0921535180387e-09,5.27360533114395e-09,5.0457941336875e-09,6.34004719718839e-09,2.90983036941322e-08,2.62989136127441e-08,2.98448366004144e-08,4.25401524372741e-08,4.21225090922442e-08,6.17293403351758e-08,2.32762564038306e-08,2.63896242316414e-08,1.46177365277058e-08,3.71297456372207e-08,2.21901391818241e-08,3.17260769644914e-08,2.42400693479344e-08,1.32619295365669e-08,7.85393037344282e-09,2.0083122560802e-08,1.27965009756958e-08,1.86160700660281e-08,1.22079186772036e-08,7.29403178992116e-09,6.32810060651295e-09,1.18008617276033e-08,7.49464734284349e-09,1.1471842916592e-08,6.69843046963347e-09,5.99980841762524e-09,4.08863230567976e-09,6.94683871222315e-09,6.64264152669216e-09,6.79388929765614e-09,5.90109746699528e-09,4.06745348940089e-09,3.98264863923803e-09,6.59409881530598e-09,4.79975168217111e-09,7.90733676011575e-09,3.66857657182687e-09,3.43609957485252e-09,3.85981183213626e-09,4.17151925073893e-09,4.49156263517704e-09,5.01856066062729e-09,3.417433327448e-09,3.48201367871127e-09,3.28793158389965e-09,4.43710018749805e-09,4.26041819681273e-09,5.01951093072458e-09
2.12370017743766e-08,8.96677635825663e-08,2.4475267693867e-08,3.97735368534829e-08,7.76948799132456e-08,3.28311450443249e-08,1.06467892580165e-07,2.77894504112475e-08,1.44864967789475e-08,9.46117236467558e-08,2.60257743880878e-08,8.76836058028217e-08,2.44453091649401e-08,1.26823199671425e-08,1.42566573763718e-08,2.26036116656388e-08,1.32916768045251e-08,2.20204636170598e-08,1.14884450128002e-08,1.29712755093966e-08,7.74818884983904e-09,1.18131270134757e-08,1.34566007042627e-08,1.18994071400616e-08,1.21781670111716e-08,7.32763488870255e-09,6.17625137143576e-09,1.2549596856541e-08,8.18357817712344e-09,1.31634974163293e-08,7.2534404397281e-09,5.99018954509429e-09,6.04006817812936e-09,7.88803408603431e-09,7.41656572066415e-09,9.71351410670149e-09,5.37029104887179e-09,5.42573129907676e-09,4.93510275977213e-09,6.57635038984413e-09,6.34629184893429e-09,7.48604930511228e-09,4.99035278677547e-09,4.42120336314557e-09,4.45605507898876e-09,5.77643697805687e-09,5.38705684891942e-09,6.47866106986756e-09,1.67114084979915e-08,4.87589743114778e-08,1.88854685374225e-08,3.05590407309337e-08,4.29046736634518e-08,2.6794679994888e-08,6.11945642416969e-08,2.16936980082203e-08,1.16589601446194e-08,5.52023398896717e-08,2.18651010839983e-08,5.3154456274218e-08,1.97539220938681e-08,1.01431939736653e-08,9.97434062522271e-09,1.91646127646571e-08,1.02255151893083e-08,1.86640952547552e-08,9.10171774119867e-09,9.28723290182102e-09,5.85316843356596e-09,9.13120010229369e-09,9.82380266279351e-09,9.16420163367857e-09,8.74562172638799e-09,5.41252340223948e-09,4.54495398813066e-09,9.20051950545544e-09,6.73925236057636e-09,9.81095131315789e-09,5.3668926427976e-09,4.45055997739166e-09,4.36173647959261e-09,6.52026972254249e-09,5.60949990834063e-09,7.75579194177105e-09,3.85795463675919e-09,3.84663214832744e-09,3.93598176793051e-09,4.94240782159933e-09,4.91385289006438e-09,5.89090067286646e-09,3.63338074526417e-09,3.54619383254312e-09,3.87836681020695e-09,4.5363466108043e-09,4.65310004446267e-09,5.3894287606132e-09
1.0150605520114e-08,2.44638305913549e-08,4.91595399255219e-08,1.93861585687659e-08,4.13801946826706e-08,3.40502242964004e-08,2.77894504112475e-08,5.27670883875005e-08,2.31752876513518e-08,4.62323024633516e-08,4.24760502599488e-08,3.74176461310736e-08,4.80492929523972e-08,2.08809131505891e-08,1.09081681501111e-08,3.82886205614705e-08,2.00446072421593e-08,3.58995776791627e-08,1.88789877877694e-08,9.63386520307556e-09,8.9307205941204e-09,1.7902897907232e-08,9.35028239215876e-09,1.66328464245298e-08,8.81250548242102e-09,8.52131222140174e-09,5.44127966593784e-09,8.58616777948208e-09,8.66811366975903e-09,8.77233796141438e-09,8.23644957430016e-09,5.2945058178783e-09,4.94257585171101e-09,8.37395090492359e-09,6.13063340614776e-09,9.87854171231037e-09,4.88475290563864e-09,4.39312158537585e-09,4.01739194730755e-09,5.58799685454902e-09,5.03568900862585e-09,6.1002011294394e-09,3.99448489457475e-09,3.65956717039601e-09,3.494198343017e-09,4.56346941975788e-09,4.38628763754747e-09,5.36576744999494e-09,7.52068293387070e-09,1.66202101104036e-08,3.6153680710964e-08,1.46639214158482e-08,2.95339511397082e-08,2.55790750345909e-08,1.88065387966488e-08,3.91964231671633e-08,1.91797220062346e-08,3.28349424525706e-08,3.40433594264214e-08,2.91128121946511e-08,3.60393703496747e-08,1.7347906608066e-08,8.45272245209906e-09,3.07969175583642e-08,1.60474633299764e-08,2.8463270769889e-08,1.57645978359836e-08,7.69859130872315e-09,5.73967075858877e-09,1.45884247082556e-08,7.35713311471295e-09,1.3785765957937e-08,6.99723426026e-09,5.38818461475295e-09,3.83975842366616e-09,6.81714651659372e-09,5.96804416116381e-09,6.84935617279106e-09,5.28191453935262e-09,3.72236878333985e-09,3.53557743706475e-09,5.85293581320748e-09,4.45910647702303e-09,7.110881870446e-09,3.37288756948584e-09,3.26613682069345e-09,3.16984484036562e-09,4.04308362962008e-09,3.93900708301148e-09,4.57940016956758e-09,2.92924515824059e-09,2.91139242835055e-09,2.94032655337906e-09,3.6127040606529e-09,3.73571752732642e-09,4.38301016754413e-09
9.60577554763377e-09,1.36556916426482e-08,2.19165842436388e-08,1.09388341861744e-08,2.12125265015363e-08,1.78900762908654e-08,1.44864967789475e-08,2.31752876513518e-08,5.42058226856485e-08,2.26035257398754e-08,4.23465443929684e-08,3.74968019192676e-08,2.0882609333681e-08,4.89338762421474e-08,2.29144691320502e-08,3.80857014425872e-08,4.09478289576491e-08,3.2168258543671e-08,4.39940176037069e-08,2.01570037057253e-08,9.79722967048700e-09,3.67010772147238e-08,1.76148481165861e-08,3.23217369430754e-08,1.83713789950384e-08,8.81995031665759e-09,7.34599299935320e-09,1.59431379799897e-08,8.97906866579696e-09,1.53944583567648e-08,8.19451557087249e-09,7.05854872629333e-09,5.50883411042412e-09,8.44649404737777e-09,8.35357050306895e-09,9.6483226299499e-09,6.5689859337032e-09,4.92815145246884e-09,4.12585601597819e-09,7.65082643958497e-09,5.61251007556466e-09,7.97066639473844e-09,4.42666279266561e-09,3.71573268501572e-09,3.31349675809956e-09,5.08254300670902e-09,4.24418721348621e-09,5.59473269837793e-09,6.49121939290089e-09,8.789822908105e-09,1.60802834652115e-08,7.67609178823411e-09,1.52144628895088e-08,1.35382242148502e-08,9.77775865369303e-09,1.70966151159208e-08,4.15970518018947e-08,1.65567200283663e-08,3.22077056744954e-08,2.94321715644141e-08,1.557753859291e-08,3.74977669195963e-08,1.83705368111827e-08,2.88634389815963e-08,3.15697473600448e-08,2.4571114937531e-08,3.42144787523397e-08,1.65098595856391e-08,7.68307563928754e-09,2.88028930375747e-08,1.47022099552382e-08,2.57151900871821e-08,1.50423353695861e-08,6.99569878840775e-09,5.45218907218874e-09,1.34696224985429e-08,7.52991366003365e-09,1.31472990762112e-08,6.63104548472338e-09,5.31233848869565e-09,3.84402181443033e-09,7.24250559447175e-09,6.58926619611872e-09,7.77291549283967e-09,4.82397104030041e-09,3.55641379279401e-09,3.32523564237479e-09,6.00900272811686e-09,4.33189676677141e-09,6.06572249262332e-09,3.19938245422638e-09,3.03078647838414e-09,2.7795914409719e-09,3.95329656342372e-09,3.59456382563820e-09,4.52050376969526e-09
2.00150162858822e-08,7.7689542700113e-08,4.13913976017421e-08,3.19492329942875e-08,1.08209304788346e-07,5.00900074371039e-08,9.46117236467558e-08,4.62323024633516e-08,2.26035257398754e-08,1.29668835659752e-07,3.73803960492799e-08,1.12208770577929e-07,4.10679858956557e-08,1.98290981458909e-08,1.23823703863743e-08,3.28853867098205e-08,1.90586095767139e-08,3.04011962074185e-08,1.80220820783865e-08,1.09110862839839e-08,1.18223438581275e-08,1.70034967105748e-08,1.12492041449338e-08,1.6466449495539e-08,1.00845830525407e-08,1.13226892636664e-08,7.60105914533222e-09,1.04122952917949e-08,1.22424755797983e-08,1.0946129857425e-08,1.11110171376129e-08,7.37368537010004e-09,7.22195105268586e-09,1.1813022574989e-08,9.08724894906511e-09,1.41723953580997e-08,6.68256519512828e-09,6.29387013072562e-09,5.80772456250773e-09,7.86339530752444e-09,7.47112793641617e-09,8.96952780647758e-09,5.83411231777721e-09,5.34673375590141e-09,5.21513140125618e-09,6.87386862979919e-09,6.64860800535734e-09,7.99772349168323e-09,1.58414123511152e-08,3.92522055584331e-08,3.07564657819591e-08,2.46216617232252e-08,6.07449198668408e-08,3.9659319469886e-08,5.14823234230927e-08,3.46930356642847e-08,1.86314699432026e-08,7.56990677288965e-08,3.11310800640778e-08,6.87567834843089e-08,3.16777783375432e-08,1.63227481631305e-08,8.90137467013383e-09,2.75619831891404e-08,1.44579727190546e-08,2.49295835643187e-08,1.48999059888265e-08,8.1120835730593e-09,8.17853324219554e-09,1.3225140760026e-08,8.69016215986322e-09,1.31683610751313e-08,7.51017195531776e-09,7.65862637968713e-09,5.49884637607682e-09,8.037914504181e-09,9.47256816515753e-09,8.57832327663102e-09,7.56781373266726e-09,5.37530416890877e-09,5.18841442442030e-09,9.11840005221477e-09,6.81884698302439e-09,1.09918913233703e-08,4.78127600131956e-09,4.45725801461484e-09,4.63440297178296e-09,5.74276734934506e-09,5.89099286126476e-09,6.84961115537047e-09,4.1741540718778e-09,4.30051114295195e-09,4.53432955268396e-09,5.49669624043449e-09,5.59629006498172e-09,6.3619902961489e-09
1.06740794120907e-08,2.26471026414862e-08,3.94495428543879e-08,1.80348690032357e-08,3.32899648388331e-08,2.72750241792534e-08,2.60257743880878e-08,4.24760502599488e-08,4.23465443929684e-08,3.73803960492799e-08,6.62253969531983e-08,5.59794883101093e-08,3.82906123684669e-08,3.80851603491228e-08,2.01619746663997e-08,5.96409559332075e-08,3.22010173745739e-08,5.08731652808975e-08,3.43832509640692e-08,1.7583646197325e-08,9.56884007861198e-09,2.88301814870727e-08,1.56856939874096e-08,2.51533583002905e-08,1.59550659023925e-08,8.72879489315036e-09,8.2291947838474e-09,1.41534326137798e-08,9.24474804826053e-09,1.4161064156567e-08,8.2201149731509e-09,7.98604464384781e-09,5.98750230343859e-09,8.77440247978953e-09,9.15076741504142e-09,9.90828700442723e-09,7.42655171934068e-09,5.39344155225702e-09,4.62528297343881e-09,8.49329429952104e-09,6.09452149904397e-09,8.84068228488634e-09,4.84840009151708e-09,4.11371892839874e-09,3.88348645807246e-09,5.44833269090265e-09,4.81885816330284e-09,6.2539800723091e-09,7.7427827191232e-09,1.54959094087127e-08,2.91058482422314e-08,1.34538439997354e-08,2.41717827706876e-08,2.08156958458845e-08,1.79576236422263e-08,3.16664399350064e-08,3.34138503115343e-08,2.73959918613696e-08,5.12628636539149e-08,4.38403277832154e-08,2.889880514645e-08,3.01081725653485e-08,1.64263286695178e-08,4.61309141236111e-08,2.6128277468124e-08,4.00886205784219e-08,2.76174288014486e-08,1.46868290591492e-08,7.59422161268931e-09,2.37231525504082e-08,1.32479239141389e-08,2.11845338694507e-08,1.32335064915538e-08,6.95954085901669e-09,5.81456970702669e-09,1.20443031147862e-08,7.51423382277566e-09,1.19151536392813e-08,6.60770719052594e-09,5.69626127291984e-09,4.46973274854768e-09,7.21317413954377e-09,6.97072398609072e-09,8.15080002175869e-09,5.17543763369531e-09,4.15418611048343e-09,3.72779309882419e-09,6.39557212427283e-09,4.70308759265435e-09,6.44077651505381e-09,3.75589472527295e-09,3.34039467399438e-09,3.39600588258728e-09,4.2139087548215e-09,4.29736423566068e-09,5.2222830070034e-09
1.9596045888412e-08,7.08573030271126e-08,3.33332432088946e-08,2.8850013921349e-08,9.20129399242192e-08,4.14821523037527e-08,8.76836058028217e-08,3.74176461310736e-08,3.74968019192676e-08,1.12208770577929e-07,5.59794883101093e-08,1.42433936250013e-07,3.29498823756258e-08,3.34808070401844e-08,1.87059033468501e-08,5.00229258788086e-08,2.76985075671831e-08,4.16672258920329e-08,3.02753015731904e-08,1.62367206012298e-08,1.02227805350715e-08,2.47434539258869e-08,1.48466091548397e-08,2.22600474193579e-08,1.47971405758527e-08,9.4738398819898e-09,1.05657156246004e-08,1.35204304467804e-08,1.04766580080776e-08,1.39261101899454e-08,9.10609842474726e-09,1.02684693695285e-08,8.14785699245754e-09,9.91194828463902e-09,1.21638633030034e-08,1.2109620320095e-08,9.36272359714654e-09,7.15119117415803e-09,6.24276129465036e-09,1.08528368389805e-08,8.26724222808464e-09,1.15831494100951e-08,6.55821726815657e-09,5.77491845284483e-09,5.64205251207087e-09,7.62401179308225e-09,7.06677713430798e-09,8.74491459346443e-09,1.54711883462422e-08,3.7193145065371e-08,2.51226358684742e-08,2.258378798605e-08,5.24789936620511e-08,3.34026501521684e-08,4.99832408512832e-08,2.87702194261506e-08,2.92359775863991e-08,6.69357334169042e-08,4.42742257562863e-08,9.10401178767146e-08,2.61389361910673e-08,2.63167922946391e-08,1.47054220624114e-08,3.98209770385542e-08,2.16817538403404e-08,3.37790612328176e-08,2.41033204609694e-08,1.3156749956948e-08,7.75052062551702e-09,1.98785635559348e-08,1.23522459676347e-08,1.81317513374243e-08,1.19462265410517e-08,7.19684711301773e-09,7.50596549555278e-09,1.13200012146391e-08,8.49765224214095e-09,1.16377089959877e-08,6.87453828810068e-09,7.37432877497206e-09,6.21850462767285e-09,7.98931498167691e-09,9.19952018337395e-09,9.91688440600245e-09,6.52941052053406e-09,5.46812220920899e-09,4.91531905697453e-09,8.03932468512292e-09,6.33270872453785e-09,8.1408069338126e-09,5.10362202030691e-09,4.57245135593059e-09,4.88366149420074e-09,5.86100064647695e-09,6.0548998937482e-09,6.90708147345164e-09
9.30130816729819e-09,2.15038846598039e-08,4.48093183413268e-08,1.7427930301445e-08,3.67095336491145e-08,3.08668036885677e-08,2.44453091649401e-08,4.80492929523972e-08,2.0882609333681e-08,4.10679858956557e-08,3.82906123684669e-08,3.29498823756258e-08,5.53935219899534e-08,2.33180730321007e-08,1.20179619596868e-08,4.36200524280772e-08,2.21977727888822e-08,4.06666563634437e-08,2.09289995803977e-08,1.06619633241591e-08,1.01995503684603e-08,1.97318643474459e-08,1.05788368744909e-08,1.84704304750833e-08,9.78161496060446e-09,9.73177841420589e-09,6.21758358524373e-09,9.76269531279815e-09,9.78661278737737e-09,1.00654493445757e-08,9.39871410968724e-09,5.9507413368291e-09,5.43013549748926e-09,9.45029662565639e-09,6.8598135032677e-09,1.08517383314495e-08,5.47140417181076e-09,4.80966376439918e-09,4.6652769092246e-09,6.21287679022264e-09,5.62369845750817e-09,6.86749944486172e-09,4.23578477238154e-09,4.03785806008026e-09,3.73952819678074e-09,4.92708760070813e-09,4.76412832109587e-09,5.75245002185913e-09,6.87369376944914e-09,1.5288532991817e-08,3.32634120822701e-08,1.31962861233873e-08,2.70824277007261e-08,2.34140113344901e-08,1.72842443703534e-08,3.60376028032724e-08,1.73486910748512e-08,3.00669400758841e-08,3.07984079177557e-08,2.6082424709217e-08,4.1672534969798e-08,1.96718579811601e-08,9.28519294971663e-09,3.53353977836245e-08,1.79562104129586e-08,3.26415396166923e-08,1.78240879490503e-08,8.45776394519312e-09,6.62354161127956e-09,1.63122388528043e-08,8.06366932037977e-09,1.54730941462501e-08,7.7031718078907e-09,6.23497923396118e-09,4.25727391778524e-09,7.4920520098235e-09,6.62789518385908e-09,7.56568665758159e-09,6.08541695957304e-09,4.16161168089174e-09,3.92776537904247e-09,6.43845707908991e-09,4.90986750756496e-09,7.63556145481936e-09,3.75142809830376e-09,3.60042255447523e-09,3.85560293536599e-09,4.42204399676978e-09,4.48191759208867e-09,5.20184319517657e-09,3.14341629533527e-09,3.34689741108793e-09,3.06733488334889e-09,3.91568615483189e-09,4.18877224227781e-09,4.74253498243708e-09
9.10727939603309e-09,1.18640677320817e-08,1.98027297704991e-08,1.01017628172675e-08,1.86370552153727e-08,1.61734423258091e-08,1.26823199671425e-08,2.08809131505891e-08,4.89338762421474e-08,1.98290981458909e-08,3.80851603491228e-08,3.34808070401844e-08,2.33180730321007e-08,5.41575256839809e-08,2.49386478555365e-08,4.19490005314871e-08,4.52536882438542e-08,3.53546683776117e-08,4.80826869978205e-08,2.17923903764796e-08,1.09829887317502e-08,4.00777648745781e-08,1.93547041644595e-08,3.54632716207714e-08,1.99225100048195e-08,9.94986905454524e-09,8.06830755767493e-09,1.75987973802707e-08,9.93482091676375e-09,1.68429623462748e-08,9.10641283246717e-09,7.75178903459616e-09,5.86258405790608e-09,9.259880966924e-09,9.09185351531627e-09,1.03583404388382e-08,7.12411746246654e-09,5.18539130534121e-09,4.52074871657124e-09,8.2221909875491e-09,5.94340682053532e-09,8.60870307053557e-09,4.64681718613765e-09,3.98485964721992e-09,3.48603013641067e-09,5.33280840353749e-09,4.45802520915274e-09,5.75400547688998e-09,6.20536761977037e-09,7.82107015701503e-09,1.47236693340805e-08,6.95606700085452e-09,1.39345891594796e-08,1.24209416551401e-08,8.78358151646843e-09,1.55752910358822e-08,3.74973352415497e-08,1.50724907082771e-08,2.88630047943303e-08,2.63051433249283e-08,1.73655995987451e-08,4.18258129671939e-08,1.98744607400489e-08,3.17180225058154e-08,3.51117116594896e-08,2.70683366038073e-08,3.7755587272782e-08,1.78096683726787e-08,8.58613948536796e-09,3.17108843558156e-08,1.60826697248104e-08,2.84040130600951e-08,1.62686767451851e-08,7.8964276268977e-09,5.95324618477039e-09,1.47564202001182e-08,8.11469032299690e-09,1.42158212697687e-08,7.43451537849335e-09,5.81585658213916e-09,4.07021147971757e-09,7.89309118309319e-09,7.10889963910860e-09,8.29114454679024e-09,5.22193852045408e-09,3.69429931852446e-09,3.62837426547524e-09,6.37697398909126e-09,4.58246047188843e-09,6.54628386896756e-09,3.31269947572193e-09,3.24954163776364e-09,2.89195226970568e-09,4.13307160844783e-09,3.76070601392159e-09,4.63637737705659e-09
6.7805791959133e-09,1.37230754577342e-08,1.02461874435382e-08,1.15323305706215e-08,1.16844248688221e-08,1.00399182308376e-08,1.42566573763718e-08,1.09081681501111e-08,2.29144691320502e-08,1.23823703863743e-08,2.01619746663997e-08,1.87059033468501e-08,1.20179619596868e-08,2.49386478555365e-08,6.010389924937e-08,2.19459270163073e-08,4.54681893373296e-08,4.03475351545055e-08,2.17953101039796e-08,5.19452143304995e-08,2.2191930533788e-08,3.90180720803914e-08,4.11829585767642e-08,3.03837372430496e-08,4.78090226374308e-08,2.00160565647266e-08,9.77939880333477e-09,3.74152069901023e-08,1.85047816709266e-08,3.43031491438427e-08,1.82678079469755e-08,9.00972519458348e-09,9.84169101431172e-09,1.70098635081153e-08,1.06838318767369e-08,1.82485722715941e-08,7.83455860781249e-09,8.39643448021125e-09,5.33979821080632e-09,9.00598899696064e-09,9.04365451223413e-09,9.34642722860494e-09,7.80258578858582e-09,4.62006387667536e-09,3.65025099974169e-09,8.20619761866835e-09,5.02901416701149e-09,8.68001790780289e-09,4.76478080577961e-09,8.36455485679351e-09,7.21261441435497e-09,7.55622376620909e-09,7.09864568630893e-09,6.88116244375048e-09,8.70725900363814e-09,7.76321682349016e-09,1.62286280526647e-08,7.64334773994712e-09,1.43730853315532e-08,1.30580293308409e-08,8.34804099573868e-09,1.79204951663397e-08,4.28735429676961e-08,1.54298399277065e-08,3.26126202564398e-08,2.80422769306097e-08,1.61561310610355e-08,3.80028244272718e-08,1.70922083772982e-08,2.84617882570791e-08,3.13498138554679e-08,2.36878720602997e-08,3.50005784918631e-08,1.56692092122018e-08,7.26595689064503e-09,2.89569360781579e-08,1.41930614644894e-08,2.62159909387851e-08,1.45840189403038e-08,6.84953740353632e-09,6.55531168560926e-09,1.34837646138605e-08,8.4807345969752e-09,1.46037745526804e-08,5.96859903011038e-09,5.71973991928425e-09,4.33285228354401e-09,7.24615394294204e-09,6.47548017963664e-09,7.61776127337324e-09,5.3259744195592e-09,3.86603811588801e-09,3.00272063215368e-09,5.95707865443753e-09,4.23983166562849e-09,6.21801688887792e-09
9.87985962921247e-09,1.96723019718588e-08,3.56164302673222e-08,1.63156414431419e-08,2.93065526578294e-08,2.45725220534566e-08,2.26036116656388e-08,3.82886205614705e-08,3.80857014425872e-08,3.28853867098205e-08,5.96409559332075e-08,5.00229258788086e-08,4.36200524280772e-08,4.19490005314871e-08,2.19459270163073e-08,6.69064465188414e-08,3.52491716025292e-08,5.68228489573057e-08,3.7502192056679e-08,1.90578226937726e-08,1.0669356732254e-08,3.13614997223757e-08,1.72019952772263e-08,2.75669606747998e-08,1.73604723851977e-08,9.69269344603336e-09,9.03004283103963e-09,1.55935649992759e-08,1.02818950676591e-08,1.56005702441386e-08,9.03587645998787e-09,8.73553458312745e-09,6.54612813656296e-09,9.641774574172e-09,9.92686350213132e-09,1.07046064082293e-08,8.01644688240526e-09,5.80957351289881e-09,5.20334548551765e-09,9.06677759959224e-09,6.65497563595579e-09,9.59030356164199e-09,5.19765635219169e-09,4.57145049233547e-09,4.1340370480096e-09,5.88592958743772e-09,5.28774550014315e-09,6.71243787104385e-09,7.1213335461544e-09,1.37553824641389e-08,2.6555082776418e-08,1.19426784893918e-08,2.19992272407348e-08,1.89707754442594e-08,1.60722523839649e-08,2.88956020089787e-08,3.01079159011331e-08,2.50031198684996e-08,4.61308796971932e-08,3.94851084684712e-08,3.31919771416702e-08,3.36518825400151e-08,1.78118512188459e-08,5.20352633514139e-08,2.88330279436212e-08,4.50288500370641e-08,3.05859875257422e-08,1.58867969498314e-08,8.37990342095765e-09,2.5990075346514e-08,1.45039071895655e-08,2.33290064024253e-08,1.43569616798562e-08,7.6746546631022e-09,6.3682039411326e-09,1.32271979424296e-08,7.97809931388709e-09,1.29278396006207e-08,7.28614215548087e-09,6.26024573357526e-09,4.94545190305933e-09,7.73503365497369e-09,7.53723661445954e-09,8.67953963680112e-09,5.59869884947491e-09,4.51689654176248e-09,4.26619324188978e-09,6.80676325346611e-09,5.20269595415362e-09,7.05705537881272e-09,4.04896635358613e-09,3.79147398542193e-09,3.54524067594788e-09,4.56252338010036e-09,4.81340246050362e-09,5.6439595945381e-09
9.97674653430891e-09,1.24794969467267e-08,1.8959525417882e-08,1.08427504129944e-08,1.78155431441389e-08,1.56667422010351e-08,1.32916768045251e-08,2.00446072421593e-08,4.09478289576491e-08,1.90586095767139e-08,3.22010173745739e-08,2.76985075671831e-08,2.21977727888822e-08,4.52536882438542e-08,4.54681893373296e-08,3.52491716025292e-08,7.16357933087733e-08,5.75701475357615e-08,4.00815031586791e-08,3.90174228460664e-08,2.00069570764309e-08,6.24616147282786e-08,3.06290330966481e-08,5.01973363493167e-08,3.59473864345012e-08,1.80749417028246e-08,9.88984241944142e-09,2.78258503259876e-08,1.68916174519842e-08,2.54320084946282e-08,1.6380025425058e-08,9.13834175356656e-09,1.0017185070811e-08,1.53656826598051e-08,1.06701609846063e-08,1.62464156368793e-08,7.98198235283355e-09,8.48665933895897e-09,5.45863172825595e-09,8.98775761765177e-09,9.75954857775952e-09,9.83368552967633e-09,7.75541521253993e-09,4.80267336186051e-09,3.80168082036113e-09,8.81660467211008e-09,5.00038738939901e-09,9.12752964704773e-09,6.78649019625082e-09,8.03474076684155e-09,1.42179458601495e-08,7.47674176369027e-09,1.31484445149941e-08,1.21548221482532e-08,8.78029903103008e-09,1.49859657258081e-08,3.09520227263185e-08,1.4195895151764e-08,2.38886181278103e-08,2.13262786868739e-08,1.66426653693873e-08,3.46007194736081e-08,3.35763181457937e-08,2.61698518698203e-08,5.33395684391932e-08,4.13112610341584e-08,3.10517148881663e-08,2.97183497859496e-08,1.53364834313468e-08,4.75166182496543e-08,2.4669413373771e-08,4.01495937613963e-08,2.73384733435842e-08,1.4201806272677e-08,7.64164690341041e-09,2.26740597847019e-08,1.33098459171941e-08,2.06140212783635e-08,1.32791712802903e-08,7.13367483689845e-09,6.53525756905374e-09,1.27498651842052e-08,8.37525047632003e-09,1.31766788240031e-08,6.17672809926405e-09,5.62682070393251e-09,4.3526959166657e-09,7.13764133241667e-09,6.87186789595474e-09,7.92866132409987e-09,5.13000694026428e-09,3.89387723436254e-09,2.95252102643391e-09,6.29702500370533e-09,4.12736934366638e-09,6.52630121596913e-09
1.05628398865323e-08,1.93393398301797e-08,3.35315532610745e-08,1.64430899267394e-08,2.7047024627933e-08,2.30212670764732e-08,2.20204636170598e-08,3.58995776791627e-08,3.2168258543671e-08,3.04011962074185e-08,5.08731652808975e-08,4.16672258920329e-08,4.06666563634437e-08,3.53546683776117e-08,4.03475351545055e-08,5.68228489573057e-08,5.75701475357615e-08,8.44433287992566e-08,3.14906820398211e-08,3.43133910251192e-08,1.84462355548048e-08,5.00292562656953e-08,2.69032986713319e-08,3.98503323686771e-08,3.16765527239583e-08,1.67523698462671e-08,1.03660298101826e-08,2.45644457635914e-08,1.62359235037311e-08,2.31266157400254e-08,1.51915619809931e-08,9.62262501741441e-09,1.0400675247688e-08,1.483542482284e-08,1.07361755163775e-08,1.55583356031235e-08,8.4404953689831e-09,9.15749627480406e-09,5.98019265898326e-09,9.08023354356147e-09,1.05334397328976e-08,1.01395780431e-08,8.21270289062784e-09,5.11552998026327e-09,4.30857394457081e-09,9.25774802977907e-09,5.50668930736072e-09,9.86691280434729e-09,7.33470080802524e-09,1.31181559589385e-08,2.4932074587286e-08,1.170466110476e-08,2.0088982742566e-08,1.79482943222378e-08,1.53664915462852e-08,2.689912176743e-08,2.51011511905996e-08,2.25011843128972e-08,3.85391678729605e-08,3.27985313057213e-08,3.08128454872853e-08,2.798452384536e-08,2.93306874845024e-08,4.34363803848714e-08,4.39808745597504e-08,6.28194284427234e-08,2.50856893628122e-08,2.58984224071483e-08,1.44043346559439e-08,3.90708647788737e-08,2.17851012467934e-08,3.31237640182893e-08,2.37552162569163e-08,1.33597896562691e-08,7.70223207365969e-09,2.00578859442233e-08,1.27216596385996e-08,1.83666236611201e-08,1.24027548745596e-08,7.29226755576004e-09,7.01807916761136e-09,1.21825825657555e-08,8.11621904603104e-09,1.26432831576419e-08,6.2287314204746e-09,6.36115723981884e-09,4.7289884156182e-09,6.90754855038834e-09,7.35744526470915e-09,7.90194261058672e-09,5.64261518476923e-09,4.10336893990872e-09,3.35576593206124e-09,6.5492624890643e-09,4.57033126281118e-09,7.05386963266378e-09
8.28152952495737e-09,1.0713595973913e-08,1.78250162894805e-08,9.11677395668614e-09,1.68526880071787e-08,1.46632936339078e-08,1.14884450128002e-08,1.88789877877694e-08,4.39940176037069e-08,1.80220820783865e-08,3.43832509640692e-08,3.02753015731904e-08,2.09289995803977e-08,4.80826869978205e-08,2.17953101039796e-08,3.7502192056679e-08,4.00815031586791e-08,3.14906820398211e-08,5.71654189073649e-08,2.48148216860345e-08,1.22094357815257e-08,4.7361218767953e-08,2.19756693224454e-08,4.18655138032009e-08,2.26285576431634e-08,1.10124754882233e-08,9.63886093926753e-09,1.99454025897378e-08,1.11629533736497e-08,1.92659767584363e-08,1.00599875258993e-08,9.19153475436898e-09,6.75735688366969e-09,1.02988400764372e-08,1.05503168152878e-08,1.12975042021266e-08,8.35972259776844e-09,5.9236158234543e-09,5.15840226905364e-09,9.48899052380785e-09,6.71865191132015e-09,9.8742658203094e-09,5.26486813297036e-09,4.58826622154638e-09,3.9630779299197e-09,6.05146775471819e-09,5.04127366187044e-09,6.34110493544439e-09,5.58806986311779e-09,6.97542702273014e-09,1.34868795071444e-08,6.33986115951202e-09,1.27366625667593e-08,1.14958430314712e-08,7.90061313898733e-09,1.42989801062203e-08,3.4211042243463e-08,1.38272282462478e-08,2.67609799148217e-08,2.43103998838084e-08,1.59199107872535e-08,3.77534658813686e-08,1.78088222155455e-08,2.92888068717118e-08,3.17104700332724e-08,2.46855698799692e-08,4.57104388189727e-08,2.04890760725824e-08,9.59267632573867e-09,3.77865084598474e-08,1.85345980684723e-08,3.41473474273405e-08,1.86679521738143e-08,8.84927378419729e-09,7.08157376411847e-09,1.69377809529225e-08,9.08520283552368e-09,1.6287656109659e-08,8.31222760153225e-09,6.85326331718456e-09,4.67048349483599e-09,8.71719562890051e-09,8.38689223360178e-09,9.24962374015309e-09,5.88937338579792e-09,4.22150169579914e-09,4.06478212184605e-09,7.3248532699592e-09,5.01745366779769e-09,7.30499228675758e-09,3.72704537591013e-09,3.66392173599983e-09,3.27886878192851e-09,4.53838648993851e-09,4.37329099500406e-09,5.15370669708197e-09
