2.02577015192822e-08,1.03531670904714e-08,5.10218213011518e-09,1.62995272037099e-08,9.96103693800004e-09,1.5151251135019e-08,8.98229440120325e-09,4.3046412167887e-09,4.26343890638232e-09,8.58049412261528e-09,4.82132253915626e-09,8.81473763268735e-09,3.6283679166468e-09,3.74076869934068e-09,2.85496420922802e-09,4.05885849263902e-09,4.45870803692328e-09,4.57161321377933e-09,3.27153887392916e-09,2.42102288431728e-09,1.79620887141436e-09,3.8854749271693e-09,2.25974034595323e-09,3.62678087523698e-09,2.20083490569999e-09,1.58690691386933e-09,1.44246843618989e-09,2.02096939885148e-09,1.7179810067722e-09,2.15868501322028e-09,1.53549391579708e-09,1.37027873937703e-09,1.27598423526671e-09,1.64333995330631e-09,1.52267049142307e-09,1.92262748122178e-09,1.14755803274325e-09,1.08005680212292e-09,1.15182918461103e-09,1.29627993146703e-09,1.46819214575213e-09,1.71698017953186e-09,1.06689528108732e-09,1.06068244102599e-09,9.0080816647174e-10,1.390956906528e-09,1.096675394388e-09,1.41402648403201e-09,1.2682739180659e-08,6.07788939615903e-09,2.82634108743825e-09,1.09470264400231e-08,5.67036367328397e-09,1.00588429300962e-08,5.22182516855126e-09,2.41330694818081e-09,2.26683161293325e-09,4.76226695506071e-09,3.06917462182034e-09,5.39168839769262e-09,2.10988197995365e-09,2.02909113334313e-09,1.72693495603048e-09,2.63294634424037e-09,2.56619347243197e-09,2.63235312451746e-09,1.73169924573675e-09,1.51909197450711e-09,1.16030658516236e-09,2.30915986838696e-09,1.5012146004641e-09,2.21933281713641e-09,1.32175519075835e-09,1.02351776353403e-09,8.45711023566368e-10,1.28804213416048e-09,1.15153215751393e-09,1.41174229662968e-09,9.39093974400348e-10,7.84036224690408e-10,7.55269541207227e-10,1.07667777037962e-09,8.27231914081843e-10,1.10071394412826e-09,6.5072570815373e-10,6.1066430457563e-10,6.47312405298743e-10,6.74534128538835e-10,7.38830643929597e-10,9.1349809705019e-10,6.4149174556961e-10,6.21723960018856e-10,6.16656133018295e-10,8.00020396129084e-10,7.41837940733943e-10,9.2564052191503e-10
1.03531670904714e-08,4.01226140804311e-08,1.12910523423462e-08,1.99141510831122e-08,3.39020899376465e-08,1.55310891610448e-08,3.4327117752334e-08,9.51536388532486e-09,5.42557017563487e-09,2.91478756742248e-08,9.30741867229884e-09,2.85051262492926e-08,8.00010079612646e-09,4.64697665637882e-09,5.87578613875021e-09,7.75797697041125e-09,5.40293911715175e-09,8.10948833042895e-09,4.03801621524045e-09,5.08453554629117e-09,2.81811540706562e-09,4.62022387488699e-09,5.06822000962705e-09,4.6328596803274e-09,4.49729626287681e-09,2.52404389661547e-09,2.19618915880106e-09,4.47044151379757e-09,2.75954550538759e-09,4.71367722845356e-09,2.38602621278327e-09,2.13266403002929e-09,2.30750754508749e-09,2.60331016449835e-09,2.60976564236096e-09,3.18037269339532e-09,1.73716654322878e-09,1.85786436016341e-09,1.56563865406225e-09,2.07536703180009e-09,2.13131660132676e-09,2.43322913673746e-09,1.7706092163262e-09,1.5029569462769e-09,1.28536782709915e-09,1.98697189456096e-09,1.63012782434677e-09,2.14133128217097e-09,6.25813640764306e-09,1.93244191868092e-08,6.88781577950792e-09,1.31213444059107e-08,1.615972252407e-08,1.05289634334401e-08,1.65023389022879e-08,5.9308859790023e-09,2.63614016790706e-09,1.41724052405169e-08,6.11926196388458e-09,1.36461215958603e-08,5.10499348294517e-09,2.3155208388761e-09,2.97892854553075e-09,5.25619458360143e-09,3.1218046141282e-09,4.98698711569619e-09,1.79503270363149e-09,2.59229904870108e-09,1.8995337854805e-09,2.58807126199616e-09,2.80185898564891e-09,2.59053781828237e-09,2.40610107034027e-09,1.71869857740106e-09,1.40133907882193e-09,2.4820617635853e-09,1.81512615925904e-09,2.65527987084369e-09,1.60102290949276e-09,1.3472707528405e-09,1.33393969690495e-09,1.70287864948941e-09,1.48023077005665e-09,1.85876513885369e-09,9.99261728150263e-10,1.1748441025002e-09,8.72199765947504e-10,1.19345304576437e-09,1.1689695773702e-09,1.46329889981444e-09,1.1147995000324e-09,8.86484646160361e-10,8.74830253801459e-10,1.04920419298588e-09,1.0901299726755e-09,1.27839870697309e-09
5.10218213011518e-09,1.12910523423462e-08,2.48969027752959e-08,9.54982993316146e-09,2.06721939394414e-08,1.80679022872122e-08,9.52343000742364e-09,2.01413309746519e-08,8.65602500781222e-09,1.67540851056748e-08,1.62495591176055e-08,1.37069762961616e-08,1.71884056254298e-08,7.35972076089827e-09,4.58223298884383e-09,1.3778947564365e-08,7.26696697511072e-09,1.32778639239257e-08,6.19959668871726e-09,3.72939323845322e-09,3.54316649457998e-09,6.12397944017093e-09,3.74341364690497e-09,5.90371791153125e-09,3.16695946443396e-09,3.16711453152239e-09,1.83853314448358e-09,3.205183539571e-09,3.35733674055986e-09,3.18897706698827e-09,2.92041522204998e-09,1.72961564887657e-09,1.86149457456872e-09,3.04722112040449e-09,2.00587958080558e-09,3.53606248158795e-09,1.50971940330437e-09,1.51485388116722e-09,1.31937386017258e-09,1.71735969612207e-09,1.69684181609908e-09,1.997958160035e-09,1.52470511376541e-09,1.22695159235239e-09,1.3197534060212e-09,1.69257849714216e-09,1.33331797473202e-09,1.84879422390438e-09,3.06593379039705e-09,5.99406734598724e-09,1.3542136668251e-08,6.12194570558551e-09,1.07043036315747e-08,1.07153420582756e-08,4.84663168949696e-09,1.08973078102118e-08,5.18523969884716e-09,8.67963289929732e-09,9.99445715852318e-09,8.2230837406872e-09,9.41854787843620e-09,4.56902268987963e-09,2.37681073115051e-09,8.67249921119913e-09,4.26347294216259e-09,7.61218867904507e-09,3.96794920623925e-09,2.03204008491744e-09,1.78195920385797e-09,3.76021576436993e-09,2.32280343490646e-09,3.91259395121465e-09,1.73039646569782e-09,1.57969344377209e-09,8.85163342732012e-10,2.06284302367985e-09,1.83247691354111e-09,2.16787681195225e-09,1.45832557418498e-09,8.14027262000604e-10,1.18768456569473e-09,1.59719183459717e-09,1.09959860204247e-09,1.67129616010133e-09,6.6044879412492e-10,9.97863574383282e-10,7.54305849883628e-10,9.50396024364366e-10,1.07138969388262e-09,1.15237131974611e-09,9.87063107697983e-10,7.40357905389512e-10,8.67543363860842e-10,1.05819953309328e-09,1.02095863599584e-09,1.22672146283712e-09
1.62995272037099e-08,1.99141510831122e-08,9.54982993316146e-09,2.82623526294558e-08,1.52369289875877e-08,2.19610274102031e-08,1.70759810820961e-08,7.92518443224341e-09,4.65539674361217e-09,1.30574484662305e-08,7.73043394240075e-09,1.25081420769233e-08,6.64069503319939e-09,4.05926530805108e-09,5.47736627253015e-09,6.4742424739272e-09,4.76410200959009e-09,6.92182116632502e-09,3.53120683590216e-09,4.72992118628784e-09,2.4921470186721e-09,4.06547711486611e-09,4.64113061595269e-09,3.86380156477337e-09,4.22174971239443e-09,2.21978254262657e-09,1.7919397898627e-09,4.10314898590903e-09,2.3741360118431e-09,4.26689413096361e-09,2.14794326451631e-09,1.74645708699578e-09,1.67412291295652e-09,2.27618833879742e-09,2.03436735259461e-09,2.65517138863983e-09,1.50953418247469e-09,1.46227283214545e-09,1.45309892625492e-09,1.76078166975307e-09,1.85045844733001e-09,2.23701561485753e-09,1.39472994523869e-09,1.37693136291931e-09,1.21864144237818e-09,1.79217765610633e-09,1.50088193517771e-09,1.96179354489095e-09,1.02085792047308e-08,1.20917878996302e-08,5.69796263363344e-09,1.82189189434002e-08,9.24080093164347e-09,1.47790003606496e-08,1.00548376516704e-08,4.86452881941532e-09,2.58624247738238e-09,7.83962323594471e-09,5.02318280779402e-09,7.96765174676832e-09,4.21640033418577e-09,2.3771048690223e-09,2.87650679166694e-09,4.31992378316719e-09,2.83249620363656e-09,4.21295502029568e-09,1.95982832436375e-09,2.60438309537368e-09,1.61912177216567e-09,2.41448347119682e-09,2.40215733621369e-09,2.33290458094848e-09,2.35332799560889e-09,1.4536315863682e-09,1.06712481237732e-09,2.2455719729221e-09,1.39095916507776e-09,2.3488176108663e-09,1.35740908358242e-09,1.04816095419564e-09,1.04667353813362e-09,1.30730290419948e-09,1.24439428383779e-09,1.55520177754176e-09,8.70243590324739e-10,9.38974384034963e-10,7.60639852441261e-10,1.04247875906593e-09,9.14905121976283e-10,1.158977045007e-09,8.72948881449465e-10,7.77865211614582e-10,9.81558919391431e-10,9.71791736002434e-10,1.09284434713644e-09,1.36506387913677e-09
9.96103693800004e-09,3.39020899376465e-08,2.06721939394414e-08,1.52369289875877e-08,4.9043526605188e-08,2.55549376593678e-08,2.9152465558993e-08,1.67472903052641e-08,8.77154893520967e-09,4.10177357578143e-08,1.38699462816396e-08,3.65119727773926e-08,1.41965836082404e-08,7.46962129517001e-09,5.53944687841277e-09,1.16202799275853e-08,7.86692909611109e-09,1.14723610173666e-08,6.3364864946347e-09,4.57238261675016e-09,4.42510948822819e-09,6.62241477965609e-09,4.53464674063847e-09,6.62986575688441e-09,3.91695341291661e-09,3.98457415144080e-09,2.54434102281166e-09,3.93333688935184e-09,4.39600481271822e-09,3.98952419133095e-09,3.73500371444482e-09,2.41650375817459e-09,2.65876206770734e-09,4.09777633851903e-09,3.00164381735994e-09,4.81427616383024e-09,2.01914101363694e-09,2.137717153209e-09,1.94715428146248e-09,2.41840777158952e-09,2.51325686406649e-09,2.90999132990295e-09,2.19326129247162e-09,1.88613443656257e-09,1.64713261787889e-09,2.44895307821939e-09,1.99271962425901e-09,2.6080108665478e-09,6.01562409075117e-09,1.52999069616456e-08,1.17821271042088e-08,1.02285777267495e-08,2.19557774537632e-08,1.54352396965671e-08,1.31130619006777e-08,9.68251967196483e-09,4.65376067558554e-09,1.88573778603268e-08,9.22343727198296e-09,1.78197897502458e-08,8.22957608242295e-09,3.99998707161572e-09,2.70859792267166e-09,7.87154160023407e-09,4.34064210338207e-09,6.92441596245511e-09,3.33163127987833e-09,2.37958850356086e-09,2.46008468251542e-09,3.7917069234598e-09,2.78114491212837e-09,3.95493604340791e-09,2.19070681681089e-09,2.28325429917135e-09,1.48751538669268e-09,2.46023005881341e-09,2.57695527802214e-09,2.66469046476431e-09,2.12092372608392e-09,1.41704721738667e-09,1.43831147065273e-09,2.3931054781298e-09,1.56356133793672e-09,2.4251205319044e-09,1.12214278054392e-09,1.21714955541101e-09,1.07444012385654e-09,1.24070829689611e-09,1.42383001003712e-09,1.69604298929955e-09,1.27242353737771e-09,1.12941872174642e-09,9.80207571691047e-10,1.33727264393753e-09,1.3779727865149e-09,1.52555508699554e-09
1.5151251135019e-08,1.55310891610448e-08,1.80679022872122e-08,2.19610274102031e-08,2.55549376593678e-08,3.35629669743772e-08,1.3237943528275e-08,1.44244834085055e-08,7.44570747493945e-09,2.09056205474306e-08,1.15911601584602e-08,1.74746878250275e-08,1.22082512136427e-08,6.37658968836444e-09,4.82287832133568e-09,9.74074112529962e-09,6.81809001499822e-09,9.72031341222100e-09,5.43661250451457e-09,4.01407864755206e-09,4.03337034275979e-09,5.73351896328178e-09,4.01939297521965e-09,5.60125305088764e-09,3.46717185167488e-09,3.63868204200123e-09,2.06855594127317e-09,3.40943584078451e-09,3.82135003148752e-09,3.44743564206119e-09,3.44925654980403e-09,1.98828873273449e-09,1.99098793129597e-09,3.61188495408965e-09,2.35606698729771e-09,4.02458437124615e-09,1.76875413779074e-09,1.73092829728361e-09,1.73435762829542e-09,2.072796594021e-09,2.17794534360897e-09,2.6519033340168e-09,1.76098860724098e-09,1.66211720688942e-09,1.51417136347319e-09,2.20213328244729e-09,1.84244298507735e-09,2.43432372522696e-09,9.33759592908743e-09,8.74594540710626e-09,1.01728723611018e-08,1.42077736414297e-08,1.40062675771078e-08,2.0779946770536e-08,7.25219113147608e-09,8.42261640518975e-09,4.3420347893426e-09,1.17206460275408e-08,7.62010740469478e-09,1.09345670445684e-08,7.1890669669257e-09,3.83644985045384e-09,2.44271323828971e-09,6.51973092351848e-09,3.95525524986352e-09,5.75604019928943e-09,3.27767756317066e-09,2.19753931622103e-09,2.22125723898843e-09,3.46759375769153e-09,2.29695175295875e-09,3.52778642821075e-09,1.96203348484274e-09,1.99820846960376e-09,1.10071785602621e-09,2.10405089901943e-09,2.08938431076356e-09,2.09026991083661e-09,1.87196513185494e-09,1.0550405798524e-09,1.23787204485616e-09,1.92866976585056e-09,1.28037106946308e-09,2.04643637587496e-09,9.51476826653675e-10,1.08424591830601e-09,9.99804296863818e-10,1.0968848473083e-09,1.29762227692804e-09,1.45959765810649e-09,1.1012932807501e-09,1.0755383555035e-09,1.12454510240712e-09,1.35529129769034e-09,1.4254088891104e-09,1.72826932449117e-09
8.98229440120325e-09,3.4327117752334e-08,9.52343000742364e-09,1.70759810820961e-08,2.9152465558993e-08,1.3237943528275e-08,4.56395480221465e-08,1.18663215021759e-08,6.73284899028975e-09,3.93670252149226e-08,1.20461008571578e-08,3.96105013164416e-08,9.83595237652635e-09,5.69897764413835e-09,6.58066788414979e-09,9.95497687040394e-09,6.49120833770028e-09,1.04027052807931e-08,4.76235767781876e-09,5.67672372188491e-09,3.41330339861649e-09,5.39348831361728e-09,5.77707581209447e-09,5.40773287718781e-09,5.02112300589248e-09,3.0455601042287e-09,2.49182321936822e-09,5.11642167945781e-09,3.20960708975655e-09,5.31248636117949e-09,2.87545331894321e-09,2.42254386345388e-09,2.54118035438341e-09,3.00793486998222e-09,2.91458394080786e-09,3.52222289067323e-09,1.99064341200016e-09,2.05548931765131e-09,1.79535822730318e-09,2.33718118667955e-09,2.43622650474917e-09,2.79229629677875e-09,1.85944547414339e-09,1.60601488406252e-09,1.48652456841398e-09,2.14374403107263e-09,1.84708926637368e-09,2.33046693663695e-09,5.40995805078487e-09,1.65059338383769e-08,5.93228698009158e-09,1.10111008301554e-08,1.41745896254357e-08,9.07205559383384e-09,2.20589139861761e-08,7.84724588214571e-09,3.37068977045405e-09,1.98732953288189e-08,8.2245957912119e-09,1.95128745833192e-08,6.59894366274615e-09,2.98724845861093e-09,3.1073967288653e-09,6.98000716876438e-09,3.67771095930476e-09,6.4767463838192e-09,2.24801087044062e-09,2.80261110648283e-09,2.34192515623033e-09,2.96588899403558e-09,3.24004699716202e-09,3.05469098352014e-09,2.53983567152462e-09,2.09411594741469e-09,1.55207617613575e-09,2.82004729531903e-09,2.21090353296019e-09,2.90861002345726e-09,1.93038019409169e-09,1.51751674352822e-09,1.497710109513e-09,2.01326327660862e-09,1.67234493255016e-09,2.08400279417221e-09,1.15732710433194e-09,1.34075748325796e-09,1.08413316356368e-09,1.3636836441359e-09,1.53080368038411e-09,1.80907332441479e-09,1.21389576681942e-09,9.4169313945968e-10,9.11142121583197e-10,1.26701871005237e-09,1.17000385319863e-09,1.41167544259869e-09
4.3046412167887e-09,9.51536388532486e-09,2.01413309746519e-08,7.92518443224341e-09,1.67472903052641e-08,1.44244834085055e-08,1.18663215021759e-08,2.35887705863832e-08,1.00711135964594e-08,2.03345645027601e-08,1.92828094378206e-08,1.69743159703236e-08,1.9907753030265e-08,8.49136689464254e-09,5.19778577084912e-09,1.6174050723121e-08,8.33484123462023e-09,1.55122673262407e-08,7.08377126152961e-09,4.19673686823233e-09,4.05014176820906e-09,6.95314191371965e-09,4.30690448207447e-09,6.72935889839733e-09,3.58458021266523e-09,3.62320184087398e-09,2.08987637562483e-09,3.71214287767336e-09,3.79247492413076e-09,3.6397849461088e-09,3.36765172388506e-09,1.97594974691062e-09,2.08067021071785e-09,3.48135849397551e-09,2.28268672472532e-09,3.96825406206774e-09,1.73120729163134e-09,1.71519240876814e-09,1.53020932934024e-09,1.96593711713775e-09,1.9509741743e-09,2.28255558988859e-09,1.53404739437734e-09,1.33022248832339e-09,1.3423826163062e-09,1.71700960920478e-09,1.54814458606308e-09,1.94151933404812e-09,2.61908321110975e-09,4.8465015701823e-09,1.08948392064232e-08,4.93565744516064e-09,8.67707649323722e-09,8.77841507541552e-09,6.43947906478921e-09,1.35370481845413e-08,6.0155314508788e-09,1.12599738097262e-08,1.21230408353385e-08,1.05410549249191e-08,1.1509464318387e-08,5.32354365712483e-09,2.8398481530916e-09,1.03428439132638e-08,4.85060899307974e-09,9.16342324329258e-09,4.53411658253651e-09,2.34115043570307e-09,2.19088280683524e-09,4.21733435249538e-09,2.76788209111381e-09,4.35936719511015e-09,1.99417436588587e-09,1.92401186847209e-09,1.00248478510534e-09,2.42190500266328e-09,2.1606476341998e-09,2.51871714242217e-09,1.79059131879152e-09,9.43889319210546e-10,1.38789783163084e-09,1.91827362039392e-09,1.29505345106948e-09,2.00838134800732e-09,7.78451880841454e-10,1.1976542903705e-09,8.99425357244582e-10,1.14703845697718e-09,1.29382323685417e-09,1.37314415839296e-09,1.06126928316893e-09,8.07572876769412e-10,8.95569412653568e-10,1.14306056856919e-09,1.1418128934439e-09,1.32332510651721e-09
4.26343890638232e-09,5.42557017563487e-09,8.65602500781222e-09,4.65539674361217e-09,8.77154893520967e-09,7.44570747493945e-09,6.73284899028975e-09,1.00711135964594e-08,2.47350022611176e-08,1.06311579103754e-08,1.96362666270344e-08,1.89985950722017e-08,8.49417649564162e-09,2.05060393044367e-08,9.72301885323748e-09,1.62869007769572e-08,1.69808095236265e-08,1.35062938173679e-08,1.71885547021103e-08,7.98239860205204e-09,4.24484526909522e-09,1.42123651359675e-08,7.26635770267926e-09,1.28232275311832e-08,6.74622576575323e-09,3.61489681273235e-09,3.29883034895975e-09,6.06179155447212e-09,3.57159617142628e-09,5.85544544650171e-09,3.21478566815363e-09,2.98057196993343e-09,2.25727783114489e-09,3.14624501837433e-09,3.45747023514263e-09,3.55505767035507e-09,2.59866575016019e-09,1.90049545473241e-09,1.56349648959603e-09,2.97235542408098e-09,2.19632021765554e-09,3.18527962515206e-09,1.71964086002341e-09,1.35280918784141e-09,1.2829158577186e-09,1.95463589279103e-09,1.50961211282266e-09,2.069972602798e-09,2.3091403315449e-09,2.80618301707245e-09,4.57561749333264e-09,2.67023005890049e-09,4.73277974320173e-09,4.57881125096453e-09,4.02163863387833e-09,5.48306152067037e-09,1.34837751752949e-08,6.45085211582544e-09,1.12304320029743e-08,1.16194261371795e-08,4.73450778922368e-09,1.17475573330597e-08,5.77125275886016e-09,9.66955481662554e-09,1.00839842658157e-08,8.00589793826304e-09,9.74892335261362e-09,4.86345032707798e-09,2.71709927890329e-09,8.47601450682681e-09,4.75456255758314e-09,7.62689890834474e-09,4.07422638039891e-09,2.33459531100174e-09,1.68732635280344e-09,4.04228806686918e-09,2.35479671273134e-09,3.92790054709623e-09,2.0807694565967e-09,1.47338034002456e-09,1.33332100821701e-09,2.10819915726222e-09,1.63240613452301e-09,1.98113745951162e-09,1.25865134813853e-09,1.14935501562344e-09,9.66065127515339e-10,1.47322814513854e-09,1.28725963124296e-09,1.5058735446188e-09,1.07421474664163e-09,8.3925252130529e-10,8.4464845920062e-10,1.22021672122679e-09,1.05254639701548e-09,1.39349992174962e-09
8.58049412261528e-09,2.91478756742248e-08,1.67540851056748e-08,1.30574484662305e-08,4.10177357578143e-08,2.09056205474306e-08,3.93670252149226e-08,2.03345645027601e-08,1.06311579103754e-08,5.31668527043509e-08,1.73472912443099e-08,4.8783589505419e-08,1.71271346926553e-08,8.97677213516673e-09,6.27927302417071e-09,1.44615265722326e-08,9.31470668750715e-09,1.42858311400322e-08,7.47750243041514e-09,5.21396173419346e-09,5.07367458909964e-09,7.73564068359485e-09,5.30671305726232e-09,7.77594788408505e-09,4.48636442347039e-09,4.56754370057186e-09,2.92869409848275e-09,4.62851754657607e-09,4.97615952587999e-09,4.66828991892878e-09,4.2977714984074e-09,2.79218714060238e-09,2.95935752293245e-09,4.63581687485587e-09,3.37740077132005e-09,5.26979969053831e-09,2.36398028067298e-09,2.40243149038973e-09,2.22898649380785e-09,2.74914228321813e-09,2.8998522605044e-09,3.32944460539492e-09,2.23213382039354e-09,1.98166947850947e-09,1.76982541269435e-09,2.54142628819065e-09,2.26424648895138e-09,2.79043655874192e-09,5.2198620450816e-09,1.31160161877893e-08,9.68229514224281e-09,8.6777569574548e-09,1.88577632810119e-08,1.3084003310103e-08,1.85727782970187e-08,1.22694265374051e-08,5.6467711427841e-09,2.59130937953442e-08,1.14773435226625e-08,2.4627925575506e-08,1.03225754478377e-08,5.01225194659e-09,3.16354347788879e-09,9.82835579824514e-09,5.18449882228494e-09,8.61608608933569e-09,4.09393932477368e-09,2.75220150948895e-09,2.8126398417265e-09,4.4350074384257e-09,3.34444161684493e-09,4.62368119497972e-09,2.48131043701143e-09,2.56435178098446e-09,1.68019781558989e-09,2.93279772186204e-09,2.89874523809315e-09,3.09936016600481e-09,2.37778706456965e-09,1.61188548843933e-09,1.68323508857414e-09,2.63475507043826e-09,1.81246698000711e-09,2.63826521236821e-09,1.31415215073637e-09,1.47202737974513e-09,1.27911137145618e-09,1.48282847920204e-09,1.82154370852173e-09,2.04356711268931e-09,1.35798315766092e-09,1.1941538068794e-09,1.03973022831788e-09,1.4961751746606e-09,1.49283070198221e-09,1.62982147087005e-09
4.82132253915626e-09,9.30741867229884e-09,1.62495591176055e-08,7.73043394240075e-09,1.38699462816396e-08,1.15911601584602e-08,1.20461008571578e-08,1.92828094378206e-08,1.96362666270344e-08,1.73472912443099e-08,3.20746477821078e-08,2.82608598634199e-08,1.61761026281463e-08,1.62853845423744e-08,8.94421029612181e-09,2.66833472800894e-08,1.34164305083068e-08,2.23961140773274e-08,1.35449698947792e-08,7.17369958045522e-09,4.07740333404935e-09,1.1138479898401e-08,6.66878839886838e-09,1.00612937915131e-08,6.04607818050517e-09,3.52095751585416e-09,3.6401532917111e-09,5.55291080356509e-09,3.53258818366869e-09,5.38634677514198e-09,3.20821573058006e-09,3.35894661630774e-09,2.52149954281685e-09,3.16956468326991e-09,3.8289904121976e-09,3.64738318166477e-09,2.94691525506305e-09,2.1524380115704e-09,1.84639658518435e-09,3.3449258658915e-09,2.49313107549851e-09,3.63661722304031e-09,1.91457220187068e-09,1.62376627294112e-09,1.48167560851861e-09,2.22343313468764e-09,1.82482473089761e-09,2.37945375220209e-09,2.9159360097529e-09,4.97368237572099e-09,8.95737759353581e-09,4.86415083838998e-09,7.45409394560197e-09,7.35736119703853e-09,6.77055561380235e-09,1.11784619143911e-08,1.11943409539294e-08,1.00350474690633e-08,1.87460495444206e-08,1.69250933847432e-08,9.55485222700422e-09,9.80623778648198e-09,5.12056651708653e-09,1.60109609404952e-08,8.17937890074119e-09,1.33469564442727e-08,8.30550762753379e-09,4.21998687269289e-09,2.54228126152671e-09,6.91344700508348e-09,4.50346127272631e-09,6.52334869388709e-09,3.52566370333299e-09,2.18219311979586e-09,1.72136052438466e-09,3.81166338879142e-09,2.08006667741867e-09,3.58152813312302e-09,2.01360777538864e-09,1.64209276225201e-09,1.57293336391518e-09,1.89698705164584e-09,1.89831544318476e-09,2.12020157161852e-09,1.38005197237417e-09,1.36618391899557e-09,1.25056608112831e-09,1.71260493225475e-09,1.4988893766146e-09,1.74225953979242e-09,1.20653809284388e-09,1.09553273433875e-09,1.01150701705905e-09,1.35740336276651e-09,1.39638899499831e-09,1.59504477677312e-09
8.81473763268735e-09,2.85051262492926e-08,1.37069762961616e-08,1.25081420769233e-08,3.65119727773926e-08,1.74746878250275e-08,3.96105013164416e-08,1.69743159703236e-08,1.89985950722017e-08,4.8783589505419e-08,2.82608598634199e-08,6.69780499117705e-08,1.41596133845271e-08,1.57795004879304e-08,9.25069594691553e-09,2.33474856240398e-08,1.35782619901161e-08,2.01827409671768e-08,1.30523268774012e-08,7.59200417186804e-09,4.89688721143548e-09,1.12525005203292e-08,7.14919049870922e-09,1.06045851025354e-08,6.44341194623787e-09,4.28119652992081e-09,4.50153846053097e-09,6.04244061082158e-09,4.4628274735835e-09,6.08642566351757e-09,3.88286101480128e-09,4.22039619442141e-09,3.48660161435542e-09,3.98417168694694e-09,4.88459162185603e-09,4.77266617678259e-09,3.64788056655201e-09,2.89060684243923e-09,2.56885163860985e-09,4.13536529385706e-09,3.57445069134301e-09,4.72340015659651e-09,2.67834388228617e-09,2.27212675515404e-09,1.9260296655907e-09,3.1568819642505e-09,2.53740390400724e-09,3.28841297873119e-09,5.27672828220186e-09,1.28447512523439e-08,7.98755815248678e-09,8.56342394997354e-09,1.6711547012999e-08,1.11542219033857e-08,1.87101753578936e-08,1.04869374587968e-08,1.00722120905565e-08,2.3925876799079e-08,1.74118560775061e-08,3.38870003748259e-08,8.91404284227836e-09,8.93404880537318e-09,5.28597764555915e-09,1.50642048488164e-08,8.04247723513509e-09,1.24689107856908e-08,7.36032014331054e-09,4.51272899839529e-09,3.51421685037498e-09,6.73094981585812e-09,5.11033644622723e-09,6.44829688192715e-09,3.90282699069013e-09,3.12673418185931e-09,2.18686049454231e-09,4.32702887899739e-09,3.04430295087357e-09,4.27230132548454e-09,2.87509937830358e-09,2.11119051659163e-09,1.98460828944873e-09,2.77327491578002e-09,2.58867084614034e-09,2.90743197041106e-09,1.71678313864349e-09,1.78668431977776e-09,1.60379442636213e-09,2.19746098876862e-09,2.13490286901878e-09,2.58228336079488e-09,1.6733729269998e-09,1.40769487967872e-09,1.1785401310303e-09,1.82837509649681e-09,1.74553679081599e-09,2.0354312686377e-09
3.6283679166468e-09,8.00010079612646e-09,1.71884056254298e-08,6.64069503319939e-09,1.41965836082404e-08,1.22082512136427e-08,9.83595237652635e-09,1.9907753030265e-08,8.49417649564162e-09,1.71271346926553e-08,1.61761026281463e-08,1.41596133845271e-08,2.33681323718783e-08,9.72135290687038e-09,5.77640824356764e-09,1.88983703398739e-08,9.31893712494076e-09,1.79602415532811e-08,8.11266579342894e-09,4.67791097890108e-09,4.65450825017099e-09,7.75674812334168e-09,4.86693634101031e-09,7.61817091578005e-09,3.99699610210516e-09,4.11280882238053e-09,2.45390808626886e-09,4.17951175414018e-09,4.20332537754908e-09,4.11930179702771e-09,3.80602881071533e-09,2.28605516742482e-09,2.2275144282599e-09,3.84026803287327e-09,2.61665209569097e-09,4.35550106726451e-09,2.01069012110561e-09,1.8560492025134e-09,1.70996011141538e-09,2.28991466050019e-09,2.1209115872793e-09,2.56263472437261e-09,1.64179089848e-09,1.43312793516266e-09,1.48218673101824e-09,1.84495395448093e-09,1.73777823841168e-09,2.14390032020531e-09,2.22046121692411e-09,4.16866263647666e-09,9.4173579672505e-09,4.21443989871828e-09,7.66952391322289e-09,7.54649438697912e-09,5.47283377137414e-09,1.15103998641852e-08,5.32150953499553e-09,9.76201011102663e-09,1.03430475817948e-08,9.1150271627949e-09,1.33162189855568e-08,6.28281461865755e-09,3.24430642074452e-09,1.21503020501049e-08,5.59559900828761e-09,1.0823613843734e-08,5.40997614921498e-09,2.68992200122865e-09,2.44116599977826e-09,4.87286575006973e-09,3.22040252778713e-09,5.16469299682198e-09,2.2917471419295e-09,2.09802366801311e-09,1.1283129097088e-09,2.79997744649842e-09,2.35101533250486e-09,2.80615613972207e-09,1.92411967202075e-09,1.06453379602168e-09,1.45611618673121e-09,2.05449382558154e-09,1.46814278290889e-09,2.12822091486356e-09,9.12347794406773e-10,1.26408949397076e-09,1.02972091102327e-09,1.36038568054131e-09,1.32395120136972e-09,1.53773286848464e-09,1.1080463002905e-09,8.67039061076629e-10,9.79883145469174e-10,1.14820360084294e-09,1.2096382492033e-09,1.40323630263963e-09
3.74076869934068e-09,4.64697665637882e-09,7.35972076089827e-09,4.05926530805108e-09,7.46962129517001e-09,6.37658968836444e-09,5.69897764413835e-09,8.49136689464254e-09,2.05060393044367e-08,8.97677213516673e-09,1.62853845423744e-08,1.57795004879304e-08,9.72135290687038e-09,2.34134585510625e-08,1.10172401929427e-08,1.85750606482683e-08,1.92551228174904e-08,1.53024055154865e-08,1.93574893012103e-08,8.89666553264328e-09,4.86877134766127e-09,1.59126060157402e-08,8.1523121735837e-09,1.44378159177505e-08,7.48151216270359e-09,4.10112386863212e-09,3.69059343806494e-09,6.76816069763598e-09,4.00890701264154e-09,6.50867423428537e-09,3.61281729596733e-09,3.30562675722744e-09,2.44663239601182e-09,3.48920136668263e-09,3.83352051955412e-09,3.94629227139272e-09,2.90147802882586e-09,2.07962397078654e-09,1.73966701273684e-09,3.33130228830204e-09,2.40780982220393e-09,3.51716557639108e-09,1.88150582079507e-09,1.48637299162413e-09,1.43937570143801e-09,2.13415259260792e-09,1.69527647949575e-09,2.30994327476852e-09,2.16345263947932e-09,2.42676301613788e-09,4.05784471740154e-09,2.34539158869534e-09,4.20725609829151e-09,3.99898949124748e-09,3.3791377590076e-09,4.73462062939277e-09,1.17439431035086e-08,5.55046866142618e-09,9.66816542054794e-09,1.01774930834956e-08,5.25858358149572e-09,1.3868997209254e-08,6.62112131029096e-09,1.09927456228811e-08,1.17227414166036e-08,9.22786170530699e-09,1.12759659436205e-08,5.53900493783988e-09,2.9163007648047e-09,9.59873600000551e-09,5.52783249642357e-09,8.91983150841886e-09,4.6669938963147e-09,2.49283571179107e-09,1.79959163804655e-09,4.70171207959121e-09,2.60703335564343e-09,4.44656781110716e-09,2.10843335824267e-09,1.56547560085948e-09,1.41008530337225e-09,2.26673814003582e-09,1.78614727667149e-09,2.15298544962479e-09,1.3316707873623e-09,1.22751219479815e-09,1.0875807717827e-09,1.61462548072723e-09,1.39107721500738e-09,1.65850865065356e-09,1.14255265095813e-09,9.40950186263844e-10,9.41546828996851e-10,1.31074739003943e-09,1.07885957212077e-09,1.42314985947344e-09
2.85496420922802e-09,5.87578613875021e-09,4.58223298884383e-09,5.47736627253015e-09,5.53944687841277e-09,4.82287832133568e-09,6.58066788414979e-09,5.19778577084912e-09,9.72301885323748e-09,6.27927302417071e-09,8.94421029612181e-09,9.25069594691553e-09,5.77640824356764e-09,1.10172401929427e-08,3.10556237784632e-08,9.99442367248993e-09,2.34869253091645e-08,2.15401526595087e-08,8.89973765158449e-09,2.46947133477275e-08,1.03686175969766e-08,1.86722409119497e-08,1.84960473541694e-08,1.37122307701735e-08,2.06152656433351e-08,8.4572331128926e-09,4.48449180256913e-09,1.5090029889103e-08,7.70568522842482e-09,1.38334766382895e-08,7.40132962550714e-09,3.95092691649139e-09,5.12432108868769e-09,6.7033835367093e-09,4.46989124029062e-09,7.13106171603e-09,3.33873536349036e-09,4.34651705725135e-09,2.44168704575064e-09,3.65162061307805e-09,4.71237449984892e-09,3.93427816285507e-09,3.90165481312038e-09,2.12064750586767e-09,1.66346936779471e-09,4.15236511088842e-09,2.28565468448526e-09,4.46893708004372e-09,1.59982498519701e-09,3.01763120480892e-09,2.45497054315075e-09,3.18700022605643e-09,3.00285344714217e-09,3.07290950236485e-09,3.17330613534407e-09,2.96738027945269e-09,5.70998535308249e-09,3.539671272726e-09,5.03203747324453e-09,5.57516977120597e-09,3.23832100220022e-09,6.58495525625456e-09,1.60440934147191e-08,5.71091304144445e-09,1.26449629377851e-08,1.13826827182331e-08,5.3454650866319e-09,1.30233974111201e-08,6.65429708494842e-09,1.01130472916079e-08,1.07959064013654e-08,8.29618993586393e-09,1.0939021453529e-08,5.73402023379855e-09,2.28804264624484e-09,9.03876656035599e-09,4.98656557775714e-09,8.21958078551882e-09,5.04102463152693e-09,2.08194618434584e-09,2.32086109001168e-09,4.42519498873386e-09,2.68932416972623e-09,4.68710610394583e-09,1.70516509017258e-09,1.96045126533719e-09,1.34501552298727e-09,2.18316424377837e-09,2.05932848883679e-09,2.31129055480436e-09,1.8415369023866e-09,1.31168737902794e-09,1.20187665685454e-09,2.06254564485325e-09,1.49841364145073e-09,2.06325666993739e-09
4.05885849263902e-09,7.75797697041125e-09,1.3778947564365e-08,6.4742424739272e-09,1.16202799275853e-08,9.74074112529962e-09,9.95497687040394e-09,1.6174050723121e-08,1.62869007769572e-08,1.44615265722326e-08,2.66833472800894e-08,2.33474856240398e-08,1.88983703398739e-08,1.85750606482683e-08,9.99442367248993e-09,3.08876405694656e-08,1.51977646461183e-08,2.58793525249587e-08,1.53806799403811e-08,8.04043616875139e-09,4.6709893599159e-09,1.256027040418e-08,7.53399264727085e-09,1.14292344694417e-08,6.76814681635171e-09,3.98850083195874e-09,4.0265995337364e-09,6.26179524498027e-09,3.99223967913304e-09,6.08178114108984e-09,3.6035632403377e-09,3.69567793536339e-09,2.70285878481797e-09,3.55962678834453e-09,4.21531473753436e-09,4.06067480948015e-09,3.25654854652461e-09,2.31940126371202e-09,2.0526120575727e-09,3.71747601722905e-09,2.7081089640858e-09,3.99915217713733e-09,2.06409204695031e-09,1.77998750710663e-09,1.69762933623327e-09,2.39883544034959e-09,2.06175861112696e-09,2.63527902178264e-09,2.5407175203429e-09,4.31953707318158e-09,7.86401723927621e-09,4.16072367647131e-09,6.63708396846184e-09,6.44030521407733e-09,5.75173468586503e-09,9.55543951473799e-09,9.80250050773629e-09,8.73173199212175e-09,1.6010056150269e-08,1.48014743631868e-08,1.11566338282269e-08,1.17543682410639e-08,5.82386161154069e-09,1.88501878422972e-08,9.5969638618274e-09,1.5728153729267e-08,9.83059595625752e-09,4.7971534515452e-09,2.65631146132455e-09,7.92785519585321e-09,5.26482278441148e-09,7.73200680741645e-09,4.00358688096492e-09,2.2579218725896e-09,1.88522339805687e-09,4.40538069967541e-09,2.29494011467002e-09,4.07340934488678e-09,1.98836025790698e-09,1.76368621577159e-09,1.68678360170435e-09,1.98164115400368e-09,2.15385560289949e-09,2.21517321980893e-09,1.48923738263954e-09,1.48265058545337e-09,1.3518080324372e-09,1.9754594240724e-09,1.53212023619461e-09,1.9368335163982e-09,1.30934940672978e-09,1.15929990750492e-09,1.15589615178463e-09,1.36745485251968e-09,1.48088813340181e-09,1.69080985477917e-09
4.45870803692328e-09,5.40293911715175e-09,7.26696697511072e-09,4.76410200959009e-09,7.86692909611109e-09,6.81809001499822e-09,6.49120833770028e-09,8.33484123462023e-09,1.69808095236265e-08,9.31470668750715e-09,1.34164305083068e-08,1.35782619901161e-08,9.31893712494076e-09,1.92551228174904e-08,2.34869253091645e-08,1.51977646461183e-08,3.50288712378556e-08,2.87488617120521e-08,1.59147233013386e-08,1.86704798392008e-08,9.53498147964582e-09,2.85235782848563e-08,1.37963780270035e-08,2.17868848115176e-08,1.56478348182889e-08,7.72997279939117e-09,4.51778326201741e-09,1.12082920772566e-08,7.0985761531428e-09,1.02900738283564e-08,6.72750373948148e-09,4.01366643545033e-09,5.35185434848881e-09,6.14046308189032e-09,4.45824564713116e-09,6.54424363482622e-09,3.35203179534103e-09,4.48822083082126e-09,2.54781053024694e-09,3.61138370802044e-09,4.93619317038742e-09,3.9906512190609e-09,3.93649515114391e-09,2.16646565035441e-09,1.87647903991808e-09,4.23816697242918e-09,2.30290525112048e-09,4.47853152574517e-09,2.77278330775992e-09,3.00346466464615e-09,3.84828512184446e-09,2.95756135786674e-09,4.27081009407615e-09,4.32121353342838e-09,3.96311391947052e-09,4.60370909110787e-09,1.05261961388943e-08,5.67559817618645e-09,8.13319800314735e-09,9.3370821437483e-09,5.28320535153678e-09,1.20604195735016e-08,1.27826300756529e-08,9.40804154169599e-09,1.9912201370221e-08,1.59840805982885e-08,9.8663082266881e-09,1.03623126600846e-08,5.80585326544968e-09,1.60365978290614e-08,8.96469895654875e-09,1.35196803851368e-08,8.68587361777451e-09,5.0434713583398e-09,2.41158156348731e-09,7.40965122943146e-09,4.56194439973198e-09,6.70451014798213e-09,4.32830362567952e-09,2.18705965624907e-09,2.53963168405057e-09,3.9450331941232e-09,2.54338298489205e-09,3.99921484038782e-09,1.78142200901403e-09,2.13572786174584e-09,1.47069697407184e-09,2.08149067540883e-09,2.32797176394591e-09,2.28770830424358e-09,1.9275131226492e-09,1.35928992846908e-09,1.17909864106498e-09,2.31552673457723e-09,1.43470523174758e-09,2.20571119444419e-09
4.57161321377933e-09,8.10948833042895e-09,1.32778639239257e-08,6.92182116632502e-09,1.14723610173666e-08,9.72031341222100e-09,1.04027052807931e-08,1.55122673262407e-08,1.35062938173679e-08,1.42858311400322e-08,2.23961140773274e-08,2.01827409671768e-08,1.79602415532811e-08,1.53024055154865e-08,2.15401526595087e-08,2.58793525249587e-08,2.87488617120521e-08,4.22109557631707e-08,1.26367123768535e-08,1.70521739237966e-08,9.04720604829685e-09,2.33147630385325e-08,1.26409112156695e-08,1.76447624344418e-08,1.42131478671277e-08,7.31841037182266e-09,4.65127231449781e-09,1.02435091489059e-08,6.78631648210335e-09,9.42189866206347e-09,6.45938095712953e-09,4.13362644828151e-09,5.52706821367465e-09,5.91974145217285e-09,4.68741273693931e-09,6.53709382635067e-09,3.44997472189892e-09,4.72022120099378e-09,2.77239657832909e-09,3.84981157297324e-09,5.24885814117366e-09,4.29338664052156e-09,4.08269474223273e-09,2.34713979744619e-09,2.0505417488084e-09,4.53023074522305e-09,2.50928005090398e-09,4.71929864182626e-09,2.9148278886279e-09,4.62331025762855e-09,7.45926441368823e-09,4.54160356069362e-09,6.53831896820009e-09,6.60040485849821e-09,6.13185146978495e-09,9.19967305067636e-09,8.59659901921098e-09,8.71597493216125e-09,1.37035434494861e-08,1.32041034951146e-08,1.11074061996714e-08,1.00824788722371e-08,1.13907811635081e-08,1.65078224618273e-08,1.67071986037626e-08,2.39389869698649e-08,8.3224986669405e-09,9.09432063744292e-09,5.54527632344885e-09,1.3444674383376e-08,8.54311837419789e-09,1.1417114033794e-08,7.58020526036924e-09,4.78191433042735e-09,2.28589161688415e-09,6.98072799082975e-09,4.25245385878739e-09,6.13872726058615e-09,4.1619062958362e-09,2.16225459335112e-09,2.61001987072158e-09,3.71539091204357e-09,2.78419415501458e-09,4.09485981763023e-09,1.69534892018054e-09,2.24422388687385e-09,1.6619950080443e-09,2.29521570684687e-09,2.26092227555263e-09,2.43617747059595e-09,1.91714429001784e-09,1.47912230046022e-09,1.37433427940204e-09,2.15218992801663e-09,1.75671756909459e-09,2.2438997529546e-09
3.27153887392916e-09,4.03801621524045e-09,6.19959668871726e-09,3.53120683590216e-09,6.3364864946347e-09,5.43661250451457e-09,4.76235767781876e-09,7.08377126152961e-09,1.71885547021103e-08,7.47750243041514e-09,1.35449698947792e-08,1.30523268774012e-08,8.11266579342894e-09,1.93574893012103e-08,8.89973765158449e-09,1.53806799403811e-08,1.59147233013386e-08,1.26367123768535e-08,2.31567696597204e-08,1.03221320434045e-08,5.44580085613384e-09,1.89553449228363e-08,9.46495211628004e-09,1.71535000223343e-08,8.69014616223173e-09,4.59220789493418e-09,4.40977523815376e-09,7.87347162843493e-09,4.57799216452355e-09,7.59503316000325e-09,3.99921584503449e-09,3.95048331665532e-09,2.76882734298362e-09,3.91916635294197e-09,4.37801962424821e-09,4.37702776461559e-09,3.43614689321671e-09,2.37104338819833e-09,1.97993601359427e-09,3.79007447200163e-09,2.67668838698659e-09,3.98708925987759e-09,2.07965481073797e-09,1.67651713211543e-09,1.63135834587363e-09,2.33866243137934e-09,1.94591984531901e-09,2.55349651145183e-09,1.86334428011796e-09,2.11326891061538e-09,3.53869588737886e-09,2.10352997692775e-09,3.65475313541646e-09,3.47202412522303e-09,2.75400125708441e-09,4.02889129365687e-09,9.74135653601336e-09,4.52672123067696e-09,8.14856449695345e-09,8.30700380397954e-09,4.49495219254517e-09,1.12751370996223e-08,5.53899729350114e-09,9.34582341405522e-09,9.5999255118114e-09,7.78749066278872e-09,1.36060835819454e-08,6.49506603360272e-09,3.21694253005242e-09,1.11798353263612e-08,6.58487634799002e-09,1.06459608678154e-08,5.51672883544322e-09,2.7280695769089e-09,2.39873767909665e-09,5.61631424845898e-09,2.9233206723587e-09,5.3636879837445e-09,2.34656590523404e-09,2.0912513395713e-09,1.62622334475344e-09,2.50358343975336e-09,2.25767021952454e-09,2.34070780370223e-09,1.65505094987592e-09,1.45234109611839e-09,1.27265543571694e-09,1.96819681540243e-09,1.59806812084935e-09,2.00214033338190e-09,1.26727579350155e-09,1.08636761511881e-09,1.12858631237731e-09,1.45400481779201e-09,1.26394479929723e-09,1.57712075420344e-09
