3.7872031714893e-08,1.43663061067475e-08,6.4340918150692e-09,3.29478695859404e-08,1.3561915591495e-08,3.09993575551718e-08,1.22920026591654e-08,5.45837108737308e-09,5.26888552877042e-09,1.14367060955697e-08,5.9201337512735e-09,1.14647086141962e-08,4.61786484065961e-09,4.63209018357783e-09,2.94875159162109e-09,5.05312955873566e-09,5.15793369155332e-09,5.2322608967261e-09,4.02060758578095e-09,2.49644898146614e-09,1.88818435558189e-09,4.40628237649276e-09,2.9166097294636e-09,4.8423221860405e-09,2.18428967239041e-09,1.59534806310819e-09,1.38659421368339e-09,2.47093487234598e-09,1.90558403309784e-09,2.78725271165673e-09,1.47590924769906e-09,1.3095807190723e-09,1.29229283724506e-09,1.80431237768534e-09,1.69261294249738e-09,2.18907063266164e-09,1.206815625823e-09,1.11429593124358e-09,1.17766814786578e-09,1.51472952512094e-09,1.35935596283781e-09,1.6840106477188e-09,1.04971627622143e-09,1.09945513762927e-09,9.46168868693261e-10,1.29129555801948e-09,1.27952682815521e-09,1.52315436297491e-09,3.06285661852651e-08,1.12099334384429e-08,5.38219340306637e-09,2.64164683362022e-08,1.07718916358801e-08,2.52864150432502e-08,9.64539755284916e-09,4.61849680257792e-09,4.37505620307923e-09,9.36287748106527e-09,5.15617704200956e-09,9.27883888207578e-09,4.00082129180933e-09,3.93227781059497e-09,2.77695983157273e-09,4.45996292739219e-09,4.72606415877113e-09,4.83409549033268e-09,3.41021695334129e-09,2.23315219268285e-09,1.47256715929242e-09,3.87849448574054e-09,2.35569506854888e-09,4.01733879806241e-09,1.97643849261506e-09,1.2719203670969e-09,1.21388136433227e-09,2.01078619408527e-09,1.58343583726082e-09,2.24035972516563e-09,1.15751411242035e-09,1.14056224179592e-09,1.25002276995435e-09,1.50309724326478e-09,1.4813225135641e-09,1.76715631907114e-09,1.09560656677551e-09,1.08118678859893e-09,1.01592671499185e-09,1.32563635140906e-09,1.21991740937157e-09,1.47566975397682e-09,9.94019135377165e-10,8.97540280870903e-10,8.32744054814826e-10,1.11352256348918e-09,1.07762235500369e-09,1.36741870895089e-09
1.43663061067475e-08,3.64649179545954e-08,1.64752148512835e-08,3.01191700956121e-08,3.09692182662244e-08,2.55263913924445e-08,3.14451149187014e-08,1.40958058335687e-08,6.39360291381307e-09,2.65369623125838e-08,1.34641909301655e-08,2.48875409389446e-08,1.22475974070652e-08,5.60081758028067e-09,5.21087036610482e-09,1.17060786785835e-08,6.10407607771513e-09,1.17753316268628e-08,4.77680871870382e-09,4.31227696701539e-09,2.80192985757673e-09,5.16186614121689e-09,4.85228255407618e-09,5.3364943773515e-09,3.74608412620554e-09,2.36985588725177e-09,1.87932798967521e-09,4.19214480603443e-09,2.85404080361467e-09,4.63515573598611e-09,2.15614652272347e-09,1.73525825573986e-09,1.41589372324062e-09,2.63734386731673e-09,1.91297234606273e-09,2.75298718376173e-09,1.61860495076603e-09,1.26122022699272e-09,1.23480758254958e-09,1.74624904914494e-09,1.58696995908541e-09,2.0805888147091e-09,1.20264942061867e-09,1.14479605698467e-09,9.45305458062958e-10,1.49322232988965e-09,1.29509034165401e-09,1.70918789035854e-09,1.18615734670146e-08,2.93309951563847e-08,1.37867579727187e-08,2.43596292966596e-08,2.55421834062179e-08,2.14712656878615e-08,2.53781696110272e-08,1.17700575998969e-08,5.09217313848111e-09,2.19919612339447e-08,1.11310117036985e-08,2.03450283594841e-08,1.03588751467431e-08,4.41832881014623e-09,4.33744139522884e-09,9.60085317791333e-09,5.24219066183822e-09,9.91594656072964e-09,3.7927543158596e-09,3.71645593783619e-09,2.42247419981561e-09,4.4107668755406e-09,4.27328364551593e-09,4.44984672724315e-09,3.2815868879748e-09,2.11039496599941e-09,1.5845683937908e-09,3.74098182685898e-09,2.51162533871601e-09,3.81570142380581e-09,1.93652136676808e-09,1.45206559568187e-09,1.21101464234279e-09,2.31826552475772e-09,1.69801940019208e-09,2.49115472521183e-09,1.37209636610203e-09,1.06180737589499e-09,1.11192070369311e-09,1.51907526140412e-09,1.36685683399472e-09,1.78154668695688e-09,1.0448454059507e-09,1.01488371435768e-09,8.03042391072754e-10,1.33872810309335e-09,1.11544356445268e-09,1.49966974568028e-09
6.4340918150692e-09,1.64752148512835e-08,3.66261678011524e-08,1.48790806600538e-08,3.12108967815522e-08,2.84484645372791e-08,1.41025165081422e-08,3.07478472495427e-08,1.40202084296286e-08,2.61596656341593e-08,2.66187806741932e-08,2.26365589321622e-08,2.64882271698302e-08,1.19802904450492e-08,4.68716362843466e-09,2.28102707059711e-08,1.1280806355689e-08,2.1303499676956e-08,1.03399373220859e-08,3.9612418022958e-09,3.64633006681777e-09,9.70064517952411e-09,4.14831432138804e-09,9.24927849547094e-09,3.34832067449444e-09,3.13168730214671e-09,2.47762903202461e-09,3.50078328041699e-09,3.82956878041113e-09,3.66826565825334e-09,2.79374499101422e-09,2.2557360305213e-09,1.62266654613832e-09,3.48133711122415e-09,2.32507420403814e-09,3.52825122445317e-09,2.12206776407475e-09,1.49285880682411e-09,1.40530421209673e-09,2.18048771213675e-09,1.89193768328417e-09,2.54670874587572e-09,1.44750839896599e-09,1.36444844946406e-09,1.20808259509849e-09,1.8187609550386e-09,1.62474610332694e-09,2.09922410068038e-09,5.11311002156694e-09,1.33586262235813e-08,2.85665484479449e-08,1.19345801188009e-08,2.46966972977329e-08,2.24072134476268e-08,1.1501841678147e-08,2.41466007851741e-08,1.10439522754328e-08,2.0925171063305e-08,2.13469823464062e-08,1.84377460922469e-08,2.11349012876344e-08,9.45493974243032e-09,3.68611283433788e-09,1.83560580279769e-08,9.27743940989529e-09,1.74258679393183e-08,8.41427123643857e-09,3.17105528655943e-09,2.78143159746236e-09,8.18348467054705e-09,3.16826042377991e-09,7.64303996923348e-09,2.58514326934617e-09,2.33069000157495e-09,1.99616019003228e-09,2.65190496392805e-09,3.05004109816922e-09,2.71742840000937e-09,2.14564127304196e-09,1.85050002233158e-09,1.34354926821687e-09,2.88574777910806e-09,1.84759800243057e-09,2.93138866452113e-09,1.65332142071902e-09,1.18552436000031e-09,1.23818394411213e-09,1.61441504701171e-09,1.71696888932392e-09,2.09836552407786e-09,1.17061498013738e-09,1.2030892230935e-09,1.06486352178091e-09,1.68006766047334e-09,1.36660302266149e-09,1.81382160027434e-09
3.29478695859404e-08,3.01191700956121e-08,1.48790806600538e-08,5.53439342958932e-08,2.55766477982366e-08,4.82600514259025e-08,2.58146830670679e-08,1.26521424866535e-08,6.13861862425803e-09,2.1778104686893e-08,1.18269715777504e-08,2.02697228256378e-08,1.09045413528526e-08,5.39120508980424e-09,5.63018903389674e-09,1.02600416950872e-08,6.02771105549731e-09,1.04448055043066e-08,4.58491843251646e-09,4.73591915056672e-09,3.08644551461293e-09,5.0594080570269e-09,5.41354499880432e-09,5.31327949213703e-09,4.1217338233657e-09,2.65474546759763e-09,2.0577973980425e-09,4.68341085514081e-09,3.12516554114284e-09,5.17827032943196e-09,2.44033006547531e-09,1.91465763052299e-09,1.77311418373882e-09,2.92208793329402e-09,2.3575774156701e-09,3.29070394842912e-09,1.79643472252019e-09,1.56909747103718e-09,1.60150287982384e-09,2.17358592580061e-09,1.95185608890048e-09,2.51182884701225e-09,1.47983523407655e-09,1.47968156624904e-09,1.2980340707102e-09,1.8510507939458e-09,1.7480103733613e-09,2.19558295806538e-09,2.67619946604135e-08,2.37864019388731e-08,1.23338368323335e-08,4.40255875923628e-08,2.09893788027057e-08,3.95283691959167e-08,2.03753389383531e-08,1.03682891422133e-08,4.9865388527518e-09,1.7929652843314e-08,9.56174314270469e-09,1.61956324782376e-08,9.06345050570407e-09,4.36492498429944e-09,4.74856751202317e-09,8.3493088686321e-09,5.44587793900779e-09,8.90639701848698e-09,3.68945193761165e-09,3.98021968831685e-09,2.58537184792912e-09,4.41563530093612e-09,4.42251114158144e-09,4.38147998436292e-09,3.57804758430863e-09,2.30854709675611e-09,1.76471511230056e-09,3.92685934071687e-09,2.68807018323329e-09,4.04490346380176e-09,2.10339434534420e-09,1.62985016936446e-09,1.62640284167008e-09,2.534914827669e-09,2.01983801090989e-09,2.76799591188523e-09,1.59305024086818e-09,1.44168234144745e-09,1.34657589928964e-09,1.86262100839808e-09,1.73681180063109e-09,2.13460014300649e-09,1.34436815161233e-09,1.20386991848215e-09,1.10070604568756e-09,1.58961786548814e-09,1.42449999496225e-09,1.87880473045878e-09
1.3561915591495e-08,3.09692182662244e-08,3.12108967815522e-08,2.55766477982366e-08,4.954827552503e-08,4.21251804458488e-08,2.65434355997838e-08,2.61553893312822e-08,1.33153901243634e-08,4.19190744791543e-08,2.27430622488247e-08,3.68571131683822e-08,2.23684961569568e-08,1.13266149118614e-08,5.00292451430167e-09,1.92941450619295e-08,1.08269229231901e-08,1.81018645109492e-08,9.66382396840084e-09,4.12205121754434e-09,4.24744951662991e-09,9.16748385501661e-09,4.45170800299351e-09,8.90174551719819e-09,3.46227774091679e-09,3.6141511967947e-09,2.79288304788641e-09,3.68481600287823e-09,4.4527020470975e-09,4.08189191415033e-09,3.24581325965421e-09,2.55831872795269e-09,1.7516227401766e-09,4.07845369200677e-09,2.59368132530501e-09,4.08562118721582e-09,2.38978161437237e-09,1.62033614227311e-09,1.58561574233702e-09,2.43404877464077e-09,2.0846102088702e-09,2.87516874696339e-09,1.56218355308467e-09,1.48486027281873e-09,1.1882523169357e-09,1.97194687252789e-09,1.64983273363744e-09,2.23328867069141e-09,1.11926071563446e-08,2.47848538412887e-08,2.47440425191194e-08,2.08279659829984e-08,3.92887702473933e-08,3.41092875133195e-08,2.1390799124831e-08,2.0808085296969e-08,1.01689285609507e-08,3.36446603357532e-08,1.84175240459999e-08,2.97949037241727e-08,1.81122877536303e-08,8.62732158638706e-09,3.80876591592778e-09,1.56218486965409e-08,8.49779528811998e-09,1.4861945953928e-08,7.51539955997447e-09,3.22647925080695e-09,3.3776195683291e-09,7.30857534847649e-09,3.48039550085087e-09,7.13184490871726e-09,2.65936694108603e-09,2.87207211438396e-09,2.34342911510914e-09,2.91526087937922e-09,3.79926369860069e-09,3.14230949696788e-09,2.66489392607125e-09,2.19585758404445e-09,1.38746979249088e-09,3.61075633439751e-09,2.14511048517042e-09,3.58969846342381e-09,1.99800815461154e-09,1.24734429677414e-09,1.42976745544519e-09,1.95600925930956e-09,1.8272388500061e-09,2.49263706472389e-09,1.24147007571634e-09,1.33013189733574e-09,1.04668238362055e-09,1.78248088891645e-09,1.38162763537993e-09,1.91298026249158e-09
3.09993575551718e-08,2.55263913924445e-08,2.84484645372791e-08,4.82600514259025e-08,4.21251804458488e-08,7.048288428267e-08,2.17583516860354e-08,2.36477878379611e-08,1.20593429490559e-08,3.54379158478842e-08,1.98856141176017e-08,3.05542823781184e-08,2.00170073815117e-08,1.02328782079156e-08,5.04560418190942e-09,1.67530663313449e-08,1.00338219492769e-08,1.58855882901509e-08,8.63778142899763e-09,4.22252774305104e-09,4.49972488727546e-09,8.39597390013385e-09,4.66082592990051e-09,8.24696923966547e-09,3.53530736311888e-09,3.85001162935868e-09,3.01176277552626e-09,3.82823984870423e-09,4.81281197728283e-09,4.28159015827502e-09,3.49930598644717e-09,2.78015486772735e-09,2.15864731840447e-09,4.43076010197416e-09,3.09304331159639e-09,4.69154371846017e-09,2.64518128188832e-09,2.00086408933105e-09,2.0443431987245e-09,2.93990149499728e-09,2.52954556250989e-09,3.43405698574441e-09,1.87402355578996e-09,1.84779894841278e-09,1.57635821193534e-09,2.34156864440528e-09,2.15355390677364e-09,2.77116352329223e-09,2.54862328248667e-08,2.00088696752866e-08,2.21259485520694e-08,3.8840282706893e-08,3.27806378418432e-08,5.63763023376528e-08,1.70981839263023e-08,1.8414825699603e-08,9.14652334226369e-09,2.80172378304031e-08,1.57000474762762e-08,2.41425106898976e-08,1.58861674546941e-08,7.79470904587531e-09,3.88343454480368e-09,1.34413017516283e-08,7.94510065563221e-09,1.29913035693986e-08,6.65517785961808e-09,3.24248486092958e-09,3.59548540477189e-09,6.63885386659961e-09,3.49972662409894e-09,6.61706851536462e-09,2.75956647266733e-09,3.10074445180677e-09,2.54469446056849e-09,2.96726378513065e-09,4.05300498468184e-09,3.24275625081782e-09,2.90312073526608e-09,2.40733961775948e-09,1.84942886677724e-09,3.92981111491444e-09,2.57255061886279e-09,4.05289365469609e-09,2.29678851791498e-09,1.70761617546949e-09,1.73256208753667e-09,2.43233757402843e-09,2.15707883323467e-09,2.88834367957087e-09,1.57553848772744e-09,1.53507119679819e-09,1.35795617784062e-09,1.96130112491861e-09,1.73465292959565e-09,2.27089164099816e-09
1.22920026591654e-08,3.14451149187014e-08,1.41025165081422e-08,2.58146830670679e-08,2.65434355997838e-08,2.17583516860354e-08,3.85077269271277e-08,1.65826512329979e-08,7.32514822370655e-09,3.31465705441774e-08,1.58407940740809e-08,3.1192032323181e-08,1.43882152409009e-08,6.35192162222473e-09,5.84899391512533e-09,1.3676831036643e-08,6.97135812931154e-09,1.3746119048785e-08,5.40766443362753e-09,4.87052182414341e-09,3.21653337688325e-09,5.87030223769421e-09,5.40094169591141e-09,5.93051463261389e-09,4.22917043582449e-09,2.75567532294152e-09,2.21021411946183e-09,4.69152258701775e-09,3.3750037469787e-09,5.2865508149862e-09,2.5011934151675e-09,2.03191247240298e-09,1.71491963170181e-09,3.10693378456771e-09,2.26600148386721e-09,3.28015792929119e-09,1.76384909056507e-09,1.47241438457167e-09,1.33546793362512e-09,1.95293281824804e-09,1.87296262108325e-09,2.35771552688662e-09,1.38969083706775e-09,1.21240942191885e-09,1.04118384449312e-09,1.73216480102688e-09,1.38965499985346e-09,1.93446200140378e-09,1.01596164866417e-08,2.53770802397721e-08,1.17757470992571e-08,2.07530247949808e-08,2.19950418410294e-08,1.82145877703528e-08,3.06089247490511e-08,1.40722887289037e-08,5.9960475656526e-09,2.70132036080283e-08,1.3573777336414e-08,2.55784657077057e-08,1.23357724775163e-08,5.12125946918528e-09,4.94615442435864e-09,1.15731218692419e-08,6.07034445989107e-09,1.18971619295029e-08,4.39696682523070e-09,4.23358180010837e-09,2.77173973928633e-09,5.05419972274306e-09,4.76609693054253e-09,5.00005320091435e-09,3.72944176411208e-09,2.41547969597348e-09,1.85743630350684e-09,4.16505667635249e-09,2.96074226050902e-09,4.32987748331599e-09,2.20476313949902e-09,1.660285582126e-09,1.50019959461174e-09,2.70407006949536e-09,1.97409731992937e-09,3.00831246628526e-09,1.44819169428764e-09,1.26095101260662e-09,1.19947873537454e-09,1.69136382669402e-09,1.66031789422631e-09,2.0387278142432e-09,1.22464623213092e-09,1.08759227344685e-09,9.21106991930618e-10,1.57631382550097e-09,1.23571619902594e-09,1.7571757898978e-09
5.45837108737308e-09,1.40958058335687e-08,3.07478472495427e-08,1.26521424866535e-08,2.61553893312822e-08,2.36477878379611e-08,1.65826512329979e-08,3.55023862430526e-08,1.58437136083638e-08,3.05157354585226e-08,3.08585627815941e-08,2.65329147238834e-08,3.05736708101899e-08,1.35360442326505e-08,5.29832097677495e-09,2.64598524747545e-08,1.29079805890591e-08,2.49068612224775e-08,1.16703982472461e-08,4.49532694879844e-09,4.18631466223401e-09,1.10828559673343e-08,4.69140815929221e-09,1.05222008750488e-08,3.82164373988914e-09,3.62660351341514e-09,2.79152705911126e-09,3.9943492114296e-09,4.40965852535759e-09,4.23292165722054e-09,3.23422442300204e-09,2.53749246815925e-09,1.95084919991289e-09,3.99766968976181e-09,2.70600684244261e-09,4.15126359530609e-09,2.24153212421612e-09,1.68172441771634e-09,1.40921455619752e-09,2.3666619065914e-09,2.07091356863566e-09,2.75932355529813e-09,1.58897731135639e-09,1.33457158092244e-09,1.25984321813651e-09,1.94465676683059e-09,1.66152337747169e-09,2.24410312060685e-09,4.39963708554001e-09,1.14965254159643e-08,2.41466562642512e-08,1.01969603688796e-08,2.09207479930309e-08,1.8881591554862e-08,1.33019473215933e-08,2.79117275708684e-08,1.25479929565941e-08,2.41366972441888e-08,2.49819446818287e-08,2.17129858094993e-08,2.44880353425502e-08,1.06981904649071e-08,4.16969443671885e-09,2.15203355372758e-08,1.04308984466527e-08,2.04660339306526e-08,9.44570537571107e-09,3.57924227642494e-09,3.2472346255643e-09,9.09638872407881e-09,3.61378213288175e-09,8.5719740308206e-09,2.92319606555786e-09,2.77169292550795e-09,2.31520686108731e-09,3.02741360753686e-09,3.56166777825881e-09,3.16239976155139e-09,2.52174842406852e-09,2.12188155568763e-09,1.59229001629854e-09,3.3156295140059e-09,2.22944930249128e-09,3.53844632801665e-09,1.83016282158072e-09,1.3742230207462e-09,1.31685235231033e-09,1.88171577429937e-09,1.8864398925366e-09,2.3469616242123e-09,1.28372964464468e-09,1.23053718174715e-09,1.09498037023841e-09,1.76640787755533e-09,1.46847935399166e-09,1.95596031654574e-09
5.26888552877042e-09,6.39360291381307e-09,1.40202084296286e-08,6.13861862425803e-09,1.33153901243634e-08,1.20593429490559e-08,7.32514822370655e-09,1.58437136083638e-08,3.56684275317493e-08,1.5194681844364e-08,3.05398249644899e-08,2.87491500401668e-08,1.35420810864792e-08,3.02114838769744e-08,1.24791846270608e-08,2.56992815989397e-08,2.60137151327452e-08,2.21253148967002e-08,2.60849874210646e-08,1.0551128459557e-08,4.53453406030107e-09,2.22098685684912e-08,9.66310466578115e-09,2.03185573997574e-08,8.93431273337564e-09,3.78881050674826e-09,3.93933066539051e-09,8.08753720014996e-09,4.13055035599055e-09,7.89937909331047e-09,3.29963932184657e-09,3.51916445055825e-09,2.41156961208574e-09,3.6373333673248e-09,3.84190785584456e-09,3.84640660650749e-09,3.08086180017148e-09,2.01338021531953e-09,1.6073617139021e-09,3.26927719435346e-09,2.35400556370938e-09,3.61926051757518e-09,1.95298503528068e-09,1.467148353652e-09,1.31797533339e-09,2.24611502289269e-09,1.66783484929096e-09,2.44939370805608e-09,3.90851529886637e-09,5.07599216743173e-09,1.11349435969743e-08,4.51190405599018e-09,1.07570427038332e-08,9.40645000734227e-09,5.7870181714838e-09,1.27416637815686e-08,2.836244776368e-08,1.2413131915484e-08,2.4588295557276e-08,2.33936118837596e-08,1.10812861960596e-08,2.42503962446099e-08,1.02663994761384e-08,2.08524258722898e-08,2.14912980260218e-08,1.88096150445217e-08,2.11141429020584e-08,8.69567985296677e-09,3.83601279679211e-09,1.84868861050069e-08,7.85434623091794e-09,1.66857083579614e-08,7.29410442196154e-09,3.14459308120517e-09,3.17783424256359e-09,6.47996233322426e-09,3.52455768047577e-09,6.29428984806035e-09,2.78568060239007e-09,2.86488450447259e-09,2.30422880828417e-09,3.18212893041967e-09,3.3871861640592e-09,3.28169009758498e-09,2.47034994831706e-09,1.87765606424009e-09,1.59154204405386e-09,2.82337944501009e-09,2.08942902151683e-09,3.07081979780213e-09,1.73526509565277e-09,1.43180579042664e-09,1.07665641998657e-09,1.90204349691185e-09,1.50362780782614e-09,2.09366741238862e-09
1.14367060955697e-08,2.65369623125838e-08,2.61596656341593e-08,2.1778104686893e-08,4.19190744791543e-08,3.54379158478842e-08,3.31465705441774e-08,3.05157354585226e-08,1.5194681844364e-08,5.14068200744241e-08,2.66304662480358e-08,4.54484082820456e-08,2.6161776808812e-08,1.28959006529006e-08,5.77099533626444e-09,2.25954049539583e-08,1.25420003334956e-08,2.1347258265069e-08,1.09852504264629e-08,4.7676434777979e-09,4.90951752209026e-09,1.05863497604084e-08,5.06834369800325e-09,1.00900742981742e-08,4.01777923259354e-09,4.21652364391117e-09,3.26428776064744e-09,4.23400205852496e-09,5.24304210324126e-09,4.76466758421753e-09,3.80544114913713e-09,2.98089148480660e-09,2.16096028408115e-09,4.80811778798377e-09,3.10007925591954e-09,4.92787090112558e-09,2.5748921901099e-09,1.87474921610384e-09,1.60800001472729e-09,2.69162045823011e-09,2.36387056893994e-09,3.17712049419369e-09,1.80599932723569e-09,1.50143372288798e-09,1.28969064623665e-09,2.24626347359454e-09,1.73414027620128e-09,2.50140467381035e-09,9.4516606900722e-09,2.13849767335136e-08,2.08117643838045e-08,1.76306574206927e-08,3.36423568124513e-08,2.89074594585891e-08,2.6121233251429e-08,2.47023125648369e-08,1.18998474110717e-08,4.09142912199257e-08,2.23610242608493e-08,3.69818724954498e-08,2.15190996856435e-08,1.00246395482246e-08,4.4164831271345e-09,1.89042371104026e-08,9.89980314174364e-09,1.79924532836535e-08,8.6786918393295e-09,3.71096400227459e-09,3.93088284170671e-09,8.40287667029707e-09,4.03285353599481e-09,8.17931399507324e-09,3.05513036119676e-09,3.36471060975878e-09,2.76188863234207e-09,3.3625338322816e-09,4.49215711802188e-09,3.74243534731664e-09,3.1136187205163e-09,2.53382773682675e-09,1.7224771304504e-09,4.21542168533697e-09,2.58751646705269e-09,4.3898956852591e-09,2.18026091654928e-09,1.46315040917914e-09,1.51538729764762e-09,2.24168507811393e-09,2.09462020024536e-09,2.76607892537492e-09,1.43281172531427e-09,1.39503793580152e-09,1.11938166607389e-09,2.00391797180856e-09,1.54232111569986e-09,2.17314964551283e-09
5.9201337512735e-09,1.34641909301655e-08,2.66187806741932e-08,1.18269715777504e-08,2.27430622488247e-08,1.98856141176017e-08,1.58407940740809e-08,3.08585627815941e-08,3.05398249644899e-08,2.66304662480358e-08,4.98707496100195e-08,4.36197466941056e-08,2.64643636405067e-08,2.5694779194377e-08,1.11452338090359e-08,4.2151914691164e-08,2.19656619038682e-08,3.67796247674811e-08,2.2117679042652e-08,9.40403050189939e-09,4.6757125812327e-09,1.86899495028586e-08,8.71840288341811e-09,1.69988208222024e-08,7.99422589090322e-09,3.90745033770726e-09,4.66774108456483e-09,7.35412438699804e-09,4.47384051731606e-09,7.28588997901875e-09,3.38401607099411e-09,4.21981388175126e-09,2.75880726789835e-09,3.93027986645032e-09,4.55659880738125e-09,4.12419540288496e-09,3.74831352598745e-09,2.35069750500087e-09,1.93144928647539e-09,4.00795190252929e-09,2.8713009423585e-09,4.5290028197861e-09,2.27026275086188e-09,1.83958223284082e-09,1.70555334605115e-09,2.78033184505676e-09,2.16038512186822e-09,3.07601330798487e-09,4.42491561181006e-09,1.07331529464635e-08,2.10211777088513e-08,9.1046577858689e-09,1.83879556807655e-08,1.5606181437741e-08,1.24393793768239e-08,2.45281220892252e-08,2.41493483923148e-08,2.14850122617651e-08,3.99649193698197e-08,3.53324175169113e-08,2.14206554671875e-08,2.04853912399617e-08,9.17969153522922e-09,3.3933812309711e-08,1.82699406464855e-08,3.06746197113235e-08,1.7920787574811e-08,7.71732718275704e-09,3.83963910800798e-09,1.57363184111975e-08,7.10468316110561e-09,1.42077831165581e-08,6.41650617641108e-09,3.14315425263906e-09,3.77987090165437e-09,5.88031578956107e-09,3.69055643921453e-09,5.82932900490154e-09,2.76260713921224e-09,3.43164627588412e-09,2.47022600965054e-09,3.29746427167193e-09,3.94291320803316e-09,3.46061869178203e-09,2.96416869779338e-09,2.11182190907345e-09,1.87664196783242e-09,3.36312738030997e-09,2.62078101091974e-09,3.841807779828e-09,1.98821072093914e-09,1.72190122475519e-09,1.40078132550794e-09,2.44551535621573e-09,1.82694195573366e-09,2.6725548113038e-09
1.14647086141962e-08,2.48875409389446e-08,2.26365589321622e-08,2.02697228256378e-08,3.68571131683822e-08,3.05542823781184e-08,3.1192032323181e-08,2.65329147238834e-08,2.87491500401668e-08,4.54484082820456e-08,4.36197466941056e-08,6.71991184743135e-08,2.25704228019039e-08,2.39994341494355e-08,1.07990294056631e-08,3.65308119734694e-08,2.05681402477066e-08,3.16952770863592e-08,2.04943641224336e-08,8.99463185343337e-09,4.79447273454449e-09,1.73069900256879e-08,8.28356082046757e-09,1.56465519344522e-08,7.54942890469405e-09,3.97769642470473e-09,5.19102019757643e-09,6.86027117889997e-09,4.67252584298917e-09,6.96345442522283e-09,3.50294889300691e-09,4.71219026535528e-09,3.02183908152954e-09,4.17922224989062e-09,5.00162447055975e-09,4.30438487577027e-09,4.13135857352218e-09,2.57824943079424e-09,2.06850034073512e-09,4.34509875534072e-09,3.17022379939969e-09,4.86430677129319e-09,2.52140289550558e-09,1.9749507572985e-09,1.68494214075585e-09,3.1174090280094e-09,2.18248203254671e-09,3.39328233760579e-09,9.08239351125667e-09,1.98343798761668e-08,1.82766659428332e-08,1.59548182178269e-08,2.99050322682361e-08,2.4681513444921e-08,2.43097087508861e-08,2.19165107072786e-08,2.24090267645141e-08,3.65173862789468e-08,3.57684993471621e-08,5.41674431056497e-08,1.89449319306851e-08,1.88315864764992e-08,8.6043482195511e-09,2.99968585892754e-08,1.67515187100334e-08,2.69383054073506e-08,1.62775539997499e-08,7.09663861774965e-09,3.75284270851064e-09,1.41735951820666e-08,6.57783961249072e-09,1.28659557205507e-08,5.87527397078465e-09,3.10607642871668e-09,4.24523356252559e-09,5.39267365704428e-09,3.85622522702211e-09,5.46419484093589e-09,2.76892283719556e-09,3.85177092316238e-09,2.61644083218938e-09,3.51339888816318e-09,4.30939257228862e-09,3.6188206704539e-09,3.34820140225735e-09,2.22801388024509e-09,1.9236310036272e-09,3.73413380446213e-09,2.6866056910253e-09,4.09200851753342e-09,2.17038922654048e-09,1.75831672493413e-09,1.45034038005893e-09,2.59271260319848e-09,1.84367578086533e-09,2.92739224200894e-09
4.61786484065961e-09,1.22475974070652e-08,2.64882271698302e-08,1.09045413528526e-08,2.23684961569568e-08,2.00170073815117e-08,1.43882152409009e-08,3.05736708101899e-08,1.35420810864792e-08,2.6161776808812e-08,2.64643636405067e-08,2.25704228019039e-08,3.72079161040467e-08,1.58648265543994e-08,6.27404404123138e-09,3.25056479736546e-08,1.51637145791947e-08,3.08127275088897e-08,1.35616077872513e-08,5.29901399700638e-09,4.84526864307072e-09,1.28977845817093e-08,5.64900831914151e-09,1.24599262715609e-08,4.53416731502077e-09,4.20305656197094e-09,3.16114001957568e-09,4.82458343531579e-09,5.02427043163894e-09,5.16514241910512e-09,3.73846497180944e-09,2.85563217101458e-09,2.29519906872131e-09,4.53060777254991e-09,3.08237329820151e-09,4.70275945523685e-09,2.53051146014822e-09,1.97241510728817e-09,1.61039083654133e-09,2.70895172006891e-09,2.37676247662274e-09,3.09114198119268e-09,1.77179247583184e-09,1.49129276085478e-09,1.39044387642939e-09,2.13276561408707e-09,1.82392995293121e-09,2.44445883644636e-09,3.7376168336479e-09,1.01926654586817e-08,2.11319932179565e-08,8.88931075638953e-09,1.82136240871752e-08,1.61635562524918e-08,1.17596806501365e-08,2.44849854284662e-08,1.07023193271309e-08,2.11190698126085e-08,2.15234468560197e-08,1.85434019854953e-08,2.96566342110477e-08,1.29489668731559e-08,4.80321229636724e-09,2.65008860978431e-08,1.22256411039042e-08,2.49384090209628e-08,1.1269858783243e-08,4.10904456456722e-09,3.75953847383615e-09,1.05295317118463e-08,4.30225191060178e-09,1.01243815149772e-08,3.43227112586179e-09,3.22886310135627e-09,2.62313367988771e-09,3.63427459214662e-09,4.0994143924413e-09,3.81590393300743e-09,2.93828091012283e-09,2.36484818520124e-09,1.88983946690676e-09,3.75543669287412e-09,2.55299373704545e-09,4.01284917895982e-09,2.05072035449254e-09,1.63623706334089e-09,1.4975525945538e-09,2.20646520143763e-09,2.19872633444438e-09,2.6289657438848e-09,1.46937030764419e-09,1.39871045501114e-09,1.16168161048599e-09,1.9747726402375e-09,1.65738310281948e-09,2.18478617374811e-09
4.63209018357783e-09,5.60081758028067e-09,1.19802904450492e-08,5.39120508980424e-09,1.13266149118614e-08,1.02328782079156e-08,6.35192162222473e-09,1.35360442326505e-08,3.02114838769744e-08,1.28959006529006e-08,2.5694779194377e-08,2.39994341494355e-08,1.58648265543994e-08,3.45942326089794e-08,1.41492991681181e-08,2.98524686599911e-08,2.96374822227088e-08,2.56866627522872e-08,2.96734310791625e-08,1.18910235891533e-08,5.12121285842335e-09,2.5215420869835e-08,1.10600223011631e-08,2.33561270485026e-08,1.00794753952538e-08,4.27323424804919e-09,4.38441161662685e-09,9.26126336146477e-09,4.66402581541969e-09,9.13313470510844e-09,3.71841105714733e-09,3.89279133782464e-09,2.68905242022344e-09,4.08125430837764e-09,4.28734084252948e-09,4.29985452837376e-09,3.39046308600466e-09,2.24121597962303e-09,1.80632296937946e-09,3.62790703961616e-09,2.62089481821966e-09,4.01823202576297e-09,2.01615604000711e-09,1.56392459290552e-09,1.34472260704178e-09,2.28649006461847e-09,1.77323049257479e-09,2.48466784632025e-09,3.46089580883159e-09,4.48817560106783e-09,9.71013469767472e-09,3.87494146549233e-09,9.36940422753411e-09,8.04261691907033e-09,5.08813064404842e-09,1.10757917354612e-08,2.42502813920673e-08,1.08168471946497e-08,2.08491793680706e-08,1.98221129185962e-08,1.27686444024747e-08,2.80922570082486e-08,1.13096481555707e-08,2.43694917867183e-08,2.4205473495987e-08,2.14234131400133e-08,2.41722524605563e-08,9.52329434133219e-09,4.28442803387048e-09,2.06737029718468e-08,8.90417635640858e-09,1.90413284863007e-08,8.01785788690385e-09,3.52317969695522e-09,3.57410734832449e-09,7.34874448170632e-09,3.9584517932177e-09,7.10314229050922e-09,3.12276376425481e-09,3.2092833815337e-09,2.56240519885333e-09,3.50647156280118e-09,3.82282990204214e-09,3.57663775888394e-09,2.74663176276133e-09,2.0773228289367e-09,1.75455811359851e-09,3.1894972727978e-09,2.36252182028758e-09,3.47865627241804e-09,1.836376790522e-09,1.52354131950145e-09,1.10290403587694e-09,2.02516438910015e-09,1.65956165522359e-09,2.24989168805707e-09
2.94875159162109e-09,5.21087036610482e-09,4.68716362843466e-09,5.63018903389674e-09,5.00292451430167e-09,5.04560418190942e-09,5.84899391512533e-09,5.29832097677495e-09,1.24791846270608e-08,5.77099533626444e-09,1.11452338090359e-08,1.07990294056631e-08,6.27404404123138e-09,1.41492991681181e-08,3.38779555862891e-08,1.30643419084622e-08,2.7721609908308e-08,2.53591209036834e-08,1.18968262438718e-08,2.78025883886321e-08,1.15705279726467e-08,2.26859867079499e-08,2.30846398530436e-08,1.86882609370284e-08,2.37171340598503e-08,9.58246065046827e-09,4.3459878718818e-09,1.94181685549601e-08,9.17106471508519e-09,1.84114657700944e-08,8.39854117213958e-09,3.75147975685296e-09,3.94769915442585e-09,8.00705483407808e-09,4.28479010202633e-09,8.15583457137407e-09,3.26393136929369e-09,3.45623867026511e-09,2.17530462739087e-09,3.69287562399099e-09,3.83924386791876e-09,3.9569104618288e-09,3.09835252744445e-09,1.88510301219675e-09,1.55148378619383e-09,3.4067896328418e-09,2.11878269832964e-09,3.51996579173797e-09,2.43472123847632e-09,4.05306729716184e-09,4.16016018270774e-09,4.30141934301395e-09,4.20218173729816e-09,4.14695085381124e-09,4.59398642461278e-09,4.85927907040602e-09,1.05981235769527e-08,4.98407223596465e-09,9.65121651451563e-09,9.22770134364308e-09,5.7777295326956e-09,1.19572298593636e-08,2.7150621982612e-08,1.13281837595089e-08,2.28345726362619e-08,2.10417724504997e-08,1.01707218020943e-08,2.24779894244564e-08,9.75336197447229e-09,1.88681352723196e-08,1.88706651711614e-08,1.57449123872636e-08,1.92789032966499e-08,8.11723090973689e-09,3.816219812151e-09,1.59118062511482e-08,7.70997681869992e-09,1.48210064537778e-08,7.2153826185824e-09,3.36284666212141e-09,3.55269852912936e-09,6.80288559549167e-09,3.93163421936654e-09,6.77486852007707e-09,2.86721946874379e-09,3.08918480210947e-09,1.98344171244805e-09,3.27615659757463e-09,3.3370822089872e-09,3.58997494502637e-09,2.79092795976913e-09,1.76950450005141e-09,1.25805224479207e-09,2.97286823402868e-09,1.92858764637609e-09,3.13558339131812e-09
5.05312955873566e-09,1.17060786785835e-08,2.28102707059711e-08,1.02600416950872e-08,1.92941450619295e-08,1.67530663313449e-08,1.3676831036643e-08,2.64598524747545e-08,2.56992815989397e-08,2.25954049539583e-08,4.2151914691164e-08,3.65308119734694e-08,3.25056479736546e-08,2.98524686599911e-08,1.30643419084622e-08,5.09823527125383e-08,2.56349087621329e-08,4.49454858981134e-08,2.54532118339375e-08,1.09325201502244e-08,5.50915549029308e-09,2.16562086285622e-08,1.03571269761212e-08,2.00317123342323e-08,9.32320862544904e-09,4.56916546259795e-09,5.16343466094206e-09,8.73265217452139e-09,5.18844352557383e-09,8.76459480639786e-09,3.93942740781064e-09,4.62467288869402e-09,3.13998414816222e-09,4.52059482187777e-09,5.04137462908758e-09,4.72752747248029e-09,4.1041484377502e-09,2.70694446397081e-09,2.1586054529149e-09,4.44632665831466e-09,3.20094473411278e-09,4.92982600472795e-09,2.4619408589684e-09,1.94224166236842e-09,1.74059109219359e-09,2.88263061113971e-09,2.28365664401639e-09,3.20878652410235e-09,3.78828947353752e-09,9.44336141155391e-09,1.83555635961363e-08,7.86708163180691e-09,1.59672855194886e-08,1.33367905234287e-08,1.09115908092029e-08,2.141427493013e-08,2.04883848008087e-08,1.87098832460688e-08,3.39337067741192e-08,2.99959880227096e-08,2.57769166081552e-08,2.4398319106303e-08,1.03901604847478e-08,4.09226527037444e-08,2.12664184186594e-08,3.66262566833929e-08,2.09856654857335e-08,8.61622370259187e-09,4.4113967529096e-09,1.80410417095303e-08,8.23655850903329e-09,1.66987780799866e-08,7.24169774549085e-09,3.64497593027963e-09,4.18018895171727e-09,6.83809483149675e-09,4.26191101935007e-09,6.81617634469203e-09,3.25318639183106e-09,3.76813255946517e-09,2.81079652021159e-09,3.75580827886224e-09,4.41241500994976e-09,3.95815656387367e-09,3.24399077310492e-09,2.41623525774435e-09,2.06561864062284e-09,3.77990286313093e-09,2.94054653521335e-09,4.20919083548836e-09,2.19977796427715e-09,1.87522844903772e-09,1.39269608783356e-09,2.63706203211492e-09,2.08783885446551e-09,2.93754397494862e-09
5.15793369155332e-09,6.10407607771513e-09,1.1280806355689e-08,6.02771105549731e-09,1.08269229231901e-08,1.00338219492769e-08,6.97135812931154e-09,1.29079805890591e-08,2.60137151327452e-08,1.25420003334956e-08,2.19656619038682e-08,2.05681402477066e-08,1.51637145791947e-08,2.96374822227088e-08,2.7721609908308e-08,2.56349087621329e-08,4.7850376972662e-08,4.17628106327284e-08,2.52203272506902e-08,2.2681942827248e-08,1.05143694796865e-08,4.00139609227044e-08,1.86696263455076e-08,3.39930160295974e-08,1.91475609599154e-08,8.59018691387636e-09,4.4378877183818e-09,1.53636190095007e-08,8.28143512257609e-09,1.44170242233877e-08,7.41037014344026e-09,3.75711435315223e-09,4.49553148910942e-09,7.09711455060234e-09,4.3502827959828e-09,7.3377169699998e-09,3.22707816529795e-09,3.9099153335662e-09,2.41916519252167e-09,3.66517799315966e-09,4.22174086573901e-09,3.93189243049687e-09,3.53210523429564e-09,2.15474093644111e-09,1.70208651592029e-09,3.81246511421607e-09,2.36958319735113e-09,3.92915297875616e-09,3.9472956462984e-09,5.10354121292251e-09,9.57584446959885e-09,4.64682065494012e-09,9.27642259185562e-09,7.99962357177754e-09,5.9009004971161e-09,1.10428530047923e-08,2.16553476112804e-08,1.08489192306114e-08,1.87720371305169e-08,1.77360749776111e-08,1.27889971536799e-08,2.47643170912632e-08,2.20401287106372e-08,2.19326015601317e-08,3.93223558662428e-08,3.48346584918499e-08,2.12841565899029e-08,1.814825247776e-08,8.62582855423285e-09,3.31995766679581e-08,1.52182742863909e-08,2.84962071313808e-08,1.5359880513386e-08,7.07704403877537e-09,3.84492013104116e-09,1.2498301736284e-08,6.84886741899757e-09,1.13894221129149e-08,6.21696186919021e-09,3.34011445352948e-09,4.16750379098514e-09,5.94943006625827e-09,4.01013386568823e-09,5.98200659214731e-09,2.81067189072727e-09,3.55266256864042e-09,2.37191668274327e-09,3.27860698993696e-09,3.62997683588743e-09,3.57611592736166e-09,3.220818881301e-09,2.17603927812264e-09,1.45969509099793e-09,3.31184007201463e-09,2.32243840522785e-09,3.45941868654402e-09
5.2322608967261e-09,1.17753316268628e-08,2.1303499676956e-08,1.04448055043066e-08,1.81018645109492e-08,1.58855882901509e-08,1.3746119048785e-08,2.49068612224775e-08,2.21253148967002e-08,2.1347258265069e-08,3.67796247674811e-08,3.16952770863592e-08,3.08127275088897e-08,2.56866627522872e-08,2.53591209036834e-08,4.49454858981134e-08,4.17628106327284e-08,6.54389377611173e-08,2.16928472214378e-08,2.06955323769207e-08,1.00817554547016e-08,3.47180435977452e-08,1.70199111480409e-08,2.92628801453067e-08,1.7539863202378e-08,8.15321574864552e-09,4.61240260616538e-09,1.40288918519354e-08,8.08300237086234e-09,1.3319611721621e-08,6.97725816979747e-09,3.99368791387548e-09,4.92686421795134e-09,6.92056163441502e-09,4.51940248808555e-09,7.07641793642044e-09,3.47760353529755e-09,4.32380838083398e-09,2.74171600807351e-09,3.89284831860457e-09,4.88305631923988e-09,4.29182448049916e-09,3.90798576781519e-09,2.4584059384137e-09,2.10807931594224e-09,4.43093506961015e-09,2.80687448135125e-09,4.71801196078983e-09,4.05633079723266e-09,9.69571731504145e-09,1.76402754009738e-08,8.30511064585938e-09,1.53707776915785e-08,1.29323763852045e-08,1.12655615189153e-08,2.07376411438089e-08,1.83390436830853e-08,1.80389986495425e-08,3.06692644744734e-08,2.68474990353914e-08,2.51268618712173e-08,2.16886546308146e-08,1.99692624048653e-08,3.72181449796055e-08,3.47816828362619e-08,5.40393988495323e-08,1.85669898227488e-08,1.62642390570503e-08,8.10744085079337e-09,2.91428834084617e-08,1.36330809483917e-08,2.49557683251521e-08,1.37147289601812e-08,6.62478671620968e-09,3.91377229533895e-09,1.11691733691817e-08,6.59855682549655e-09,1.05025104287046e-08,5.8414997828713e-09,3.42657981727054e-09,4.27296335174997e-09,5.70622231010738e-09,4.05653512694894e-09,5.82991240288256e-09,2.93789275762425e-09,3.77860124020997e-09,2.60389692461619e-09,3.3929335917022e-09,4.14729666654677e-09,3.83849748364362e-09,3.43530748124156e-09,2.41312778471061e-09,1.70675879318052e-09,3.78089413887347e-09,2.66821541216389e-09,3.9966532298062e-09
4.02060758578095e-09,4.77680871870382e-09,1.03399373220859e-08,4.58491843251646e-09,9.66382396840084e-09,8.63778142899763e-09,5.40766443362753e-09,1.16703982472461e-08,2.60849874210646e-08,1.09852504264629e-08,2.2117679042652e-08,2.04943641224336e-08,1.35616077872513e-08,2.96734310791625e-08,1.18968262438718e-08,2.54532118339375e-08,2.52203272506902e-08,2.16928472214378e-08,3.54636765725107e-08,1.40108340680723e-08,5.95135804465324e-09,3.05985074875425e-08,1.31099916054033e-08,2.83449927857466e-08,1.17458440090258e-08,4.94277067376605e-09,4.92677630061231e-09,1.08880554414318e-08,5.32428767431528e-09,1.06786153085155e-08,4.25421865482881e-09,4.36425548202616e-09,3.02304945404671e-09,4.63116212349715e-09,4.91463495953226e-09,4.90812953503459e-09,3.81356213578633e-09,2.53101268282918e-09,2.13799135928332e-09,4.18661087724306e-09,3.03783880499978e-09,4.70957573816077e-09,2.29295621632388e-09,1.88417307409091e-09,1.59667178168691e-09,2.68518902056876e-09,2.15954802885756e-09,3.00280162576538e-09,3.01353784898725e-09,3.96865464665666e-09,8.54931849657722e-09,3.40400272637186e-09,8.23277258784868e-09,6.9704630848716e-09,4.50172398135519e-09,9.67406412587754e-09,2.11136452558946e-08,9.46047345769331e-09,1.82011880250925e-08,1.73042074149354e-08,1.10620238588993e-08,2.41718583172545e-08,9.5276883948447e-09,2.09831411225743e-08,2.06768190657198e-08,1.82901063100063e-08,2.8755459221105e-08,1.12009936173436e-08,4.86563723917252e-09,2.48961627053908e-08,1.05561841334813e-08,2.30345460054645e-08,9.22867231574083e-09,4.02491517834337e-09,4.04082344354548e-09,8.54831694040116e-09,4.51298286012448e-09,8.43771327485795e-09,3.55847178612957e-09,3.64003410160868e-09,2.77057516036001e-09,4.02046068924107e-09,4.27932667549261e-09,4.07443267681368e-09,3.10956683023857e-09,2.25248629829918e-09,2.06355000366307e-09,3.58066537470484e-09,2.71626623095992e-09,4.05482272313859e-09,2.01850224937285e-09,1.82492448658143e-09,1.23300009433677e-09,2.37511672673668e-09,1.88471112781035e-09,2.57991125441458e-09
