8.07129881672972e-08,2.90382721088294e-08,1.33763166867536e-08,6.76808153697973e-08,2.77046252792028e-08,6.47862817946026e-08,2.43253952275112e-08,1.0940045008415e-08,1.1665923611335e-08,2.2908012683849e-08,1.19799342471969e-08,2.18409612523781e-08,9.52429554934309e-09,1.03923456069221e-08,6.19686936294945e-09,1.05369262392145e-08,1.13273303501331e-08,1.09153055693803e-08,8.97423819944542e-09,5.36153484499523e-09,4.18702453494105e-09,9.9678468871383e-09,5.97297446160186e-09,1.04276628190406e-08,4.98926929563922e-09,3.85757550396115e-09,3.62351697163507e-09,5.614899672357e-09,4.72118693164772e-09,6.53736496116293e-09,3.61114266017566e-09,3.43985560957428e-09,3.35444867690693e-09,4.51388286636683e-09,3.90484965999348e-09,5.22702452936012e-09,3.38795138423652e-09,3.18794336502912e-09,2.88018244078277e-09,3.71893303040878e-09,3.67224899044044e-09,4.44245399949575e-09,2.79992274548029e-09,2.61428719202252e-09,2.41697696238065e-09,3.31699297889778e-09,3.25088585187355e-09,3.8552718363604e-09,7.0506316854261e-08,2.40379882926615e-08,1.10418918844533e-08,5.77055876810542e-08,2.22471987265874e-08,5.37912360493341e-08,2.08787727574836e-08,9.51164569556445e-09,1.05810597895486e-08,1.90274282798484e-08,1.02530742998337e-08,1.83275175758276e-08,8.1246470978549e-09,9.70742966531846e-09,6.24975672501534e-09,9.21947935369297e-09,1.06485634297603e-08,9.50109307857673e-09,8.2746973105098e-09,5.43946685867253e-09,3.43270596388518e-09,9.54362251343072e-09,5.42118736930263e-09,9.41880020212965e-09,5.00510324610146e-09,3.38293051320775e-09,3.39141548190677e-09,5.16149112296549e-09,4.20864748608651e-09,6.3682699699409e-09,3.02781808793193e-09,3.08928735211112e-09,3.55281622962202e-09,3.82561161226381e-09,3.51778354532115e-09,4.38245260990817e-09,3.12864533803801e-09,3.42521858433289e-09,2.52711137079653e-09,3.53853871173533e-09,3.717022188774e-09,4.05756024164969e-09,2.81656947582812e-09,2.35826650619982e-09,2.09738350650808e-09,3.260678693076e-09,2.86361140484568e-09,3.48634751454988e-09
2.90382721088294e-08,7.38208052730029e-08,3.1599421187562e-08,5.92471339360989e-08,6.14872411343919e-08,4.94143215807439e-08,6.19450596270479e-08,2.60179139037554e-08,1.22927703612306e-08,5.09257663162367e-08,2.42582053230508e-08,4.68969990229276e-08,2.23588482289014e-08,1.02788666075868e-08,1.08594757861137e-08,2.06361750241675e-08,1.1228450832177e-08,2.06437261077512e-08,8.90596359458508e-09,9.27971953966366e-09,6.20342467010755e-09,9.83161036261466e-09,1.03115899099135e-08,1.01950785460088e-08,8.57107630874807e-09,5.39695323924684e-09,4.63669024144378e-09,9.44255985876278e-09,6.49792473628343e-09,1.06111738570234e-08,4.9911359509614e-09,4.40080446893177e-09,3.66181580978814e-09,6.10217438653475e-09,5.0142744559819e-09,6.63174938862025e-09,4.14950899815532e-09,3.25741685410057e-09,3.10206130480726e-09,4.54313219901125e-09,4.18150130676648e-09,5.541486454665e-09,3.07842792898242e-09,2.74045166473104e-09,2.15334328748869e-09,3.70392996761418e-09,2.89253271330555e-09,4.0103315240175e-09,2.56700068180149e-08,5.84642710022264e-08,2.59570599005488e-08,4.76593165546448e-08,4.99549599119452e-08,4.12396640957755e-08,5.07340839368372e-08,2.16688611304384e-08,1.01344655555823e-08,4.20928680921169e-08,2.01907489105825e-08,3.81425284893973e-08,1.87458861827338e-08,8.68497043191425e-09,9.53334302582796e-09,1.71509432944418e-08,9.98249388303315e-09,1.73274540608305e-08,7.42856024808985e-09,8.42300980283178e-09,5.81870491516609e-09,8.87677511263054e-09,9.06240059189917e-09,8.9964818408253e-09,7.77304904330494e-09,5.2349012071412e-09,4.13251841511428e-09,8.30824367829898e-09,6.53088894393023e-09,8.99491170249913e-09,4.7826026033e-09,3.93203708717908e-09,3.12503739086113e-09,6.06371168203986e-09,4.10490398024073e-09,5.67245240158131e-09,3.85898857806525e-09,2.79894181207411e-09,2.55526522278494e-09,3.7579536242517e-09,3.62377655769755e-09,4.88678443957791e-09,2.60208384206498e-09,2.2636520806988e-09,2.0815467021726e-09,3.24984047302707e-09,2.20857759231683e-09,3.46973951036067e-09
1.33763166867536e-08,3.1599421187562e-08,7.66393519115426e-08,2.8074043909562e-08,6.46998233023898e-08,5.761536385695e-08,2.60333120492057e-08,6.30739885769538e-08,2.80771147995983e-08,5.2571458381117e-08,5.24625172719605e-08,4.40653552894737e-08,5.42213515427073e-08,2.39103131012772e-08,1.0844632894637e-08,4.46822315841012e-08,2.26997363731838e-08,4.13876615529489e-08,2.03612335609352e-08,9.20222306171012e-09,9.28649880630371e-09,1.9344467024799e-08,8.93437192667603e-09,1.75347344517687e-08,7.82018124426488e-09,8.19321084499886e-09,5.29313083687503e-09,7.6519443634577e-09,9.1461850981088e-09,8.12356129280224e-09,7.5555123073323e-09,4.99232687210352e-09,4.01904161787061e-09,8.56885629854225e-09,5.74387258215874e-09,9.27170268357908e-09,5.24609677641123e-09,3.63726147066644e-09,3.54540568326326e-09,5.55192032549857e-09,4.86827442765097e-09,6.47223084769742e-09,3.60013604180298e-09,3.18065647722948e-09,2.8009855805449e-09,4.57581468420165e-09,3.32574004011244e-09,5.06208431025137e-09,1.25481956453252e-08,2.39253462215388e-08,6.39630769786795e-08,2.19398615423356e-08,5.21655668006172e-08,4.76783912637613e-08,2.01779222865827e-08,5.34549080338212e-08,2.30946520408643e-08,4.34576374248498e-08,4.39680776488572e-08,3.60956578005271e-08,4.63904007382486e-08,1.97886591593734e-08,8.59646952738046e-09,3.7470718454477e-08,1.79545815269747e-08,3.27005980757085e-08,1.6703934815031e-08,7.14535398906213e-09,8.40612673218562e-09,1.54392920579811e-08,6.92187539665211e-09,1.42215308912142e-08,6.25775899877541e-09,7.57837253984256e-09,4.69866884050991e-09,6.09001280846595e-09,9.12047871057307e-09,7.06138397673831e-09,6.99461888731112e-09,4.52628437939078e-09,3.54966773896437e-09,8.55613470184374e-09,5.00008290609765e-09,8.46600222082292e-09,4.91910541536257e-09,3.18064192626209e-09,3.12052463428907e-09,5.18881659790998e-09,4.36384536966176e-09,6.17962050984131e-09,3.12443553494273e-09,2.90828951378156e-09,2.59985054625115e-09,4.28652064974109e-09,2.68647127452598e-09,4.25300144379922e-09
6.76808153697973e-08,5.92471339360989e-08,2.8074043909562e-08,1.12255611587752e-07,4.92576577598624e-08,9.64774308911061e-08,4.90861756482396e-08,2.27658260427964e-08,1.1794764951281e-08,4.00958157238314e-08,2.11659260197091e-08,3.61622123922336e-08,1.96851109071342e-08,1.00904611002674e-08,1.15112409622267e-08,1.81878914437276e-08,1.08238296197099e-08,1.82956513216061e-08,8.55932977223206e-09,9.88896944476647e-09,6.28996242005415e-09,9.34187192203942e-09,1.0875587451609e-08,9.75183401403316e-09,9.21965532586807e-09,5.64467523705516e-09,5.08058479882125e-09,1.01432140294604e-08,7.25938238927284e-09,1.18493400212382e-08,5.20755128295688e-09,4.79271727731805e-09,4.42900442654899e-09,6.81735752597717e-09,5.64684204334753e-09,7.80049058773204e-09,4.66397389477483e-09,4.08585045105964e-09,3.91047360178051e-09,5.33161247351286e-09,5.10478746493262e-09,6.5774963543951e-09,3.70802150455444e-09,3.51964251267863e-09,2.88054934298846e-09,4.52247743711877e-09,4.02223167282597e-09,5.14445835936361e-09,5.77020289968062e-08,4.76806246289149e-08,2.33932983766755e-08,9.2131927809492e-08,4.03931429192454e-08,8.00830667245306e-08,4.11181497337168e-08,1.94688725654749e-08,9.30959527116617e-09,3.37276320035639e-08,1.74751769521989e-08,2.98562276308363e-08,1.67753125201814e-08,8.1517249541761e-09,1.07522729132448e-08,1.52006924092271e-08,9.24463121353608e-09,1.50799637673246e-08,6.80080905155641e-09,9.30111545997607e-09,5.87602439023377e-09,8.37817940628662e-09,9.91324238995293e-09,7.91944377126508e-09,8.65849883284787e-09,5.58623859420015e-09,4.72926391616808e-09,9.31856524102316e-09,7.04769386185693e-09,1.04569283709798e-08,4.96528665717097e-09,4.39205756075983e-09,4.30612947178191e-09,6.38991854180542e-09,4.86471296741418e-09,6.58924369533971e-09,4.42779946414567e-09,3.97660677385614e-09,3.27409465379339e-09,4.72546186146899e-09,4.98817771865289e-09,6.09962021140378e-09,3.48897719391458e-09,2.90542714408761e-09,2.53199526226494e-09,4.22691514835512e-09,3.3120957202859e-09,4.46782010132362e-09
2.77046252792028e-08,6.14872411343919e-08,6.46998233023898e-08,4.92576577598624e-08,1.02665671459699e-07,8.4940765109701e-08,5.09365081095334e-08,5.25604270788969e-08,2.57472424281351e-08,8.40747857341272e-08,4.41644750495845e-08,7.17889574446407e-08,4.49798708403829e-08,2.17918840520624e-08,1.07160501615271e-08,3.72989964865342e-08,2.0852536833951e-08,3.46836401347288e-08,1.86303989197744e-08,9.10806714435081e-09,1.01629081532744e-08,1.78882767293854e-08,9.4005963798834e-09,1.66347429790133e-08,8.05101046951331e-09,9.09683896133341e-09,6.41437250375797e-09,8.27109922694705e-09,1.0312015975156e-08,8.97121429729669e-09,8.4594306140057e-09,6.11112451260138e-09,4.85964998304072e-09,9.7480432229692e-09,6.88686286067076e-09,1.05080080793771e-08,6.06709333372946e-09,4.40547654574778e-09,4.4572438834094e-09,6.51535426601804e-09,5.84260375941811e-09,7.82761406707099e-09,4.32391452799834e-09,3.92654270276944e-09,3.27917826087458e-09,5.28920717908499e-09,4.25670254830344e-09,5.92428425791143e-09,2.58400382424548e-08,4.77581961519706e-08,5.30791325715662e-08,3.96510694992431e-08,8.24025725717758e-08,7.00287523195557e-08,4.08591427315895e-08,4.40022453355918e-08,2.00243982647481e-08,6.87814816025845e-08,3.62644755439581e-08,5.7596171409436e-08,3.78961442103829e-08,1.70935037917589e-08,8.16413321692198e-09,3.05437083700363e-08,1.58477642927372e-08,2.74507688056598e-08,1.44123790167904e-08,6.95121470322914e-09,9.12214380573426e-09,1.38224248134456e-08,7.20369125824834e-09,1.32608729694486e-08,6.16177961237932e-09,8.29556974309986e-09,5.69048987320947e-09,6.39567672711724e-09,1.00379222866632e-08,7.37819229563742e-09,7.61348448757867e-09,5.44657230854119e-09,4.27169503233173e-09,9.46106605572588e-09,5.98675705066289e-09,9.50016023181921e-09,5.58909124744769e-09,3.82336997220543e-09,3.71772447351828e-09,5.76964248836751e-09,5.16642636607262e-09,7.159311990869e-09,3.70782778680723e-09,3.33396383960134e-09,3.01067752676153e-09,4.82341841576564e-09,3.35043048641144e-09,5.00464058965564e-09
6.47862817946026e-08,4.94143215807439e-08,5.761536385695e-08,9.64774308911061e-08,8.4940765109701e-08,1.43786464002424e-07,4.02592473479824e-08,4.65398664058447e-08,2.31003571223036e-08,6.88529310768382e-08,3.79999551441825e-08,5.71824523184139e-08,3.99010082163553e-08,1.96915546842516e-08,1.00016343815835e-08,3.2320319445958e-08,1.86325407699525e-08,2.98390504345278e-08,1.663173569087e-08,8.68115615582317e-09,1.07797567136678e-08,1.58712058812375e-08,9.21233474326007e-09,1.50110458980936e-08,7.7936179207048e-09,9.6088252807715e-09,6.74283193654399e-09,8.21190045342086e-09,1.13915409119941e-08,9.54625922042400e-09,8.8980531749947e-09,6.37544198744181e-09,5.36768510944918e-09,1.07321344770456e-08,7.2673571905711e-09,1.16349214807431e-08,6.44420377191747e-09,4.96340722189049e-09,5.18754567747027e-09,6.97168024324978e-09,6.6002454399091e-09,8.75614797115363e-09,4.60107956778468e-09,4.58287002431403e-09,3.46126744463726e-09,5.88452388880929e-09,5.09945966433145e-09,6.70826095503075e-09,5.68170436624713e-08,3.92284453010264e-08,4.78326856967395e-08,7.92404846349514e-08,6.88763747048849e-08,1.19108405630567e-07,3.32239891579002e-08,3.96646586357793e-08,1.78064256237388e-08,5.71854592692221e-08,3.13078678270294e-08,4.64817179455227e-08,3.39474847574084e-08,1.51802703026143e-08,7.76941338383704e-09,2.67280649707265e-08,1.36740143580145e-08,2.32368805420876e-08,1.26415840037554e-08,6.76804222635677e-09,9.59389117335228e-09,1.23079188243534e-08,7.22586918728036e-09,1.15426207255255e-08,6.07807204726195e-09,8.90954417617153e-09,6.26688851982607e-09,6.70177022340511e-09,1.07969297558651e-08,8.50785100857079e-09,8.06400385906176e-09,5.9437178919715e-09,5.2288136770647e-09,1.0101375536343e-08,6.60960047551244e-09,1.06105327426013e-08,6.16481828291717e-09,4.67037439470823e-09,4.29728237951194e-09,6.37277190809522e-09,6.28979326621059e-09,8.08267929372433e-09,4.11284630178584e-09,3.78635130147316e-09,2.86250879862475e-09,5.520375403304e-09,4.10399537225885e-09,5.4234229687437e-09
2.43253952275112e-08,6.19450596270479e-08,2.60333120492057e-08,4.90861756482396e-08,5.09365081095334e-08,4.02592473479824e-08,7.26002465254935e-08,3.01424295902631e-08,1.34035573479741e-08,6.09964495578814e-08,2.76596466019557e-08,5.56307018932629e-08,2.59642760462272e-08,1.12564828334757e-08,1.18025295911574e-08,2.35464860107738e-08,1.23685968648029e-08,2.38553867076275e-08,9.54863173514883e-09,1.00701060723991e-08,7.04087016317486e-09,1.05958493054872e-08,1.11044846912029e-08,1.10450718571333e-08,9.29412625976071e-09,6.15360740402972e-09,5.04771365858945e-09,1.01690991952241e-08,7.55948050513413e-09,1.16683251093995e-08,5.65389370126096e-09,4.75467018991525e-09,3.87531241838715e-09,7.02769960499451e-09,5.5186457610135e-09,7.66053123709093e-09,4.24691539474735e-09,3.33893759859798e-09,3.33454561840209e-09,4.84624708140846e-09,4.20964626374118e-09,5.70519124753481e-09,3.1143497758001e-09,2.87372443132133e-09,2.2987006919464e-09,3.78910116935657e-09,3.19375047049996e-09,4.21311513999958e-09,2.20851147661266e-08,5.07261169067023e-08,2.167540162348e-08,4.12499489041496e-08,4.20950109456524e-08,3.46284463587357e-08,5.86008515325838e-08,2.52624114667156e-08,1.07891476083765e-08,4.97069524800315e-08,2.3460696515295e-08,4.51670751489303e-08,2.17370494188054e-08,9.2388325837634e-09,1.06063107054307e-08,1.99348137088526e-08,1.12293683593351e-08,2.04548165082228e-08,7.89546141797820e-09,9.34165361236291e-09,6.50752516280406e-09,9.72335846865037e-09,9.89195520232195e-09,1.00259395186684e-08,8.6348134445988e-09,5.78933403669416e-09,4.34165539900638e-09,9.06355780473974e-09,7.3042347043463e-09,9.99846052706077e-09,5.26847231892385e-09,4.05802495187021e-09,3.35626017974356e-09,6.6783795127873e-09,4.50176513292137e-09,6.66254258173688e-09,3.6749641355125e-09,2.97343216198854e-09,2.67842427340548e-09,3.99669956389669e-09,3.76893119386614e-09,5.01767265908972e-09,2.8182253622879e-09,2.33323170742017e-09,2.04225466844645e-09,3.51806552952917e-09,2.62401195367355e-09,3.89695764871873e-09
1.0940045008415e-08,2.60179139037554e-08,6.30739885769538e-08,2.27658260427964e-08,5.25604270788969e-08,4.65398664058447e-08,3.01424295902631e-08,7.01333632713453e-08,3.03307415002546e-08,5.93398735103226e-08,5.83818132544379e-08,4.96263814353548e-08,6.00925801916334e-08,2.51988303471972e-08,1.10722685308699e-08,4.9018970440115e-08,2.38083288395804e-08,4.54476058621891e-08,2.14105812816784e-08,9.26064638589076e-09,9.7626010831283e-09,2.01627156887561e-08,9.14964228569173e-09,1.87529236403781e-08,7.88232597067229e-09,8.69427600867633e-09,5.37040323458084e-09,7.89584747278574e-09,9.78326306013758e-09,8.38549442788501e-09,8.01344843276855e-09,5.0640986219221e-09,4.21607889117121e-09,9.15423762969813e-09,5.98684948104364e-09,1.00825882653815e-08,4.55577787560343e-09,3.53739113615659e-09,3.39356812001186e-09,5.24166552226827e-09,4.68067678818823e-09,6.1241020708721e-09,3.53858972272742e-09,2.94760393860506e-09,2.84790083642984e-09,4.39864484408927e-09,3.4271038870105e-09,5.18934400737015e-09,1.05545599183213e-08,2.01621612485231e-08,5.34516963258e-08,1.86426415691343e-08,4.34470800858535e-08,4.01553326295981e-08,2.33060941410996e-08,5.92066131392089e-08,2.43953697897338e-08,4.82401434690349e-08,4.92654460338074e-08,4.03583581283456e-08,5.09772364684772e-08,2.02685999075075e-08,8.82572011532588e-09,4.13108060341372e-08,1.8580547210477e-08,3.65691007721302e-08,1.71797997513523e-08,7.25974039738518e-09,8.42579701031625e-09,1.57815001749188e-08,7.13321390838702e-09,1.5004902622939e-08,6.37184721397689e-09,7.6358004657912e-09,4.76451432980622e-09,6.30020341561349e-09,9.4074314382051e-09,7.43136934686722e-09,7.03381989008998e-09,4.58761038760606e-09,3.66696631160332e-09,8.78779403025758e-09,5.11624170195068e-09,9.00728639945709e-09,4.1525779048099e-09,3.10314444850649e-09,2.91114577533948e-09,4.56498860635901e-09,4.23469294770037e-09,5.5692865630208e-09,3.21158130082668e-09,2.55133916830357e-09,2.43728238441198e-09,4.18631530139708e-09,2.71549938553531e-09,4.435457319721e-09
1.1665923611335e-08,1.22927703612306e-08,2.80771147995983e-08,1.1794764951281e-08,2.57472424281351e-08,2.31003571223036e-08,1.34035573479741e-08,3.03307415002546e-08,7.52628023415288e-08,2.7981195286561e-08,6.20973001577723e-08,5.66738791658067e-08,2.52166879370877e-08,6.16200016705314e-08,2.58637921626691e-08,4.99923442979456e-08,5.2518964157163e-08,4.25690318293612e-08,5.22415715760822e-08,2.1509891846907e-08,9.25149880871387e-09,4.44830576506776e-08,1.88310635800927e-08,3.95742904227319e-08,1.84738724695677e-08,7.96328719162054e-09,7.4866086142254e-09,1.60470478694908e-08,8.12260073634564e-09,1.58481584909488e-08,7.14245368028062e-09,6.79478187852494e-09,4.95928987764182e-09,7.34058721758865e-09,7.60431906492122e-09,7.83300349224742e-09,6.03111301163354e-09,4.4373543942865e-09,3.87983424513675e-09,6.81424415178264e-09,5.52607083900717e-09,7.74841738161283e-09,4.49522417848721e-09,3.60154026670963e-09,3.0640865309355e-09,5.3183714625379e-09,3.90941196606416e-09,5.65272707114575e-09,1.02020512632783e-08,9.58283119710497e-09,2.40742993692974e-08,1.00387250125724e-08,2.179484875133e-08,2.07162825896109e-08,1.0499824446539e-08,2.58543575018869e-08,6.18367762912458e-08,2.34213411995907e-08,5.2047963539005e-08,4.68565388498296e-08,2.16429346707785e-08,5.12634040225607e-08,2.25374991073825e-08,4.18616259416973e-08,4.396331745255e-08,3.57487028670981e-08,4.30428760661324e-08,1.85513335466783e-08,8.06229282416402e-09,3.71728027415158e-08,1.63433673003128e-08,3.31490699027127e-08,1.60472386195708e-08,6.91009610256633e-09,6.25488660366595e-09,1.38905952547058e-08,7.53665722537537e-09,1.3944272598989e-08,6.36137273697648e-09,5.83292395255211e-09,4.78996021939932e-09,7.14276595198136e-09,6.5914358480215e-09,6.65435561322252e-09,5.25704400822812e-09,4.29007014341755e-09,3.48764021462787e-09,5.94887121844813e-09,4.85433182000065e-09,6.81211515819085e-09,4.33993656266835e-09,3.08873447638487e-09,2.49355234370713e-09,4.56724130757961e-09,3.19162732848742e-09,4.68537928289709e-09
2.2908012683849e-08,5.09257663162367e-08,5.2571458381117e-08,4.00958157238314e-08,8.40747857341272e-08,6.88529310768382e-08,6.09964495578814e-08,5.93398735103226e-08,2.7981195286561e-08,9.8858857686166e-08,4.95067526863052e-08,8.41547557019991e-08,5.06769360365553e-08,2.32374680347167e-08,1.168743792238e-08,4.12011660739393e-08,2.25586661213013e-08,3.8825179675549e-08,1.96440280251325e-08,9.76519316097348e-09,1.13832590004477e-08,1.90560512488687e-08,1.0161184891754e-08,1.80262913929762e-08,8.65553142914128e-09,1.01607098793906e-08,6.73920865320978e-09,8.93907496529489e-09,1.15603124241402e-08,9.74741390828738e-09,9.4463913176411e-09,6.40648692533643e-09,5.00725264066805e-09,1.08979516361738e-08,7.32513431727586e-09,1.1912724563396e-08,5.75109392961213e-09,4.34949805401704e-09,4.4559380554528e-09,6.53253237118438e-09,5.73070797788174e-09,7.73769247646745e-09,4.27106534873536e-09,3.84304482824719e-09,3.36680306161994e-09,5.22635349586588e-09,4.561051831371e-09,6.15159311230493e-09,2.19006769195613e-08,4.084244016627e-08,4.40046904775619e-08,3.3899140211622e-08,6.87756519207845e-08,5.87842494394071e-08,4.84620484671255e-08,4.97282980506533e-08,2.10450985170454e-08,8.00512698578005e-08,4.11809522143931e-08,6.73272294518495e-08,4.24946913909529e-08,1.78003012579887e-08,9.08093592574425e-09,3.43797490322212e-08,1.7315724429231e-08,3.17222421921764e-08,1.50243029838687e-08,7.62123968032589e-09,1.00945450175478e-08,1.4754060122277e-08,7.92913780101422e-09,1.44671562905589e-08,6.80972261882747e-09,9.14068145390831e-09,5.91037187761111e-09,7.07136614951288e-09,1.10118913707944e-08,8.13882645280214e-09,8.39278953637765e-09,5.61822415568883e-09,4.38193317669551e-09,1.03135880650797e-08,6.11411029492294e-09,1.0762720030679e-08,5.07588688184153e-09,3.79134436381703e-09,3.54142060335091e-09,5.40521824348885e-09,5.06935877707299e-09,6.70401972189597e-09,3.87206100683804e-09,3.06637960422298e-09,2.86547874426102e-09,4.78940420170236e-09,3.61692649852766e-09,5.45785310861786e-09
1.19799342471969e-08,2.42582053230508e-08,5.24625172719605e-08,2.11659260197091e-08,4.41644750495845e-08,3.79999551441825e-08,2.76596466019557e-08,5.83818132544379e-08,6.20973001577723e-08,4.95067526863052e-08,9.7965939080257e-08,8.40980706320303e-08,4.90376428570487e-08,4.99826495126008e-08,2.34784985516013e-08,8.00118645182539e-08,4.26296504851091e-08,6.93772512400441e-08,4.19917362128041e-08,1.93485701907626e-08,1.03743900439224e-08,3.56077589864226e-08,1.73427776109008e-08,3.18073505313022e-08,1.6324479971188e-08,8.74669064043666e-09,8.61313121012937e-09,1.45370650227147e-08,9.1651317913797e-09,1.43392335385912e-08,7.8405914698224e-09,7.92745699815548e-09,5.72757095075685e-09,8.28895280339674e-09,9.10431716663878e-09,8.98729052865589e-09,7.06682834264757e-09,4.97634515526268e-09,4.33401616385398e-09,8.0705449230565e-09,6.32752120755721e-09,9.01150807712549e-09,5.08180071609676e-09,4.02352792152389e-09,3.64254666718968e-09,6.21694816063654e-09,4.45880496200204e-09,6.86967221024854e-09,1.16146840016466e-08,1.88386757120171e-08,4.39696336821157e-08,1.8184483192418e-08,3.66726145656787e-08,3.42866013961851e-08,2.129665876784e-08,4.85497673930881e-08,4.99869649813715e-08,4.01803181204613e-08,8.10720400336583e-08,6.84786942901181e-08,4.09914115834029e-08,4.07233605331702e-08,2.00698185227831e-08,6.62258410250121e-08,3.49629768630676e-08,5.71832625295004e-08,3.38521429379856e-08,1.62630962057877e-08,8.70813905886758e-09,2.89593795912422e-08,1.42443489112317e-08,2.56907759706466e-08,1.38160625196301e-08,7.38620918380608e-09,7.25763305701178e-09,1.19771882683973e-08,8.33768330020268e-09,1.22667059100594e-08,6.7879327724093e-09,6.95841846756442e-09,5.14747636952288e-09,7.90224376976754e-09,7.73874162873729e-09,7.71803557940548e-09,6.26458520400396e-09,4.51954236151011e-09,3.89996881034209e-09,7.01738050953063e-09,5.31691955531133e-09,8.0410433022082e-09,4.68312595298825e-09,3.51657728424246e-09,3.15235052672611e-09,5.38383217802807e-09,3.71313794479298e-09,5.78210315432832e-09
2.18409612523781e-08,4.68969990229276e-08,4.40653552894737e-08,3.61622123922336e-08,7.17889574446407e-08,5.71824523184139e-08,5.56307018932629e-08,4.96263814353548e-08,5.66738791658067e-08,8.41547557019991e-08,8.40980706320303e-08,1.27734048381203e-07,4.14111243228554e-08,4.54538619348347e-08,2.27844054630072e-08,6.7848162965305e-08,3.92027978664872e-08,5.92531599423592e-08,3.80369842115045e-08,1.8895524217891e-08,1.09266321732766e-08,3.27135583020045e-08,1.7201523675408e-08,2.90768235703718e-08,1.61838241077551e-08,9.1316667903911e-09,9.80681158576202e-09,1.44567135333452e-08,9.79860838042033e-09,1.43340103032798e-08,8.2783964393526e-09,9.06702582863755e-09,6.46918441366247e-09,9.01419319022724e-09,1.01699897414688e-08,9.68052406197606e-09,8.17015768789256e-09,5.8558086053914e-09,5.43837104124551e-09,9.18433783151499e-09,7.3448420629375e-09,1.04121386293224e-08,5.84295621567674e-09,4.9866384955844e-09,4.35933371646843e-09,7.05889340967964e-09,5.79809208709115e-09,7.88760064082875e-09,2.12024192039492e-08,3.77002171937278e-08,3.6671044749161e-08,3.09878921836197e-08,5.90102027170238e-08,4.97807484870578e-08,4.41742577731859e-08,4.11012204140067e-08,4.36450502639272e-08,6.79990287983566e-08,6.88521943163702e-08,1.02885512630581e-07,3.425889356849e-08,3.59155134531569e-08,1.85333896009272e-08,5.59540910534602e-08,3.10765354447752e-08,4.87069302268808e-08,2.96374401762569e-08,1.52494355162517e-08,9.55439983776686e-09,2.57992541821975e-08,1.4030914344178e-08,2.33189053101609e-08,1.3002329472953e-08,7.99221620151474e-09,8.37922124591684e-09,1.17098538816277e-08,8.75887713267445e-09,1.14433625997436e-08,7.3558818526736e-09,7.9565506273997e-09,5.78909137817119e-09,8.32118064300987e-09,8.83560435222607e-09,8.52156581281322e-09,7.28887587948712e-09,5.15877020157859e-09,4.62893405558323e-09,7.93674528396000e-09,5.84330759544332e-09,8.94913250285088e-09,5.23527722323621e-09,4.15345416540815e-09,3.81086676618411e-09,5.74772012390351e-09,4.99436351272098e-09,6.60079409513514e-09
9.52429554934309e-09,2.23588482289014e-08,5.42213515427073e-08,1.96851109071342e-08,4.49798708403829e-08,3.99010082163553e-08,2.59642760462272e-08,6.00925801916334e-08,2.52166879370877e-08,5.06769360365553e-08,4.90376428570487e-08,4.14111243228554e-08,7.37436207935507e-08,2.92831942085523e-08,1.28512636554327e-08,6.08370482751852e-08,2.77601434616485e-08,5.67061793691172e-08,2.4773763423062e-08,1.06441007674974e-08,1.15621826314114e-08,2.33180608210105e-08,1.09893150145332e-08,2.19059263846979e-08,9.07848821264902e-09,1.01533166885232e-08,6.36462856730725e-09,9.42095019784773e-09,1.13053515065232e-08,9.85248444600851e-09,9.35130085532321e-09,5.96210022630962e-09,5.01173487061738e-09,1.05829155393072e-08,7.11779125731265e-09,1.15991775222481e-08,5.28914179787354e-09,4.14026307661806e-09,3.75666183149531e-09,6.1123729744896e-09,5.17617926585952e-09,6.77436943535642e-09,3.8667611756353e-09,3.27220511658432e-09,2.87910839889158e-09,4.70921397231227e-09,3.65595726419006e-09,5.3346802094496e-09,9.11325393181815e-09,1.78602348744508e-08,4.63729977596598e-08,1.62277573173858e-08,3.7977338705847e-08,3.45230472376263e-08,2.06773950700071e-08,5.09712629771631e-08,2.02796262766899e-08,4.19996215224029e-08,4.13195514462959e-08,3.43248785620595e-08,6.35946674621323e-08,2.46921026549551e-08,1.03546665489718e-08,5.18614154231381e-08,2.21240386489538e-08,4.63385223294443e-08,2.09287289121129e-08,8.40963358821209e-09,1.01929668840666e-08,1.86911305989191e-08,8.87608910998076e-09,1.79480439666327e-08,7.2880247553514e-09,9.10831129577786e-09,5.53300221434922e-09,7.78228614499064e-09,1.08150789178894e-08,8.93086972274104e-09,8.32991212439004e-09,5.29250915816487e-09,4.27179718979765e-09,1.00710364193166e-08,6.36427149134208e-09,1.067089590426e-08,4.68821068252847e-09,3.45555348880427e-09,3.19672651611443e-09,5.35449372814824e-09,4.51858571550418e-09,6.04653434359912e-09,3.2675647233846e-09,2.87426753342063e-09,2.65252103769517e-09,4.27345818943315e-09,3.05483937735604e-09,4.45575890168178e-09
1.03923456069221e-08,1.02788666075868e-08,2.39103131012772e-08,1.00904611002674e-08,2.17918840520624e-08,1.96915546842516e-08,1.12564828334757e-08,2.51988303471972e-08,6.16200016705314e-08,2.32374680347167e-08,4.99826495126008e-08,4.54538619348347e-08,2.92831942085523e-08,6.95659034074068e-08,2.97515029559801e-08,5.75730699365097e-08,5.99548049229405e-08,4.98437363239094e-08,5.89996755850951e-08,2.45866060327389e-08,1.06405898336415e-08,5.05516393858468e-08,2.18611748514894e-08,4.55238986107896e-08,2.10197428899455e-08,9.00966379953684e-09,8.22889143043252e-09,1.8377092467869e-08,9.00831545664275e-09,1.79035563784138e-08,7.99025902754351e-09,7.42209998540182e-09,5.40659733739596e-09,8.02379536752609e-09,8.42226555452684e-09,8.69933547546779e-09,6.57814995323952e-09,4.76347051330701e-09,4.01946552767382e-09,7.43775733471277e-09,5.86619571107837e-09,8.32352070897119e-09,4.44251471831776e-09,3.59748162116276e-09,2.74925179303673e-09,5.32274314862469e-09,3.87713766187949e-09,5.41335544467905e-09,9.20689710857664e-09,8.4744510383855e-09,2.05776399635558e-08,8.87640892288203e-09,1.87268936292084e-08,1.75353449234548e-08,9.17710363498257e-09,2.16251277704821e-08,5.1260724625728e-08,1.9974706103207e-08,4.18503035306968e-08,3.86550294958174e-08,2.5140549230153e-08,5.89090850507483e-08,2.61155959678514e-08,4.83454028307365e-08,5.04763567920764e-08,4.15058383085171e-08,4.95209822421168e-08,2.13554489507791e-08,9.35976639958202e-09,4.24075578552586e-08,1.91096282419011e-08,3.82018331969271e-08,1.83986163655253e-08,8.00753939570474e-09,6.66841983395963e-09,1.62576202716253e-08,8.37035528205314e-09,1.6025169803024e-08,7.20385687408475e-09,6.13474092112009e-09,5.31341465838042e-09,7.63650801360995e-09,7.27333593719672e-09,7.58288820358004e-09,5.52348571846392e-09,4.62120989935058e-09,3.6266489753026e-09,6.41770473564741e-09,5.33962649014505e-09,7.35945332182355e-09,4.30620940837114e-09,3.18378254277227e-09,2.32542830512452e-09,4.74654817056079e-09,3.29349528403962e-09,4.62634792349928e-09
6.19686936294945e-09,1.08594757861137e-08,1.0844632894637e-08,1.15112409622267e-08,1.07160501615271e-08,1.00016343815835e-08,1.18025295911574e-08,1.10722685308699e-08,2.58637921626691e-08,1.168743792238e-08,2.34784985516013e-08,2.27844054630072e-08,1.28512636554327e-08,2.97515029559801e-08,7.31474828307066e-08,2.73646349965196e-08,5.91928247643662e-08,5.40187519802251e-08,2.4598804801054e-08,6.10057577452635e-08,2.63974962151352e-08,4.84639718490794e-08,5.11076286115186e-08,4.01467025561712e-08,5.19066083356558e-08,2.20794179635656e-08,9.6936509547217e-09,4.29574213569446e-08,1.9825230242536e-08,3.9842783110379e-08,1.91256692218146e-08,8.29066352636554e-09,9.07941251818871e-09,1.71037547395529e-08,9.78811577949958e-09,1.77125076355969e-08,7.35540771543505e-09,7.75470507060766e-09,5.56590978456176e-09,8.6631871735211e-09,8.78245506229181e-09,9.48208264213579e-09,7.25549261760341e-09,5.16893333595416e-09,3.949509629988e-09,8.14325240951552e-09,5.82629986755434e-09,8.19521031324501e-09,5.41984471538623e-09,9.38555495585386e-09,8.8880345452161e-09,1.00986478996145e-08,9.56243559049917e-09,8.89211413068297e-09,1.03274038596727e-08,9.10291701836174e-09,2.23446135997645e-08,1.04387783633293e-08,1.98165275113466e-08,2.01933699189546e-08,1.07452523158868e-08,2.63856268347066e-08,6.2636974041978e-08,2.38893054241177e-08,5.1319045304105e-08,4.5778191195394e-08,2.13479616904991e-08,5.24275742403446e-08,2.35832146612032e-08,4.18823266041488e-08,4.39502235359145e-08,3.43710409636969e-08,4.53066729645007e-08,2.00101629225165e-08,9.1882936107292e-09,3.7857957211377e-08,1.85131616840728e-08,3.52562064612266e-08,1.77708519446682e-08,7.98521505608459e-09,7.74283258733401e-09,1.62626319114267e-08,8.48626445553085e-09,1.52429671775344e-08,6.99430607231664e-09,6.74385173948756e-09,4.81718364865651e-09,7.46685920466065e-09,7.75605067587025e-09,8.31559754850087e-09,6.31633627762861e-09,4.45971758753433e-09,3.7467216080731e-09,7.24462289330632e-09,5.12661495606713e-09,7.81423386623617e-09
1.05369262392145e-08,2.06361750241675e-08,4.46822315841012e-08,1.81878914437276e-08,3.72989964865342e-08,3.2320319445958e-08,2.35464860107738e-08,4.9018970440115e-08,4.99923442979456e-08,4.12011660739393e-08,8.00118645182539e-08,6.7848162965305e-08,6.08370482751852e-08,5.75730699365097e-08,2.73646349965196e-08,9.71408964453215e-08,4.98852733605973e-08,8.53649174060574e-08,4.8192290035375e-08,2.2322758228144e-08,1.23266444049102e-08,4.13211793797016e-08,2.05630300656468e-08,3.72981535271668e-08,1.8852174592015e-08,1.01131253117949e-08,9.82565645893808e-09,1.70112816630222e-08,1.04040253520532e-08,1.64929195294769e-08,9.05612426337417e-09,9.04882753553151e-09,6.56020256566799e-09,9.38660883483475e-09,1.05427920119567e-08,1.02377731598026e-08,8.06557334015970e-09,5.65817066585442e-09,4.76171712934371e-09,9.26708577542919e-09,7.00128099975083e-09,1.005370313838e-08,5.31743934180923e-09,4.26861154296101e-09,3.35195434820557e-09,6.45234689172658e-09,4.61528703499242e-09,6.78629967901814e-09,1.01144409552453e-08,1.66731656265569e-08,3.77518099032998e-08,1.57434197803016e-08,3.17294920293374e-08,2.92694880579042e-08,1.87512297825941e-08,4.09695491940725e-08,4.07265450316328e-08,3.44190741830182e-08,6.62187498169563e-08,5.68713056873249e-08,5.15396413210917e-08,4.81153532795616e-08,2.33339892075994e-08,8.0919004487831e-08,4.13902676210706e-08,7.03216539474411e-08,3.99641820232133e-08,1.86763249351536e-08,1.02419026616726e-08,3.41191967561282e-08,1.68888309856822e-08,3.05469306172086e-08,1.58816170543534e-08,8.60724365071345e-09,8.01667273765528e-09,1.41937929815985e-08,9.32052196191689e-09,1.42263307745383e-08,7.7921719474167e-09,7.67410440466794e-09,5.86319188150909e-09,8.5994270708094e-09,9.02354734528658e-09,8.95839702921072e-09,6.87398294095643e-09,5.04100168670942e-09,4.18096238812277e-09,7.9304243938076e-09,6.06678521014093e-09,8.9401854549148e-09,4.73964846729287e-09,3.71205648214375e-09,3.03305287829211e-09,5.60302344862001e-09,4.09423042240381e-09,5.83063035958666e-09
1.13273303501331e-08,1.1228450832177e-08,2.26997363731838e-08,1.08238296197099e-08,2.0852536833951e-08,1.86325407699525e-08,1.23685968648029e-08,2.38083288395804e-08,5.2518964157163e-08,2.25586661213013e-08,4.26296504851091e-08,3.92027978664872e-08,2.77601434616485e-08,5.99548049229405e-08,5.91928247643662e-08,4.98852733605973e-08,9.7309830546015e-08,8.27436719367332e-08,5.05603866241586e-08,4.84558052834371e-08,2.3507084667942e-08,8.09442175509573e-08,3.98249139856e-08,6.83169151792335e-08,4.11668135462011e-08,1.96429835405644e-08,9.08068566480628e-09,3.32411279079006e-08,1.73274505009538e-08,2.98055718236611e-08,1.7051419259178e-08,7.81311357479709e-09,9.16602979787484e-09,1.50087016069533e-08,9.2703098940981e-09,1.57053727508743e-08,6.98627494634338e-09,8.05619028850405e-09,5.54718875118531e-09,8.3462252286412e-09,9.25117207706203e-09,9.26645689879301e-09,7.59831296020884e-09,5.09221415288308e-09,4.03343728863039e-09,8.57079686288832e-09,5.72273195172867e-09,8.72265690629777e-09,9.60875747432909e-09,9.35089685443032e-09,1.94558230102427e-08,9.59579480592876e-09,1.81500269354994e-08,1.61042366677331e-08,1.04485536417784e-08,2.04284191493273e-08,4.45892659149858e-08,1.97691502656368e-08,3.62411655233937e-08,3.4207160220867e-08,2.41147054940584e-08,5.21013386838958e-08,5.1107823985594e-08,4.30525298842619e-08,8.32958377868752e-08,7.00847344217066e-08,4.36078168777699e-08,4.19285804720118e-08,2.06143665492373e-08,6.95938228898797e-08,3.4330598532979e-08,5.81900103848817e-08,3.60927560634005e-08,1.74464067124617e-08,8.23123869083239e-09,2.93448003588225e-08,1.60260784730391e-08,2.71624389418586e-08,1.54570557421896e-08,7.18999011465843e-09,8.24822568784869e-09,1.40598146629341e-08,8.09498711263783e-09,1.3350870972436e-08,6.4000017445751e-09,7.41909269699017e-09,4.81241753351302e-09,7.30907751310873e-09,8.35624167724732e-09,8.0085662388753e-09,6.99602419611574e-09,4.38229815475912e-09,3.60388458680473e-09,7.71563131856953e-09,4.84549298810398e-09,7.90103308381477e-09
1.09153055693803e-08,2.06437261077512e-08,4.13876615529489e-08,1.82956513216061e-08,3.46836401347288e-08,2.98390504345278e-08,2.38553867076275e-08,4.54476058621891e-08,4.25690318293612e-08,3.8825179675549e-08,6.93772512400441e-08,5.92531599423592e-08,5.67061793691172e-08,4.98437363239094e-08,5.40187519802251e-08,8.53649174060574e-08,8.27436719367332e-08,1.27940577966069e-07,4.13809222485167e-08,4.37936576540169e-08,2.3344339502742e-08,6.7681424167015e-08,3.64679622294304e-08,5.69794472716319e-08,3.6893073134844e-08,1.89427242251002e-08,9.46997624548314e-09,3.00594190943984e-08,1.68669316387759e-08,2.66770676473836e-08,1.65124501036839e-08,8.22546129826268e-09,1.04587642325749e-08,1.46996977208202e-08,9.989389731492e-09,1.53691123404581e-08,7.40392739900823e-09,9.16873336121221e-09,6.29649325513378e-09,8.99673306140389e-09,1.06477215396805e-08,9.88452619703795e-09,8.57039644162130e-09,5.74425698028351e-09,4.44006145769317e-09,9.82485291732567e-09,6.31791480190137e-09,1.01675688480017e-08,9.83670412622471e-09,1.65270130842793e-08,3.45067519443121e-08,1.58017822046543e-08,2.94277848633969e-08,2.63400262029123e-08,1.88799771079681e-08,3.77389197497861e-08,3.55202207031752e-08,3.229394585332e-08,5.78130800140291e-08,4.98908073025141e-08,4.82959562897722e-08,4.28698404500735e-08,4.55922763086548e-08,7.20807028806473e-08,7.07226303753193e-08,1.07729054385474e-07,3.52794079606502e-08,3.68252619354196e-08,1.97247580173075e-08,5.79319444533813e-08,2.98566298977108e-08,4.76422494289572e-08,3.11762475012925e-08,1.63784380461001e-08,8.36144540601613e-09,2.52312033690147e-08,1.53337425723717e-08,2.34783304785778e-08,1.46393258111333e-08,7.56038840693449e-09,8.86285935735968e-09,1.36097884855972e-08,8.52604097775465e-09,1.31606147326847e-08,6.72030776561175e-09,7.91646389136138e-09,5.24114674048225e-09,7.70705905429314e-09,9.21074587173679e-09,8.65373299077645e-09,7.42784638914683e-09,4.89948858251337e-09,3.97456783702134e-09,8.62433930797575e-09,5.45331641218385e-09,9.05794571461912e-09
8.97423819944542e-09,8.90596359458508e-09,2.03612335609352e-08,8.55932977223206e-09,1.86303989197744e-08,1.663173569087e-08,9.54863173514883e-09,2.14105812816784e-08,5.22415715760822e-08,1.96440280251325e-08,4.19917362128041e-08,3.80369842115045e-08,2.4773763423062e-08,5.89996755850951e-08,2.4598804801054e-08,4.8192290035375e-08,5.05603866241586e-08,4.13809222485167e-08,7.12002661599271e-08,2.9461328785885e-08,1.26755937647396e-08,6.1904828173018e-08,2.67278208699914e-08,5.65796811237905e-08,2.54134030131848e-08,1.07859711246926e-08,9.56898880170894e-09,2.26807787151406e-08,1.09773533460117e-08,2.18955948949867e-08,9.53460858794659e-09,8.5145389570492e-09,6.23683885220762e-09,9.53446608178756e-09,9.51953280596014e-09,1.02603200475329e-08,7.517311309391e-09,5.37937316428501e-09,4.680129342829e-09,8.28025782756224e-09,6.8565008639863e-09,9.51405752065441e-09,4.94203335543849e-09,4.22594084934415e-09,3.27653497251763e-09,6.22548400499177e-09,4.79318815514618e-09,6.64197042394615e-09,7.92455782330561e-09,7.37358065279062e-09,1.72565055630884e-08,7.67879555363888e-09,1.58168107000573e-08,1.49012474034506e-08,7.77724571585466e-09,1.82012672274457e-08,4.30370474562137e-08,1.6890491577357e-08,3.47604866388308e-08,3.21287450367082e-08,2.1046095022619e-08,4.9521284831624e-08,2.13631333877869e-08,3.98838772600914e-08,4.24118484745022e-08,3.43390254652783e-08,5.92543642430071e-08,2.55252293930277e-08,1.1027523203878e-08,5.15058583824304e-08,2.31022293810756e-08,4.64013705887628e-08,2.21048323158892e-08,9.39306985300061e-09,7.98501920950811e-09,1.97294147789531e-08,9.95856461950851e-09,1.95295125144716e-08,8.48037518230411e-09,7.27267929362849e-09,5.96789996133026e-09,9.08854226976064e-09,8.32127175401143e-09,8.91863219139253e-09,6.51869801020419e-09,5.18263804441953e-09,4.35344446672736e-09,7.32550663003932e-09,6.29044493066562e-09,8.54525033557340e-09,4.78728647840053e-09,3.84463030338314e-09,2.41708578898097e-09,5.58125015948454e-09,3.85612427687312e-09,5.47827363600691e-09
