2.2416935915944e-08,8.73598394620251e-09,3.91546202128463e-09,1.97813697087899e-08,8.49566101615714e-09,1.90606628675037e-08,7.31689652139839e-09,3.24637859856731e-09,2.46008715813476e-09,7.05755028496474e-09,3.51166526801065e-09,7.17088882474241e-09,2.66324507775619e-09,2.08445199693857e-09,1.21187915930713e-09,2.88935904145618e-09,2.31142424007478e-09,3.10328091445156e-09,1.76818087288593e-09,1.04560662660162e-09,7.59799372954352e-10,1.9912696119669e-09,1.15156216206345e-09,2.12189560135842e-09,9.44832677798815e-10,6.88562244114922e-10,5.41132125706988e-10,1.05921955769484e-09,7.43326897969645e-10,1.12038118038265e-09,6.41910328914459e-10,5.00729313868723e-10,5.61538555030629e-10,6.97723085600941e-10,6.4884984304846e-10,8.58594769816713e-10,4.61878892120943e-10,4.64276578822949e-10,4.03841893338399e-10,5.66249990427672e-10,5.48127666331973e-10,6.80343309542242e-10,4.71494573975688e-10,3.38517529249063e-10,2.73193880178365e-10,4.95279556423788e-10,3.66592899290435e-10,5.42287272416797e-10,1.18373737588053e-08,4.16015213317193e-09,1.73058167249983e-09,1.03403124034483e-08,4.44489677961412e-09,1.04967075845954e-08,3.43947852015537e-09,1.50387258393471e-09,1.22275992630874e-09,3.58157628947994e-09,1.3267923835156e-09,3.0240462260177e-09,1.30983085777486e-09,9.95678169090479e-10,6.17572127470581e-10,1.14797381152645e-09,1.19013993663731e-09,1.32680664319539e-09,9.21111995353389e-10,5.3581188988617e-10,3.13437216253476e-10,1.06538552554588e-09,6.06524415602475e-10,1.30231786142983e-09,5.41478991182507e-10,3.04993966814868e-10,2.19729145101132e-10,6.200706676382e-10,2.9930055997285e-10,6.32130568099348e-10,3.38615293515729e-10,2.04842938575885e-10,2.90055861290117e-10,3.36261535825578e-10,2.98487006255761e-10,4.94562625758535e-10,1.7005127500315e-10,2.33699606552055e-10,1.3996674057166e-10,2.8997841074636e-10,1.49036096839252e-10,2.51780444749444e-10,1.58011385735979e-10,7.93330811067555e-11,5.21848619265007e-11,5.4999011975738e-11,2.66767049070811e-10,3.14123126743421e-10
8.73598394620251e-09,1.90284949747976e-08,8.35880741288198e-09,1.65069855591431e-08,1.62406496779457e-08,1.40504075712925e-08,1.56649510188603e-08,6.71768886935855e-09,2.78241799720255e-09,1.33211705530919e-08,6.43237744608015e-09,1.26543571799142e-08,5.55659567564166e-09,2.39075366145112e-09,2.05908173313934e-09,5.37320274883400e-09,2.69511623544302e-09,5.56919288556699e-09,2.04803944428564e-09,1.75831051134718e-09,9.41399727916661e-10,2.30834304884735e-09,1.80747757605292e-09,2.17345430128775e-09,1.52204314393267e-09,8.23488916082314e-10,6.34846158758574e-10,1.56971718629575e-09,8.60087734039849e-10,1.63712254352674e-09,7.34514470685516e-10,5.59272897205714e-10,6.39284053616977e-10,7.58180296801527e-10,7.621539776979e-10,9.72334248679169e-10,4.98632915600794e-10,5.5822264324145e-10,5.88432191385647e-10,6.82552224948567e-10,8.10524843934826e-10,9.38077487724547e-10,4.79941797543853e-10,4.65125002294976e-10,3.54886369583961e-10,6.24263645617954e-10,4.98014732813967e-10,6.45482116255159e-10,3.93076717762437e-09,9.45503253216812e-09,4.27098182373629e-09,7.85401224825755e-09,8.5080518236369e-09,7.19307067694632e-09,7.72436777279968e-09,3.47568593513039e-09,1.38335715138092e-09,6.70390719366186e-09,3.30366468989521e-09,6.24283716639221e-09,2.91830205203335e-09,1.17364139337437e-09,1.11807715368795e-09,2.82416997526761e-09,1.41285220272918e-09,2.75379941540769e-09,9.57279811617233e-10,9.48256315104386e-10,4.94053675035072e-10,1.1668331996218e-09,1.06922604105154e-09,1.04715362243856e-09,7.69744464121393e-10,4.92641223522168e-10,2.12955805066424e-10,8.90728917882801e-10,3.33988478031818e-10,8.37983497928739e-10,5.71157765633747e-10,2.28748572436332e-10,2.93213438092874e-10,3.80368291260374e-10,3.01975118193014e-10,5.30579594132127e-10,2.80908774439794e-10,2.53213177885695e-10,2.8414606842092e-10,2.66781753309415e-10,3.72533607857391e-10,4.52117566865389e-10,2.04797795839127e-10,1.99993607764171e-10,2.21204210751616e-10,1.87990903227092e-10,2.17085386334583e-10,2.74436048557159e-10
3.91546202128463e-09,8.35880741288198e-09,1.95859417542018e-08,8.16418175756681e-09,1.63595253076457e-08,1.57845035339774e-08,6.72277444423937e-09,1.52896928702033e-08,6.77751964034842e-09,1.27708438714178e-08,1.32136524095707e-08,1.10173783954638e-08,1.25868514173371e-08,5.38385392449696e-09,2.5958709810962e-09,1.07014249413326e-08,5.51193536085997e-09,1.05506779433505e-08,4.52264363456131e-09,2.11036512624765e-09,1.72140186633105e-09,4.52420502645114e-09,2.10684139311103e-09,4.40677246686116e-09,1.72051336240593e-09,1.53752324106969e-09,8.11758900759112e-10,1.7165421769512e-09,1.60422318327284e-09,1.63431469157036e-09,1.35494414804766e-09,6.93588762691419e-10,7.43161041868015e-10,1.37866711245909e-09,8.72982288796256e-10,1.53131422106172e-09,6.30761769495586e-10,6.63717127295258e-10,7.37571642135622e-10,8.04943161525739e-10,8.86084641471821e-10,1.00564198851768e-09,5.99744256340662e-10,6.19253656864108e-10,4.69356528094263e-10,7.51659303037904e-10,6.43735160041919e-10,7.9481198162915e-10,1.61743091831009e-09,3.967006013131e-09,9.42230013900507e-09,3.591020598726e-09,7.93165545573129e-09,7.64793689983303e-09,3.09193733846688e-09,7.64183617445084e-09,3.67754906964179e-09,6.32907587980588e-09,6.96573055006131e-09,5.70978876301635e-09,6.45408745965631e-09,2.81179862287785e-09,1.18231775704553e-09,5.55467612395705e-09,3.00013727992202e-09,5.46524295403575e-09,2.43838648965213e-09,9.20379761436346e-10,9.01747728798827e-10,2.39708826348048e-09,9.99534443390204e-10,2.30590591864375e-09,7.61709054850099e-10,8.66906891232512e-10,1.13274452769276e-10,9.06444916753021e-10,8.4380550618168e-10,6.65415499562055e-10,8.96438883390445e-10,2.07929108195037e-10,3.23779024952839e-10,8.25850998255742e-10,2.9616970523734e-10,9.15248606041684e-10,2.45058486683429e-10,2.28540593812502e-10,3.22993066433803e-10,2.74096803888389e-10,3.37955800086963e-10,3.59356103473723e-10,2.08339588764334e-10,2.5317618040122e-10,3.0101197194455e-10,1.92164701102529e-10,2.57135683460325e-10,2.91007524992842e-10
1.97813697087899e-08,1.65069855591431e-08,8.16418175756681e-09,3.08270809266746e-08,1.42013127708018e-08,2.72514036803277e-08,1.35328412944899e-08,6.55152850645961e-09,2.96177896576763e-09,1.15671395426994e-08,6.39059468070428e-09,1.11309727576469e-08,5.44420611812924e-09,2.45411535541858e-09,2.12583977593578e-09,5.32798598359352e-09,2.76926587083599e-09,5.57148195956345e-09,2.09716859380574e-09,1.79467596767239e-09,1.01586825346352e-09,2.35575349918354e-09,1.91186901155165e-09,2.3558865004551e-09,1.59374167952292e-09,9.44156484343649e-10,6.96999084571038e-10,1.72678122010446e-09,9.82638844820244e-10,1.78633961675247e-09,8.7634043995154e-10,6.36667614379127e-10,7.15138118757749e-10,8.94425375544252e-10,8.71810102764372e-10,1.17416912877638e-09,5.94621767182094e-10,5.88211745261601e-10,5.8872595628283e-10,7.81552319952814e-10,7.7016775251783e-10,9.7856834581716e-10,5.11153703083455e-10,4.89674669866558e-10,4.24683498335917e-10,6.20010164495497e-10,5.39914101780881e-10,6.73912662354687e-10,1.00304695011896e-08,8.32182917077832e-09,3.89124900537042e-09,1.55780319256384e-08,7.66809851615262e-09,1.47284275756083e-08,6.82641122474471e-09,3.15080127235062e-09,1.50393302151581e-09,6.02474656302e-09,2.97981494635616e-09,5.36907404613605e-09,2.7438343017615e-09,1.20701405840435e-09,1.15708489834412e-09,2.59963363106e-09,1.40987887608498e-09,2.70975871910051e-09,1.06454294655224e-09,9.52498074280774e-10,4.44730313100475e-10,1.15951248844957e-09,1.07545201185884e-09,1.37403644870505e-09,8.540957588994e-10,4.84933105368214e-10,2.73263937006265e-10,1.00699089318073e-09,4.07864634900132e-10,9.0147725650064e-10,5.3210498968785e-10,2.1938535950741e-10,2.9285452086226e-10,3.96422861924966e-10,3.8310096767682e-10,6.73853097239531e-10,2.83433619819038e-10,2.39895296534762e-10,2.36823959010673e-10,3.87830254472314e-10,1.74421938657255e-10,4.36784495112241e-10,1.58962962682825e-10,1.66083479935377e-10,1.83710480634913e-10,6.3545007881183e-11,2.51864117603691e-10,2.83594812594234e-10
8.49566101615714e-09,1.62406496779457e-08,1.63595253076457e-08,1.42013127708018e-08,2.65306821056708e-08,2.35737295788618e-08,1.33234167907163e-08,1.27664940663004e-08,6.2135729588685e-09,2.11737675053171e-08,1.09798663546374e-08,1.85024404803925e-08,1.05043664088467e-08,5.05526912500748e-09,2.65207966507414e-09,8.94584465317621e-09,5.27488628292871e-09,8.9113450769561e-09,4.35079220793006e-09,2.19474707081899e-09,1.87842905407435e-09,4.43028165932663e-09,2.14542839073363e-09,4.13369410728475e-09,1.7813560357035e-09,1.59700511655756e-09,9.28401047384741e-10,1.72716141462905e-09,1.74355313458089e-09,1.75017395192612e-09,1.44189544101821e-09,8.23524954791569e-10,9.5195191629795e-10,1.56330361336262e-09,1.08336254959994e-09,1.81980365136942e-09,7.24007197497917e-10,8.54483939605262e-10,8.98273808520568e-10,9.725157007307e-10,1.14000252525943e-09,1.20201624564853e-09,7.6508251649956e-10,7.40321257759198e-10,5.21300985655094e-10,9.43054236046834e-10,7.24307524873461e-10,9.21573909799768e-10,3.87805290645072e-09,7.77506397812113e-09,7.82100828992588e-09,6.6213914545749e-09,1.32280194631777e-08,1.17624800708308e-08,6.26800694991225e-09,6.36529218831361e-09,3.4979515375628e-09,1.06398076830361e-08,5.9389347422436e-09,9.83659851748646e-09,5.40858598747372e-09,2.71598780395309e-09,1.23886658164145e-09,4.82167615647397e-09,2.85339668388524e-09,4.61684610019911e-09,2.39091623792126e-09,1.03316754187479e-09,8.82556571792277e-10,2.40774257637656e-09,9.35491587126801e-10,1.95273188001385e-09,8.12022231044343e-10,8.41298572033246e-10,2.65683522065095e-10,8.21096959714648e-10,8.45169406601255e-10,7.24390042680163e-10,9.73997632653256e-10,3.83334750995448e-10,4.18347605646789e-10,9.42978462629004e-10,4.72583988075852e-10,1.06807725157127e-09,3.94272868123019e-10,3.42743561875989e-10,4.16409082298485e-10,4.13941238351785e-10,5.00646302616833e-10,5.66469659134401e-10,3.5808516009669e-10,2.72523498939064e-10,2.59901994732357e-10,3.00828251157943e-10,2.89521349895637e-10,3.8970045274273e-10
1.90606628675037e-08,1.40504075712925e-08,1.57845035339774e-08,2.72514036803277e-08,2.35737295788618e-08,3.98642919655558e-08,1.14708682787252e-08,1.22246385766027e-08,5.9722209842273e-09,1.86178293079041e-08,1.0496438378055e-08,1.62491847275264e-08,1.01297826559024e-08,4.80967456252103e-09,2.57895173887752e-09,8.59855113033384e-09,5.10455380039096e-09,8.68770189901372e-09,4.12596859513763e-09,2.11152916621205e-09,1.98999561173113e-09,4.26318478341542e-09,2.20624408200119e-09,4.21197682410997e-09,1.73293713509973e-09,1.78041359608245e-09,9.69914940629168e-10,1.80786970283564e-09,1.91530124783267e-09,1.78190374301353e-09,1.63765219715723e-09,8.59169305027922e-10,9.56276741514893e-10,1.74381350609495e-09,1.15093987430052e-09,2.0497916112798e-09,7.88920091899148e-10,8.14372248860641e-10,8.99766701932196e-10,1.02275147436908e-09,1.05642246248934e-09,1.22879995153783e-09,7.57929820762369e-10,7.48814194959237e-10,5.50044258644706e-10,9.01040699997268e-10,7.42349668303628e-10,8.96256433494055e-10,9.7305177331095e-09,6.76378366352822e-09,7.16646020821093e-09,1.38624181960429e-08,1.18200068010876e-08,2.07879440689571e-08,5.46827639274923e-09,5.76453267323418e-09,3.33234429448434e-09,9.4450847690954e-09,5.40176866270568e-09,8.42640666948158e-09,5.07568247185508e-09,2.54621064542766e-09,1.24898583679474e-09,4.47775642203712e-09,2.64405388341633e-09,4.40363204845858e-09,2.28060924103462e-09,1.02292861324366e-09,8.88072685981339e-10,2.21855067970175e-09,9.38302234908007e-10,2.12424657820986e-09,8.70325744980931e-10,8.50909496452327e-10,3.49198988575215e-10,9.19264329752805e-10,1.02313627426643e-09,8.54065741454911e-10,9.49132821868703e-10,4.09403106390177e-10,3.79144158549632e-10,1.06620367056186e-09,5.62860421834778e-10,1.2498745783021e-09,4.38060932234111e-10,3.15141967962608e-10,3.04571313754184e-10,5.58074747167602e-10,2.49863216579055e-10,4.92236714150727e-10,2.79713752264221e-10,1.91477820232805e-10,2.15916446380614e-10,1.12433875450846e-10,2.84914896944285e-10,3.26815393777336e-10
7.31689652139839e-09,1.56649510188603e-08,6.72277444423937e-09,1.35328412944899e-08,1.33234167907163e-08,1.14708682787252e-08,2.00857787974155e-08,8.41601959814632e-09,3.57922339056001e-09,1.73949817782829e-08,8.18974893598402e-09,1.68297982902531e-08,6.94769466994207e-09,3.08175903174713e-09,2.47728147626586e-09,6.8580375441401e-09,3.40049988162632e-09,6.96627145802056e-09,2.5511027449256e-09,2.13201626152797e-09,1.21030453925473e-09,2.84016753046969e-09,2.32614896931194e-09,2.72615858694452e-09,1.85392717340668e-09,1.07798772204252e-09,9.1210204926093e-10,2.03918780083618e-09,1.17731748577782e-09,2.15581385414213e-09,9.27191039617858e-10,7.47197429409945e-10,7.85363087632827e-10,9.78852511133536e-10,9.86911219518539e-10,1.23528750086813e-09,6.44880931094399e-10,6.51392813193936e-10,6.85812607240707e-10,8.58112934477468e-10,9.17189014335093e-10,1.11870238238242e-09,5.06059746765946e-10,4.82890662847968e-10,3.64601683916204e-10,6.42878117683602e-10,5.61389706784469e-10,7.03330624093615e-10,3.39406370229491e-09,7.72432909456115e-09,3.47750443913859e-09,6.51442371226145e-09,6.70424251990542e-09,5.76526497128771e-09,9.89807825980314e-09,4.32785630537159e-09,1.60801471047793e-09,8.95382378979151e-09,4.06764873597299e-09,8.30437570599249e-09,3.49390630061053e-09,1.35747233891877e-09,1.27920967320946e-09,3.41094480174773e-09,1.65923336207694e-09,3.36535249946227e-09,1.11848189498071e-09,1.11325039720792e-09,6.25256517644212e-10,1.38146363259449e-09,1.34028737937409e-09,1.28613573865697e-09,9.15440140290144e-10,5.91807943593573e-10,2.82318753781329e-10,1.13047827339077e-09,4.7957364973466e-10,1.02400837133054e-09,6.73963373381481e-10,2.82086577909806e-10,3.58616028607388e-10,4.78048062081676e-10,3.09644995108358e-10,5.93083925831414e-10,3.09559626356155e-10,2.65981651027872e-10,3.15646821783919e-10,2.47989956884984e-10,4.1887013190358e-10,5.0794129641352e-10,2.5203642905127e-10,2.33742581993737e-10,2.00347305224884e-10,2.79116124787753e-10,2.05422384591387e-10,2.80095744392368e-10
3.24637859856731e-09,6.71768886935855e-09,1.52896928702033e-08,6.55152850645961e-09,1.27664940663004e-08,1.22246385766027e-08,8.41601959814632e-09,1.8296102546382e-08,8.20467174512547e-09,1.57290347352026e-08,1.58769208624944e-08,1.36935826031927e-08,1.50447290894223e-08,6.59836643346766e-09,3.08940928231408e-09,1.29337545116324e-08,6.72055032528705e-09,1.27229528943693e-08,5.52710948467862e-09,2.52039860577234e-09,2.05951763729566e-09,5.50655568929423e-09,2.59871161246849e-09,5.3809007899825e-09,2.02819559337322e-09,1.84193485844221e-09,1.05577950222699e-09,2.10237788536515e-09,1.97783808324597e-09,2.03585691441201e-09,1.59679862108451e-09,8.7545269044174e-10,8.94210361820856e-10,1.66277654021485e-09,1.09979795842561e-09,1.80834049869603e-09,7.39042114684268e-10,7.49656986298515e-10,8.47098690597046e-10,9.62654277775848e-10,9.78889781093409e-10,1.1527260554909e-09,6.37312941254443e-10,6.5310935093564e-10,4.73368534560004e-10,7.65543301080904e-10,6.99095024713087e-10,8.24444321103526e-10,1.43076768209475e-09,3.08878418400324e-09,7.64092564276172e-09,2.81284514097552e-09,6.3258860789865e-09,6.00973761539282e-09,3.75112636851111e-09,9.18279240077334e-09,4.18103969556657e-09,7.88629524651108e-09,8.23221433951741e-09,6.88755342201132e-09,7.66410554082844e-09,3.2917925168218e-09,1.4247431425851e-09,6.64160713239101e-09,3.53689373604498e-09,6.39918785462344e-09,2.90606320189378e-09,1.12030658294402e-09,1.00822459442607e-09,2.85821037381025e-09,1.2728307918965e-09,2.8123159788213e-09,9.59183420871155e-10,9.6055930984369e-10,1.52468915585601e-10,1.16765137304666e-09,9.28914553365178e-10,8.35748367743206e-10,9.9715300506716e-10,2.94815103661956e-10,3.58357675009088e-10,9.25822217867342e-10,3.67258885156655e-10,9.9032248078102e-10,2.40538477588842e-10,2.56420206801428e-10,3.48553580101311e-10,2.74773266078228e-10,3.40742702459168e-10,4.11579632084637e-10,2.58783117292734e-10,2.65667893276531e-10,2.62994194938769e-10,2.33166801727934e-10,2.74078120830165e-10,3.24612107464626e-10
2.46008715813476e-09,2.78241799720255e-09,6.77751964034842e-09,2.96177896576763e-09,6.2135729588685e-09,5.9722209842273e-09,3.57922339056001e-09,8.20467174512547e-09,2.0853653899314e-08,7.85929114343882e-09,1.73520368857039e-08,1.65698225226953e-08,6.60319448816048e-09,1.64525512080194e-08,7.24711436142214e-09,1.36242071208588e-08,1.41197598309617e-08,1.17369714083893e-08,1.37250937554757e-08,5.92681418343901e-09,2.29469118487429e-09,1.17591362909387e-08,5.34888635872685e-09,1.08599054762987e-08,4.6695151399221e-09,1.84226190960292e-09,1.79824625318742e-09,4.14264153973214e-09,1.89682962671356e-09,4.08723032555626e-09,1.38376244068404e-09,1.52132207255307e-09,1.00106597101254e-09,1.4069423504322e-09,1.67487005807846e-09,1.56836359558343e-09,1.30505424248229e-09,8.65451065392573e-10,9.16531186387587e-10,1.44826011836043e-09,1.08819360627104e-09,1.63702545927658e-09,7.9023975767899e-10,7.72828405367499e-10,5.30314257397052e-10,9.76969265280502e-10,7.77406927032775e-10,1.0088250572426e-09,1.14612311905976e-09,1.18906075861129e-09,2.96707169256052e-09,1.22351997355476e-09,2.79080806597928e-09,2.74325586450291e-09,1.44611087467571e-09,3.62414962271643e-09,1.05637650379236e-08,3.6648838902764e-09,8.24244317103656e-09,8.08640494855395e-09,2.95956747669123e-09,8.440933658256e-09,4.0126899810183e-09,6.66917142077174e-09,7.13250460493578e-09,5.64574604080572e-09,7.1728821365176e-09,3.26819828642336e-09,1.11434716829758e-09,5.82575593394397e-09,2.76913821534247e-09,5.13362861085833e-09,2.78534110168836e-09,9.48397611262696e-10,6.38604246424759e-10,2.34949019557059e-09,8.68097429800932e-10,2.14616855233554e-09,7.84600525854182e-10,6.6075307746303e-10,4.62002704571932e-10,6.95083608665035e-10,8.36691495137279e-10,8.09414970002231e-10,5.38240385553842e-10,3.86426198372412e-10,5.14023286143683e-10,7.28280532516596e-10,4.89076699222272e-10,7.73511021158037e-10,4.09973224794821e-10,4.78713034085794e-10,2.38205785500827e-10,5.52663408292812e-10,3.91783466250004e-10,6.2312256527792e-10
7.05755028496474e-09,1.33211705530919e-08,1.27708438714178e-08,1.15671395426994e-08,2.11737675053171e-08,1.86178293079041e-08,1.73949817782829e-08,1.57290347352026e-08,7.85929114343882e-09,2.71910269137879e-08,1.37023673412859e-08,2.41421381731042e-08,1.28795279681377e-08,6.4343734857801e-09,3.22659309304474e-09,1.12196973088652e-08,6.66023930068226e-09,1.11172998256221e-08,5.44291753060557e-09,2.70983741835329e-09,2.23275095087169e-09,5.54758500593556e-09,2.74390655408531e-09,5.2249922156603e-09,2.19490797810177e-09,1.91260477607009e-09,1.22188004608078e-09,2.22312606044685e-09,2.13893770256672e-09,2.2718728911254e-09,1.71163449439581e-09,1.04192600633405e-09,1.1571910592784e-09,1.87247200189584e-09,1.3855046688225e-09,2.17967973765068e-09,8.70075373313749e-10,9.6386642347232e-10,1.05788512170445e-09,1.18736523886625e-09,1.28177305404633e-09,1.42383529471048e-09,7.7884646562208e-10,7.69491959362216e-10,5.19298439571287e-10,9.41985463413279e-10,7.96461534796248e-10,9.55944986977763e-10,3.36676110108609e-09,6.26658115692663e-09,6.36644542420901e-09,5.38981121792205e-09,1.06386855981315e-08,9.48144594807884e-09,7.96147750431638e-09,7.9122895643269e-09,4.05274946388649e-09,1.38409298221475e-08,7.10289211884155e-09,1.24606181262562e-08,6.52276983294156e-09,3.24850493870569e-09,1.54605301395836e-09,5.78221350496671e-09,3.39879776581061e-09,5.5527811533951e-09,2.9175364784331e-09,1.32184272040901e-09,1.05272728372612e-09,2.91321164182031e-09,1.30952330994057e-09,2.51279431347393e-09,1.10538713914861e-09,1.0004401360953e-09,4.28828052899709e-10,1.21307557281224e-09,1.01478210921015e-09,1.00042140256457e-09,1.10617911860217e-09,4.8398052347242e-10,4.42720297164808e-10,1.04039246201604e-09,5.57296415263156e-10,1.16176767085893e-09,4.08003786261692e-10,3.44003084108006e-10,4.38857870854705e-10,4.24410219626759e-10,5.04127085529254e-10,6.20302792123056e-10,3.60701539575236e-10,3.16462820359179e-10,2.44946171779644e-10,3.52026550288207e-10,2.75166846036833e-10,3.76294875391068e-10
3.51166526801065e-09,6.43237744608015e-09,1.32136524095707e-08,6.39059468070428e-09,1.09798663546374e-08,1.0496438378055e-08,8.18974893598402e-09,1.58769208624944e-08,1.73520368857039e-08,1.37023673412859e-08,2.75395245644503e-08,2.42791704485666e-08,1.29371375524342e-08,1.36206921626329e-08,6.8392626310544e-09,2.19726500625948e-08,1.18075895123416e-08,1.94680837270573e-08,1.12739222951782e-08,5.49940032819882e-09,2.41226970388321e-09,9.66581494233841e-09,4.97392616663575e-09,8.82622497153265e-09,4.32591884782263e-09,1.99413690535673e-09,2.09108710026166e-09,3.87736031059794e-09,2.11639289717945e-09,3.84061685371472e-09,1.50135103735308e-09,1.74237494538709e-09,1.22777589552882e-09,1.53519304199382e-09,1.95746185530502e-09,1.75186172175437e-09,1.49100259959264e-09,1.03471481663922e-09,1.12442751730332e-09,1.69467284044323e-09,1.35629810596242e-09,1.97226235698012e-09,9.73574996491185e-10,9.81947744062268e-10,6.61289952242486e-10,1.2526427432914e-09,1.02028842458053e-09,1.29869513649163e-09,1.46124318827702e-09,2.91985459495035e-09,6.06167357043742e-09,2.67065401765057e-09,4.98126728924308e-09,4.75840676742424e-09,3.59689256865724e-09,7.45772554533888e-09,8.78366734464015e-09,6.3743000532718e-09,1.35887626807171e-08,1.17913993135815e-08,6.19117389273225e-09,7.01517815643431e-09,3.40781293163205e-09,1.09708053079409e-08,6.05261276887914e-09,9.66708536164667e-09,5.9837813082834e-09,2.71124432840183e-09,1.12696986368975e-09,4.8995517366236e-09,2.42895862263259e-09,4.42094692189167e-09,2.26523819243775e-09,1.00376875619992e-09,5.98785879103176e-10,2.02827447103662e-09,8.46619971074098e-10,1.7531444332677e-09,8.95424903250435e-10,6.75194095368449e-10,4.77926209360109e-10,7.69114579858358e-10,8.36382865565966e-10,8.42548440781651e-10,5.84885171643332e-10,3.59922816395873e-10,6.15422257127999e-10,7.28800403265228e-10,5.39082865150537e-10,9.60942728318953e-10,4.04868846753596e-10,5.56419871571324e-10,3.52273290974219e-10,5.6508456999202e-10,5.33758271664153e-10,6.53443197237553e-10
7.17088882474241e-09,1.26543571799142e-08,1.10173783954638e-08,1.11309727576469e-08,1.85024404803925e-08,1.62491847275264e-08,1.68297982902531e-08,1.36935826031927e-08,1.65698225226953e-08,2.41421381731042e-08,2.42791704485666e-08,3.72272413602161e-08,1.11588576023601e-08,1.31482811848413e-08,6.77074552903983e-09,1.94702833176295e-08,1.1461257316935e-08,1.7228379450028e-08,1.09838565106948e-08,5.56408821247968e-09,2.5820319757285e-09,9.51834158856759e-09,4.99252099858398e-09,8.46103114268942e-09,4.36540062780094e-09,2.07920636927434e-09,2.22112598011007e-09,3.84686410457768e-09,2.1895281904477e-09,3.8530642424806e-09,1.64414612822989e-09,1.88237532142714e-09,1.42251036451349e-09,1.67992858357999e-09,2.18438172745301e-09,1.96906936056268e-09,1.5936216647808e-09,1.20843537981573e-09,1.38192070596971e-09,1.89889801818821e-09,1.6104728566798e-09,2.2126703804101e-09,1.0655033557152e-09,1.13631193879398e-09,7.18623021347603e-10,1.38584311041908e-09,1.16172849151648e-09,1.40235456443321e-09,3.36752986056674e-09,5.63526979710041e-09,5.05005088468895e-09,4.95892586241227e-09,8.69352040726727e-09,7.93853784626685e-09,7.3418597472253e-09,6.45352252636616e-09,8.47855132900002e-09,1.16295880327668e-08,1.20814456929485e-08,1.86835476840457e-08,5.28813589989068e-09,6.81199972142556e-09,3.33868256761957e-09,9.88059227184070e-09,5.79921492915508e-09,8.57770012943004e-09,5.87350944038461e-09,2.82377612921372e-09,1.1249999546214e-09,4.8761629881333e-09,2.32923844867815e-09,4.0113129589523e-09,2.29607761880831e-09,1.04448893747379e-09,8.46244707717898e-10,1.95110357323372e-09,8.38359052836807e-10,1.72903736286998e-09,1.03412306885049e-09,8.78681589003712e-10,5.05756030990731e-10,8.18380664523836e-10,1.03441168356275e-09,9.1790951995827e-10,7.57754574089186e-10,3.99456407220432e-10,7.29736922038198e-10,8.90166170738166e-10,6.1842821823124e-10,1.13053453147561e-09,4.52791507050006e-10,6.26426321824555e-10,3.52852532533946e-10,6.37384475059576e-10,5.50256464112642e-10,6.69357046827223e-10
2.66324507775619e-09,5.55659567564166e-09,1.25868514173371e-08,5.44420611812924e-09,1.05043664088467e-08,1.01297826559024e-08,6.94769466994207e-09,1.50447290894223e-08,6.60319448816048e-09,1.28795279681377e-08,1.29371375524342e-08,1.11588576023601e-08,1.96796224856133e-08,8.20619315462984e-09,3.75449234174193e-09,1.705617709468e-08,8.25495365643028e-09,1.66625019199947e-08,6.90629325689226e-09,3.04886713205132e-09,2.5307729126594e-09,6.78460340921622e-09,3.10336312770583e-09,6.63311196476239e-09,2.47653998277463e-09,2.23243563444207e-09,1.28689206924612e-09,2.53612513293354e-09,2.46801207874678e-09,2.5877725397859e-09,1.90757038038553e-09,1.10251638341018e-09,1.04208829723522e-09,2.06300135577334e-09,1.3256400514811e-09,2.22704894610591e-09,9.36761472845681e-10,8.6081921301241e-10,9.3384307676551e-10,1.16977555695681e-09,1.10782487404708e-09,1.37645991965184e-09,6.96808428160024e-10,7.31537310434286e-10,5.47417331104928e-10,8.46183679758861e-10,7.68573166457352e-10,9.11522109970587e-10,1.24562324038784e-09,2.68757570429548e-09,6.45238209690857e-09,2.53381690591198e-09,5.24619613523962e-09,5.14324797537694e-09,3.35385257516296e-09,7.66348599793516e-09,3.29253610080439e-09,6.55349043135599e-09,6.63930409730967e-09,5.54799347643618e-09,9.9214131995045e-09,4.4592277432654e-09,1.79062533942925e-09,9.15960276174432e-09,4.4118682225929e-09,8.53211312695829e-09,3.88162154985752e-09,1.39471420170984e-09,1.32698445172683e-09,3.56167134482967e-09,1.63256074627558e-09,3.71088116903757e-09,1.17225121655311e-09,1.16100014808816e-09,2.8769050767936e-10,1.45654265013949e-09,1.22804972422622e-09,1.1232863765003e-09,1.18439820026288e-09,3.57938447492127e-10,4.52141932639577e-10,1.12412510089298e-09,4.03825047603529e-10,1.18742340138154e-09,2.99945263721116e-10,3.57534141668167e-10,3.97408843123976e-10,3.55427594772497e-10,4.4020617730871e-10,5.41059919864954e-10,3.43435134326854e-10,3.23877463680526e-10,3.07970000926209e-10,3.16717800872806e-10,3.80410608483395e-10,4.58900639020605e-10
2.08445199693857e-09,2.39075366145112e-09,5.38385392449696e-09,2.45411535541858e-09,5.05526912500748e-09,4.80967456252103e-09,3.08175903174713e-09,6.59836643346766e-09,1.64525512080194e-08,6.4343734857801e-09,1.36206921626329e-08,1.31482811848413e-08,8.20619315462984e-09,1.96402012112797e-08,8.75787737872409e-09,1.66281637326056e-08,1.70022982633877e-08,1.44180411765464e-08,1.62114336869588e-08,6.97203283071029e-09,2.82564935306296e-09,1.39016875203438e-08,6.41866967288143e-09,1.30161828718078e-08,5.4602433462414e-09,2.24877479815974e-09,2.04613058472237e-09,4.97485577562295e-09,2.27532043957049e-09,4.90994991913945e-09,1.70798726546908e-09,1.75490521996185e-09,1.11464457674617e-09,1.72947582122432e-09,1.89845402881178e-09,1.87358903239252e-09,1.52355728034121e-09,9.77006512881985e-10,1.00106166044778e-09,1.66227749783393e-09,1.20223028563517e-09,1.83814001496741e-09,8.55816983121439e-10,8.2003610390498e-10,6.09490787584271e-10,1.03529162145185e-09,8.55960904462137e-10,1.10468851270636e-09,9.31965499872245e-10,1.16191961501039e-09,2.41734764896131e-09,1.21140562901268e-09,2.2673034668475e-09,2.29429504961222e-09,1.49743367512206e-09,2.95719695673064e-09,8.43924902675856e-09,3.00472654353634e-09,6.66450391719983e-09,6.5625937824198e-09,3.90093633670554e-09,1.04061861436632e-08,4.60791245029572e-09,8.69741475147841e-09,8.53055946478161e-09,7.20683574078438e-09,8.68898939246302e-09,3.74622503575314e-09,1.45786112498726e-09,6.91834556861265e-09,3.36376971346575e-09,6.36458645988693e-09,3.09284432209409e-09,1.1816667725032e-09,7.66244730559229e-10,2.78672438263799e-09,1.17086778228287e-09,2.59766128287015e-09,9.46534989501156e-10,7.61466270053924e-10,5.12778291974474e-10,9.50800201840844e-10,9.18262326061574e-10,9.13432218896144e-10,6.26595948929979e-10,4.42700687552604e-10,5.31276593748467e-10,8.2306839247916e-10,5.45580347857301e-10,8.38734437066005e-10,4.38233549511884e-10,4.92803678188756e-10,3.00856283403182e-10,5.59768896529028e-10,4.53371869642376e-10,7.14365988311514e-10
1.21187915930713e-09,2.05908173313934e-09,2.5958709810962e-09,2.12583977593578e-09,2.65207966507414e-09,2.57895173887752e-09,2.47728147626586e-09,3.08940928231408e-09,7.24711436142214e-09,3.22659309304474e-09,6.8392626310544e-09,6.77074552903983e-09,3.75449234174193e-09,8.75787737872409e-09,2.30391928049071e-08,8.31959412638315e-09,1.95285785866364e-08,1.84177639657694e-08,6.97652553600958e-09,1.80786803904822e-08,7.73165935700932e-09,1.5335695192648e-08,1.4580065064829e-08,1.22100405023252e-08,1.4297949872061e-08,5.82691862031277e-09,2.62663631286828e-09,1.11385447214111e-08,5.39529799337426e-09,1.04203929233874e-08,4.26100388485588e-09,2.06416143018027e-09,2.3622224517562e-09,3.9305219513015e-09,2.37057141601434e-09,4.24582978385797e-09,1.81411989771878e-09,2.02583089778716e-09,1.38693562980563e-09,2.02943528863317e-09,2.51830453038672e-09,2.32931759725336e-09,1.66340042181296e-09,1.07852553954696e-09,9.22361939507159e-10,1.98303717195103e-09,1.26947674863688e-09,2.22758787300802e-09,5.97910844213404e-10,1.13828498322063e-09,1.16622841875722e-09,1.11222820494617e-09,1.24273569007857e-09,1.24349095919518e-09,1.29838636991293e-09,1.38429106987792e-09,3.41936008655734e-09,1.52698769602265e-09,3.40845836325872e-09,3.49967321196265e-09,1.79055196922872e-09,4.15067154533522e-09,1.12726460987041e-08,4.31806692470915e-09,8.82422395806060e-09,8.97210751168036e-09,3.2708855756872e-09,9.13880697427543e-09,3.53864615625341e-09,7.09701508456284e-09,6.97444489962275e-09,5.17713102357878e-09,7.45937201741817e-09,2.93841868835555e-09,1.52746129170578e-09,5.67814461834145e-09,2.94395277883925e-09,5.6380585663392e-09,2.34863055413215e-09,1.29691237947737e-09,8.24011034655767e-10,2.44204344648778e-09,1.00552254597902e-09,2.07997977590309e-09,1.14807723450591e-09,6.89946110239518e-10,6.65859888369821e-10,8.86355454131858e-10,1.1372188664879e-09,1.28851164281972e-09,5.8520330091775e-10,5.34848777302047e-10,6.94646516751121e-10,8.72025149177574e-10,8.83054107659847e-10,1.28564989573235e-09
2.88935904145618e-09,5.37320274883400e-09,1.07014249413326e-08,5.32798598359352e-09,8.94584465317621e-09,8.59855113033384e-09,6.8580375441401e-09,1.29337545116324e-08,1.36242071208588e-08,1.12196973088652e-08,2.19726500625948e-08,1.94702833176295e-08,1.705617709468e-08,1.66281637326056e-08,8.31959412638315e-09,2.81228796661017e-08,1.44858558282656e-08,2.4974497741351e-08,1.3695317457864e-08,6.55358980662068e-09,3.01708077316428e-09,1.17208137084085e-08,6.02127504756875e-09,1.08998495153022e-08,5.15216169277511e-09,2.50935862070279e-09,2.40126714422385e-09,4.72667630207518e-09,2.56050515169046e-09,4.6716906138055e-09,1.94326532490764e-09,2.05696736667688e-09,1.42604168553494e-09,1.94442399699504e-09,2.30771590042959e-09,2.206580195871e-09,1.77253799195783e-09,1.21026424324895e-09,1.2828101675231e-09,2.01572906656645e-09,1.55188566747046e-09,2.30095092232114e-09,1.07173357981046e-09,1.09307488160863e-09,7.57181909060819e-10,1.37264606790141e-09,1.12602369890547e-09,1.433379533017e-09,1.15623919827123e-09,2.60066103746811e-09,5.04757286560786e-09,2.44915595122936e-09,4.10207318095581e-09,4.07368122521511e-09,3.27972409048968e-09,6.18906181368873e-09,7.01453907700116e-09,5.29140880501021e-09,1.09658580924161e-08,9.58137691331544e-09,8.13705866742237e-09,8.84006137184603e-09,3.99743450888906e-09,1.46211160031771e-08,7.34395141875696e-09,1.26151400187907e-08,7.43914934161925e-09,3.20912682477099e-09,1.43314242588463e-09,5.923666898974e-09,3.00279363519557e-09,5.68226812477622e-09,2.58240252018214e-09,1.23172723176176e-09,7.57657580356264e-10,2.44683846783495e-09,1.14926964022573e-09,2.16833636193138e-09,1.09086158556476e-09,7.72477955846278e-10,5.80515113083803e-10,1.01917738269357e-09,9.67874224026402e-10,1.01822263724325e-09,6.69219878194266e-10,4.68231560715913e-10,6.44584182747598e-10,8.83908950137431e-10,6.62633528812804e-10,1.11992002897477e-09,4.80481945545853e-10,5.89456652553457e-10,4.09829363373125e-10,6.60086201514685e-10,6.05495142410331e-10,8.38557989243339e-10
2.31142424007478e-09,2.69511623544302e-09,5.51193536085997e-09,2.76926587083599e-09,5.27488628292871e-09,5.10455380039096e-09,3.40049988162632e-09,6.72055032528705e-09,1.41197598309617e-08,6.66023930068226e-09,1.18075895123416e-08,1.1461257316935e-08,8.25495365643028e-09,1.70022982633877e-08,1.95285785866364e-08,1.44858558282656e-08,3.07404880222487e-08,2.68293485469704e-08,1.39052769454144e-08,1.5333108911843e-08,7.15333234947988e-09,2.46673691239942e-08,1.21418190637375e-08,2.04746465713469e-08,1.21131060646738e-08,5.41605024624306e-09,2.5347537980115e-09,9.27744984418914e-09,4.8995185197046e-09,8.55958252846546e-09,3.92875437661306e-09,2.00347714662463e-09,2.59984573610784e-09,3.55533257075298e-09,2.36475273282029e-09,3.84172280758832e-09,1.69999365760097e-09,2.23113182546964e-09,1.57433414685718e-09,1.98845652372796e-09,2.74541983013633e-09,2.20122656475494e-09,1.87594407422204e-09,1.21191875135106e-09,9.11246589570253e-10,2.22448228812247e-09,1.36936910147345e-09,2.42485076135666e-09,1.04073771017836e-09,1.23770305001934e-09,2.4784619336644e-09,1.48103956776889e-09,2.29776126651987e-09,2.45386564216047e-09,1.57240279278049e-09,3.02189472411332e-09,6.94785098678231e-09,3.0513799688836e-09,5.67654210442866e-09,5.76240299413469e-09,3.98339359967342e-09,8.73432354194337e-09,9.89088473612226e-09,7.62131258775131e-09,1.52266927666142e-08,1.37002201124588e-08,7.24586837702189e-09,8.03454259905076e-09,3.12359678876442e-09,1.22698923405375e-08,5.87816258730065e-09,9.61354408449907e-09,6.51635286672809e-09,2.51841163744179e-09,1.04028226062474e-09,4.79545098174724e-09,2.27019905285318e-09,4.44636817891065e-09,2.01832220756247e-09,9.66614714965935e-10,9.7657179857924e-10,1.96192320658643e-09,8.22368102274441e-10,1.70159679639304e-09,7.71830126527645e-10,8.28013883497163e-10,6.62465303099562e-10,6.9636302395448e-10,1.2066801905307e-09,8.71531780614565e-10,7.77632481510099e-10,5.55466960275992e-10,6.94347528043804e-10,1.0734467679334e-09,9.15561650341617e-10,1.53527498942042e-09
3.10328091445156e-09,5.56919288556699e-09,1.05506779433505e-08,5.57148195956345e-09,8.9113450769561e-09,8.68770189901372e-09,6.96627145802056e-09,1.27229528943693e-08,1.17369714083893e-08,1.11172998256221e-08,1.94680837270573e-08,1.7228379450028e-08,1.66625019199947e-08,1.44180411765464e-08,1.84177639657694e-08,2.4974497741351e-08,2.68293485469704e-08,4.04617685221255e-08,1.16906919554852e-08,1.43123934457243e-08,6.83809489421296e-09,2.13008138851079e-08,1.11973677458304e-08,1.73863750676032e-08,1.1338349545201e-08,5.26080872385348e-09,2.72521424743226e-09,8.60570807405362e-09,4.86377675842137e-09,7.97090133577387e-09,3.85618128740137e-09,2.16934106598084e-09,2.84215356587241e-09,3.52361369785634e-09,2.62288455128935e-09,3.91974339282607e-09,1.80095484371299e-09,2.39972637478992e-09,1.83015438065693e-09,2.17589785047366e-09,2.96827326300129e-09,2.55117321539951e-09,2.09656939863503e-09,1.51256971673005e-09,1.04948428321846e-09,2.57301436013071e-09,1.63147982058645e-09,2.74446952098584e-09,1.29610748387061e-09,2.57415914047274e-09,4.94517264676872e-09,2.62909935506544e-09,4.05133858570739e-09,4.19604011140644e-09,3.29706849932277e-09,6.08691243462168e-09,5.74997020266673e-09,5.26899686619626e-09,9.71133533532174e-09,8.56637447232659e-09,8.11303129072894e-09,7.41304744117624e-09,8.92239848960433e-09,1.31127516931067e-08,1.35723529727241e-08,2.07273068462415e-08,6.14066075743753e-09,7.15421544476577e-09,2.94141184215551e-09,1.0799229720158e-08,5.23693896823358e-09,8.60227552430262e-09,5.78038474084764e-09,2.42483098583676e-09,1.07772184677213e-09,4.24554701118540e-09,2.15433904119685e-09,3.83241202022229e-09,2.05933602863165e-09,1.0164966855952e-09,1.02275154907094e-09,1.95162858053972e-09,8.11824512655861e-10,1.63638606199943e-09,8.46149100055076e-10,8.09566817337853e-10,7.03054242946177e-10,6.61829705542439e-10,1.09227171348525e-09,9.46031595690958e-10,7.81318189705891e-10,6.14237701119139e-10,7.87475367383731e-10,1.07162119620112e-09,9.99160654588491e-10,1.54095606895331e-09
1.76818087288593e-09,2.04803944428564e-09,4.52264363456131e-09,2.09716859380574e-09,4.35079220793006e-09,4.12596859513763e-09,2.5511027449256e-09,5.52710948467862e-09,1.37250937554757e-08,5.44291753060557e-09,1.12739222951782e-08,1.09838565106948e-08,6.90629325689226e-09,1.62114336869588e-08,6.97652553600958e-09,1.3695317457864e-08,1.39052769454144e-08,1.16906919554852e-08,2.03508560498177e-08,8.34165849271943e-09,3.4593272994833e-09,1.74877520387904e-08,7.90160089560969e-09,1.6673565129086e-08,6.55980519132401e-09,2.71633764707835e-09,2.47967123810453e-09,6.07198520954409e-09,2.79801298424202e-09,5.96173730904631e-09,2.09363422306686e-09,2.07465027959876e-09,1.28849157461597e-09,2.15246991224468e-09,2.25087823662031e-09,2.34122319857158e-09,1.77961446532887e-09,1.12701270466385e-09,1.14885549611138e-09,1.94305604942495e-09,1.43093664588365e-09,2.216620885426e-09,9.77295956608122e-10,9.55189052188761e-10,7.00059105329162e-10,1.23804127132422e-09,9.6641723275244e-10,1.28971018389956e-09,7.80314671753436e-10,9.5611790783636e-10,2.13073571864746e-09,1.04024686552312e-09,2.0619119177788e-09,2.06274775343152e-09,1.1578505328464e-09,2.65604218852045e-09,7.16775373867347e-09,2.66079005885764e-09,5.78233242660126e-09,5.7112958717862e-09,3.45510498251679e-09,8.68746435874867e-09,3.74415482345478e-09,7.41751899666704e-09,6.91530464446736e-09,5.92883446619089e-09,1.09817073931593e-08,4.69100150120067e-09,1.74380141852965e-09,8.8414989295439e-09,4.48946250852518e-09,8.65055939255088e-09,3.94812260468877e-09,1.4906540400481e-09,1.05601924225058e-09,3.77307162157866e-09,1.39317915832647e-09,3.3974197990829e-09,1.22244322856827e-09,9.67690898914249e-10,6.3828284303141e-10,1.16566829246857e-09,1.13642871969475e-09,1.17559785282695e-09,8.43951042521034e-10,5.75454444463658e-10,6.15031166267607e-10,1.02717254578097e-09,6.20064678211432e-10,1.02272395908898e-09,5.79600564857879e-10,5.63974858075174e-10,3.31561580476503e-10,6.17127592529285e-10,4.87056238861617e-10,7.60279328354814e-10
