7.44566797079507e-08,2.9472476214101e-08,1.26905091834104e-08,6.65815851389595e-08,2.73947216870863e-08,6.34932063037985e-08,2.43982214455866e-08,1.04903407743035e-08,7.6818722753116e-09,2.25274149825322e-08,1.03966563531947e-08,2.23367179746056e-08,7.91576730134837e-09,6.17367308450142e-09,4.63593825105289e-09,7.73044238953645e-09,7.36064231493868e-09,8.45357458703818e-09,5.27150734771333e-09,3.82762353460927e-09,3.60043650893052e-09,6.10899366630717e-09,4.47665709384062e-09,6.88387733010059e-09,3.37910583026764e-09,2.77579806975328e-09,2.27462309873777e-09,3.55548575333326e-09,3.30662259622117e-09,4.02319485657449e-09,2.49066348366297e-09,1.86949855274249e-09,1.70300386590858e-09,2.90504402234822e-09,2.20947051971653e-09,3.25931966844765e-09,1.77722219864273e-09,1.572456286564e-09,1.31707396611246e-09,2.06680906436876e-09,1.89959465635344e-09,2.26221564695786e-09,2.042612262819e-09,1.36414287948714e-09,1.31224281830725e-09,2.48952799271689e-09,1.64745327068291e-09,2.85118257610473e-09,5.53460049840095e-08,2.10458610119223e-08,9.24371773144401e-09,5.18163229277087e-08,1.95207057157258e-08,4.69303658309178e-08,1.59059960088343e-08,7.28709979536469e-09,5.85522965777657e-09,1.48939844924782e-08,6.52216439804754e-09,1.35163889611036e-08,5.89743798370851e-09,4.51071141963068e-09,3.5070170236494e-09,4.82302483574669e-09,5.33793061160213e-09,4.67265734343714e-09,3.83401768210658e-09,2.77298631326785e-09,2.9758196162491e-09,4.34354288093021e-09,3.63176017284117e-09,4.28789305496129e-09,2.46424850967171e-09,2.5043115197812e-09,2.40648377244691e-09,3.02065420461723e-09,3.1910607782486e-09,3.48460720644282e-09,2.29150451599649e-09,1.91930974546492e-09,1.24316054212178e-09,2.78426012633603e-09,1.75479931419299e-09,2.66293896774844e-09,1.97990339966317e-09,1.26125127646346e-09,1.04696088001901e-09,1.86736954031759e-09,1.56449815313061e-09,2.29370234920158e-09,2.07821871736675e-09,1.15007295161936e-09,4.9875718674676e-10,2.5599235806372e-09,1.13937365141134e-09,2.71190964792809e-09
2.9472476214101e-08,6.62189945515264e-08,2.91374074195531e-08,5.96787472416565e-08,5.41671113590431e-08,4.93186690244953e-08,5.51451985634835e-08,2.33715571500642e-08,1.02496236977546e-08,4.4033742155924e-08,2.27458526605107e-08,4.23469696089586e-08,1.75431250495287e-08,7.48806319548365e-09,8.41277392863473e-09,1.66316846766667e-08,8.90508343363028e-09,1.75980439439099e-08,6.10716400660598e-09,6.73090257504261e-09,4.54767567063859e-09,7.04358505086523e-09,7.49837080698493e-09,7.04539439663121e-09,5.88939087192854e-09,3.80154031150847e-09,3.02274337863196e-09,6.38443474045967e-09,4.47183561529644e-09,6.78686385948862e-09,3.3564135743448e-09,2.57691343980141e-09,2.00434485243246e-09,3.93799283718212e-09,2.91086802743883e-09,4.17130189665078e-09,2.33187459524465e-09,1.6876374819697e-09,1.28095313861327e-09,2.51006394640338e-09,1.89238736560499e-09,2.81871836534951e-09,1.89804278041321e-09,1.32664959727602e-09,1.33951010013707e-09,2.04125691267382e-09,1.75945505818227e-09,2.49643737250348e-09,2.15840448818741e-08,4.891116108512e-08,2.09694618482158e-08,4.42696367769282e-08,4.00634763510716e-08,3.65514580915922e-08,4.03887586590311e-08,1.77928166250968e-08,6.90480674733665e-09,3.29607567935556e-08,1.59362421067451e-08,2.9427988074369e-08,1.38205512962623e-08,4.94545127038311e-09,6.9832846719953e-09,1.16211208730947e-08,7.24422438211097e-09,1.34912797139144e-08,3.65981038453874e-09,5.87091627477458e-09,3.60708154384686e-09,5.26875948294708e-09,6.47564093145684e-09,5.01726914772018e-09,5.08006038843577e-09,3.26616434330628e-09,2.39348921658253e-09,5.63049495954275e-09,3.28437598977749e-09,5.45151713384929e-09,2.91645640182322e-09,1.91643213811969e-09,1.75429841267117e-09,2.8866754509076e-09,2.55293369327107e-09,4.11137809165534e-09,1.89393944226474e-09,1.5129301460593e-09,1.37083585953464e-09,2.24411215709219e-09,1.59141886576059e-09,2.29257880336429e-09,1.94860824488291e-09,1.32568580642596e-09,1.19232425710352e-09,1.8566503089153e-09,1.7278072093272e-09,2.35057739321335e-09
1.26905091834104e-08,2.91374074195531e-08,7.23619219593114e-08,2.96081447157241e-08,5.92323578806201e-08,5.76575719500415e-08,2.33915748252211e-08,5.23659911737174e-08,2.29319743477886e-08,4.36102011236396e-08,4.58310285324364e-08,3.78972389917931e-08,4.04621466168313e-08,1.75055578711378e-08,7.43477606394063e-09,3.47954530494745e-08,1.62934987667817e-08,3.25154125947486e-08,1.42196703046242e-08,6.01099510571391e-09,6.76982665818036e-09,1.29678715287985e-08,6.54728257339496e-09,1.22168707985426e-08,4.62564213116088e-09,5.2936451567415e-09,4.63565370652857e-09,4.81755138314359e-09,6.48751342652776e-09,5.57990700343943e-09,4.67959645992315e-09,4.08739050540054e-09,2.50684250222765e-09,5.74859936741854e-09,3.79213234970664e-09,5.65597550232131e-09,3.78248588247852e-09,2.27877550924762e-09,1.89982411641955e-09,3.54237619486058e-09,2.5955089500739e-09,3.69663302459115e-09,2.48211225138728e-09,1.67628412594766e-09,1.6378929894571e-09,2.7381227434853e-09,1.80409885809272e-09,2.7159180291424e-09,8.54177656352316e-09,2.22776172823798e-08,4.68520352553547e-08,2.28137517609013e-08,3.99822316233537e-08,3.68770838557633e-08,1.82404427369414e-08,3.67049254580926e-08,1.52976817734331e-08,3.22024978946122e-08,3.20332959691032e-08,2.75638206870873e-08,2.94259686738149e-08,1.17570538380177e-08,5.27380836042353e-09,2.45977434140934e-08,1.27567831183085e-08,2.4557710003312e-08,9.31574276326382e-09,4.1115065734895e-09,4.6629408298696e-09,9.54544853645742e-09,4.82104429248693e-09,8.9266562741971e-09,3.54075053763501e-09,3.76798306525668e-09,3.30865483864426e-09,3.94233932032281e-09,4.46305644051434e-09,4.12096835029968e-09,3.4254880017841e-09,2.78752075802152e-09,1.70566151457466e-09,3.93204686299703e-09,2.91538384628279e-09,4.74987977324679e-09,2.54067607262192e-09,1.52028766051515e-09,1.53109486075373e-09,2.69706139040392e-09,1.91281824957254e-09,2.69444057332684e-09,1.7403367684149e-09,1.18800138495919e-09,1.25011186220546e-09,1.78582897017656e-09,9.81426443232428e-10,1.58509475458113e-09
6.65815851389595e-08,5.96787472416565e-08,2.96081447157241e-08,1.11217677055143e-07,5.00738480360416e-08,9.74223435812335e-08,4.96635287527556e-08,2.36615095022552e-08,1.01732621551303e-08,4.05739830126875e-08,2.2476826416545e-08,3.82617389022225e-08,1.74797250875665e-08,7.48715440873054e-09,8.41844801217292e-09,1.61707924651481e-08,8.52834948943506e-09,1.6750014705386e-08,6.04644862746641e-09,6.80051198894081e-09,4.88323742985784e-09,6.66580664101416e-09,7.76572338323772e-09,7.11900816186308e-09,5.81547984868669e-09,4.00802295399828e-09,3.63492053326605e-09,6.47578895310408e-09,4.80353103962455e-09,7.09800266030754e-09,3.59506538038775e-09,2.96939660410206e-09,2.15069204524632e-09,4.21247784411096e-09,3.32723096843033e-09,4.41918573651880e-09,2.89504075372011e-09,2.1130192728487e-09,1.4355525966534e-09,3.17107031504325e-09,2.31394037286164e-09,3.2595667136655e-09,2.33549173544915e-09,1.34288685849414e-09,1.61147353024218e-09,2.55589837411135e-09,1.95620251536416e-09,3.24665971942645e-09,4.9831695102399e-08,4.3581959966071e-08,2.00139953079229e-08,8.38623344714844e-08,3.60627057492941e-08,7.08558720044788e-08,3.49357967547573e-08,1.64087202398708e-08,6.75939595484615e-09,2.86448777388147e-08,1.38238755966196e-08,2.47364221747059e-08,1.29250020214232e-08,5.01722156024851e-09,6.14000202652354e-09,1.03040898088882e-08,6.5297487198002e-09,1.06014686356641e-08,3.78493268268575e-09,5.4790358706553e-09,4.02756402152419e-09,5.08037670694322e-09,6.08844371254658e-09,5.11043044994053e-09,4.5691534625804e-09,3.56583027985021e-09,3.00779954627402e-09,5.30776437461167e-09,4.05129525614109e-09,5.52472403915273e-09,3.2279109052909e-09,2.36049862419137e-09,1.85626343355608e-09,3.56486421661503e-09,3.1734672814815e-09,4.57747041975485e-09,2.45371016700481e-09,1.77394133709e-09,1.46232886165879e-09,3.04788165312832e-09,1.66704370441748e-09,2.93483777573632e-09,2.08626812095669e-09,1.51057483561231e-09,1.10292562943641e-09,2.33322972189227e-09,1.7189093584416e-09,2.82949540685394e-09
2.73947216870863e-08,5.41671113590431e-08,5.92323578806201e-08,5.00738480360416e-08,9.3166074496904e-08,8.49810966013609e-08,4.4049517449889e-08,4.35987285074544e-08,2.21556708847577e-08,7.16926464896413e-08,3.76867298372955e-08,6.26625535717363e-08,3.31484859928281e-08,1.65529032912846e-08,8.80011849798551e-09,2.77523875197645e-08,1.62708015390058e-08,2.66102148411476e-08,1.35282472848572e-08,6.95902941591476e-09,8.1457614267275e-09,1.2947536288633e-08,7.62155014609192e-09,1.22762705420122e-08,5.50279098741331e-09,6.61353776427205e-09,5.17618210704729e-09,5.86173247150784e-09,7.81686144730958e-09,6.36994560962167e-09,5.68442480547094e-09,4.39801463262327e-09,2.72733313247767e-09,6.77621333961565e-09,4.25350367263624e-09,6.8840735549079e-09,3.95094015006126e-09,2.45282606987007e-09,2.08887054016746e-09,3.75700595934159e-09,2.86034105640191e-09,4.16712751540164e-09,2.53931267475251e-09,1.85574733937212e-09,2.03483698939173e-09,2.87656701878631e-09,2.06385863784604e-09,2.97707606298156e-09,1.98858104701215e-08,4.1816889218856e-08,4.02795461189252e-08,3.88500208084394e-08,6.75500703696648e-08,5.98048611908356e-08,3.3542413119404e-08,3.21197249034894e-08,1.56574695459779e-08,5.42117329355737e-08,2.71708670915296e-08,4.60067383434068e-08,2.56849618626146e-08,1.13715363330562e-08,5.70401581876537e-09,2.00085700746708e-08,1.217098131054e-08,1.98891757515648e-08,8.61026292055928e-09,4.59798514755505e-09,5.35618739162980e-09,9.06650948985140e-09,5.37739160386561e-09,8.95939837130027e-09,3.9483740101571e-09,4.61454596689813e-09,3.47262242029263e-09,4.41941435106351e-09,4.88599401349821e-09,4.21998391625984e-09,4.06675867522027e-09,2.92935907399042e-09,2.09408020997067e-09,4.36709981215723e-09,3.31470005704507e-09,5.6678572241845e-09,2.64419388856053e-09,1.82274899293262e-09,1.94759602003305e-09,2.82499589632812e-09,2.55953531035743e-09,3.31972670909793e-09,1.91750708222622e-09,1.38576674183722e-09,1.24389981497371e-09,2.48177853146796e-09,1.12343711962165e-09,2.51347739900948e-09
6.34932063037985e-08,4.93186690244953e-08,5.76575719500415e-08,9.74223435812335e-08,8.49810966013609e-08,1.45419078673713e-07,3.98709758791902e-08,4.25439828406213e-08,2.1204329197425e-08,6.53387875032521e-08,3.5794662211785e-08,5.56603510515384e-08,3.20584365341256e-08,1.56992572629799e-08,8.47497529685177e-09,2.60327857518992e-08,1.52303791169647e-08,2.46238348642755e-08,1.28065688315854e-08,6.8346431311162e-09,8.16482773018314e-09,1.20457548810522e-08,7.26635223893903e-09,1.15183974335697e-08,5.54880097736387e-09,6.66158585723836e-09,5.42244954344366e-09,5.69878433401403e-09,7.91455637193709e-09,6.26582366084367e-09,5.71797884073948e-09,4.39470600849193e-09,2.68613193340973e-09,6.76711315682282e-09,4.27244242762933e-09,6.8484128287707e-09,4.08530726078844e-09,2.6897478145928e-09,1.88323628888162e-09,4.00158071384323e-09,2.97829822902675e-09,4.22589468829385e-09,3.08784354404282e-09,1.77663095322792e-09,2.27315442296022e-09,3.35174934356362e-09,2.37431760755394e-09,3.99219489038015e-09,4.76337973643399e-08,3.7589914679857e-08,3.65184331816129e-08,7.65120884887297e-08,5.96426074743499e-08,1.03253320248988e-07,2.90953223691091e-08,2.85804396944773e-08,1.50276403117964e-08,4.66265733338795e-08,2.33901652832915e-08,3.88501462747093e-08,2.31160783982612e-08,1.08221221924012e-08,4.3824123052299e-09,1.73728379777756e-08,1.0527166543743e-08,1.54099238817731e-08,8.47363450189989e-09,4.13501144885401e-09,5.54015788815843e-09,8.39500106527293e-09,4.27408388711637e-09,8.14648893889012e-09,3.78424014317225e-09,4.72894094590165e-09,3.89458502853087e-09,3.78995168081539e-09,5.43302373741237e-09,3.64315164076166e-09,4.11172553229755e-09,3.06594451551221e-09,2.19050015292104e-09,4.7104105984286e-09,3.60629485874594e-09,5.89795382372524e-09,2.77543196546974e-09,1.95090501352939e-09,1.74028451912464e-09,3.18399802549092e-09,2.31026264400504e-09,3.39882225700689e-09,2.28055223857302e-09,1.46709996863028e-09,9.52518823433517e-10,2.683424403129e-09,1.07940707630371e-09,3.02715925267401e-09
2.43982214455866e-08,5.51451985634835e-08,2.33915748252211e-08,4.96635287527556e-08,4.4049517449889e-08,3.98709758791902e-08,6.71523134882258e-08,2.7671031150932e-08,1.18971188090023e-08,5.54861345681765e-08,2.65954429011082e-08,5.26708474114754e-08,2.09641602819775e-08,8.67467403325986e-09,9.67445075614275e-09,1.9715704920186e-08,1.0606972140584e-08,2.09435073068177e-08,6.96658522147647e-09,7.60390899215588e-09,5.00182950198737e-09,8.09599890935328e-09,8.50225719764013e-09,7.87446477109645e-09,6.62160280382636e-09,4.1638552665612e-09,3.58643244194827e-09,7.20179783330604e-09,5.15258741227671e-09,7.98055327331644e-09,3.66599943184731e-09,3.05185500228428e-09,2.42460000017735e-09,4.53777516012032e-09,3.34734124234426e-09,4.86418793516068e-09,2.70116935295813e-09,1.93832445392838e-09,1.48774701390922e-09,2.83078539756833e-09,2.13577254819625e-09,3.1069201625911e-09,1.758296920672e-09,1.2626665874483e-09,1.26056042866654e-09,1.81774994948336e-09,1.70308649259137e-09,2.36278170789451e-09,1.85565450416036e-08,4.03908509787813e-08,1.77997916798081e-08,3.65837959889697e-08,3.29684770949152e-08,3.01667370014304e-08,4.62487101516417e-08,2.01666096196591e-08,8.2626412780642e-09,3.85540753317862e-08,1.96936481033804e-08,3.65428559871345e-08,1.53729618924095e-08,5.95349497362967e-09,7.95123511093186e-09,1.42162138341237e-08,8.63633889296700e-09,1.66100870407325e-08,4.40287783536154e-09,6.64899199416622e-09,4.18075949763828e-09,6.19269141424834e-09,7.57816093667227e-09,5.74372037038444e-09,5.67724983760031e-09,3.60710772108928e-09,2.78166128562648e-09,6.416995516845e-09,3.96955246105518e-09,6.50371264176841e-09,3.27319099930237e-09,2.35177352960414e-09,2.27163041224186e-09,3.60326993815271e-09,2.83245520275896e-09,4.85444164862146e-09,2.17440719633233e-09,1.86213796811626e-09,1.57537991171767e-09,2.38489431011393e-09,1.96363270902351e-09,2.43246591777379e-09,1.66432704633364e-09,1.24102174520474e-09,1.2901443012819e-09,1.80837488504324e-09,1.6007281416819e-09,2.52335060698171e-09
1.04903407743035e-08,2.33715571500642e-08,5.23659911737174e-08,2.36615095022552e-08,4.35987285074544e-08,4.25439828406213e-08,2.7671031150932e-08,6.1077240104255e-08,2.62469920963259e-08,5.18148044180295e-08,5.27706239735584e-08,4.44417805673083e-08,4.6411812601096e-08,1.99716687473057e-08,8.20669082939248e-09,3.97727255703295e-08,1.900979598304e-08,3.76011901377819e-08,1.62187497182806e-08,6.67485278285232e-09,7.04539073500533e-09,1.50852194320216e-08,7.1572515158984e-09,1.40966994539529e-08,5.16237978367704e-09,5.51856071311994e-09,4.8110891046326e-09,5.3821949041939e-09,6.9923213617514e-09,6.27578843399872e-09,4.90696310217142e-09,4.28175958936575e-09,3.004419534957e-09,6.2573798750767e-09,4.20652822470575e-09,6.36942809970331e-09,3.75796763473366e-09,2.45822778800238e-09,2.06636813584415e-09,3.66226221168744e-09,2.75322105163311e-09,3.71466108825375e-09,2.20971507887825e-09,1.72042569527764e-09,1.60342776527567e-09,2.4312472992772e-09,1.90628006662412e-09,2.5052480547218e-09,7.38181508544782e-09,1.82320991735594e-08,3.67052109472707e-08,1.84513581730245e-08,3.21973360823912e-08,2.98163445425508e-08,2.00108907452609e-08,4.14583087952704e-08,1.67368872669935e-08,3.48997095220364e-08,3.73156836685559e-08,3.08015467857146e-08,3.21718786194419e-08,1.30956498264828e-08,6.19006591241166e-09,2.80345340630882e-08,1.42847464052222e-08,2.83932254722096e-08,1.0548657607926e-08,4.9866103578626e-09,5.19746395055872e-09,1.07796757231592e-08,5.30594786529812e-09,9.02401101149785e-09,4.2349713400472e-09,3.97282843784521e-09,3.70405412975258e-09,4.39622376300758e-09,4.90657876781037e-09,4.83130016767085e-09,3.60957122536441e-09,3.19508937846668e-09,2.44214172900664e-09,4.38757039713354e-09,3.47745938621399e-09,5.34982499820206e-09,2.77487889378852e-09,2.14295481021356e-09,1.60436896594239e-09,3.06021658938779e-09,2.37815079279357e-09,2.8679584382354e-09,1.8634075273755e-09,1.29298425775934e-09,1.44516304376686e-09,2.13614645726554e-09,1.42792118979038e-09,2.31037418990014e-09
7.6818722753116e-09,1.02496236977546e-08,2.29319743477886e-08,1.01732621551303e-08,2.21556708847577e-08,2.1204329197425e-08,1.18971188090023e-08,2.62469920963259e-08,6.43107798949387e-08,2.50426003329142e-08,5.49420466066469e-08,5.16581359633805e-08,1.9983368134489e-08,4.79572793250165e-08,2.01422805892033e-08,4.06786590039478e-08,4.01363588003682e-08,3.36924333221721e-08,4.00222677276565e-08,1.6410155502904e-08,7.8017669207882e-09,3.30774982315992e-08,1.50785086567299e-08,3.00602520453097e-08,1.25166498887567e-08,5.52238297864107e-09,7.51913736936021e-09,1.08457625447016e-08,6.9414218689641e-09,1.09157326835988e-08,4.31142881546694e-09,6.40170640751609e-09,4.09940146553228e-09,5.61496112218674e-09,6.80241402561122e-09,5.44018317905958e-09,5.76016520832107e-09,3.45318034580344e-09,2.43636695055517e-09,5.9898807070801e-09,4.08628613324764e-09,6.52246634281307e-09,3.00330810898515e-09,2.12500564278779e-09,1.44542941793022e-09,3.61069720946302e-09,1.9251760549624e-09,3.14071339465182e-09,5.26841747249541e-09,8.33658729044062e-09,1.68855672311115e-08,8.04541747120544e-09,1.64414624726195e-08,1.49459464908274e-08,9.56740243940494e-09,1.92036529260063e-08,4.2346780200737e-08,1.79603604210255e-08,4.04782719785111e-08,3.72969630553425e-08,1.50877765252609e-08,3.24358461579779e-08,1.36746412062809e-08,3.02489652536975e-08,2.7742805449525e-08,2.54167470902031e-08,2.66953692894882e-08,1.11869365355927e-08,4.12945330181563e-09,2.24255661947846e-08,9.85895407832308e-09,1.84251005147855e-08,8.76214090389042e-09,3.11644279500484e-09,5.80702884528069e-09,7.4842680604777e-09,4.49233315997482e-09,7.98520956634134e-09,2.72709172561268e-09,4.94613375911009e-09,3.09672034103098e-09,3.89024149506866e-09,5.16337571772069e-09,3.70099712819944e-09,4.36198847981532e-09,2.64200175723356e-09,1.88453875424858e-09,4.6101140415572e-09,3.23460192175695e-09,4.99105267476874e-09,2.26052626214881e-09,1.70654904060767e-09,1.41431311910454e-09,2.90456263888095e-09,1.54074761090945e-09,2.86725593458434e-09
2.25274149825322e-08,4.4033742155924e-08,4.36102011236396e-08,4.05739830126875e-08,7.16926464896413e-08,6.53387875032521e-08,5.54861345681765e-08,5.18148044180295e-08,2.50426003329142e-08,8.96838075990806e-08,4.40759521855263e-08,7.79069465411794e-08,3.89519969874855e-08,1.88200363132516e-08,9.82826505260205e-09,3.24677490791949e-08,1.93018675104842e-08,3.18957309557119e-08,1.52529095463018e-08,7.62325201826749e-09,8.52096717890132e-09,1.49502090132325e-08,8.48872793154497e-09,1.41029926472776e-08,6.05222260118152e-09,6.91352456118781e-09,5.6086218511357e-09,6.57980847230149e-09,8.57340859658715e-09,7.4127043098296e-09,5.99107316266457e-09,4.81389516602602e-09,3.33148046160974e-09,7.51098465807053e-09,4.74630497379477e-09,7.6942261484541e-09,4.22930533841741e-09,2.61831851639848e-09,2.33118674872235e-09,4.01674743260936e-09,3.05491614138047e-09,4.4305581769432e-09,2.43954789928631e-09,2.01852908903206e-09,1.96500050976867e-09,2.76899640043131e-09,2.32678696204788e-09,3.11225657282878e-09,1.67657722193326e-08,3.35370369814267e-08,3.21239474618351e-08,3.12865302610536e-08,5.42120897676784e-08,4.83328172878756e-08,3.8353441695859e-08,3.66852943529641e-08,1.65729590383601e-08,6.25416041204881e-08,3.18799182753473e-08,5.49438094155803e-08,2.84082679748663e-08,1.24850451526131e-08,6.7811083195391e-09,2.29597697992438e-08,1.41126225363551e-08,2.43261005144121e-08,9.59325639186792e-09,5.39724290120903e-09,5.9617434992995e-09,1.02882797558452e-08,6.24024115693806e-09,9.35664756270688e-09,4.62211536896055e-09,4.94513330275256e-09,3.9525985888957e-09,5.1918640933612e-09,5.74448418919668e-09,5.49573874447179e-09,4.41895536796252e-09,3.43873481898362e-09,2.95241098253851e-09,5.23144179676936e-09,3.69186696472522e-09,6.62012189537775e-09,3.05257217810349e-09,2.4100591809244e-09,2.07937662589292e-09,3.08277988106667e-09,3.08199695241974e-09,3.54016844795145e-09,2.27422447534769e-09,1.52760688084114e-09,1.51571624812488e-09,2.91854138644805e-09,1.50827211871621e-09,3.41677042379002e-09
1.03966563531947e-08,2.27458526605107e-08,4.58310285324364e-08,2.2476826416545e-08,3.76867298372955e-08,3.5794662211785e-08,2.65954429011082e-08,5.27706239735584e-08,5.49420466066469e-08,4.40759521855263e-08,8.99235645798008e-08,7.67448144197583e-08,3.97817614660649e-08,4.0671727750988e-08,1.87712012793198e-08,6.73920698450722e-08,3.38361359113717e-08,5.73794864565878e-08,3.36176026318955e-08,1.5264829586431e-08,8.15012929976826e-09,2.74255122275839e-08,1.43447426568651e-08,2.46113878640152e-08,1.14484041411339e-08,5.75592989731785e-09,9.30164151689541e-09,9.96411760421873e-09,7.76341631028224e-09,1.07019057981147e-08,4.59989205469421e-09,8.05366554124155e-09,4.86677142007145e-09,6.40030351662427e-09,8.2800302801486e-09,6.17010584915594e-09,7.10239748912007e-09,3.95496431425456e-09,2.74293882020116e-09,7.16196947982612e-09,4.62923668207955e-09,7.58376052970641e-09,3.38538566410774e-09,2.26250952195845e-09,1.81694496519207e-09,4.02537962391435e-09,2.14321574389488e-09,3.61668001054847e-09,7.6968150000445e-09,1.82939057145883e-08,3.27549542324996e-08,1.83950130293748e-08,2.84093732216908e-08,2.61229221349496e-08,2.00862019009019e-08,3.69006609015931e-08,3.50296856223004e-08,3.09617450162891e-08,6.43210073044383e-08,5.49638788783351e-08,2.8317672502785e-08,2.66687038120749e-08,1.27075561298775e-08,4.77885738739878e-08,2.37266265535375e-08,4.28060647184451e-08,2.13666578397418e-08,1.02218079678388e-08,4.81771530077983e-09,1.81900069001582e-08,9.57140209494096e-09,1.47602848532912e-08,7.86673360031469e-09,3.53903459006763e-09,6.86568017955132e-09,6.91596207993456e-09,5.2534324320009e-09,7.46749856826435e-09,3.09836613304939e-09,5.96922038055025e-09,3.69719772457376e-09,4.69444022177633e-09,6.57075075974371e-09,5.2212468599765e-09,5.18780270165307e-09,3.21045399498008e-09,2.17645846766339e-09,5.80109814509448e-09,3.85579582217331e-09,5.72686187768457e-09,2.56045802563343e-09,1.91198120366263e-09,1.87063522562057e-09,3.37407641202233e-09,1.73799824376888e-09,3.08706023033762e-09
2.23367179746056e-08,4.23469696089586e-08,3.78972389917931e-08,3.82617389022225e-08,6.26625535717363e-08,5.56603510515384e-08,5.26708474114754e-08,4.44417805673083e-08,5.16581359633805e-08,7.79069465411794e-08,7.67448144197583e-08,1.18965186330688e-07,3.29303332350651e-08,3.77349003848022e-08,1.9001857924915e-08,5.64972959684012e-08,3.2391006076464e-08,4.86509073837197e-08,3.10296933956564e-08,1.49616843426863e-08,8.86616950504271e-09,2.57561013690363e-08,1.44602911316772e-08,2.33550863910908e-08,1.1290100937495e-08,6.60354516155368e-09,9.86962768032138e-09,1.03086228220604e-08,8.7072345620013e-09,1.1041303768815e-08,5.31404794401497e-09,8.38753324397013e-09,4.95250644350997e-09,7.20690880338146e-09,8.57208733402171e-09,7.21670996827305e-09,7.41119052887139e-09,3.89676679699293e-09,2.99261286074752e-09,7.2404953261757e-09,4.83835109415144e-09,8.15584068308748e-09,3.4569957314813e-09,2.60282802273338e-09,2.11997797829779e-09,4.2996253117351e-09,2.62788365799717e-09,4.12656182230878e-09,1.75400107365542e-08,3.32485753897464e-08,2.86712205654882e-08,3.11745910066563e-08,4.81038111218482e-08,4.26633429394532e-08,3.82416178587504e-08,3.22012964407964e-08,3.35066315790281e-08,5.6685687488525e-08,5.66098907710911e-08,8.70307530482034e-08,2.44761960423993e-08,2.48281791297065e-08,1.24926027560078e-08,4.08334086150529e-08,2.22472219461968e-08,3.63972975498696e-08,1.93205277719447e-08,9.78621424384328e-09,4.25916000767873e-09,1.65527952537929e-08,9.37220098403209e-09,1.40624865573004e-08,7.56729202214341e-09,3.40298351235687e-09,7.0967279424634e-09,6.88979295107568e-09,4.85802285449257e-09,7.29793089839752e-09,3.03430212384034e-09,6.13862058205356e-09,3.77772240997073e-09,4.60093517355864e-09,6.65901125728048e-09,5.88037725079142e-09,5.43566442941675e-09,3.17401910525498e-09,2.63633407459656e-09,5.76872917833277e-09,4.20866443562181e-09,6.37631049070449e-09,2.76607927452797e-09,2.12895761784775e-09,1.97258428370491e-09,3.85437350806241e-09,1.74568436438845e-09,3.93948508359355e-09
7.91576730134837e-09,1.75431250495287e-08,4.04621466168313e-08,1.74797250875665e-08,3.31484859928281e-08,3.20584365341256e-08,2.09641602819775e-08,4.6411812601096e-08,1.9983368134489e-08,3.89519969874855e-08,3.97817614660649e-08,3.29303332350651e-08,5.88273963597273e-08,2.48266281950306e-08,1.04427184542204e-08,5.08747187306657e-08,2.37291047514288e-08,4.87225573008129e-08,2.01270089367785e-08,8.56598145207456e-09,8.06565995180545e-09,1.88850402123212e-08,8.81128215500919e-09,1.78416234466892e-08,6.56126847782359e-09,6.34281776484567e-09,5.44667190220268e-09,6.67761742354806e-09,8.12658196636473e-09,8.00481197852035e-09,5.44005045937807e-09,4.75295904109901e-09,3.7736466508647e-09,6.93654399697491e-09,4.96020113256323e-09,7.13890536729682e-09,4.12740362145285e-09,2.95170049037222e-09,2.31080810835893e-09,4.24318067635259e-09,3.28035803363495e-09,4.36722014259251e-09,2.36361997826808e-09,1.89658456255422e-09,1.80964850145315e-09,2.56737323031038e-09,2.14637941326992e-09,2.71782469714461e-09,5.62352870873818e-09,1.3746029613849e-08,2.94361667645137e-08,1.35912551497902e-08,2.57207564073976e-08,2.34679660887022e-08,1.53655876616365e-08,3.2178997081578e-08,1.30956493809779e-08,2.76874963530145e-08,2.80469360298539e-08,2.3546282078646e-08,3.99041372155655e-08,1.76622566811685e-08,6.84097400249183e-09,3.65559703581217e-08,1.7170240446995e-08,3.46578434478878e-08,1.42281219203058e-08,5.30612098369875e-09,5.36305700252079e-09,1.27996415591178e-08,5.67617646813215e-09,1.15658778257822e-08,4.58434839188105e-09,4.05330449637074e-09,4.03075485792605e-09,4.75832195527211e-09,5.30717122120225e-09,5.49481265398362e-09,3.60810493865132e-09,3.32245460089011e-09,2.58483637193373e-09,4.34941724179824e-09,4.01866333462743e-09,5.57655517396099e-09,2.83117747732694e-09,2.28031477217971e-09,1.67694832458372e-09,3.56930634874796e-09,2.37046075592012e-09,3.45971451734376e-09,1.90971236401193e-09,1.44514338633271e-09,1.41447638774188e-09,2.14866380390058e-09,1.5141791404346e-09,2.23664122258377e-09
6.17367308450142e-09,7.48806319548365e-09,1.75055578711378e-08,7.48715440873054e-09,1.65529032912846e-08,1.56992572629799e-08,8.67467403325986e-09,1.99716687473057e-08,4.79572793250165e-08,1.88200363132516e-08,4.0671727750988e-08,3.77349003848022e-08,2.48266281950306e-08,5.83136910419297e-08,2.44230636697556e-08,4.95330870306767e-08,4.93540004780139e-08,4.16103035522547e-08,4.84193535576732e-08,1.9754433763528e-08,9.10286976503836e-09,4.06232672571735e-08,1.85138598828997e-08,3.73481967284225e-08,1.49668814815365e-08,6.51844607381338e-09,8.12653071403701e-09,1.34637497538813e-08,8.00195278240952e-09,1.37175832029145e-08,4.99633338825e-09,6.7927332622399e-09,4.56329090790099e-09,6.28076885987473e-09,7.5414802618424e-09,6.31816642233189e-09,6.08459460943273e-09,3.8271592349505e-09,2.74203582753408e-09,6.62489415513001e-09,4.48126436212131e-09,7.25739728530371e-09,3.21768413194548e-09,2.32505033181041e-09,1.76988685628675e-09,3.78745092947941e-09,2.29992241952536e-09,3.49978406631325e-09,4.10037595673747e-09,6.09774628015417e-09,1.40965059243395e-08,5.83722395315261e-09,1.34830784737249e-08,1.18693638438158e-08,6.97170876049709e-09,1.50884914749812e-08,3.24309764009677e-08,1.45918955870672e-08,3.02501195406576e-08,2.86159331720365e-08,1.90049668975668e-08,4.03772000228633e-08,1.54673415859532e-08,3.72005991741708e-08,3.38152826291681e-08,3.05153735639284e-08,3.31199139400923e-08,1.23323463757671e-08,4.62576782025958e-09,2.72881591902394e-08,1.12410031164206e-08,2.30283786486156e-08,9.7245769552219e-09,3.30623829719712e-09,6.16398898872723e-09,8.69525241553807e-09,4.69380503956683e-09,9.19169811988914e-09,2.84273304758707e-09,5.26187244095453e-09,3.37133380016192e-09,3.97951489729548e-09,5.80480646526852e-09,4.13041795580364e-09,4.57856720466726e-09,2.92181684383654e-09,2.00006814174098e-09,5.18160701359377e-09,3.46407451536814e-09,5.53624428306246e-09,2.40742188892888e-09,1.77555450572877e-09,1.62253140990383e-09,3.06243771661539e-09,1.75869949078391e-09,3.06055955041985e-09
4.63593825105289e-09,8.41277392863473e-09,7.43477606394063e-09,8.41844801217292e-09,8.80011849798551e-09,8.47497529685177e-09,9.67445075614275e-09,8.20669082939248e-09,2.01422805892033e-08,9.82826505260205e-09,1.87712012793198e-08,1.9001857924915e-08,1.04427184542204e-08,2.44230636697556e-08,6.37248288958155e-08,2.29086384094248e-08,5.25142306122843e-08,4.91607907480283e-08,1.97656829514992e-08,4.9280336078904e-08,1.97131490816591e-08,4.08636038898321e-08,4.0297756273373e-08,3.2389512955221e-08,3.87958331556234e-08,1.48593192128721e-08,6.8395767446518e-09,3.11026649306896e-08,1.41942974537587e-08,2.90264449855211e-08,1.15669604835975e-08,5.64245919768732e-09,6.62189755801373e-09,1.1210899135842e-08,6.26550165633479e-09,1.12124708028046e-08,4.85414232440321e-09,5.28779641545751e-09,3.51760839821718e-09,5.12299852545569e-09,6.11157556853195e-09,5.40372879229357e-09,4.37798540251445e-09,2.89370567269403e-09,2.09868482138568e-09,5.26546821216631e-09,2.98900453245277e-09,5.43480402937058e-09,3.26840956754171e-09,6.01357338497311e-09,5.50335808423744e-09,5.62273698262128e-09,7.94311609442613e-09,6.4923764748519e-09,6.6126175661484e-09,5.69032680928984e-09,1.56027504468209e-08,8.39393441490307e-09,1.42680246731165e-08,1.64205085025201e-08,7.0744841142066e-09,1.82731926557288e-08,4.46715923270663e-08,1.72262437332713e-08,3.62576458010649e-08,3.28409446944149e-08,1.39490990167649e-08,3.42310531872034e-08,1.49205917096689e-08,2.76834119625233e-08,2.94431397012799e-08,2.30998779363287e-08,2.73426866274053e-08,1.13589842584342e-08,6.14993153989992e-09,2.3280804965345e-08,9.97429872406394e-09,2.0404426316916e-08,8.90463345921785e-09,5.44519413489263e-09,5.44895619917962e-09,8.2786268297848e-09,5.72484133974081e-09,7.75734467134343e-09,4.54237866784964e-09,4.43177733111926e-09,3.07753039206367e-09,4.62682219831107e-09,4.63123253175527e-09,4.35865422195577e-09,3.75744671381658e-09,2.68831102065063e-09,2.05476585167333e-09,4.28827408026382e-09,3.11645632471943e-09,5.08849812334197e-09
7.73044238953645e-09,1.66316846766667e-08,3.47954530494745e-08,1.61707924651481e-08,2.77523875197645e-08,2.60327857518992e-08,1.9715704920186e-08,3.97727255703295e-08,4.06786590039478e-08,3.24677490791949e-08,6.73920698450722e-08,5.64972959684012e-08,5.08747187306657e-08,4.95330870306767e-08,2.29086384094248e-08,8.40348049055005e-08,4.19350157916929e-08,7.30926242064865e-08,4.07201679845517e-08,1.86014533018073e-08,9.46263327956884e-09,3.38714917761981e-08,1.75984329165712e-08,3.07884281016285e-08,1.39097106555734e-08,6.73152044031525e-09,1.01204747701411e-08,1.24371809507115e-08,8.99236034306681e-09,1.36556358326849e-08,5.29519533245732e-09,8.64687401651308e-09,5.51695497519467e-09,7.22255060697978e-09,9.19811034989703e-09,7.18628191808817e-09,7.57828779546123e-09,4.49378400113017e-09,3.01562678217879e-09,7.95193757436881e-09,5.25749077696673e-09,8.5637796845944e-09,3.48738520829242e-09,2.37112356119691e-09,2.07555559706028e-09,4.12527446212139e-09,2.39590897796203e-09,3.92771904599113e-09,5.86271706612984e-09,1.39521900623693e-08,2.64926703660574e-08,1.35353329850124e-08,2.27970746274205e-08,2.02470960584812e-08,1.55685564722334e-08,2.83224419895969e-08,2.66649424437383e-08,2.46912847419014e-08,4.77968128683859e-08,4.22621082185829e-08,3.58017762169085e-08,3.51704773398231e-08,1.40265573117937e-08,6.00768483888773e-08,2.92936313671072e-08,5.1948142151599e-08,2.8007569536025e-08,1.09049843884789e-08,5.31826172181568e-09,2.20753046392233e-08,1.06396214340318e-08,1.89434776966477e-08,8.59946990223856e-09,3.74046480916451e-09,7.03514332049638e-09,7.98588292814197e-09,5.51970168745175e-09,8.82702234974462e-09,3.34090434099658e-09,6.13946929015312e-09,3.74963949882142e-09,4.77676605430888e-09,7.21704644226216e-09,5.59971907085203e-09,5.25533306825084e-09,3.36674799591333e-09,2.116372029466e-09,6.43844268394534e-09,3.97455770408772e-09,6.53438585276215e-09,2.57516624108707e-09,1.8560921653992e-09,1.84000508698461e-09,3.43908713271238e-09,1.73343692233611e-09,3.14323306830676e-09
7.36064231493868e-09,8.90508343363028e-09,1.62934987667817e-08,8.52834948943506e-09,1.62708015390058e-08,1.52303791169647e-08,1.0606972140584e-08,1.900979598304e-08,4.01363588003682e-08,1.93018675104842e-08,3.38361359113717e-08,3.2391006076464e-08,2.37291047514288e-08,4.93540004780139e-08,5.25142306122843e-08,4.19350157916929e-08,8.67795155634808e-08,7.52177254892811e-08,4.0630451092419e-08,4.08540337771774e-08,1.83825167807026e-08,6.87068485748786e-08,3.19507783058806e-08,5.56700972468454e-08,3.14518829142503e-08,1.35170681079652e-08,7.33361750884277e-09,2.38365179019086e-08,1.35729478974577e-08,2.25818271475569e-08,1.01439342523289e-08,6.01888350289714e-09,7.78861360560231e-09,1.03771855526729e-08,6.88036037925458e-09,1.03179933849502e-08,5.15774258819271e-09,6.12635698778735e-09,3.75501383723207e-09,5.64651178262414e-09,7.02667639319651e-09,5.81918725543076e-09,5.09463578007755e-09,3.13278177866991e-09,2.15555795731477e-09,6.06280945171137e-09,3.16873589851374e-09,6.19404366405151e-09,4.88555323357767e-09,7.01214733787483e-09,1.27591537678902e-08,6.52069752054636e-09,1.39681154100418e-08,1.18857062974853e-08,8.29003351706577e-09,1.42692618467629e-08,2.79399876159079e-08,1.5930688024382e-08,2.52316178569642e-08,2.57812345795792e-08,1.7347338628487e-08,3.49015569250098e-08,3.43512518188024e-08,3.14720027344023e-08,5.93592232240061e-08,5.21128954434778e-08,2.76746173581111e-08,2.63696918292815e-08,1.1964241825766e-08,4.62541820055178e-08,2.10409000271791e-08,3.66258763024816e-08,2.11015362352716e-08,8.80348730142056e-09,6.70335660020964e-09,1.62372259169174e-08,8.99251523930388e-09,1.51774017722508e-08,6.69558538209396e-09,5.65219808076577e-09,5.79162580807971e-09,7.17941642892464e-09,5.73331125289669e-09,6.28585208535403e-09,4.75387826893584e-09,4.72936774976898e-09,2.81249512502006e-09,4.63213111794639e-09,5.25790931093055e-09,4.69019041892963e-09,3.9295704643785e-09,2.51822250209336e-09,2.12657644161411e-09,4.88244305544337e-09,2.85379949169918e-09,5.60095455347037e-09
8.45357458703818e-09,1.75980439439099e-08,3.25154125947486e-08,1.6750014705386e-08,2.66102148411476e-08,2.46238348642755e-08,2.09435073068177e-08,3.76011901377819e-08,3.36924333221721e-08,3.18957309557119e-08,5.73794864565878e-08,4.86509073837197e-08,4.87225573008129e-08,4.16103035522547e-08,4.91607907480283e-08,7.30926242064865e-08,7.52177254892811e-08,1.15732915473866e-07,3.36694721165227e-08,3.82334614316778e-08,1.78735220789954e-08,5.85685025699886e-08,2.99168784423193e-08,4.64591786390041e-08,2.91512669255422e-08,1.28660091573024e-08,8.40204077464372e-09,2.17719042665993e-08,1.40041007765705e-08,2.19319329836463e-08,9.70382471831046e-09,7.03877595934301e-09,8.80873064554674e-09,1.08508196238057e-08,7.75779742026177e-09,1.07881014672713e-08,5.82775142420796e-09,6.97307167379922e-09,4.02773626323398e-09,6.31159372485369e-09,8.01547913682684e-09,6.54427434020154e-09,5.37018357387788e-09,3.1678483701687e-09,2.32626749373633e-09,6.48495811302192e-09,3.20660307684969e-09,6.76741656919817e-09,6.31423907971058e-09,1.42279307733261e-08,2.45441585369669e-08,1.37396200866522e-08,2.26344741398701e-08,1.98370015036343e-08,1.6156155911438e-08,2.7013043547527e-08,2.28132743573546e-08,2.53429875533439e-08,4.12954759250511e-08,3.78147111470406e-08,3.36273260179543e-08,3.02095540606666e-08,3.12957169571541e-08,5.26805779620101e-08,5.16851190386703e-08,8.03753705878163e-08,2.3008745060287e-08,2.34541514505456e-08,1.14895999332799e-08,3.81677520566802e-08,1.91713409419869e-08,2.98849010852398e-08,1.87752448522077e-08,8.36040327108395e-09,6.90774538903204e-09,1.44786406438328e-08,9.15134399022682e-09,1.44021859921408e-08,6.43833109700233e-09,5.9116312264141e-09,6.02757705756921e-09,7.41504018022831e-09,6.64856364097301e-09,7.59698236679373e-09,4.88475986671396e-09,5.01073583512642e-09,2.72067263868806e-09,5.41618878769853e-09,5.62675380777385e-09,5.465141444137e-09,3.96639510997474e-09,2.53612690018162e-09,2.20056006392003e-09,5.18381472777805e-09,2.81100528252468e-09,5.70347746083256e-09
5.27150734771333e-09,6.10716400660598e-09,1.42196703046242e-08,6.04644862746641e-09,1.35282472848572e-08,1.28065688315854e-08,6.96658522147647e-09,1.62187497182806e-08,4.00222677276565e-08,1.52529095463018e-08,3.36176026318955e-08,3.10296933956564e-08,2.01270089367785e-08,4.84193535576732e-08,1.97656829514992e-08,4.07201679845517e-08,4.0630451092419e-08,3.36694721165227e-08,5.64055533882755e-08,2.26368892539235e-08,1.0528562593021e-08,4.78970651451829e-08,2.1405685690745e-08,4.47007264974611e-08,1.70208419188239e-08,7.55915721402784e-09,8.47754952722001e-09,1.54830283188855e-08,8.78297140868038e-09,1.54303234712703e-08,5.86912982102036e-09,7.15366322828914e-09,4.91650982368763e-09,7.00598743124636e-09,8.03992344587032e-09,7.01158982341784e-09,6.46969618169219e-09,4.13940845330033e-09,3.17007864536718e-09,7.09138773974541e-09,5.0449519553614e-09,7.97258917385861e-09,3.45020515291527e-09,2.68233681347483e-09,1.98514312619215e-09,4.18874243886625e-09,2.54254037546578e-09,3.89905359887576e-09,3.56220939322489e-09,4.9735285508586e-09,1.18607866656354e-08,4.44817495536725e-09,1.11344990185303e-08,9.54768152677199e-09,5.64934519490363e-09,1.29396186292362e-08,2.66997956855842e-08,1.2156872505557e-08,2.5465964218013e-08,2.3393866668661e-08,1.59942534883843e-08,3.31244269149378e-08,1.2342308503185e-08,3.08805769032061e-08,2.73002707042498e-08,2.46540028481707e-08,3.79640077431799e-08,1.44467165855215e-08,6.2136199188046e-09,3.10809162197613e-08,1.3212653116516e-08,2.68277229603017e-08,1.09930310408495e-08,4.81516933283915e-09,6.60434993284029e-09,1.04426670617957e-08,5.54708441115029e-09,1.0275981079605e-08,4.08806168037135e-09,5.66910827380685e-09,3.96037893382255e-09,4.61597856648433e-09,6.49551840241419e-09,4.75046594883152e-09,5.05649540602196e-09,3.3698166006413e-09,2.36779477509385e-09,5.81146658264851e-09,3.96470408747387e-09,6.17697452811947e-09,2.74999574794641e-09,2.12152802497813e-09,1.73237747543568e-09,3.43568197923003e-09,2.10149058769453e-09,3.47611938118909e-09
