2.62790439052162e-08,9.94551672548373e-09,4.4288683927147e-09,2.3247753178683e-08,9.56425589925624e-09,2.22140008116172e-08,8.43544354019476e-09,3.74957872958734e-09,3.33829497182504e-09,8.11427763310305e-09,4.08463053520596e-09,8.04863148814706e-09,3.16991329695414e-09,2.7950204794841e-09,1.8868768122967e-09,3.42163503967208e-09,3.04660720736384e-09,3.47291064913401e-09,2.43806598634746e-09,1.61078932281317e-09,1.2585430952912e-09,2.66369671020649e-09,1.82545331897368e-09,2.86562026729181e-09,1.43744460816438e-09,1.09874377330345e-09,9.03287608542739e-10,1.62716626902927e-09,1.19015492197984e-09,1.67273541275346e-09,1.02614625265628e-09,8.32594331026453e-10,8.14365983118523e-10,1.09818021694582e-09,1.04353806294313e-09,1.28595226402217e-09,7.44898596497771e-10,7.16960660211683e-10,6.47947803692908e-10,9.41080211085107e-10,7.85269952176944e-10,9.79881404153965e-10,7.3674387459103e-10,6.55674376444844e-10,3.98854044090027e-10,8.07195515149405e-10,6.28884568094717e-10,7.99740286269509e-10,2.02251488406496e-08,7.84181083017003e-09,3.05200626468736e-09,1.80865520259472e-08,6.99851775568719e-09,1.6621200586418e-08,6.81729626472245e-09,2.69588310331652e-09,2.56628787902171e-09,6.10147625013645e-09,2.97764684739588e-09,6.22636217806323e-09,2.3271903817076e-09,2.1241061408947e-09,1.5623284480646e-09,2.56641299158437e-09,2.42202447662644e-09,2.62137626746765e-09,1.84625221916638e-09,1.30163953984905e-09,8.48238815945453e-10,2.08228265635225e-09,1.46798039712983e-09,2.20910174386597e-09,1.11054313141474e-09,7.7573003395732e-10,6.72974994235145e-10,1.35177506622861e-09,7.75411403047673e-10,1.27431285736286e-09,7.16366484267558e-10,6.04558455273212e-10,6.9831968059587e-10,7.06462673263474e-10,8.12428241753762e-10,9.03208090216171e-10,5.43035508404696e-10,6.21429162650906e-10,4.76465313490945e-10,7.18882630575254e-10,5.98596774067909e-10,6.87784438856306e-10,6.33450199444498e-10,4.54450643025276e-10,3.71259099238002e-10,6.29440473034248e-10,4.5932759815396e-10,5.98673476808771e-10
9.94551672548373e-09,2.28869231347648e-08,1.00582938957041e-08,1.99135811299832e-08,1.94607559817253e-08,1.70013572256787e-08,1.91668644290441e-08,8.16046069451282e-09,3.86931192120481e-09,1.61026216827212e-08,7.98878358932359e-09,1.52418242567383e-08,6.68522658991796e-09,3.07290398616044e-09,2.91686984934894e-09,6.44801026857344e-09,3.30793755578870e-09,6.39052241415131e-09,2.6016746825867e-09,2.49401880462553e-09,1.60944648278055e-09,2.76710749724757e-09,2.73116693344258e-09,2.8898197583549e-09,2.18615196318517e-09,1.44466781114315e-09,1.04388131494104e-09,2.4182777410718e-09,1.69615162531364e-09,2.61697545800967e-09,1.32592156088713e-09,9.308944348153e-10,8.68359078263427e-10,1.54631666569194e-09,1.11460937734588e-09,1.71241613137842e-09,8.60691362683481e-10,7.69013468930202e-10,7.29984603554626e-10,9.8051349924782e-10,8.65258941770662e-10,1.12360061194981e-09,7.51463656364936e-10,6.74951198834524e-10,4.99521919609546e-10,8.14805745579077e-10,7.06291573557474e-10,8.86833591973634e-10,7.8336508458222e-09,1.72276685095786e-08,7.36686899132071e-09,1.55327433228892e-08,1.4423275717927e-08,1.29307988767847e-08,1.47829361298582e-08,6.36264113436312e-09,2.94682491157389e-09,1.23232647728826e-08,6.3630173187252e-09,1.16052832303857e-08,5.16329756570441e-09,2.35246191876126e-09,2.34523909320442e-09,5.15526445826646e-09,2.37886783516874e-09,4.95630949663039e-09,2.01064717886301e-09,2.00720192041868e-09,1.18696787186762e-09,2.01534202712171e-09,2.1471397566266e-09,2.11439389533938e-09,1.74882800035319e-09,1.05249158341403e-09,8.37145338197e-10,1.90635834995815e-09,1.27199810795905e-09,2.06124807316679e-09,9.28737250956527e-10,6.89480186972209e-10,7.7970857507374e-10,1.13028298762598e-09,8.67123218359073e-10,1.36471656502201e-09,6.43315859555393e-10,6.95135878909248e-10,5.86298243708919e-10,7.50635888525222e-10,6.51403154193744e-10,7.87124023032066e-10,6.75020948603841e-10,5.4676232542376e-10,5.08882657954657e-10,6.31087051187334e-10,6.20398633931826e-10,7.64289035817738e-10
4.4288683927147e-09,1.00582938957041e-08,2.23429742590433e-08,9.75089021713857e-09,1.90324021541246e-08,1.82454358761893e-08,8.16609486448965e-09,1.78008266176927e-08,8.19224934870033e-09,1.5005666243726e-08,1.54664085195257e-08,1.29854190969526e-08,1.48629979018787e-08,6.66747083114925e-09,2.85603430582499e-09,1.27397859697636e-08,6.28782083403828e-09,1.19612094837577e-08,5.49626072199301e-09,2.42523094797784e-09,2.24471870527616e-09,5.20917684357057e-09,2.53244371495851e-09,5.10678141016869e-09,2.10379456213422e-09,1.94232489702995e-09,1.2558474313925e-09,2.19102072526971e-09,2.22030916523344e-09,2.30485265353912e-09,1.7722263074956e-09,1.15614568978098e-09,1.03384089434201e-09,2.02815451612798e-09,1.32860716256831e-09,2.19951227879964e-09,1.07912481273632e-09,9.49598989656628e-10,8.482927579325e-10,1.22288688492323e-09,1.05625303971737e-09,1.316127271341e-09,9.46220738078245e-10,7.50524029952104e-10,7.18444574035733e-10,9.90995696691072e-10,9.16829802691713e-10,1.14138216129588e-09,3.43754679269874e-09,7.37560044440549e-09,1.61329275191578e-08,7.48398528025854e-09,1.40732317745612e-08,1.37961611038532e-08,6.26071121280965e-09,1.34075879625473e-08,6.38322196106943e-09,1.15756851222774e-08,1.20381364505389e-08,1.02403612597847e-08,1.11326794100804e-08,5.25357615283594e-09,2.09035226439189e-09,9.84207802483971e-09,4.76420697853069e-09,9.0395382081362e-09,4.47607090808447e-09,1.73152862186706e-09,1.71459825350495e-09,4.00001586635677e-09,1.92337021535303e-09,3.98691516152618e-09,1.51179209306811e-09,1.49109502720301e-09,9.2907342430278e-10,1.6875839632683e-09,1.56775934170969e-09,1.77168728703452e-09,1.40237491006094e-09,8.78356795662285e-10,9.07927348722028e-10,1.44467144235511e-09,1.14587227378259e-09,1.70964955907553e-09,8.12587597899406e-10,8.52013309771038e-10,7.37348650800585e-10,1.03669020520079e-09,8.49524731287857e-10,1.01516822021695e-09,8.38585191803009e-10,6.56535947890102e-10,5.83401776656929e-10,7.79445693381207e-10,6.94372033538415e-10,8.45817302981769e-10
2.3247753178683e-08,1.99135811299832e-08,9.75089021713857e-09,3.77594689758871e-08,1.70413859368702e-08,3.30902508594405e-08,1.66438222730362e-08,8.02978534820855e-09,4.15360328812857e-09,1.41236743297191e-08,7.91452538342189e-09,1.33238706453389e-08,6.54511474315644e-09,3.33515570456275e-09,3.29158660028843e-09,6.38601180729611e-09,3.55144176685511e-09,6.34574391106766e-09,2.80749027315338e-09,2.82668943136642e-09,1.90091941246583e-09,2.96592536711736e-09,3.18218536156418e-09,3.18056378484642e-09,2.48785603184662e-09,1.6883280544352e-09,1.26027497713414e-09,2.81503325702345e-09,1.88974161662924e-09,2.95396056392458e-09,1.56369700674501e-09,1.11001935592116e-09,1.01424512911115e-09,1.71504141032391e-09,1.39612339722377e-09,1.97857238439014e-09,1.04076753966391e-09,9.49346977522425e-10,8.91265790051079e-10,1.31168215676563e-09,1.05855385535528e-09,1.40394285965081e-09,9.51039062079233e-10,8.95230749693852e-10,5.48350196008043e-10,1.06218981015043e-09,8.51507346563561e-10,1.09400916650879e-09,1.82215657414667e-08,1.53796585258282e-08,6.76220884950484e-09,2.93112908264647e-08,1.25882829819374e-08,2.48537071357838e-08,1.32086930488618e-08,5.95112677061072e-09,3.12141998011695e-09,1.08399656322315e-08,5.79288402957568e-09,1.02767423116389e-08,4.85617900723854e-09,2.53891557834882e-09,2.71675610713079e-09,4.7088602321546e-09,2.71072662329836e-09,4.64149518741011e-09,2.15361545414331e-09,2.29353207652958e-09,1.34032672932604e-09,2.27282010385594e-09,2.51029127815004e-09,2.39506998738174e-09,1.96736085301271e-09,1.20422056791092e-09,9.31171350723099e-10,2.2608208690493e-09,1.33584443483474e-09,2.26934249397171e-09,1.09565414201792e-09,7.74827749164564e-10,9.53033915539011e-10,1.16668932364119e-09,1.14942372989759e-09,1.48592963447772e-09,7.2997425816241e-10,8.79292145222025e-10,7.34419042938888e-10,1.04239103265775e-09,8.09522292278911e-10,1.01967109472566e-09,8.75395054094727e-10,6.98842530107537e-10,5.7824453557737e-10,8.0916440353648e-10,7.17953787854724e-10,8.14351710531895e-10
9.56425589925624e-09,1.94607559817253e-08,1.90324021541246e-08,1.70413859368702e-08,3.09678836711596e-08,2.75145914244395e-08,1.61066506618368e-08,1.50024030444078e-08,7.6146673421827e-09,2.50675082094166e-08,1.29494890575378e-08,2.18352583380498e-08,1.23739569613572e-08,6.15099016174927e-09,3.03978406744081e-09,1.05345142323471e-08,5.88219221341041e-09,9.80531197646424e-09,5.09409532537838e-09,2.56594933308292e-09,2.69900028565152e-09,4.84602975168764e-09,2.80311854808994e-09,4.89611903376169e-09,2.24105425500208e-09,2.3403846514056e-09,1.52033262772538e-09,2.4454060327621e-09,2.65544796779753e-09,2.56982496634691e-09,2.13669457833736e-09,1.3758982858873e-09,1.15777932005715e-09,2.43675564334608e-09,1.57456424027077e-09,2.68599337707489e-09,1.28449197789808e-09,1.07136075468023e-09,1.02051108253641e-09,1.43335001099857e-09,1.21255088218872e-09,1.5827158521146e-09,1.04711374764668e-09,9.09079145973905e-10,6.8018402529047e-10,1.12705822158356e-09,9.61640196966695e-10,1.20359926517736e-09,7.61523886881283e-09,1.462291223927e-08,1.39739695104821e-08,1.33930816111883e-08,2.29636831949333e-08,2.09701020052333e-08,1.24902017520773e-08,1.1666519866933e-08,5.9793519104148e-09,1.92086032685019e-08,1.0332160958876e-08,1.69476440493538e-08,9.5897364726794e-09,4.88374954310504e-09,2.07306375695799e-09,8.35569983067987e-09,4.24759028863973e-09,7.45211479554993e-09,4.1255870548722e-09,1.71742130066371e-09,2.04760312981272e-09,3.53804341484002e-09,2.02017594873385e-09,3.65286807259372e-09,1.50777514746152e-09,1.79286078488246e-09,1.24106736166297e-09,1.79762937391736e-09,1.97073800362755e-09,1.8784919109501e-09,1.63944678772993e-09,1.11225595989567e-09,9.77344879707351e-10,1.81406116712976e-09,1.36604038996579e-09,2.09436699164601e-09,1.03985485748058e-09,8.98362703289421e-10,8.15150046830778e-10,1.20715734950542e-09,9.06800794091806e-10,1.21364632292713e-09,8.81937756779326e-10,7.51791262148017e-10,5.69186278031881e-10,8.53974067554588e-10,7.56141926233374e-10,9.41640798913803e-10
2.22140008116172e-08,1.70013572256787e-08,1.82454358761893e-08,3.30902508594405e-08,2.75145914244395e-08,4.77048607212013e-08,1.40620414753655e-08,1.45495789807349e-08,7.59650348421928e-09,2.23077037641537e-08,1.25582978242826e-08,1.93237876009254e-08,1.19746047187721e-08,6.09563631475649e-09,3.26627837599973e-09,1.01714723637903e-08,5.80198539132497e-09,9.49468500977723e-09,5.05525091308926e-09,2.76198165682262e-09,3.09938453373466e-09,4.79381968137725e-09,3.12314229833297e-09,4.98849272693179e-09,2.42204818342183e-09,2.69144645546616e-09,1.75058599198323e-09,2.72535856803271e-09,2.94620879453119e-09,2.7847903778491e-09,2.47980108917409e-09,1.56958261209694e-09,1.31120323603739e-09,2.69917659371266e-09,1.87513169537352e-09,3.04921512084766e-09,1.45760928181505e-09,1.23669092009304e-09,1.12759918588773e-09,1.73990114537129e-09,1.35462757133588e-09,1.82805533097796e-09,1.21377180659644e-09,1.05511541387849e-09,6.90946183876098e-10,1.29629015848769e-09,1.07678426703967e-09,1.36148016586809e-09,1.75919047654548e-08,1.3112792911171e-08,1.26583963612891e-08,2.60016275325107e-08,2.02055349428663e-08,3.58209557172163e-08,1.12639367005021e-08,1.0765417461623e-08,5.89119486294593e-09,1.7085338572427e-08,9.35891565855567e-09,1.50350113523391e-08,8.88453475369546e-09,4.82895847587874e-09,2.30751774934807e-09,7.59103275787053e-09,4.39395197875462e-09,6.83404429239823e-09,4.07152539438114e-09,1.92045309162365e-09,2.20753302566052e-09,3.67095316324847e-09,2.24846660792313e-09,3.77873517652868e-09,1.66680395021247e-09,1.95570358467378e-09,1.34388715502058e-09,2.05466949996058e-09,2.05592124959179e-09,2.06950883918714e-09,1.83700882525616e-09,1.19669162201289e-09,1.14487231969214e-09,1.88533938136742e-09,1.59191580753599e-09,2.27955957263304e-09,1.11544941993567e-09,1.05482284468682e-09,8.90613776959791e-10,1.40906040319316e-09,1.03202723709025e-09,1.37976504134955e-09,1.03294703538961e-09,8.24605887782555e-10,6.14149026119294e-10,9.81083784420977e-10,8.72905477032429e-10,1.00685059315007e-09
8.43544354019476e-09,1.91668644290441e-08,8.16609486448965e-09,1.66438222730362e-08,1.61066506618368e-08,1.40620414753655e-08,2.35448813617175e-08,9.8379604805509e-09,4.58838233243523e-09,1.99279207965528e-08,9.62520114140935e-09,1.88659285597447e-08,8.10430886842565e-09,3.69120979371426e-09,3.44653258081489e-09,7.8606295845125e-09,3.92354880656168e-09,7.78937796433058e-09,3.08776851136523e-09,2.96100949241372e-09,1.95482344679149e-09,3.27428570962419e-09,3.35350119969058e-09,3.52287385259227e-09,2.60288404504255e-09,1.75110944642358e-09,1.197090925124e-09,2.96631847810781e-09,1.95268281725266e-09,3.10976630543718e-09,1.57062296881629e-09,1.03327000854273e-09,9.78353586742767e-10,1.74266303171837e-09,1.23380551264213e-09,1.92684614603007e-09,9.17180045678244e-10,8.28551696318695e-10,8.59841233706905e-10,1.05874575690842e-09,9.83205110078051e-10,1.25111290429851e-09,7.96284252767e-10,8.0662367800243e-10,5.92431727561633e-10,9.22507139432042e-10,8.62620598310208e-10,1.04696623630334e-09,6.72977511565626e-09,1.47820451077478e-08,6.36583469113584e-09,1.32847141129124e-08,1.2324881739588e-08,1.10714151659782e-08,1.76402428764938e-08,7.71241070966877e-09,3.30103563567223e-09,1.50805215771327e-08,7.52454237934441e-09,1.40023240927073e-08,6.28428563231127e-09,2.64885550912723e-09,2.67081488228518e-09,6.17904244281445e-09,2.82288588918135e-09,6.2002430302232e-09,2.2687173696313e-09,2.2918102982881e-09,1.52908382100984e-09,2.34117816452404e-09,2.54311097991319e-09,2.57700787271255e-09,1.97470620074223e-09,1.33171636380664e-09,9.4029776088726e-10,2.26600311962818e-09,1.42856472950157e-09,2.34510257224728e-09,1.15663815231815e-09,7.64209654803116e-10,8.65141645492557e-10,1.2571694800264e-09,9.42611572060279e-10,1.50201736142162e-09,7.12786317719149e-10,7.57954831535259e-10,7.33581729232074e-10,8.1576659509405e-10,7.69742947143898e-10,8.85865131330424e-10,7.28694652236085e-10,7.08925349407434e-10,5.3947099250027e-10,7.25103263719532e-10,7.79033564409264e-10,9.16808189840354e-10
3.74957872958734e-09,8.16046069451282e-09,1.78008266176927e-08,8.02978534820855e-09,1.50024030444078e-08,1.45495789807349e-08,9.8379604805509e-09,2.11867518781443e-08,9.62830952238025e-09,1.80580336114641e-08,1.8517911883815e-08,1.57507348415663e-08,1.77320842206596e-08,7.92621955340207e-09,3.35109327534038e-09,1.53902681187878e-08,7.38469525908048e-09,1.43366335594565e-08,6.5535778059051e-09,2.87115992036763e-09,2.64529485032514e-09,6.12989738023975e-09,3.03818759500626e-09,6.09664149057776e-09,2.4898623717773e-09,2.27630458851336e-09,1.41505300818284e-09,2.61448066149058e-09,2.50303192584747e-09,2.65446184459957e-09,1.98510239409403e-09,1.27352629639479e-09,1.15455202002017e-09,2.2268281622756e-09,1.46285955014413e-09,2.43774670708163e-09,1.14766748211776e-09,1.01015468101316e-09,9.81587053661034e-10,1.29825506392536e-09,1.21288283668372e-09,1.4620573387758e-09,9.67425322448764e-10,8.77410137631083e-10,7.79548846281407e-10,1.12064098314757e-09,1.05898065145505e-09,1.30925598122152e-09,2.8603501622026e-09,6.25616387676979e-09,1.34075005884806e-08,6.43858315783361e-09,1.15729541787083e-08,1.13996238921948e-08,7.35332018124585e-09,1.56960935074448e-08,7.02173635110506e-09,1.35190869133301e-08,1.39834104607591e-08,1.20092443171155e-08,1.30468505797949e-08,5.83699182480638e-09,2.37862909767544e-09,1.14969336401595e-08,5.37994154411732e-09,1.07824233960705e-08,5.00054952730192e-09,2.00747774411268e-09,2.038970629163e-09,4.4824356605718e-09,2.31072080259133e-09,4.57259122978274e-09,1.72786753044084e-09,1.74271915621983e-09,1.03518073516136e-09,2.0150037007096e-09,1.72539466384288e-09,2.00448054834042e-09,1.58671489324385e-09,9.53001501133765e-10,1.02787229935485e-09,1.58906144351037e-09,1.27108678911041e-09,1.93075316321755e-09,8.85709076429316e-10,9.18607028684752e-10,8.21979124831294e-10,1.14134517566127e-09,9.33362551638618e-10,1.12616082771212e-09,8.92079490994789e-10,7.28618547680177e-10,5.94681455425653e-10,8.63337981724336e-10,7.63432480508271e-10,9.7994948203982e-10
3.33829497182504e-09,3.86931192120481e-09,8.19224934870033e-09,4.15360328812857e-09,7.6146673421827e-09,7.59650348421928e-09,4.58838233243523e-09,9.62830952238025e-09,2.33725300614626e-08,9.12374152525994e-09,1.97286551566579e-08,1.85580414974169e-08,7.93156900757364e-09,1.87793267106608e-08,7.95602106766179e-09,1.58108615113383e-08,1.56458910826905e-08,1.30062483351924e-08,1.5832264142662e-08,6.63870222519966e-09,2.71055183510968e-09,1.31895283582493e-08,5.98108881753188e-09,1.21738906542902e-08,5.74532607428897e-09,2.30474844791843e-09,2.33925420820785e-09,5.13842934924881e-09,2.33620475676913e-09,4.91876823779056e-09,1.95725078835539e-09,2.08651364181742e-09,1.45432943023017e-09,2.00215465947644e-09,2.33597931405171e-09,2.23307636175017e-09,1.86827467566092e-09,1.26339226421825e-09,1.08155388244963e-09,2.08917192314728e-09,1.50007588483873e-09,2.2875539856689e-09,1.22303368033764e-09,9.89878811531931e-10,8.75005801825706e-10,1.42256935175308e-09,1.09891662900421e-09,1.51622978713868e-09,2.39128290544393e-09,3.02889266306942e-09,6.2622346002873e-09,3.32348783445773e-09,6.08621634885865e-09,6.18461016195303e-09,3.53615124975738e-09,7.10935998411228e-09,1.65690153006242e-08,7.16892047126304e-09,1.42554607550791e-08,1.3882102818342e-08,6.0107027578572e-09,1.34181021186525e-08,6.02475667789351e-09,1.14948595561624e-08,1.12585765055212e-08,9.74168476991859e-09,1.14627339671885e-08,4.96060613972024e-09,1.86581107978805e-09,9.42643438899094e-09,4.60568911307951e-09,8.7638238390115e-09,4.26816922238161e-09,1.58960676158859e-09,1.83707786844988e-09,3.99772551551533e-09,1.57891984700929e-09,3.9054178802198e-09,1.38835707070926e-09,1.6674985757765e-09,1.15695553985326e-09,1.40409595959959e-09,1.8763639739223e-09,1.54011901594768e-09,1.50257490955516e-09,1.06515713221256e-09,9.96890436151366e-10,1.74239709924519e-09,1.25597209116138e-09,1.8375760948824e-09,1.01896128438227e-09,9.42115119995978e-10,8.06653623120142e-10,1.19592774351363e-09,1.00041137299292e-09,1.32370684739023e-09
8.11427763310305e-09,1.61026216827212e-08,1.5005666243726e-08,1.41236743297191e-08,2.50675082094166e-08,2.23077037641537e-08,1.99279207965528e-08,1.80580336114641e-08,9.12374152525994e-09,3.08460790237147e-08,1.57019736153325e-08,2.70704247673067e-08,1.49674518586934e-08,7.45850650484262e-09,3.61752693248349e-09,1.29164809017755e-08,7.07370956086494e-09,1.2028118677634e-08,6.20443054272481e-09,3.09982383317926e-09,3.21464340055736e-09,5.87331395794891e-09,3.46266198778368e-09,6.05921421410518e-09,2.70726511416982e-09,2.77686303253542e-09,1.73108354231172e-09,3.01470521050064e-09,3.00921193963079e-09,2.98273741241055e-09,2.43079230819826e-09,1.52770910984577e-09,1.28400461739684e-09,2.69578568512808e-09,1.76041264655519e-09,2.98579014452561e-09,1.3836864652497e-09,1.11527980138416e-09,1.15920988629066e-09,1.54862340821188e-09,1.3513315466856e-09,1.77001639470216e-09,1.05480945571439e-09,1.03785165557394e-09,7.57304492999265e-10,1.22315144124422e-09,1.11114608733745e-09,1.36230126596018e-09,6.41806588794682e-09,1.24864339025506e-08,1.16683070306206e-08,1.14632260816392e-08,1.92075868934232e-08,1.75849934078578e-08,1.47737250988002e-08,1.38642842865278e-08,6.64816590663151e-09,2.29478164974656e-08,1.21643049068466e-08,2.02362232526099e-08,1.14224601664384e-08,5.50879434342503e-09,2.45125220879371e-09,9.94126441640918e-09,4.9185246369827e-09,9.17518925284978e-09,4.7173002171085e-09,2.06466802154919e-09,2.51993287482323e-09,4.05670091190593e-09,2.60401547466064e-09,4.42803399863648e-09,1.78243392530115e-09,2.15275266162627e-09,1.39996174914047e-09,2.29355880992073e-09,2.16134767084511e-09,2.19752873976308e-09,1.92340356229439e-09,1.24229583286012e-09,1.06752507036039e-09,2.00718815403113e-09,1.52792015431508e-09,2.34197133660682e-09,1.17350665295264e-09,9.43347345417026e-10,9.23852540304306e-10,1.34163170843792e-09,1.00224048597681e-09,1.37935942055398e-09,9.15330670728012e-10,8.52256157119188e-10,5.97743178137405e-10,9.08970739301776e-10,8.9667369886171e-10,1.08108862393548e-09
4.08463053520596e-09,7.98878358932359e-09,1.54664085195257e-08,7.91452538342189e-09,1.29494890575378e-08,1.25582978242826e-08,9.62520114140935e-09,1.8517911883815e-08,1.97286551566579e-08,1.57019736153325e-08,3.17694910476876e-08,2.74354118329129e-08,1.53936129984048e-08,1.58069139571417e-08,7.05381613477373e-09,2.59496551800505e-08,1.29193520871721e-08,2.19226006746707e-08,1.32014667134826e-08,5.89641560573744e-09,2.73462575859607e-09,1.07639460267252e-08,5.2967653106153e-09,9.91268700952378e-09,5.0517083841803e-09,2.33864240176571e-09,2.63216717699186e-09,4.50678884440749e-09,2.51034448362373e-09,4.37172413416403e-09,1.9984167743896e-09,2.34008487271391e-09,1.73719517553822e-09,2.16754810113867e-09,2.67009212019926e-09,2.47004346574868e-09,2.08660648140385e-09,1.51555490560156e-09,1.29848414038692e-09,2.38071525632247e-09,1.8099198984213e-09,2.59002920190088e-09,1.45081224117869e-09,1.18751708032073e-09,1.06386497307482e-09,1.69533170173033e-09,1.36804941743398e-09,1.85029386446855e-09,3.1263611844215e-09,6.01686843765564e-09,1.1616542267629e-08,6.25979017317224e-09,1.0084170482048e-08,1.01192764148714e-08,7.17619020287637e-09,1.36070051024328e-08,1.36713204560926e-08,1.19869901710056e-08,2.3088324597396e-08,2.04792899564186e-08,1.1302536305917e-08,1.10642271341203e-08,5.12975938313753e-09,1.8825221846977e-08,9.24931375245380e-09,1.65396836630093e-08,9.5088737490774e-09,4.2303675566646e-09,1.91007630335572e-09,7.62514918531734e-09,3.96706912915824e-09,7.01987377304124e-09,3.56500545078231e-09,1.6165568749097e-09,2.01486133631162e-09,3.38897699415411e-09,1.69674472923392e-09,3.39091217847427e-09,1.4181804279429e-09,1.83129375921038e-09,1.44201780858113e-09,1.4871652784517e-09,2.21602440380105e-09,1.78056361864359e-09,1.64414548794845e-09,1.30376809247429e-09,1.18603187321854e-09,2.02294683014733e-09,1.44692957430933e-09,2.07816750880209e-09,1.22003136455341e-09,1.09486964983801e-09,9.76213196075701e-10,1.35514812239061e-09,1.18317648823174e-09,1.47760390628114e-09
8.04863148814706e-09,1.52418242567383e-08,1.29854190969526e-08,1.33238706453389e-08,2.18352583380498e-08,1.93237876009254e-08,1.88659285597447e-08,1.57507348415663e-08,1.85580414974169e-08,2.70704247673067e-08,2.74354118329129e-08,4.17450454464644e-08,1.29793981160079e-08,1.48035754679933e-08,6.9234908253807e-09,2.2256448244482e-08,1.21103584589807e-08,1.86359505420573e-08,1.24251635556076e-08,5.77799697863344e-09,2.99528731686169e-09,1.01039120416547e-08,5.37261086530596e-09,9.48152249892845e-09,4.97957046610528e-09,2.58713312348287e-09,3.03696625651182e-09,4.61537820110204e-09,2.81904395830221e-09,4.42877458545456e-09,2.19554797536247e-09,2.6654558025189e-09,1.88514444715489e-09,2.44689631154452e-09,2.94629074862046e-09,2.76150621256427e-09,2.39156372896907e-09,1.65875522930373e-09,1.48838809322827e-09,2.63439313326878e-09,2.02757456235351e-09,2.93375620191825e-09,1.5765376660697e-09,1.35320190544825e-09,1.0775901880027e-09,1.85890345009739e-09,1.43133895646335e-09,1.96672479040752e-09,6.27383486278336e-09,1.16602951194844e-08,1.02039047914245e-08,1.06473942169495e-08,1.68661860051568e-08,1.54893786623418e-08,1.3974631556611e-08,1.20636379896498e-08,1.27711414668519e-08,2.04354759031368e-08,2.04450815193923e-08,3.09139184864889e-08,9.91938986996419e-09,1.0409218407045e-08,4.83367189747732e-09,1.6732043059416e-08,8.43644878364734e-09,1.43610795747954e-08,8.9509369016381e-09,3.93621755020629e-09,2.08620715947324e-09,6.8998944764371e-09,4.00249525038574e-09,6.59948023648014e-09,3.33847784830968e-09,1.72447436032412e-09,2.39118878388321e-09,3.41629829472381e-09,1.81751577153995e-09,3.35775047860765e-09,1.47989161750809e-09,2.11885333676217e-09,1.50361811259282e-09,1.61978708503377e-09,2.43219155929344e-09,1.95197388137559e-09,1.91148077137597e-09,1.34481012498102e-09,1.31179569866757e-09,2.20330954100393e-09,1.53344934151822e-09,2.42026184887529e-09,1.25390029445731e-09,1.25227737218182e-09,9.23595379776599e-10,1.38744730228384e-09,1.31250803051691e-09,1.57187778989237e-09
3.16991329695414e-09,6.68522658991796e-09,1.48629979018787e-08,6.54511474315644e-09,1.23739569613572e-08,1.19746047187721e-08,8.10430886842565e-09,1.77320842206596e-08,7.93156900757364e-09,1.49674518586934e-08,1.53936129984048e-08,1.29793981160079e-08,2.19406544135492e-08,9.54011557763243e-09,3.97310840574422e-09,1.92366008397297e-08,8.86520630505859e-09,1.79443175155128e-08,7.81969360418897e-09,3.3507269090871e-09,3.06207509922191e-09,7.27225721114588e-09,3.4989813949474e-09,7.17223439743814e-09,2.87965529919673e-09,2.6514932962913e-09,1.70955461220815e-09,2.99279288951342e-09,2.88216533723501e-09,3.07386602222571e-09,2.29757067444813e-09,1.49782411656970e-09,1.29133255586499e-09,2.50693132176954e-09,1.71402837173211e-09,2.77722208800741e-09,1.35275736484556e-09,1.12017696253748e-09,1.09674295424833e-09,1.51958059844221e-09,1.3478865428677e-09,1.6738023976939e-09,1.01030705342642e-09,9.44393620555363e-10,8.37246856003706e-10,1.18242887442818e-09,1.13542207845786e-09,1.35810757172752e-09,2.43038440804997e-09,5.24450188639685e-09,1.11319608581165e-08,5.37620552725404e-09,9.67044405847800e-09,9.54800689697515e-09,6.17711259425427e-09,1.30464374724822e-08,5.84201506380231e-09,1.13268691001203e-08,1.14993654336127e-08,9.99497915876166e-09,1.59414911786352e-08,6.99648800670057e-09,2.86774426886237e-09,1.41109045412612e-08,6.4704488001481e-09,1.33964144332279e-08,5.93961194922643e-09,2.39758401758628e-09,2.27370090141507e-09,5.30442627389236e-09,2.71657289723993e-09,5.41688651341171e-09,2.07629059418518e-09,1.93381601623568e-09,1.27020326017656e-09,2.37531995230998e-09,1.97459778980273e-09,2.45502473726492e-09,1.74270591077714e-09,1.12070505682965e-09,1.10241669292684e-09,1.75849489391329e-09,1.4289393987729e-09,2.11274006149126e-09,1.0089712534645e-09,1.00311619223141e-09,9.24847581415852e-10,1.277480860216e-09,1.01410204571011e-09,1.25303654087824e-09,9.01414700373132e-10,7.86913165803406e-10,6.2691339868773e-10,8.84211532784454e-10,8.2293642201279e-10,1.01513297314204e-09
2.7950204794841e-09,3.07290398616044e-09,6.66747083114925e-09,3.33515570456275e-09,6.15099016174927e-09,6.09563631475649e-09,3.69120979371426e-09,7.92621955340207e-09,1.87793267106608e-08,7.45850650484262e-09,1.58069139571417e-08,1.48035754679933e-08,9.54011557763243e-09,2.22818313554933e-08,9.40110794126206e-09,1.89046746052377e-08,1.86723740628122e-08,1.56186124278863e-08,1.85406764492513e-08,7.64295331559286e-09,3.17032264062601e-09,1.53487460310309e-08,6.94901118971319e-09,1.41783790584478e-08,6.55752725878508e-09,2.69057705843956e-09,2.72948429737714e-09,5.93208365523106e-09,2.72938527750668e-09,5.73002130713473e-09,2.27071564534485e-09,2.41814939477679e-09,1.68209222504488e-09,2.30770821644368e-09,2.72648637180341e-09,2.59960929286677e-09,2.14943417423163e-09,1.42864965975385e-09,1.1931366504801e-09,2.40815326208526e-09,1.62790853623815e-09,2.55705672182312e-09,1.29731091388066e-09,1.02938406128888e-09,8.4248723063387e-10,1.43499821096443e-09,1.10409391832699e-09,1.52237452778289e-09,2.04406124754258e-09,2.50527002803149e-09,5.27550971342088e-09,2.84265744452458e-09,5.03988067054619e-09,5.23102211506914e-09,2.94508220101306e-09,6.00722694884913e-09,1.34189966008067e-08,5.95854196162299e-09,1.14922865021126e-08,1.11294758332491e-08,6.92350668137743e-09,1.59122891909873e-08,7.07282487572771e-09,1.34781519092886e-08,1.33054210386952e-08,1.1372761321146e-08,1.34393151034028e-08,5.67501837762973e-09,2.19744821367712e-09,1.08621240398121e-08,5.27363899614789e-09,1.01650317413969e-08,4.87610485508271e-09,1.8752613175625e-09,2.08892102446257e-09,4.57111930307446e-09,1.9256887209427e-09,4.57447962978581e-09,1.63344236963047e-09,1.86562241207442e-09,1.38801061003253e-09,1.67970556214129e-09,2.08702510912301e-09,1.82912001060235e-09,1.6524413159076e-09,1.24741155693523e-09,1.12054236822698e-09,1.90321857117282e-09,1.35278636898233e-09,1.99757661624874e-09,1.13475265470774e-09,1.00237323299449e-09,7.36574769791485e-10,1.21519027318459e-09,1.00400583813364e-09,1.26185428564116e-09
1.8868768122967e-09,2.91686984934894e-09,2.85603430582499e-09,3.29158660028843e-09,3.03978406744081e-09,3.26627837599973e-09,3.44653258081489e-09,3.35109327534038e-09,7.95602106766179e-09,3.61752693248349e-09,7.05381613477373e-09,6.9234908253807e-09,3.97310840574422e-09,9.40110794126206e-09,2.33970237722595e-08,8.36253327351033e-09,1.93497396322714e-08,1.73444401869312e-08,7.64707594435407e-09,1.87058906039652e-08,7.64754569967673e-09,1.52652404813212e-08,1.47053058297432e-08,1.18933661241981e-08,1.57990788213511e-08,6.32847279704447e-09,2.89650161057108e-09,1.23951063612075e-08,5.87127651814537e-09,1.15850310714173e-08,5.27141569584704e-09,2.38040500260965e-09,2.76668611766269e-09,4.77574037685403e-09,2.69823938651173e-09,5.00809172152634e-09,2.1122527941566e-09,2.36937898015054e-09,1.36166823744052e-09,2.30894822909802e-09,2.54894515316578e-09,2.49338530598013e-09,2.18919037042919e-09,1.21047306955062e-09,1.00656333674217e-09,2.32218379164291e-09,1.38158780091631e-09,2.43758633302907e-09,1.46063744650199e-09,2.30206560489476e-09,2.28864655357673e-09,2.6889021795728e-09,2.58204900660705e-09,2.7205625863635e-09,2.53482917527654e-09,2.63653194618425e-09,5.7114458863976e-09,2.92974506335856e-09,5.2048248480048e-09,5.30803421299212e-09,2.97802459231108e-09,6.70783793687154e-09,1.68387520201428e-08,6.11113849030714e-09,1.33416362441993e-08,1.21464855942299e-08,5.56692753888414e-09,1.37243288638285e-08,5.77836773177551e-09,1.06457676430749e-08,1.13972104907854e-08,8.80312680413764e-09,1.16220971053319e-08,4.87594095821372e-09,2.36655073748046e-09,9.71602170955352e-09,4.64338480219238e-09,9.21290695663317e-09,4.10962837465827e-09,1.97215346909906e-09,1.9877489422044e-09,3.84843795345841e-09,1.93861548442846e-09,3.64165544586375e-09,1.76172377128595e-09,1.74255555583518e-09,1.22998923170841e-09,1.71878165959717e-09,1.95023076171907e-09,1.89778685959531e-09,1.63675024578367e-09,1.08434577987592e-09,8.14999289247227e-10,1.81430137468873e-09,1.0854951508286e-09,1.83595091261128e-09
3.42163503967208e-09,6.44801026857344e-09,1.27397859697636e-08,6.38601180729611e-09,1.05345142323471e-08,1.01714723637903e-08,7.8606295845125e-09,1.53902681187878e-08,1.58108615113383e-08,1.29164809017755e-08,2.59496551800505e-08,2.2256448244482e-08,1.92366008397297e-08,1.89046746052377e-08,8.36253327351033e-09,3.18535235624329e-08,1.55322389223181e-08,2.70975860885553e-08,1.56378046982e-08,6.84894699802917e-09,3.2550516121622e-09,1.27209110730162e-08,6.20150077741991e-09,1.16821309533622e-08,5.78923103945834e-09,2.77940249352971e-09,3.08954118305339e-09,5.22418122597613e-09,2.94712242569317e-09,5.12940438816724e-09,2.33061987694951e-09,2.72185594467967e-09,1.95998852810977e-09,2.48045262511511e-09,3.1134526652499e-09,2.87424309829774e-09,2.42350590412472e-09,1.68622365233334e-09,1.46276009645089e-09,2.75207388323465e-09,1.99884206721405e-09,2.93771737221613e-09,1.53663082506601e-09,1.27994721354994e-09,1.05572255990299e-09,1.77189957748392e-09,1.41909809084262e-09,1.88533537104591e-09,2.62994440779237e-09,5.02260285303431e-09,9.60071252544028e-09,5.23534653011709e-09,8.37311661439594e-09,8.47040118564935e-09,5.99971423142176e-09,1.130005812295e-08,1.10684932597048e-08,1.00143089246754e-08,1.88254074884231e-08,1.67983333379554e-08,1.39073391656281e-08,1.32983515087435e-08,6.05325863985844e-09,2.27319026787522e-08,1.11517853740144e-08,2.01319586330006e-08,1.13017934452967e-08,4.90400070932459e-09,2.21512574510489e-09,9.01663505675005e-09,4.64550678451685e-09,8.38204500600289e-09,4.12485036540408e-09,1.88432819618889e-09,2.32731158943029e-09,3.9637707348539e-09,2.01732520140027e-09,4.03978209861494e-09,1.6482055956571e-09,2.07976564740569e-09,1.61950886582768e-09,1.73399250016624e-09,2.42146453843796e-09,2.02120294817238e-09,1.82247400559682e-09,1.45966491918214e-09,1.33329401935217e-09,2.18354935644559e-09,1.54081049900175e-09,2.24053833348177e-09,1.31552264591943e-09,1.17718179582095e-09,9.33556268268099e-10,1.37988093480302e-09,1.2290473593901e-09,1.4575353073526e-09
3.04660720736384e-09,3.30793755578870e-09,6.28782083403828e-09,3.55144176685511e-09,5.88219221341041e-09,5.80198539132497e-09,3.92354880656168e-09,7.38469525908048e-09,1.56458910826905e-08,7.07370956086494e-09,1.29193520871721e-08,1.21103584589807e-08,8.86520630505859e-09,1.86723740628122e-08,1.93497396322714e-08,1.55322389223181e-08,3.1562753269947e-08,2.68499755090895e-08,1.53513687252857e-08,1.52621261162966e-08,7.05316388284521e-09,2.53353569994587e-08,1.19856070541767e-08,2.09299459364581e-08,1.29333271957636e-08,5.78200021159794e-09,2.9451839017242e-09,1.00679068903636e-08,5.32835554302669e-09,9.24820697148494e-09,4.73606082276408e-09,2.4796573720007e-09,3.09147507250577e-09,4.31946030025003e-09,2.80404127248667e-09,4.60268004519044e-09,2.19039283974465e-09,2.5895171252879e-09,1.62203712022405e-09,2.4139606813051e-09,2.91043367301302e-09,2.65431059984535e-09,2.37728363708977e-09,1.4446514919803e-09,1.20053307960448e-09,2.64840951529348e-09,1.57944965800487e-09,2.83873920900318e-09,2.1528593046744e-09,2.63034000269102e-09,5.04982335859928e-09,2.86775080734779e-09,4.97602457821434e-09,4.90328846235929e-09,3.11592421150547e-09,5.71412739527848e-09,1.12545978975688e-08,5.83288202267169e-09,9.63484826264645e-09,9.50371217233887e-09,6.68472538337846e-09,1.34505750584063e-08,1.38139233980774e-08,1.14214417262711e-08,2.20108575487183e-08,1.93025542011444e-08,1.12886338394638e-08,1.10910167673228e-08,5.01501406045645e-09,1.78771007758432e-08,9.29759592172817e-09,1.5391536971471e-08,9.42215668572997e-09,4.21662958603906e-09,2.26538875133116e-09,7.90430807650145e-09,3.92736047228668e-09,7.40530604997536e-09,3.49798609937246e-09,1.9212821712881e-09,2.39171189901176e-09,3.25908627662607e-09,1.99855256189079e-09,3.24241140579825e-09,1.69762242082189e-09,2.05435034815505e-09,1.48144753571728e-09,1.79153847219829e-09,2.29214764823003e-09,1.90574528063995e-09,1.89386568089218e-09,1.34000062838798e-09,1.03110705429844e-09,2.11970785194297e-09,1.3180456792826e-09,2.25718574115072e-09
3.47291064913401e-09,6.39052241415131e-09,1.19612094837577e-08,6.34574391106766e-09,9.80531197646424e-09,9.49468500977723e-09,7.78937796433058e-09,1.43366335594565e-08,1.30062483351924e-08,1.2028118677634e-08,2.19226006746707e-08,1.86359505420573e-08,1.79443175155128e-08,1.56186124278863e-08,1.73444401869312e-08,2.70975860885553e-08,2.68499755090895e-08,4.13121682225819e-08,1.27534564464677e-08,1.36815167182772e-08,6.528695469392e-09,2.14462516995477e-08,1.04693867171404e-08,1.73244050725168e-08,1.1445224389411e-08,5.33655157769033e-09,2.94171722907679e-09,8.68285228024732e-09,5.01022359592125e-09,7.94638349595542e-09,4.34142363630574e-09,2.47643072581597e-09,3.37717783635323e-09,4.05010563814978e-09,2.84748852552302e-09,4.41498108150549e-09,2.18521759030819e-09,2.86066047347295e-09,1.90972460607145e-09,2.43602148639525e-09,3.32800032228321e-09,2.74741643644054e-09,2.60725048207176e-09,1.7167103256413e-09,1.39044609573252e-09,3.02584251868253e-09,1.9079804575402e-09,3.26151427357171e-09,2.65484276833028e-09,5.02100560551504e-09,9.2357770624694e-09,5.13185525826361e-09,8.10884315968281e-09,8.02597457294662e-09,6.01403991167388e-09,1.08109115139478e-08,9.20888669374162e-09,9.61012336295028e-09,1.63775467913433e-08,1.45341819513016e-08,1.34594520740898e-08,1.1119039692662e-08,1.18164969191341e-08,1.99156868327457e-08,1.88300854958722e-08,3.01908831898726e-08,9.34875096103685e-09,9.53363178358758e-09,4.48417869611682e-09,1.5146405728418e-08,7.87337025143251e-09,1.27835834296158e-08,7.97703097868554e-09,3.76232866783447e-09,2.23607093104105e-09,6.61272640240028e-09,3.64550440277084e-09,6.23604465046588e-09,3.10782509912984e-09,1.94614953169872e-09,2.60358285809576e-09,3.04372279580032e-09,2.03906690646172e-09,3.0146563746086e-09,1.6801608356083e-09,2.23711229173537e-09,1.70036247811277e-09,1.78865018786258e-09,2.45364794419198e-09,2.00089170420351e-09,2.02873215412308e-09,1.56015851297569e-09,1.19122300769346e-09,2.26321951058105e-09,1.53641898129443e-09,2.40949421579544e-09
2.43806598634746e-09,2.6016746825867e-09,5.49626072199301e-09,2.80749027315338e-09,5.09409532537838e-09,5.05525091308926e-09,3.08776851136523e-09,6.5535778059051e-09,1.5832264142662e-08,6.20443054272481e-09,1.32014667134826e-08,1.24251635556076e-08,7.81969360418897e-09,1.85406764492513e-08,7.64707594435407e-09,1.56378046982e-08,1.53513687252857e-08,1.27534564464677e-08,2.29770972033674e-08,9.23791750742708e-09,3.67195051684567e-09,1.93322635284754e-08,8.3814716370006e-09,1.7841569871603e-08,7.87884237891818e-09,3.10636664856086e-09,3.14362125950324e-09,7.12509049821139e-09,3.16774618277432e-09,6.88898944527187e-09,2.63745266081857e-09,2.77206167748026e-09,2.01100041746689e-09,2.69717136463314e-09,3.12679268721480e-09,3.07583999650084e-09,2.46496133287526e-09,1.69816744084848e-09,1.38007269597736e-09,2.74125239659763e-09,1.94296787769385e-09,2.91863930791595e-09,1.51917548112695e-09,1.19244493899775e-09,9.8726961459133e-10,1.70636600643565e-09,1.31348118931859e-09,1.8146670545358e-09,1.77089355991909e-09,2.10785206017335e-09,4.44016912635106e-09,2.37334169486071e-09,4.14565261693455e-09,4.34919666036089e-09,2.47242471282425e-09,5.08365792448922e-09,1.14652447879122e-08,5.01571158095761e-09,9.67919417167771e-09,9.40155563211288e-09,5.77373656333314e-09,1.34395611767774e-08,5.67659481557269e-09,1.12606632341808e-08,1.0864163523467e-08,9.14844307706384e-09,1.65391399987991e-08,6.92873582010863e-09,2.70092396818571e-09,1.35578340199823e-08,6.53986146390159e-09,1.28150662450211e-08,5.90199779973988e-09,2.32613846238011e-09,2.46175899714742e-09,5.61924998516295e-09,2.19596041610749e-09,5.38674721514274e-09,1.9896591776717e-09,2.18850552195999e-09,1.60425181617846e-09,1.90087721330182e-09,2.386381809673e-09,2.16714358441331e-09,1.93469000840396e-09,1.4018594696944e-09,1.28242927405884e-09,2.1232253350073e-09,1.5788264558534e-09,2.29339465310659e-09,1.25903847035045e-09,1.1063397831195e-09,7.98583278923044e-10,1.38743683626199e-09,1.11899305851474e-09,1.41616936395166e-09
