8.48977348583396e-08,3.09463854814708e-08,1.49752856284097e-08,6.99193384320111e-08,2.97088484029107e-08,6.62981219125157e-08,2.39913536095128e-08,1.14154190771804e-08,1.20785451151511e-08,2.26219914522893e-08,1.24730953036155e-08,2.34845755342553e-08,8.36533655852949e-09,8.85553697224656e-09,6.74091374510119e-09,9.50645555519229e-09,1.01485680948183e-08,1.14959377279715e-08,6.63396508149079e-09,4.9568162045729e-09,3.39583280451399e-09,7.46629802957691e-09,5.04073567466876e-09,7.47675143387629e-09,3.64856509686279e-09,2.16267962091691e-09,2.15889864554286e-09,3.47076263089824e-09,2.82634350179734e-09,3.82841586818117e-09,1.8990201661281e-09,1.87661247324208e-09,1.42721040554935e-09,2.41535944548507e-09,1.84101655905293e-09,2.60088047725991e-09,1.69945573595564e-09,1.29371625281073e-09,1.17364809094958e-09,1.79771355650587e-09,1.51188588801707e-09,1.76941739986874e-09,1.20391824610421e-09,7.986517647434e-10,5.06070588249112e-10,1.50748773681297e-09,7.67651562531475e-10,1.29399334803596e-09,5.53100220836796e-08,2.06731520177873e-08,1.01681621372972e-08,4.83229480086742e-08,1.98211613993397e-08,4.64113647294136e-08,1.65516423278383e-08,7.68865252846562e-09,7.37346560154463e-09,1.5669466088698e-08,7.50862772799117e-09,1.51522842739313e-08,5.35790515673209e-09,5.48979892030400e-09,4.94324017240605e-09,5.50251131238240e-09,8.20651520607857e-09,8.31613280235941e-09,3.89558170998063e-09,3.93662642869399e-09,1.43430397959289e-09,5.61169363902967e-09,3.08870168597948e-09,5.02826886577768e-09,2.6699712026546e-09,1.61932368068209e-09,1.8478384561155e-09,2.38655345973387e-09,1.58497076067617e-09,2.15149523953662e-09,1.28824668182169e-09,1.47948316260444e-09,8.50755107736924e-10,1.12224145846077e-09,9.02695274104853e-10,9.86678938008398e-10,1.04268190847046e-09,6.33191781085047e-10,9.82662190074466e-10,4.49076306024814e-10,7.20868441539407e-10,5.731668746735e-10,4.14709759807776e-10,5.68245219851439e-10,3.75776072001142e-10,5.84925057105235e-10,7.52771146248799e-10,6.11558328115401e-10
3.09463854814708e-08,7.10399213922803e-08,3.09954327063414e-08,6.06320111222383e-08,5.94412080887813e-08,5.07566708129635e-08,5.50038236785323e-08,2.29714906567891e-08,1.04545112352241e-08,4.50748662885623e-08,2.128299125358e-08,4.22214495409319e-08,1.78380045056055e-08,8.16133493976153e-09,9.33438303164887e-09,1.64709951808216e-08,8.87317074412378e-09,1.71841080117809e-08,6.37485949008621e-09,6.78924010350399e-09,4.39864493019778e-09,6.62963086702086e-09,7.47356612228584e-09,6.2078425616625e-09,5.36807217799488e-09,3.36431919436974e-09,2.73239309623208e-09,5.82569078171388e-09,3.75121255901749e-09,5.46105977887865e-09,2.97442138408709e-09,2.26473371598951e-09,2.14066834254164e-09,3.24416929493274e-09,2.63527551327329e-09,3.85314480016154e-09,2.05983548209969e-09,1.84647602651976e-09,1.31936177366657e-09,2.31317962819878e-09,2.1307455744183e-09,2.57238680672168e-09,1.58136478287303e-09,1.07685329636354e-09,7.03241399352629e-10,2.29866553926412e-09,1.0745316278956e-09,1.82578696405439e-09,2.03677405113637e-08,5.02302808854135e-08,2.05386017756275e-08,4.31359932213619e-08,4.16613016848564e-08,3.64613968306568e-08,3.93502295466258e-08,1.56251409425365e-08,6.21118323409625e-09,3.18568227905528e-08,1.47471204738349e-08,2.94784657563525e-08,1.17424737215869e-08,4.95726000709811e-09,6.59731731396494e-09,1.12910182197393e-08,5.95634465273676e-09,1.21579456216838e-08,3.37983972031941e-09,4.96777207126932e-09,2.97326685486325e-09,3.92934832814112e-09,5.65080028898701e-09,4.01003194489462e-09,3.74133768770506e-09,2.35077580960406e-09,2.40256598989071e-09,4.35838227840488e-09,2.50341828715145e-09,4.20654911204699e-09,2.01251798521184e-09,1.75787479206959e-09,1.65944601659132e-09,1.97485115793458e-09,1.99262402836592e-09,2.50964952020012e-09,1.18618727417945e-09,1.54100404087805e-09,1.42311390780124e-09,1.35335540148097e-09,1.91756917637602e-09,1.50033111745016e-09,1.11015219498997e-09,1.24663893771985e-09,3.08469612517441e-10,2.04956956437552e-09,1.21443513920372e-09,1.36382760447552e-09
1.49752856284097e-08,3.09954327063414e-08,7.45525869162645e-08,2.98094989320504e-08,6.14890613266188e-08,5.96588604409212e-08,2.30030280533951e-08,5.44113589899144e-08,2.16227227533533e-08,4.45817193274265e-08,4.35904131691733e-08,3.51751439283698e-08,4.25795555828179e-08,1.66108882255545e-08,7.69460246049552e-09,3.35797791026543e-08,1.55487978391243e-08,3.17711678515176e-08,1.31772297106977e-08,5.96309375818254e-09,7.6972177638528e-09,1.22693789140633e-08,6.30993242891526e-09,1.04752451896951e-08,4.86288375042062e-09,6.24210764635444e-09,3.58543821072832e-09,5.21838735016102e-09,6.72926655853196e-09,5.44585800445765e-09,5.30211455295063e-09,3.0190789020309e-09,3.04232060880279e-09,5.72339669334217e-09,3.74765867351386e-09,6.37071346274866e-09,2.88481570135792e-09,2.94769479501912e-09,1.55764952606507e-09,3.55609985094557e-09,2.91290160021614e-09,3.57468273089626e-09,2.7082667867681e-09,1.33547487424099e-09,1.18037429897121e-09,2.81834402698933e-09,1.56770809003166e-09,2.86955371745658e-09,8.08407618636208e-09,2.1816878184149e-08,5.35433168899951e-08,2.00305669416604e-08,4.68979377045726e-08,4.48566695155083e-08,1.63250813857773e-08,3.81839293564158e-08,1.41735514507347e-08,3.34216504413977e-08,2.9934644080295e-08,2.50799554231752e-08,3.00538932045193e-08,9.80570870250751e-09,6.03436598478427e-09,2.24468787317108e-08,1.11264541353424e-08,2.32271823255634e-08,7.4782636716782e-09,4.29473301548492e-09,5.04084374195738e-09,8.39718782120535e-09,4.79925128438846e-09,7.49637831492546e-09,3.49630676149251e-09,4.29838278445248e-09,2.50605800661254e-09,3.89115367584376e-09,4.95235982028835e-09,4.14252361500839e-09,3.79965259919642e-09,2.2257064440925e-09,3.26913948746429e-09,4.22018146983405e-09,2.87515283582615e-09,5.20190903188643e-09,1.69004759252399e-09,3.12112164808306e-09,1.59066858664934e-09,2.31522061604091e-09,2.88839206384679e-09,1.89630867207667e-09,2.73998545876176e-09,1.60220916607473e-09,6.83769150642872e-10,2.67894208191269e-09,1.42907953530747e-09,2.30462204729048e-09
6.99193384320111e-08,6.06320111222383e-08,2.98094989320504e-08,1.11236633780434e-07,5.12282963358304e-08,9.6124427690617e-08,4.61943183858349e-08,2.16204341540658e-08,1.16432539760316e-08,3.79110279949938e-08,2.04564689836302e-08,3.59159458566922e-08,1.62477488162125e-08,8.88750953187113e-09,1.059227718427e-08,1.56154416466403e-08,1.02274811494364e-08,1.67679501063812e-08,6.99827518994501e-09,7.90553285441364e-09,5.3980348599623e-09,7.70800241394715e-09,8.85098192591871e-09,7.56054709626673e-09,6.1470987858785e-09,3.82751910198298e-09,3.14311989569909e-09,6.60933692520018e-09,4.40216016107342e-09,6.35887509121416e-09,3.3126245881301e-09,2.64120303622741e-09,2.33953474310272e-09,3.7338217473902e-09,2.90635438846845e-09,4.11052952345925e-09,2.42671551557283e-09,2.14258860702217e-09,1.58264401425451e-09,2.73663542836744e-09,2.42277132184955e-09,2.95234368571326e-09,1.86181961628441e-09,1.17617247643967e-09,8.73411682062453e-10,2.4996785886911e-09,1.20439938805941e-09,2.07031714875443e-09,4.76096540340674e-08,4.1689447462189e-08,1.95325047366778e-08,7.91533197182378e-08,3.48024188622606e-08,6.80030571301885e-08,3.27198525578559e-08,1.44997889963719e-08,7.57924828845277e-09,2.61290340530426e-08,1.2869961211812e-08,2.34595821314555e-08,1.05620057983185e-08,5.74140069054345e-09,8.53807799450189e-09,9.8224459693714e-09,7.43998294006457e-09,1.19949999427015e-08,4.35576846612844e-09,6.8316920987519e-09,3.26694014593555e-09,5.39250499946401e-09,6.96122269857801e-09,5.23561316201195e-09,5.22737608076548e-09,2.79587081448495e-09,3.18335876117095e-09,5.46353498927486e-09,3.23459783121726e-09,5.17263379001811e-09,2.32663053268002e-09,2.46181362735492e-09,1.4948779630811e-09,2.55374309126689e-09,2.0741447236191e-09,2.24005758723997e-09,1.96641801331004e-09,1.46878346407878e-09,1.80116110028334e-09,1.56085173643432e-09,2.33818924265306e-09,2.3198725371808e-09,9.96413853770871e-10,1.35904462627078e-09,7.63678062380439e-10,2.07058771575983e-09,1.55366744655012e-09,1.39023269426426e-09
2.97088484029107e-08,5.94412080887813e-08,6.14890613266188e-08,5.12282963358304e-08,9.97902760751869e-08,8.81546293829801e-08,4.50967816362734e-08,4.45616158474231e-08,1.91923418956201e-08,7.3810478070495e-08,3.53588190939385e-08,6.18435386554456e-08,3.46082870213412e-08,1.48695429678965e-08,8.62533046539926e-09,2.7137512122026e-08,1.40606619690786e-08,2.62144321979947e-08,1.17370824957886e-08,6.51213859407368e-09,8.8197020831179e-09,1.09790381141029e-08,6.91113650844273e-09,9.67866302009107e-09,5.15197657246553e-09,6.84679488906564e-09,4.39170030344665e-09,5.52838277461813e-09,7.74116084817521e-09,6.12226803729317e-09,5.87374248225458e-09,3.81250659862278e-09,2.99338471493634e-09,6.72567818464285e-09,4.18530606726624e-09,7.24162395204718e-09,3.57836902928853e-09,2.75685455689227e-09,1.69114418497425e-09,3.8396223994594e-09,2.70153901225852e-09,3.88244827080403e-09,2.55990603903036e-09,1.61620387249695e-09,1.17599686633409e-09,3.26059971964669e-09,1.62438402935739e-09,2.87435193052361e-09,1.76697726344949e-08,4.10412923129777e-08,4.31200618784754e-08,3.53697815150388e-08,7.09454197788405e-08,6.31864018267703e-08,3.15055531347261e-08,3.10399564943403e-08,1.13801267144692e-08,5.27309109264919e-08,2.36757652860467e-08,4.29278625013184e-08,2.43659776995051e-08,7.52211840677346e-09,6.95766161365932e-09,1.74722333736488e-08,8.32220640688781e-09,1.79987821381502e-08,5.36644487290047e-09,4.76630444633202e-09,4.98194527448794e-09,5.79501340208876e-09,4.74511297290617e-09,5.33351399900758e-09,3.75544914953757e-09,4.36307714944125e-09,3.00505535945997e-09,3.73538099932051e-09,5.2620246631639e-09,4.13120141785842e-09,3.959781580392e-09,2.69960435174678e-09,2.49080236589227e-09,4.61328147380654e-09,3.19202495803747e-09,5.39559469729871e-09,1.8341982031039e-09,2.31916964014718e-09,1.65621596090175e-09,2.35855372964188e-09,2.28657136621543e-09,2.07928830867949e-09,1.86887908409407e-09,1.72471813061973e-09,6.63461532122857e-10,2.35233842940622e-09,1.73808650269089e-09,2.08807546358087e-09
6.62981219125157e-08,5.07566708129635e-08,5.96588604409212e-08,9.6124427690617e-08,8.81546293829801e-08,1.47215758654348e-07,3.75710058239705e-08,4.28852431830204e-08,1.96865927621881e-08,6.41289505173197e-08,3.40454991756323e-08,5.34196096023609e-08,3.27774954215703e-08,1.45539409911681e-08,9.59455655203728e-09,2.54684999350907e-08,1.47381707592343e-08,2.52986993445978e-08,1.17377085439866e-08,7.42388644863924e-09,9.49258777955288e-09,1.16611174750172e-08,7.76885568471111e-09,1.03761053280795e-08,5.75499801070113e-09,7.0418191130834e-09,4.70665609984626e-09,5.90929871131865e-09,8.19385931661547e-09,6.79733763900395e-09,5.99550673293514e-09,4.15147241022302e-09,3.68924940879385e-09,7.06299105004275e-09,4.60201339371115e-09,7.5890252358171e-09,3.87732127813569e-09,3.49277143392678e-09,2.05541657611324e-09,4.34594081483089e-09,3.32548757609003e-09,4.15355098816266e-09,3.255953022512e-09,1.80151356956515e-09,1.26991998368112e-09,3.74963690991277e-09,1.82542312614571e-09,3.40503142689086e-09,4.33920026800617e-08,3.32366318482574e-08,4.03483771008505e-08,6.78122012958684e-08,5.96505005100103e-08,1.03481648052496e-07,2.53702370113505e-08,2.89265518395448e-08,1.24550673419705e-08,4.42741111641377e-08,2.11807736073947e-08,3.52368346168308e-08,2.258960906935e-08,7.3961569230079e-09,7.05096860860086e-09,1.52840186372879e-08,7.85793454681557e-09,1.60405502698247e-08,5.73691011366049e-09,5.11460011568255e-09,5.59493217139432e-09,5.9685907620369e-09,4.84465471049194e-09,5.82720721369064e-09,3.90848346090451e-09,5.09244700927562e-09,3.37582738017979e-09,3.86541864188662e-09,6.02620507113832e-09,4.51893802987405e-09,4.54376458157604e-09,3.07984607014495e-09,3.01904427798989e-09,5.31452297094849e-09,3.49216444871868e-09,6.08492246860721e-09,2.27097235701874e-09,2.86515194304012e-09,1.95947575889334e-09,2.654804166805e-09,2.78425208405021e-09,2.41740747656665e-09,2.4080878628347e-09,1.89129059654737e-09,1.00635525304659e-09,2.62109506401041e-09,2.02706348023647e-09,2.23764583943785e-09
2.39913536095128e-08,5.50038236785323e-08,2.30030280533951e-08,4.61943183858349e-08,4.50967816362734e-08,3.75710058239705e-08,7.43033399207315e-08,3.03221567410059e-08,1.37212661647151e-08,6.21458438455504e-08,2.78103162916537e-08,5.7725864330185e-08,2.32786610501265e-08,1.0150466717779e-08,1.12143772860335e-08,2.10552863249605e-08,1.05291221824984e-08,2.08315236233779e-08,7.73630938666343e-09,8.33578591979446e-09,5.60262091671681e-09,7.76739485197566e-09,9.00034213379459e-09,7.3726289683293e-09,6.76315822862021e-09,4.48070848158212e-09,3.31410396406608e-09,7.22967289810123e-09,4.88135889508937e-09,6.91110179259249e-09,3.87368938582202e-09,2.74287233110311e-09,2.29979716631788e-09,4.21190969397605e-09,3.11243854131438e-09,4.73352214621446e-09,2.08242786573262e-09,1.92731689071159e-09,1.2983687392357e-09,2.30371012954819e-09,2.05130304896382e-09,2.45924556794299e-09,1.68289776282351e-09,1.07298302330653e-09,9.90290675757848e-10,1.8834164784518e-09,1.25245309594323e-09,1.81061358546392e-09,1.67549917334616e-08,3.9351934478308e-08,1.56511564316059e-08,3.45572015068519e-08,3.18758739570863e-08,2.84917413716479e-08,5.41039669280107e-08,2.06999328201428e-08,7.58337851719715e-09,4.39530348468833e-08,1.67777523213588e-08,3.60741994665411e-08,1.58906577936736e-08,5.33452282748706e-09,8.97196741917561e-09,1.23595718958721e-08,7.62076063787593e-09,1.41159514936434e-08,4.06008781528261e-09,6.89657284823439e-09,3.96400761852551e-09,5.32667113850727e-09,7.5845921135797e-09,5.42868609866241e-09,5.43969279338295e-09,3.26273893895946e-09,2.62364726149509e-09,6.11230248773108e-09,3.76568203629616e-09,5.61181663969698e-09,2.7006417334293e-09,1.80997586152346e-09,1.87671254775801e-09,2.94916424487789e-09,2.35506133877182e-09,3.56785493909787e-09,1.54502396605637e-09,1.63863368256437e-09,1.36280790490408e-09,1.7782862661207e-09,1.80013428676135e-09,1.70508939927386e-09,1.4324252663128e-09,1.18167631093313e-09,8.20713226505315e-10,1.82778679444632e-09,1.29442237325682e-09,1.58556399896083e-09
1.14154190771804e-08,2.29714906567891e-08,5.44113589899144e-08,2.16204341540658e-08,4.45616158474231e-08,4.28852431830204e-08,3.03221567410059e-08,6.45779578916688e-08,2.60383767776361e-08,5.53467798151916e-08,5.23890852592446e-08,4.45138144892763e-08,4.93767041260382e-08,1.92350975991854e-08,9.14031889822573e-09,3.95054576395961e-08,1.79974399472107e-08,3.67181692585764e-08,1.47831545557306e-08,7.17415325153237e-09,8.83645847591494e-09,1.38591950251443e-08,7.3644588877292e-09,1.18810205684532e-08,5.85337139024908e-09,7.20242718942059e-09,4.04688188990378e-09,5.99859307235996e-09,7.81283760321678e-09,6.31038735249602e-09,6.12999323307247e-09,3.44076423667603e-09,3.25516771599309e-09,6.66343334690298e-09,4.16893745695515e-09,7.18887669014359e-09,2.89505971503658e-09,2.94152833579773e-09,1.56374756459276e-09,3.54125497122862e-09,2.89891338494894e-09,3.49422391239163e-09,2.6345788214101e-09,1.37091560526446e-09,1.18203771833516e-09,2.52516413709272e-09,1.67241044649005e-09,2.78545015667312e-09,6.22460878474236e-09,1.63008699988248e-08,3.81890296304544e-08,1.52976177267463e-08,3.34130018042829e-08,3.23545671657874e-08,2.2896283486126e-08,4.26199926513825e-08,1.65846636582507e-08,3.92799813719887e-08,3.4180758537037e-08,2.95052281383955e-08,3.48315124619363e-08,1.11413257665134e-08,7.54832285608453e-09,2.53872315184931e-08,1.28788374061998e-08,2.57608571722939e-08,8.4422687346085e-09,5.61261029279815e-09,6.07877202320648e-09,9.70347815353449e-09,5.62266547867114e-09,8.71819576952366e-09,4.60699630521323e-09,5.16702446089007e-09,2.93522352271428e-09,4.62406021337068e-09,6.16376668696535e-09,5.18810682294553e-09,4.47474594629081e-09,2.48424570855516e-09,3.22262021210386e-09,5.15552790662401e-09,3.3386327278121e-09,6.15126408936962e-09,2.2129329195734e-09,2.89924132650279e-09,1.6712998528648e-09,2.7553627186852e-09,2.7130563568714e-09,2.21241085550861e-09,2.609442979863e-09,1.63092872343361e-09,7.98116500244354e-10,2.43287868669692e-09,1.45379678758694e-09,2.19348683956552e-09
1.20785451151511e-08,1.04545112352241e-08,2.16227227533533e-08,1.16432539760316e-08,1.91923418956201e-08,1.96865927621881e-08,1.37212661647151e-08,2.60383767776361e-08,7.26356709666288e-08,2.44552949430223e-08,5.83085379052118e-08,5.41978385718003e-08,1.9272591419239e-08,5.1326545234912e-08,2.10732500377596e-08,4.11671983246246e-08,4.06684604033834e-08,3.26277234496341e-08,3.87144850001469e-08,1.52615034421658e-08,7.37596352563656e-09,3.02942230437369e-08,1.37461546315445e-08,2.65079181905405e-08,1.18049932188143e-08,5.51391732157246e-09,6.29834159298881e-09,1.04045954845345e-08,6.08463012601921e-09,1.10326100321726e-08,4.48309582543387e-09,5.1102021062005e-09,3.16131687509492e-09,4.86707685703899e-09,5.97222376695292e-09,5.3413294683397e-09,4.4436894581155e-09,2.64790561576337e-09,2.27774001344979e-09,5.10690533688952e-09,3.2875824614854e-09,5.59900278096156e-09,2.38836528001783e-09,2.02652364958752e-09,1.94817593416919e-09,2.96129493443231e-09,2.62397367850203e-09,3.57263661896619e-09,5.96591574584306e-09,7.08759852814391e-09,1.50117354048498e-08,7.95729711190369e-09,1.50475955120056e-08,1.38033698033225e-08,8.93270008323002e-09,1.69072256751187e-08,4.80825746461619e-08,1.78271970696062e-08,3.81350243875332e-08,3.71423093459401e-08,1.32864799407702e-08,3.3599659650598e-08,1.34455671542542e-08,2.63505311614013e-08,2.60309158944979e-08,2.10932408031659e-08,2.50844482673921e-08,9.91784881091891e-09,5.71202680843471e-09,1.89173217276954e-08,9.45910291891059e-09,1.80689480647669e-08,7.67468500777313e-09,4.26653929617464e-09,4.4823965681782e-09,6.85745542635041e-09,4.12601370197157e-09,6.46508961379687e-09,3.5242219550146e-09,3.70665220692963e-09,2.82558136055714e-09,3.54572554802944e-09,4.7301863241313e-09,4.18169464874924e-09,3.20584373005671e-09,2.2687306321738e-09,1.65294020671572e-09,4.04999997692502e-09,2.50667823726778e-09,4.05834082981759e-09,1.81991453953561e-09,1.56588577291745e-09,1.96343817624289e-09,1.97664330332088e-09,2.42418241753610e-09,2.68418146225026e-09
2.26219914522893e-08,4.50748662885623e-08,4.45817193274265e-08,3.79110279949938e-08,7.3810478070495e-08,6.41289505173197e-08,6.21458438455504e-08,5.53467798151916e-08,2.44552949430223e-08,9.68314165631726e-08,4.45240241507535e-08,8.20259544424565e-08,4.23671762963332e-08,1.81144800010811e-08,1.0414674846664e-08,3.34757112894876e-08,1.7071675184669e-08,3.1332676271124e-08,1.36821925747165e-08,7.94349305477766e-09,1.02562667189423e-08,1.28613180392672e-08,8.05646784109751e-09,1.10777426909581e-08,6.4479949443472e-09,8.16357842584731e-09,5.00077320810165e-09,6.57843962634204e-09,9.15258323064763e-09,6.98709247584547e-09,6.93749684809646e-09,4.24965443511789e-09,3.30776085909867e-09,7.90971850642582e-09,4.62189468881406e-09,8.32760635604928e-09,3.40723797678653e-09,2.88658944285879e-09,1.62971313150591e-09,3.67892008038191e-09,2.7082659610357e-09,3.60017065323217e-09,2.62904123580742e-09,1.5344475100506e-09,1.28145492083875e-09,2.56821430811812e-09,1.78215850264791e-09,2.76587040168471e-09,1.39768823779928e-08,3.14898154405262e-08,3.10600842224212e-08,2.75509177401874e-08,5.27370451314885e-08,4.75344994397009e-08,4.43380053109271e-08,3.78388614097076e-08,1.30812158040572e-08,6.77719066707747e-08,2.6953628835708e-08,5.10863910580398e-08,3.02121110563544e-08,8.40363022478193e-09,8.77895661024722e-09,1.94434581538055e-08,1.07606592643544e-08,2.11504828045596e-08,6.17992415394689e-09,6.35104810231442e-09,6.59121218788574e-09,7.63109243193178e-09,5.9163543229033e-09,6.72848362504153e-09,5.15619398314514e-09,5.72879648777283e-09,3.54471089244705e-09,4.84898320527148e-09,7.09095400917088e-09,5.49556345224216e-09,5.04147033957993e-09,2.87672800021973e-09,2.57145503872605e-09,6.04471560627692e-09,3.44072008913167e-09,6.54375362951978e-09,2.41810952720172e-09,2.23272687225854e-09,1.54487645590333e-09,2.6819371541687e-09,2.12242626384696e-09,2.34631233919702e-09,2.06720266191672e-09,1.51091652982243e-09,1.04460211300722e-09,2.02559222582643e-09,1.99681977810172e-09,2.3995892271891e-09
1.24730953036155e-08,2.128299125358e-08,4.35904131691733e-08,2.04564689836302e-08,3.53588190939385e-08,3.40454991756323e-08,2.78103162916537e-08,5.23890852592446e-08,5.83085379052118e-08,4.45240241507535e-08,9.38108401992514e-08,8.07317683389988e-08,3.95235940909001e-08,4.11340262933589e-08,1.94390917380821e-08,6.79420743666072e-08,3.30943269093648e-08,5.72808068592923e-08,3.11285760290315e-08,1.41883891393853e-08,7.79034018623318e-09,2.44311834552743e-08,1.30087296174339e-08,2.09750916366497e-08,1.14494806452884e-08,6.1437857321932e-09,7.04212956123394e-09,1.03662836280023e-08,6.94540215140294e-09,1.09001139833078e-08,5.0007677382828e-09,5.70421361018033e-09,3.85457935360725e-09,5.5416710425173e-09,6.81058029593565e-09,6.12685112140852e-09,4.87715342701287e-09,3.35876665689192e-09,2.50841579504436e-09,5.88897089925959e-09,3.9718322371695e-09,6.21926156500046e-09,3.06729350654393e-09,2.20111661314099e-09,1.986368519975e-09,3.55024868996549e-09,2.74820515992726e-09,4.14904667741698e-09,5.75875785827587e-09,1.51979178243659e-08,3.05755712747028e-08,1.37630684514978e-08,2.75325750853867e-08,2.56987491255717e-08,2.06736008291073e-08,3.54975302013746e-08,3.7948301821175e-08,3.28341328397148e-08,6.23614315557745e-08,5.4887452629069e-08,2.798912419562e-08,2.6136779707828e-08,1.29979064652361e-08,4.37460229869582e-08,2.25601064916528e-08,3.89928135748304e-08,1.94700234235348e-08,9.48972397405229e-09,5.82718211821588e-09,1.66278666121742e-08,9.25399180388698e-09,1.5235507333611e-08,7.59710051034009e-09,4.4437146167667e-09,4.57705447640055e-09,7.09462623327755e-09,4.33610771418649e-09,6.8615981413648e-09,3.88068044641263e-09,3.816558670695e-09,3.33996621929738e-09,3.59911099441396e-09,5.11115096767183e-09,4.67221219204989e-09,3.31196649881409e-09,2.94918408917517e-09,1.94785207741641e-09,4.35974063909248e-09,3.15334418428572e-09,4.07998196999609e-09,2.44902120942437e-09,1.93381257835226e-09,1.80126776752234e-09,2.66490758580087e-09,2.53879992794156e-09,3.22476041784885e-09
2.34845755342553e-08,4.22214495409319e-08,3.51751439283698e-08,3.59159458566922e-08,6.18435386554456e-08,5.34196096023609e-08,5.7725864330185e-08,4.45138144892763e-08,5.41978385718003e-08,8.20259544424565e-08,8.07317683389988e-08,1.28430000929959e-07,3.34973973533754e-08,3.84128149832739e-08,1.96707468221423e-08,5.85208579844481e-08,3.09127797267785e-08,4.9429777103328e-08,2.8833447973365e-08,1.41641403608209e-08,8.28036994137788e-09,2.2560158152382e-08,1.28542008193028e-08,1.92535048028241e-08,1.15278532305727e-08,6.6476421893649e-09,8.01033601616308e-09,1.03514641797166e-08,7.67737287849998e-09,1.08019114734902e-08,5.50362658154111e-09,6.64923757966154e-09,4.04519684297867e-09,6.45808402694516e-09,7.49869527063066e-09,6.68198139714179e-09,5.58173852907723e-09,3.56201376603052e-09,2.56144254375333e-09,6.42827110305865e-09,3.9338079161705e-09,6.47904453880429e-09,3.30200111561277e-09,2.37468137904555e-09,2.10762172641792e-09,3.73990096255389e-09,2.87637536676348e-09,4.39847163665803e-09,1.36544932853439e-08,2.91816526507946e-08,2.51387015576928e-08,2.46740632271922e-08,4.53271197810117e-08,3.86922643438061e-08,4.11203625644117e-08,3.17912010068509e-08,3.08488923183124e-08,5.9350822600771e-08,5.02730198045914e-08,8.20329251315547e-08,2.42997707526946e-08,2.22477670110897e-08,1.27169422001107e-08,3.56859196489391e-08,1.94549970459728e-08,3.26407538324142e-08,1.6589689971326e-08,9.0505523249308e-09,5.46504193428696e-09,1.41092956239057e-08,8.34235277867238e-09,1.31300860657039e-08,7.27481083032515e-09,4.23796572639404e-09,5.24147779223726e-09,6.30479057278876e-09,4.76330344118438e-09,6.46478472683713e-09,3.75025947037626e-09,4.25604191520857e-09,2.91483413136184e-09,4.00934997308326e-09,5.3542422825228e-09,4.66341867796748e-09,3.51125191358872e-09,2.56845761258151e-09,1.77968347966937e-09,4.53137945884614e-09,2.72781399148383e-09,4.40413515530569e-09,2.24115377261622e-09,1.79335292500437e-09,1.66187673138259e-09,2.49056765377109e-09,2.70173478490367e-09,3.42144131170701e-09
8.36533655852949e-09,1.78380045056055e-08,4.25795555828179e-08,1.62477488162125e-08,3.46082870213412e-08,3.27774954215703e-08,2.32786610501265e-08,4.93767041260382e-08,1.9272591419239e-08,4.23671762963332e-08,3.95235940909001e-08,3.34973973533754e-08,6.66235815493663e-08,2.53041474140899e-08,1.20528153169687e-08,5.5407208324243e-08,2.46760348862255e-08,5.3796411722736e-08,1.83757275243225e-08,8.97584664921177e-09,1.03561114034941e-08,1.77753803375698e-08,9.40475919280219e-09,1.60891742274326e-08,7.30415869826477e-09,8.19710591378882e-09,4.76779755303184e-09,7.47021338375953e-09,8.99533240914079e-09,7.91377567244356e-09,6.82943595013903e-09,3.97091199089849e-09,3.6114278496616e-09,7.47278812534392e-09,4.76720049880244e-09,7.98388342102039e-09,3.4311634850696e-09,3.28137942007266e-09,1.71458753942085e-09,4.11818585055332e-09,3.14809827250577e-09,3.96432521044965e-09,2.8888129323525e-09,1.53157420232923e-09,1.34848566788543e-09,2.79698373968103e-09,1.9075607748376e-09,3.22524668304981e-09,4.19439689040766e-09,1.34948776741952e-08,3.00618358748211e-08,1.17650801749721e-08,2.58741724046891e-08,2.4493658252521e-08,1.83322863921525e-08,3.48253022461482e-08,1.11756780727555e-08,3.09540874589249e-08,2.54018841808936e-08,2.07132299584065e-08,4.38455915449222e-08,1.39110902957299e-08,8.86224831067905e-09,3.51884692884691e-08,1.59116666274095e-08,3.65397733226872e-08,1.00527820911105e-08,6.85597374921637e-09,6.9040128883446e-09,1.13655440029085e-08,6.43830399569487e-09,9.59058594960396e-09,5.68546968019869e-09,5.5662757708326e-09,3.07660014153498e-09,5.09961114602689e-09,7.11028130089474e-09,6.19403383272747e-09,4.96664211731352e-09,2.59951803647668e-09,3.7928141784717e-09,5.86864691260927e-09,3.42178152887599e-09,6.61403542185988e-09,2.33210889413054e-09,3.4141860800519e-09,1.67337420616033e-09,2.82917124528938e-09,2.88231120488761e-09,2.23827736150409e-09,2.94515214251183e-09,1.57029737926141e-09,1.04600005296011e-09,2.54326928496123e-09,1.87813610491404e-09,3.05833362914718e-09
8.85553697224656e-09,8.16133493976153e-09,1.66108882255545e-08,8.88750953187113e-09,1.48695429678965e-08,1.45539409911681e-08,1.0150466717779e-08,1.92350975991854e-08,5.1326545234912e-08,1.81144800010811e-08,4.11340262933589e-08,3.84128149832739e-08,2.53041474140899e-08,6.27193058773617e-08,2.60907283333125e-08,5.24858766939402e-08,5.09815936863859e-08,4.34024277641112e-08,4.64110699324905e-08,1.84226738675685e-08,8.78577573562794e-09,3.67168070288738e-08,1.69234208644037e-08,3.2858851505963e-08,1.43826257233012e-08,6.69791786489747e-09,7.73619862559278e-09,1.29164228437432e-08,7.09186973484770e-09,1.32418615156663e-08,5.35523323460294e-09,6.34276075113834e-09,3.89389326686775e-09,5.61847253286299e-09,7.27323006075863e-09,6.10178979524987e-09,5.50168358336367e-09,3.30514793874629e-09,2.70235737861325e-09,6.11895669627158e-09,4.01758706736081e-09,6.84643401380757e-09,2.82111530661822e-09,2.30112862400387e-09,2.09432723519264e-09,3.37967669576431e-09,2.78577185412194e-09,3.83614381837512e-09,3.97211015137192e-09,5.81301799110037e-09,1.18603181851267e-08,6.31266297366707e-09,1.14667596671535e-08,1.10580281454661e-08,7.06710018775042e-09,1.32681560308031e-08,3.36099041678231e-08,1.32894867589503e-08,2.63374461491172e-08,2.60019141193999e-08,1.6344934523469e-08,4.00656407139093e-08,1.55212761051669e-08,3.20337732419358e-08,3.23014624762345e-08,2.72726735533314e-08,3.01906445108979e-08,1.20684044182662e-08,6.43207086772066e-09,2.32818440450221e-08,1.10935157082952e-08,2.13160505353826e-08,9.48023838603556e-09,4.91683460420587e-09,4.88086087949563e-09,8.0904249313094e-09,4.59412397613182e-09,7.67154810582782e-09,4.29128423112558e-09,4.04612198403978e-09,3.64496258128366e-09,3.8213293159675e-09,5.32877960584518e-09,4.49157062226055e-09,3.43001076526491e-09,2.9429737429144e-09,2.25582495087307e-09,4.54092858380725e-09,3.59814809895205e-09,5.51757047781564e-09,2.45557197698005e-09,1.89142409810985e-09,2.14546631084621e-09,2.86068666067638e-09,2.6480519827453e-09,3.59660971160907e-09
6.74091374510119e-09,9.33438303164887e-09,7.69460246049552e-09,1.059227718427e-08,8.62533046539926e-09,9.59455655203728e-09,1.12143772860335e-08,9.14031889822573e-09,2.10732500377596e-08,1.0414674846664e-08,1.94390917380821e-08,1.96707468221423e-08,1.20528153169687e-08,2.60907283333125e-08,6.98376394416304e-08,2.57603473542338e-08,5.68352237006903e-08,5.54953971817652e-08,1.84387574371011e-08,4.97483611034571e-08,2.05733671789834e-08,3.91356230561938e-08,3.84839131688559e-08,2.99826055857357e-08,3.87318363304197e-08,1.50976700870404e-08,7.32511403304368e-09,2.93284061237879e-08,1.50390940193441e-08,2.86108055970539e-08,1.15561774165623e-08,5.35937737033286e-09,6.43430488304395e-09,1.10216220762131e-08,5.90097772818499e-09,1.08932907411204e-08,4.46302421934098e-09,5.46645110257075e-09,3.34665076714375e-09,4.80387960310434e-09,6.50856164875381e-09,5.15141950322061e-09,4.79357101186715e-09,2.93663022172547e-09,2.14893335324443e-09,5.72356022035136e-09,2.97887261052739e-09,6.07614209854779e-09,4.50438241542805e-09,6.1834357513779e-09,5.95470798372065e-09,6.40392303552762e-09,7.33208974952815e-09,6.91416423150616e-09,7.65604256026873e-09,7.03096134709136e-09,1.56637946459992e-08,8.61325144722195e-09,1.36182857445761e-08,1.44042460491852e-08,8.53776851722732e-09,1.82010212449118e-08,4.55311808469257e-08,1.62717753400894e-08,3.81511730440972e-08,3.72130661074992e-08,1.36630675763946e-08,3.41540136507871e-08,1.37878635216082e-08,2.74964942507928e-08,2.58733178441924e-08,2.11977299952424e-08,2.64246260653071e-08,9.86576609121203e-09,4.94008998627271e-09,1.89745353255769e-08,9.9574757834446e-09,1.76161858280531e-08,8.67274553764557e-09,3.82960786605969e-09,5.84416766529283e-09,7.81850930154216e-09,4.31204343652024e-09,7.81728265504113e-09,3.19618373331094e-09,5.18193878013078e-09,3.28712704742953e-09,3.45856767165956e-09,6.01843460210599e-09,4.30180783431628e-09,4.75317614445387e-09,2.64797485672727e-09,2.10895938299436e-09,5.3355293868229e-09,2.61609029088695e-09,6.22059686752445e-09
9.50645555519229e-09,1.64709951808216e-08,3.35797791026543e-08,1.56154416466403e-08,2.7137512122026e-08,2.54684999350907e-08,2.10552863249605e-08,3.95054576395961e-08,4.11671983246246e-08,3.34757112894876e-08,6.79420743666072e-08,5.85208579844481e-08,5.5407208324243e-08,5.24858766939402e-08,2.57603473542338e-08,9.23259804892938e-08,4.46320209920251e-08,8.22590403054649e-08,3.83163351273857e-08,1.81788711617549e-08,1.01728352043075e-08,3.1343793060589e-08,1.69812049012308e-08,2.78119039325328e-08,1.45669825132824e-08,8.07035670155874e-09,8.6188149782579e-09,1.34656989291336e-08,8.82225140044228e-09,1.39095156510379e-08,6.33166763029466e-09,7.00242527793793e-09,4.7362269537869e-09,6.83254159556546e-09,8.15953800755382e-09,7.20555795189766e-09,5.9953328161579e-09,4.17672451667266e-09,2.91717346581453e-09,7.03366167847399e-09,4.71195752665278e-09,7.43410973350932e-09,3.6711434744844e-09,2.51178039451026e-09,2.2242295828078e-09,4.08584174507109e-09,3.00311027496859e-09,4.68144470476141e-09,3.91161452319142e-09,1.23146790883465e-08,2.35960852199187e-08,1.04016283944317e-08,2.0562335814818e-08,1.91996705206854e-08,1.65023018577705e-08,2.79747661981597e-08,2.61721277988625e-08,2.48711648695169e-08,4.37526572239281e-08,3.84173938074188e-08,3.64728191474519e-08,3.21526061381037e-08,1.62829553204446e-08,5.72696376964577e-08,2.95235303105591e-08,5.46688511610744e-08,2.33427408137919e-08,1.23424215697353e-08,6.78480985386632e-09,2.09627046268439e-08,1.05639152808606e-08,1.71700243276854e-08,9.8327914653521e-09,5.10899974632516e-09,5.23641295930293e-09,7.92345954501773e-09,5.64848176141892e-09,8.50787872953113e-09,4.97437917768414e-09,4.31930893654354e-09,4.61920381729202e-09,4.6237280953077e-09,5.70828148649468e-09,5.4963493571779e-09,3.6234434513128e-09,4.08413672200459e-09,2.28796039227268e-09,4.833600025279e-09,4.06941967916958e-09,4.93315066589941e-09,3.40044859906987e-09,2.11604613597319e-09,2.16713435416828e-09,3.47889097363004e-09,2.98084514477926e-09,4.800935939698e-09
1.01485680948183e-08,8.87317074412378e-09,1.55487978391243e-08,1.02274811494364e-08,1.40606619690786e-08,1.47381707592343e-08,1.05291221824984e-08,1.79974399472107e-08,4.06684604033834e-08,1.7071675184669e-08,3.30943269093648e-08,3.09127797267785e-08,2.46760348862255e-08,5.09815936863859e-08,5.68352237006903e-08,4.46320209920251e-08,9.05202916594923e-08,8.10985231453969e-08,3.67223817235276e-08,3.91189129652394e-08,1.82593545826975e-08,6.37616198500445e-08,3.00758200775286e-08,5.05331207928811e-08,3.02994374977359e-08,1.33085498459249e-08,7.1730331654467e-09,2.25584930547654e-08,1.32408419694037e-08,2.21516368201477e-08,1.02819142331425e-08,5.20809760616667e-09,7.05445559549134e-09,9.70127865322182e-09,5.72937917149674e-09,9.65561321074261e-09,4.37509035591918e-09,6.14685421300277e-09,3.45635928800634e-09,4.79961695943089e-09,7.03400436882463e-09,5.2289361152985e-09,5.40067562869923e-09,3.18484661373265e-09,2.36358070192734e-09,6.3269174491333e-09,3.41540538755652e-09,6.88358788867484e-09,6.14284675137388e-09,6.76693200182461e-09,1.18928119999456e-08,6.78481506280883e-09,1.17092111991522e-08,1.11060211131979e-08,8.09460286330872e-09,1.35573767314627e-08,2.72583577953812e-08,1.36663018599042e-08,2.1875384449479e-08,2.2046350032039e-08,1.73963501137827e-08,3.30503413319388e-08,3.69507504560272e-08,2.82949664218052e-08,6.07557095164692e-08,5.62908106668489e-08,2.4996513855605e-08,2.77197285410467e-08,1.28597207486056e-08,4.40660838551903e-08,2.06813494945517e-08,3.50975042047721e-08,2.14476200601459e-08,9.30628218113098e-09,4.62062042358074e-09,1.48467439059415e-08,8.857396562531e-09,1.34605062385194e-08,7.94739330047963e-09,3.40098068356573e-09,6.98482786272217e-09,6.76170397553511e-09,3.99650416537048e-09,6.56410256467844e-09,2.76385488549124e-09,6.03768629710069e-09,2.93314342636347e-09,3.04613653521227e-09,6.3207902481488e-09,3.81731356232883e-09,5.42362538631898e-09,2.7791934907869e-09,2.49583738480349e-09,5.70274017980615e-09,2.93655208710758e-09,7.07932717202595e-09
1.14959377279715e-08,1.71841080117809e-08,3.17711678515176e-08,1.67679501063812e-08,2.62144321979947e-08,2.52986993445978e-08,2.08315236233779e-08,3.67181692585764e-08,3.26277234496341e-08,3.1332676271124e-08,5.72808068592923e-08,4.9429777103328e-08,5.3796411722736e-08,4.34024277641112e-08,5.54953971817652e-08,8.22590403054649e-08,8.10985231453969e-08,1.33252899484834e-07,3.05117279342272e-08,3.79886641021964e-08,1.89290049321795e-08,5.58738048816891e-08,2.90057447748775e-08,4.33758421499721e-08,2.98681731494149e-08,1.41297297184374e-08,8.04131118657753e-09,2.22771830709651e-08,1.44883490775954e-08,2.20067100225314e-08,1.08910355971597e-08,6.08933241619937e-09,8.81197265960416e-09,1.07196259479886e-08,6.85973378234449e-09,1.06205873474513e-08,5.11588344882902e-09,7.67271998902461e-09,3.94301419119843e-09,5.7901133665407e-09,8.58745999448978e-09,5.96465488733649e-09,6.81491465569559e-09,3.58619813139106e-09,2.80961821214479e-09,7.73614797941615e-09,3.89341863121655e-09,8.41415324948665e-09,7.13184746090543e-09,1.31704001379623e-08,2.49225212945856e-08,1.19525296954313e-08,2.17830782221566e-08,2.07360598563104e-08,1.66237952356138e-08,2.879385241881e-08,2.16115893514273e-08,2.50537168486195e-08,3.95227227943283e-08,3.37134501188304e-08,3.88890390552377e-08,2.7151600724013e-08,3.54551797565765e-08,5.46716196285619e-08,5.55791325868389e-08,9.35232502315157e-08,1.96824282250649e-08,2.61286922202801e-08,1.31609942773428e-08,3.99821136713071e-08,1.84753636555079e-08,2.91366606537652e-08,2.06746345855376e-08,9.35852731410268e-09,4.97442564500738e-09,1.3516168402615e-08,9.53760267305283e-09,1.32469422011616e-08,8.7431796347339e-09,3.92284077494635e-09,8.52914995143823e-09,7.73864622582925e-09,4.39799982687251e-09,7.67795241621953e-09,3.19467821847387e-09,7.58598292274322e-09,3.35366400865276e-09,3.44030259319404e-09,7.39803374109232e-09,3.57728742236458e-09,6.75752002463591e-09,3.10188200900157e-09,3.12902685190218e-09,6.7664374364059e-09,3.55473377245285e-09,8.78238366145964e-09
6.63396508149079e-09,6.37485949008621e-09,1.31772297106977e-08,6.99827518994501e-09,1.17370824957886e-08,1.17377085439866e-08,7.73630938666343e-09,1.47831545557306e-08,3.87144850001469e-08,1.36821925747165e-08,3.11285760290315e-08,2.8833447973365e-08,1.83757275243225e-08,4.64110699324905e-08,1.84387574371011e-08,3.83163351273857e-08,3.67223817235276e-08,3.05117279342272e-08,5.68299311496187e-08,2.23484552072216e-08,1.03825094821888e-08,4.66098042101593e-08,2.03321147264851e-08,4.18707379128304e-08,1.75115808645958e-08,7.94792401190974e-09,8.83821111621711e-09,1.55835729561335e-08,8.27333655029389e-09,1.55564114737122e-08,6.03093205768849e-09,7.04619195729452e-09,4.81109794729874e-09,6.44639761987509e-09,8.28001878639957e-09,7.27176827397382e-09,6.06437839896318e-09,3.95936528832943e-09,3.00189424371467e-09,6.86380633051683e-09,4.62375825138717e-09,7.60021305497656e-09,3.37639973521671e-09,2.54697473942179e-09,2.238224299001e-09,3.93585373442505e-09,3.02337259510403e-09,4.36758689463728e-09,2.38802716199337e-09,4.79069888426171e-09,9.22587055570606e-09,4.93359954037465e-09,9.26044108877402e-09,9.04108328138602e-09,6.12725365212505e-09,1.06083062235923e-08,2.51107619849553e-08,1.12312533565423e-08,1.96270267947978e-08,2.02130293675669e-08,1.21764774642854e-08,3.01940545914516e-08,1.20812963043047e-08,2.35768609589981e-08,2.32941776007173e-08,1.95371487102566e-08,3.52095350561608e-08,1.33424895549762e-08,7.00593362047981e-09,2.80177373708045e-08,1.24921124389586e-08,2.6598719446461e-08,1.04808149015483e-08,5.40615847691653e-09,5.94261916142632e-09,8.91392327947032e-09,5.27997708440899e-09,8.80833724710387e-09,4.48898438571968e-09,4.88577767577733e-09,3.90261155652635e-09,4.22642592155004e-09,5.84948573765724e-09,4.7584725081301e-09,4.16109949524412e-09,3.0487324989722e-09,2.17168342412209e-09,4.89910886355022e-09,3.6634958869516e-09,5.66781939910507e-09,2.70271711069619e-09,1.76075113891118e-09,2.33197960084533e-09,2.97751347627609e-09,2.54360761481343e-09,3.88708975323744e-09
