7.75640379144959e-08,2.88153300721635e-08,1.19612383080238e-08,6.67649312968241e-08,2.79778165444946e-08,6.50993092141308e-08,2.43739418001554e-08,9.85636709300001e-09,9.90507257969115e-09,2.33459701577147e-08,1.08908945486246e-08,2.28424401858394e-08,8.43337413511222e-09,8.21903092521284e-09,6.60068405322326e-09,9.23187178799735e-09,8.93147796687424e-09,9.61672577884327e-09,6.85408525380426e-09,5.53976256016274e-09,3.80464742339181e-09,7.38342980326525e-09,6.50094367648169e-09,8.06900283710131e-09,4.73500151669582e-09,3.17714595664113e-09,2.39870915659253e-09,5.4648114511089e-09,3.97167737999887e-09,6.27410849627414e-09,2.99048055956781e-09,2.27089036881116e-09,1.82553558671407e-09,3.76768336866219e-09,2.53424149638023e-09,4.18176357128197e-09,2.22814347529866e-09,1.64443638415124e-09,1.47597311562069e-09,2.46981687777945e-09,1.84109795050639e-09,2.65823286804592e-09,1.87242344404673e-09,1.58873505262836e-09,1.71431159218482e-09,1.99042007017339e-09,2.2200033713557e-09,2.79454948618869e-09,5.88708530125877e-08,1.94080453252281e-08,8.6203912385484e-09,4.6758327725573e-08,1.97105239429816e-08,4.72411379047563e-08,1.62798863104272e-08,7.14620022988041e-09,8.45512005412416e-09,1.62242799090336e-08,8.66583244372295e-09,1.70293535192752e-08,6.15731999061551e-09,6.76218019628045e-09,5.18293051973185e-09,7.12053025402162e-09,8.34700516835086e-09,7.84188162203852e-09,5.7629176736544e-09,4.41719250202033e-09,2.49553221320232e-09,7.00660027528847e-09,4.91862201961887e-09,7.08441237057918e-09,3.69720001182072e-09,2.12286324606235e-09,2.19624332917172e-09,4.2713055743801e-09,3.05609377254164e-09,4.95903886161266e-09,1.89353337408041e-09,1.97408307705299e-09,1.8552893824578e-09,2.8116208864236e-09,2.37958161571679e-09,3.3140684160454e-09,1.76982391961926e-09,1.55314324646809e-09,1.01115064227903e-09,2.01229132265166e-09,1.80089924054298e-09,1.98278419153089e-09,1.5728643353654e-09,9.98622773018022e-10,1.74065739684867e-09,1.70034599228246e-09,2.08595556239958e-09,2.73781019912022e-09
2.88153300721635e-08,6.63391795112636e-08,2.87764952526138e-08,5.63439237133087e-08,5.65340499276779e-08,4.78196592512918e-08,5.54899823863003e-08,2.3092709300057e-08,1.15577096664769e-08,4.62385062033951e-08,2.28511583783379e-08,4.40041496720765e-08,1.94542580568582e-08,9.41395954838644e-09,9.5213223811988e-09,1.90976978617509e-08,1.05939092161645e-08,1.94695701932197e-08,7.79954619192397e-09,8.32191479747927e-09,5.45804476439059e-09,8.96816100093263e-09,9.36067226939982e-09,9.35920180622507e-09,7.22150434285712e-09,4.45509951407787e-09,3.44642386226343e-09,7.8613445334696e-09,5.39062560927735e-09,9.08988755832438e-09,4.06426036165754e-09,3.136524000091e-09,2.83886348960058e-09,4.88396111827632e-09,3.70366689373617e-09,5.09529861450031e-09,2.81508180086474e-09,2.57232682415183e-09,1.79166081570899e-09,3.34123007076001e-09,2.78032643045443e-09,3.55103631837943e-09,2.49977946213324e-09,1.73007730244271e-09,1.49049781054146e-09,2.69423669637109e-09,1.77720981801918e-09,2.70415127289001e-09,2.10088737954899e-08,4.69410177511786e-08,2.07056923874553e-08,3.89311185052347e-08,4.09721531283592e-08,3.38144931715402e-08,3.88366288414953e-08,1.69719211458255e-08,8.2919728685751e-09,3.36065175092425e-08,1.77194719995659e-08,3.27105846700981e-08,1.38942275741165e-08,6.75317917145589e-09,7.20534157281492e-09,1.43690658352373e-08,8.01871433281974e-09,1.51295317772838e-08,5.69975486562961e-09,6.46726461200853e-09,3.79199347671958e-09,6.85446623500227e-09,7.08314696738479e-09,6.865321955531e-09,5.54771296658146e-09,3.09257470817128e-09,2.90767416931511e-09,6.11698246005865e-09,3.72173821391632e-09,6.96333061477776e-09,2.70509556275571e-09,2.75978895231231e-09,2.23348231375019e-09,3.55724437047615e-09,2.91412492079474e-09,3.16850100662758e-09,2.41049337511386e-09,1.95005736019942e-09,7.92960257639553e-10,2.45876191105128e-09,1.93423624838853e-09,2.55725532755466e-09,2.08216965963361e-09,8.67783559528124e-10,1.26792271681964e-09,2.08043835570669e-09,1.4066874412486e-09,2.47122104644208e-09
1.19612383080238e-08,2.87764952526138e-08,6.65242174949915e-08,2.66024419493237e-08,5.6207127181673e-08,5.27406749893191e-08,2.31085678064629e-08,5.38444038730736e-08,2.42649760834819e-08,4.47742082250114e-08,4.64611673522683e-08,3.83738627951955e-08,4.4515591516806e-08,1.91376573518534e-08,7.98094103893574e-09,3.79507550741776e-08,1.83372933274515e-08,3.60708945191576e-08,1.55974297735111e-08,6.58443046461971e-09,6.83794017627084e-09,1.5067898341586e-08,7.43528589975835e-09,1.49081324900119e-08,5.6927308016228e-09,5.98116302989998e-09,3.99952615423659e-09,6.40912340288343e-09,6.97864049479322e-09,6.76996549870728e-09,5.38241662363019e-09,3.51860525258944e-09,2.95324328591399e-09,6.19722855620889e-09,4.06514066863275e-09,6.76190999051907e-09,3.23677036501448e-09,2.85268430904862e-09,2.28945197156885e-09,3.76848681022154e-09,3.33210984837745e-09,4.39882481000814e-09,2.78449548506506e-09,2.1171133071358e-09,1.94006392335059e-09,3.20262758822747e-09,2.21287016114044e-09,3.41326392599161e-09,8.91890119458451e-09,2.28689845686625e-08,4.70675001016559e-08,2.09604860569316e-08,3.95316496792332e-08,3.81539248365313e-08,1.75170988567849e-08,3.86352227072818e-08,1.61089692623525e-08,3.1241976305546e-08,3.4762655869689e-08,2.7941144694607e-08,3.11648922076237e-08,1.31746236172165e-08,5.24457362799097e-09,2.82044943018938e-08,1.20323976696033e-08,2.53992845994929e-08,1.11177138768288e-08,4.76690248778595e-09,4.20687172005673e-09,1.03640582811619e-08,5.0366202299356e-09,9.73436101545015e-09,4.11880534287862e-09,3.67944205402578e-09,3.7608987516726e-09,4.48335990436806e-09,5.21093083987754e-09,4.67196201235126e-09,3.40627408844203e-09,3.40543207643675e-09,2.24714503440402e-09,4.76668983656166e-09,3.19506433845182e-09,4.30276484823210e-09,3.09872720231352e-09,1.9712060013301e-09,1.43447513038058e-09,2.6090436114114e-09,2.87388847115606e-09,3.64251969854380e-09,2.06774973756636e-09,1.28101932623616e-09,1.50393788606509e-09,2.8401353614452e-09,1.53586321936643e-09,3.02473357287999e-09
6.67649312968241e-08,5.63439237133087e-08,2.66024419493237e-08,1.07760120382788e-07,4.79840557183602e-08,9.47152898361777e-08,4.7196700366556e-08,2.16255795498715e-08,1.22854937373888e-08,3.95373571279502e-08,2.13142482000249e-08,3.68553366007123e-08,1.78746877404512e-08,9.82718302852636e-09,1.09359144428477e-08,1.75272411808599e-08,1.15955355439117e-08,1.90566562662511e-08,8.23516023720209e-09,9.59034407564576e-09,6.25021049218543e-09,9.8302273467397e-09,1.11304362461643e-08,1.05570783395175e-08,8.3099685181719e-09,5.12320488505351e-09,3.14099801851914e-09,9.38796062578039e-09,6.00066747489058e-09,1.0275093272936e-08,4.79092806615576e-09,2.96291724766696e-09,2.63840420107725e-09,5.67016415944144e-09,3.48926073665536e-09,6.11881298917322e-09,2.79795084228106e-09,2.39344412917497e-09,1.71047948344306e-09,3.28113174272155e-09,2.55791116639306e-09,3.58333046241946e-09,2.44881282922866e-09,1.73873078446994e-09,1.83002229265812e-09,2.59682532989019e-09,2.0861938780363e-09,3.054899252477e-09,4.99670311781271e-08,3.78617666899172e-08,1.83930692961885e-08,7.43514383104395e-08,3.41691767784818e-08,6.80469597242258e-08,3.16249192373173e-08,1.53088485948629e-08,8.98878258563589e-09,2.83694677570893e-08,1.5598862989572e-08,2.65720309749011e-08,1.2209961348449e-08,7.30264842491371e-09,8.36642470735905e-09,1.22299594311348e-08,9.45470694085542e-09,1.46048762538749e-08,6.17515106131121e-09,7.51464286463017e-09,4.48057405346065e-09,7.95933707289946e-09,8.53120316766579e-09,8.25925316150208e-09,6.30283120573136e-09,3.78911799575682e-09,3.08078650607097e-09,7.35320218923071e-09,4.57123791405292e-09,7.99016859600711e-09,3.25160658736383e-09,2.87414977588013e-09,2.54095785124229e-09,4.25402891538903e-09,2.86388818559672e-09,3.80671662246825e-09,2.55777973407567e-09,2.2365783457272e-09,1.00348406512222e-09,2.47806546218736e-09,2.36008406408354e-09,2.75272677341773e-09,2.22112576368306e-09,1.12301974306376e-09,1.9357001002529e-09,2.33889644024832e-09,1.98883945187176e-09,3.12436159761124e-09
2.79778165444946e-08,5.65340499276779e-08,5.6207127181673e-08,4.79840557183602e-08,9.41225385056361e-08,8.18732229514587e-08,4.62556519181119e-08,4.47705691660441e-08,2.31761018356268e-08,7.58205129693322e-08,3.87524173589893e-08,6.65882442728868e-08,3.71965980980141e-08,1.83079464079986e-08,9.29029649162315e-09,3.17733909382812e-08,1.78308293867039e-08,2.99320926258841e-08,1.49853799284213e-08,7.8296597672907e-09,8.33742988003506e-09,1.46833205967022e-08,8.61090707815936e-09,1.46583200094766e-08,6.72444323512448e-09,7.20412668673275e-09,5.14337561689192e-09,7.32630414379339e-09,8.30324484254572e-09,8.09573281003061e-09,6.57521791137842e-09,4.68339059150872e-09,3.79437230163765e-09,7.50036322196444e-09,5.33549857015508e-09,8.15972393965869e-09,4.37004060297515e-09,3.66673389665169e-09,2.83153178989069e-09,5.02060260564905e-09,4.21820903564523e-09,5.58629559782239e-09,3.56206287938016e-09,2.71231097941774e-09,2.09537169956713e-09,4.08741205346416e-09,2.62530759020642e-09,4.18141321392628e-09,2.06406917401092e-08,4.21863940732937e-08,3.93461234948252e-08,3.42057934619951e-08,6.73661618529421e-08,5.84052988394458e-08,3.36486885346589e-08,3.20292264362719e-08,1.62885209577926e-08,5.44473278251734e-08,3.00250830627168e-08,4.99781161392968e-08,2.58157912082289e-08,1.29084819022719e-08,6.57521517968049e-09,2.41016912162821e-08,1.1998421761835e-08,2.16371477606577e-08,1.06361597126741e-08,6.10666384757036e-09,5.05845897921401e-09,1.024943550514e-08,6.41624261216437e-09,1.00027304329792e-08,5.14583138952488e-09,4.38887176564367e-09,4.47486143749897e-09,5.54807142050817e-09,5.58010500977584e-09,5.98950139676387e-09,4.18299580437906e-09,4.20429556668265e-09,3.10364113273177e-09,5.40560865737724e-09,4.33332310640918e-09,5.14550037659695e-09,3.82507727292186e-09,2.93304158526071e-09,1.49811567373363e-09,3.8024217594613e-09,3.4417631518591e-09,4.40555463635437e-09,2.99346308583436e-09,1.46060375332029e-09,1.92167856407193e-09,3.39445486065935e-09,1.73163524755729e-09,3.63973585051929e-09
6.50993092141308e-08,4.78196592512918e-08,5.27406749893191e-08,9.47152898361777e-08,8.18732229514587e-08,1.41191934819228e-07,3.92874224433023e-08,4.24231382801884e-08,2.31571404783336e-08,6.63191717799428e-08,3.6311218909579e-08,5.70237907219304e-08,3.47830203266698e-08,1.80601626776099e-08,1.06363713777033e-08,2.92951691357452e-08,1.84497860821814e-08,2.88848017569803e-08,1.49668328234855e-08,8.95639841289053e-09,8.99242732804135e-09,1.52042594764412e-08,1.0419769426819e-08,1.56830812905868e-08,7.5267512639129e-09,7.64473890595149e-09,4.66868283863582e-09,8.65244843562269e-09,8.87893152112856e-09,9.22919681917746e-09,7.13672506530364e-09,4.37951873495894e-09,3.41023246423591e-09,8.25371033352243e-09,4.84696465438919e-09,8.89318359733243e-09,4.19207433457543e-09,3.1886401165246e-09,2.61045050954814e-09,4.67586582917884e-09,3.71173883253355e-09,5.40898318057581e-09,3.23997816004388e-09,2.68761344488477e-09,2.26165700436707e-09,3.75523944370281e-09,2.75764274718041e-09,4.07987251925124e-09,4.9598674598157e-08,3.33765113195198e-08,3.57399792207708e-08,6.62535736921398e-08,5.72089241328662e-08,1.01147215388194e-07,2.69768270375266e-08,2.95005130126923e-08,1.58673286303e-08,4.68316419922075e-08,2.63928944655696e-08,4.16416036261522e-08,2.3483738507326e-08,1.27480247694767e-08,7.4139598867177e-09,2.08783947842934e-08,1.34049644412638e-08,2.03298425090575e-08,1.02230907858295e-08,6.5100955711866e-09,6.17091100173731e-09,1.09138796787585e-08,7.60956324268091e-09,1.12331043210722e-08,5.38321973530565e-09,5.4075519427671e-09,4.46952608846063e-09,6.57326529298669e-09,7.11104879518643e-09,6.70030369510352e-09,5.06973831190737e-09,4.25031215256638e-09,3.22792046002373e-09,6.73858695609056e-09,3.93466529791058e-09,6.55608049502962e-09,3.76165052886017e-09,2.98126759117766e-09,1.673749974729e-09,3.46879160394361e-09,3.53366099253732e-09,4.30443464751199e-09,2.86785970041241e-09,1.77909655002906e-09,2.52508501963365e-09,3.41517110715227e-09,2.23098580979085e-09,3.79315078649596e-09
2.43739418001554e-08,5.54899823863003e-08,2.31085678064629e-08,4.7196700366556e-08,4.62556519181119e-08,3.92874224433023e-08,6.57330222010535e-08,2.66479176588054e-08,1.2917962637531e-08,5.4758774788773e-08,2.66152993995103e-08,5.2665456461492e-08,2.24729283126853e-08,1.05625838734738e-08,1.02892856566132e-08,2.22891430764901e-08,1.1974984968943e-08,2.28581534455149e-08,8.61441612706426e-09,8.7426760092222e-09,6.17252282921108e-09,9.92992945397017e-09,1.01981577450303e-08,1.04745140496297e-08,7.5799667186153e-09,5.0246322148591e-09,3.73001461595348e-09,8.55132943842643e-09,5.80033528677921e-09,9.63818984186553e-09,4.5508926321179e-09,3.32720125093505e-09,3.0908211112458e-09,5.21219398078618e-09,4.06571391518572e-09,5.58184879203126e-09,2.89307695591109e-09,2.71488073254477e-09,2.06635184044617e-09,3.58017135491815e-09,2.9231316719047e-09,3.65528529123133e-09,2.53169697284427e-09,1.85324211906926e-09,1.77623984647855e-09,2.66423325470772e-09,2.05462067050226e-09,2.76289005728349e-09,1.83267370651125e-08,3.88410307651972e-08,1.6985578265625e-08,3.27688511630074e-08,3.36221694269315e-08,2.84171131170813e-08,4.72153513011612e-08,1.9891153537925e-08,9.52573468213455e-09,3.97043416967249e-08,2.11743191864308e-08,3.94278320955436e-08,1.64155488975247e-08,7.77182574492092e-09,7.78327019142047e-09,1.72585148544991e-08,8.43113222326523e-09,1.74437622964862e-08,6.34820230931423e-09,6.65210970517774e-09,4.36276649019298e-09,6.9264462630981e-09,7.84506687633381e-09,7.26358195165682e-09,5.66717157651474e-09,3.55795286947169e-09,3.32637115241562e-09,6.57382136424632e-09,4.31586517230883e-09,7.5806492353377e-09,3.1256940374102e-09,2.98863854463343e-09,2.29320851567864e-09,4.01161050096973e-09,3.25464025558376e-09,3.68778003932839e-09,2.5591473239498e-09,1.95972339166874e-09,1.13931881737375e-09,2.68561445258224e-09,2.08808004346151e-09,2.85750528620801e-09,1.97334268797802e-09,1.11979214552036e-09,1.47470632169443e-09,2.01652267207106e-09,1.70409085064452e-09,2.39341268531063e-09
9.85636709300001e-09,2.3092709300057e-08,5.38444038730736e-08,2.16255795498715e-08,4.47705691660441e-08,4.24231382801884e-08,2.66479176588054e-08,6.50908824196644e-08,2.9083057575233e-08,5.22993718478604e-08,5.67075952688666e-08,4.56151298843276e-08,5.42908984588087e-08,2.3511254757484e-08,9.48674817268838e-09,4.69686642378308e-08,2.26165202482645e-08,4.46143467105806e-08,1.94049249628892e-08,7.82136106404556e-09,8.23858786246172e-09,1.86932043109744e-08,8.89641134291866e-09,1.8397442450116e-08,6.72471317719889e-09,7.24484457258121e-09,4.74821141190098e-09,7.61804701539494e-09,8.32384902531288e-09,8.08166774143008e-09,6.39493594555509e-09,4.07701582513103e-09,3.54394169724932e-09,7.25098923557955e-09,4.91969397482272e-09,8.08028828191737e-09,3.45835980382352e-09,3.18121736917919e-09,2.56380720627343e-09,4.24231222254614e-09,3.61840546777658e-09,4.70011939388857e-09,3.01517010750096e-09,2.29409247461536e-09,1.96942003043774e-09,3.31622693003459e-09,2.41502953407448e-09,3.63834173770427e-09,7.78643157068788e-09,1.75074750127419e-08,3.86397554801434e-08,1.69892389303947e-08,3.12429693205787e-08,3.13742442358773e-08,2.05093014119288e-08,4.61214904932496e-08,1.91943948860625e-08,3.69734112828899e-08,4.15606798490543e-08,3.3823610550949e-08,3.76421736350296e-08,1.60086062710813e-08,6.08432707665606e-09,3.43098835733486e-08,1.42824678360282e-08,3.04503768755151e-08,1.35383009626917e-08,5.36338319085595e-09,5.39927754275944e-09,1.20157853518501e-08,5.99535170472116e-09,1.12574428717277e-08,4.55611427879624e-09,4.75451707048556e-09,4.89050953352116e-09,5.06946300573052e-09,6.58154346069011e-09,5.8296315811956e-09,4.26814646818224e-09,4.09005611219465e-09,2.55031479374999e-09,5.7076403771868e-09,3.94870997096561e-09,5.5136942049395e-09,3.38023527078968e-09,2.02478048328301e-09,1.78597782514255e-09,3.00239689577834e-09,3.07320191514096e-09,4.11015459816748e-09,2.03201342183611e-09,1.55099167960472e-09,1.64746441037142e-09,2.92933143640528e-09,1.81234473783293e-09,3.1245241547193e-09
9.90507257969115e-09,1.15577096664769e-08,2.42649760834819e-08,1.22854937373888e-08,2.31761018356268e-08,2.31571404783336e-08,1.2917962637531e-08,2.9083057575233e-08,7.02848741608667e-08,2.69070065040281e-08,5.99476104370835e-08,5.51916016293294e-08,2.35312935413759e-08,5.52778326894301e-08,2.30316973146168e-08,4.69350972963247e-08,4.63179903842401e-08,3.96835959712091e-08,4.49948802865329e-08,1.81317470762609e-08,8.98681515976259e-09,3.71131260532917e-08,1.74617195022141e-08,3.50853174184954e-08,1.50522932158994e-08,7.24739716518189e-09,7.62727284653664e-09,1.42206641708264e-08,7.77889490497729e-09,1.40880836206118e-08,6.25784431913095e-09,6.51854720976334e-09,4.57776871398047e-09,6.68511304117795e-09,7.49153967584713e-09,7.98440356538613e-09,5.58494564123131e-09,3.98703284441523e-09,2.96262111465999e-09,6.26348040092074e-09,4.5935684304619e-09,6.94181896027288e-09,3.79246336210648e-09,2.78919645431746e-09,2.92175139822066e-09,4.4650073026504e-09,3.36898300183155e-09,5.05838599659631e-09,8.40506820783924e-09,8.64544386536696e-09,1.93696628002707e-08,9.81514573232104e-09,1.74801888693363e-08,1.74527352257514e-08,9.57974106071304e-09,2.20743627401094e-08,5.22057654253148e-08,2.02748412754096e-08,4.46240978631509e-08,4.12820785255892e-08,1.72312135846653e-08,4.18507330481061e-08,1.69931153435103e-08,3.47975900754509e-08,3.46101205386391e-08,2.89095910434853e-08,3.47535987059019e-08,1.30553504555267e-08,6.96822661207968e-09,2.78892039267073e-08,1.223585419291e-08,2.61828772106201e-08,1.07678999986754e-08,5.43672821434539e-09,6.61967515365034e-09,9.65885783355797e-09,6.00294445495507e-09,9.68533249724698e-09,4.87679644428768e-09,5.86474437138346e-09,4.13605958798896e-09,5.46828789776072e-09,7.27567056679383e-09,6.98867710366766e-09,5.09478313337848e-09,3.52137715878704e-09,2.61059084198287e-09,6.14789578778853e-09,4.22239329141361e-09,6.76069612211603e-09,3.21354836698543e-09,2.38882919688769e-09,2.32962702024759e-09,4.0883732283355e-09,2.784641489939e-09,4.23826930397136e-09
2.33459701577147e-08,4.62385062033951e-08,4.47742082250114e-08,3.95373571279502e-08,7.58205129693322e-08,6.63191717799428e-08,5.4758774788773e-08,5.22993718478604e-08,2.69070065040281e-08,8.87683011611139e-08,4.61863682870218e-08,7.91600770927662e-08,4.38433097347796e-08,2.16348135078643e-08,1.08581734035741e-08,3.83532013270485e-08,2.14046936796748e-08,3.63083158233008e-08,1.77780216832919e-08,9.00315100382642e-09,9.48482560336731e-09,1.76056557608817e-08,9.70387572908542e-09,1.72703527146936e-08,7.65434518685279e-09,8.15866799285218e-09,5.77625028753235e-09,8.1419584813941e-09,9.2778399189788e-09,8.79231507938184e-09,7.39116424451495e-09,5.21864700034846e-09,4.35498932964175e-09,8.31302562865185e-09,6.11441857599563e-09,9.29402424900257e-09,4.61361482509699e-09,3.93399276619691e-09,2.96998424854212e-09,5.43771881962927e-09,4.47269871339424e-09,5.89549323642234e-09,3.71299672014451e-09,2.67332066731324e-09,2.37365949700894e-09,4.1312916949268e-09,2.83559642801425e-09,4.44757110444126e-09,1.77882083306958e-08,3.3639293650885e-08,3.203726103243e-08,2.80355210394051e-08,5.44519930945248e-08,4.83716223939356e-08,4.00872521202853e-08,3.79094616115031e-08,1.92368726731812e-08,6.42124368316067e-08,3.61585378501027e-08,5.97750883924504e-08,3.08301054465944e-08,1.55992446713457e-08,7.45613688658135e-09,2.96144970256766e-08,1.36546737330603e-08,2.56899016475531e-08,1.28788868885299e-08,6.52758728444643e-09,6.04743881662496e-09,1.13397960381068e-08,7.26456010406505e-09,1.11864251580999e-08,5.42040377690938e-09,5.19602216130927e-09,5.5794765847812e-09,5.86777912474705e-09,6.90097383804507e-09,6.89110031810875e-09,4.88539984217339e-09,4.93515268477675e-09,3.25186846465819e-09,6.31639888018474e-09,5.0397308895649e-09,6.26612673711158e-09,4.28731621212329e-09,2.87935108725385e-09,1.80533022520823e-09,4.29863834530701e-09,3.599601203008e-09,4.98274573096587e-09,2.74855002568968e-09,1.68628482585066e-09,2.18029320050807e-09,3.35552594965776e-09,2.05770140219079e-09,3.71779097909149e-09
1.08908945486246e-08,2.28511583783379e-08,4.64611673522683e-08,2.13142482000249e-08,3.87524173589893e-08,3.6311218909579e-08,2.66152993995103e-08,5.67075952688666e-08,5.99476104370835e-08,4.61863682870218e-08,9.62279120190055e-08,8.10105274324566e-08,4.6980512271556e-08,4.69196381642586e-08,2.13718995576557e-08,7.75699052545727e-08,3.98123567975509e-08,6.78227872376711e-08,3.82615432989237e-08,1.68929446192245e-08,9.53297806589228e-09,3.20029290478927e-08,1.68343454674326e-08,3.03749399370634e-08,1.40882258293657e-08,7.79792815233391e-09,8.87333859365653e-09,1.37112364794637e-08,8.75629855997725e-09,1.36672928191303e-08,6.78147932527185e-09,7.46620992277542e-09,5.27561020198194e-09,7.52537781562635e-09,8.55014518997881e-09,8.56980191082076e-09,6.39862082142132e-09,4.6136351374559e-09,3.67870756355473e-09,7.25038557851154e-09,5.27659597047116e-09,8.19225820443425e-09,4.41282799989811e-09,3.41325543628995e-09,3.21936317914598e-09,5.11352466054764e-09,3.83309933077159e-09,5.60804460682557e-09,9.0173450078824e-09,1.76787728885629e-08,3.55845036889574e-08,1.77041839893837e-08,2.90369702271999e-08,2.86860715954974e-08,2.0462835491412e-08,4.24820452378496e-08,4.36151121028637e-08,3.46331896918728e-08,7.21194961033508e-08,6.14585365739845e-08,3.42779509606802e-08,3.47811838952841e-08,1.56517690657014e-08,5.74269803598174e-08,2.86679843836024e-08,4.95335634670234e-08,2.90008913033633e-08,1.23455660768886e-08,7.322639929945e-09,2.31606289577669e-08,1.18028721335483e-08,2.11304419443385e-08,1.02229293286607e-08,5.7389071414654e-09,8.34869972508883e-09,9.22012211831894e-09,6.8645146167621e-09,9.5885047649548e-09,5.17727177030556e-09,7.06990545806527e-09,4.74471083444333e-09,6.17007922063869e-09,7.98243218590081e-09,6.99563030940361e-09,6.04804664657687e-09,3.99420821069237e-09,2.93911957977539e-09,6.55952005129475e-09,4.73525612760918e-09,7.41216802850378e-09,3.79839431782151e-09,2.55625921707172e-09,2.43897938085879e-09,4.59298359077368e-09,3.15301819585583e-09,4.95727630439957e-09
2.28424401858394e-08,4.40041496720765e-08,3.83738627951955e-08,3.68553366007123e-08,6.65882442728868e-08,5.70237907219304e-08,5.2665456461492e-08,4.56151298843276e-08,5.51916016293294e-08,7.91600770927662e-08,8.10105274324566e-08,1.24277878178093e-07,3.79254448879173e-08,4.28843690341136e-08,2.16252095552958e-08,6.51802273249177e-08,3.70080671275551e-08,5.65275099287879e-08,3.48003888675111e-08,1.69957981280066e-08,1.01202620159763e-08,2.96017355110887e-08,1.65163819321512e-08,2.78319668050935e-08,1.41218134687179e-08,8.1331055285489e-09,9.97335516048166e-09,1.33271123678906e-08,8.81225469446883e-09,1.30815486557196e-08,7.19024430342938e-09,8.66809615422789e-09,6.04491981130063e-09,7.75026834850596e-09,9.84038782284603e-09,8.93871644636676e-09,7.60626719322079e-09,5.39170067306443e-09,3.9075173873997e-09,8.58669970519542e-09,5.89089128930237e-09,9.24110729430004e-09,4.98234092862422e-09,3.64794017040454e-09,3.17851697541743e-09,5.64600637408992e-09,3.88478601448924e-09,5.96074780691935e-09,1.7463302207324e-08,3.22122050048301e-08,2.99379372732883e-08,2.70443454747667e-08,5.00596282401638e-08,4.39982244508554e-08,3.8466014213424e-08,3.57426653776095e-08,4.20348876189277e-08,5.940391814204e-08,6.40919172470935e-08,9.52230263427733e-08,2.88547409985499e-08,3.31932902413839e-08,1.59871724953705e-08,5.08355939134389e-08,2.69923439583797e-08,4.27082871005387e-08,2.69654821955918e-08,1.22992256221821e-08,7.82487504202645e-09,2.12996219343958e-08,1.22870096664838e-08,2.03086366760966e-08,1.00339087024042e-08,5.86807688241723e-09,9.0894243954597e-09,9.19109867323418e-09,6.66458856792064e-09,9.38421035834815e-09,5.37726730289722e-09,8.01319335960972e-09,5.17536579274388e-09,6.15342736811956e-09,9.06059105142797e-09,7.01685503637657e-09,7.06290554929121e-09,4.69723668326088e-09,2.89198238863728e-09,7.89748674122703e-09,4.81558029741494e-09,8.18611664293228e-09,4.19376083546749e-09,2.72599963817346e-09,2.69472402288667e-09,4.60659407021639e-09,3.47983226301387e-09,5.30284268717872e-09
8.43337413511222e-09,1.94542580568582e-08,4.4515591516806e-08,1.78746877404512e-08,3.71965980980141e-08,3.47830203266698e-08,2.24729283126853e-08,5.42908984588087e-08,2.35312935413759e-08,4.38433097347796e-08,4.6980512271556e-08,3.79254448879173e-08,6.70713230988399e-08,2.75730926310767e-08,1.15230647441825e-08,5.80872968664992e-08,2.68460693237131e-08,5.58936423640646e-08,2.26727110363754e-08,9.52671567730516e-09,1.01699454109839e-08,2.20057137214158e-08,1.13080298163038e-08,2.21109562033311e-08,8.21709228582787e-09,8.94000525904055e-09,5.50244241756356e-09,9.77232326963102e-09,9.98293237446905e-09,1.0277027347427e-08,7.86529963040668e-09,4.73288665877795e-09,4.0775328875129e-09,8.57185881624072e-09,5.56568633494034e-09,9.34992798569466e-09,3.90516960244346e-09,3.57413750562611e-09,2.67643503741911e-09,4.7607570526963e-09,3.8915234272752e-09,4.91871588731629e-09,3.25699306899597e-09,2.32118174434105e-09,2.09786175909632e-09,3.48184301001143e-09,2.51224976411985e-09,3.89235456267131e-09,6.79190159854767e-09,1.49216082644834e-08,3.11713367650523e-08,1.42554038913973e-08,2.57458146797974e-08,2.56923290500972e-08,1.7638956240596e-08,3.76422227365865e-08,1.6017280068976e-08,3.0778895034587e-08,3.43211114468884e-08,2.86920949133776e-08,4.80011464232173e-08,1.80870249241404e-08,7.41195867581644e-09,4.27298212183883e-08,1.62359997094313e-08,3.86836511778304e-08,1.53267381926523e-08,6.59252965918486e-09,7.0938833155459e-09,1.38751979980763e-08,7.95517420206132e-09,1.35575713031553e-08,5.73647009177919e-09,6.17357918814983e-09,5.2450097733065e-09,6.87546500368147e-09,8.03970329471449e-09,7.85023421615285e-09,5.55400967473087e-09,4.43425229004949e-09,3.17209839087882e-09,6.86771584229791e-09,4.26920618447256e-09,6.55845170660662e-09,3.48902604158895e-09,2.40895601672232e-09,1.74195714328945e-09,3.27688408342419e-09,3.42892555443552e-09,4.26001740885429e-09,2.27475302712236e-09,1.49827465670498e-09,1.7221003144629e-09,3.09362699883974e-09,1.90361915242744e-09,3.22065321523638e-09
8.21903092521284e-09,9.41395954838644e-09,1.91376573518534e-08,9.82718302852636e-09,1.83079464079986e-08,1.80601626776099e-08,1.05625838734738e-08,2.3511254757484e-08,5.52778326894301e-08,2.16348135078643e-08,4.69196381642586e-08,4.28843690341136e-08,2.75730926310767e-08,6.45877361187855e-08,2.77558484810903e-08,5.54231223822257e-08,5.52509044256771e-08,4.7641071661281e-08,5.23849169249357e-08,2.17761956993812e-08,1.02726847682281e-08,4.3840875737289e-08,2.08237228252142e-08,4.11135864163005e-08,1.81820336640597e-08,8.33278112721486e-09,8.49395029666538e-09,1.70309307872005e-08,8.83511177129902e-09,1.70268627113102e-08,7.21666752300002e-09,7.2512671789121e-09,5.38181959527282e-09,7.56509533992404e-09,8.57441256950752e-09,8.9827957412731e-09,6.22925117533864e-09,4.70143440524631e-09,3.33266375893845e-09,7.19878181517599e-09,5.1816620916576e-09,7.65744886740037e-09,4.30957389861684e-09,3.03504036924728e-09,2.94299404799097e-09,4.87204519186705e-09,3.51752381966116e-09,5.4106589847928e-09,6.82396336965462e-09,7.05714772062112e-09,1.51627138514187e-08,8.04676246466738e-09,1.39191727075953e-08,1.39605762795332e-08,7.80838702614343e-09,1.72160087542138e-08,4.18518259361697e-08,1.59556096949923e-08,3.47901132651864e-08,3.25182337399613e-08,1.99217007448943e-08,4.67290863381369e-08,1.97490104783426e-08,4.02441435698672e-08,3.93779839637627e-08,3.41981816364761e-08,3.87417829476254e-08,1.50521551426061e-08,8.00138697990073e-09,3.16417529119339e-08,1.42942814843023e-08,2.99164058594006e-08,1.25267085917815e-08,6.37592282857365e-09,7.00272623022624e-09,1.14385221324586e-08,6.80764522475949e-09,1.14559640175332e-08,5.72023912767963e-09,6.29536041740366e-09,4.89305473810301e-09,6.22858800963700e-09,7.92457984728243e-09,7.48558662397016e-09,5.4473171774401e-09,4.10634826688649e-09,2.8908835687299e-09,6.72419390396469e-09,4.71004681094336e-09,7.13922266491754e-09,3.67379342400595e-09,2.70014680499367e-09,2.41942809096821e-09,4.42470423934351e-09,3.15644609608951e-09,4.64848519613929e-09
6.60068405322326e-09,9.5213223811988e-09,7.98094103893574e-09,1.09359144428477e-08,9.29029649162315e-09,1.06363713777033e-08,1.02892856566132e-08,9.48674817268838e-09,2.30316973146168e-08,1.08581734035741e-08,2.13718995576557e-08,2.16252095552958e-08,1.15230647441825e-08,2.77558484810903e-08,6.6858703982187e-08,2.59975370482916e-08,5.62605349041487e-08,5.2077752458825e-08,2.17929155391471e-08,5.19671444717126e-08,2.23359039441186e-08,4.33122921331063e-08,4.26942143436554e-08,3.52074249626907e-08,4.34651185885613e-08,1.79556916254677e-08,8.14965297178091e-09,3.47554165189736e-08,1.69244277471045e-08,3.26060053406939e-08,1.54465217106182e-08,6.86083925297883e-09,8.21893281685805e-09,1.43666848816452e-08,7.81487514814299e-09,1.51447754862815e-08,6.17287654159426e-09,7.1018153730601e-09,4.1339877109924e-09,6.93366429549851e-09,7.80408879805238e-09,7.19415599175271e-09,6.03349975784925e-09,3.4165457273195e-09,3.16922066233443e-09,6.60991834835576e-09,4.05172661475894e-09,7.17486982868765e-09,5.68009230987236e-09,6.34133377806306e-09,7.23094695437011e-09,8.17465408674594e-09,7.58326645259644e-09,8.68607117528879e-09,6.44738538715384e-09,8.01373484484363e-09,1.88045016247771e-08,8.14494699683588e-09,1.63739397755321e-08,1.71715097220906e-08,9.30431634274964e-09,2.13250289632775e-08,4.88162075518347e-08,1.95682089632189e-08,4.43410994045393e-08,3.98447650849451e-08,1.65954911278057e-08,3.80231682548006e-08,1.65084320478882e-08,3.44134296247065e-08,3.06054865945187e-08,2.71922865263082e-08,3.14985906057839e-08,1.33941964658683e-08,6.70551070914820e-09,2.48309319956555e-08,1.28706351155864e-08,2.33337761939601e-08,1.17415576358511e-08,5.91848615082324e-09,7.07920580049723e-09,1.124083908242e-08,6.89401483085815e-09,1.17579384075466e-08,5.25622356594748e-09,5.83064852722618e-09,2.99838822307216e-09,6.02050233715671e-09,6.43720211214693e-09,6.3799579310285e-09,4.91993470918029e-09,2.45863679468948e-09,2.99678041155357e-09,5.53394964725476e-09,3.53477653644226e-09,6.26876145664321e-09
9.23187178799735e-09,1.90976978617509e-08,3.79507550741776e-08,1.75272411808599e-08,3.17733909382812e-08,2.92951691357452e-08,2.22891430764901e-08,4.69686642378308e-08,4.69350972963247e-08,3.83532013270485e-08,7.75699052545727e-08,6.51802273249177e-08,5.80872968664992e-08,5.54231223822257e-08,2.59975370482916e-08,9.56170143369177e-08,4.75680410271735e-08,8.41609302059478e-08,4.51240012775685e-08,2.079665884148e-08,1.16090557956842e-08,3.82614444468424e-08,2.11859013078452e-08,3.67005202635063e-08,1.74899972095865e-08,9.59629247505767e-09,1.00024276145759e-08,1.75116845860497e-08,1.03680210761988e-08,1.74552391207131e-08,8.30952648619237e-09,8.44119293834552e-09,6.15416559990942e-09,8.85498085403049e-09,9.6898895818057e-09,1.00119923442439e-08,7.1937213137608e-09,5.36883511340175e-09,4.06391577796708e-09,8.23099768322268e-09,6.01494756263994e-09,8.92057127063753e-09,4.9046186182058e-09,3.68371631834562e-09,3.26252124120218e-09,5.63543517310155e-09,4.04688672180271e-09,6.09855105416118e-09,7.61229471538435e-09,1.49111235125574e-08,2.85035012715411e-08,1.48379357273025e-08,2.40971903108669e-08,2.35937660348686e-08,1.7332495918799e-08,3.42689989066295e-08,3.47885215642062e-08,2.87435717279263e-08,5.74312215193691e-08,4.98461950386586e-08,4.27743311159321e-08,3.94859698581414e-08,1.806403351389e-08,6.9785039360425e-08,3.24070236695631e-08,6.04737413017137e-08,3.30622939021958e-08,1.44522868196136e-08,8.60999751603995e-09,2.66333773126472e-08,1.45254242552105e-08,2.5161699287787e-08,1.21288594417069e-08,6.8001466570148e-09,8.89372019803152e-09,1.1599630453574e-08,8.03360392835001e-09,1.23772588619762e-08,6.13678602021458e-09,7.52785776652562e-09,5.50938842453968e-09,7.21893081189266e-09,8.76349489318219e-09,7.57282351283194e-09,6.32494027351087e-09,4.58443661676018e-09,3.06631845700779e-09,7.22743677471271e-09,5.24397407158785e-09,7.77755377848774e-09,4.31612816737949e-09,2.75060523004328e-09,2.67151237523955e-09,4.94234975974854e-09,3.57494291983487e-09,5.38004576806044e-09
8.93147796687424e-09,1.05939092161645e-08,1.83372933274515e-08,1.15955355439117e-08,1.78308293867039e-08,1.84497860821814e-08,1.1974984968943e-08,2.26165202482645e-08,4.63179903842401e-08,2.14046936796748e-08,3.98123567975509e-08,3.70080671275551e-08,2.68460693237131e-08,5.52509044256771e-08,5.62605349041487e-08,4.75680410271735e-08,9.35399278786504e-08,8.08801970117932e-08,4.38558520429326e-08,4.33025581783501e-08,2.08053485364352e-08,7.27757963841771e-08,3.5180820602275e-08,6.14070642420428e-08,3.63154236151735e-08,1.64857397364537e-08,8.454934052913e-09,2.85611002367932e-08,1.56261017878792e-08,2.66745733020112e-08,1.38727944743888e-08,6.78186311562757e-09,9.35400645386947e-09,1.28034354247944e-08,7.97661331899423e-09,1.40370072364049e-08,6.07932626117141e-09,8.06996366243172e-09,4.66825246872727e-09,7.11337334136596e-09,8.75773259977187e-09,7.39213505534562e-09,7.09861092022124e-09,3.90682805638088e-09,3.57771934994059e-09,7.59424722040269e-09,4.66375306559742e-09,8.42194463146582e-09,7.14720685437853e-09,7.34560008811585e-09,1.52328076619806e-08,9.01733786662211e-09,1.43917420380403e-08,1.52555042766979e-08,8.28178520493222e-09,1.72073174658086e-08,3.64033927849353e-08,1.63611362487798e-08,3.02126080213466e-08,2.91358336105547e-08,2.01568363237854e-08,4.10882395207042e-08,4.07026073325557e-08,3.58294421152129e-08,7.07312458831393e-08,6.07824129699228e-08,3.35301070990987e-08,3.11643496304604e-08,1.57181102771721e-08,5.61463652276423e-08,2.54742705379116e-08,4.71012091431963e-08,2.58172544471931e-08,1.22734993836513e-08,6.60723407591764e-09,2.01340015471856e-08,1.18633274180487e-08,1.90165467334882e-08,1.08371088060523e-08,5.79262293855096e-09,8.1598802982473e-09,1.02672221033733e-08,6.77128601849713e-09,1.08515863350623e-08,5.13747990519615e-09,6.56312226171696e-09,3.79299600802993e-09,5.9313717892759e-09,7.42935634200394e-09,6.42497100392917e-09,5.66253623975347e-09,3.21759889633195e-09,2.99844351410441e-09,6.54720875708731e-09,4.08188004548692e-09,7.20705044109864e-09
9.61672577884327e-09,1.94695701932197e-08,3.60708945191576e-08,1.90566562662511e-08,2.99320926258841e-08,2.88848017569803e-08,2.28581534455149e-08,4.46143467105806e-08,3.96835959712091e-08,3.63083158233008e-08,6.78227872376711e-08,5.65275099287879e-08,5.58936423640646e-08,4.7641071661281e-08,5.2077752458825e-08,8.41609302059478e-08,8.08801970117932e-08,1.26429934230619e-07,3.81328746013467e-08,4.02026509384612e-08,2.10274751544384e-08,6.34342881699484e-08,3.36557763162426e-08,5.41899090059566e-08,3.36951400453458e-08,1.67179299589848e-08,8.89396705087468e-09,2.73616785216553e-08,1.6031083185104e-08,2.57666655416897e-08,1.42007445041499e-08,7.26700634779695e-09,9.61428312504034e-09,1.3307197145593e-08,8.17585390465301e-09,1.38931234433891e-08,6.31187485952849e-09,8.40089966980263e-09,5.48418086912818e-09,7.22198864047393e-09,9.44440370074226e-09,7.91215023551529e-09,7.56438660998722e-09,4.74670436446973e-09,4.32442941825375e-09,8.5016018435446e-09,5.52251548001167e-09,9.41863551086126e-09,7.47718705310218e-09,1.47790973596731e-08,2.76573253034325e-08,1.60267796872888e-08,2.32141542120527e-08,2.42980111806277e-08,1.77767693064147e-08,3.31231117636733e-08,3.00602922269402e-08,2.77889247099183e-08,5.05390836971895e-08,4.41359748224615e-08,4.18422185953065e-08,3.4080976368366e-08,3.68512066329154e-08,6.22499430106861e-08,5.89135435737528e-08,9.38285976403192e-08,2.80520166410262e-08,2.90067288048785e-08,1.49030138315399e-08,4.75110420037627e-08,2.38770437284813e-08,3.94340004452746e-08,2.39318186962936e-08,1.1301943452494e-08,7.32537080877331e-09,1.86253864204259e-08,1.15000304681345e-08,1.87371199794309e-08,1.00923046312419e-08,6.15009611160682e-09,8.37202576457591e-09,9.92587043698215e-09,6.55153400201569e-09,9.47537240255096e-09,5.38256530183185e-09,6.78452258338683e-09,3.99606750780194e-09,5.48497481037323e-09,7.92457816351162e-09,6.40849892320643e-09,5.97455254287104e-09,3.37538814793272e-09,3.88676368142846e-09,7.00195846931422e-09,4.73848209236978e-09,7.915899464345e-09
6.85408525380426e-09,7.79954619192397e-09,1.55974297735111e-08,8.23516023720209e-09,1.49853799284213e-08,1.49668328234855e-08,8.61441612706426e-09,1.94049249628892e-08,4.49948802865329e-08,1.77780216832919e-08,3.82615432989237e-08,3.48003888675111e-08,2.26727110363754e-08,5.23849169249357e-08,2.17929155391471e-08,4.51240012775685e-08,4.38558520429326e-08,3.81328746013467e-08,6.48842702330103e-08,2.66334032881053e-08,1.1755047750379e-08,5.61747646703978e-08,2.52153091078662e-08,5.21570017567015e-08,2.16844902251534e-08,9.35462207889069e-09,9.69924999048321e-09,2.01136871832237e-08,1.01576918193157e-08,2.03526874694232e-08,8.01486250791715e-09,8.43440326639473e-09,6.13035442297699e-09,8.69643295938586e-09,9.70243857600897e-09,1.02497730087338e-08,7.01707853573422e-09,5.06873671902214e-09,4.05088842529881e-09,7.88031552937054e-09,5.8616938397028e-09,8.74624555055475e-09,4.58915179338192e-09,3.65404960007724e-09,3.49133306722813e-09,5.38423420617323e-09,4.50087237108878e-09,6.23632750607209e-09,5.76233368663762e-09,5.63497427697971e-09,1.17254440769431e-08,6.75248629988536e-09,1.06042732373898e-08,1.11649719264045e-08,6.20636018349833e-09,1.36064906303713e-08,3.4752038974204e-08,1.24796924099935e-08,2.8404231838498e-08,2.63949760975843e-08,1.59553169718947e-08,3.8741731541059e-08,1.50587160622509e-08,3.33290569287188e-08,3.16468143121601e-08,2.73436335811928e-08,4.62872031502811e-08,1.89964520348995e-08,9.40043353557066e-09,3.93476150119832e-08,1.82109632364357e-08,3.77558803931459e-08,1.52951350741384e-08,7.31841432288067e-09,8.13869939061171e-09,1.39962320296181e-08,7.85448147270757e-09,1.39849004941553e-08,6.40103815627558e-09,7.36056924593403e-09,5.44316894538967e-09,7.08454842587637e-09,8.92594002294157e-09,8.81710232146478e-09,5.89543187631706e-09,4.39115146986107e-09,3.79408811643123e-09,7.1771910904676e-09,5.32527579890937e-09,8.07855527114839e-09,3.89017142472517e-09,3.49877415237167e-09,2.98649879689498e-09,4.91367706810038e-09,4.0020183477456e-09,5.1788435872175e-09
