2.08857683938696e-08,7.80355186392801e-09,3.4956216277613e-09,1.85242821099538e-08,7.59150881051241e-09,1.77992631279259e-08,6.33064085560281e-09,2.85746728189698e-09,2.31882842207401e-09,6.11140749095973e-09,2.97150021285298e-09,6.24034015962583e-09,2.4201675205324e-09,1.93826053362885e-09,1.2703126252221e-09,2.49325329789535e-09,2.11505305309442e-09,2.70394254329349e-09,1.70286253583144e-09,1.10785633898839e-09,9.05332872258766e-10,1.86680855772145e-09,1.27643182054936e-09,2.04784047811644e-09,9.64433692340099e-10,7.80166520987425e-10,7.23101696843939e-10,1.10004617822022e-09,9.40539873668092e-10,1.20127705170152e-09,7.10155908764242e-10,6.3423271897806e-10,5.91467241487009e-10,8.57515540568583e-10,7.33162947874584e-10,9.04860463230347e-10,5.82281562909226e-10,5.15154049221765e-10,4.82249301851912e-10,6.72544550288834e-10,6.30561554217839e-10,7.84497414788798e-10,4.9270126564198e-10,4.32620399480906e-10,4.73566088903334e-10,5.75725675483968e-10,5.37731549643479e-10,6.64635032551741e-10,1.38961669470522e-08,5.40488280509143e-09,2.08786080506743e-09,1.27358197730694e-08,5.18124957105547e-09,1.19380788202245e-08,4.42548171528402e-09,1.75526798695018e-09,1.58723673543327e-09,4.1579979035017e-09,1.87578075352001e-09,4.04862948405434e-09,1.46679386046613e-09,1.28382160102543e-09,9.96062163133294e-10,1.5436839622795e-09,1.42101458611269e-09,1.75523001925309e-09,1.1409479136484e-09,9.39771102765517e-10,5.04654583445595e-10,1.29345920518798e-09,9.20034007049608e-10,1.35212762197897e-09,8.09524902265697e-10,4.69502520188034e-10,4.34487276886606e-10,8.05968830044563e-10,5.48776512070924e-10,8.77654831819493e-10,4.34048739944986e-10,3.62583302776608e-10,2.88585352643694e-10,5.0276360195978e-10,3.12245589023843e-10,4.47061681303355e-10,3.57123799385755e-10,2.74095172082559e-10,3.11928759826157e-10,2.79171939609181e-10,3.10770954829085e-10,4.93985393857757e-10,2.72500801956023e-10,3.00079095924523e-10,2.87732695662386e-10,3.08679827811771e-10,3.50311773519914e-10,3.21035722876003e-10
7.80355186392801e-09,1.70605207615992e-08,7.75216626501192e-09,1.51984515976478e-08,1.47346316735501e-08,1.32338410008593e-08,1.38742825448004e-08,6.19806355565289e-09,2.79207195777256e-09,1.17937213119174e-08,6.01392479072427e-09,1.13792332505692e-08,5.22659554260989e-09,2.31282445181639e-09,1.88597126414014e-09,5.01358059926024e-09,2.44516246281091e-09,5.03410888005150e-09,1.9947754592082e-09,1.65788851052157e-09,1.01549084754703e-09,2.08563509609149e-09,1.85310900607454e-09,2.13711499254402e-09,1.47588669843757e-09,8.57917971114177e-10,7.69805124517522e-10,1.59861863582707e-09,1.00135872411987e-09,1.74810331438338e-09,8.0974638645019e-10,7.27173701649332e-10,6.63460548425052e-10,9.51707511494416e-10,8.65250614252725e-10,1.0529569534841e-09,6.43504180942572e-10,5.69352478128887e-10,4.48614994531818e-10,7.61614702062842e-10,6.37553590209749e-10,7.86125623277783e-10,5.34047823132192e-10,3.961459866478e-10,3.67680497432387e-10,6.09256512936858e-10,4.63045505129644e-10,6.49077975061403e-10,5.10084752700375e-09,1.11734140911513e-08,5.08218264293303e-09,1.03211886827583e-08,9.58293912137793e-09,8.77309234193401e-09,9.11346603547846e-09,4.09853139572548e-09,1.86523840443158e-09,7.60989964448818e-09,4.19037726857403e-09,7.55792720770383e-09,3.51114934019684e-09,1.60676362613903e-09,1.27596979917214e-09,3.54540901502972e-09,1.56622340836047e-09,3.25949626930177e-09,1.39169702272348e-09,1.1091810147936e-09,6.03726030422117e-10,1.33730581588562e-09,1.27972167355484e-09,1.53580590760796e-09,9.57365842753159e-10,5.52341457637329e-10,5.33174029869317e-10,1.11870652533352e-09,6.15456969610637e-10,1.12587585113058e-09,5.3777789818176e-10,4.78369141380650e-10,3.90730322503179e-10,6.12944772511929e-10,5.77455872087521e-10,7.10328195345744e-10,4.49630520583296e-10,3.37875811740409e-10,2.58534125810057e-10,4.7083923249159e-10,2.71363057766801e-10,4.75778281114756e-10,3.6217247847566e-10,2.36053500454106e-10,2.5873619767926e-10,3.13838718303332e-10,3.8991814603533e-10,4.41197369309537e-10
3.4956216277613e-09,7.75216626501192e-09,1.75852599431547e-08,7.70198603302788e-09,1.50081688669105e-08,1.47558357401735e-08,6.20245898644098e-09,1.36034034692301e-08,6.16155434424151e-09,1.15619969036795e-08,1.17945170072169e-08,1.0026485860858e-08,1.13848465352921e-08,5.00561889497525e-09,2.30755197507301e-09,9.7892761714564e-09,4.87965916268303e-09,9.39267784115079e-09,4.2050359089347e-09,1.88226823440532e-09,1.66324837263485e-09,4.04007415378516e-09,1.93836262132361e-09,3.94081097079965e-09,1.56239098385133e-09,1.47082053775227e-09,9.35320288012110e-10,1.60579646200385e-09,1.66158888428983e-09,1.60267171242329e-09,1.31081549136522e-09,8.40601023312674e-10,7.06631033664075e-10,1.51219045453107e-09,9.66501819947378e-10,1.68729821915038e-09,7.5858176098461e-10,6.49286068932591e-10,5.12580727434649e-10,8.75284022149976e-10,6.79161753134735e-10,8.77743979152836e-10,6.27533025514355e-10,4.58286347855678e-10,3.9355000966763e-10,6.47207231549607e-10,5.55161081637207e-10,7.39285570553393e-10,2.21533305932834e-09,5.33287665054227e-09,1.09002653903973e-08,5.41339775220344e-09,9.2875316727022e-09,9.21955805840695e-09,4.18463202869624e-09,8.55354656077078e-09,4.12896675392156e-09,7.26947207909335e-09,7.95655708348777e-09,6.79595056591798e-09,7.19532245510675e-09,3.48755677002837e-09,1.44682555571079e-09,6.66328383861117e-09,3.00349734640747e-09,5.90208897164175e-09,2.9858438240067e-09,1.12753494971299e-09,8.72414999723915e-10,2.45493802796863e-09,1.13643056902686e-09,2.57516156585567e-09,9.94915673783284e-10,8.53639862806469e-10,6.93257363591632e-10,1.03130646786083e-09,1.04524246417606e-09,1.12252889733999e-09,7.87597567949752e-10,5.95083819459588e-10,3.43949648064219e-10,9.34452363769776e-10,5.94960613686096e-10,9.55567850415887e-10,5.21755206326033e-10,3.45617964354469e-10,3.00588786190713e-10,5.27111750374776e-10,3.53441611488607e-10,5.64058220657329e-10,3.66741329681295e-10,2.71605132644312e-10,2.86970066281196e-10,3.7017208084942e-10,4.07274125819978e-10,4.86453048748343e-10
1.85242821099538e-08,1.51984515976478e-08,7.70198603302788e-09,2.95017222936735e-08,1.33583353827973e-08,2.62621775023613e-08,1.22285596522222e-08,6.09975513232171e-09,3.00384131974012e-09,1.0553471397306e-08,5.95877134414643e-09,1.03400779565022e-08,5.12281950821465e-09,2.50508799110561e-09,2.26848668129227e-09,4.96834142072479e-09,2.75569098221728e-09,5.10159031330475e-09,2.17120898786957e-09,1.99419960063422e-09,1.33122273472463e-09,2.35667959172999e-09,2.2350407694724e-09,2.45694250175639e-09,1.75198559503658e-09,1.13689130517251e-09,9.66359271724595e-10,1.91661313419709e-09,1.31346325027007e-09,2.10432401728567e-09,1.06521169889547e-09,8.73530398173487e-10,7.7000975403836e-10,1.2374021136633e-09,1.00951480259042e-09,1.31232660348939e-09,7.86007824698967e-10,7.07836038171308e-10,5.74314229520395e-10,9.22674247893604e-10,8.19951273336845e-10,1.01283745386031e-09,6.87121691655281e-10,5.2614829369855e-10,5.31403633455873e-10,7.97855911868018e-10,5.99569829373734e-10,8.41138985496694e-10,1.22505435824268e-08,1.03695524809843e-08,4.77193567042774e-09,1.98541030515909e-08,8.92292759459516e-09,1.72767374688684e-08,8.39953410722255e-09,3.76847202708912e-09,1.80816914245841e-09,6.9699513430159e-09,3.67118461056918e-09,6.70627816139893e-09,3.19527949890915e-09,1.48152105159582e-09,1.67180784317531e-09,2.99965264867611e-09,1.75057741491263e-09,3.13669999231674e-09,1.28304090814607e-09,1.52609381929562e-09,7.70832742348361e-10,1.53059947281069e-09,1.53965998882978e-09,1.6707191614217e-09,1.30359647375103e-09,7.45359174433594e-10,5.82881840905388e-10,1.40161179186109e-09,8.22568599751988e-10,1.47421952052508e-09,7.19145497799424e-10,5.19700850706771e-10,4.36249499174215e-10,7.92794888808642e-10,5.28572508500126e-10,7.93284193544846e-10,5.25175658898664e-10,4.34608770611171e-10,3.15765351812093e-10,5.02636168234469e-10,3.19774844658586e-10,5.48034866335687e-10,4.53878246066107e-10,3.02010540577801e-10,3.42506364350479e-10,3.91944028398697e-10,4.26761655975419e-10,5.29270525568018e-10
7.59150881051241e-09,1.47346316735501e-08,1.50081688669105e-08,1.33583353827973e-08,2.3808249306902e-08,2.17860248792998e-08,1.1797127557967e-08,1.15594159859701e-08,5.69421209622068e-09,1.8698068786086e-08,9.97471051581078e-09,1.64040928850408e-08,9.58085170727408e-09,4.60944480854776e-09,2.26892572922538e-09,8.14808031246083e-09,4.57081715250596e-09,7.91072701351280e-09,3.92444654172802e-09,1.90771893610081e-09,1.88243390121178e-09,3.84310227379831e-09,2.03097045220186e-09,3.81740635806755e-09,1.60368895737928e-09,1.65080289749694e-09,1.08876127230723e-09,1.68921744392314e-09,1.91622313448538e-09,1.70572352368716e-09,1.49400746885909e-09,1.0179610773868e-09,8.05973026231653e-10,1.76850445765433e-09,1.11892079777491e-09,1.92305286589059e-09,9.14119499562639e-10,7.10759661061233e-10,6.11303554013556e-10,9.98910249988708e-10,8.11999720186012e-10,1.06763725173557e-09,6.85759469921121e-10,5.56591699914608e-10,4.99073591772882e-10,7.7590594089205e-10,6.76619538189395e-10,8.74443720450834e-10,5.04810539971095e-09,9.71288479936418e-09,9.30971700261867e-09,8.9825953539722e-09,1.51389731132145e-08,1.38808004735385e-08,7.73303104908162e-09,7.34032625705804e-09,3.72863861391941e-09,1.20369513174707e-08,6.82010018107778e-09,1.12337362641326e-08,6.12079304432667e-09,3.17671875009211e-09,1.44221731484915e-09,5.63027402629287e-09,2.80072421071264e-09,5.00095042969798e-09,2.70043387329879e-09,1.16845671540753e-09,9.9298528299589e-10,2.30685435395113e-09,1.25531426227785e-09,2.5181707926601e-09,1.00720802514387e-09,9.57842531081092e-10,7.74569645725778e-10,1.12268403852567e-09,1.07655710482247e-09,1.14460762488069e-09,8.95958081776244e-10,6.96284078371636e-10,4.70013116049543e-10,1.00461123231737e-09,7.68998502164994e-10,1.14193854477587e-09,6.41318182226081e-10,4.51472691206338e-10,3.41439242097381e-10,6.70703460513804e-10,4.2389054801864e-10,6.95972350901969e-10,4.53906310780358e-10,3.267228506417e-10,3.93311705692134e-10,4.28605249740551e-10,5.48194696080772e-10,6.01387771798934e-10
1.77992631279259e-08,1.32338410008593e-08,1.47558357401735e-08,2.62621775023613e-08,2.17860248792998e-08,3.79186459167828e-08,1.04592709837407e-08,1.12715224791151e-08,5.89134380659176e-09,1.68803971228829e-08,9.82958515174574e-09,1.50154238467925e-08,9.28659623691417e-09,4.710461436855e-09,2.6120120693077e-09,7.97571287430557e-09,4.82047820880206e-09,7.924171939592e-09,4.02588996593438e-09,2.22358598899348e-09,2.13225270245319e-09,4.05434317553913e-09,2.36941291976975e-09,4.03106234157418e-09,1.89814832206077e-09,1.88428977930793e-09,1.25721339804263e-09,2.00455856182703e-09,2.16860192568875e-09,2.03186086846303e-09,1.73464031839635e-09,1.1427499307203e-09,9.35724586447898e-10,2.01617998961483e-09,1.25330458164216e-09,2.12596380832597e-09,1.02777889142736e-09,8.70941338085021e-10,7.69387967922581e-10,1.13606588176695e-09,1.03747354317833e-09,1.28317923826677e-09,8.58848447798959e-10,7.29856047236127e-10,6.77481439661879e-10,1.0135934212626e-09,8.447481086026e-10,1.09103713188223e-09,1.1924826505013e-08,9.1174888243272e-09,8.71089137764319e-09,1.76456424645542e-08,1.41043240599739e-08,2.44360268830064e-08,7.17562204852691e-09,6.83582813670103e-09,3.69869671053439e-09,1.11842936472033e-08,6.25573990155649e-09,1.03275721892069e-08,5.66785963870378e-09,2.96494744792226e-09,1.70273043206826e-09,4.94512155229364e-09,2.90480652627945e-09,4.80373906020013e-09,2.51393246002124e-09,1.45322956267359e-09,1.09487564133378e-09,2.42903120601753e-09,1.46907553095924e-09,2.59904176718449e-09,1.24179590619853e-09,1.08018549565962e-09,7.28511585834909e-10,1.33305488424597e-09,1.18977127377609e-09,1.35858933411737e-09,1.03222012139331e-09,6.73339874669147e-10,5.89317661376161e-10,1.12405288712967e-09,7.9498893338948e-10,1.26027642274373e-09,6.77489707494269e-10,6.26056366928357e-10,4.52264720787678e-10,7.53828629522962e-10,5.62798977979546e-10,7.91701217626969e-10,6.33149553906128e-10,4.66466875154049e-10,4.40411653111595e-10,6.11167174836655e-10,5.82463566198375e-10,6.53141574551698e-10
6.33064085560281e-09,1.38742825448004e-08,6.20245898644098e-09,1.22285596522222e-08,1.1797127557967e-08,1.04592709837407e-08,1.76339462386392e-08,7.61734846401631e-09,3.43212522323372e-09,1.51772606936327e-08,7.49520220621907e-09,1.47660223887038e-08,6.34608164636749e-09,2.79905780026675e-09,2.31642323839087e-09,6.1441958524409e-09,2.94753339792319e-09,6.08234033490378e-09,2.39287968039927e-09,2.02168740709049e-09,1.30875236958758e-09,2.49231470204833e-09,2.3071297733963e-09,2.6048906606561e-09,1.78478034492674e-09,1.11229918889726e-09,9.11232292026043e-10,1.98085411709482e-09,1.27129870738755e-09,2.1303167113268e-09,1.04118363329651e-09,8.63745141928744e-10,7.343573445059e-10,1.20963300407739e-09,9.82785801888481e-10,1.25981203320762e-09,6.82955360755884e-10,6.05765755486978e-10,5.62677134583333e-10,7.87608504104148e-10,7.34546084218673e-10,8.65616887879402e-10,5.59158894921537e-10,4.2508868199715e-10,4.00631618407079e-10,6.41678766005696e-10,4.98794220891088e-10,6.72706215508428e-10,4.25806094475195e-09,9.11231730537977e-09,4.10016246968479e-09,8.50500911838885e-09,7.61150460852568e-09,7.03624034042532e-09,1.17701450910045e-08,5.0266662354948e-09,2.36130361324815e-09,9.86547726654077e-09,5.28382573517977e-09,9.94396139854287e-09,4.25304368579004e-09,1.9838206421508e-09,1.71162947991231e-09,4.42081098618903e-09,1.91416688020052e-09,3.96599890225427e-09,1.72438246399276e-09,1.48761087406083e-09,7.78953035555537e-10,1.63964087494539e-09,1.60055534536303e-09,1.86472103777647e-09,1.32436317535616e-09,7.23158181697911e-10,6.26900212126536e-10,1.41361485036968e-09,8.15274571344198e-10,1.40818898832118e-09,6.98196223494621e-10,5.58340933875516e-10,4.30479795503412e-10,7.90198047899085e-10,6.65824938749787e-10,8.9890030651634e-10,4.7664017115956e-10,3.58616016084842e-10,3.47904993110343e-10,5.24876324775282e-10,3.39845022601383e-10,5.25727164814896e-10,3.51366565874049e-10,2.49896548970152e-10,2.56047317678242e-10,3.21764792192212e-10,4.12436622665289e-10,4.35930025619268e-10
2.85746728189698e-09,6.19806355565289e-09,1.36034034692301e-08,6.09975513232171e-09,1.15594159859701e-08,1.12715224791151e-08,7.61734846401631e-09,1.64662448522902e-08,7.26266846194747e-09,1.41000030444154e-08,1.41921066717401e-08,1.22580536632248e-08,1.37541866245562e-08,5.87940638298882e-09,2.62055469138375e-09,1.16845517636651e-08,5.65237951345022e-09,1.10688017226438e-08,4.95064629059688e-09,2.16199455253964e-09,2.03489870004832e-09,4.70177621700859e-09,2.23996438152561e-09,4.60258337313395e-09,1.80775095143039e-09,1.80274702567386e-09,1.0519519274472e-09,1.87564569302909e-09,1.9839692024153e-09,1.8899397649889e-09,1.58160211926973e-09,9.38271026785616e-10,7.92356505637965e-10,1.78068631832508e-09,1.08358157670052e-09,1.95492111495911e-09,7.55059831269429e-10,6.9805626578279e-10,5.70485678801604e-10,9.10291511370017e-10,7.56953979338009e-10,9.26660777719431e-10,6.4904895343961e-10,4.75233993431828e-10,4.14687008791323e-10,6.77768487348869e-10,5.87542639927416e-10,7.92053898209953e-10,1.82882320020894e-09,4.18032252548897e-09,8.55315885766358e-09,4.2895359726994e-09,7.26760590669814e-09,7.31282460098241e-09,5.14759490995516e-09,1.04142025909661e-08,5.03647080458459e-09,8.81219370948911e-09,9.84173325952992e-09,8.34193746605869e-09,8.74160773583327e-09,4.20560259698985e-09,1.6913585809792e-09,8.22995108601352e-09,3.51007930542146e-09,7.03784544172475e-09,3.61819454536219e-09,1.35587289569414e-09,1.2185812741036e-09,2.92032287868998e-09,1.42585173453514e-09,3.02890985849296e-09,1.17938973745908e-09,1.15090723050386e-09,8.56230409891416e-10,1.27208716530446e-09,1.25522412703428e-09,1.3308666899395e-09,1.04985426069029e-09,7.13467702865143e-10,3.79116573443005e-10,1.09373787489556e-09,6.60495111832295e-10,1.09342048037616e-09,5.9898635681251e-10,3.65084749827352e-10,3.57674700753178e-10,5.51114220808891e-10,4.19828476307573e-10,6.4795997283375e-10,3.50736640435242e-10,2.8434032628727e-10,3.6253597924574e-10,3.90894933286078e-10,4.43099193441617e-10,5.06609303326852e-10
2.31882842207401e-09,2.79207195777256e-09,6.16155434424151e-09,3.00384131974012e-09,5.69421209622068e-09,5.89134380659176e-09,3.43212522323372e-09,7.26266846194747e-09,1.84512690071795e-08,6.85821254947089e-09,1.5517992131401e-08,1.45590688273595e-08,5.88381646304257e-09,1.44870757046288e-08,6.35405910963242e-09,1.21562335631182e-08,1.24215012454861e-08,1.04704076258111e-08,1.22358272085539e-08,5.25815282328049e-09,2.33553640282603e-09,1.04116957594863e-08,4.71907253668502e-09,9.38310473943001e-09,4.25516366885375e-09,1.87840542947794e-09,1.92683725042448e-09,3.76428569326705e-09,1.91161743995359e-09,3.63374660830955e-09,1.52632295925624e-09,1.67088103580834e-09,1.09581497490355e-09,1.561607992619e-09,1.87988099541256e-09,1.62292139348854e-09,1.42473234262617e-09,9.54910595030677e-10,7.25908200235353e-10,1.61940279738232e-09,1.09217906677234e-09,1.72994398750138e-09,9.1332176786325e-10,6.70456086576867e-10,5.18070943292654e-10,1.03416288317074e-09,7.17655400695067e-10,1.0652017288811e-09,1.68104697516222e-09,1.70044042790699e-09,3.7258479377984e-09,2.07063039344077e-09,3.57598965569563e-09,3.92496343451973e-09,2.06363053437879e-09,4.33128926049284e-09,1.26044829383552e-08,4.15203040995851e-09,1.04337124540575e-08,9.92172076923474e-09,3.68945097392041e-09,1.0170562785649e-08,4.14781371759723e-09,8.49699668185001e-09,8.06468753973836e-09,6.70815863944559e-09,8.61364820272171e-09,3.43704584602225e-09,1.30147392654656e-09,6.74545471203585e-09,2.89136344346237e-09,5.94005470343464e-09,2.82642011220934e-09,1.02389947647642e-09,1.47396322622787e-09,2.32132660856038e-09,1.054976134838e-09,2.34827831643532e-09,8.66456703477254e-10,1.26487267742854e-09,7.41525075406446e-10,8.88783898317578e-10,1.29978766769632e-09,8.67881863092334e-10,1.07905022442026e-09,7.22096684319777e-10,4.48844507357572e-10,1.1451161814604e-09,7.29284876931854e-10,1.17484752450288e-09,7.00929340952727e-10,3.82399136628288e-10,3.85971827064971e-10,6.99679125336723e-10,5.42936305012732e-10,8.66855703735508e-10
6.11140749095973e-09,1.17937213119174e-08,1.15619969036795e-08,1.0553471397306e-08,1.8698068786086e-08,1.68803971228829e-08,1.51772606936327e-08,1.41000030444154e-08,6.85821254947089e-09,2.36080004586878e-08,1.22718416785482e-08,2.09985959512602e-08,1.16405434485668e-08,5.49429555969214e-09,2.65721273666899e-09,9.89926678455355e-09,5.38289399940629e-09,9.45013780679898e-09,4.67938588492606e-09,2.24720991868547e-09,2.2922693964461e-09,4.52952433948155e-09,2.38677285804977e-09,4.50704166400026e-09,1.89216804708849e-09,2.02028663385357e-09,1.23959759910963e-09,1.99850075280024e-09,2.28954565476956e-09,2.02125033874769e-09,1.81708967055134e-09,1.15534051915049e-09,8.68261023297178e-10,2.10097833032014e-09,1.24476097001795e-09,2.22228053236182e-09,9.51918926655338e-10,7.35305224290547e-10,7.03599616251452e-10,1.02903491427418e-09,8.83464670511278e-10,1.12192698112598e-09,7.06477886637230e-10,5.713080085278e-10,5.17351319570074e-10,8.08316025327146e-10,6.82575845518706e-10,8.95495821253881e-10,4.23603120804844e-09,7.72901687914436e-09,7.3409835431421e-09,7.26345782679284e-09,1.20364475301634e-08,1.12124926139039e-08,1.01329496685528e-08,9.03316570179889e-09,4.58821274891267e-09,1.51884926282348e-08,8.49560199591948e-09,1.43273190395703e-08,7.49762590798383e-09,3.88009120062321e-09,1.77493065560911e-09,7.03928492815087e-09,3.34116351215785e-09,6.09430395841889e-09,3.3255851905436e-09,1.46184529312256e-09,1.28806658662414e-09,2.79266872913494e-09,1.51241349561025e-09,2.95385580006333e-09,1.26126872770047e-09,1.22679327679615e-09,9.32515638308675e-10,1.34549951960118e-09,1.36665186932675e-09,1.3759676971294e-09,1.1467218956348e-09,8.22306555234667e-10,4.97931873218318e-10,1.25364013847827e-09,8.37651710978162e-10,1.35496696681776e-09,7.25979217352346e-10,4.4142244697305e-10,4.04510372452543e-10,6.7338451973231e-10,4.78515629214935e-10,7.65810362803677e-10,4.43312188228851e-10,3.04251846814562e-10,4.53147989715585e-10,4.49463170178112e-10,5.83776636281047e-10,6.40773856856528e-10
2.97150021285298e-09,6.01392479072427e-09,1.17945170072169e-08,5.95877134414643e-09,9.97471051581078e-09,9.82958515174574e-09,7.49520220621907e-09,1.41921066717401e-08,1.5517992131401e-08,1.22718416785482e-08,2.48709663399713e-08,2.18483761403543e-08,1.16877372310276e-08,1.21532517467363e-08,5.9729915784563e-09,1.99649820486276e-08,1.03929828678583e-08,1.73903489993088e-08,1.02526446951565e-08,4.86494300966849e-09,2.35656297202733e-09,8.61205582262949e-09,4.47459139997417e-09,7.80761019385433e-09,3.99443860008742e-09,1.94551289333234e-09,2.16857428303426e-09,3.62142361797198e-09,2.03073138298364e-09,3.50216863530397e-09,1.61346975588284e-09,1.92367648473927e-09,1.28924049125212e-09,1.71740321651481e-09,2.16776955317335e-09,1.83008565089643e-09,1.60564993045164e-09,1.11982986533559e-09,8.60513088948539e-10,1.84534145811867e-09,1.22158413710982e-09,1.93980128661068e-09,1.05921296992113e-09,7.4687663293854e-10,5.8645205147626e-10,1.14481444679808e-09,8.07359279938303e-10,1.18908996355699e-09,2.09243998617374e-09,3.95727267396158e-09,7.39410326063647e-09,4.30890551400108e-09,6.35033704800577e-09,6.64334261875182e-09,4.92433154983301e-09,8.90522138869619e-09,1.07712761992885e-08,7.64945136191508e-09,1.67309393654533e-08,1.47193523839906e-08,7.56443025644027e-09,8.67917363033463e-09,3.79408345101318e-09,1.39000104683198e-08,6.68492258766645e-09,1.13106870684655e-08,7.40677882675825e-09,3.0521936063895e-09,1.38120310705261e-09,5.55848139500145e-09,2.6852896089341e-09,5.10899711594695e-09,2.53238864005761e-09,1.16099088789903e-09,1.66060312902962e-09,2.22704800681582e-09,1.21506955773995e-09,2.2083646699551e-09,1.02670125411522e-09,1.41890008509128e-09,7.0426150152077e-10,1.04147944828269e-09,1.39497204883614e-09,1.00244849715622e-09,1.16972550861273e-09,6.82487874883375e-10,5.32026905236108e-10,1.18919296854553e-09,7.21633641088002e-10,1.26064318209092e-09,6.65854681225156e-10,4.28721118049524e-10,4.54595881676184e-10,6.90522845744389e-10,5.84853064188422e-10,8.75133950602224e-10
6.24034015962583e-09,1.13792332505692e-08,1.0026485860858e-08,1.03400779565022e-08,1.64040928850408e-08,1.50154238467925e-08,1.47660223887038e-08,1.22580536632248e-08,1.45590688273595e-08,2.09985959512602e-08,2.18483761403543e-08,3.28040753253566e-08,9.93632943970636e-09,1.1297440010955e-08,5.71104457190033e-09,1.72170158381243e-08,9.74323560616326e-09,1.50770908339246e-08,9.58261062229562e-09,4.68256502213993e-09,2.44587369538241e-09,8.11922995198197e-09,4.3764903814499e-09,7.430588950666e-09,3.86855201577366e-09,2.03486786305284e-09,2.36683677807425e-09,3.55300518202567e-09,2.13835915525163e-09,3.38704655332866e-09,1.74361587084649e-09,2.15218174347045e-09,1.34836330915387e-09,1.87134027454003e-09,2.31736632408624e-09,1.8801299292104e-09,1.80645461488949e-09,1.16438897791411e-09,9.86280552406489e-10,1.96576821624999e-09,1.36472470901879e-09,2.1455173751185e-09,1.12358566441644e-09,8.28244387776937e-10,6.49706371393534e-10,1.29176784313102e-09,9.06362203436624e-10,1.32383815439632e-09,4.3712163789161e-09,7.2970653985727e-09,6.2950912039115e-09,7.25598225188928e-09,1.05701831323968e-08,1.01850935687453e-08,9.68677461875508e-09,7.72455314225927e-09,1.00011521883905e-08,1.34281922150794e-08,1.48167325991132e-08,2.2164816872945e-08,6.49981346257175e-09,8.12375179019568e-09,3.62340482145339e-09,1.22718369351638e-08,6.36022541551719e-09,9.99901460327228e-09,6.87621522322728e-09,2.93762138786455e-09,1.30231618637761e-09,5.25484181073946e-09,2.57834414883352e-09,4.88198218588698e-09,2.41478223783998e-09,1.09490159175566e-09,1.73376765316125e-09,2.12374167745525e-09,1.14829692799157e-09,2.07285355534279e-09,9.98731768749769e-10,1.50716212726604e-09,8.03483731125418e-10,1.01410717133702e-09,1.6086796792991e-09,1.09622313578406e-09,1.28144988024184e-09,7.54202480786711e-10,5.85814356920216e-10,1.3420791467945e-09,7.61238214137819e-10,1.42904247866132e-09,7.42448309726701e-10,4.49174053915768e-10,5.24157172363096e-10,7.42640070972772e-10,7.41945503604059e-10,1.03060787673342e-09
2.4201675205324e-09,5.22659554260989e-09,1.13848465352921e-08,5.12281950821465e-09,9.58085170727408e-09,9.28659623691417e-09,6.34608164636749e-09,1.37541866245562e-08,5.88381646304257e-09,1.16405434485668e-08,1.16877372310276e-08,9.93632943970636e-09,1.71027812719619e-08,7.01011345713846e-09,3.03964396186044e-09,1.46335574849377e-08,6.74179410206009e-09,1.38838155178072e-08,5.86970096302550e-09,2.52579599116277e-09,2.36361866469282e-09,5.59768613626418e-09,2.65123737191648e-09,5.56332668246716e-09,2.12208607553644e-09,2.05440611603643e-09,1.17097132949853e-09,2.21912924465368e-09,2.23187367112474e-09,2.22597918232233e-09,1.80692395432194e-09,1.02292411478322e-09,8.9406990855353e-10,1.98879029237435e-09,1.19738081313453e-09,2.19208077120957e-09,8.3054055579012e-10,7.68104972293993e-10,6.82684149396535e-10,1.00918423258923e-09,8.56798843533961e-10,1.02810412173678e-09,6.83215568540407e-10,5.57244449738612e-10,5.01191786859542e-10,7.19519373970854e-10,6.97703925979372e-10,8.62384100148846e-10,1.50379542639163e-09,3.5216947932552e-09,7.19553687573776e-09,3.61828736780957e-09,6.07753256221012e-09,6.09898467920995e-09,4.28560679428581e-09,8.74207780838268e-09,4.20675610135414e-09,7.32501339613343e-09,8.23079452612718e-09,6.849803157271e-09,1.06874095765228e-08,5.05130082757224e-09,1.94638017185981e-09,1.03955700707435e-08,4.15278543780445e-09,8.91789575109178e-09,4.28266339993283e-09,1.56529146423379e-09,1.36962312990004e-09,3.47092950322974e-09,1.6751608353648e-09,3.63757753546978e-09,1.34777210391948e-09,1.31067571912301e-09,8.76945134402606e-10,1.47449430353667e-09,1.36912760398448e-09,1.54323245410757e-09,1.1799324744699e-09,7.11495572321119e-10,4.62243697588029e-10,1.17408082705722e-09,7.12477116055179e-10,1.21902409565317e-09,6.05430389993863e-10,4.13526475544342e-10,3.90996101554964e-10,6.04096051032714e-10,4.56368645251517e-10,6.70124938889075e-10,3.87748339522978e-10,3.11612475048508e-10,3.79698160644546e-10,4.07317970404567e-10,4.81265815626503e-10,5.52091142570595e-10
1.93826053362885e-09,2.31282445181639e-09,5.00561889497525e-09,2.50508799110561e-09,4.60944480854776e-09,4.710461436855e-09,2.79905780026675e-09,5.87940638298882e-09,1.44870757046288e-08,5.49429555969214e-09,1.21532517467363e-08,1.1297440010955e-08,7.01011345713846e-09,1.69531298042597e-08,7.33788739452657e-09,1.43134190157647e-08,1.44999135072353e-08,1.2258790868076e-08,1.42549170241093e-08,6.05814565675388e-09,2.70382474795072e-09,1.21416447657801e-08,5.50128343647316e-09,1.10842588404185e-08,4.86494751766946e-09,2.12116973781802e-09,2.18904770394739e-09,4.33391416199392e-09,2.12010526992997e-09,4.15704527704958e-09,1.72456246079196e-09,1.88084080863061e-09,1.19802816452975e-09,1.71945918965291e-09,2.10083706412995e-09,1.83594909831643e-09,1.62219560901626e-09,1.03805568645087e-09,8.21339126005858e-10,1.81572322762572e-09,1.2486438220778e-09,1.99552031261788e-09,9.52459283453116e-10,7.28517197125128e-10,5.79739062378291e-10,1.11788954920777e-09,7.92748445808296e-10,1.15146298134887e-09,1.32896345185446e-09,1.47322503068248e-09,3.13991209562167e-09,1.78805445803267e-09,2.99968481709577e-09,3.26773343051178e-09,1.74756322391037e-09,3.68776115434242e-09,1.01695260597711e-08,3.46397147063451e-09,8.49479352457089e-09,8.01697040459954e-09,4.43850917287923e-09,1.19369651775012e-08,4.7391789349201e-09,1.01853088205498e-08,9.37029910501034e-09,8.01237083685711e-09,9.99890891640359e-09,3.9246192768026e-09,1.58027590178549e-09,7.84951183262485e-09,3.47440261037055e-09,7.11665992497087e-09,3.26694564542065e-09,1.18179269501327e-09,1.59796218531615e-09,2.78289981270124e-09,1.06633186028915e-09,2.69578126195229e-09,1.01136307334852e-09,1.36194657733549e-09,7.62432782449733e-10,9.22031899113234e-10,1.39917764265173e-09,9.20966485729797e-10,1.16398478798886e-09,7.30891557778628e-10,4.84835938697527e-10,1.24980713357335e-09,8.25564142434767e-10,1.41044386871625e-09,7.12070777354302e-10,4.40642677117964e-10,4.26450108804024e-10,7.70681438762161e-10,6.03938403892571e-10,9.40873760770516e-10
1.2703126252221e-09,1.88597126414014e-09,2.30755197507301e-09,2.26848668129227e-09,2.26892572922538e-09,2.6120120693077e-09,2.31642323839087e-09,2.62055469138375e-09,6.35405910963242e-09,2.65721273666899e-09,5.9729915784563e-09,5.71104457190033e-09,3.03964396186044e-09,7.33788739452657e-09,1.84353311363551e-08,6.79325964506488e-09,1.57732984565963e-08,1.45503924826978e-08,6.06245247120977e-09,1.48710772265412e-08,6.27249907554266e-09,1.27063013347176e-08,1.17488380752074e-08,1.00055968433091e-08,1.21531651557063e-08,4.84270519429825e-09,2.26375179934168e-09,9.28339148473185e-09,4.52511436575771e-09,8.63817297797636e-09,3.93242453045238e-09,1.84988198967155e-09,2.22694945144842e-09,3.63785160100501e-09,1.98479279078078e-09,3.56135198047934e-09,1.61140458546031e-09,1.96909083400306e-09,1.15054370456941e-09,1.70536606421005e-09,2.20874674374158e-09,1.7801636166822e-09,1.78838538858615e-09,1.01293619115493e-09,6.91651598130007e-10,1.9671566404483e-09,1.09020496938232e-09,2.07756946499084e-09,8.19145707809887e-10,1.23481356139174e-09,1.38700183881035e-09,1.56292394060102e-09,1.47422424009498e-09,1.7135243961966e-09,1.43578229856185e-09,1.59106094599669e-09,4.52697253275996e-09,1.69665019268858e-09,4.08091744719963e-09,4.12902254317925e-09,1.77444336776984e-09,5.19555203245501e-09,1.11661440159411e-08,4.72503915177411e-09,9.83710585281654e-09,9.06103655383449e-09,4.3122416301e-09,9.36983135892595e-09,4.16833718180661e-09,8.40306544064159e-09,7.51834677562451e-09,6.80614099891256e-09,7.94532622608924e-09,3.29975978845227e-09,1.446439465782e-09,6.11858523016362e-09,3.18783265836484e-09,5.84743056533242e-09,2.8255876296962e-09,1.22461135903211e-09,1.56092826554508e-09,2.66749671206613e-09,1.31668717271124e-09,2.58261995995896e-09,1.06658273398359e-09,1.37414943999943e-09,6.19981392200143e-10,1.16021980320829e-09,1.2459059467249e-09,1.03440733382151e-09,1.22745456974697e-09,5.40963567346262e-10,6.15382903747393e-10,1.12050790017748e-09,7.50668013113679e-10,1.4790905007745e-09
2.49325329789535e-09,5.01358059926024e-09,9.7892761714564e-09,4.96834142072479e-09,8.14808031246083e-09,7.97571287430557e-09,6.1441958524409e-09,1.16845517636651e-08,1.21562335631182e-08,9.89926678455355e-09,1.99649820486276e-08,1.72170158381243e-08,1.46335574849377e-08,1.43134190157647e-08,6.79325964506488e-09,2.43522993509636e-08,1.21403955313034e-08,2.11428260796929e-08,1.19937352558086e-08,5.55463795836779e-09,2.70290456891076e-09,1.00690859879018e-08,5.15163579227787e-09,9.26996821034111e-09,4.54199352999687e-09,2.18964970134921e-09,2.4354827282324e-09,4.14326892547539e-09,2.2693809334127e-09,4.00544401494433e-09,1.81394057130286e-09,2.15014905624952e-09,1.42586192619312e-09,1.90356650615862e-09,2.42364340758789e-09,2.0733275695296e-09,1.81655870829228e-09,1.2223712351338e-09,1.01374648313102e-09,2.0756100297159e-09,1.38535847330652e-09,2.22036652307084e-09,1.10583329084579e-09,8.6003202070213e-10,7.14970233388994e-10,1.21942002844847e-09,9.36686492711536e-10,1.28541353823104e-09,1.74015248785088e-09,3.30916823929296e-09,6.28179850283604e-09,3.65658655016168e-09,5.29155610961666e-09,5.52216282950875e-09,4.03624252193809e-09,7.5635275075022e-09,8.67920471407021e-09,6.32399641921798e-09,1.38989893752775e-08,1.19616001244122e-08,9.49338361491879e-09,1.030392229075e-08,4.23644911698619e-09,1.71690871721067e-08,7.81655716213019e-09,1.39950009292669e-08,8.6416110010679e-09,3.4181429212204e-09,1.58824273369843e-09,6.52242279867491e-09,3.10527421268613e-09,6.10171802157418e-09,2.86740722139876e-09,1.29239739285652e-09,1.79585291319404e-09,2.57614334477281e-09,1.24304390656745e-09,2.50663584437302e-09,1.15539623007281e-09,1.52880685101675e-09,7.97194023222718e-10,1.08729585802415e-09,1.56753682669765e-09,1.08546567768946e-09,1.26665972835649e-09,7.42191655237924e-10,5.76852290600245e-10,1.35377745574475e-09,8.12368615548412e-10,1.45210037125837e-09,7.02726106741329e-10,4.84239612586227e-10,5.3253486541413e-10,7.36313020258045e-10,6.44461779858079e-10,9.76274905432907e-10
2.11505305309442e-09,2.44516246281091e-09,4.87965916268303e-09,2.75569098221728e-09,4.57081715250596e-09,4.82047820880206e-09,2.94753339792319e-09,5.65237951345022e-09,1.24215012454861e-08,5.38289399940629e-09,1.03929828678583e-08,9.74323560616326e-09,6.74179410206009e-09,1.44999135072353e-08,1.57732984565963e-08,1.21403955313034e-08,2.56547556529101e-08,2.19654140732278e-08,1.21442842585847e-08,1.27029675989118e-08,5.97006332749621e-09,2.11121528634371e-08,9.96713666736264e-09,1.7251248467433e-08,1.01564354922006e-08,4.53839238929026e-09,2.40129165665162e-09,7.68977792711485e-09,4.27102522598266e-09,7.15617321999148e-09,3.6901418789967e-09,1.94468057926275e-09,2.5185503302087e-09,3.41562867753784e-09,2.08033185317928e-09,3.37597808704092e-09,1.69960785882482e-09,2.22129431188308e-09,1.24655350790694e-09,1.82012614122354e-09,2.49739265378494e-09,1.91771992912769e-09,2.01830087892712e-09,1.0960302681002e-09,8.14454312365969e-10,2.24439030022766e-09,1.17873389306365e-09,2.35130776444748e-09,1.34657503276605e-09,1.50921684092187e-09,3.03001324511076e-09,1.94115704592237e-09,2.91214801666808e-09,3.3705969527511e-09,1.77701893515732e-09,3.51059081965017e-09,8.58506202001508e-09,3.3455089006664e-09,7.11075318718816e-09,6.84061821836172e-09,4.18868911244839e-09,1.00507823592452e-08,9.54594786928666e-09,8.53687136768418e-09,1.61198593841524e-08,1.38344590761249e-08,8.48424456779763e-09,7.96640526143278e-09,3.79124081844448e-09,1.37024602160526e-08,6.39087972156473e-09,1.15041529418704e-08,6.65162062917386e-09,2.9213878170997e-09,1.57656505147816e-09,5.09902257844794e-09,2.78264961007176e-09,4.97186002585783e-09,2.50150333664385e-09,1.31275560174844e-09,1.81546778758793e-09,2.3593944113406e-09,1.37026222259698e-09,2.27150470094657e-09,1.15128496180255e-09,1.60791508398535e-09,7.07013582062305e-10,1.25358376336753e-09,1.57476342946731e-09,1.14240869698324e-09,1.46603351744394e-09,6.06610610570142e-10,6.72532673211967e-10,1.41878866987167e-09,8.06305494735193e-10,1.75605281899536e-09
2.70394254329349e-09,5.03410888005150e-09,9.39267784115079e-09,5.10159031330475e-09,7.91072701351280e-09,7.924171939592e-09,6.08234033490378e-09,1.10688017226438e-08,1.04704076258111e-08,9.45013780679898e-09,1.73903489993088e-08,1.50770908339246e-08,1.38838155178072e-08,1.2258790868076e-08,1.45503924826978e-08,2.11428260796929e-08,2.19654140732278e-08,3.30756208973806e-08,1.02051784232877e-08,1.15699235527202e-08,5.64617999609236e-09,1.78718944450568e-08,9.0873876747844e-09,1.4590260008802e-08,9.38058853203809e-09,4.3665926228981e-09,2.483513375065e-09,7.1187131095427e-09,4.19453262916907e-09,6.70121759501221e-09,3.57383264592846e-09,2.04496624288185e-09,2.73058286367257e-09,3.39416932167559e-09,2.22938825836344e-09,3.41597159961755e-09,1.74232326980284e-09,2.39346724566302e-09,1.40646557275207e-09,1.93091532178561e-09,2.66027611928049e-09,1.99435379494146e-09,2.14480576912554e-09,1.19108413502848e-09,9.58441531676561e-10,2.32712707728276e-09,1.28942227516554e-09,2.44322404494716e-09,1.74104589137313e-09,3.2044109304821e-09,6.00390977959939e-09,3.73146060820695e-09,5.0363509873277e-09,5.4813726761443e-09,3.82359018318292e-09,7.13211030930556e-09,7.30561333975649e-09,5.92963324151833e-09,1.19293925814538e-08,1.02638397692612e-08,8.95436154828323e-09,8.55188141714583e-09,8.50895870055865e-09,1.4755184652329e-08,1.37740813084166e-08,2.13165894951192e-08,7.22300213361628e-09,7.01715470285294e-09,3.63740548203297e-09,1.16833389478788e-08,5.66429303884492e-09,9.94297936684452e-09,5.91692804040704e-09,2.90220478777526e-09,1.5546331666117e-09,4.63869860647629e-09,2.71312341174527e-09,4.46384556338288e-09,2.47909496005622e-09,1.27144720260091e-09,1.76141003711391e-09,2.2776182708796e-09,1.30767182455837e-09,2.16763533604177e-09,1.08249425358832e-09,1.53628329796198e-09,8.07767962917565e-10,1.20040606874753e-09,1.55029688087757e-09,1.09467573298669e-09,1.40711653811439e-09,6.55564535974096e-10,7.42688147167568e-10,1.35558215316567e-09,8.20963038849916e-10,1.70485067987295e-09
1.70286253583144e-09,1.9947754592082e-09,4.2050359089347e-09,2.17120898786957e-09,3.92444654172802e-09,4.02588996593438e-09,2.39287968039927e-09,4.95064629059688e-09,1.22358272085539e-08,4.67938588492606e-09,1.02526446951565e-08,9.58261062229562e-09,5.86970096302550e-09,1.42549170241093e-08,6.06245247120977e-09,1.19937352558086e-08,1.21442842585847e-08,1.02051784232877e-08,1.80173410549444e-08,7.36252865251324e-09,3.17012409163413e-09,1.54955001659176e-08,6.79580340789757e-09,1.42940041014244e-08,5.88035202719616e-09,2.4982843595096e-09,2.62999488876487e-09,5.3386306947244e-09,2.51634404469576e-09,5.07614572827943e-09,2.03117472062887e-09,2.21290685916881e-09,1.41234706156434e-09,2.04748762884334e-09,2.45929181298569e-09,2.16981621626991e-09,1.90202633945509e-09,1.2080086784913e-09,9.25674600693175e-10,2.12191815643448e-09,1.40488826665292e-09,2.30466055758388e-09,1.09169883955157e-09,8.29014009516821e-10,6.49814642734958e-10,1.27499067372871e-09,8.89138854510827e-10,1.33177412003038e-09,1.19403591921246e-09,1.32751912431699e-09,2.61543073740411e-09,1.61121140453412e-09,2.54709046346791e-09,2.81342053488014e-09,1.52162579057375e-09,3.08181933427428e-09,8.61200141328523e-09,2.93155772978433e-09,7.1473799455825e-09,6.80038974820007e-09,3.69441916034113e-09,9.99903746749062e-09,3.9253153538441e-09,8.49281851571933e-09,7.84850622132128e-09,6.63166232108849e-09,1.22774900301059e-08,4.93721879331719e-09,1.79808296621776e-09,1.0059658595319e-08,4.31137237257644e-09,9.15072209592772e-09,4.06131882024857e-09,1.44321344879289e-09,1.97189351830114e-09,3.53210145519588e-09,1.4293433728724e-09,3.33412374826909e-09,1.25245317264407e-09,1.56656934453239e-09,9.93481480392792e-10,1.19868582460311e-09,1.7190253902713e-09,1.24009655221642e-09,1.34364463473308e-09,9.2990661731783e-10,5.93367681386167e-10,1.54480689284037e-09,9.92604866005064e-10,1.65415923474273e-09,8.98564079767104e-10,5.28573199478614e-10,4.60690891087803e-10,9.42548318245084e-10,6.50946507401329e-10,1.07420968551149e-09
