6.29975648260148e-07,3.04357157829677e-07,1.4191688381175e-07,4.68271774696917e-07,2.8051313102773e-07,4.07387550023972e-07,2.48362758386344e-07,1.29578949983831e-07,1.45287195049206e-07,2.38331839720388e-07,1.33959366122963e-07,2.26220303377797e-07,1.03955703805299e-07,1.19921861086042e-07,8.9707960677212e-08,1.12756764110699e-07,1.24416636503695e-07,1.13417039464653e-07,1.03226029912927e-07,7.52768632364222e-08,6.36359614887733e-08,1.08601769686564e-07,8.56161964077397e-08,1.14247537164312e-07,6.33865271855258e-08,5.32124572410277e-08,4.97282128064584e-08,6.98510315484746e-08,5.86795575162215e-08,7.43160927127929e-08,4.55823250456072e-08,4.24575149909644e-08,4.57557815753045e-08,4.75336272466239e-08,4.22374114473675e-08,4.80426700934022e-08,3.24892917546207e-08,3.93143454202198e-08,3.32469734013954e-08,3.69908085838445e-08,4.40040744743123e-08,4.14881694133748e-08,3.68058722672995e-08,2.8277716285687e-08,2.88545626600985e-08,3.61572124286651e-08,3.97020465448317e-08,4.85205669044857e-08,4.9441417348905e-07,2.01856228484346e-07,1.24029062261973e-07,3.49884299767031e-07,1.95637376292015e-07,3.2948482235434e-07,1.54165549296384e-07,1.06066717056196e-07,1.0067028711045e-07,1.57722431442898e-07,1.09166079493813e-07,1.58675762334644e-07,8.7564850479358e-08,8.45892321925453e-08,6.88118689385692e-08,8.97079798965253e-08,8.8163589026973e-08,9.93485140115223e-08,7.22622254571216e-08,5.95791164205374e-08,4.74606933372823e-08,7.62894220101367e-08,5.68922258468659e-08,6.39821204714766e-08,4.76523326163553e-08,3.97722505945533e-08,3.66545391660386e-08,4.3107398141997e-08,4.94565020135135e-08,5.11740034696752e-08,3.33176290777904e-08,3.08716593691724e-08,4.86321378647242e-08,3.98230541842033e-08,3.92882122966979e-08,4.40410048694284e-08,2.34884273588669e-08,4.15162541890386e-08,1.92764625458177e-08,3.53542338224842e-08,2.87930549602386e-08,2.25468442509763e-08,3.91574183695482e-08,1.62298426071879e-08,2.41480360513919e-08,2.63240831956175e-08,2.46957783866901e-08,3.49631684225926e-08
3.04357157829677e-07,1.63126798814593e-06,3.99419002392808e-07,6.69123533611705e-07,1.28921824044294e-06,5.05636266874838e-07,1.36342363748607e-06,3.50850219023191e-07,1.92549806565255e-07,1.09805657542853e-06,3.59231090995313e-07,1.05568665309255e-06,2.9431904144651e-07,1.57327755898902e-07,1.69540939287597e-07,2.96265816219174e-07,1.68382130010614e-07,2.67272480878914e-07,1.25335176903568e-07,1.46043821471489e-07,1.15852714942629e-07,1.29178910195901e-07,1.41859869462147e-07,1.20513891041755e-07,1.2620939962685e-07,1.05214242580569e-07,7.72762865902213e-08,1.2385079027602e-07,1.1090032317473e-07,1.20696193631749e-07,8.55917979484851e-08,6.62130219877625e-08,1.02170989180791e-07,9.22704999068193e-08,8.85028571666931e-08,1.13224010926481e-07,5.46315983211352e-08,8.60034272835472e-08,5.44437544839582e-08,7.4254424153487e-08,7.96997055760438e-08,7.79603992930976e-08,7.3227758302268e-08,4.56365507789479e-08,5.36825480562248e-08,6.81582672039304e-08,6.35551231649418e-08,8.91180313871607e-08,2.55185582397054e-07,8.77493169736745e-07,2.78366861488793e-07,5.0546913633344e-07,6.09449826405794e-07,3.95051718172352e-07,7.10100503443859e-07,2.39275181387416e-07,1.30845646515286e-07,5.1782663557758e-07,2.57366928050453e-07,4.83506198474047e-07,2.07706455977584e-07,1.00218791571616e-07,1.54506411580878e-07,2.15563320121988e-07,1.10487558117933e-07,2.074185738106e-07,8.00566337811848e-08,1.34984012977303e-07,9.0296749390208e-08,8.69537283304369e-08,1.25365873026131e-07,9.62343203007181e-08,1.17542112710804e-07,7.96054162329799e-08,5.97579170529969e-08,1.08996850333849e-07,9.52425587378488e-08,1.0005318660154e-07,6.52854797382243e-08,4.60608441267976e-08,8.60161997597646e-08,7.62895222515245e-08,6.92413337643143e-08,9.38900970027916e-08,3.81404573295444e-08,7.53956214566467e-08,3.60846863677991e-08,5.77455738338945e-08,5.61851892414326e-08,5.1971743966479e-08,6.17329379138103e-08,2.89345933222218e-08,4.84288548541026e-08,4.69676227617605e-08,4.67927511127853e-08,6.79718859246428e-08
1.4191688381175e-07,3.99419002392808e-07,8.30370807840556e-07,2.44233935144245e-07,7.73235777628367e-07,5.44968509636213e-07,3.51154225630359e-07,6.72611143781087e-07,3.13462530381263e-07,6.55376447926495e-07,5.35744513399739e-07,5.30617508597567e-07,5.64391195734791e-07,2.5848710341804e-07,1.35063927078558e-07,4.49999558448334e-07,2.51627173107611e-07,3.98669162716812e-07,2.17281039055588e-07,1.14306943674363e-07,1.17853923952654e-07,2.07102339381918e-07,1.14049174675662e-07,1.88621289822829e-07,9.74413815653571e-08,1.04712401682822e-07,6.62171881538221e-08,9.79153525747744e-08,9.53316930641211e-08,9.79352103974764e-08,8.57714845341229e-08,5.57643354879794e-08,6.14679637492738e-08,7.94013967396131e-08,6.17285640953671e-08,8.81660109177161e-08,3.7625797639576e-08,4.57585228733505e-08,3.16598306244363e-08,4.43953301360368e-08,4.7171215565229e-08,5.53438247019969e-08,4.17064823029308e-08,3.2236082967327e-08,3.0100772359907e-08,4.61881776486937e-08,3.33555536940508e-08,4.32990565308703e-08,1.0614818918576e-07,2.69312559390546e-07,5.87377877653171e-07,1.95868141137873e-07,5.03062793314072e-07,3.90722814684013e-07,2.41093012668498e-07,4.70977197990094e-07,2.01262793926538e-07,4.24471430169557e-07,3.62273796969526e-07,3.17131510630523e-07,3.96855258243822e-07,1.58944774363919e-07,9.19560404013635e-08,2.9737081651063e-07,1.73589336230608e-07,2.85729594879726e-07,1.32442358415541e-07,7.83181827589957e-08,7.62690320736775e-08,1.47118165098247e-07,8.73567569766018e-08,1.41535002220083e-07,6.24350521139101e-08,6.78927281493174e-08,3.6525161767321e-08,7.09676970429818e-08,8.03512595418943e-08,6.20526423519745e-08,5.68314297792957e-08,2.48758757775213e-08,5.72381859658248e-08,6.14014532009938e-08,3.5579775966702e-08,7.49037749371443e-08,1.55041559645383e-08,3.84728546490334e-08,1.8753777057862e-08,2.08392520335213e-08,2.68359124972835e-08,2.38996430920323e-08,3.19753767928859e-08,1.91452611672243e-08,2.41437731325583e-08,2.86742758242749e-08,2.33252873495316e-08,2.87635150990309e-08
4.68271774696917e-07,6.69123533611705e-07,2.44233935144245e-07,8.3966878337754e-07,4.8537029131614e-07,5.96184078833122e-07,5.63949959745106e-07,2.20309443156395e-07,1.34817448991516e-07,4.15322484469322e-07,2.22572855357508e-07,4.04803929696537e-07,1.77576199168227e-07,1.0535961226656e-07,1.39381932247147e-07,1.77479539655633e-07,1.21512414642212e-07,1.76543173674434e-07,8.49772175465979e-08,1.21356987637673e-07,8.23537174700486e-08,9.6676660202508e-08,1.33067063888352e-07,9.82269711095749e-08,1.04519855878636e-07,6.96969582884532e-08,5.81147107223224e-08,1.12255182150912e-07,7.72058740786161e-08,1.21763469438922e-07,5.90448186200803e-08,4.86086587825263e-08,5.96437040203383e-08,6.1261434753431e-08,5.68063317429972e-08,7.19534825162669e-08,3.82216464018946e-08,5.02632633642689e-08,4.06620322673857e-08,4.80335640374111e-08,5.93793459948433e-08,6.03266964869023e-08,4.30804042080864e-08,3.43660771802958e-08,3.83355282456046e-08,4.84966409032092e-08,4.70071737349604e-08,5.88458182152437e-08,3.64616334292009e-07,4.67873749342001e-07,1.98507226306943e-07,6.40234504027669e-07,3.28348952602895e-07,4.8008514375369e-07,3.83243847842568e-07,1.78362414889172e-07,9.70155631918796e-08,2.77988892032977e-07,1.73293418178507e-07,2.58125995561715e-07,1.50018505205472e-07,7.18465993591743e-08,9.48244669387605e-08,1.39970781163916e-07,7.83661431754391e-08,1.47094962563913e-07,5.89564965803795e-08,8.39568682972812e-08,6.87809155912363e-08,6.33092676577101e-08,1.0815715695797e-07,7.07617260785998e-08,7.2483503453601e-08,5.73883858895057e-08,4.49225540979863e-08,9.08258071351824e-08,6.84540729806668e-08,9.55506191599e-08,4.79629845685412e-08,3.76916952030099e-08,5.49471125612311e-08,5.53192024168101e-08,5.12466949838249e-08,5.76358174563677e-08,2.92446970557458e-08,4.59241855684153e-08,2.69689597980158e-08,4.25874357598846e-08,3.5518885301723e-08,3.21858771300913e-08,3.76077838602869e-08,2.11068281233489e-08,3.25090845683108e-08,3.01322685901762e-08,3.35205143078214e-08,4.2368367396389e-08
2.8051313102773e-07,1.28921824044294e-06,7.73235777628367e-07,4.8537029131614e-07,1.9178954210559e-06,8.55593424969633e-07,1.09807829251684e-06,6.55035564720213e-07,3.32531791949821e-07,1.63158086656665e-06,5.38443790328738e-07,1.37835253713815e-06,5.54555796042053e-07,2.82590851473896e-07,1.98361079955582e-07,4.61585290106118e-07,2.65344765862965e-07,3.94346719763188e-07,2.31764977865526e-07,1.64993574850449e-07,1.54959526887687e-07,2.078774298897e-07,1.50812330322562e-07,1.89703588376285e-07,1.42543922426293e-07,1.39018926133539e-07,1.01003073292773e-07,1.31688769657617e-07,1.55861339523626e-07,1.22323003112166e-07,1.17386826040356e-07,8.8580559519444e-08,1.01099680256912e-07,1.32874149428274e-07,1.08417091507454e-07,1.39109972189144e-07,6.85513944006488e-08,8.10099007704892e-08,5.75171232884838e-08,8.57634589494483e-08,7.60785223065763e-08,8.90441973199852e-08,6.89157227547208e-08,4.72033967365331e-08,4.88220208475808e-08,6.42146485260554e-08,6.04146176010184e-08,7.83781746117853e-08,2.26733857065159e-07,6.60389438440404e-07,5.19006854096052e-07,3.86336143196048e-07,9.63426844975952e-07,6.10561469661641e-07,5.54378492591414e-07,4.47893912450255e-07,2.08034020964101e-07,8.13483070114862e-07,3.57862331207304e-07,6.44430545040332e-07,3.88534190747592e-07,1.70427500165349e-07,1.60881792781889e-07,3.04525222934461e-07,1.79912637967641e-07,2.78649125490873e-07,1.38888523607871e-07,1.37525843832166e-07,1.21532776498601e-07,1.46005164477763e-07,1.35413357895562e-07,1.49500459370893e-07,1.15544193537365e-07,1.10105499747266e-07,6.71071639637689e-08,1.14481728392153e-07,1.33983562005301e-07,9.72545152628507e-08,9.24868948325909e-08,5.25620852038397e-08,8.24980642450871e-08,1.14291599816813e-07,6.49675479089587e-08,1.13703943686081e-07,3.74821109701556e-08,6.50876537958328e-08,3.2219133469862e-08,4.71596042602889e-08,4.47870800912748e-08,4.32788011077887e-08,5.54615723761975e-08,2.76369474326481e-08,4.29655345766241e-08,4.1411248852687e-08,4.84942399233537e-08,5.99156283069362e-08
4.07387550023972e-07,5.05636266874838e-07,5.44968509636213e-07,5.96184078833122e-07,8.55593424969633e-07,1.02989339591561e-06,4.31080237345103e-07,4.4439151380067e-07,2.48459333436541e-07,7.15037748318565e-07,3.44953759442083e-07,5.89379955212876e-07,3.67407123778235e-07,2.03402514116768e-07,1.39666844245865e-07,2.88079774093339e-07,1.96613859635042e-07,2.608868361741e-07,1.69211290273772e-07,1.15355372646061e-07,1.10534215358668e-07,1.57975912685907e-07,1.15663620868773e-07,1.4511485545115e-07,9.67850541169607e-08,9.3997105352407e-08,6.6169302842437e-08,9.38691341748629e-08,9.54274221118261e-08,9.11942873999773e-08,7.60217190976717e-08,5.62845012451408e-08,5.27988341858602e-08,7.85525677526275e-08,5.75160218183737e-08,8.9013678336489e-08,4.08814709546234e-08,4.26071859825343e-08,3.334321696506e-08,4.71115720626728e-08,4.81793276818106e-08,5.79468624604335e-08,4.12305208275915e-08,3.20285528300412e-08,3.6936080459637e-08,4.75666004992433e-08,3.64314195458872e-08,4.96275567038116e-08,3.28100035097758e-07,3.45085634099404e-07,3.90854386206477e-07,4.61769267799456e-07,5.71441688913779e-07,7.69829973307229e-07,2.92419521068789e-07,3.27324992575328e-07,1.61082091888951e-07,4.79376665415727e-07,2.40145049594522e-07,3.69902377026745e-07,2.84457220217507e-07,1.37135503516251e-07,9.97613474766771e-08,2.06513703328618e-07,1.37997865422218e-07,1.92047536004141e-07,1.13556231366753e-07,8.51592345103441e-08,8.56659178660793e-08,1.14077074822602e-07,9.66460037238222e-08,1.16098541954175e-07,7.2120790883111e-08,7.40525547509092e-08,4.82352685016954e-08,7.72026407214501e-08,9.43945084232702e-08,6.48610815717964e-08,6.13980333322888e-08,3.74404138408937e-08,5.42148239026811e-08,7.64039749179023e-08,4.20736473483325e-08,7.7762229119369e-08,2.5311586023097e-08,3.81171159202011e-08,2.87057593913347e-08,3.10830264717643e-08,3.03801654847966e-08,2.60458421692312e-08,3.45537619031346e-08,2.94090256927054e-08,2.94855962241821e-08,3.33064091256609e-08,3.47866637106395e-08,3.47140648166104e-08
2.48362758386344e-07,1.36342363748607e-06,3.51154225630359e-07,5.63949959745106e-07,1.09807829251684e-06,4.31080237345103e-07,1.84314757157164e-06,4.60078829106213e-07,2.27139317962756e-07,1.51421850609367e-06,4.50299950920816e-07,1.48146615663671e-06,3.80548599879734e-07,1.82960290821868e-07,1.91745109164959e-07,3.7747967060336e-07,2.12243504754478e-07,3.7837902523305e-07,1.48168794362155e-07,1.62123127264698e-07,1.34566261140041e-07,1.62625139603731e-07,1.60960624459206e-07,1.51050719464381e-07,1.40966440130623e-07,1.20366131739359e-07,8.34517266944603e-08,1.40769385655639e-07,1.19344151966431e-07,1.32624955044436e-07,9.95399109250338e-08,6.98941333659382e-08,1.02336652868792e-07,9.79185712574279e-08,9.49923364839731e-08,1.21620107481062e-07,5.94597266499509e-08,8.60817735293299e-08,6.53610418218002e-08,8.25939381706563e-08,8.56468766710168e-08,9.03367468648495e-08,7.0698728682608e-08,5.52727980133905e-08,5.03768753145445e-08,6.96004587246086e-08,7.14062414669659e-08,8.90976576029521e-08,2.07039144789249e-07,7.10294622824593e-07,2.39525472329773e-07,4.25370074596679e-07,5.1779674438345e-07,3.43522655591797e-07,1.03332996837469e-06,3.24869649904391e-07,1.54649503389181e-07,8.13601557165147e-07,3.25165448436045e-07,7.35014261870214e-07,2.73819000576482e-07,1.13241303116273e-07,1.70605335018228e-07,2.76197350281738e-07,1.33700774685085e-07,2.87480825802193e-07,9.00370116581665e-08,1.47792906340636e-07,1.03926699874518e-07,1.06147947193685e-07,1.43158427758099e-07,1.11689783311885e-07,1.27753836480138e-07,8.95727616149821e-08,6.33613734102886e-08,1.22687042301998e-07,9.70360538484485e-08,1.11297792537087e-07,7.45567932649397e-08,4.7849668791135e-08,8.20171839048268e-08,7.70940693577411e-08,7.16013823558149e-08,9.82075581784948e-08,4.29402929248207e-08,7.35204686417559e-08,4.23047172463053e-08,6.23822270707362e-08,6.37721865069976e-08,6.33797381977896e-08,5.96705111163487e-08,3.1265487435209e-08,4.29925561290127e-08,5.20860222844479e-08,4.22781279573977e-08,6.62563176170623e-08
1.29578949983831e-07,3.50850219023191e-07,6.72611143781087e-07,2.20309443156395e-07,6.55035564720213e-07,4.4439151380067e-07,4.60078829106213e-07,8.25643098149622e-07,3.66514702191291e-07,8.35806166063145e-07,6.58499601796817e-07,6.84484187921375e-07,6.93477904860248e-07,2.98449156175995e-07,1.49766726480184e-07,5.53448230530103e-07,2.94972210308662e-07,5.02170740396049e-07,2.5219632363658e-07,1.26659593475631e-07,1.27051137365972e-07,2.44314129280743e-07,1.229532927155e-07,2.19164323332172e-07,1.09174849400146e-07,1.1150386856123e-07,7.46195911557039e-08,1.05850111157966e-07,1.08304606101796e-07,1.03929035474978e-07,9.11976222808657e-08,6.33828846167941e-08,6.99074859175652e-08,9.05400981006392e-08,7.40631308655418e-08,1.03125513059459e-07,4.29219311400068e-08,5.21567557492843e-08,4.86225891152058e-08,5.40260682142522e-08,6.12214470919385e-08,7.2500561702028e-08,4.04084843767157e-08,4.10828257547074e-08,3.72083324615028e-08,4.64248664634401e-08,4.46292563539465e-08,4.69282859648763e-08,1.03368531512182e-07,2.4090836608847e-07,4.7091681632098e-07,1.81430566742651e-07,4.24151965654384e-07,3.15234737930719e-07,3.29651010240175e-07,6.03080003479203e-07,2.26243116483449e-07,5.70025454371416e-07,4.65110765790955e-07,4.32428362349873e-07,4.98693094362452e-07,1.85166813588083e-07,1.0424236137821e-07,3.76792159476557e-07,2.01868874186545e-07,3.66118150144232e-07,1.52984064427881e-07,8.66835023927424e-08,8.79892493342e-08,1.6996744704414e-07,9.65106495230367e-08,1.60864622362186e-07,7.11116576409737e-08,7.53738044160921e-08,4.18310657841214e-08,7.99417393203978e-08,8.9659689811256e-08,7.47236647108018e-08,6.32350341134097e-08,2.94734622756765e-08,6.29757305188179e-08,6.92510572610939e-08,4.55356463190769e-08,8.89416362500794e-08,1.86873922770127e-08,4.43457895130153e-08,3.1137890573431e-08,3.00074988320529e-08,4.19943026879436e-08,3.96665564274809e-08,3.14843419444509e-08,2.45221146171477e-08,3.1297001745313e-08,3.11206517318783e-08,2.93850472575429e-08,3.31638709454269e-08
1.45287195049206e-07,1.92549806565255e-07,3.13462530381263e-07,1.34817448991516e-07,3.32531791949821e-07,2.48459333436541e-07,2.27139317962756e-07,3.66514702191291e-07,8.49821422647014e-07,4.07728323131462e-07,6.53062231660189e-07,6.75581250170096e-07,2.98429650233216e-07,6.90137538545848e-07,3.30122737242387e-07,5.39296127465409e-07,5.6566361746774e-07,4.43502376011095e-07,5.73131580012554e-07,2.75482840605507e-07,1.28606760099625e-07,4.70201180450571e-07,2.42569300372125e-07,4.08197750516976e-07,2.30177934615385e-07,1.06389294050274e-07,9.17668284647347e-08,1.9062718117098e-07,1.01727474736504e-07,1.76840200722247e-07,8.90694196952742e-08,7.38869384961163e-08,5.79088238313029e-08,8.40821658767963e-08,7.00419956085048e-08,8.88088133079624e-08,5.81181092458219e-08,4.33698404975012e-08,4.42817308764758e-08,5.5018121965588e-08,5.51971407026377e-08,7.42637526986042e-08,3.57373722544269e-08,3.59082611839046e-08,3.45070633591594e-08,4.45555466266897e-08,4.18148165482853e-08,5.04995360008236e-08,9.70064651135584e-08,1.14479482831745e-07,2.29999077501492e-07,1.05400784452509e-07,2.41873136448481e-07,1.82148021701819e-07,1.45354141551086e-07,2.81037778545852e-07,5.70766030617679e-07,2.99672644120868e-07,4.73873210666181e-07,4.5619414859401e-07,2.21225618362402e-07,4.65446153779108e-07,2.44911559947107e-07,3.77980239059328e-07,4.01272892297974e-07,3.21398679633964e-07,3.85809315469782e-07,1.94359457872638e-07,9.10158571809767e-08,3.41510709387182e-07,1.74444729516125e-07,2.97840859650788e-07,1.64502688764923e-07,7.6296643629292e-08,5.91064701518146e-08,1.4679325923944e-07,8.17004433416742e-08,1.41380356411802e-07,6.25965268531957e-08,4.60058308691365e-08,4.87768229494478e-08,6.3700150889179e-08,4.80886845950497e-08,7.47241108942787e-08,3.61389020198445e-08,3.70050337899937e-08,2.85972608044735e-08,3.88957059033534e-08,3.48087182557924e-08,4.81251005169494e-08,2.80527861627545e-08,2.45283571270098e-08,2.92718479280923e-08,2.86104069255918e-08,3.22711905710234e-08,3.50605138091984e-08
2.38331839720388e-07,1.09805657542853e-06,6.55376447926495e-07,4.15322484469322e-07,1.63158086656665e-06,7.15037748318565e-07,1.51421850609367e-06,8.35806166063145e-07,4.07728323131462e-07,2.19711817940225e-06,6.88441110925147e-07,1.90086031988317e-06,7.04933488844705e-07,3.31086249990627e-07,2.3210651335981e-07,5.88888489308235e-07,3.2945317398402e-07,5.3732993821231e-07,2.75403405128879e-07,1.91903386115448e-07,1.80498733977573e-07,2.63498935181475e-07,1.75330714812003e-07,2.3827655776996e-07,1.67073888120541e-07,1.6182142214873e-07,1.17225955293915e-07,1.53574627852948e-07,1.81258192647496e-07,1.36539523704389e-07,1.3373251700581e-07,1.02048329449462e-07,1.13212135949399e-07,1.52774717734074e-07,1.30352482590622e-07,1.65287767178591e-07,8.0144430923516e-08,9.13243893952052e-08,7.67673018980195e-08,1.05409281710431e-07,9.38887798236139e-08,1.16487202577265e-07,7.39983266377807e-08,6.30336438206378e-08,5.59003854941075e-08,7.53089061572019e-08,7.36738743055223e-08,8.52191086997387e-08,1.91347924755285e-07,5.54582968577642e-07,4.48170250736704e-07,3.43467167603264e-07,8.13426731717011e-07,5.24950719267939e-07,8.53710885216813e-07,5.9360321146269e-07,2.53285855142326e-07,1.25491329506899e-06,4.77209670694246e-07,1.04234575352933e-06,5.05840142861205e-07,2.02597237765567e-07,1.93704866680802e-07,4.01939446157317e-07,2.26466250056098e-07,3.8828521230326e-07,1.64468212821363e-07,1.62866429244825e-07,1.39699976638323e-07,1.85636723621063e-07,1.6149475743323e-07,1.83597680864087e-07,1.38288626183168e-07,1.24459367594913e-07,7.67562373811875e-08,1.36945990744252e-07,1.50334944945042e-07,1.18258427302753e-07,1.04086465901903e-07,6.06296282118289e-08,8.76656040641645e-08,1.21777319235949e-07,7.70407313820938e-08,1.29968226555393e-07,4.63951466133696e-08,7.08158078963617e-08,5.03863145075453e-08,5.85550416871147e-08,6.94871047643455e-08,7.09521451170663e-08,5.65172887869156e-08,4.30302963275571e-08,5.08400888908707e-08,5.92207110807699e-08,5.37877541950577e-08,6.61805467686121e-08
1.33959366122963e-07,3.59231090995313e-07,5.35744513399739e-07,2.22572855357508e-07,5.38443790328738e-07,3.44953759442083e-07,4.50299950920816e-07,6.58499601796817e-07,6.53062231660189e-07,6.88441110925147e-07,1.03658744206541e-06,1.0081442669351e-06,5.53441742986076e-07,5.3931183784027e-07,2.83829930717025e-07,8.68423530702308e-07,4.54846161059336e-07,7.17044211780051e-07,4.4966589693503e-07,2.3626057072519e-07,1.30461049718895e-07,3.78876942817221e-07,2.12240878798772e-07,3.19258972915379e-07,1.99021357003718e-07,1.09965037114467e-07,1.13530402509898e-07,1.71552614518936e-07,1.0880468340775e-07,1.63560273673071e-07,8.75211803865616e-08,9.30495848378377e-08,8.20805902803929e-08,8.63302858320069e-08,9.40435586652385e-08,9.20509165287461e-08,7.01752095540893e-08,6.23352455165887e-08,6.36686327616393e-08,7.21165469937499e-08,7.52918411737242e-08,9.91412876702716e-08,4.65623303157233e-08,4.86290607432439e-08,4.66487474615742e-08,5.58296566388424e-08,5.98186217207329e-08,6.36591969597279e-08,1.06120965518389e-07,2.35214233331788e-07,3.89054606759486e-07,1.69027706839238e-07,3.47147894779146e-07,2.59767868414425e-07,3.14784120341415e-07,4.96694592770105e-07,4.43055784441091e-07,4.82489973786289e-07,7.43800308883068e-07,6.69451952801852e-07,4.11501797982328e-07,3.59905356701668e-07,2.00813786516553e-07,6.1141668066831e-07,3.08591186392804e-07,5.24210591645898e-07,2.98069959210684e-07,1.64882859342514e-07,8.64007825805971e-08,2.59699348572655e-07,1.51675002479591e-07,2.22845976969969e-07,1.37922698293512e-07,7.15339047262745e-08,7.29005430975999e-08,1.24243581215474e-07,8.93343687527734e-08,1.16016676156031e-07,5.66279946622132e-08,5.26467025861917e-08,7.66640750486661e-08,6.25334366278897e-08,6.87063127971009e-08,8.07477349982648e-08,4.00394393290309e-08,5.77495149913366e-08,4.37897941924554e-08,5.20522679821482e-08,5.53749235893515e-08,6.32489518342205e-08,4.01987140451458e-08,3.28616702040087e-08,4.14028273768994e-08,4.16193633169868e-08,4.28285699583591e-08,5.08936404321069e-08
2.26220303377797e-07,1.05568665309255e-06,5.30617508597567e-07,4.04803929696537e-07,1.37835253713815e-06,5.89379955212876e-07,1.48146615663671e-06,6.84484187921375e-07,6.75581250170096e-07,1.90086031988317e-06,1.0081442669351e-06,2.49114815354162e-06,5.79011088431631e-07,5.55326837359551e-07,3.31077837582201e-07,8.55979925236345e-07,4.67787397068217e-07,7.14219290068072e-07,4.5905653272332e-07,2.74079034452701e-07,1.59488592115457e-07,3.82839506980647e-07,2.48939175731209e-07,3.37948311393805e-07,2.27918692059382e-07,1.36774322776312e-07,1.54986661282532e-07,2.00428393299111e-07,1.62891909323543e-07,1.80907236774576e-07,1.15545243121059e-07,1.3172260640906e-07,1.20660068638742e-07,1.35616451393195e-07,1.45182021477271e-07,1.47051100084289e-07,1.02225205621925e-07,9.71159676491663e-08,8.88740098752706e-08,1.18698318237178e-07,1.00295057564859e-07,1.33339306723252e-07,8.41644345975071e-08,7.59781370483736e-08,6.65732960290489e-08,8.5816608850844e-08,9.76309944862132e-08,1.08455991422958e-07,1.76570129383285e-07,4.92414961495681e-07,3.74725587275012e-07,2.96675752100378e-07,6.71358780485059e-07,4.42285275147492e-07,8.04336423036975e-07,4.96135330102639e-07,4.37941625159463e-07,1.08451905315088e-06,6.98956657122824e-07,1.40287077592397e-06,4.2694800292188e-07,3.54748811879278e-07,2.53373172570657e-07,5.97399904901975e-07,3.07956823188894e-07,5.11119326575314e-07,2.88930227377791e-07,2.09450802010814e-07,1.17537662525308e-07,2.55979723120155e-07,1.8687304895925e-07,2.36164609050476e-07,1.74258190471748e-07,1.01030131560617e-07,1.07736402263773e-07,1.53272559749566e-07,1.36051572508e-07,1.52847178439697e-07,8.10000970722913e-08,8.2631268724585e-08,9.75358599753903e-08,1.0647558212506e-07,9.63137299965368e-08,1.18535483141526e-07,6.17665204165768e-08,8.25402992261263e-08,6.18971115256995e-08,7.77393440110052e-08,8.19523197772726e-08,8.98374791720969e-08,6.7897340668082e-08,5.22484712859473e-08,6.19837463389336e-08,7.07947066863093e-08,7.33918378932499e-08,9.00181093445656e-08
1.03955703805299e-07,2.9431904144651e-07,5.64391195734791e-07,1.77576199168227e-07,5.54555796042053e-07,3.67407123778235e-07,3.80548599879734e-07,6.93477904860248e-07,2.98429650233216e-07,7.04933488844705e-07,5.53441742986076e-07,5.79011088431631e-07,7.80640961499095e-07,3.241631850283e-07,1.63008288549501e-07,6.08995300087682e-07,3.20180803179434e-07,5.54119448777794e-07,2.66561225338627e-07,1.36714651266529e-07,1.38790983721976e-07,2.57449484204714e-07,1.35596953736968e-07,2.34133105532297e-07,1.19319570992969e-07,1.20232771763311e-07,8.17298746904003e-08,1.16960674231249e-07,1.19164981498381e-07,1.20125328450609e-07,9.82513061595754e-08,7.0001143339427e-08,7.59882469845683e-08,1.00162582147836e-07,7.89818432269793e-08,1.08312052018632e-07,4.91417864672529e-08,5.78167104310649e-08,5.24786196527238e-08,5.89476353935684e-08,6.49270770267843e-08,7.71969454245825e-08,3.78770351770918e-08,3.94395296749198e-08,3.8283953977405e-08,4.381985570296e-08,4.33335868166662e-08,4.53667353177471e-08,8.8126227301584e-08,2.06011889648108e-07,3.96828895776184e-07,1.54789130953332e-07,3.45355270614579e-07,2.63907686122311e-07,2.76793082201514e-07,4.98767194850804e-07,1.85183363134426e-07,4.68715704185234e-07,3.76810193455773e-07,3.5306797662077e-07,5.82328258541715e-07,2.08506271068566e-07,1.10783960523572e-07,4.46221490684415e-07,2.11415823071931e-07,4.15095832126393e-07,1.63792067146594e-07,8.92775824616184e-08,9.64766523855532e-08,1.70693682648115e-07,9.93747043381295e-08,1.65536557184164e-07,7.40211477112811e-08,8.06444197456555e-08,4.44539292553594e-08,8.32924813263856e-08,9.25554310796602e-08,8.09820940531525e-08,6.79659143539221e-08,3.22830118974569e-08,6.94097780586492e-08,7.21981928868488e-08,4.88321695080215e-08,9.25667659408845e-08,2.11995975906167e-08,5.02539586700644e-08,3.61067686628237e-08,3.38294109306821e-08,4.67124556837227e-08,4.52555344983456e-08,3.05817918014678e-08,2.38551417421304e-08,3.03071396347208e-08,3.02636785307874e-08,2.98161028504025e-08,3.46085115553819e-08
1.19921861086042e-07,1.57327755898902e-07,2.5848710341804e-07,1.0535961226656e-07,2.82590851473896e-07,2.03402514116768e-07,1.82960290821868e-07,2.98449156175995e-07,6.90137538545848e-07,3.31086249990627e-07,5.3931183784027e-07,5.55326837359551e-07,3.241631850283e-07,7.60808927275865e-07,3.60219283836526e-07,5.97194994676755e-07,6.19172346811532e-07,4.90223559456592e-07,6.21647990051176e-07,2.9660337148932e-07,1.39187474532217e-07,5.0327413041553e-07,2.66788202962874e-07,4.41779674230008e-07,2.48364235386574e-07,1.14708335259249e-07,1.06929700057039e-07,2.11805724078683e-07,1.1477942675858e-07,1.93180941872692e-07,9.64269638603628e-08,8.65465990011193e-08,6.49553339092907e-08,9.47437348911439e-08,7.82503913906251e-08,9.40024601770533e-08,6.90534616138903e-08,4.8789167206258e-08,4.98665760890609e-08,6.08294509066584e-08,6.10800347223677e-08,8.14930779867674e-08,3.9337302509168e-08,4.10154273130688e-08,3.90700539237079e-08,4.964735067326e-08,4.65389071074539e-08,5.50154654418433e-08,8.58075321940872e-08,1.00558727305082e-07,1.90076576970367e-07,8.94591317812636e-08,1.87804877479407e-07,1.53472385666568e-07,1.16070710006056e-07,2.21253498894789e-07,4.65450878408594e-07,2.28384240261374e-07,3.77996989511844e-07,3.5240872144634e-07,2.57172841384511e-07,5.13344641009909e-07,2.63797428588623e-07,4.29720340844677e-07,4.34701220797457e-07,3.64960590144959e-07,4.16360796200321e-07,2.08689202141621e-07,9.85845382711875e-08,3.61580725587015e-07,1.86947693490154e-07,3.18152420761777e-07,1.75699676204154e-07,8.18585408956101e-08,6.80127403204536e-08,1.56797964627126e-07,8.93377779992739e-08,1.48287470333644e-07,6.67761596996435e-08,5.16945042378832e-08,5.40769222668804e-08,6.86080545527828e-08,5.17285666588939e-08,7.8447562430057e-08,4.11471911205589e-08,4.06934604485547e-08,3.20081370816396e-08,3.99012781387086e-08,3.92270403692608e-08,5.18004018655706e-08,2.96027653487599e-08,2.81577014741959e-08,2.63053296420085e-08,3.22619901496767e-08,3.36225139005067e-08,3.72005864981011e-08
8.9707960677212e-08,1.69540939287597e-07,1.35063927078558e-07,1.39381932247147e-07,1.98361079955582e-07,1.39666844245865e-07,1.91745109164959e-07,1.49766726480184e-07,3.30122737242387e-07,2.3210651335981e-07,2.83829930717025e-07,3.31077837582201e-07,1.63008288549501e-07,3.60219283836526e-07,8.51166066226061e-07,3.12729033629192e-07,6.75338689281683e-07,5.6746486413337e-07,2.9666478373756e-07,6.62289657225756e-07,2.70955880820862e-07,5.34132979659957e-07,5.08164880409145e-07,4.10758770983811e-07,5.65643027296359e-07,2.29022528695621e-07,9.94293743434508e-08,4.26823106842365e-07,2.15202870598877e-07,3.8001959361479e-07,1.98491018124961e-07,8.25552411172736e-08,1.0468907047849e-07,1.84436797868604e-07,1.01713001557117e-07,1.82826180235528e-07,6.87921149839737e-08,8.15397098737466e-08,6.81806088818727e-08,8.20808080758674e-08,9.15461142768614e-08,8.31607789684708e-08,6.98962387681259e-08,5.42818838038263e-08,4.1637552264683e-08,7.27730617132845e-08,6.77694642159062e-08,8.80922660654096e-08,6.32895905977482e-08,1.08610745235317e-07,1.02149968232105e-07,1.00460500289538e-07,1.07436064777588e-07,9.69607918184651e-08,1.25427731708619e-07,1.13105334320907e-07,2.48872153477076e-07,1.34968499415486e-07,2.07981021655629e-07,2.04384861252598e-07,1.26512232146984e-07,2.67901452398175e-07,6.20529708499528e-07,2.30876452877952e-07,4.98108149619398e-07,3.96118423936635e-07,2.17075814506396e-07,4.83659588913818e-07,1.88324801930156e-07,4.05358482720241e-07,3.60870841102503e-07,3.20440292234775e-07,4.19575334978732e-07,1.60709205335826e-07,5.54284235360685e-08,3.14836660920951e-07,1.29883992978594e-07,2.53553578684895e-07,1.4139723170953e-07,4.46583319067684e-08,8.5362666650689e-08,1.11095360300199e-07,7.36419027864072e-08,1.36869702712862e-07,3.9328628657906e-08,6.02610659084398e-08,3.65492299419517e-08,5.84506058502276e-08,6.31495962668485e-08,5.43791587204852e-08,5.45644083057467e-08,3.23746608642643e-08,2.68967004513751e-08,5.43018292342547e-08,4.64421359388292e-08,7.25601936876189e-08
1.12756764110699e-07,2.96265816219174e-07,4.49999558448334e-07,1.77479539655633e-07,4.61585290106118e-07,2.88079774093339e-07,3.7747967060336e-07,5.53448230530103e-07,5.39296127465409e-07,5.88888489308235e-07,8.68423530702308e-07,8.55979925236345e-07,6.08995300087682e-07,5.97194994676755e-07,3.12729033629192e-07,9.73512479977391e-07,4.98407549256467e-07,7.97114844530132e-07,4.87577773870935e-07,2.55220012274203e-07,1.40369494915089e-07,4.05348425422909e-07,2.33545164292923e-07,3.46394653199373e-07,2.13668559636033e-07,1.1576661487075e-07,1.25607252857441e-07,1.89793090628297e-07,1.1548561254524e-07,1.7747890866601e-07,9.29151625382112e-08,1.03326841519432e-07,8.82441588729353e-08,9.26691715239574e-08,1.02641846345834e-07,9.58630695849152e-08,7.89375776127699e-08,6.6146971323351e-08,6.67445780323818e-08,7.89153021279262e-08,7.84882064000698e-08,1.06088585087169e-07,4.75287871224569e-08,5.04479809896329e-08,5.01410765805044e-08,5.72417988564821e-08,6.12226716842178e-08,6.50434312245e-08,9.65298212787506e-08,2.00311572005194e-07,3.29052980049762e-07,1.4935812530159e-07,2.82555874696755e-07,2.21782582766697e-07,2.6678421829437e-07,4.1157075248742e-07,3.59920257330769e-07,3.95687158591433e-07,6.1143677658863e-07,5.45969075403313e-07,4.75496643169197e-07,4.01583907227746e-07,2.15745339036311e-07,7.01679673382762e-07,3.39400554913249e-07,5.99328574914304e-07,3.21132860151505e-07,1.72660803781424e-07,9.26701687453757e-08,2.73331214569852e-07,1.62535689020067e-07,2.40575059543236e-07,1.41847323855885e-07,7.35003229802484e-08,7.79103159165406e-08,1.32486697247434e-07,8.79275121136398e-08,1.21005422469322e-07,5.82600522069359e-08,5.69038969868961e-08,8.23501077071578e-08,6.17089891064223e-08,7.30640852114276e-08,8.29092718172247e-08,4.25624412022636e-08,6.13468962603495e-08,4.61160511016132e-08,5.511727500715e-08,5.79483376060342e-08,6.93101935905164e-08,4.09672779443663e-08,3.41571446178321e-08,3.95244267615886e-08,4.26296581985727e-08,4.3125065665749e-08,5.1609912495939e-08
1.24416636503695e-07,1.68382130010614e-07,2.51627173107611e-07,1.21512414642212e-07,2.65344765862965e-07,1.96613859635042e-07,2.12243504754478e-07,2.94972210308662e-07,5.6566361746774e-07,3.2945317398402e-07,4.54846161059336e-07,4.67787397068217e-07,3.20180803179434e-07,6.19172346811532e-07,6.75338689281683e-07,4.98407549256467e-07,1.05106231532106e-06,8.37031304896151e-07,5.03338952451005e-07,5.34101397788527e-07,2.56802310461641e-07,8.27086953299991e-07,4.12867401637493e-07,6.47839767885467e-07,4.47771801662457e-07,2.08294578266975e-07,9.26781770320433e-08,3.4054619688075e-07,1.82297315204686e-07,2.90419858387472e-07,1.77612674325828e-07,7.49699457861967e-08,1.08302328978542e-07,1.50825600060208e-07,8.99873124709223e-08,1.56881568042746e-07,6.22934484891363e-08,8.28929440943735e-08,6.47981400345265e-08,7.10019699984621e-08,9.08865426370981e-08,7.39553987083559e-08,6.94749699149788e-08,5.17813179951178e-08,4.07418491417156e-08,7.32734443532678e-08,6.2752912361183e-08,8.43607873678902e-08,9.25971094791508e-08,1.2511311702286e-07,1.74198412199718e-07,9.6385491852859e-08,1.63111426941841e-07,1.31839945440563e-07,1.54123609158695e-07,2.03279397869666e-07,4.13361327788761e-07,2.03436206364765e-07,3.25089874222469e-07,3.07755456023893e-07,2.26200668627922e-07,4.50309163785667e-07,4.62202384833533e-07,3.62524501753546e-07,7.63559903676237e-07,5.94280475618873e-07,3.65294557443764e-07,3.66849943237696e-07,1.72204102182688e-07,6.28123545099657e-07,2.77662878351123e-07,4.93684459254093e-07,3.14393631682215e-07,1.39843559743648e-07,5.11540017386941e-08,2.43889892319396e-07,1.08701796438175e-07,1.95141163997448e-07,1.19238270050396e-07,4.161261278732e-08,8.76324850941166e-08,8.97954776911217e-08,7.18307047962987e-08,1.23445658668657e-07,3.62152277445244e-08,6.03685481904829e-08,3.61036494630981e-08,5.57547596068599e-08,5.08553985393276e-08,4.76741823995917e-08,5.01805199232122e-08,3.06859700998965e-08,2.2709964544674e-08,4.37677586334236e-08,4.61807973611702e-08,6.03136204150593e-08
1.13417039464653e-07,2.67272480878914e-07,3.98669162716812e-07,1.76543173674434e-07,3.94346719763188e-07,2.608868361741e-07,3.7837902523305e-07,5.02170740396049e-07,4.43502376011095e-07,5.3732993821231e-07,7.17044211780051e-07,7.14219290068072e-07,5.54119448777794e-07,4.90223559456592e-07,5.6746486413337e-07,7.97114844530132e-07,8.37031304896151e-07,1.23584416034464e-06,3.96279434113051e-07,4.44479459840119e-07,2.1241394318074e-07,6.55440651066395e-07,3.36257877023044e-07,4.88210980866962e-07,3.69579620887413e-07,1.69306887563952e-07,9.22489536063587e-08,2.7830385106905e-07,1.61008070750806e-07,2.4999027893614e-07,1.42775904062498e-07,7.45103956383327e-08,1.23376772849967e-07,1.3062162062797e-07,1.00392045215426e-07,1.46476354646544e-07,5.94338523333247e-08,9.51116868363857e-08,8.20818106288777e-08,7.84108648205072e-08,1.10308416387339e-07,8.48367767332486e-08,6.97831964902617e-08,5.88733828885668e-08,3.99363515236414e-08,7.97275063363924e-08,6.36772966179018e-08,8.50004795120998e-08,9.3635750974827e-08,2.02970655414213e-07,2.90793038658913e-07,1.44724817609696e-07,2.39405142032802e-07,1.9841818627955e-07,2.8008184034314e-07,3.68529904288056e-07,3.11204544156621e-07,3.48768463861953e-07,5.02638066215699e-07,4.62018446049713e-07,4.2620389880416e-07,3.45456433002417e-07,3.91266018774124e-07,5.78969699769345e-07,5.93656247677298e-07,8.87507815499845e-07,2.73723912021494e-07,3.03124661850485e-07,1.43430042980917e-07,4.75803353728819e-07,2.35236203011947e-07,3.65237102019955e-07,2.49474059826298e-07,1.10873879979659e-07,4.986864531378e-08,1.98404445523646e-07,1.02417493014363e-07,1.6524403852561e-07,9.3331394983285e-08,3.85143239432736e-08,1.03061389098245e-07,7.93834715717873e-08,7.76987644022064e-08,1.22952493543223e-07,3.21730454151751e-08,7.22078447023564e-08,5.42874546062442e-08,5.81321838103867e-08,7.1117615452695e-08,5.25573919437431e-08,4.9805473904976e-08,3.81785683830259e-08,2.9749871668477e-08,5.44927710999194e-08,4.9525304594945e-08,6.90719107452438e-08
1.03226029912927e-07,1.25335176903568e-07,2.17281039055588e-07,8.49772175465979e-08,2.31764977865526e-07,1.69211290273772e-07,1.48168794362155e-07,2.5219632363658e-07,5.73131580012554e-07,2.75403405128879e-07,4.4966589693503e-07,4.5905653272332e-07,2.66561225338627e-07,6.21647990051176e-07,2.9666478373756e-07,4.87577773870935e-07,5.03338952451005e-07,3.96279434113051e-07,7.50511105857533e-07,3.46593317363429e-07,1.63228481313804e-07,6.08787616058551e-07,3.07442185792796e-07,5.30060907921921e-07,2.89498186894532e-07,1.33191708567872e-07,1.26202609302456e-07,2.46384606737395e-07,1.35063864472192e-07,2.23930638450591e-07,1.10660597536247e-07,1.03500601270277e-07,7.89196686658069e-08,1.09538222566068e-07,9.65522200180921e-08,1.10632562189847e-07,8.02668490869098e-08,5.48174500032129e-08,5.66477424472045e-08,7.3757931269878e-08,6.77251433444956e-08,9.31411205376981e-08,4.37574908760383e-08,4.53156032820482e-08,4.40199835951912e-08,5.32390488053717e-08,5.2603566076371e-08,6.06506626257713e-08,7.49844662743597e-08,8.93175729605306e-08,1.62944932464575e-07,7.59359412436438e-08,1.59356692982848e-07,1.28457667984896e-07,9.99688254671092e-08,1.89395348709969e-07,3.85992207050985e-07,1.96079621991782e-07,3.11803416624197e-07,2.96104741181554e-07,2.13282679391485e-07,4.1651088575752e-07,2.08767705934304e-07,3.49430492987935e-07,3.61728133826287e-07,2.99983515008816e-07,5.48234752164969e-07,2.4355779938531e-07,1.12935227541287e-07,4.64895948246155e-07,2.17445512643961e-07,4.08232519418726e-07,1.98470571805656e-07,9.55563379978781e-08,8.1311255100604e-08,1.77644590440435e-07,1.01103704589725e-07,1.57586212455562e-07,7.81855256591901e-08,6.1826978882865e-08,7.04902017232523e-08,7.7157852186942e-08,7.08599444695843e-08,9.48985426827978e-08,4.82506208757054e-08,5.21956406522717e-08,3.91265219589372e-08,5.61306927550492e-08,5.06139039582368e-08,6.52269574462057e-08,3.82075782188786e-08,3.15935076038233e-08,3.12963948264892e-08,3.81115963405056e-08,3.81018063950108e-08,4.34429260589285e-08
