4.51459319444684e-08,2.28815681505285e-08,1.18673540957963e-08,3.79304682156565e-08,2.15862743384683e-08,3.51373594624328e-08,2.00592389951122e-08,9.87240200130909e-09,9.03852067126742e-09,1.87306709153557e-08,1.10082146990147e-08,1.85868888967354e-08,8.51787433931029e-09,7.98206576890639e-09,7.60850982926794e-09,9.4780401358115e-09,9.58685258650819e-09,1.06290615755361e-08,6.8773251468974e-09,6.63702714601739e-09,4.58385032967251e-09,8.44543142742794e-09,6.642580773357e-09,8.53628593003922e-09,5.86107277948156e-09,4.05392538691763e-09,2.99286313050647e-09,5.91281047281582e-09,4.09546795725337e-09,5.70756088866045e-09,3.70040573210103e-09,2.82236316640696e-09,2.49240248896723e-09,3.73958456076146e-09,3.19196416702315e-09,4.29406069407553e-09,2.36018444812424e-09,2.14900831852822e-09,2.60408166417501e-09,2.63002977314889e-09,3.27262403983733e-09,3.77356527019608e-09,1.96098390927303e-09,2.38162642801109e-09,1.54471203818358e-09,2.86250892144139e-09,2.3032165949334e-09,2.85099099605902e-09,3.17214253736454e-08,1.64466538522648e-08,8.83555372114111e-09,3.01996355904709e-08,1.4388284216512e-08,2.66225438330199e-08,1.43586479946137e-08,7.08618928848316e-09,4.9679765305131e-09,1.22503527947277e-08,7.46163604495231e-09,1.19075738400052e-08,6.00318212872377e-09,4.27482204031789e-09,5.03285951559969e-09,6.15708435703544e-09,5.28646044456166e-09,6.295442776972e-09,3.38725675002545e-09,4.01651653305906e-09,2.93825536924778e-09,4.40959403714332e-09,4.64313884066148e-09,5.04043959909109e-09,3.46266666933055e-09,2.5840113774409e-09,1.87235565098426e-09,4.15078983059803e-09,2.44854399867125e-09,3.48878677229677e-09,2.43708256103547e-09,1.96074968916418e-09,1.97314729929738e-09,2.37213444153468e-09,2.32241998426055e-09,2.92001851349467e-09,1.71129395640254e-09,1.60742983775686e-09,1.37943215231894e-09,1.98550261063687e-09,1.84145451628146e-09,2.37520483494702e-09,1.58001791494842e-09,1.17603508471343e-09,1.3259957445679e-09,1.80957653825111e-09,1.65056039389639e-09,2.0857311542639e-09
2.28815681505285e-08,8.45462608960838e-08,2.70056015562783e-08,4.48282092544577e-08,7.02933372300025e-08,3.56562927399123e-08,7.26506515981117e-08,2.28920887314563e-08,1.27202358401419e-08,6.03921370150155e-08,2.17860031398961e-08,5.49935713483304e-08,1.90761030046599e-08,1.06299589277496e-08,1.44652232318877e-08,1.81702188275082e-08,1.28547223133129e-08,1.91245436646966e-08,9.34204236412786e-09,1.26030937607767e-08,7.41067557971601e-09,1.10550676596419e-08,1.31161401521916e-08,1.0729237706952e-08,1.11595563810268e-08,6.76338531195433e-09,5.27179000853413e-09,1.18758386087504e-08,7.48738839806346e-09,1.22414197164201e-08,6.19234366885336e-09,4.96744660716311e-09,4.44955510878455e-09,6.89510769847396e-09,5.72837209789923e-09,7.72033733643455e-09,4.1634536219202e-09,3.85834386139351e-09,3.53096185495397e-09,4.73061278639577e-09,4.49135229579524e-09,5.2536642345386e-09,3.34751609613916e-09,3.29165771894726e-09,3.02680058380263e-09,4.19051783875587e-09,4.000553149812e-09,5.0376146246732e-09,1.6504820870096e-08,5.27168037902917e-08,2.1256185101025e-08,3.61541751877196e-08,4.37183297944045e-08,2.81600872103602e-08,4.54895774734867e-08,1.80520215072988e-08,6.70872702537908e-09,3.81805369517238e-08,1.58300038071057e-08,3.25739223265191e-08,1.46337090568024e-08,6.09694084644715e-09,8.00355688819744e-09,1.35960222899887e-08,7.4239731885369e-09,1.3383226601494e-08,5.35182347581628e-09,7.56084635950692e-09,5.38051818723028e-09,6.66718398869037e-09,8.86014259279882e-09,7.42683891345320e-09,6.60090429898107e-09,4.88977416637055e-09,3.52320322286715e-09,7.8694058396377e-09,5.17362198823879e-09,7.8467123524061e-09,4.37710151688741e-09,3.375778760319e-09,2.92714787250769e-09,4.68440586692204e-09,3.79597261446021e-09,4.94679556599134e-09,2.79773418369374e-09,2.66371144179831e-09,1.97562526139462e-09,3.13032799729196e-09,2.40681002256591e-09,3.27426954689116e-09,2.31490868133318e-09,1.88341083581073e-09,2.20165450513879e-09,2.15403127448931e-09,2.77648356700071e-09,3.20039294414097e-09
1.18673540957963e-08,2.70056015562783e-08,5.93753176875394e-08,2.22232620918615e-08,5.04719948180084e-08,4.27449183222878e-08,2.29120874081751e-08,4.67517819319144e-08,2.1668456549329e-08,4.03554501587018e-08,3.88611825803409e-08,3.26941389096555e-08,4.06114604453203e-08,1.85426177057719e-08,1.11726600384152e-08,3.33458443696151e-08,1.82168750954933e-08,3.13136744836233e-08,1.56923600061369e-08,9.19408942085854e-09,8.43704625806547e-09,1.53683293361415e-08,8.94319123831399e-09,1.42375188540413e-08,7.99742868594301e-09,7.34260252268577e-09,4.3602856204038e-09,7.5557155315318e-09,7.86428323372096e-09,7.95589957375987e-09,6.62189859856753e-09,4.09519204985137e-09,3.92786993446371e-09,7.11281462862706e-09,5.11311772861433e-09,8.55125164486649e-09,3.49453239062025e-09,3.39161408380658e-09,2.91617556350842e-09,4.31447075461034e-09,3.40883462385986e-09,4.30900456291484e-09,3.11053754910949e-09,2.89123837534706e-09,2.47441738088067e-09,3.43190378287699e-09,3.36341997576248e-09,4.13592846862031e-09,8.13236925192365e-09,1.77076764927944e-08,4.0065580095274e-08,1.6610869194158e-08,3.29193055341244e-08,2.90755477619416e-08,1.59042909740088e-08,3.20685370211731e-08,1.38533491793737e-08,2.71303462493668e-08,2.72060245417409e-08,2.24409046765587e-08,2.78139139583672e-08,1.24535875981129e-08,6.6092211749291e-09,2.39581238534612e-08,1.24178755831781e-08,2.0881639803877e-08,1.07107638355234e-08,5.54701244330158e-09,4.78720160677396e-09,1.08926271523629e-08,6.17776761711858e-09,1.02723539666756e-08,4.46912726429239e-09,4.08547800437626e-09,2.65204896285746e-09,5.13436518253546e-09,4.24896706579982e-09,5.66729076058252e-09,3.72917028721964e-09,2.48647145008178e-09,2.49616996952346e-09,3.6993249246414e-09,3.30262527297383e-09,4.65461583874792e-09,2.15026859595687e-09,2.13680680891924e-09,2.09201268167423e-09,2.76336628434691e-09,1.96855594410801e-09,2.8524242096229e-09,1.83800435511635e-09,1.94891025997864e-09,1.92680513248908e-09,1.90974582140984e-09,2.65551642134091e-09,2.77378715943979e-09
3.79304682156565e-08,4.48282092544577e-08,2.22232620918615e-08,6.51902194110579e-08,3.50975142617836e-08,5.2012767733985e-08,3.86854154898274e-08,1.82632934148805e-08,1.11553262739554e-08,2.99428030900531e-08,1.79738635360253e-08,2.77859133957299e-08,1.54693095360101e-08,9.54493449737106e-09,1.31544079172844e-08,1.516808006559e-08,1.12885368335797e-08,1.57905229340956e-08,8.29808721275212e-09,1.14598114092087e-08,6.52135438589217e-09,9.73968996517145e-09,1.20899045017405e-08,9.9212277419927e-09,1.00313673595458e-08,5.80655597476212e-09,4.04975889928119e-09,1.07517800416376e-08,5.94970144965763e-09,1.04602250562639e-08,5.45035558459974e-09,3.93449002377765e-09,3.55203475739379e-09,5.62308442052735e-09,4.64656579438341e-09,6.45549213042999e-09,3.25500146584403e-09,3.07947570085061e-09,3.29994335700751e-09,3.88285812067108e-09,4.09372896035809e-09,5.05246684657901e-09,2.77954829526056e-09,3.13439780776572e-09,2.54651844036508e-09,3.72399112509605e-09,3.13430476487155e-09,3.85647419324861e-09,2.70022314812557e-08,3.30793208405106e-08,1.66798930696148e-08,5.1335989536705e-08,2.54024397108036e-08,4.00580289562886e-08,2.80364709286939e-08,1.34907180879626e-08,5.65580234651843e-09,2.14086463525408e-08,1.22336917149859e-08,1.85754451159965e-08,1.11072087911005e-08,5.35080164375605e-09,7.71722080520459e-09,1.07002356165951e-08,6.87321681877771e-09,1.05509707176864e-08,4.50282195364879e-09,6.61246520591099e-09,4.50220395338253e-09,5.8344960427415e-09,7.99618562059405e-09,6.81106099257749e-09,5.53227604224411e-09,3.95893262626475e-09,3.0038288705317e-09,6.76459893835581e-09,4.16302452901632e-09,6.6825524707563e-09,3.72442743330954e-09,2.95495852707175e-09,2.35133022735384e-09,3.9237317333083e-09,3.53463817208185e-09,4.2561532290287e-09,2.42287540654173e-09,1.9842728226974e-09,1.82799626227985e-09,2.92184316838973e-09,2.45806602709402e-09,3.50707892294629e-09,1.7054290312235e-09,1.6961251277151e-09,2.09898336696245e-09,2.34041855639415e-09,2.28662828238641e-09,2.78965996919437e-09
2.15862743384683e-08,7.02933372300025e-08,5.04719948180084e-08,3.50975142617836e-08,1.07103549459364e-07,6.06994501109096e-08,6.04041778570016e-08,4.03395299344473e-08,2.13761030541035e-08,8.81264334266568e-08,3.32713603126265e-08,7.42588693969333e-08,3.44876318146993e-08,1.80617579857154e-08,1.41751446349784e-08,2.81331729422326e-08,1.92169290282189e-08,2.77360027515315e-08,1.54976879969549e-08,1.19517936552601e-08,1.11133534344368e-08,1.62908406203878e-08,1.12061228627688e-08,1.50218356064398e-08,1.013710406592e-08,1.00209978428776e-08,6.29801118881472e-09,9.83000155980308e-09,1.10168176583268e-08,1.01040080014555e-08,9.13364318496404e-09,5.94631072620638e-09,5.14730861142714e-09,1.0115912139533e-08,6.8643160330507e-09,1.13378061230034e-08,5.09344252747941e-09,4.54521631560496e-09,4.17553948659175e-09,5.77630724200204e-09,4.82302147855065e-09,6.17480822080525e-09,4.06151532670811e-09,3.99504934701569e-09,3.38967065469956e-09,4.72288155657645e-09,4.96376870153603e-09,6.01872659576821e-09,1.52821149735514e-08,4.38873325636386e-08,3.61555618842291e-08,2.87079428931071e-08,6.34716062939816e-08,4.3180574745775e-08,3.81976344524008e-08,3.09472644706498e-08,1.2871013135511e-08,5.51717512472962e-08,2.39227790922126e-08,4.53410216385661e-08,2.64951240378864e-08,1.13300048405693e-08,9.05914234960882e-09,2.08364214043859e-08,1.24029413151259e-08,1.92192220408527e-08,9.78747311709713e-09,7.96367147438661e-09,7.06893745980183e-09,1.0952485992291e-08,8.71243910615215e-09,1.09073128523489e-08,6.83623235591465e-09,6.37412473049336e-09,3.96100629249239e-09,7.7120767606693e-09,6.63137284423734e-09,7.39466905415646e-09,5.86920496785192e-09,3.89475309329312e-09,3.20295407186741e-09,6.08744219493609e-09,4.45888284809466e-09,6.6869951035759e-09,3.35970182744183e-09,2.88921248417416e-09,2.65098796434088e-09,3.73440236543012e-09,2.47338621359243e-09,3.72751220299054e-09,2.55684113306189e-09,2.50718307514494e-09,2.40349372650712e-09,2.23167540240575e-09,3.72072416968402e-09,3.76342010628168e-09
3.51373594624328e-08,3.56562927399123e-08,4.27449183222878e-08,5.2012767733985e-08,6.06994501109096e-08,8.07761471055462e-08,3.02360145504909e-08,3.30798408852528e-08,1.82570505612271e-08,4.82483792727334e-08,2.72317568625078e-08,3.96856695922587e-08,2.87870872237121e-08,1.56636825511825e-08,1.12651455909048e-08,2.33707226016708e-08,1.62690077603109e-08,2.2551081111169e-08,1.32650427138473e-08,9.51263990844522e-09,9.69802752909159e-09,1.38217340451554e-08,9.4747780329426e-09,1.33152039293871e-08,8.19192019901723e-09,8.69430453769354e-09,4.81453588386193e-09,8.31250006800321e-09,8.92957524189223e-09,8.23740067884884e-09,7.99775397249191e-09,4.6710560102107e-09,4.02634406762863e-09,8.33656725418933e-09,5.5869107478192e-09,9.53467072468485e-09,3.94061041569247e-09,3.63221535672683e-09,3.58443481633174e-09,4.81638412549395e-09,4.30231518423557e-09,5.7524527420589e-09,3.40893307226208e-09,3.49736579987028e-09,2.80028313762015e-09,4.2051490604546e-09,3.91989694172587e-09,4.87843362263006e-09,2.47941965904959e-08,2.57288826709704e-08,2.87242506905236e-08,4.12323839200652e-08,3.97132701529907e-08,5.67860640390338e-08,2.21787375177058e-08,2.3734455119941e-08,1.11172747189733e-08,3.34000547958811e-08,1.88569098884188e-08,2.72818866164306e-08,2.07176168528089e-08,1.01075716204697e-08,7.43024908890369e-09,1.69790228781321e-08,1.09032923449826e-08,1.49039640695187e-08,8.55795647610384e-09,6.18842206931597e-09,5.82475213110125e-09,9.42235531515485e-09,6.7652925522353e-09,9.15332168222631e-09,5.01454097582427e-09,5.17963177339645e-09,3.34668165137026e-09,5.82802511671443e-09,5.52999990130273e-09,5.89216149576018e-09,4.79518570256081e-09,3.31657045404426e-09,2.76370526255273e-09,5.12343991009533e-09,4.17562291095736e-09,6.01926601300451e-09,2.80395311736701e-09,2.43230764794591e-09,2.34286296164552e-09,3.58628720247159e-09,2.8206685162104e-09,4.04922477249712e-09,2.04444210007562e-09,2.22649058008353e-09,2.30294224580225e-09,2.63567675543815e-09,3.18448845956738e-09,3.57323857745679e-09
2.00592389951122e-08,7.26506515981117e-08,2.29120874081751e-08,3.86854154898274e-08,6.04041778570016e-08,3.02360145504909e-08,9.43883821453424e-08,2.80851920109316e-08,1.5687650960315e-08,8.13362986567567e-08,2.76078521952534e-08,7.8364801896408e-08,2.33349932832623e-08,1.31640862705783e-08,1.55864605595724e-08,2.31230719179567e-08,1.56486528085883e-08,2.40649064601503e-08,1.07712325420668e-08,1.35989343108827e-08,8.62652834737245e-09,1.2817570589903e-08,1.45329059671101e-08,1.25079322397847e-08,1.19626450676418e-08,7.60090301378868e-09,5.94479723170239e-09,1.3015332801229e-08,8.19016871405942e-09,1.33033694869594e-08,6.94123631639375e-09,5.54794442158167e-09,4.86610663908944e-09,7.52819308099923e-09,6.12039432058319e-09,8.26236263567396e-09,4.7403536376663e-09,4.26028069338012e-09,3.99449154829792e-09,5.11760916962816e-09,5.13950910946989e-09,5.94463986231584e-09,3.69159782049682e-09,3.60699603562099e-09,3.15760207781339e-09,4.67226523754877e-09,4.11796806629191e-09,5.19492446627021e-09,1.45049065754245e-08,4.54999758550936e-08,1.80525523709879e-08,3.15810961652549e-08,3.81788170851836e-08,2.50128810699511e-08,6.15181984165081e-08,2.19616679047983e-08,8.99687008932817e-09,5.52731397791685e-08,2.00144883690761e-08,5.06943351750078e-08,1.80087278531011e-08,8.23080738334782e-09,8.64624368850673e-09,1.73222417317892e-08,9.06410357239121e-09,1.69315889218187e-08,6.7080538619222e-09,8.40390175158653e-09,6.05279695211659e-09,7.9481874607877e-09,9.85537076399982e-09,8.75112142186203e-09,7.23504574180663e-09,5.45336669037127e-09,3.88546750946587e-09,8.64258552090784e-09,5.77320147563274e-09,8.30041792413927e-09,4.9767421838622e-09,3.65720083773659e-09,3.2315616855671e-09,5.19331714156463e-09,3.90028414191466e-09,5.47740340328877e-09,3.09696158870151e-09,2.99821451989198e-09,2.50770118822718e-09,3.2225596524657e-09,3.25711348327072e-09,3.94387126181884e-09,2.80802905047276e-09,2.17322767135887e-09,2.05063318145138e-09,2.96528074842771e-09,2.66052983885701e-09,3.47132297948687e-09
9.87240200130909e-09,2.28920887314563e-08,4.67517819319144e-08,1.82632934148805e-08,4.03395299344473e-08,3.30798408852528e-08,2.80851920109316e-08,5.42356021120987e-08,2.46734323738377e-08,4.77932081661262e-08,4.56541969422243e-08,3.94691968070614e-08,4.65403470467257e-08,2.07833409795994e-08,1.21676871212867e-08,3.87532254543216e-08,2.00529731289942e-08,3.5773254331174e-08,1.75178569362925e-08,1.01307703569809e-08,9.14699512033601e-09,1.68506684649197e-08,1.01810404559119e-08,1.58775527922635e-08,8.79311094869531e-09,8.0066059282539e-09,4.94073802173899e-09,8.62526815906486e-09,8.60121035411693e-09,9.0121997247666e-09,7.19675725719583e-09,4.62693543560371e-09,4.20987245355564e-09,7.78603663094188e-09,5.51109265487308e-09,9.1966941291226e-09,4.00977859641228e-09,3.64690272498325e-09,3.51782209112748e-09,4.6909553570079e-09,3.98530064977711e-09,5.0267879345334e-09,3.20899702244219e-09,3.2710138311091e-09,2.49166384516946e-09,3.55419327675983e-09,3.59552947659645e-09,4.12040183034687e-09,6.71189062670359e-09,1.58960580565505e-08,3.20625458152969e-08,1.48173451019946e-08,2.71182483927118e-08,2.41814938783831e-08,2.10585877597215e-08,3.73284155747421e-08,1.63136522984501e-08,3.34713507760073e-08,3.24950894491168e-08,2.8960543401376e-08,3.22836853508327e-08,1.44478299326061e-08,7.35316374823613e-09,2.80299858311966e-08,1.38550697790185e-08,2.44235836953042e-08,1.23439364449331e-08,6.20572826306469e-09,5.36509320467426e-09,1.20283735661024e-08,6.97705889176253e-09,1.16231285352581e-08,5.0332969047992e-09,4.65288446423755e-09,3.0717168747553e-09,5.86659589445472e-09,4.8838104552872e-09,6.4145378225599e-09,3.98650326575169e-09,2.90798879434898e-09,2.75905079467381e-09,4.31903798380798e-09,3.66572833306015e-09,5.08766425283912e-09,2.50341921188344e-09,2.38403956849998e-09,2.61075977952959e-09,3.10414899937009e-09,2.57840878154094e-09,3.35475248977199e-09,2.16147654687914e-09,2.30721861898111e-09,1.68723733604473e-09,2.35766809943342e-09,2.82096554993023e-09,2.94767488872061e-09
9.03852067126742e-09,1.27202358401419e-08,2.1668456549329e-08,1.11553262739554e-08,2.13761030541035e-08,1.82570505612271e-08,1.5687650960315e-08,2.46734323738377e-08,5.96832130460306e-08,2.52463387268906e-08,4.86839717318176e-08,4.60081550414433e-08,2.07926907168733e-08,4.89315693558731e-08,2.47711917088911e-08,3.98607241358762e-08,4.07909353319223e-08,3.3113040982644e-08,4.11588363372524e-08,2.05758363688837e-08,9.43540521285958e-09,3.41953849698653e-08,1.77591077252803e-08,3.0437991970989e-08,1.73810482996462e-08,7.98651079963084e-09,7.66408117074182e-09,1.49396831982981e-08,7.84699247856154e-09,1.42187413963949e-08,7.00926540092419e-09,6.96230636115648e-09,4.95603917665079e-09,7.05449753822016e-09,7.94270061122652e-09,8.1385039029383e-09,6.14537232760341e-09,4.26985717801489e-09,3.373681189281e-09,6.81139835461735e-09,4.89699346848434e-09,7.08322203634512e-09,3.90194810186023e-09,2.95397734555853e-09,2.45113908665381e-09,4.29677864277001e-09,2.97165236977895e-09,4.60350705640821e-09,4.96642380379319e-09,7.50811578648237e-09,1.44278640217804e-08,7.29762723821247e-09,1.38114912236495e-08,1.29101374020813e-08,1.09241589797557e-08,1.6464466326601e-08,3.32223723842657e-08,1.81595793531039e-08,2.98341349193276e-08,2.82487913234896e-08,1.32984944448838e-08,2.77266508313561e-08,1.53518956560094e-08,2.37293799482446e-08,2.45029978083182e-08,2.14262213121718e-08,2.25026841715149e-08,1.27806916000074e-08,6.78598545647645e-09,2.07878236046302e-08,1.2673042301571e-08,1.94993526312511e-08,1.04529417561638e-08,5.85359087069743e-09,3.88076525726003e-09,1.07282788546948e-08,4.71490154255049e-09,8.93066898430216e-09,5.16227077972109e-09,3.71725314176127e-09,3.35706031662808e-09,4.40316763307143e-09,4.75053239079296e-09,5.41066861279207e-09,3.33264055883137e-09,3.01278849010169e-09,2.35219043899727e-09,4.20966819232471e-09,3.26022499324505e-09,4.19092223398027e-09,2.88442046696484e-09,1.92969355498897e-09,1.61388643863819e-09,2.81572008381929e-09,2.180296591213e-09,3.34556169829353e-09
1.87306709153557e-08,6.03921370150155e-08,4.03554501587018e-08,2.99428030900531e-08,8.81264334266568e-08,4.82483792727334e-08,8.13362986567567e-08,4.77932081661262e-08,2.52463387268906e-08,1.13697189982159e-07,4.07699840379429e-08,1.01229874251782e-07,4.07250838055162e-08,2.12423728823807e-08,1.53684983014357e-08,3.45161196837999e-08,2.21794165567394e-08,3.34483686903581e-08,1.7543754822784e-08,1.30461964849619e-08,1.23475513217085e-08,1.82424439506869e-08,1.27661557996341e-08,1.71883183713776e-08,1.10935187504659e-08,1.10184598687967e-08,7.05778093653282e-09,1.11598456919434e-08,1.20432398717891e-08,1.14447651648275e-08,1.00358321831664e-08,6.62673287749203e-09,5.67342410689356e-09,1.10201228722857e-08,7.39855055085337e-09,1.22027719282357e-08,5.80377913605839e-09,5.05341481361031e-09,4.81558442490908e-09,6.30945601999518e-09,5.63617529919784e-09,7.02278517589893e-09,4.45378061860893e-09,4.45161774217277e-09,3.41721478848601e-09,5.15443557499631e-09,5.16415070760847e-09,6.10742027397072e-09,1.33055589236485e-08,3.82009553375673e-08,3.09440798752304e-08,2.59569888102476e-08,5.51630982227091e-08,3.78408638935984e-08,5.45234992936491e-08,3.64037011762326e-08,1.57915280054281e-08,7.57177162697225e-08,2.94750833564479e-08,6.61466288253455e-08,3.14288322391722e-08,1.41138378659842e-08,9.56195051624537e-09,2.59599323418144e-08,1.45648447582919e-08,2.37005377876555e-08,1.17468889274062e-08,8.73396035743946e-09,7.97407038744763e-09,1.25815106370855e-08,9.74076537620934e-09,1.29801669845034e-08,7.500878903178e-09,7.17147762750272e-09,4.4495466992197e-09,8.57884323536547e-09,7.62425092463506e-09,7.91283484564375e-09,6.64356257382812e-09,4.31276629747179e-09,3.73422181213821e-09,6.97322194786823e-09,4.80572430022899e-09,7.72628599459870e-09,3.78230403599939e-09,3.40655003522468e-09,3.24212570545498e-09,4.05769687852149e-09,3.46025419702531e-09,4.51809300245115e-09,3.19534050691671e-09,2.92412354332457e-09,1.96260034409752e-09,3.16296528262725e-09,3.63908332283861e-09,4.03544319917319e-09
1.10082146990147e-08,2.17860031398961e-08,3.88611825803409e-08,1.79738635360253e-08,3.32713603126265e-08,2.72317568625078e-08,2.76078521952534e-08,4.56541969422243e-08,4.86839717318176e-08,4.07699840379429e-08,7.71836690683883e-08,6.64234499503457e-08,3.8759571861261e-08,3.98550387099234e-08,2.17559957169582e-08,6.43184785297114e-08,3.29019838602049e-08,5.37568060413962e-08,3.35298773615324e-08,1.78994706422607e-08,1.01149462328655e-08,2.74523459595439e-08,1.63511698630417e-08,2.44845066374171e-08,1.50571781008906e-08,8.42797520142519e-09,8.62917096434297e-09,1.3514489619881e-08,8.18528891096091e-09,1.28765513730977e-08,7.51381159955771e-09,7.8697758139524e-09,5.61938281826097e-09,7.45275762619977e-09,8.92208985012319e-09,8.72162719131319e-09,6.84076977027472e-09,4.92865080314076e-09,4.10050599732917e-09,7.66241252253385e-09,5.58834159041101e-09,7.99561978128938e-09,4.43028177791421e-09,3.65406989010711e-09,2.74151540867445e-09,4.91234098011691e-09,3.6680766328841e-09,5.09347369715727e-09,7.86021572108823e-09,1.43301949046781e-08,2.69000812467713e-08,1.42834081625317e-08,2.22677280723837e-08,2.06835596943312e-08,1.96455483004955e-08,3.11973252497631e-08,2.85620537716693e-08,2.87282471784915e-08,5.05919899226057e-08,4.38738598824389e-08,2.64994258961899e-08,2.39661295834277e-08,1.27935940527751e-08,4.14985208159113e-08,2.1563758572842e-08,3.52582201830537e-08,2.0001096555709e-08,1.08628562602299e-08,6.74384002815282e-09,1.8655301588868e-08,1.08683050751591e-08,1.67740665069553e-08,8.61441784696568e-09,5.77810545127025e-09,4.06514302562963e-09,8.95094362531479e-09,4.6668243404056e-09,7.75269941611788e-09,5.06393096941374e-09,3.86756006464408e-09,3.75373615494391e-09,4.34154283747503e-09,5.14970266801587e-09,5.67947218654974e-09,3.49120077689363e-09,3.35254700955952e-09,2.97118243914811e-09,4.46640699653094e-09,3.70047866773615e-09,4.70997526530023e-09,3.1414009192451e-09,2.53392361903295e-09,1.98441241984661e-09,3.26106567350117e-09,2.78001983658408e-09,3.66799142794389e-09
1.85868888967354e-08,5.49935713483304e-08,3.26941389096555e-08,2.77859133957299e-08,7.42588693969333e-08,3.96856695922587e-08,7.8364801896408e-08,3.94691968070614e-08,4.60081550414433e-08,1.01229874251782e-07,6.64234499503457e-08,1.42658011249331e-07,3.32014558989684e-08,3.71728039000236e-08,2.25139736395339e-08,5.48317964434993e-08,3.23425730375425e-08,4.78054064412447e-08,3.07117111888218e-08,1.86956987968731e-08,1.14873459752099e-08,2.64506503653702e-08,1.72547610094824e-08,2.42319111397827e-08,1.57856746018813e-08,9.83134534852677e-09,1.09237919763886e-08,1.45704506713647e-08,1.00344209969254e-08,1.40610860240462e-08,8.81172497249746e-09,1.00398719473146e-08,6.81881348621663e-09,9.10926925000458e-09,1.09647996526232e-08,1.03154327623569e-08,8.76491431879196e-09,6.01646330001923e-09,5.3527754420295e-09,9.40871425845036e-09,7.07599848125154e-09,1.0479776327966e-08,5.41818563911311e-09,4.84058461257843e-09,3.74308070304868e-09,6.47028025021028e-09,5.28316338624951e-09,7.01646958747009e-09,1.37007925285301e-08,3.40842631056759e-08,2.48396292914192e-08,2.38286373632256e-08,4.7414838401677e-08,3.20810966033355e-08,5.10728582536521e-08,2.94912567267617e-08,2.57497297249745e-08,6.87392798029266e-08,4.39820865702107e-08,8.82037923257137e-08,2.49697444347866e-08,2.17428277574174e-08,1.33032144147053e-08,3.66309008020097e-08,2.03576683885589e-08,3.22542254616861e-08,1.77749288429918e-08,1.19232335996443e-08,7.54362591642811e-09,1.75254129613998e-08,1.26943049991228e-08,1.73483813918884e-08,9.82124112013566e-09,6.71289280657742e-09,5.54291214575929e-09,1.09022047046047e-08,6.30502661542819e-09,8.827275624346e-09,6.24603438249818e-09,5.28289328784213e-09,4.51346239894878e-09,5.90379929333813e-09,6.34940894875805e-09,7.05924037705628e-09,4.78928210978876e-09,4.1246291336965e-09,3.39649287930784e-09,5.45751032061559e-09,4.22292445159021e-09,6.1483445344452e-09,4.04999659149476e-09,3.00182929204911e-09,2.24708749303422e-09,3.8313560445939e-09,3.42826463817584e-09,4.48860729351949e-09
8.51787433931029e-09,1.90761030046599e-08,4.06114604453203e-08,1.54693095360101e-08,3.44876318146993e-08,2.87870872237121e-08,2.33349932832623e-08,4.65403470467257e-08,2.07926907168733e-08,4.07250838055162e-08,3.8759571861261e-08,3.32014558989684e-08,5.51368529115233e-08,2.40291462803117e-08,1.35718863740425e-08,4.5195721972808e-08,2.27283467066607e-08,4.12376702027795e-08,2.02415677250492e-08,1.12010314778784e-08,1.08774776826461e-08,1.90553394060954e-08,1.15382970760862e-08,1.8191502692062e-08,9.72608083506023e-09,9.40795123710514e-09,6.04178854699229e-09,9.80138644122012e-09,9.8549769735325e-09,9.95849117640283e-09,8.50013581422696e-09,5.58356011319679e-09,4.68678800121683e-09,8.93326641052372e-09,6.49845943851798e-09,1.03923236405107e-08,4.85943637719392e-09,4.10744701915568e-09,4.05550056439603e-09,5.59258269101989e-09,4.46747225742688e-09,5.93512996868330e-09,3.57256038001637e-09,3.62370529727388e-09,2.93156081130852e-09,3.99290339759229e-09,4.18792200885336e-09,4.7106181295909e-09,5.94371544428234e-09,1.33437916787605e-08,2.78060007057532e-08,1.26681410061826e-08,2.29744924870172e-08,2.11264941256469e-08,1.78153510916609e-08,3.2284736250548e-08,1.44509078053311e-08,2.88322200199992e-08,2.8032187383791e-08,2.51948307851277e-08,3.7595221207815e-08,1.60678916920128e-08,8.12971548532906e-09,3.28061667134471e-08,1.55763109982219e-08,2.94249026006121e-08,1.37382442809756e-08,6.9046989493114e-09,6.05496696983032e-09,1.38704721850642e-08,7.41415951253239e-09,1.29717623256587e-08,5.72207223518453e-09,5.02256403094286e-09,3.70137689760682e-09,6.25853246384750e-09,5.33259154971379e-09,6.8084362774133e-09,4.35272371832023e-09,3.50069581931645e-09,3.00230712255258e-09,4.69055947514859e-09,4.32444422226501e-09,5.22853765257835e-09,3.08480242042957e-09,2.62655374307202e-09,3.16525370832766e-09,3.75724280497911e-09,2.80350448854471e-09,4.0803379022045e-09,2.38310357837362e-09,2.69933441986275e-09,1.44578736540834e-09,2.59112192756439e-09,2.61093884570335e-09,2.60320868790002e-09
7.98206576890639e-09,1.06299589277496e-08,1.85426177057719e-08,9.54493449737106e-09,1.80617579857154e-08,1.56636825511825e-08,1.31640862705783e-08,2.07833409795994e-08,4.89315693558731e-08,2.12423728823807e-08,3.98550387099234e-08,3.71728039000236e-08,2.40291462803117e-08,5.51522981442968e-08,2.74709289179849e-08,4.50515939521056e-08,4.58561930521907e-08,3.72132373035694e-08,4.59775322683038e-08,2.23571643611633e-08,1.08603728407756e-08,3.78943043819756e-08,1.95932737417211e-08,3.38649719251886e-08,1.87572967918626e-08,9.13329293760728e-09,8.68987425419732e-09,1.64254990194731e-08,9.00706803517638e-09,1.57478026414124e-08,7.98313261004866e-09,7.88268151863992e-09,5.27833917543431e-09,8.04571230613335e-09,8.84315967442387e-09,8.99524197482302e-09,6.86852254345583e-09,4.5612720107045e-09,3.70667918200964e-09,7.51758527087339e-09,5.17328576710693e-09,7.72930587667464e-09,4.11366952442797e-09,3.16056423845045e-09,2.67108827305828e-09,4.51696066592603e-09,3.20186350200059e-09,4.81572330537808e-09,4.44357913630247e-09,6.76698085901687e-09,1.21434111827993e-08,6.55485649647119e-09,1.19872479278856e-08,1.14041679237347e-08,9.89461190259822e-09,1.32951292192077e-08,2.77237902003941e-08,1.57190592837041e-08,2.37249274776447e-08,2.36354647397434e-08,1.47607506526167e-08,3.10633462956826e-08,1.73362472174908e-08,2.65954499838499e-08,2.79548615922085e-08,2.48902080966638e-08,2.53474510857355e-08,1.41940283397342e-08,7.09809501958583e-09,2.37648992605644e-08,1.35157331443942e-08,2.15810811729549e-08,1.17216654508794e-08,6.02544511044736e-09,4.50322517430475e-09,1.13209315981556e-08,5.36633631257563e-09,9.83618437772013e-09,5.3209877389473e-09,4.2706848812928e-09,3.72550029951663e-09,5.05710047071836e-09,5.46077187390183e-09,6.03678597626247e-09,3.86233773280661e-09,3.30728885877617e-09,2.64209292384476e-09,4.65504124657349e-09,3.47895653067998e-09,4.69136976714094e-09,3.14741597799082e-09,2.10940772201289e-09,1.66314347545383e-09,3.01688373915848e-09,2.25827493872296e-09,3.495498691545e-09
7.60850982926794e-09,1.44652232318877e-08,1.11726600384152e-08,1.31544079172844e-08,1.41751446349784e-08,1.12651455909048e-08,1.55864605595724e-08,1.21676871212867e-08,2.47711917088911e-08,1.53684983014357e-08,2.17559957169582e-08,2.25139736395339e-08,1.35718863740425e-08,2.74709289179849e-08,6.98304253959389e-08,2.42088812939835e-08,5.33684080429291e-08,4.73922773913062e-08,2.23628192434343e-08,5.67428676008886e-08,2.35841291490476e-08,4.30152859638326e-08,4.30452009895824e-08,3.20988002381373e-08,4.73904616250172e-08,1.95940818314834e-08,9.91425808272819e-09,3.59533001933959e-08,1.71760960442965e-08,3.23158426609072e-08,1.67284938994015e-08,8.25697422283363e-09,9.58946014596715e-09,1.46515337409916e-08,9.67558953711757e-09,1.57900280184333e-08,7.01071655749916e-09,8.26150322996752e-09,5.16558628365582e-09,7.96337998554845e-09,9.59279844117424e-09,8.86434490086078e-09,7.43215498187093e-09,4.26644506215594e-09,3.47251134520673e-09,8.33732972884914e-09,4.42414245109824e-09,8.39593467487232e-09,4.19135678895188e-09,9.4674390744296e-09,6.7832749477537e-09,8.15663869371186e-09,8.83591467054949e-09,7.33517166702815e-09,9.42716880404599e-09,7.27167366200009e-09,1.45090285725965e-08,9.39437824335445e-09,1.30400043726258e-08,1.45929162561234e-08,8.09409161604768e-09,1.52896367580919e-08,4.09224481749941e-08,1.4153565627015e-08,2.93251507704561e-08,2.78396027278201e-08,1.26154555607063e-08,3.40013528514945e-08,1.79127220380512e-08,2.44273058536026e-08,2.98132253767887e-08,2.06968745384091e-08,2.87564869296091e-08,1.51480277512849e-08,6.50306885818025e-09,2.47277727192572e-08,1.16945182249571e-08,2.05010651220203e-08,1.33758824179289e-08,5.77046904827633e-09,5.61760371159877e-09,1.0305332261015e-08,6.73601950960842e-09,1.10824195758863e-08,4.63254289166098e-09,5.00614897939024e-09,3.92636675803233e-09,5.28429707151854e-09,6.03284896696638e-09,6.12357798656089e-09,4.74329607680136e-09,3.32956663965219e-09,2.60001996404711e-09,5.26071085269703e-09,3.52484997416326e-09,5.38824469993509e-09
9.4780401358115e-09,1.81702188275082e-08,3.33458443696151e-08,1.516808006559e-08,2.81331729422326e-08,2.33707226016708e-08,2.31230719179567e-08,3.87532254543216e-08,3.98607241358762e-08,3.45161196837999e-08,6.43184785297114e-08,5.48317964434993e-08,4.5195721972808e-08,4.50515939521056e-08,2.42088812939835e-08,7.44905074987835e-08,3.69297792641374e-08,6.18384754605207e-08,3.78765105588711e-08,1.98797760639951e-08,1.16273220082564e-08,3.07870727284522e-08,1.83092412574894e-08,2.75696625234226e-08,1.66382663413744e-08,9.56435641152292e-09,9.85420384702745e-09,1.51416953440981e-08,9.41865156728854e-09,1.45852776558508e-08,8.50575932480516e-09,8.97338810044964e-09,6.06746685994859e-09,8.52096232547527e-09,1.00942400404987e-08,9.7544732123701e-09,7.75147189131451e-09,5.37199109829343e-09,4.51070352808512e-09,8.67945758008187e-09,6.04431056276827e-09,8.9083567505393e-09,4.70968708894898e-09,3.94851044902162e-09,3.1753352883613e-09,5.22746688529033e-09,4.13533050849355e-09,5.50558465504915e-09,7.02504923989756e-09,1.24027613551287e-08,2.31413517569605e-08,1.25314915195234e-08,1.91398999528278e-08,1.8224219247693e-08,1.69668482823472e-08,2.64977806864244e-08,2.39660594519687e-08,2.50704907866301e-08,4.14968373005784e-08,3.71425662033105e-08,3.06857838861301e-08,2.69763490049344e-08,1.42778810608716e-08,4.88357103468345e-08,2.46885934562241e-08,4.22496637082729e-08,2.24968173198867e-08,1.19911812128714e-08,7.09844763767637e-09,2.12712802365218e-08,1.17528755670409e-08,1.87558574212057e-08,9.68330658288861e-09,5.89281758975002e-09,4.72121323878034e-09,9.66430735197875e-09,5.11505799982321e-09,8.81276992057649e-09,5.19220572984496e-09,4.49702575368642e-09,4.17078254537823e-09,4.75675427012003e-09,6.11887702176339e-09,6.16310071061987e-09,4.17704292208304e-09,3.6510947282641e-09,3.4877704799539e-09,5.17704722790213e-09,4.0232876056541e-09,5.33023003686094e-09,3.37730659115832e-09,2.94712725521197e-09,2.27105538011217e-09,3.43830388410916e-09,3.09328787590031e-09,3.91002320268345e-09
9.58685258650819e-09,1.28547223133129e-08,1.82168750954933e-08,1.12885368335797e-08,1.92169290282189e-08,1.62690077603109e-08,1.56486528085883e-08,2.00529731289942e-08,4.07909353319223e-08,2.21794165567394e-08,3.29019838602049e-08,3.23425730375425e-08,2.27283467066607e-08,4.58561930521907e-08,5.33684080429291e-08,3.69297792641374e-08,7.77490967161714e-08,6.42564410902059e-08,3.78989322452067e-08,4.30120837665339e-08,2.07861727253064e-08,6.34128834591746e-08,3.21879901434722e-08,4.92456381965094e-08,3.58738178671686e-08,1.70629591533307e-08,9.705427823206e-09,2.67539521195471e-08,1.53830605138214e-08,2.42625381602578e-08,1.42779402675448e-08,8.17283323485594e-09,1.0116902493426e-08,1.30278607770491e-08,9.68300718566354e-09,1.42150740354763e-08,6.93193926671633e-09,8.3564011318339e-09,4.96755478792682e-09,7.78164709362214e-09,9.41267185377609e-09,8.75666480817938e-09,7.57188843652054e-09,4.2194486638963e-09,3.36771428982599e-09,8.25113673751831e-09,4.36211877234681e-09,8.68752371294043e-09,5.1762094348774e-09,8.54603667493375e-09,1.24356871307168e-08,7.64113384390311e-09,1.33569052279006e-08,1.17828822740601e-08,1.13648947929897e-08,1.34755981509406e-08,2.33543732873692e-08,1.65987856903129e-08,2.00154877865126e-08,2.18544628260798e-08,1.48110675664312e-08,2.58616808564698e-08,3.16538007249978e-08,2.24203856602756e-08,4.48179873756399e-08,3.99635229234337e-08,2.13105500174646e-08,2.57166774266618e-08,1.4609925690253e-08,3.75558513216857e-08,2.21641589766494e-08,3.09261018768907e-08,2.17929087359874e-08,1.23110034108318e-08,5.73659010690759e-09,1.83139945941732e-08,9.71800448726438e-09,1.46616429945021e-08,1.07394223569407e-08,5.19428937650122e-09,6.02580575078754e-09,8.65115992480357e-09,6.63231587411638e-09,9.72006328030914e-09,4.1623749763335e-09,5.27215987007134e-09,3.43778610761391e-09,5.19667695003561e-09,5.705685236485e-09,5.6683059795134e-09,5.05273970320658e-09,2.88746875376903e-09,1.97296172728242e-09,5.07667836344546e-09,3.04780550247847e-09,4.88886762320087e-09
1.06290615755361e-08,1.91245436646966e-08,3.13136744836233e-08,1.57905229340956e-08,2.77360027515315e-08,2.2551081111169e-08,2.40649064601503e-08,3.5773254331174e-08,3.3113040982644e-08,3.34483686903581e-08,5.37568060413962e-08,4.78054064412447e-08,4.12376702027795e-08,3.72132373035694e-08,4.73922773913062e-08,6.18384754605207e-08,6.42564410902059e-08,9.47659256334474e-08,3.09418524606063e-08,3.85366816480013e-08,1.96700465723994e-08,5.25949767727529e-08,2.87824824349842e-08,4.01369941826523e-08,3.19460349558508e-08,1.58660703460993e-08,1.01344530241e-08,2.37168125812791e-08,1.4368244149595e-08,2.1315434837176e-08,1.35221603017715e-08,8.71075784893919e-09,1.08308110077285e-08,1.23935055713122e-08,1.00616883801732e-08,1.36088120516044e-08,7.40727253559917e-09,9.21155829084685e-09,5.57907140646757e-09,8.15036572252771e-09,1.04084643750539e-08,9.04203324034851e-09,8.00600737400033e-09,4.7728571008086e-09,3.73077743665827e-09,8.9472467355577e-09,5.00341955053959e-09,9.28134340061040e-09,7.2149211677124e-09,1.36105801794604e-08,2.21337784955486e-08,1.23339344594836e-08,2.03953760868482e-08,1.78353065878402e-08,1.7624874229699e-08,2.50913535936888e-08,2.07417144241438e-08,2.55804891836501e-08,3.4485983922436e-08,3.35177608599773e-08,2.89472436605866e-08,2.30474055795664e-08,2.70333869565186e-08,4.06431970487785e-08,3.90333739039005e-08,6.08911314686276e-08,1.92567462552721e-08,2.22378935869228e-08,1.29731824628241e-08,3.27589410586644e-08,1.95938785170141e-08,2.63249582223042e-08,1.86293817049907e-08,1.08833678464975e-08,5.30104726824275e-09,1.60137669101342e-08,8.49319687632371e-09,1.25944486836564e-08,9.58278149318181e-09,4.98729648557384e-09,6.37125973115922e-09,7.68429223484342e-09,6.5994511838783e-09,9.24422777776702e-09,4.27925459419107e-09,5.62041878797213e-09,4.08936117449047e-09,5.26551697086498e-09,5.95519542510409e-09,6.00343489437323e-09,5.11292096190583e-09,3.45298503494644e-09,2.24066401771047e-09,5.08513236477812e-09,3.49818203602937e-09,4.94845121483336e-09
6.8773251468974e-09,9.34204236412786e-09,1.56923600061369e-08,8.29808721275212e-09,1.54976879969549e-08,1.32650427138473e-08,1.07712325420668e-08,1.75178569362925e-08,4.11588363372524e-08,1.7543754822784e-08,3.35298773615324e-08,3.07117111888218e-08,2.02415677250492e-08,4.59775322683038e-08,2.23628192434343e-08,3.78765105588711e-08,3.78989322452067e-08,3.09418524606063e-08,5.35856452606112e-08,2.51724101174703e-08,1.21874589691141e-08,4.41643905595715e-08,2.24328523111192e-08,3.99776919848287e-08,2.09634233710287e-08,1.0194719265669e-08,9.94088354601597e-09,1.87066001358805e-08,1.0026269646199e-08,1.78247416451232e-08,8.94687637256387e-09,8.92375203729675e-09,5.79719450493278e-09,8.91754949993374e-09,1.00355701421373e-08,9.90647439173745e-09,7.67103519584753e-09,4.9546225458253e-09,3.93276745793291e-09,8.33759058100554e-09,5.52721450985678e-09,8.4990532774476e-09,4.37315598596716e-09,3.37173272133553e-09,2.92145730232636e-09,4.81883626614797e-09,3.50052762049657e-09,5.16979313794672e-09,3.6160964931889e-09,5.98317762036404e-09,1.0602492028137e-08,5.65134197113998e-09,1.02246262583646e-08,9.87211481846456e-09,7.6288084909776e-09,1.1354604908831e-08,2.25002746646475e-08,1.22451822159283e-08,1.95808163203781e-08,1.80915828511198e-08,1.24731142399409e-08,2.53490680217971e-08,1.4193574084239e-08,2.18699198634067e-08,2.37639472020399e-08,2.10326349672595e-08,3.2021624270414e-08,1.60984642632306e-08,8.01373513788797e-09,2.79930650565086e-08,1.53105255781344e-08,2.59053483655924e-08,1.31552922648699e-08,6.92320413694355e-09,5.5302842067902e-09,1.28112747060441e-08,6.25023807106363e-09,1.14024109974359e-08,6.26061169502031e-09,5.14050968406762e-09,3.88156273803227e-09,5.90928414599738e-09,6.37789680031039e-09,6.78658913998447e-09,4.46568086064817e-09,3.39578175583179e-09,2.89530936433047e-09,5.28838550881808e-09,3.95705767198353e-09,5.5557293351182e-09,3.14615611617272e-09,2.35605772348811e-09,1.79808974398719e-09,3.41695985207854e-09,2.52932541314904e-09,3.69719040525226e-09
