5.09881992449335e-08,1.38372561974778e-08,7.46440309820481e-09,4.31755722775364e-08,1.31642221493941e-08,4.28530681720382e-08,1.19898123640675e-08,6.50085264596971e-09,7.20787100301215e-09,1.13133945986944e-08,7.72169591312556e-09,1.25448809344077e-08,5.23927637367002e-09,6.04457710079865e-09,3.25088014115163e-09,6.14666582183253e-09,6.35818959384013e-09,6.16722359991351e-09,4.88427559265112e-09,2.76037972658695e-09,2.47930679552086e-09,5.15507431640931e-09,3.21326985927607e-09,5.48686754362032e-09,2.45630219896052e-09,2.07353380657174e-09,1.89423042730567e-09,2.74641886317153e-09,2.29176245364416e-09,2.94131917589561e-09,1.89751699795231e-09,1.61346072586539e-09,1.56969505094038e-09,1.99423285361241e-09,2.01125323936527e-09,2.29585539790028e-09,1.43648120322699e-09,1.27530244982228e-09,1.39697065231809e-09,1.70699972734015e-09,1.66877707639e-09,1.94496072422931e-09,1.20146917518314e-08,5.3450518109302e-09,1.66476822922043e-09,1.09412826372067e-08,4.98790222026723e-09,9.66811386738889e-09,4.71089179198569e-09,1.45190010720247e-09,1.80837421613169e-09,4.27019243089964e-09,1.91631618612269e-09,4.43215328756664e-09,1.07506548224244e-09,1.82526351970875e-09,1.09446595421996e-09,1.89147618671988e-09,2.51770635484974e-09,1.77121669822399e-09,1.37145911697404e-09,7.17252274280762e-10,5.36696391931241e-10,1.47490422288608e-09,7.15813969557394e-10,9.38388869348268e-10,6.50900755377604e-10,2.38500263237436e-10,5.68840565377532e-10,6.88862163526831e-10,8.96932507149371e-10,1.12295606807444e-09,3.75126129059356e-10,4.98667643590544e-10,5.45985124048998e-10,6.92297895744242e-10,9.44184279257639e-10,6.77949152099413e-10,5.13574104387959e-10,4.73927352063063e-10,3.51209288330636e-10,8.38652217776547e-10,5.5770826563763e-10,7.16693927953431e-10
1.38372561974778e-08,3.00420473645166e-08,1.25899857538967e-08,2.43324858900104e-08,2.36036834605483e-08,1.95032823456418e-08,2.58634571850145e-08,1.0781928031186e-08,6.26097926492443e-09,2.02533718850389e-08,1.1002997771377e-08,2.03154785294694e-08,8.55303465096347e-09,5.11548614250939e-09,5.41872718310856e-09,8.82203940023853e-09,5.34160338616235e-09,8.69960859250841e-09,4.12028635947472e-09,4.68329621482938e-09,2.45938153814005e-09,4.34027809445865e-09,5.14861832120654e-09,4.44615207018219e-09,3.92499359031433e-09,2.0767540489329e-09,2.02996053963491e-09,4.28865780376846e-09,2.13332371115873e-09,4.69188271498921e-09,1.80887349924461e-09,1.55991524085655e-09,1.31615285339962e-09,1.78648323550165e-09,1.79893770852837e-09,2.09115520312274e-09,1.32433986461681e-09,1.05025735150301e-09,1.015615560729e-09,1.49291363733518e-09,1.15134464575191e-09,1.59097575668513e-09,2.32234091523167e-09,1.08290274378074e-08,4.60176611232651e-09,5.5010332870224e-09,9.56225745553368e-09,4.47868080509597e-09,9.59700285389661e-09,4.00247918583482e-09,2.3326149325934e-09,8.31452070768455e-09,3.70429858944529e-09,7.828424468274e-09,3.14059552898669e-09,2.16856269327283e-09,1.71009311790921e-09,3.22347552943247e-09,2.31489309490639e-09,3.25073870003009e-09,1.54833290994574e-09,1.6700509537102e-09,8.29023875624536e-10,1.89497619055413e-09,1.9464684594837e-09,1.85694663931889e-09,1.45893548185345e-09,6.61650996987071e-10,7.43619942926521e-10,1.95611785226715e-09,1.14673513189075e-09,1.88474444745748e-09,6.42958916440953e-10,6.23598605416465e-10,4.9356322735276e-10,9.66016645857028e-10,5.46498607052655e-10,1.03518266805222e-09,6.30131351260852e-10,4.46867913055171e-10,2.42371067831449e-10,4.3180660009874e-10,4.02759696294155e-10,4.08679893962482e-10
7.46440309820481e-09,1.25899857538967e-08,3.17218937170126e-08,1.24871534809877e-08,2.41159496959949e-08,2.34912663813231e-08,1.07842438225032e-08,2.62496655386991e-08,1.23136594252969e-08,2.00743120157169e-08,2.2263466737099e-08,1.69455316706886e-08,2.12068900615627e-08,1.00152162004425e-08,4.86635170973417e-09,1.79547835121361e-08,9.04698377554155e-09,1.6731376771082e-08,7.78946443777837e-09,3.73384811643956e-09,3.83899401745584e-09,6.89309548169694e-09,3.87480381061455e-09,6.82419334841376e-09,2.92789767293017e-09,3.30154206830796e-09,2.03846381264878e-09,2.98894025771568e-09,3.66620949674664e-09,3.33555778009753e-09,2.92056363712072e-09,1.81746481666852e-09,1.44981765369086e-09,3.27342329414826e-09,2.0726364519695e-09,3.31185710661354e-09,1.4570819479339e-09,1.1538452361451e-09,9.43844993490411e-10,1.67953590316170e-09,1.12516371350651e-09,1.72834577453333e-09,1.74760382152866e-09,4.88845556416252e-09,1.14681898982378e-08,3.13518910408188e-09,8.39287333986974e-09,5.28581271588998e-09,4.39569046585777e-09,9.85952041957583e-09,4.77778774857734e-09,7.18663366464846e-09,8.27648973068074e-09,6.2054019746134e-09,7.89532811712728e-09,4.02984621905765e-09,1.85851690462075e-09,6.84805724978128e-09,3.71114650836388e-09,6.82612025045728e-09,3.09993692038473e-09,1.45347684997068e-09,1.0141533125212e-09,2.98088175677045e-09,1.76029222675638e-09,2.6324852249391e-09,1.26811028341148e-09,5.91519535996313e-10,5.16200904407105e-10,1.48750425648135e-09,8.29935367938724e-10,1.23403860907172e-09,5.45719378024666e-10,5.47989376940517e-10,6.18272333050668e-10,8.80119596059161e-10,8.08688722176212e-10,7.75963520996885e-10,4.54467574117367e-10,6.03274789561487e-10,4.73103634180086e-10,7.67699495407041e-10,7.93976971871466e-10,8.21877011286093e-10
4.31755722775364e-08,2.43324858900104e-08,1.24871534809877e-08,5.92433396102813e-08,1.9637977911064e-08,5.2620156866351e-08,2.0900732673037e-08,1.08146539049755e-08,6.88032663345174e-09,1.68115463301066e-08,1.17108508403746e-08,1.76389322285121e-08,8.71347494866669e-09,5.7039494843526e-09,5.64049192576531e-09,9.50686619163333e-09,5.78342338694324e-09,9.49322312302419e-09,4.56110444802506e-09,4.95962872331685e-09,3.18627780231647e-09,4.6959480687305e-09,5.87893897488153e-09,5.07734198410511e-09,4.33381872372815e-09,2.66594037967736e-09,2.38895935265344e-09,4.90043864257645e-09,2.85824383546737e-09,5.09409852459029e-09,2.38690714036923e-09,1.8630928607746e-09,1.89818255408027e-09,2.44879680402472e-09,2.31076103342607e-09,2.78252300187356e-09,1.63103028033406e-09,1.53600176808922e-09,1.47568449553671e-09,1.94151570417284e-09,1.71447174669064e-09,2.13814663563481e-09,8.13838456775524e-09,8.89561816975742e-09,4.47594211182418e-09,1.40067155554138e-08,8.04193355615077e-09,1.33080324681403e-08,8.12097906355449e-09,3.95701333299124e-09,1.55351502922726e-09,7.03840970995475e-09,3.59531379471699e-09,6.63033387482791e-09,3.10137099577587e-09,1.8380792699001e-09,1.47564439666706e-09,3.25533302773827e-09,1.94566791394633e-09,3.40284708721783e-09,1.73875833086775e-09,1.22369109252262e-09,7.67636123817117e-10,1.56190335583827e-09,1.33841034272342e-09,1.28430416228537e-09,1.07438263739308e-09,6.14089082088299e-10,7.02040592657464e-10,1.58487527221441e-09,1.14982291305039e-09,1.91262650638409e-09,7.2909519343413e-10,6.29996003544652e-10,8.00572183122771e-10,9.43307912110906e-10,8.6580329297699e-10,1.01258865597043e-09,6.69177738922981e-10,6.94139138393795e-10,2.02660245254826e-10,6.51768299310548e-10,7.36126989720197e-10,4.9937273545102e-10
1.31642221493941e-08,2.36036834605483e-08,2.41159496959949e-08,1.9637977911064e-08,3.83161972804322e-08,3.25659205199566e-08,2.02553685575553e-08,2.00732681383922e-08,1.08051754071614e-08,3.21266898424314e-08,1.68512143403481e-08,2.74084731059696e-08,1.61903680253522e-08,8.80770525153478e-09,4.81994886388566e-09,1.37203368920169e-08,8.29169832024223e-09,1.28199089785022e-08,6.94333309367037e-09,3.79588521190306e-09,4.13396932383451e-09,6.39794448765956e-09,4.17936654430213e-09,6.4711660268834e-09,2.96744208633271e-09,3.55958410742326e-09,2.28357047747234e-09,3.19888649555667e-09,3.92819392439901e-09,3.46489530777117e-09,3.16609839826374e-09,1.98245424217751e-09,1.68527734368114e-09,3.50661611607658e-09,2.29642348303557e-09,3.60470902898066e-09,1.6269090496825e-09,1.33425243427178e-09,1.15979096035475e-09,1.85143496755183e-09,1.46006177739126e-09,2.03046015191562e-09,1.90415812967158e-09,9.21784855826307e-09,9.54446231353282e-09,4.06157860112173e-09,1.4653555145651e-08,7.44307039982552e-09,7.9890537950799e-09,7.95238765935671e-09,4.44174663172412e-09,1.23316697013161e-08,6.35033867382244e-09,1.06821185597545e-08,6.19525064895126e-09,3.73701287261026e-09,1.89247831495284e-09,5.35310833536713e-09,3.42394265049891e-09,5.21310440527175e-09,2.82038559491323e-09,1.22152498867972e-09,1.13870746046596e-09,2.50803870604629e-09,1.4416547462747e-09,2.32262278730659e-09,1.07111542113336e-09,7.65040397283225e-10,6.62594548111832e-10,1.24216773656443e-09,1.09635602430411e-09,1.42460553440314e-09,7.22469120680759e-10,6.25334063518770e-10,6.78078301402494e-10,1.05000581374708e-09,1.01554348156874e-09,1.03788748290334e-09,5.80677356674661e-10,6.48115135865985e-10,6.30001622587203e-10,8.57702218405307e-10,8.21447074093247e-10,8.23966897024392e-10
4.28530681720382e-08,1.95032823456418e-08,2.34912663813231e-08,5.2620156866351e-08,3.25659205199566e-08,7.34478643178106e-08,1.67257866438795e-08,1.98547188379825e-08,1.11212436535974e-08,2.7320585483807e-08,1.74888622274024e-08,2.43463838566731e-08,1.62185376676078e-08,9.20984805233646e-09,5.40017372027327e-09,1.43465270312145e-08,8.83190312233283e-09,1.37230442052305e-08,7.29124589802757e-09,4.41006259255768e-09,5.02706203580011e-09,6.98784763103146e-09,5.06055352519409e-09,7.16877764440475e-09,3.62584027325924e-09,4.40983523475459e-09,2.92021959749626e-09,3.98235150633314e-09,4.74315748521475e-09,4.3195020320218e-09,3.91672804461352e-09,2.50608011116437e-09,2.36714990308153e-09,4.15630921630959e-09,3.16238510179644e-09,4.45725168590812e-09,2.12524913132946e-09,1.92117142475553e-09,1.72296298716328e-09,2.54999947122415e-09,2.06110638547766e-09,2.65881522985198e-09,6.28445862829027e-09,7.42573441756445e-09,8.53488771791358e-09,1.16552681002073e-08,1.23522971344305e-08,1.67855526179266e-08,6.68284065772047e-09,7.38516474436183e-09,3.94751649536325e-09,1.07887761297727e-08,6.6313054198596e-09,9.63322682809449e-09,5.78990992895041e-09,3.74164205884375e-09,2.1824304240915e-09,5.75408463203082e-09,3.57417513556946e-09,5.48535308310448e-09,3.21334919492742e-09,1.41379604272409e-09,8.91761345475898e-10,2.63396875707278e-09,1.4319762704968e-09,2.24220543382841e-09,1.23052480169372e-09,5.4509381521898e-10,8.48879955126163e-10,1.44919232771143e-09,1.07048285247728e-09,1.66301639843397e-09,6.51535543454066e-10,8.7722578022861e-10,7.92629314704511e-10,1.02375450442873e-09,1.41799345445169e-09,1.06622979673153e-09,8.71434300414767e-10,6.47684528790911e-10,5.21983454895482e-10,1.05510246905934e-09,1.17412778343818e-09,1.22448320761681e-09
1.19898123640675e-08,2.58634571850145e-08,1.07842438225032e-08,2.0900732673037e-08,2.02553685575553e-08,1.67257866438795e-08,3.07814542299943e-08,1.25854170289359e-08,7.3533374518187e-09,2.44706832102961e-08,1.28184444796507e-08,2.45706604763655e-08,9.86462796424934e-09,6.00602853144979e-09,6.10098599147416e-09,1.01763441494713e-08,6.258938689675e-09,1.00726277163687e-08,4.91728057231225e-09,5.26467472889302e-09,2.83745549574097e-09,5.12904470363368e-09,5.80627830578989e-09,5.19023103011377e-09,4.43305896822142e-09,2.40908442907078e-09,2.29442737525016e-09,4.84235104044885e-09,2.51813296029837e-09,5.24408754030085e-09,2.06300133623565e-09,1.72976942654218e-09,1.58878540769123e-09,2.10822063736172e-09,2.02744328058878e-09,2.47627286697371e-09,1.47636101290627e-09,1.27805720985026e-09,1.18082332627155e-09,1.67669373968159e-09,1.38987098969523e-09,1.7722815424021e-09,1.87139128087475e-09,9.59608167025509e-09,4.00236982060069e-09,4.27920046331135e-09,8.31341267392546e-09,3.45009419506575e-09,1.19551174037775e-08,4.69779501344329e-09,2.78422636691172e-09,1.04141032491335e-08,4.30511731427408e-09,9.86927293699041e-09,3.53151074238689e-09,2.54654369500712e-09,2.24628798943976e-09,3.54879078912923e-09,2.69878773083441e-09,3.62060264427322e-09,1.84115799276453e-09,2.02297392897034e-09,1.01015563699887e-09,2.20271159796607e-09,2.36655847360137e-09,2.10216810253085e-09,1.78685345047293e-09,7.41609889576376e-10,8.75722947304376e-10,2.22895257539015e-09,1.42206555440352e-09,2.12741933844317e-09,6.49970394459187e-10,6.89144061434302e-10,6.73496700291796e-10,1.12998623617921e-09,7.51221650241724e-10,1.29159622928937e-09,6.57228486931538e-10,5.61068768304964e-10,3.65915947828687e-10,5.75053118786825e-10,5.65656552158961e-10,5.26269666417357e-10
6.50085264596971e-09,1.0781928031186e-08,2.62496655386991e-08,1.08146539049755e-08,2.00732681383922e-08,1.98547188379825e-08,1.25854170289359e-08,3.07474608234812e-08,1.42022003140494e-08,2.34466562780779e-08,2.59739125459916e-08,1.98405418311881e-08,2.4643763279405e-08,1.14916117395546e-08,5.68659309491011e-09,2.08331514534882e-08,1.03852912809209e-08,1.9456012464869e-08,8.99090229124385e-09,4.42128340022901e-09,4.45078358297616e-09,7.98683368883469e-09,4.58110080696179e-09,7.85522044821222e-09,3.55331685797164e-09,3.77320226681346e-09,2.28639005737928e-09,3.61224129446672e-09,4.20004080793725e-09,3.87264716898232e-09,3.27406974817425e-09,1.98673262311854e-09,1.68514533807189e-09,3.70303569652741e-09,2.33122449324048e-09,3.84678068070088e-09,1.61328629143777e-09,1.36764548527512e-09,1.11808163159833e-09,1.91348016427528e-09,1.36559775461936e-09,1.94843944421934e-09,1.66001980734891e-09,4.39363760646768e-09,9.85778052072305e-09,2.55775548448064e-09,7.18367717511568e-09,4.39992776794614e-09,5.13803130580878e-09,1.24185313224239e-08,5.58015859462229e-09,8.89451659400495e-09,1.01261092266795e-08,7.68941714892717e-09,9.85664315433224e-09,4.59223471325266e-09,2.3359318114021e-09,8.1296897625039e-09,4.39966742896812e-09,8.24875687334549e-09,3.50593761563446e-09,1.77484203908261e-09,1.45557023816927e-09,3.48634408774743e-09,2.41956206640692e-09,3.02824669862854e-09,1.54764729346092e-09,8.61011442961607e-10,7.55210359405435e-10,2.06000089994139e-09,1.23081980125824e-09,1.39122981856283e-09,6.44762814601026e-10,6.48941709355838e-10,8.3050700148772e-10,1.0842824745842e-09,9.48949679647306e-10,9.87486234266578e-10,5.39568399372787e-10,7.83394306535324e-10,5.91478605815219e-10,8.77229593755018e-10,9.18431290775778e-10,9.12401184986645e-10
7.20787100301215e-09,6.26097926492443e-09,1.23136594252969e-08,6.88032663345174e-09,1.08051754071614e-08,1.11212436535974e-08,7.3533374518187e-09,1.42022003140494e-08,4.35420060387758e-08,1.25991255514706e-08,3.33556709063285e-08,3.06479961948859e-08,1.1491878127724e-08,3.46598688825097e-08,1.37732621024273e-08,2.66029497033858e-08,2.52880328778961e-08,1.85096741672974e-08,2.74791629736967e-08,1.04851855188846e-08,5.96842162190769e-09,1.93439155909459e-08,9.90382606139892e-09,1.83295466062797e-08,7.84695922377722e-09,4.57748522577417e-09,6.29461677837052e-09,7.32441199054317e-09,4.89560599480346e-09,7.529107038335e-09,3.73263879327548e-09,5.32815539585069e-09,2.47917800875571e-09,3.83127673155735e-09,5.8687524066059e-09,4.23195301421143e-09,4.53235680628953e-09,2.00248640360746e-09,1.6941618859624e-09,4.9802442930306e-09,2.18455614397282e-09,5.24168109632361e-09,3.42982824413891e-09,2.78755645952888e-09,4.33984528100202e-09,2.45215448426136e-09,3.87452119058278e-09,3.28435463594898e-09,3.41068296766122e-09,5.01175856663844e-09,1.40169235084165e-08,4.98506317968802e-09,1.07533896282975e-08,9.89805823259279e-09,3.88220237937346e-09,1.18316278100621e-08,5.9939372485309e-09,9.11449769479285e-09,1.0507752507544e-08,7.67716446963225e-09,8.85443166236664e-09,4.97766864232338e-09,2.21242070228839e-09,7.95811797810476e-09,4.89598473813183e-09,6.99363320351873e-09,3.90021136482112e-09,1.63619255940381e-09,1.2065532608393e-09,3.7890259530865e-09,1.90271778104323e-09,3.53579493222055e-09,1.15961407283385e-09,1.01648084742076e-09,7.68034211484411e-10,1.51393998610292e-09,1.08572938964215e-09,1.40369164712029e-09,9.4684398784821e-10,7.29407908320669e-10,5.87538663346963e-10,1.01034085000953e-09,7.61431209636633e-10,1.07580612061825e-09
1.13133945986944e-08,2.02533718850389e-08,2.00743120157169e-08,1.68115463301066e-08,3.21266898424314e-08,2.7320585483807e-08,2.44706832102961e-08,2.34466562780779e-08,1.25991255514706e-08,3.84329511977517e-08,1.97302412934031e-08,3.30133894494487e-08,1.87109190026828e-08,1.01463404808931e-08,5.55088774685955e-09,1.586974875639e-08,9.55762429244472e-09,1.49009822376144e-08,8.07643424788666e-09,4.44410243338173e-09,4.84077814775166e-09,7.46559341189605e-09,4.89355480292227e-09,7.44824705963392e-09,3.58081178309278e-09,4.17693337469202e-09,2.602923219571e-09,3.85227595011024e-09,4.58450174651763e-09,4.09476568472171e-09,3.66730139980542e-09,2.1941098222015e-09,1.97949699901326e-09,4.0657601453495e-09,2.57570962175664e-09,4.23585539739652e-09,1.82452467735908e-09,1.58677733251767e-09,1.38813712782041e-09,2.09041731486766e-09,1.73989083042459e-09,2.24407884603535e-09,1.61004112052887e-09,7.98686858495249e-09,7.95083822263422e-09,3.20856128948237e-09,1.23286211568904e-08,5.95336842250424e-09,9.83258830706644e-09,9.58125646311559e-09,5.14473100793374e-09,1.52431681753439e-08,7.42055729909962e-09,1.34038862898334e-08,7.40150800455356e-09,4.26910565314e-09,2.3218141301195e-09,6.02861009518677e-09,4.04438483608586e-09,6.02987645084890e-09,3.18573710285141e-09,1.58029020381578e-09,1.50302310570091e-09,2.95619494463709e-09,1.95411400878169e-09,2.64410866659497e-09,1.41819409970132e-09,9.66759526279348e-10,9.65043204077759e-10,1.68684909330232e-09,1.51182044070355e-09,1.66342276481077e-09,8.17708343251543e-10,7.88839894495923e-10,8.41389438908533e-10,1.32506630519472e-09,1.22277958414237e-09,1.36007585516512e-09,6.89614602791422e-10,7.59456363101166e-10,7.55957247936371e-10,1.01475103683197e-09,9.3752895493863e-10,9.06810058294574e-10
7.72169591312556e-09,1.1002997771377e-08,2.2263466737099e-08,1.17108508403746e-08,1.68512143403481e-08,1.74888622274024e-08,1.28184444796507e-08,2.59739125459916e-08,3.33556709063285e-08,1.97302412934031e-08,5.11681200648881e-08,4.139045477579e-08,2.08338477536263e-08,2.66034146848557e-08,1.24541723541924e-08,4.0807845053103e-08,1.87014240650273e-08,3.068041255675e-08,2.10634107043259e-08,9.43579212838764e-09,5.98220724097465e-09,1.41139220262397e-08,8.97756010344467e-09,1.34406375422761e-08,7.12077035059732e-09,4.6890120403953e-09,6.84962712742968e-09,6.65022798015664e-09,4.89226314328812e-09,6.8437371037359e-09,3.83043665837707e-09,5.70756917143721e-09,2.50236364612427e-09,3.89831895301723e-09,6.38556166738013e-09,4.34983819742521e-09,4.85874704844408e-09,1.99256539917432e-09,1.71388576951529e-09,5.37674349406373e-09,2.11825232051878e-09,5.48564840569206e-09,1.84398585637639e-09,4.14856523410083e-09,8.21348574139269e-09,2.77724280910986e-09,6.18982717740194e-09,4.35979944565904e-09,4.99399027696075e-09,1.0090022980082e-08,1.10670066244038e-08,7.72086305199842e-09,1.8361011678676e-08,1.41684426526756e-08,8.39457961531981e-09,9.12677412822957e-09,5.42019012450662e-09,1.537925843347e-08,8.20688712499922e-09,1.33933070388349e-08,7.11738361076347e-09,4.32790080219504e-09,2.36706488532043e-09,6.36490139285444e-09,4.51494106645125e-09,5.73248578349784e-09,3.38126532296135e-09,1.63761196375878e-09,1.71439489349939e-09,3.43703237338975e-09,1.98338268269267e-09,3.05519387052319e-09,1.25626078213826e-09,1.34895217133271e-09,8.62101806124636e-10,1.55684519940129e-09,1.37897978677894e-09,1.50486828861963e-09,1.27898193911132e-09,8.05369045033952e-10,4.89208742707304e-10,1.32722889322961e-09,7.84174002797135e-10,1.48959396625816e-09
1.25448809344077e-08,2.03154785294694e-08,1.69455316706886e-08,1.76389322285121e-08,2.74084731059696e-08,2.43463838566731e-08,2.45706604763655e-08,1.98405418311881e-08,3.06479961948859e-08,3.30133894494487e-08,4.139045477579e-08,5.90003660139088e-08,1.59300046796717e-08,2.45460946776569e-08,1.22016816627928e-08,3.32142724071532e-08,1.74998922924203e-08,2.46263826610581e-08,1.95681026295918e-08,9.31800348960053e-09,6.38008880902044e-09,1.3322790743377e-08,9.12140542778128e-09,1.27461993467716e-08,7.07737943567415e-09,4.96038502869962e-09,7.25214568627621e-09,6.73472963981435e-09,5.20383568246235e-09,7.04759981915076e-09,4.02784516384374e-09,5.92834103909502e-09,2.97085851760045e-09,4.09493086222802e-09,6.65174471309751e-09,4.68980868938929e-09,5.07043817784684e-09,2.3715552354536e-09,1.88376590504546e-09,5.63643549162438e-09,2.53670440181111e-09,5.80176749362764e-09,2.01221152703245e-09,7.56557037467637e-09,6.37775070231577e-09,4.04669064538468e-09,1.04655677476162e-08,5.90296127736651e-09,9.50020186393602e-09,7.58001842495234e-09,1.059229818662e-08,1.31514260647461e-08,1.55181822961078e-08,2.1428839484791e-08,6.04907941300792e-09,8.93301505991663e-09,5.38923677271075e-09,1.27770314085932e-08,7.773763086863e-09,1.0744650228175e-08,7.1327932350913e-09,4.18059841624109e-09,2.35817656149009e-09,6.00818193828501e-09,4.07483500759046e-09,5.49344936833171e-09,3.2842430335971e-09,1.70783587864834e-09,2.05652837715558e-09,3.169663758971e-09,2.37095865165818e-09,3.28664302895527e-09,1.32279717912599e-09,1.67230975743009e-09,8.14787546278172e-10,1.8126020468259e-09,1.71490463903799e-09,1.67453942813751e-09,1.58821580992122e-09,8.25763397834365e-10,7.83547588830345e-10,1.61499955913332e-09,9.75099263109396e-10,1.72538337176392e-09
5.23927637367002e-09,8.55303465096347e-09,2.12068900615627e-08,8.71347494866669e-09,1.61903680253522e-08,1.62185376676078e-08,9.86462796424934e-09,2.4643763279405e-08,1.1491878127724e-08,1.87109190026828e-08,2.08338477536263e-08,1.59300046796717e-08,2.93349926839168e-08,1.35024210879721e-08,6.62746895639337e-09,2.47431967687281e-08,1.24354297669608e-08,2.34792974001502e-08,1.04671026020742e-08,5.06894783096993e-09,4.99679338589929e-09,9.52063775947696e-09,5.24549675991408e-09,9.3020210498496e-09,4.04219156623174e-09,4.16583661319425e-09,2.7792715918696e-09,4.13280132234046e-09,4.74052773987532e-09,4.45139334043254e-09,3.55639668176612e-09,2.2887966773906e-09,1.99555573111888e-09,4.04578811168259e-09,2.76645464547847e-09,4.28648220587992e-09,1.87260373830338e-09,1.60239352762205e-09,1.32758476095078e-09,2.27004943117591e-09,1.61776593733688e-09,2.31609778514013e-09,1.13168072943968e-09,3.34482032916600e-09,7.88866782154391e-09,1.67242460018716e-09,5.99686623250539e-09,3.49115918868484e-09,3.95773189351252e-09,9.85439337091714e-09,4.58997425209873e-09,7.43071508392938e-09,8.12987138098490e-09,6.46472006254042e-09,1.17549909835396e-08,5.81058263508984e-09,2.5770567983032e-09,9.34426412769553e-09,5.94530695698835e-09,9.98151660098693e-09,4.48059036921873e-09,1.93946442673476e-09,1.6759129943869e-09,4.75980219421438e-09,2.72164116248685e-09,4.08363907713023e-09,1.65203141294636e-09,8.86350102563312e-10,4.57565860500564e-10,2.26911051816229e-09,1.2458044879405e-09,1.52190025187215e-09,6.17709797518843e-10,4.53115423517212e-10,9.99596616946135e-10,1.07777504640083e-09,9.98824459767658e-10,1.17112249388919e-09,3.40655633840021e-10,8.98249056832213e-10,5.71146503877649e-10,9.09749458762603e-10,8.56571469260113e-10,7.44915552049723e-10
6.04457710079865e-09,5.11548614250939e-09,1.00152162004425e-08,5.7039494843526e-09,8.80770525153478e-09,9.20984805233646e-09,6.00602853144979e-09,1.14916117395546e-08,3.46598688825097e-08,1.01463404808931e-08,2.66034146848557e-08,2.45460946776569e-08,1.35024210879721e-08,4.07037353476837e-08,1.61475354299235e-08,3.14701169217548e-08,2.98130071061292e-08,2.22104308809365e-08,3.19000715059582e-08,1.20918595119477e-08,6.79526905117031e-09,2.25191080489701e-08,1.13582550145679e-08,2.11433859446267e-08,9.13438781486564e-09,5.2518374645108e-09,7.34237884457556e-09,8.47505651202306e-09,5.84332618745746e-09,8.83137496622573e-09,4.23483285134149e-09,6.19459001403136e-09,2.95067678703854e-09,4.54339815721437e-09,6.80147126780846e-09,4.91362440445375e-09,5.30295880739028e-09,2.44035880074217e-09,1.96588983320777e-09,5.79896186696707e-09,2.62585077747097e-09,6.04446326224526e-09,2.71394501537346e-09,2.05648986171686e-09,3.4631686153454e-09,1.9765183609391e-09,2.88485800831353e-09,2.80599022355061e-09,2.66961475196978e-09,3.87922598020614e-09,1.18285635601811e-08,3.72571621940181e-09,9.11455415654163e-09,7.70264551347605e-09,4.67985588085561e-09,1.51814594988424e-08,7.53920757836797e-09,1.10024878807299e-08,1.37328936150638e-08,9.55743424199734e-09,1.12425583486497e-08,6.2706361118628e-09,2.48288747301985e-09,1.0498087405983e-08,5.7129824773104e-09,9.10032513152816e-09,4.93522934562276e-09,1.78529995233454e-09,1.46442704396729e-09,4.28746086649206e-09,2.44465522424822e-09,4.53314294034467e-09,1.30344591521337e-09,1.06363395303089e-09,1.02583598347513e-09,1.86163388302146e-09,1.37777652224958e-09,1.93581709628905e-09,9.33324018288326e-10,9.73968865562301e-10,5.41732795718769e-10,1.27774233018163e-09,8.58550786815149e-10,1.08716909750365e-09
3.25088014115163e-09,5.41872718310856e-09,4.86635170973417e-09,5.64049192576531e-09,4.81994886388566e-09,5.40017372027327e-09,6.10098599147416e-09,5.68659309491011e-09,1.37732621024273e-08,5.55088774685955e-09,1.24541723541924e-08,1.22016816627928e-08,6.62746895639337e-09,1.61475354299235e-08,3.73760034163131e-08,1.45201925309459e-08,2.92587744329409e-08,2.67618987258828e-08,1.20942562699744e-08,2.87957645139337e-08,1.17516889528955e-08,2.2191828138458e-08,2.18099177158008e-08,1.63987394852652e-08,2.23833786783853e-08,8.94667511796009e-09,5.70404125796412e-09,1.65306818105698e-08,8.94802123225786e-09,1.63235631324819e-08,7.20947946021852e-09,4.40535419259041e-09,5.33753172847547e-09,6.97213173432418e-09,4.79185655861311e-09,7.12815902947472e-09,3.7778738664277e-09,4.46916897887032e-09,2.28964044774691e-09,3.97314958664868e-09,4.67494927685712e-09,4.21665465987319e-09,6.04091325154321e-10,1.17314406131863e-09,1.51746704419579e-09,8.69437850878886e-10,1.53727443949054e-09,7.40292242926471e-10,1.88729993433952e-09,1.76975515799463e-09,5.08413875201557e-09,1.91159774407918e-09,4.75499173696401e-09,3.89147373860902e-09,2.09017195154478e-09,6.60442161197516e-09,1.30072831715025e-08,5.26401079230539e-09,1.17195871775093e-08,1.08819999704504e-08,5.02934619912099e-09,1.02042354198721e-08,4.25348023926432e-09,9.20233371477044e-09,9.07161849597805e-09,7.94266691909313e-09,8.09581146396634e-09,3.37948773237743e-09,1.82669813910831e-09,7.08811821939985e-09,3.85502758911967e-09,6.63222973775033e-09,2.79974468974649e-09,1.55470549814384e-09,1.44273748030547e-09,3.22311995454066e-09,1.72475905274747e-09,3.44122064186637e-09,1.32532877455548e-09,1.23694222007209e-09,4.73821890499604e-10,1.56839866430813e-09,1.00637837913195e-09,1.25292526821913e-09
6.14666582183253e-09,8.82203940023853e-09,1.79547835121361e-08,9.50686619163333e-09,1.37203368920169e-08,1.43465270312145e-08,1.01763441494713e-08,2.08331514534882e-08,2.66029497033858e-08,1.586974875639e-08,4.0807845053103e-08,3.32142724071532e-08,2.47431967687281e-08,3.14701169217548e-08,1.45201925309459e-08,4.84971551554402e-08,2.22703286741468e-08,3.65229174952534e-08,2.47372786082541e-08,1.08951263470731e-08,6.93502967860402e-09,1.66660809268462e-08,1.03016182972352e-08,1.56722156223025e-08,8.30330872929527e-09,5.47772520203803e-09,7.95540778149492e-09,7.70763129488247e-09,6.00315871572927e-09,8.11976373451809e-09,4.43694315167656e-09,6.5867747225349e-09,3.07836021765348e-09,4.70031645938278e-09,7.47145834490913e-09,5.34079927210677e-09,5.59148773938198e-09,2.4774996463988e-09,2.07574599819083e-09,6.26295754216531e-09,2.56299302882207e-09,6.35874049093249e-09,1.31774392747935e-09,3.02463006841063e-09,7.02796312180032e-09,1.98534864969153e-09,5.14660737299046e-09,3.78129171228987e-09,3.76794732748122e-09,8.39072674318951e-09,9.12271026507171e-09,6.38204358431355e-09,1.53790890006272e-08,1.13981912220205e-08,9.9209437852048e-09,1.17130057221007e-08,6.57455653809058e-09,1.80337092264247e-08,1.09636777195496e-08,1.62188396133312e-08,9.09302205658126e-09,5.3030366050825e-09,2.65346843722858e-09,8.57015353195737e-09,5.1031020899768e-09,7.37720012786991e-09,4.15842293951551e-09,1.87809872744545e-09,1.66339299559812e-09,3.79480118449584e-09,2.56163814899932e-09,3.77395397445609e-09,1.39181617930171e-09,1.40289401901415e-09,1.24079408680519e-09,1.97054951772503e-09,2.00521780778377e-09,2.33321445513876e-09,1.2812017769513e-09,1.14926965833984e-09,4.82629870620495e-10,1.83961662930438e-09,9.4989036986202e-10,1.58463917060142e-09
6.35818959384013e-09,5.34160338616235e-09,9.04698377554155e-09,5.78342338694324e-09,8.29169832024223e-09,8.83190312233283e-09,6.258938689675e-09,1.03852912809209e-08,2.52880328778961e-08,9.55762429244472e-09,1.87014240650273e-08,1.74998922924203e-08,1.24354297669608e-08,2.98130071061292e-08,2.92587744329409e-08,2.22703286741468e-08,4.67446804768188e-08,3.65226714982702e-08,2.25226516138991e-08,2.21925070067409e-08,1.08626864585114e-08,3.55021459912918e-08,1.64979060260885e-08,2.76547036891044e-08,1.72202935727095e-08,8.19532178254308e-09,5.71156456945822e-09,1.23473859172772e-08,8.46956258197501e-09,1.23451666195524e-08,6.58916583777104e-09,4.46094314308218e-09,5.71205930997909e-09,6.4836266734784e-09,5.06184966683037e-09,6.74163684063474e-09,3.69128051034117e-09,4.86151290562653e-09,2.40024851915863e-09,4.2043606292922e-09,4.99699980109104e-09,4.35483801797904e-09,2.66353461519009e-09,1.79027667773362e-09,3.23920288716014e-09,1.60711094251526e-09,2.82185522833762e-09,2.16757759091351e-09,2.52312488506874e-09,3.68611060820913e-09,9.63545446784215e-09,3.4887937455818e-09,6.79144602825555e-09,5.96526615872001e-09,4.61649655382311e-09,1.26282082334764e-08,1.10762131057405e-08,8.09925734545654e-09,2.0110015990734e-08,1.46953397731893e-08,9.18373700922456e-09,8.70979164481527e-09,3.92382830999494e-09,1.53141892361445e-08,7.2126316318201e-09,1.26049016681416e-08,6.91348658004981e-09,2.82480276323274e-09,1.52232376373216e-09,5.51432305169366e-09,3.31505143454961e-09,5.56618353359503e-09,2.44649376809707e-09,1.40185853559583e-09,1.81309038767644e-09,2.75431616765037e-09,1.9301760185767e-09,3.16704179630576e-09,1.11288462828311e-09,1.56825507690243e-09,6.10133647131682e-10,1.70412918960655e-09,1.19537925167097e-09,1.11067625762578e-09
6.16722359991351e-09,8.69960859250841e-09,1.6731376771082e-08,9.49322312302419e-09,1.28199089785022e-08,1.37230442052305e-08,1.00726277163687e-08,1.9456012464869e-08,1.85096741672974e-08,1.49009822376144e-08,3.068041255675e-08,2.46263826610581e-08,2.34792974001502e-08,2.22104308809365e-08,2.67618987258828e-08,3.65229174952534e-08,3.65226714982702e-08,5.40571206474917e-08,1.66675436971058e-08,2.03183515861982e-08,1.06450076323799e-08,2.75509660607228e-08,1.49401617311472e-08,2.10317993055485e-08,1.57012014749287e-08,8.17421228193797e-09,5.75990935229519e-09,1.11745754091843e-08,8.49256086930178e-09,1.1212691904222e-08,6.50039485562727e-09,4.37498859564242e-09,5.79313772365396e-09,6.48963724409791e-09,5.105094349388e-09,6.96063568515077e-09,3.64866546918694e-09,4.86025364139322e-09,2.62138079485726e-09,4.1793364230293e-09,5.0488679453964e-09,4.4381780658924e-09,1.30934860579825e-09,2.75518634176966e-09,6.64246514725926e-09,1.70120751719143e-09,4.83797749196645e-09,2.9619951333635e-09,3.50161801839613e-09,8.03713224051317e-09,7.28423196997806e-09,5.79406296336054e-09,1.22996363444675e-08,9.08725179803937e-09,9.90764281006686e-09,9.58394383884897e-09,9.95420794764345e-09,1.43914992258991e-08,1.66884793379636e-08,2.27782199934005e-08,7.34898505717771e-09,7.57624536865470e-09,4.08659572488021e-09,1.30230741153394e-08,6.2338160493537e-09,1.02914831399529e-08,5.97455104444132e-09,3.00980581255432e-09,1.74706385280684e-09,4.76594248823977e-09,3.60881925480557e-09,4.83607581633497e-09,2.67701339658864e-09,1.51264397861203e-09,1.99483599399968e-09,2.93628907363856e-09,2.05164245500739e-09,3.49459868054585e-09,1.21617732541461e-09,1.65483009123536e-09,6.77681471856533e-10,1.81871920343201e-09,1.37131075774729e-09,1.25860397398912e-09
4.88427559265112e-09,4.12028635947472e-09,7.78946443777837e-09,4.56110444802506e-09,6.94333309367037e-09,7.29124589802757e-09,4.91728057231225e-09,8.99090229124385e-09,2.74791629736967e-08,8.07643424788666e-09,2.10634107043259e-08,1.95681026295918e-08,1.04671026020742e-08,3.19000715059582e-08,1.20942562699744e-08,2.47372786082541e-08,2.25226516138991e-08,1.66675436971058e-08,3.8652613195981e-08,1.42374454688568e-08,8.04723053947514e-09,2.73624636042731e-08,1.34355845565494e-08,2.57743314709997e-08,1.06787390754215e-08,6.19721908335635e-09,8.54227564755278e-09,9.93079851064975e-09,6.77666101878255e-09,1.03553061631676e-08,4.93542868396883e-09,7.22783189513214e-09,3.41622584681752e-09,5.25331940802148e-09,7.91701173995265e-09,5.70919290645181e-09,6.28708439631982e-09,2.8603803645613e-09,2.38050397589308e-09,6.8028998055941e-09,3.12962882380641e-09,7.11211790648722e-09,1.56764970761725e-09,1.63587377595625e-09,2.46131203940915e-09,1.17495120028273e-09,2.34078830755192e-09,1.81875355130963e-09,2.11004851184377e-09,2.65654490619937e-09,8.83854436636924e-09,3.00235601833916e-09,6.91018616361545e-09,6.59425222603308e-09,3.32826077399557e-09,1.12354637003809e-08,6.26916379852981e-09,8.46070876917968e-09,1.04921559479339e-08,7.42166379533724e-09,1.4523522214963e-08,7.04368315932569e-09,2.97509237115872e-09,1.315180065791e-08,6.5263446107054e-09,1.17811185429476e-08,5.54704270040027e-09,2.20349274347522e-09,1.77470175806644e-09,4.89530967100799e-09,2.70637390865646e-09,4.90935294460469e-09,1.62027990309692e-09,1.28722114931278e-09,1.01636637235927e-09,2.04670682406737e-09,1.62866570115015e-09,2.30275813949279e-09,1.08528215276522e-09,1.05570388424333e-09,6.88048807162228e-10,1.47031430045613e-09,9.1782941041377e-10,1.27029024578405e-09
2.76037972658695e-09,4.68329621482938e-09,3.73384811643956e-09,4.95962872331685e-09,3.79588521190306e-09,4.41006259255768e-09,5.26467472889302e-09,4.42128340022901e-09,1.04851855188846e-08,4.44410243338173e-09,9.43579212838764e-09,9.31800348960053e-09,5.06894783096993e-09,1.20918595119477e-08,2.87957645139337e-08,1.08951263470731e-08,2.21925070067409e-08,2.03183515861982e-08,1.42374454688568e-08,3.48012635865465e-08,1.40201516199258e-08,2.62560781605975e-08,2.6149851617787e-08,1.94036158595014e-08,2.67599982710299e-08,1.05687240900526e-08,6.79963562562565e-09,1.95626883344535e-08,1.06558245099823e-08,1.94654994239951e-08,8.47702866091031e-09,5.21917938341154e-09,6.06021267513595e-09,8.32843940870804e-09,5.61029047756765e-09,8.48169352820504e-09,4.50259826420957e-09,5.05954452254311e-09,2.65055504960906e-09,4.69435317122835e-09,5.34590125150338e-09,4.94225847164628e-09,5.00845131324021e-10,1.29678559798385e-09,1.16237781349793e-09,7.23964504428811e-10,1.21820169234346e-09,7.12758561733986e-10,1.82357407676907e-09,1.34384952209702e-09,4.03605090664579e-09,1.58043151492092e-09,3.52233785086425e-09,3.32522533019723e-09,1.62422624457943e-09,5.02028723159467e-09,1.02019338633424e-08,3.99601454393703e-09,9.19484040213311e-09,8.2997835770069e-09,6.2340098455814e-09,1.20161339603772e-08,4.7318729374784e-09,1.12451442658081e-08,1.01839328371894e-08,9.56196253815798e-09,9.62455695939272e-09,3.84704737711533e-09,2.21123898765312e-09,8.2713054633977e-09,4.30251660414703e-09,7.63413725771943e-09,3.22881901441293e-09,1.79680516258222e-09,1.35439728596715e-09,3.54373250566297e-09,1.94585772418278e-09,3.87105428076741e-09,1.47186239057122e-09,1.26555064928291e-09,4.61179420311135e-10,1.72346658520313e-09,1.17651208877965e-09,1.43637680943684e-09
2.47930679552086e-09,2.45938153814005e-09,3.83899401745584e-09,3.18627780231647e-09,4.13396932383451e-09,5.02706203580011e-09,2.83745549574097e-09,4.45078358297616e-09,5.96842162190769e-09,4.84077814775166e-09,5.98220724097465e-09,6.38008880902044e-09,4.99679338589929e-09,6.79526905117031e-09,1.17516889528955e-08,6.93502967860402e-09,1.08626864585114e-08,1.06450076323799e-08,8.04723053947514e-09,1.40201516199258e-08,3.63660917991546e-08,1.27430658374737e-08,2.7397162266779e-08,2.49341838894734e-08,1.05720971304393e-08,2.71766585431568e-08,1.06993675169046e-08,2.03599199885952e-08,2.07191891776042e-08,1.50132684743246e-08,2.20249363434265e-08,8.40983890146844e-09,5.53656358948691e-09,1.64330610924138e-08,8.62068886984074e-09,1.62142201742322e-08,6.83327912763808e-09,4.35466017601818e-09,5.60952510551046e-09,6.75348888286034e-09,4.71528778629911e-09,6.91853643563413e-09,-1.25872626920121e-10,5.61214032422212e-10,7.62204593830529e-10,-1.7486732831186e-10,4.60523179405558e-10,4.23297371936526e-11,7.72806266706917e-10,1.11146139246179e-09,3.04762475064918e-09,7.73920257501039e-10,2.839916803723e-09,2.77725675381031e-09,1.20336160282074e-09,3.47959217432322e-09,3.10655526253642e-09,3.13454444814804e-09,4.63396696936868e-09,4.31138393471186e-09,4.29125164985689e-09,3.4755587096219e-09,1.00368356805066e-08,5.38242618673704e-09,8.08245281309193e-09,9.94822674454499e-09,2.8192968032466e-09,7.58263336006224e-09,4.15682616456361e-09,6.33919152062972e-09,6.91476361439843e-09,5.52179624815963e-09,6.20030132240432e-09,3.55376192530145e-09,1.93450442015534e-09,5.90504979802102e-09,3.68879644670442e-09,5.88891956462647e-09,3.07946449560896e-09,1.59480581042243e-09,1.6897526901339e-09,3.16456906917764e-09,1.97571842050736e-09,3.10863476539068e-09
5.15507431640931e-09,4.34027809445865e-09,6.89309548169694e-09,4.6959480687305e-09,6.39794448765956e-09,6.98784763103146e-09,5.12904470363368e-09,7.98683368883469e-09,1.93439155909459e-08,7.46559341189605e-09,1.41139220262397e-08,1.3322790743377e-08,9.52063775947696e-09,2.25191080489701e-08,2.2191828138458e-08,1.66660809268462e-08,3.55021459912918e-08,2.75509660607228e-08,2.73624636042731e-08,2.62560781605975e-08,1.27430658374737e-08,4.26866189501575e-08,1.9479390929314e-08,3.32419559132451e-08,2.0187388054599e-08,9.53685376163824e-09,6.71729383335416e-09,1.43875538117106e-08,9.95169874527668e-09,1.45862130897518e-08,7.57406460728327e-09,5.24992236973142e-09,6.5988255816909e-09,7.62344964598506e-09,5.871643423445e-09,7.9232619427853e-09,4.38415244745663e-09,5.56051540324683e-09,2.78041026069815e-09,4.88637176797011e-09,5.70183323052425e-09,5.0379900458773e-09,1.61109722439624e-09,1.58746390228668e-09,2.40122824672072e-09,9.98215590755763e-10,2.2593865441027e-09,1.19759348891944e-09,2.16159276203494e-09,2.66729292179689e-09,7.14603785971464e-09,2.77337100818501e-09,4.95336526233911e-09,4.99724531196508e-09,3.40278794626159e-09,9.17235300314998e-09,8.70680585814121e-09,6.0073089104226e-09,1.53047905563965e-08,1.12779938815167e-08,1.16227006344124e-08,9.94829770908186e-09,4.52103748843365e-09,1.87383753405176e-08,8.51811276145993e-09,1.56475801187719e-08,7.90144242670020e-09,3.37837615065652e-09,1.93674641552482e-09,6.57622954293949e-09,3.70134085384439e-09,6.20808254100563e-09,2.86045280712883e-09,1.68310295387816e-09,1.68237493838987e-09,3.00960629315285e-09,2.18197530383837e-09,3.66481908003182e-09,1.27391451855953e-09,1.60202239749383e-09,6.6914921003684e-10,1.84831364445274e-09,1.28107464432107e-09,1.32108477487202e-09
