3.42468875417464e-08,1.72703991429472e-08,7.757739782366e-09,2.75564910407298e-08,1.6700182627883e-08,2.6306438054544e-08,1.50308099230072e-08,6.51163607348764e-09,6.99486472905817e-09,1.45422930041221e-08,7.13794343048791e-09,1.53262617959045e-08,5.80002682541718e-09,6.3588783031821e-09,5.01310598783253e-09,6.27668191147248e-09,7.5703119899966e-09,7.75389703397006e-09,5.74086083317392e-09,4.16513083199175e-09,3.26151752137948e-09,6.49028036802825e-09,3.96697814446704e-09,6.10132993897924e-09,3.90627201896168e-09,2.93388553568469e-09,2.28440536588379e-09,3.61423726275785e-09,3.22788644234364e-09,3.9010749515115e-09,2.69112009808813e-09,2.27969719292159e-09,2.43994821937934e-09,3.09961711903403e-09,2.72948378001927e-09,3.68201610415989e-09,2.15494205826689e-09,2.23719919892566e-09,2.06192336657109e-09,2.56025075099263e-09,2.54315225605301e-09,2.77119485139827e-09,2.18323831806172e-09,1.9308023322175e-09,1.77868509483283e-09,2.52606376116838e-09,2.18865059151921e-09,2.57532524858405e-09,2.13576506152555e-08,9.34997955752544e-09,5.20461608628237e-09,1.7551720176298e-08,9.65078999470242e-09,1.67008795248991e-08,8.56864612120773e-09,4.20675600817729e-09,3.79211465275397e-09,8.68216155854702e-09,4.09172658893829e-09,7.79352558601305e-09,3.42227566994159e-09,3.51502028600159e-09,2.69846461890983e-09,3.42449878609157e-09,3.75395748080722e-09,3.68354251215073e-09,3.28187676940888e-09,2.53983709545422e-09,1.61899979260106e-09,3.58953297105394e-09,2.51954563276135e-09,3.13054873229383e-09,2.43653227675565e-09,1.31610157219711e-09,1.24416086775648e-09,2.40735541721487e-09,1.35345228303439e-09,2.46246138806714e-09,1.2406511063786e-09,1.3299475089313e-09,1.91578948684149e-09,1.40350568865715e-09,1.89527167173466e-09,2.07652446722017e-09,1.24932829685958e-09,1.75752645076453e-09,1.6824171270074e-09,1.8121407162973e-09,1.9368368362815e-09,1.82238435243686e-09,1.67835427548894e-09,1.50110603247927e-09,1.46689075156294e-09,1.91104881615717e-09,2.08368130945585e-09,2.38742887255175e-09
1.72703991429472e-08,7.37665762256182e-08,1.94715738048049e-08,3.47926504225372e-08,6.2748418354247e-08,2.70572817817372e-08,6.47162284873199e-08,1.67882258650798e-08,8.98321734795155e-09,5.49069058571261e-08,1.56705285530076e-08,5.39059052679045e-08,1.43564891084573e-08,7.72021115613028e-09,9.01407358124853e-09,1.32818879992465e-08,8.72231275172791e-09,1.42167049941456e-08,6.82963760249347e-09,7.82408767144698e-09,3.87878633770993e-09,7.49248878440517e-09,7.82036770348973e-09,7.75953885243983e-09,7.17967128330552e-09,3.723516109657e-09,3.58602933691807e-09,7.16464444853494e-09,5.0823986323659e-09,8.28550505443681e-09,3.67253995344966e-09,3.60664107757532e-09,4.3097338896572e-09,4.99389701470653e-09,4.66738298617821e-09,5.89421224429555e-09,2.98377646220912e-09,3.63648915828468e-09,3.2558147985638e-09,3.84935054588372e-09,3.96980177916797e-09,4.27739112304728e-09,3.59779726258815e-09,3.06499771859172e-09,2.75136102311125e-09,3.94669487687059e-09,3.64791498300189e-09,4.03718697483461e-09,1.05701782178112e-08,3.41857556615526e-08,1.29391095070934e-08,2.02505596635326e-08,3.27446131488849e-08,1.79658511277368e-08,3.08600664083482e-08,1.0934780769048e-08,4.31428432336212e-09,2.9504021841661e-08,8.43008370108665e-09,2.43621002359921e-08,9.303534203307e-09,3.70256121465938e-09,4.42299095832665e-09,7.11515278061524e-09,4.59053765842007e-09,7.80821717079677e-09,3.15570108615885e-09,4.17112772576968e-09,1.59035842705328e-09,4.15431433792201e-09,3.78876905187734e-09,3.63750418603937e-09,3.77879140717343e-09,1.4483325797785e-09,2.14381252488499e-09,3.59891989336005e-09,2.37828089916598e-09,4.77387179979818e-09,1.4334309324656e-09,2.15426909690405e-09,2.12978438475019e-09,2.24955428461187e-09,2.43048731894608e-09,2.54201459009933e-09,1.55821808955404e-09,2.02630270744888e-09,1.86492788755641e-09,1.84805073532172e-09,2.18256730413589e-09,2.30116335296574e-09,1.76345143887992e-09,1.87438080636392e-09,1.64168162758118e-09,2.12486634095761e-09,2.11623636008933e-09,2.66733506546308e-09
7.757739782366e-09,1.94715738048049e-08,4.21972065351817e-08,1.59523044681707e-08,3.5446842412975e-08,2.99266472104374e-08,1.67979721797331e-08,3.5144641668393e-08,1.47720665597621e-08,2.94241658321122e-08,2.7933190861333e-08,2.29628225210948e-08,3.03302614789318e-08,1.26506277821919e-08,8.2610700417904e-09,2.39612248695285e-08,1.29173923275567e-08,2.35236386182654e-08,1.04965329657391e-08,6.63076791306116e-09,6.46501489454443e-09,1.06211672512456e-08,6.42137447857131e-09,1.01424377660944e-08,5.92322594640456e-09,6.10986343981024e-09,2.94151706834897e-09,5.69081215294596e-09,6.11562736025331e-09,6.21941677100794e-09,5.80030241586797e-09,2.86446465737695e-09,3.28492982262858e-09,5.76479146588772e-09,3.52372156960696e-09,6.76423837010953e-09,2.63065653382502e-09,2.67014516426274e-09,1.97394103565126e-09,3.03393588116463e-09,2.77362425197415e-09,3.30031232983669e-09,2.6318859678888e-09,1.86215533001326e-09,2.26160328305774e-09,2.65166428892103e-09,2.23354080874712e-09,2.94200148911864e-09,4.66698362498734e-09,8.60618160640938e-09,2.34580891345776e-08,8.2119168049919e-09,1.8988370372877e-08,1.78232062811476e-08,8.01107833625977e-09,1.9073228443896e-08,8.20013049600152e-09,1.69186305568957e-08,1.5300141818419e-08,1.23308893577757e-08,1.61124987758619e-08,6.84782250938844e-09,3.90633027361836e-09,1.30064179486793e-08,7.32579354624395e-09,1.27070526229458e-08,5.9914868454609e-09,3.65677856653723e-09,3.6620803190794e-09,6.60339246971821e-09,3.96540274529092e-09,5.90430202609473e-09,3.01855372449611e-09,3.28540902358408e-09,2.04450311494559e-09,3.50170152784484e-09,3.11103718362611e-09,4.00065583661861e-09,3.20915178112413e-09,2.00410630030007e-09,1.78611145569437e-09,3.09571812403131e-09,2.21816975318674e-09,2.65726201075229e-09,1.71712039532207e-09,1.47968287154286e-09,1.2775007851837e-09,1.71953048763859e-09,1.71056551497144e-09,2.16980381753047e-09,1.31654243138703e-09,1.2976535696134e-09,1.39581249798678e-09,1.60328990064463e-09,1.60050010190913e-09,2.07036171059982e-09
2.75564910407298e-08,3.47926504225372e-08,1.59523044681707e-08,4.81944687961127e-08,2.6917455191741e-08,3.74854291761102e-08,3.05477434944298e-08,1.35452277897822e-08,8.08724858385695e-09,2.33250862018591e-08,1.28392440786166e-08,2.24648923799088e-08,1.17503789270024e-08,7.21499462544162e-09,9.8569776993886e-09,1.10837361566648e-08,8.68565064110276e-09,1.23588774811066e-08,6.16463538609231e-09,8.38558363729476e-09,4.18430820369471e-09,7.02767756029915e-09,8.3572760258039e-09,7.11840503364049e-09,7.72042194268067e-09,3.69987073554912e-09,2.66945531552474e-09,7.53139357914696e-09,4.35964439884537e-09,7.98420255614697e-09,3.67541535530312e-09,2.73930444915389e-09,2.99209772684641e-09,4.39223566939777e-09,3.3621665841088e-09,5.05677227881747e-09,2.62829123229168e-09,2.89482493678835e-09,2.27873032898805e-09,3.22647462301206e-09,3.13393572029303e-09,3.51192820717909e-09,2.80363501588837e-09,2.23079954756186e-09,2.38899113517149e-09,3.10203750786674e-09,2.8603163255157e-09,3.17827509261425e-09,1.75726841006438e-08,1.9366526317091e-08,1.05532150985098e-08,3.01872927367404e-08,1.6323432582724e-08,2.39542013452613e-08,1.74794481916751e-08,8.88207951939583e-09,4.49628123951528e-09,1.47792830306898e-08,7.09678689794651e-09,1.23675229252837e-08,7.38873876768639e-09,3.99662620393242e-09,4.88665593473475e-09,5.89894856800225e-09,4.57301089788133e-09,6.51654135421222e-09,3.41006769191412e-09,4.90991770297688e-09,2.36265981110824e-09,4.28907894395661e-09,4.8199984954816e-09,4.02236236746877e-09,4.57024647855861e-09,2.00097894942204e-09,1.66375095115074e-09,4.60612237393568e-09,2.31505458896885e-09,5.03165357500016e-09,2.10216134910986e-09,1.70633496272149e-09,1.91095632973499e-09,2.37464978050587e-09,2.15121640517667e-09,2.78263123622714e-09,1.63247425785235e-09,1.9184882612323e-09,1.60407901822361e-09,2.07452060270398e-09,2.17012963221236e-09,2.13323003023353e-09,1.74084687449611e-09,1.48534959175693e-09,1.91350928645167e-09,2.13723488373443e-09,2.25426847913484e-09,2.7742448041415e-09
1.6700182627883e-08,6.2748418354247e-08,3.5446842412975e-08,2.6917455191741e-08,8.95892016938e-08,4.53279599159915e-08,5.49141766446588e-08,2.94168034943639e-08,1.4761825774904e-08,7.58294238676933e-08,2.31491317971659e-08,6.60625754949349e-08,2.49902059035707e-08,1.23614413760502e-08,8.66526931123137e-09,1.94030449879767e-08,1.33923177974194e-08,1.99467866621857e-08,1.04062395122363e-08,7.07115121606001e-09,6.96805242195992e-09,1.09832291886838e-08,6.91129539869479e-09,1.12264467752634e-08,6.39288426320688e-09,6.60566757983031e-09,4.19076106211185e-09,6.24568972133966e-09,7.74876763230755e-09,7.51865381121824e-09,6.34647178311229e-09,4.22556051935488e-09,4.89831617425474e-09,7.46144968430383e-09,5.37890226263359e-09,8.67867448173711e-09,3.63568914370373e-09,4.07060381153484e-09,3.62599540970207e-09,4.53951514567736e-09,4.38879938522489e-09,4.95046597266212e-09,4.0954934689945e-09,3.3793562778879e-09,3.44461819998878e-09,4.32416045494633e-09,3.79507257739415e-09,4.5432458403298e-09,1.02186280709336e-08,2.68535075921699e-08,2.14049812912149e-08,1.50519972862575e-08,4.5353237063026e-08,2.88961529768984e-08,2.42303482561159e-08,1.77229496240218e-08,6.84149769406064e-09,3.98074991717554e-08,1.24392389568128e-08,3.00411225138844e-08,1.46437603588944e-08,5.38945805014901e-09,3.18917988217942e-09,1.02133883400721e-08,6.52801228763114e-09,1.08794649256722e-08,4.74752351462552e-09,3.21260052343062e-09,3.26998963545985e-09,5.94124741880463e-09,3.55469910520208e-09,6.02631739318465e-09,2.93588602190909e-09,2.84547217882609e-09,2.22280691163868e-09,3.36512435844922e-09,3.63652451259653e-09,3.94770512218986e-09,2.81124690923455e-09,2.44806779279599e-09,2.57589928519052e-09,3.70701015058194e-09,2.74831174335779e-09,3.43136242785361e-09,1.86605296679426e-09,2.22018210484107e-09,2.01165887720782e-09,2.04737431077672e-09,2.27738852937167e-09,2.20657169923713e-09,2.02834256790451e-09,2.01967438085755e-09,1.74090559395484e-09,2.32983113808523e-09,2.23879330306737e-09,2.69594905883736e-09
2.6306438054544e-08,2.70572817817372e-08,2.99266472104374e-08,3.74854291761102e-08,4.53279599159915e-08,5.85979150117131e-08,2.33143209203045e-08,2.46479876142501e-08,1.28631239536949e-08,3.7808256771131e-08,1.89178373379515e-08,3.08075775305833e-08,2.09976300831009e-08,1.08931173150907e-08,8.43143691011885e-09,1.59236322142877e-08,1.21991876671479e-08,1.69142556455069e-08,8.88643688929092e-09,6.71049308705569e-09,7.23553896389334e-09,9.72168171668649e-09,6.58417533521275e-09,9.55190488118966e-09,6.05753707362888e-09,6.67553989197233e-09,3.09783973540181e-09,5.74643763314345e-09,6.74080740494535e-09,6.33337786476479e-09,6.59958695801216e-09,3.22803497911603e-09,3.39579022922351e-09,6.64957006863977e-09,3.8910038083292e-09,7.81345163942964e-09,3.03316010914012e-09,3.06966707248357e-09,2.48274571513953e-09,3.60266898101948e-09,3.42828145677881e-09,3.87845735843336e-09,3.09638676741969e-09,2.48213560733015e-09,2.82942272904375e-09,3.47384840513916e-09,2.9460236234733e-09,3.61823317054278e-09,1.67830881424824e-08,1.36255154434188e-08,1.80416260623224e-08,2.27114845911685e-08,2.66540141064638e-08,3.71812517061776e-08,1.21603497340234e-08,1.51309056600016e-08,6.8144736711904e-09,2.35959810510874e-08,1.03653527795865e-08,1.66780033209426e-08,1.22404627981162e-08,5.48203583684724e-09,3.59091533085242e-09,8.45304937788589e-09,6.29425768458682e-09,9.20280727810806e-09,4.73650992245579e-09,3.50183262446994e-09,4.10082543684270e-09,5.608176547927e-09,3.6731184849218e-09,5.25270120792353e-09,3.17616059258218e-09,3.63056178962463e-09,1.87145104525727e-09,3.57285665766634e-09,3.63737232875844e-09,3.79690945688182e-09,3.71289810276285e-09,2.0529006237542e-09,2.39959585124512e-09,3.88119704925278e-09,2.73362794928485e-09,4.08269933193058e-09,1.85722018023086e-09,2.10495184364321e-09,1.60940467733833e-09,2.37340291099767e-09,2.34589484773672e-09,2.13410181930761e-09,1.95793734037956e-09,1.56761910267584e-09,1.93368845554536e-09,2.35534299515937e-09,2.23914885127067e-09,2.86384776732932e-09
1.50308099230072e-08,6.47162284873199e-08,1.67979721797331e-08,3.05477434944298e-08,5.49141766446588e-08,2.33143209203045e-08,8.09229278634821e-08,2.11223196121665e-08,1.08680769444645e-08,6.96504736180679e-08,2.04394908762978e-08,6.9758172774376e-08,1.73910196889891e-08,9.08476037200432e-09,1.01192805840381e-08,1.6643250114508e-08,1.00771927578607e-08,1.73105001283268e-08,8.04985776872276e-09,8.78715535632259e-09,4.89315941149736e-09,8.71105597701771e-09,8.94296099975987e-09,9.06001637025299e-09,8.06356350567366e-09,4.51369039478979e-09,4.4560706337483e-09,8.18638647645231e-09,6.18409830264533e-09,9.64772862930838e-09,4.37856804987571e-09,4.37882441509789e-09,4.69760120871783e-09,5.9659684645842e-09,5.17529982965066e-09,6.52332250392407e-09,3.67132863874126e-09,3.94101385586071e-09,3.81918449116635e-09,4.22348030634715e-09,4.36662399554099e-09,4.77989510574554e-09,3.81181078690619e-09,3.48083831111616e-09,3.10261520404551e-09,4.14888548863655e-09,4.29044962331306e-09,4.48364879732993e-09,9.31975024602353e-09,3.08684953204504e-08,1.09375079559965e-08,1.7906019207029e-08,2.95102315995263e-08,1.59658186625991e-08,3.80247906694218e-08,1.40209231481018e-08,5.64722371769876e-09,3.70580696211739e-08,1.20190495446495e-08,3.1310888456351e-08,1.17351336678726e-08,5.03127077495823e-09,5.30298495695481e-09,1.01567350479334e-08,5.71681190472759e-09,1.05276461101987e-08,4.33455371515363e-09,4.87855386671789e-09,1.86378997747815e-09,5.13067148969228e-09,4.07702742520962e-09,4.33445292225086e-09,4.46642324320128e-09,1.75311042394806e-09,2.69146752535489e-09,3.9335540904639e-09,3.18481750575022e-09,5.32283993182003e-09,1.69133359149193e-09,2.65278140120042e-09,2.3487432479638e-09,3.05282536939523e-09,2.69615134803615e-09,2.83398075435277e-09,2.02838391880637e-09,2.19976813836799e-09,2.30874422572575e-09,2.00828927201782e-09,2.65375753526932e-09,2.65901701193285e-09,2.02418273555341e-09,2.3948854008693e-09,2.14796798005006e-09,2.51481017634637e-09,2.8893853015825e-09,3.11132257296558e-09
6.51163607348764e-09,1.67882258650798e-08,3.5144641668393e-08,1.35452277897822e-08,2.94168034943639e-08,2.46479876142501e-08,2.11223196121665e-08,4.16840717756953e-08,1.74558463695383e-08,3.63891107658592e-08,3.33765829518821e-08,2.87962034269068e-08,3.55452327800916e-08,1.4684616485769e-08,9.50775211044476e-09,2.81223990393104e-08,1.50882156480283e-08,2.7284177197335e-08,1.23425654561669e-08,7.71604439624529e-09,7.79434771777072e-09,1.25569829671195e-08,7.55365314240941e-09,1.20699720229924e-08,6.93652479539673e-09,7.27031377908514e-09,3.55423538463321e-09,6.74587703370416e-09,7.46041279864966e-09,7.32364042508139e-09,6.8295479997302e-09,3.45333148621107e-09,3.75947538544598e-09,7.00005969113528e-09,4.01747671080964e-09,7.91393023144377e-09,3.12665068467659e-09,3.0854678455058e-09,2.43409541309956e-09,3.47604208986338e-09,3.24135287129514e-09,3.80252096229957e-09,2.79671106564087e-09,2.14826137138731e-09,2.20827142339639e-09,2.88191306706659e-09,2.72959583250183e-09,3.38900343927416e-09,3.62858969555309e-09,8.01622253700655e-09,1.90712965427768e-08,6.88296052246797e-09,1.69231156951604e-08,1.4943064180127e-08,1.07947231952512e-08,2.22010350143799e-08,1.02875515372161e-08,2.08844927572921e-08,1.86666047725435e-08,1.63945556195002e-08,1.93390275655664e-08,8.4622972939395e-09,5.32621584420432e-09,1.5703382664064e-08,8.37003884927717e-09,1.47197246123751e-08,7.46045568732352e-09,4.79297194360731e-09,4.4044358641867e-09,7.5502508548977e-09,4.8719153008714e-09,6.61775378784665e-09,4.0901861302405e-09,3.9441318964648e-09,2.16641829292033e-09,4.35347706529417e-09,3.73508474995469e-09,4.86697570250847e-09,3.61623031300627e-09,2.12463408816082e-09,1.75513257999503e-09,3.75416493450704e-09,2.18008624884159e-09,3.11599237715661e-09,1.7870385268602e-09,1.58747906760243e-09,1.49293954175449e-09,1.70453216105649e-09,1.96975938897007e-09,2.38156362242704e-09,1.63057150834228e-09,1.53736188887068e-09,1.705690164544e-09,1.94583188407235e-09,2.31465211380836e-09,2.76031141867202e-09
6.99486472905817e-09,8.98321734795155e-09,1.47720665597621e-08,8.08724858385695e-09,1.4761825774904e-08,1.28631239536949e-08,1.08680769444645e-08,1.74558463695383e-08,4.38873603009843e-08,1.75897288818113e-08,3.50578501436026e-08,3.24331388600897e-08,1.46896097942399e-08,3.67410399796004e-08,1.74762697667654e-08,2.87496070083542e-08,3.02358805087832e-08,2.37278317820939e-08,3.11323125109246e-08,1.38865247945385e-08,7.54473190629441e-09,2.505061621932e-08,1.26655550614823e-08,2.32914905861066e-08,1.20238674334015e-08,6.47415934411549e-09,6.38835665919639e-09,1.0795569778083e-08,6.42383763711376e-09,1.07899741793112e-08,5.46341888234065e-09,5.91782120695446e-09,3.76819880719898e-09,5.525163920819e-09,6.2374142587702e-09,5.89979180031194e-09,5.35105646764892e-09,3.30134866813294e-09,3.14088427645818e-09,5.60241658084224e-09,3.98662074804357e-09,6.28636182869966e-09,3.02082337937258e-09,2.78967872569566e-09,2.44838633402882e-09,3.59836058800466e-09,3.11351958174817e-09,3.92902582253897e-09,4.05230059844072e-09,5.01661559326028e-09,7.46093880642069e-09,4.29283110816867e-09,8.46265589244669e-09,7.78700505225521e-09,6.62789592768233e-09,8.21772599197751e-09,2.44559654305152e-08,1.03964045382235e-08,1.83737892210327e-08,1.85488296069205e-08,7.10330146152037e-09,2.00418284954111e-08,9.36400417012116e-09,1.49947081868652e-08,1.65105074188158e-08,1.20238328843128e-08,1.74348615201819e-08,8.53170763444055e-09,4.52437239659362e-09,1.47812030486642e-08,7.02274118757056e-09,1.22131332813524e-08,7.40128575511526e-09,3.71335972363208e-09,3.47298189782309e-09,6.72808380990607e-09,3.31614582939711e-09,7.34667796502618e-09,3.15665092002762e-09,3.10819122430283e-09,1.89620882951083e-09,3.19244091889517e-09,2.92590919456471e-09,2.69804929271751e-09,2.67372341615342e-09,1.77659634638336e-09,1.85413928914439e-09,2.6568019958956e-09,2.15021143786912e-09,3.06607633765745e-09,1.68704610117705e-09,1.84622212314846e-09,1.96664731960187e-09,1.97620668920627e-09,2.59908149653345e-09,2.98812267110841e-09
1.45422930041221e-08,5.49069058571261e-08,2.94241658321122e-08,2.33250862018591e-08,7.58294238676933e-08,3.7808256771131e-08,6.96504736180679e-08,3.63891107658592e-08,1.75897288818113e-08,9.50479460808541e-08,2.92042564692579e-08,8.42123438162494e-08,3.03102120795537e-08,1.44133207169807e-08,1.00647675471204e-08,2.3835142367875e-08,1.55457742438382e-08,2.40330584410091e-08,1.22198760148589e-08,8.25530835870475e-09,8.62372532059875e-09,1.28865582983849e-08,8.18945819982336e-09,1.31619153617624e-08,7.47515277119521e-09,7.96946573577754e-09,5.16898841041784e-09,7.4328553618437e-09,9.53221308718101e-09,8.94997932385911e-09,7.59549899279101e-09,5.11401303098588e-09,5.47436864211668e-09,9.06387034479361e-09,6.00460203306697e-09,9.90161578445338e-09,4.41333172639028e-09,4.55542077623044e-09,4.27096951483155e-09,5.05663231769959e-09,4.93598912042036e-09,5.6265671838032e-09,4.34470531403919e-09,3.75342060113362e-09,3.4433138435131e-09,4.54538179616478e-09,4.47979305995889e-09,5.11883241408601e-09,8.82072012311843e-09,2.42405530249892e-08,1.77235685275826e-08,1.29091061556144e-08,3.98155359348709e-08,2.4531729657387e-08,3.10417197903898e-08,2.23632085455893e-08,9.03826837981475e-09,4.98290207974051e-08,1.70516940325452e-08,3.90810725814562e-08,1.8651955899923e-08,7.22250443817265e-09,4.25573847259146e-09,1.40393567819616e-08,7.9381545952087e-09,1.40619159302936e-08,6.3691861711516e-09,3.94399327740894e-09,3.85880322613253e-09,7.14385889197287e-09,3.94643917566749e-09,7.15943662887895e-09,3.57502551743612e-09,3.44774296526266e-09,2.86700454374473e-09,3.74808763805233e-09,4.92035355963018e-09,4.67456161128297e-09,3.36254830409261e-09,3.00021820353947e-09,2.88280526960348e-09,4.97849645253353e-09,2.87691693443938e-09,4.02534943483445e-09,2.3432241459586e-09,2.60614798637625e-09,2.47177206109679e-09,2.09376477255347e-09,2.8814787376011e-09,2.45094941255219e-09,2.39463794753545e-09,2.49525986532014e-09,2.25327766601356e-09,2.6880433355373e-09,3.28625814498313e-09,3.4095538559985e-09
7.13794343048791e-09,1.56705285530076e-08,2.7933190861333e-08,1.28392440786166e-08,2.31491317971659e-08,1.89178373379515e-08,2.04394908762978e-08,3.33765829518821e-08,3.50578501436026e-08,2.92042564692579e-08,5.68908996585123e-08,4.84170365789124e-08,2.81267303193949e-08,2.8747027163225e-08,1.64141904986114e-08,4.68932379830527e-08,2.36886132592956e-08,3.94943950136761e-08,2.41191332959355e-08,1.28139542754751e-08,7.64768301626835e-09,1.94229047137561e-08,1.18931090827267e-08,1.8014866680452e-08,1.11021178126581e-08,6.53807978045319e-09,7.01522739332727e-09,1.01472796542152e-08,6.65589379126670e-09,1.0451212187311e-08,5.9510004375993e-09,6.53017019663823e-09,4.36989521331742e-09,6.04171868289619e-09,6.80646932747966e-09,6.45153409289102e-09,5.89030740926831e-09,3.87810238880946e-09,3.58028029344606e-09,6.02469072694116e-09,4.45402487903472e-09,6.67622041449658e-09,3.52699914491865e-09,3.25637302240725e-09,2.73256659816338e-09,3.97311579988302e-09,3.47810764051387e-09,4.28664581865618e-09,4.4969303668918e-09,7.49992132719201e-09,1.47808664634109e-08,6.74897092721586e-09,1.34798192048216e-08,1.23007285045459e-08,1.06281563391397e-08,1.69742811405988e-08,1.98029746359008e-08,1.68458388000247e-08,3.06155717095029e-08,2.70613738794233e-08,1.47060183590028e-08,1.61296045057159e-08,8.73575739163372e-09,2.53870879742644e-08,1.33822960020261e-08,2.11740301896318e-08,1.40607921009462e-08,7.88400466039143e-09,4.66073893367882e-09,1.20722471067793e-08,6.75444779721267e-09,9.5956689433855e-09,6.32060181350068e-09,3.92037567323688e-09,3.66619387030925e-09,5.8994923814918e-09,3.50970308413418e-09,6.63570619912656e-09,3.47326691400063e-09,3.20060340102973e-09,2.21900231992161e-09,3.31748732638499e-09,2.95230888267104e-09,3.06421589922022e-09,2.66332627248243e-09,2.128681435701e-09,2.48181363498366e-09,2.38712177944484e-09,2.87107525194389e-09,3.48756194125729e-09,2.02127977592971e-09,2.4081119607443e-09,2.15909545228789e-09,2.59195858418352e-09,2.67423339263843e-09,3.18982389776031e-09
1.53262617959045e-08,5.39059052679045e-08,2.29628225210948e-08,2.24648923799088e-08,6.60625754949349e-08,3.08075775305833e-08,6.9758172774376e-08,2.87962034269068e-08,3.24331388600897e-08,8.42123438162494e-08,4.84170365789124e-08,1.156595921509e-07,2.35828807650543e-08,2.61876322207339e-08,1.57898838524134e-08,3.91080402476895e-08,2.24194028451691e-08,3.37527961079441e-08,2.21312358047084e-08,1.2608371940029e-08,7.70920882586608e-09,1.85669923945443e-08,1.21015192186739e-08,1.82179488048756e-08,1.09154647199179e-08,6.53029072609606e-09,8.56960418943104e-09,1.05502254084073e-08,7.94985257657082e-09,1.15355615346797e-08,6.02498841755483e-09,8.29535127341066e-09,6.10198353331032e-09,7.3727648315073e-09,9.11664450989918e-09,7.96052834216166e-09,7.12409663995088e-09,5.20143086481623e-09,5.43580843611392e-09,7.70955251725556e-09,5.9943415914954e-09,8.61520743372657e-09,4.98118307994677e-09,4.9417473241695e-09,4.06739763581875e-09,5.58042360065535e-09,5.22490717360993e-09,6.0159351368423e-09,9.64355107912515e-09,2.4666600921444e-08,1.39794819202852e-08,1.30559275693387e-08,3.48449504579989e-08,2.06493151746289e-08,3.21440821201695e-08,1.76162470696565e-08,1.63839908369818e-08,4.43729295131021e-08,2.61405175550159e-08,5.25927400843303e-08,1.44079405681661e-08,1.37909547477191e-08,7.4101644487946e-09,2.19021657402655e-08,1.22199556220612e-08,1.95287079405218e-08,1.19773373492555e-08,6.8244767185447e-09,3.56372008180723e-09,1.10419965146003e-08,5.86826155205626e-09,9.7528328871309e-09,5.53252648795822e-09,3.06470743335563e-09,4.24363189616621e-09,5.30389230725596e-09,4.46328222324646e-09,6.74907917532301e-09,2.69864278434142e-09,4.00885481416884e-09,3.18667821078499e-09,4.22721205874535e-09,3.42920817463064e-09,3.57898269285409e-09,3.11495068771457e-09,2.95529719927832e-09,3.41204111688461e-09,2.54830517189287e-09,3.30774336743724e-09,3.31048464004099e-09,2.78969145726544e-09,3.34769590164064e-09,2.77186541093197e-09,3.02206694330226e-09,3.61745287714371e-09,3.93126033732494e-09
5.80002682541718e-09,1.43564891084573e-08,3.03302614789318e-08,1.17503789270024e-08,2.49902059035707e-08,2.09976300831009e-08,1.73910196889891e-08,3.55452327800916e-08,1.46896097942399e-08,3.03102120795537e-08,2.81267303193949e-08,2.35828807650543e-08,4.26146466099005e-08,1.72904128256594e-08,1.09628719457998e-08,3.36885552481183e-08,1.74391952362058e-08,3.25288705868422e-08,1.45643111665237e-08,9.00796744044303e-09,9.01758726166226e-09,1.45615778365602e-08,9.16164488797393e-09,1.45428355873327e-08,8.13527708364494e-09,8.20212673162648e-09,4.15064540364024e-09,8.21484906693121e-09,8.26034086256111e-09,8.60299304005377e-09,7.77250894622936e-09,4.03444055279075e-09,4.13535604264349e-09,7.78909002997075e-09,4.64299287994677e-09,8.54318893571721e-09,3.67103786131753e-09,3.45409167575327e-09,2.90674949373233e-09,4.0702710167689e-09,3.62287308205167e-09,4.39059585697353e-09,3.02578949948078e-09,2.46773004466976e-09,2.4830032772141e-09,3.14844339046058e-09,3.03006589776425e-09,3.62899278350104e-09,3.29659779801013e-09,7.66250211223211e-09,1.61072738602312e-08,6.35437105232192e-09,1.47247620390347e-08,1.29077395250456e-08,9.55690616846256e-09,1.93368833572235e-08,8.46313434434802e-09,1.82209441231676e-08,1.57061337676078e-08,1.37461233464599e-08,2.49536691888366e-08,9.84485905074421e-09,6.14888131134153e-09,2.04574900671013e-08,9.6764023436605e-09,1.90832887439295e-08,8.72002021769738e-09,5.48200676363763e-09,5.08102626068973e-09,8.66140469567551e-09,5.77532716869832e-09,8.15474647169527e-09,4.75092076381374e-09,4.25135703283076e-09,2.3693783502594e-09,5.19262138435081e-09,4.11814662154382e-09,5.30667834388323e-09,3.97591433246526e-09,2.30245957577611e-09,1.86843874183377e-09,4.08464398107059e-09,2.45246829676249e-09,3.51217180600051e-09,1.97728577863273e-09,1.71496118022177e-09,1.87103490895294e-09,1.99438898013824e-09,2.13876655208055e-09,2.71805365921393e-09,1.83904070200261e-09,1.76582128751414e-09,1.66262026212492e-09,2.18198518397484e-09,2.62771567264087e-09,3.06284343699298e-09
6.3588783031821e-09,7.72021115613028e-09,1.26506277821919e-08,7.21499462544162e-09,1.23614413760502e-08,1.08931173150907e-08,9.08476037200432e-09,1.4684616485769e-08,3.67410399796004e-08,1.44133207169807e-08,2.8747027163225e-08,2.61876322207339e-08,1.72904128256594e-08,4.21595403991496e-08,1.97710841492102e-08,3.27072979611516e-08,3.49755354392314e-08,2.72836770991811e-08,3.57717569585942e-08,1.58051085774171e-08,8.39328114761414e-09,2.90840565976466e-08,1.47112639045682e-08,2.75602077980855e-08,1.36916018830647e-08,7.104074386566e-09,6.86880840009297e-09,1.25463122444264e-08,6.84409129131136e-09,1.2125963560955e-08,6.04111167235751e-09,6.38435133573869e-09,4.17122490248611e-09,5.85851912933126e-09,6.85669267177934e-09,6.33420951695602e-09,5.72889068082051e-09,3.69789592581924e-09,3.63379841642628e-09,6.12371592263711e-09,4.61808409949841e-09,7.01736626365935e-09,3.38646575147354e-09,3.16689090574948e-09,2.62957913140757e-09,4.15050366701418e-09,3.32018460147759e-09,4.27274333661704e-09,3.7894630787754e-09,4.24578994814279e-09,6.3744748708287e-09,3.8881489071461e-09,7.41795965126037e-09,6.74461659834318e-09,5.53394898514789e-09,7.09973745794375e-09,2.00388384230575e-08,8.94448355938817e-09,1.49936404579124e-08,1.55477693381493e-08,9.3067163111845e-09,2.31162040775554e-08,1.09194907564293e-08,1.82909315883926e-08,1.89536742969886e-08,1.4762658166233e-08,2.01037327000308e-08,9.99529493442049e-09,4.48349840602547e-09,1.69282384409774e-08,8.30418517833315e-09,1.45556763191719e-08,8.60508741546132e-09,3.69899124739599e-09,3.73689716808435e-09,7.83285528924555e-09,3.25868716785576e-09,8.15189396230063e-09,3.21995274639416e-09,3.32503960101381e-09,2.2387053533609e-09,3.28479531804687e-09,3.40205644408347e-09,2.93114992738448e-09,2.89584925222894e-09,2.15068561875261e-09,2.38005436397281e-09,3.04353402201147e-09,2.72481243658222e-09,3.67610293155166e-09,2.06178960896768e-09,2.28248956225068e-09,2.09119469962286e-09,2.49173945996003e-09,3.02808619875341e-09,3.53099285955033e-09
5.01310598783253e-09,9.01407358124853e-09,8.2610700417904e-09,9.8569776993886e-09,8.66526931123137e-09,8.43143691011885e-09,1.01192805840381e-08,9.50775211044476e-09,1.74762697667654e-08,1.00647675471204e-08,1.64141904986114e-08,1.57898838524134e-08,1.09628719457998e-08,1.97710841492102e-08,5.65206824161081e-08,1.85615083005004e-08,4.21888925036119e-08,3.92559373471708e-08,1.58115550183124e-08,4.47081137299433e-08,1.81847208469519e-08,3.25608676780956e-08,3.3832258591193e-08,2.4037223277481e-08,3.91797551697858e-08,1.56518870303571e-08,8.74002118561625e-09,2.93107152641653e-08,1.47457369991875e-08,2.7641033454203e-08,1.35767242834762e-08,7.84554260543083e-09,9.79983153504967e-09,1.28849581283332e-08,8.25963138729611e-09,1.29088386309595e-08,6.58388382385423e-09,8.59504021114651e-09,5.25351259622523e-09,6.50207905809131e-09,9.2929277225694e-09,7.67643801273862e-09,7.71895269479338e-09,4.81222199481708e-09,3.06897442879252e-09,8.35902999993347e-09,4.83535924708119e-09,8.46628243972837e-09,3.54922373787462e-09,5.27510589203328e-09,4.80049914688011e-09,5.82124667070658e-09,5.0806743909928e-09,5.36365777926784e-09,5.94101975217836e-09,5.2710675002623e-09,1.03806429456646e-08,5.85600324524233e-09,8.43320517779507e-09,8.92463313178904e-09,6.61958083981032e-09,1.21522500698434e-08,2.84162097010867e-08,1.04317339727114e-08,2.21009165417647e-08,1.99872011178092e-08,1.02770844886919e-08,2.43259609179239e-08,9.61065777308921e-09,1.88666804109982e-08,1.82257453871314e-08,1.38590123354033e-08,2.1228962144777e-08,8.39540133985569e-09,4.39845457622604e-09,1.65933616207116e-08,7.32156239548468e-09,1.43641341054242e-08,7.65794615982768e-09,4.16233473650595e-09,4.33564572382725e-09,7.24506074276519e-09,4.1157330614736e-09,7.1334436619543e-09,3.34885088340946e-09,3.91117140794347e-09,3.27739589826921e-09,3.2481060315629e-09,4.57011910430246e-09,4.41472374203605e-09,3.77132648905274e-09,3.17168722282486e-09,2.40217469143878e-09,4.44917832420438e-09,3.74536408275167e-09,5.44901676967964e-09
6.27668191147248e-09,1.32818879992465e-08,2.39612248695285e-08,1.10837361566648e-08,1.94030449879767e-08,1.59236322142877e-08,1.6643250114508e-08,2.81223990393104e-08,2.87496070083542e-08,2.3835142367875e-08,4.68932379830527e-08,3.91080402476895e-08,3.36885552481183e-08,3.27072979611516e-08,1.85615083005004e-08,5.4800550604923e-08,2.71766252689344e-08,4.64423328485065e-08,2.73719609032508e-08,1.45311550099537e-08,8.4372046063015e-09,2.22456154748505e-08,1.38006598878755e-08,2.11330948264849e-08,1.25958512099027e-08,7.12206564761914e-09,7.52599496173315e-09,1.18090395037401e-08,7.22150305703461e-09,1.18387628563786e-08,6.4864287982896e-09,7.00948047442749e-09,4.75535659182171e-09,6.51422377922691e-09,7.43128389268304e-09,6.98241168745771e-09,6.33379506085051e-09,4.22006218066114e-09,4.05438856022611e-09,6.58635834418597e-09,4.97890151442825e-09,7.37170814599803e-09,3.87560170445468e-09,3.70786925777571e-09,3.03996041348807e-09,4.48019285858348e-09,3.8032187356856e-09,4.65784987948193e-09,4.05954178611702e-09,6.97116477785702e-09,1.23321091196197e-08,6.18576966209368e-09,1.14666340120492e-08,1.01939699885826e-08,9.2606516855476e-09,1.47018190544163e-08,1.61274433373281e-08,1.43525326697735e-08,2.5387583194607e-08,2.28089895888176e-08,1.93741054141766e-08,1.84274393305605e-08,9.87286079765487e-09,3.1648767495671e-08,1.51233923422104e-08,2.64141492230966e-08,1.61542087486702e-08,8.90309651581034e-09,4.49977305586448e-09,1.35855487242438e-08,7.84893992704003e-09,1.13479672291144e-08,7.18261999210334e-09,3.69957026593837e-09,3.99355897135404e-09,6.85277814303602e-09,3.50162994076737e-09,7.2973883540221e-09,3.37231851766995e-09,3.447254927829e-09,2.54651856915505e-09,3.33535285954414e-09,3.35038363306853e-09,3.05585146204666e-09,2.94466143782598e-09,2.45251980241345e-09,2.86674460133316e-09,2.78556103805341e-09,3.39927849128866e-09,4.09393767793305e-09,2.36692312921241e-09,2.77559209584518e-09,2.34539466423443e-09,3.12365068158987e-09,3.18276256029e-09,3.81730181193411e-09
7.5703119899966e-09,8.72231275172791e-09,1.29173923275567e-08,8.68565064110276e-09,1.33923177974194e-08,1.21991876671479e-08,1.00771927578607e-08,1.50882156480283e-08,3.02358805087832e-08,1.55457742438382e-08,2.36886132592956e-08,2.24194028451691e-08,1.74391952362058e-08,3.49755354392314e-08,4.21888925036119e-08,2.71766252689344e-08,6.41535773885073e-08,5.21373834648073e-08,2.9089521603001e-08,3.25577571734505e-08,1.61239303770606e-08,5.11698630744714e-08,2.38107595359906e-08,3.95754782348011e-08,2.8501637214074e-08,1.35975560953875e-08,8.68651684702392e-09,2.03598520180795e-08,1.28355479326654e-08,1.9008993039844e-08,1.14771742649613e-08,7.72526575098173e-09,9.69240000078191e-09,1.0910838772974e-08,7.88181837413306e-09,1.09017582097314e-08,6.41414894651534e-09,8.16251078374352e-09,5.14350179003201e-09,6.17312109797401e-09,9.374897260886e-09,7.50046383909118e-09,7.13257098538425e-09,4.55649936904741e-09,3.06225012031514e-09,8.25361254916965e-09,4.3413951504176e-09,8.25109455731752e-09,5.06689843462073e-09,5.16792035073671e-09,7.17497545105238e-09,5.08338261368089e-09,8.01702975483641e-09,7.73286967051404e-09,5.66004980569607e-09,8.23112751982658e-09,1.72562232774997e-08,9.57326238373351e-09,1.24171761377477e-08,1.2880872296036e-08,1.00417160173265e-08,1.99155025216574e-08,2.28320365435868e-08,1.52088020791235e-08,3.45926363105469e-08,2.81842881461467e-08,1.68977725947901e-08,1.95276118443096e-08,8.55651589120712e-09,2.93915054755727e-08,1.34528220244747e-08,2.17952014566885e-08,1.71914295194366e-08,7.22359039020719e-09,4.38078345037762e-09,1.25822940796184e-08,6.07076562868203e-09,1.13568592581379e-08,6.5984590614968e-09,4.11512921889967e-09,4.19161279635613e-09,6.13553383859226e-09,4.077685348304e-09,6.28457871820009e-09,3.20855247192368e-09,3.77305528318496e-09,3.168126548538e-09,3.14439978570327e-09,4.46045570990351e-09,4.16544816131122e-09,3.70228832746249e-09,3.13325646728738e-09,2.21411590498464e-09,4.38129267723981e-09,3.64497631451745e-09,5.21424542512575e-09
7.75389703397006e-09,1.42167049941456e-08,2.35236386182654e-08,1.23588774811066e-08,1.99467866621857e-08,1.69142556455069e-08,1.73105001283268e-08,2.7284177197335e-08,2.37278317820939e-08,2.40330584410091e-08,3.94943950136761e-08,3.37527961079441e-08,3.25288705868422e-08,2.72836770991811e-08,3.92559373471708e-08,4.64423328485065e-08,5.21373834648073e-08,7.67758802025745e-08,2.23098146058921e-08,3.01588330871589e-08,1.54547669714381e-08,4.11044229560679e-08,2.17474966404726e-08,3.10179971791037e-08,2.63632120482056e-08,1.28852836892442e-08,8.37294341198116e-09,1.85044845549088e-08,1.21358205826461e-08,1.74212665157687e-08,1.13391298352152e-08,7.65274438008311e-09,1.0388201704161e-08,1.0620231126711e-08,8.28263063978266e-09,1.10183170684503e-08,6.38764786387879e-09,8.86421566976011e-09,5.49485475872258e-09,6.50253132075769e-09,1.00491760523076e-08,7.66632920807609e-09,7.80199743217102e-09,5.06434284442243e-09,3.1087731432162e-09,8.95562241336204e-09,4.64049497102273e-09,8.97261849604466e-09,5.43701572378019e-09,8.06039061796784e-09,1.3049066224565e-08,6.9986818846507e-09,1.20192158464665e-08,1.10059169634258e-08,9.73517386666202e-09,1.54109195194651e-08,1.3877872384126e-08,1.50998101906033e-08,2.17455889942943e-08,2.00387568653505e-08,1.97669998345831e-08,1.58525526022654e-08,2.15434007044412e-08,2.74523757961904e-08,2.86699131663896e-08,4.37723542800668e-08,1.33686025397325e-08,1.80851291688845e-08,8.50353488292544e-09,2.43076135292153e-08,1.28018358690041e-08,1.76751801390354e-08,1.55562860736837e-08,6.87350858682945e-09,4.78676930765597e-09,1.12669262412195e-08,6.25271918786448e-09,1.04491994701948e-08,6.2803822680662e-09,4.43666629945395e-09,4.60681791233575e-09,6.03751592559591e-09,4.22455936247972e-09,6.10424533019108e-09,3.5182252017453e-09,4.28645238176766e-09,3.60606127342158e-09,3.17340231183339e-09,5.2316750423981e-09,4.47964549039173e-09,4.20998727677421e-09,3.57170956705815e-09,2.31739302260186e-09,5.12599668882405e-09,3.68529207574707e-09,5.7502784871263e-09
5.74086083317392e-09,6.82963760249347e-09,1.04965329657391e-08,6.16463538609231e-09,1.04062395122363e-08,8.88643688929092e-09,8.04985776872276e-09,1.23425654561669e-08,3.11323125109246e-08,1.22198760148589e-08,2.41191332959355e-08,2.21312358047084e-08,1.45643111665237e-08,3.57717569585942e-08,1.58115550183124e-08,2.73719609032508e-08,2.9089521603001e-08,2.23098146058921e-08,4.14808092440967e-08,1.78166255398238e-08,9.4295736545853e-09,3.38860074154857e-08,1.64782963011296e-08,3.20521182770278e-08,1.55649481239849e-08,8.08650466960053e-09,7.97456606042913e-09,1.42129951694668e-08,7.86147609277048e-09,1.381098040405e-08,6.95070157948004e-09,7.34959882564445e-09,4.92002978051344e-09,6.76020010683292e-09,7.98221299993874e-09,7.48562867660599e-09,6.5723065728347e-09,4.33502827857857e-09,4.00965521550212e-09,7.06900566543052e-09,5.15691110623682e-09,7.83838998027715e-09,3.80949219694091e-09,3.43006652182956e-09,2.93730935264681e-09,4.6116781811181e-09,3.62120905761458e-09,4.70347737945754e-09,3.48500324668846e-09,3.97974403459567e-09,5.61752536103866e-09,3.36270464347401e-09,5.89468194571162e-09,5.565313086039e-09,5.12731598676429e-09,6.10191287817395e-09,1.74279406393398e-08,7.11438281606422e-09,1.30813832889461e-08,1.25453062016297e-08,7.8440122135694e-09,2.01018171001197e-08,9.9964045464056e-09,1.56719072459082e-08,1.69280906272504e-08,1.31875884772471e-08,2.25074043500093e-08,1.11762089922357e-08,5.4889297071653e-09,1.93044064689452e-08,1.00104339066337e-08,1.72809085373618e-08,9.67142756919818e-09,4.6604171783567e-09,4.0306450556684e-09,9.45295938837958e-09,4.00036338691776e-09,9.32733468172288e-09,4.08488852554287e-09,3.55047974722828e-09,2.67297265488244e-09,3.88369205326394e-09,3.94778068389701e-09,3.48424333315682e-09,3.18033968938877e-09,2.42972050997874e-09,2.65533446086351e-09,3.63905905411393e-09,3.04439451322524e-09,4.26404330161835e-09,2.21385523045489e-09,2.42021185249323e-09,2.26144110173307e-09,2.66951491541557e-09,3.33949086937713e-09,3.70139662394561e-09
