1.39032428135088e-07,7.83854255764367e-08,3.91145543306981e-08,1.10539780368574e-07,7.53699369295356e-08,9.79973072720547e-08,6.96654097197154e-08,3.41329652050988e-08,3.41190816915555e-08,6.62913557894562e-08,3.86647487038366e-08,6.94470779168345e-08,2.83865611261489e-08,3.05224074164113e-08,2.00289633816011e-08,3.18747165015803e-08,3.27761027454016e-08,2.97604941211919e-08,2.70348349657604e-08,1.80656584523482e-08,1.37391472291532e-08,2.93651794366156e-08,1.93099408746717e-08,2.93182806749791e-08,1.68730599922291e-08,1.27117087330337e-08,1.06930285092405e-08,1.80063841914027e-08,1.30272599537233e-08,1.79688562125432e-08,1.19037952206152e-08,9.35210031285068e-09,9.20893269884718e-09,1.20830360718533e-08,1.12783001925622e-08,1.56732658034757e-08,8.73502808691165e-09,8.34268200556407e-09,8.43254639084554e-09,1.05363296123652e-08,1.05435660956002e-08,1.22676218170141e-08,8.045828201136e-09,7.31996697419504e-09,8.25669507574733e-09,9.74956467850828e-09,9.5716063936901e-09,1.20417655094649e-08,1.04241680380767e-07,5.06228905539157e-08,2.72834596752376e-08,8.27199422650232e-08,5.32184003135349e-08,7.02697014303256e-08,4.53134175274311e-08,2.57541668249424e-08,2.61195164472809e-08,4.74021575822829e-08,3.01446189978298e-08,4.38751917533053e-08,2.00742107007749e-08,2.33891649551941e-08,1.5027006255677e-08,2.39414105962188e-08,2.61237171425055e-08,2.11850115726731e-08,2.16194944304124e-08,1.375235182731e-08,7.39089928171023e-09,2.42503117040317e-08,1.17964771175657e-08,2.36441485141167e-08,1.32344747855589e-08,7.52626318034699e-09,7.22395199346047e-09,1.09889116744929e-08,6.37994090112932e-09,1.13492994271852e-08,7.26439690669384e-09,6.39532880864036e-09,7.42354208911926e-09,6.01253006985133e-09,8.9069210895262e-09,1.05493613201441e-08,5.63962218808677e-09,6.57971650293928e-09,6.73687801802994e-09,7.65214607746762e-09,7.57114109050367e-09,8.07892977132319e-09,5.97033791056841e-09,5.87103725345070e-09,8.34275299552609e-09,6.74528602359396e-09,7.90017074795864e-09,9.60501554014568e-09
7.83854255764367e-08,3.05132766551319e-07,8.59366299217001e-08,1.45873753528181e-07,2.57183625854583e-07,1.15043083139377e-07,2.67854097132079e-07,7.36443415229313e-08,4.10356692166503e-08,2.2412051273612e-07,6.80047904764068e-08,2.08383842728322e-07,6.19993336782835e-08,3.14879098959008e-08,4.53351305076172e-08,5.42681480463673e-08,3.63461858082909e-08,5.4387720699047e-08,2.59223262440656e-08,3.95230715578498e-08,2.49250484549545e-08,3.08056218768101e-08,4.41930226076521e-08,3.22411794573439e-08,3.2630854945239e-08,2.11458240099097e-08,2.03410780455058e-08,3.73353182610448e-08,2.63343531872755e-08,4.13003866352995e-08,1.92892155487923e-08,1.80639883963809e-08,1.82429856719974e-08,2.37370460487778e-08,2.33770771995972e-08,2.88978518269507e-08,1.76095059269691e-08,1.75369081256822e-08,1.6152746919491e-08,2.25799887634959e-08,2.16091021432244e-08,2.45843372024935e-08,1.64319948571089e-08,1.51132717463532e-08,1.83474884606644e-08,2.03248894730168e-08,1.90731030931872e-08,2.4208137439583e-08,5.73175351862117e-08,1.76890227745574e-07,6.06122403739618e-08,1.02217182757437e-07,1.45730296108149e-07,7.92759444320178e-08,1.48898488915486e-07,5.37444075784165e-08,2.92866269601972e-08,1.23429102387132e-07,4.74912685562738e-08,1.0203626085832e-07,4.58087032235249e-08,2.42650772428622e-08,3.13457383303691e-08,3.86329887616171e-08,2.70448588331912e-08,3.27842362958885e-08,1.86540608673719e-08,2.72836013229075e-08,1.12971089725229e-08,2.26358415862743e-08,2.65624459535179e-08,2.21507980841268e-08,2.58160226364549e-08,1.05961677401012e-08,1.40399631192481e-08,2.43219934607182e-08,1.71909424687676e-08,3.12672095504976e-08,9.17122530860281e-09,1.25687316893952e-08,1.08489751848549e-08,1.53824747827971e-08,1.63813388473768e-08,1.60628524493517e-08,1.21177484455627e-08,1.04574978883466e-08,1.29329752382209e-08,1.50848278402449e-08,1.30172648895754e-08,1.6408292432422e-08,9.95329130082972e-09,1.22316424049195e-08,1.61035011635872e-08,1.30985916835163e-08,1.39298132098077e-08,1.7606574566102e-08
3.91145543306981e-08,8.59366299217001e-08,1.9343940858485e-07,6.78201815718641e-08,1.6292256224043e-07,1.3181912978198e-07,7.37228641815586e-08,1.63023133812823e-07,6.61760965452484e-08,1.34231526947578e-07,1.22787879754891e-07,1.01784865567301e-07,1.39725403948621e-07,5.63606041601608e-08,3.64352772232557e-08,1.04090453636569e-07,5.48318219314238e-08,9.39168404987671e-08,4.74431171021347e-08,2.98280180200699e-08,3.00552395003467e-08,4.65140383124416e-08,3.13751330310034e-08,4.54475181582729e-08,2.37120153265234e-08,2.63766790618165e-08,1.59114801693919e-08,2.54787996133319e-08,2.7604520942561e-08,2.60601311279283e-08,2.5201214539959e-08,1.48903487155001e-08,1.29855079373515e-08,2.58823991726889e-08,1.69767898864013e-08,2.8721167932282e-08,1.36024845548753e-08,1.22476533456952e-08,1.3681327899453e-08,1.55173767086521e-08,1.54136187114084e-08,1.92458278507881e-08,1.23182377876413e-08,1.37230049654366e-08,1.16741158534274e-08,1.57851378972442e-08,1.76299583891581e-08,1.99615451469023e-08,2.28451586317576e-08,5.5117012968113e-08,1.24462526028333e-07,4.37497955051877e-08,1.01145222020321e-07,7.97200548745896e-08,4.86007749562305e-08,1.15443382989717e-07,4.42067996717706e-08,9.42795232515593e-08,9.13123366926976e-08,7.18358777933867e-08,1.0017730802797e-07,3.49892042874014e-08,2.15705255647526e-08,7.60342149821996e-08,3.0204054853007e-08,6.45146526948863e-08,3.05406218982309e-08,1.93046073417066e-08,1.67459570989517e-08,2.73266117491129e-08,1.9553928227474e-08,2.68044754040701e-08,1.76898348421518e-08,1.64025772901871e-08,9.25561525043945e-09,1.91030002027085e-08,1.8576465420296e-08,1.87289263641549e-08,1.56652958959236e-08,8.93102335205625e-09,8.23224467900349e-09,1.7282366506301e-08,1.10253036502047e-08,1.86911901887748e-08,7.89318629627877e-09,8.09035832198315e-09,1.13745486818969e-08,9.9854125257702e-09,1.10080823035746e-08,1.33517281310666e-08,8.3069556655013e-09,1.09297508980761e-08,8.93034324789722e-09,1.09057211462642e-08,1.37612572770707e-08,1.37396500917182e-08
1.10539780368574e-07,1.45873753528181e-07,6.78201815718641e-08,1.98312052785993e-07,1.1250715595036e-07,1.50589368874821e-07,1.27530045403729e-07,5.79865934535766e-08,3.47738568334378e-08,9.89869501889351e-08,5.54059784619973e-08,9.16486958835515e-08,4.83796057234165e-08,2.85391845224554e-08,3.8378009658054e-08,4.42504545797306e-08,2.97522932749705e-08,4.25560483545657e-08,2.38727449773213e-08,3.42037433736935e-08,1.75190954474171e-08,2.53560428634236e-08,3.4311130234536e-08,2.50542921703532e-08,2.84366999064482e-08,1.48776992972212e-08,1.48843219112494e-08,2.89560798740599e-08,1.71648855588163e-08,3.08497399121885e-08,1.41429697383908e-08,1.31721047284014e-08,1.23984908704834e-08,1.56494659354446e-08,1.55817176659756e-08,1.96091070108765e-08,1.23230553542712e-08,1.14328250033779e-08,1.26344777547741e-08,1.45262927983558e-08,1.4396312203635e-08,1.71974616200408e-08,1.11772056449512e-08,1.22755158927159e-08,1.26048728612124e-08,1.42162407797349e-08,1.39858802393658e-08,1.64793051111838e-08,7.84482808410311e-08,9.97541313583771e-08,4.37659286571331e-08,1.40733882625367e-07,7.62970679591295e-08,1.01549757988374e-07,8.74333653388473e-08,4.07712706135312e-08,2.7148119816305e-08,6.97460225328269e-08,4.03492875203861e-08,6.30490434540143e-08,3.51139749889087e-08,2.04039096175128e-08,2.50742903742249e-08,3.1641095433466e-08,2.15511872346762e-08,2.75731884102537e-08,1.72019374372799e-08,2.38140201948316e-08,7.55545170073056e-09,1.93357706463812e-08,2.0297326191347e-08,1.75527341482525e-08,2.13027581400979e-08,7.24885629975475e-09,1.04595701814945e-08,1.82799367257095e-08,9.82316896858803e-09,2.01824955997107e-08,7.07284062593203e-09,9.42977362951456e-09,9.66934954871036e-09,9.14885363410765e-09,1.26195576953676e-08,1.10853078817345e-08,8.51313249275043e-09,9.17879880204092e-09,9.85777440956953e-09,1.0291601714993e-08,1.09792247798209e-08,1.17705354028982e-08,8.39195747809633e-09,9.39841286974113e-09,1.2457231506123e-08,1.0436051685064e-08,9.91999644073228e-09,1.24141591677881e-08
7.53699369295356e-08,2.57183625854583e-07,1.6292256224043e-07,1.1250715595036e-07,3.90823802660448e-07,1.96142339510841e-07,2.24180376289526e-07,1.34157484698421e-07,6.73123895159266e-08,3.27467983237987e-07,1.01484357419171e-07,2.69118947520116e-07,1.13931770496692e-07,5.6924314808972e-08,4.23766406852683e-08,8.48759241934052e-08,5.81860091178503e-08,8.02274951017245e-08,4.77309640449201e-08,3.48511745261602e-08,3.82107312855185e-08,5.02027767680645e-08,3.72834871217751e-08,4.88491968525059e-08,2.79607962755642e-08,3.34472244092979e-08,2.34599754322975e-08,3.05105898679721e-08,3.72057449932615e-08,3.40736891713429e-08,3.09081588657816e-08,2.15936328081636e-08,2.31444388274439e-08,3.44162994698696e-08,2.8139354807819e-08,4.13607309171435e-08,2.07861520232359e-08,2.1934037937497e-08,1.86589318746769e-08,2.65050017523891e-08,2.61527804374015e-08,3.02673120333089e-08,2.14230515645675e-08,1.81090302242834e-08,2.28227124007527e-08,2.5780186042757e-08,2.66221427619191e-08,3.34484787752935e-08,5.64172976907171e-08,1.34374663428865e-07,1.0227325067232e-07,7.64321479110623e-08,2.10824179919749e-07,1.2670954816512e-07,1.15143620148173e-07,9.52531363324365e-08,4.21793318105645e-08,1.88416879768307e-07,7.31170001667824e-08,1.40524202317898e-07,8.11678168539846e-08,3.52410195891414e-08,2.53868322845542e-08,6.13832059192285e-08,3.32358778670203e-08,5.022049948165e-08,2.95435043966621e-08,2.19137048599671e-08,1.88734868478477e-08,2.98766556470462e-08,2.22249063308326e-08,3.06734210630281e-08,2.08021301272075e-08,1.8276237190996e-08,1.53698124459121e-08,2.1655009453669e-08,2.32144276157178e-08,2.50095232964764e-08,1.67077293467148e-08,1.39150654086212e-08,1.40124135296881e-08,2.10069233400962e-08,1.72259795827996e-08,2.44960490469119e-08,1.30481389711387e-08,1.31914083457318e-08,1.43072828865511e-08,1.62973839665604e-08,1.66396869140087e-08,1.91025000913191e-08,1.28360594585969e-08,1.34958586386441e-08,1.84752208065613e-08,1.67675308013143e-08,1.95403357810391e-08,2.33457306372973e-08
9.79973072720547e-08,1.15043083139377e-07,1.3181912978198e-07,1.50589368874821e-07,1.96142339510841e-07,2.44570244688891e-07,1.00060830973417e-07,1.08934943949631e-07,5.70715500064438e-08,1.64398244362072e-07,8.3850087175816e-08,1.29488929072894e-07,9.17202922751173e-08,4.8371861621522e-08,3.36753250514061e-08,6.91291786012786e-08,4.82323119406947e-08,6.45616214439191e-08,4.00612156189868e-08,2.80965594031572e-08,2.86914056318872e-08,4.12262659177645e-08,2.83757809616101e-08,3.7940858008965e-08,2.20693703156188e-08,2.57351489631615e-08,1.79409240678018e-08,2.2877169477304e-08,2.80361288004774e-08,2.4686733699193e-08,2.41728847877489e-08,1.5781026851393e-08,1.56522483568726e-08,2.58938685094608e-08,1.95064237934037e-08,3.11340997398119e-08,1.47754385230953e-08,1.46831270233356e-08,1.41521963385108e-08,1.77017645010837e-08,1.76268666525888e-08,2.19249298938093e-08,1.53165052080177e-08,1.42601032112782e-08,1.43640569766241e-08,1.81037216954814e-08,1.91378283168693e-08,2.28465885547356e-08,6.55238959199414e-08,7.20814907150859e-08,7.98498231290507e-08,1.02768519367498e-07,1.19294353559689e-07,1.53738856948585e-07,6.37049521058369e-08,7.8120737049878e-08,3.93562505537431e-08,1.12698259901222e-07,6.27259591412982e-08,9.23476740364026e-08,6.65695829560268e-08,3.03695088994054e-08,1.85608788469523e-08,4.98644279834524e-08,2.62341426188898e-08,4.18240536895523e-08,2.64834138743411e-08,1.75751523078144e-08,1.28524011909978e-08,2.51471865125586e-08,1.28600653837084e-08,2.11764414621061e-08,1.5265149583875e-08,1.275730049066e-08,1.21042752995935e-08,1.25421094293782e-08,1.78752994760504e-08,1.39088153566812e-08,1.2459369385936e-08,1.08360610811282e-08,1.28066592584381e-08,1.68999505483724e-08,1.3234415385953e-08,1.98832388153874e-08,9.6817401949334e-09,1.21876935296514e-08,1.01028982236442e-08,1.17619512686991e-08,1.3903140030847e-08,1.43581871180182e-08,1.1155105256829e-08,9.88644614319987e-09,1.21271929087975e-08,1.33453500549883e-08,1.43331008550413e-08,1.64862148425909e-08
6.96654097197154e-08,2.67854097132079e-07,7.37228641815586e-08,1.27530045403729e-07,2.24180376289526e-07,1.00060830973417e-07,3.68536382211519e-07,8.47427503544586e-08,4.60708078736053e-08,3.16415275438432e-07,7.77705604144819e-08,2.90637439548328e-07,7.23258506074769e-08,3.61100977259487e-08,5.25580534680501e-08,6.31210430271678e-08,4.13553657819588e-08,6.13357829647798e-08,3.02042746306231e-08,4.60513440936875e-08,2.80011376542825e-08,3.54241706777142e-08,4.93376093896633e-08,3.59668145591845e-08,3.88016110821249e-08,2.42158946995386e-08,2.17934912323677e-08,4.22606578124313e-08,3.03018378442167e-08,4.72063132761523e-08,2.21313481197743e-08,1.96093366973718e-08,1.98475200643477e-08,2.76288313140812e-08,2.52610227586761e-08,3.31635926474421e-08,1.89471985896103e-08,1.89427074758121e-08,1.71259243591713e-08,2.43177449879249e-08,2.32079991856377e-08,2.77462620124185e-08,1.71323530721401e-08,1.52041779111905e-08,1.93511355514199e-08,2.10422876243693e-08,1.92275748548969e-08,2.55140648234417e-08,5.18604557973861e-08,1.48889459184825e-07,5.36820196109606e-08,8.84837102471733e-08,1.23340676418109e-07,7.18383854465642e-08,2.25513291372664e-07,5.96369429702188e-08,3.33143427897581e-08,1.90719437842902e-07,5.52914066825694e-08,1.57237082268025e-07,5.05746035764584e-08,2.7871056755432e-08,3.88478890609994e-08,4.51408296465964e-08,3.05790393880962e-08,3.73125129331079e-08,2.18937652765837e-08,3.30675108925088e-08,1.54500248659888e-08,2.51573719397761e-08,3.15338923724471e-08,2.39502521455133e-08,3.11922692417212e-08,1.43225389136422e-08,1.44621229472303e-08,2.90165394754616e-08,2.11329140146648e-08,3.52492659359124e-08,1.25612070993004e-08,1.34277182154736e-08,1.11911135870377e-08,1.98412492952176e-08,1.60299321559304e-08,1.90061741205015e-08,1.32705323580203e-08,1.14432755883351e-08,1.42336563568835e-08,1.51878761908847e-08,1.47954861368953e-08,1.85792629727914e-08,1.08990509659336e-08,1.30082364568439e-08,1.68008455276649e-08,1.43862543403585e-08,1.48669405936499e-08,1.97633463151107e-08
3.41329652050988e-08,7.36443415229313e-08,1.63023133812823e-07,5.79865934535766e-08,1.34157484698421e-07,1.08934943949631e-07,8.47427503544586e-08,1.83839797771313e-07,7.31766496071529e-08,1.56290118391289e-07,1.35891383340095e-07,1.15524194032714e-07,1.56089271405625e-07,6.15166553274114e-08,3.91938436081009e-08,1.14635741878947e-07,5.95502982859303e-08,1.01753690668493e-07,5.18064803063094e-08,3.17352430689974e-08,3.42599375534137e-08,5.04356236204188e-08,3.28840370574079e-08,4.85717530021542e-08,2.57031579904287e-08,3.01853144649742e-08,1.7497839164218e-08,2.69672278088566e-08,3.22578666674216e-08,2.81303090445405e-08,2.88259302883648e-08,1.63706260763994e-08,1.50585081785152e-08,3.0340169918581e-08,1.84654703556213e-08,3.31574656685686e-08,1.50668574105766e-08,1.42608868360559e-08,1.49678099601567e-08,1.69941235565423e-08,1.72917700090025e-08,2.10957260323443e-08,1.24336214458592e-08,1.29393431017093e-08,1.16911392020598e-08,1.51817660602942e-08,1.68285400751236e-08,1.97908903445436e-08,2.19098402744838e-08,4.85348430990135e-08,1.15410565776408e-07,3.86416084709758e-08,9.41850838327073e-08,7.44726209328678e-08,5.52123252929682e-08,1.30974484916248e-07,4.8625544731411e-08,1.09103319956089e-07,1.01867227348399e-07,8.0705436267048e-08,1.10510583944265e-07,4.03481876922117e-08,2.48026655674635e-08,8.35439188853764e-08,3.56835010338772e-08,7.00574235044121e-08,3.47201989403177e-08,2.12733556654258e-08,1.85927972942782e-08,3.11350601029255e-08,2.16216809284565e-08,2.94762411498779e-08,1.94991628389146e-08,1.8692999536934e-08,1.04593905056722e-08,2.04322147124268e-08,2.24208861987812e-08,2.05825854645522e-08,1.82958746120642e-08,1.03105732105684e-08,9.24239528516257e-09,2.13979366478058e-08,1.164246503134e-08,2.02247755853486e-08,9.31962509171634e-09,9.41532761253822e-09,1.24862237187769e-08,1.07876737262848e-08,1.23559181906376e-08,1.43718943285214e-08,8.48400594758127e-09,1.01641774760333e-08,9.56583541928328e-09,1.02083911813916e-08,1.54089367272706e-08,1.49748300554425e-08
3.41190816915555e-08,4.10356692166503e-08,6.61760965452484e-08,3.47738568334378e-08,6.73123895159266e-08,5.70715500064438e-08,4.60708078736053e-08,7.31766496071529e-08,1.87436273771112e-07,7.4650364518179e-08,1.4249045386368e-07,1.30379237007814e-07,6.15346388263721e-08,1.55196914741045e-07,7.42089070216425e-08,1.18180226950525e-07,1.25607898309673e-07,9.46496789500498e-08,1.26946334114784e-07,5.93665762869696e-08,3.07264159170753e-08,1.02323421311305e-07,5.31911725836534e-08,9.2455785332128e-08,4.97732001759176e-08,2.44297211305638e-08,2.49340182673998e-08,4.48324783705485e-08,2.65702339953111e-08,4.35087674263957e-08,2.17715352139856e-08,2.24228026338776e-08,1.35470168567747e-08,2.31091271525444e-08,2.1919893807967e-08,2.45185599273418e-08,2.04372829591068e-08,1.26222085292567e-08,1.17124732093017e-08,2.04929899454789e-08,1.5554591325187e-08,2.23752035650075e-08,1.20077502114014e-08,1.10166808475631e-08,1.20649176302426e-08,1.48006878446491e-08,1.50709385915069e-08,1.89705420141367e-08,2.03555937807228e-08,2.20918556595483e-08,4.58548808175583e-08,2.15974611503081e-08,4.1280528211194e-08,3.89017424668498e-08,2.84188412485682e-08,4.98296041294426e-08,1.13580998111039e-07,4.58833606830324e-08,9.07134331258203e-08,8.34083472351392e-08,4.20171434957691e-08,9.89331628494648e-08,5.20969464333608e-08,7.65357979181394e-08,7.62473549711862e-08,5.6839653648122e-08,8.40805190510255e-08,4.41406071786192e-08,1.7233539307271e-08,6.6166177429009e-08,3.6022070819236e-08,5.63198441318226e-08,3.96330180151227e-08,1.57559635194749e-08,1.78996315831704e-08,3.28196534910234e-08,1.81594224760916e-08,2.83178203956904e-08,1.46782944640099e-08,1.58058129604814e-08,1.01028757562728e-08,1.73230524113699e-08,1.60557938621573e-08,1.84049606629977e-08,1.38438310846093e-08,9.18182725970933e-09,1.07238794562572e-08,1.45740850476214e-08,1.28847710841685e-08,1.5033190617228e-08,8.73716315461677e-09,9.5381565085203e-09,9.97120341053272e-09,1.15225070248287e-08,1.20075015338242e-08,1.45836634804439e-08
6.62913557894562e-08,2.2412051273612e-07,1.34231526947578e-07,9.89869501889351e-08,3.27467983237987e-07,1.64398244362072e-07,3.16415275438432e-07,1.56290118391289e-07,7.4650364518179e-08,4.50262288052585e-07,1.15023818068545e-07,3.64450434826913e-07,1.29705115763299e-07,6.19543969237088e-08,4.64959494052957e-08,9.58527491490384e-08,6.39758252318587e-08,8.81039142313537e-08,5.19025644292213e-08,3.81053067495286e-08,4.38093492117092e-08,5.52179502021394e-08,3.9773779075444e-08,5.27291522288475e-08,3.12467038580233e-08,3.8600919996816e-08,2.44312414717334e-08,3.2988948206651e-08,4.32802357963645e-08,3.63841590468008e-08,3.58627514918575e-08,2.27626280348396e-08,2.55364922841415e-08,4.04116834066873e-08,2.9858530337916e-08,4.73996781514317e-08,2.18661798655964e-08,2.41936328818574e-08,2.08436580515414e-08,2.80846385491417e-08,2.88224705019628e-08,3.30915922135892e-08,2.18931730043233e-08,1.89430846891311e-08,2.28095012392031e-08,2.66625346674879e-08,2.64917261932261e-08,3.44704110409477e-08,5.14759366525766e-08,1.15084840976611e-07,9.51692891914026e-08,6.71675288688397e-08,1.88261501218504e-07,1.16142871119368e-07,1.83750160783636e-07,1.12028978430004e-07,4.96666231585356e-08,2.7833726943756e-07,8.52163080624422e-08,2.03698864473455e-07,9.20044289245862e-08,4.23195310989911e-08,2.85513083017011e-08,7.03248249028231e-08,3.97272306548615e-08,5.53895522105618e-08,3.51559280982865e-08,2.33267695711179e-08,2.27192229424115e-08,3.47881921438933e-08,2.49628394211344e-08,3.5414257826477e-08,2.21766296179501e-08,2.25597860330679e-08,1.58385653138531e-08,2.32934362143218e-08,2.89672930134435e-08,2.64087783246903e-08,2.09712917877485e-08,1.47659834607208e-08,1.56406234437093e-08,2.74937834473138e-08,1.80578909312783e-08,3.00923481067793e-08,1.412124448002e-08,1.53295065979208e-08,1.59630143716603e-08,1.7298643124312e-08,1.85263865384118e-08,2.03971804411054e-08,1.4561052764491e-08,1.44703255351907e-08,1.84611240553813e-08,1.76564477691138e-08,2.07973273737203e-08,2.51724192786846e-08
3.86647487038366e-08,6.80047904764068e-08,1.22787879754891e-07,5.54059784619973e-08,1.01484357419171e-07,8.3850087175816e-08,7.77705604144819e-08,1.35891383340095e-07,1.4249045386368e-07,1.15023818068545e-07,2.28075069086458e-07,1.91327086449055e-07,1.14649726356221e-07,1.18168889947444e-07,6.66779543393236e-08,1.89901933564217e-07,9.53751818986784e-08,1.49469504760724e-07,9.54971550680273e-08,5.26138857072603e-08,3.13153936894553e-08,7.76002561593839e-08,5.08118576845643e-08,7.17577659261579e-08,4.45400126498893e-08,2.52419567484058e-08,2.81245794570649e-08,4.35040779569524e-08,2.85217933736842e-08,4.41484988281302e-08,2.22014154692274e-08,2.55993334490196e-08,1.59578636226179e-08,2.44327789360412e-08,2.73068425630874e-08,2.71154261924133e-08,2.33834927109553e-08,1.47838854045886e-08,1.38021910246507e-08,2.54496894537618e-08,1.82063273902054e-08,2.91053373315274e-08,1.30415865444375e-08,1.23856537583137e-08,1.31695904595208e-08,1.61475197429933e-08,1.68065157046697e-08,1.94389617887957e-08,2.67409565938966e-08,4.10991282016841e-08,8.70562059344305e-08,3.92792108636391e-08,6.95894203009607e-08,6.20546687939284e-08,4.76273917231045e-08,9.565459620204e-08,9.10757583428675e-08,7.69926389830297e-08,1.55922814758791e-07,1.27031704944729e-07,7.82069128635118e-08,7.66814492174572e-08,4.06815692993075e-08,1.2869372639219e-07,5.70202656663886e-08,9.62778220590361e-08,6.49316839281653e-08,3.63102564041654e-08,1.62764981604942e-08,5.05270423512464e-08,3.50078343527533e-08,4.50350731846145e-08,3.24541542868907e-08,1.44078561346882e-08,1.8664378008528e-08,3.16982293716162e-08,1.7613305428921e-08,2.93360410708046e-08,1.34791848761028e-08,1.70653210545669e-08,1.02180660550597e-08,1.62870555642441e-08,1.7861107475969e-08,1.8463414283276e-08,1.52468840075618e-08,9.87311590776425e-09,1.1564007655974e-08,1.67997165449544e-08,1.34068032553221e-08,1.92395345543559e-08,9.02183543150969e-09,1.00032805694678e-08,1.1869806402718e-08,1.13718942447827e-08,1.42176097202239e-08,1.50413718095271e-08
6.94470779168345e-08,2.08383842728322e-07,1.01784865567301e-07,9.16486958835515e-08,2.69118947520116e-07,1.29488929072894e-07,2.90637439548328e-07,1.15524194032714e-07,1.30379237007814e-07,3.64450434826913e-07,1.91327086449055e-07,4.73673614751894e-07,9.60244957779303e-08,1.10737859117769e-07,6.72249444474816e-08,1.59809586277651e-07,9.06547950700729e-08,1.2593736146373e-07,8.88263761207073e-08,5.33094805413292e-08,3.69326082012259e-08,7.45694583996291e-08,5.28945367099135e-08,6.87986998641271e-08,4.50192769527806e-08,3.07552882955101e-08,3.73762720062148e-08,4.51477403799806e-08,3.39337266082521e-08,4.5505875849246e-08,2.74820029749687e-08,3.42260953987497e-08,2.53520798144684e-08,3.00850767186907e-08,4.04460779746187e-08,3.68098445850945e-08,3.12181563667258e-08,2.40758101972531e-08,2.12551372608606e-08,3.81493592711497e-08,3.07983699884114e-08,4.39226757757318e-08,2.13939772501947e-08,1.91158257030994e-08,2.13544400141564e-08,2.8114171792752e-08,2.51244331447352e-08,3.26774916016315e-08,5.2527932309637e-08,1.04734717037108e-07,7.71721855896575e-08,6.51118990489584e-08,1.55705185234424e-07,9.88628311845958e-08,1.68853872328531e-07,8.61429433470796e-08,8.28455878692587e-08,2.2756548632551e-07,1.24784168713558e-07,2.65550438193113e-07,6.83971974287977e-08,7.49730552152875e-08,4.32023394584158e-08,1.06256754703503e-07,5.65616279695427e-08,7.40485671518486e-08,6.20611690525007e-08,3.73471906186311e-08,2.06184377516079e-08,4.9895303010962e-08,3.61581323062314e-08,4.56304330331737e-08,3.4407235167467e-08,1.84030649937686e-08,2.60123787183916e-08,3.277581099124e-08,2.23117399077193e-08,3.0482994232507e-08,1.63833665380187e-08,2.33157998645311e-08,1.56036310066825e-08,2.16861632938876e-08,2.50397300455884e-08,2.55987432740672e-08,2.11259520398228e-08,1.52196227568427e-08,1.60902549918823e-08,2.37959404956255e-08,2.06066818967401e-08,2.72278792373895e-08,1.41485242939074e-08,1.46697214630298e-08,1.85734731430623e-08,1.9127389475299e-08,1.99320947622898e-08,2.52533835572684e-08
2.83865611261489e-08,6.19993336782835e-08,1.39725403948621e-07,4.83796057234165e-08,1.13931770496692e-07,9.17202922751173e-08,7.23258506074769e-08,1.56089271405625e-07,6.15346388263721e-08,1.29705115763299e-07,1.14649726356221e-07,9.60244957779303e-08,1.81416306682151e-07,7.14166006103761e-08,4.33635852599067e-08,1.32379152195281e-07,6.81651331426962e-08,1.19333249386866e-07,5.83262742730017e-08,3.44412679854099e-08,4.02101545611912e-08,5.56438329196076e-08,3.70984966157562e-08,5.31339372114132e-08,2.79443747706777e-08,3.52434276570665e-08,2.110314409994e-08,3.04967862087479e-08,3.54204913900115e-08,3.06290821402174e-08,3.28353462776579e-08,1.93650241252765e-08,1.65058480561469e-08,3.24464852355856e-08,2.1467602582316e-08,3.5142277187063e-08,1.77362244343769e-08,1.56089499606788e-08,1.69892862150239e-08,1.95852318419852e-08,1.93210085602888e-08,2.41720845798165e-08,1.36163917834913e-08,1.42214087928441e-08,1.28580273686128e-08,1.73060556328893e-08,1.79866902486253e-08,2.19725167564097e-08,2.04597699149359e-08,4.01914220102269e-08,1.00121052053274e-07,3.29598203373713e-08,8.01683004431511e-08,6.50727802626631e-08,4.66901549994635e-08,1.10513320965302e-07,4.03526485800553e-08,9.07265380349082e-08,8.35467705955021e-08,6.70499263229794e-08,1.28222988885324e-07,4.88227765398221e-08,2.84718418333366e-08,9.65868419313269e-08,4.4870163991603e-08,8.61507235982623e-08,3.96589158911034e-08,2.40310696442474e-08,2.14780958278238e-08,3.63684603883751e-08,2.64874108823677e-08,3.60269474974447e-08,2.15017204206652e-08,2.06545581217426e-08,1.13338452965876e-08,2.4126196900607e-08,2.30756600379876e-08,2.22180741302428e-08,1.91670358750286e-08,1.09375150735983e-08,9.94336758711772e-09,2.10692732603432e-08,1.23761434017637e-08,2.06891268449841e-08,9.77513566909676e-09,1.00661871435598e-08,1.48935110923591e-08,1.15986070349744e-08,1.40263614215645e-08,1.59187438587595e-08,9.14950432060361e-09,1.19226134547019e-08,1.05402644925453e-08,1.22187381291646e-08,1.52172629157459e-08,1.62840230394979e-08
3.05224074164113e-08,3.14879098959008e-08,5.63606041601608e-08,2.85391845224554e-08,5.6924314808972e-08,4.8371861621522e-08,3.61100977259487e-08,6.15166553274114e-08,1.55196914741045e-07,6.19543969237088e-08,1.18168889947444e-07,1.10737859117769e-07,7.14166006103761e-08,1.71840819423804e-07,7.91014626163493e-08,1.30840042440715e-07,1.39763982493281e-07,1.04779573429386e-07,1.39603761231993e-07,6.34243420939299e-08,3.34119762933027e-08,1.12860354011058e-07,5.6695615542997e-08,1.00483954450123e-07,5.30346559215122e-08,2.67803408859773e-08,2.70078163061895e-08,4.76689409156007e-08,2.79127477841185e-08,4.6053318576728e-08,2.37082460261675e-08,2.40704896710764e-08,1.47232236027344e-08,2.4136132991627e-08,2.36712131507615e-08,2.52853997739644e-08,2.19601383820861e-08,1.37482694812521e-08,1.36781020044348e-08,2.20650487920384e-08,1.86558504796944e-08,2.58482212861874e-08,1.29582044540421e-08,1.25862056788382e-08,1.30724333924392e-08,1.76899475163583e-08,1.61627110381176e-08,2.15992067957207e-08,1.97846312643823e-08,1.57576169160049e-08,4.0557064405951e-08,1.7473931254861e-08,3.67038505659479e-08,3.48667817866495e-08,2.190913736338e-08,4.20102180003524e-08,9.89313918344878e-08,4.01180288349335e-08,7.65255317488982e-08,7.41465913390293e-08,4.61566071507506e-08,1.10380125281089e-07,5.51133191626354e-08,8.43424354126998e-08,8.58248569337028e-08,6.38378558721088e-08,9.13029975705038e-08,4.63150823966778e-08,1.68185836137769e-08,7.23798023481975e-08,3.90203500138046e-08,6.28713420529584e-08,4.15116336579944e-08,1.53107544481945e-08,1.83603784784237e-08,3.54002815080853e-08,1.82089570230081e-08,3.09339497743627e-08,1.41703753111727e-08,1.61659285211611e-08,1.03991910968425e-08,1.71438096019051e-08,1.74193528666436e-08,1.75675006305303e-08,1.42823329280795e-08,9.77665760154687e-09,1.2550838363407e-08,1.57156349883158e-08,1.49216375046172e-08,1.77347859160006e-08,9.1748853820349e-09,1.09539210533715e-08,1.07130635822606e-08,1.33338500197002e-08,1.21867260949738e-08,1.65612270875269e-08
2.00289633816011e-08,4.53351305076172e-08,3.64352772232557e-08,3.8378009658054e-08,4.23766406852683e-08,3.36753250514061e-08,5.25580534680501e-08,3.91938436081009e-08,7.42089070216425e-08,4.64959494052957e-08,6.66779543393236e-08,6.72249444474816e-08,4.33635852599067e-08,7.91014626163493e-08,2.0988000768025e-07,7.26448380767432e-08,1.5721257723697e-07,1.39831955991606e-07,6.34459822094659e-08,1.66222043301696e-07,6.98652260172162e-08,1.2239060392058e-07,1.29540209986e-07,9.39229160642685e-08,1.37292785945594e-07,5.6554288464944e-08,2.98020707459237e-08,1.06294014852e-07,4.86465541991438e-08,9.22171418806628e-08,4.88768243555905e-08,2.60890923683872e-08,3.01823932607292e-08,4.22728902467686e-08,2.88213379175859e-08,4.54598045096471e-08,2.23940838461703e-08,2.70482503628955e-08,1.72030940606875e-08,2.49847225686347e-08,2.75336803125539e-08,2.48755655290369e-08,2.33428427785776e-08,1.52874319979523e-08,1.49424526421598e-08,2.39267146566268e-08,1.97065095676483e-08,2.67770503279885e-08,1.34746686918677e-08,3.05182775452305e-08,2.63485046657498e-08,2.53460188186397e-08,2.81244293916317e-08,2.32666868927786e-08,3.82489130171013e-08,2.79630343215692e-08,5.07515393400104e-08,3.10523984440793e-08,4.0281852073136e-08,4.35431574079701e-08,3.1595911303005e-08,5.27853253381415e-08,1.20940239314168e-07,4.44126037192921e-08,9.70963232254561e-08,7.59919414373199e-08,4.49626245463903e-08,1.05100801123492e-07,4.31985788716499e-08,8.12774388824365e-08,8.35781305616083e-08,6.12537491570585e-08,9.12493965632834e-08,3.73961947639064e-08,1.98709064919186e-08,7.29886174402732e-08,3.21620811166328e-08,6.37158767728327e-08,3.45115426915317e-08,1.89358522932611e-08,1.72206840671188e-08,3.02814447296019e-08,2.12543860854269e-08,3.23072319055504e-08,1.63645894377153e-08,1.49646390446928e-08,1.30567250312181e-08,1.78506021373121e-08,1.40857168504385e-08,1.69242318420605e-08,1.34344562669909e-08,1.15063035673249e-08,1.36001274972426e-08,1.48405010811351e-08,1.54505837882984e-08,1.73472069493751e-08
3.18747165015803e-08,5.42681480463673e-08,1.04090453636569e-07,4.42504545797306e-08,8.48759241934052e-08,6.91291786012786e-08,6.31210430271678e-08,1.14635741878947e-07,1.18180226950525e-07,9.58527491490384e-08,1.89901933564217e-07,1.59809586277651e-07,1.32379152195281e-07,1.30840042440715e-07,7.26448380767432e-08,2.14790435665617e-07,1.06342277386295e-07,1.708460254684e-07,1.04506716554004e-07,5.66636435384937e-08,3.44039342947621e-08,8.553821105312e-08,5.44867710114016e-08,7.75884661737106e-08,4.73100294494215e-08,2.75749398106987e-08,3.07409018387561e-08,4.599765579582e-08,3.1227817268198e-08,4.73907335956627e-08,2.36995579659458e-08,2.75884321261726e-08,1.79496625285771e-08,2.65941916082933e-08,2.92513585974504e-08,2.8724366592589e-08,2.50275060886617e-08,1.66680745094787e-08,1.56042860829938e-08,2.70695666366356e-08,2.08453905135523e-08,3.19162181050651e-08,1.49663969955138e-08,1.42167626199955e-08,1.49206412309825e-08,1.88047031412472e-08,1.85787160503769e-08,2.2301010344058e-08,2.48647524270659e-08,3.20216059750473e-08,7.40145931128428e-08,3.17879382305363e-08,5.76910432056779e-08,5.26782068157148e-08,3.81546610870517e-08,7.82032528517718e-08,7.66828842207676e-08,6.36150783009329e-08,1.28687540879338e-07,1.07469187091657e-07,9.02885137421255e-08,8.82986019631045e-08,4.28281222950291e-08,1.49832435556016e-07,6.59668960658585e-08,1.15350675632654e-07,7.19688098253936e-08,3.72567820370207e-08,1.70253167959353e-08,5.55521940492959e-08,3.88162191611492e-08,5.13187216345768e-08,3.27582478278553e-08,1.44025304334161e-08,1.9996323188332e-08,3.41667212392779e-08,1.90655557337476e-08,3.27527424792523e-08,1.31238043047595e-08,1.82692420834526e-08,1.14085197122352e-08,1.74909843406484e-08,2.02928590259418e-08,1.869085167193e-08,1.6337384679782e-08,1.12132054945476e-08,1.4633054146326e-08,1.90749932599287e-08,1.50872538187154e-08,2.18338334403388e-08,1.0378584660894e-08,1.31220559663439e-08,1.29894324843367e-08,1.31699366839423e-08,1.48995179284771e-08,1.67423092990162e-08
3.27761027454016e-08,3.63461858082909e-08,5.48318219314238e-08,2.97522932749705e-08,5.81860091178503e-08,4.82323119406947e-08,4.13553657819588e-08,5.95502982859303e-08,1.25607898309673e-07,6.39758252318587e-08,9.53751818986784e-08,9.06547950700729e-08,6.81651331426962e-08,1.39763982493281e-07,1.5721257723697e-07,1.06342277386295e-07,2.48826659109963e-07,1.96436016525604e-07,1.12884011581133e-07,1.22388386645455e-07,6.36582301331209e-08,1.97757620722325e-07,9.33472683805543e-08,1.53730029189729e-07,1.00241590574698e-07,5.05504023017362e-08,3.10785400742287e-08,7.53782762691171e-08,4.64224784973241e-08,6.64401696620882e-08,4.23141694572528e-08,2.70700738014021e-08,3.07302967793876e-08,3.94312184781057e-08,2.94733674754167e-08,4.16167256980463e-08,2.33338799413285e-08,2.79249121275128e-08,1.6629841116656e-08,2.5314781724876e-08,3.13859839981881e-08,2.86475598342926e-08,2.49306784105906e-08,1.53552755975269e-08,1.41721330614285e-08,2.81414459639213e-08,1.90698417939805e-08,3.05047778110704e-08,2.29075289736215e-08,1.98064560979452e-08,4.05428407537799e-08,1.96944270472655e-08,3.43752527381739e-08,3.26956455725382e-08,2.32988861316282e-08,4.16027829340768e-08,8.08662939046852e-08,4.02954675017978e-08,6.08272906802113e-08,5.5361686818956e-08,4.55672288231923e-08,9.14852378033612e-08,9.38541204548878e-08,7.01218970016893e-08,1.54208908824153e-07,1.15621117315628e-07,7.63663258079708e-08,8.03627954022696e-08,3.97689044545373e-08,1.28394518200012e-07,6.25402603294862e-08,1.00230584967808e-07,6.80060390109426e-08,3.48722529125155e-08,2.25575331717216e-08,5.41106900162079e-08,3.30323326023723e-08,4.65313429310232e-08,3.08291717876604e-08,2.08288402094676e-08,1.76080807088525e-08,3.0464632899725e-08,2.23654090586468e-08,3.19645160461942e-08,1.80496526036348e-08,1.57296934219317e-08,1.34163757255144e-08,1.87478382930405e-08,1.68908803461116e-08,2.02424402504976e-08,1.48915653839065e-08,1.29400965011434e-08,1.2728282182406e-08,1.92486728780741e-08,1.7117810005382e-08,1.93808982112259e-08
2.97604941211919e-08,5.4387720699047e-08,9.39168404987671e-08,4.25560483545657e-08,8.02274951017245e-08,6.45616214439191e-08,6.13357829647798e-08,1.01753690668493e-07,9.46496789500498e-08,8.81039142313537e-08,1.49469504760724e-07,1.2593736146373e-07,1.19333249386866e-07,1.04779573429386e-07,1.39831955991606e-07,1.708460254684e-07,1.96436016525604e-07,2.81004003737605e-07,8.4046339330439e-08,1.08701855886159e-07,6.33252622160377e-08,1.55207001852826e-07,8.66358963770669e-08,1.21131971119267e-07,8.85268280959759e-08,5.02782220961286e-08,3.33343846155291e-08,7.00059791161032e-08,4.8374239162821e-08,6.49731158489774e-08,4.16102100615948e-08,2.86090931037835e-08,3.30214772956493e-08,4.04783671275257e-08,3.13816986639593e-08,4.26673160461387e-08,2.49886322550265e-08,3.00457876551426e-08,1.74399686163612e-08,2.77153432240839e-08,3.20110153366417e-08,2.95544304875061e-08,2.6418559929761e-08,1.60257030865002e-08,1.49819784713165e-08,2.82703145633584e-08,2.01483670174292e-08,3.03056618165589e-08,2.27311384309482e-08,3.20083390517791e-08,7.04083993389787e-08,3.091499593574e-08,5.20687756545397e-08,4.77787713702402e-08,3.72689583374983e-08,7.39203095398879e-08,6.23409763228878e-08,5.70131789258092e-08,1.012977713643e-07,8.04055886009114e-08,8.83642554621107e-08,7.23044401506626e-08,8.0101556990862e-08,1.23169596880134e-07,1.22543564510581e-07,1.84364134006646e-07,6.05683560760325e-08,6.95574648663521e-08,3.84909466540703e-08,1.01199762812912e-07,6.13490623157529e-08,8.17351024087257e-08,5.77392108065032e-08,3.26448354221505e-08,2.12921269254454e-08,5.1958606503868e-08,3.24853311663447e-08,4.57726909526525e-08,2.96693980220739e-08,2.10955590972863e-08,1.88540168308303e-08,3.0193411752678e-08,2.28061457658574e-08,3.00720411281154e-08,1.88747062079424e-08,1.73560423388619e-08,1.34307066333217e-08,1.98488631176705e-08,1.63205980748928e-08,1.93442532959179e-08,1.62934660664219e-08,1.28561716434986e-08,1.37858826970489e-08,1.82884750257016e-08,1.81108677058036e-08,2.00820870601295e-08
2.70348349657604e-08,2.59223262440656e-08,4.74431171021347e-08,2.38727449773213e-08,4.77309640449201e-08,4.00612156189868e-08,3.02042746306231e-08,5.18064803063094e-08,1.26946334114784e-07,5.19025644292213e-08,9.54971550680273e-08,8.88263761207073e-08,5.83262742730017e-08,1.39603761231993e-07,6.34459822094659e-08,1.04506716554004e-07,1.12884011581133e-07,8.4046339330439e-08,1.66401152767394e-07,7.38854155086277e-08,3.8533732612729e-08,1.33272587634528e-07,6.4031219328605e-08,1.17329910750701e-07,6.26845428283764e-08,3.16095691846949e-08,3.1764548264715e-08,5.430707252289e-08,3.45501670433832e-08,5.61281569300553e-08,2.77019463124366e-08,2.78542060583705e-08,1.67906528618434e-08,2.97205378241617e-08,2.8113580066686e-08,3.06855149050664e-08,2.55593285104398e-08,1.57909127068376e-08,1.46758190648466e-08,2.62779795432241e-08,1.98438308176527e-08,2.93592954758015e-08,1.44587274127022e-08,1.31395539984815e-08,1.40596754151862e-08,1.84031517230453e-08,1.69471431341928e-08,2.2378463318692e-08,1.86019576387414e-08,1.50117478789337e-08,3.55334326210692e-08,1.72095174742732e-08,3.03784269580121e-08,2.7739386052617e-08,2.04204500493328e-08,3.67553192248583e-08,8.40660328533873e-08,3.31158006419044e-08,6.44185194176389e-08,5.93049437011695e-08,3.8074102502206e-08,9.12970603982455e-08,4.63028691527369e-08,6.78145523918649e-08,7.23790565794443e-08,5.28075859491421e-08,1.16617703477149e-07,5.4659219999809e-08,2.03815373102479e-08,8.67496681230948e-08,4.51213334805586e-08,7.59796696240839e-08,4.91165502240426e-08,1.82358116235415e-08,2.21025088520688e-08,4.0880552431702e-08,2.16689607813502e-08,3.85002587261247e-08,1.671269827755e-08,1.88692619887625e-08,1.26391199852827e-08,2.05204046861579e-08,2.12099466573195e-08,2.09060859524857e-08,1.65118506316886e-08,1.20158237102534e-08,1.30126185708145e-08,1.87529187037572e-08,1.6037342153382e-08,2.0491903440915e-08,1.09334702840137e-08,1.10795805412943e-08,1.19379748000403e-08,1.41252379887588e-08,1.33609872760892e-08,1.7835045805893e-08
