5.0900315414667e-08,2.56466475488824e-08,1.18603989794095e-08,4.09598046618257e-08,2.39146189572836e-08,3.75279591727152e-08,2.19614648679887e-08,1.02659543393103e-08,1.09314676342833e-08,2.0122805809045e-08,1.15435276213128e-08,2.01175438580463e-08,9.32689138433236e-09,9.70790204003758e-09,7.26545797355308e-09,1.04445008280649e-08,1.10191917000601e-08,1.10258169935033e-08,8.5112417979559e-09,6.5264576268124e-09,4.95287091008974e-09,9.9555449085525e-09,6.36534244581948e-09,9.62572501780257e-09,6.07117857373558e-09,4.28510423642349e-09,4.12259442887754e-09,5.77440014123043e-09,5.00724967365796e-09,6.5397267392903e-09,4.01671782946172e-09,3.87901700284642e-09,3.7454233713573e-09,4.67929337481774e-09,4.7819082065554e-09,5.87065823852629e-09,3.0649699139658e-09,3.18512162923748e-09,3.41370029505447e-09,3.77328924078287e-09,4.24305867167092e-09,4.51718388165092e-09,2.93760781688571e-09,2.99016254039232e-09,2.32056958342571e-09,3.69027409535059e-09,3.10489774041280e-09,3.92373032721105e-09,3.88068412613693e-08,1.90088403067586e-08,8.66244200010043e-09,3.35304308703153e-08,1.63162859873363e-08,2.97036346509953e-08,1.61288466087605e-08,7.58134360887658e-09,7.68191669483315e-09,1.37114685207772e-08,9.52048110841938e-09,1.51168804048526e-08,6.94963964930726e-09,6.7035869754819e-09,4.64006836229662e-09,8.67389340208399e-09,7.53743781099532e-09,8.51686863271654e-09,5.62002668363571e-09,4.07939558693459e-09,3.01662352774154e-09,6.63442426107222e-09,3.91580689954399e-09,6.06232745610339e-09,3.8074324317244e-09,2.71174051914652e-09,3.00958137512517e-09,3.68793976253145e-09,3.70348771709238e-09,4.88505646968596e-09,2.52366549464398e-09,2.85492185387493e-09,2.53648217822756e-09,3.55082716247315e-09,3.17651717037197e-09,4.1240124975952e-09,2.20333690140252e-09,1.92830951455488e-09,2.3152715843777e-09,2.43613900184236e-09,2.6279303738845e-09,2.88241337941092e-09,1.77161750695326e-09,1.96544990254582e-09,1.37601955290647e-09,2.3849416963093e-09,1.84860415655097e-09,2.48186096412612e-09
2.56466475488824e-08,9.9904275992203e-08,3.13561688504429e-08,4.87658640996901e-08,8.62857454081986e-08,3.95809534644203e-08,8.87527913387723e-08,2.74435775480591e-08,1.49595454834197e-08,7.57822516564784e-08,2.62096577405983e-08,7.03806471766447e-08,2.45975542607529e-08,1.32721334851915e-08,1.4705961759175e-08,2.32404670972892e-08,1.45087117315246e-08,2.30636758880326e-08,1.18894364255724e-08,1.32547331589376e-08,7.82467310464791e-09,1.3032734577429e-08,1.32982145344574e-08,1.27115935990839e-08,1.23188476750004e-08,7.35028482039445e-09,6.75110222418667e-09,1.23737877041257e-08,8.80582125340164e-09,1.3584141545915e-08,6.9914559965126e-09,6.36923122413604e-09,6.32627802611932e-09,8.31091489883942e-09,7.32919723263128e-09,9.18795133282889e-09,5.33291293952255e-09,5.43290397769292e-09,5.30023643541581e-09,6.01281625393421e-09,6.59208448938495e-09,6.81720800870296e-09,4.93527447421269e-09,4.92620510828221e-09,4.11448188821532e-09,6.17714597630133e-09,5.12290121814894e-09,6.05951957596343e-09,1.89582100194409e-08,5.83002391427376e-08,2.39603203717622e-08,3.58278059885172e-08,5.06144193159632e-08,3.08358536634395e-08,5.16978078865532e-08,2.17085818907947e-08,1.11489760415048e-08,4.62706357474978e-08,2.10009927961707e-08,4.15397597535918e-08,1.94418110360479e-08,9.84311652098777e-09,7.96485461956217e-09,1.87280721132517e-08,1.07157106440042e-08,1.80768848763303e-08,8.96668353074538e-09,7.12112955020103e-09,5.1190337468226e-09,9.73309282267319e-09,8.13210738192965e-09,1.00949317084246e-08,6.7166370299215e-09,4.82582403462952e-09,4.70327718618731e-09,7.66890780945056e-09,5.73679706194557e-09,8.79426582760686e-09,4.584575574277e-09,4.36385035093917e-09,4.29695701013929e-09,5.33510498725693e-09,5.03942059202425e-09,6.20074911060895e-09,3.70456802756047e-09,3.36722213685692e-09,3.51672844612255e-09,4.02319019173497e-09,3.69991073464286e-09,4.42465714176355e-09,2.99695846304e-09,3.13615060303904e-09,2.61361239953404e-09,3.3693468984198e-09,3.35826133927411e-09,3.57121542322551e-09
1.18603989794095e-08,3.13561688504429e-08,6.29055142967007e-08,2.46862288295584e-08,5.43790137153367e-08,4.51602754237262e-08,2.74571265590093e-08,5.41018827721685e-08,2.47438657787857e-08,4.68892016084452e-08,4.46084172267921e-08,3.86843762365517e-08,4.87102515731459e-08,2.19597853161665e-08,1.2141650124165e-08,3.99475774561448e-08,2.05698956625352e-08,3.66973809995065e-08,1.92151759114222e-08,1.04810904169449e-08,8.93741344008463e-09,1.81194070681404e-08,1.03606695792203e-08,1.72087566748177e-08,9.46565019188789e-09,8.29129828142967e-09,6.22871356410716e-09,9.40042130086221e-09,9.78138614663507e-09,9.73714556637125e-09,7.88879193445231e-09,5.865061417016e-09,5.64333483095028e-09,9.25726686426501e-09,6.87470589666356e-09,1.04290344543051e-08,5.16176624905188e-09,5.02109915530944e-09,4.46195591398716e-09,6.1014522020782e-09,5.70097106280668e-09,6.28758347732135e-09,4.88744554062942e-09,4.26066156030232e-09,3.5256822787121e-09,5.72993079413066e-09,4.60598580358992e-09,6.04897182818857e-09,7.73029497322316e-09,2.14798848644511e-08,4.4505577853772e-08,1.75488736904202e-08,3.6945813098502e-08,3.20931544680738e-08,1.87855699745406e-08,3.85920645674201e-08,1.97609517538074e-08,3.19640442319832e-08,3.47134257177153e-08,2.83413435659077e-08,3.47789636353289e-08,1.77668887068744e-08,8.12574390188046e-09,3.11523161428566e-08,1.61375002668703e-08,2.83598238390549e-08,1.5732547761176e-08,7.0361076990484e-09,4.6679898395694e-09,1.44105056259818e-08,7.6563593018271e-09,1.45075443940369e-08,6.24740252706448e-09,4.23173049585716e-09,3.84163670895933e-09,6.81467542382306e-09,5.72088178578543e-09,6.56475644218549e-09,4.07418253654382e-09,3.6432147042419e-09,3.98604992109313e-09,5.35602155233909e-09,4.49327249866349e-09,6.25557506887711e-09,3.1447540441334e-09,3.24389495215315e-09,3.06224341026846e-09,3.65592515083178e-09,3.37179800148702e-09,3.38845715818934e-09,2.97614471736506e-09,2.83362981995165e-09,2.81621122205119e-09,3.21730461765892e-09,3.8494240658499e-09,4.11898687607163e-09
4.09598046618257e-08,4.87658640996901e-08,2.46862288295584e-08,6.93731387839811e-08,3.87396663787759e-08,5.60076053383116e-08,4.25726763674595e-08,2.08884848690834e-08,1.28989673836118e-08,3.33897678425223e-08,2.03964377296308e-08,3.15543903800487e-08,1.87989821772937e-08,1.15080150594355e-08,1.27170620546593e-08,1.83602382089253e-08,1.21202574782451e-08,1.81430044830605e-08,1.05476605689999e-08,1.12708323628744e-08,6.20626775957875e-09,1.10635431096799e-08,1.1010588665816e-08,1.06190894290055e-08,1.03522427713009e-08,5.74187747490843e-09,5.41137482967161e-09,1.01900179000925e-08,6.77984309595977e-09,1.15379433476024e-08,5.4553755142554e-09,5.12480513912418e-09,5.18518564900008e-09,6.34211990614121e-09,6.43320676819498e-09,7.88589780607239e-09,4.32196791331924e-09,4.5647501196196e-09,4.6839523924394e-09,5.37140622236884e-09,5.79358547342488e-09,6.29890603709084e-09,4.03869228514825e-09,4.22556133130474e-09,3.46529133635153e-09,5.17852449127634e-09,4.3667758538788e-09,5.39550035889292e-09,3.16300892832155e-08,3.51448913718379e-08,1.84816123214332e-08,5.26224979477929e-08,2.89430917004352e-08,4.44176692962525e-08,3.02366547536091e-08,1.59308098358884e-08,9.38642601005716e-09,2.51982457304039e-08,1.61372350214098e-08,2.44214562602672e-08,1.45044608926438e-08,8.39641690597375e-09,6.62123238672468e-09,1.46334793992411e-08,9.12988723952086e-09,1.43182022155596e-08,7.91004907192297e-09,5.8594054767786e-09,3.94631037838365e-09,8.49525270236961e-09,6.14824105722089e-09,8.39287875522173e-09,5.4432546282507e-09,3.68221782665161e-09,3.83317572857968e-09,5.8378689864259e-09,4.39102615694734e-09,7.03817160908608e-09,3.51418585098442e-09,3.59492410153062e-09,3.38310711918455e-09,4.13786529462403e-09,4.19747564182068e-09,5.28965885362149e-09,2.97507137548005e-09,2.82934041693763e-09,3.1622701257602e-09,3.44262256690478e-09,3.49172414658968e-09,3.91847721622178e-09,2.31481489274024e-09,2.72639825462859e-09,2.35683518044933e-09,3.08518631482587e-09,2.58989838815626e-09,3.14920704756045e-09
2.39146189572836e-08,8.62857454081986e-08,5.43790137153367e-08,3.87396663787759e-08,1.25931141250629e-07,6.39606356229926e-08,7.57910959358571e-08,4.68769489376409e-08,2.49335602528663e-08,1.08235395549984e-07,3.90160254615462e-08,9.32287518419437e-08,4.2429888743862e-08,2.23341563400797e-08,1.45392251941728e-08,3.4828567685107e-08,2.16797843788722e-08,3.23410279956787e-08,1.96246204321943e-08,1.28236835964719e-08,1.20781865441628e-08,1.92119884187547e-08,1.24044520076486e-08,1.84437801707127e-08,1.15377216848299e-08,1.1219229122614e-08,8.1089729603987e-09,1.11891665103026e-08,1.28871138596975e-08,1.21142503205523e-08,1.06947107366317e-08,7.65984071585825e-09,7.68178312255941e-09,1.22465239618315e-08,8.90302093988694e-09,1.36591002201889e-08,6.60058829719475e-09,6.58570873384136e-09,6.33920720632885e-09,7.42642723509959e-09,7.75376752964886e-09,8.31314830544814e-09,6.31565717280334e-09,5.86174359276951e-09,4.5421879686058e-09,7.64309961788276e-09,5.82717074246039e-09,7.28719887295558e-09,1.68600566294334e-08,4.92464641711394e-08,3.94085774071586e-08,2.91579512093928e-08,7.17382825919773e-08,4.68641933765546e-08,4.34094464061267e-08,3.52366931317166e-08,1.96266887349781e-08,6.4681566028315e-08,3.11122640296847e-08,5.53474955997925e-08,3.19018061286716e-08,1.78349455091849e-08,8.91603007651128e-09,2.8007563156812e-08,1.67390116241871e-08,2.5346682175487e-08,1.58518622628653e-08,7.76121539546443e-09,7.31373464269759e-09,1.50448241500069e-08,8.67559010821086e-09,1.56445829203047e-08,6.88969788507473e-09,6.71378193761819e-09,5.3698812097139e-09,7.67998878667012e-09,8.50945739561725e-09,7.94411768227345e-09,6.46166175918935e-09,5.04731622887427e-09,5.10611080371216e-09,8.04226092958231e-09,5.87370746390511e-09,9.01530408972431e-09,4.4710775046674e-09,3.86743731148047e-09,4.30820106316063e-09,4.51133997586207e-09,4.25224874866139e-09,4.89459967115624e-09,3.77637289322649e-09,4.11755593556953e-09,2.99306409043811e-09,4.21078052609216e-09,4.5196425114206e-09,4.55790743668778e-09
3.75279591727152e-08,3.95809534644203e-08,4.51602754237262e-08,5.60076053383116e-08,6.39606356229926e-08,8.43905594990501e-08,3.3994008307529e-08,3.8017461804654e-08,2.11314577788895e-08,5.40145870286325e-08,3.14039406220899e-08,4.56067227061384e-08,3.43855375034332e-08,1.89604540766464e-08,1.17506696784988e-08,2.83163948306648e-08,1.81220495833369e-08,2.62729920203729e-08,1.68696878997681e-08,1.02249077824331e-08,1.02854664728863e-08,1.61239150065135e-08,1.0159773082135e-08,1.56035846138191e-08,9.2475193916743e-09,9.37090225151523e-09,6.67656187003837e-09,9.20143559605635e-09,1.05723373782429e-08,9.81336964278879e-09,8.92289072918473e-09,6.24290120024884e-09,6.29169851535835e-09,9.97132037201965e-09,7.87818851156418e-09,1.20053547542273e-08,5.61894604337558e-09,5.63852459238002e-09,5.76157790955585e-09,6.94438800191281e-09,7.08442836889665e-09,7.9189509555523e-09,5.38128047736519e-09,5.2546548974488e-09,4.06797432857304e-09,6.64920330158531e-09,5.4938587005016e-09,6.89538745851029e-09,2.83541066070257e-08,2.86129216014634e-08,3.26855400040115e-08,4.3457138513628e-08,4.48390559350203e-08,6.34921871755258e-08,2.44224557365138e-08,2.80861991426148e-08,1.6327587792031e-08,3.89318713257144e-08,2.48994282103432e-08,3.44762774402867e-08,2.55514788922146e-08,1.49556148887381e-08,7.10506820162615e-09,2.25859428547171e-08,1.40734260226563e-08,2.05287437137484e-08,1.35140834223393e-08,5.98113847161483e-09,5.87047870421958e-09,1.26830056469225e-08,6.69261707711288e-09,1.29711496097726e-08,5.36210395101176e-09,5.3702280309909e-09,4.4995338252212e-09,6.09046931137761e-09,6.53870439807983e-09,6.2215456248019e-09,5.16499461977385e-09,4.18774746760957e-09,4.20550989811409e-09,6.19950149400518e-09,5.03774956272896e-09,7.52321333226235e-09,3.68240174057118e-09,3.46618859891297e-09,4.19953085421203e-09,4.16950440102769e-09,4.54248887513477e-09,4.80448095396809e-09,3.15093597840736e-09,3.95384681607649e-09,2.82074264102876e-09,4.21473864264856e-09,4.254274922639e-09,4.50185316822842e-09
2.19614648679887e-08,8.87527913387723e-08,2.74571265590093e-08,4.25726763674595e-08,7.57910959358571e-08,3.3994008307529e-08,1.09937327264631e-07,3.2219989325769e-08,1.7105933206943e-08,9.67348019079217e-08,3.11293173217761e-08,9.16409076325107e-08,2.90785817974205e-08,1.53124888535534e-08,1.62848069580402e-08,2.79047799625381e-08,1.71015257146699e-08,2.8011987202583e-08,1.34490654175722e-08,1.44297015931718e-08,9.10562439027003e-09,1.48448990843294e-08,1.48082407941155e-08,1.45422539557285e-08,1.3285464613128e-08,8.3763104484272e-09,7.53863975919367e-09,1.36906016301069e-08,9.66961648816557e-09,1.5037379938673e-08,7.97048437183759e-09,7.10913000537707e-09,7.38118618025508e-09,9.08402183553901e-09,8.11909472862531e-09,1.00163855203736e-08,6.05192228039253e-09,6.36891820298279e-09,5.88536023483499e-09,6.74727272673598e-09,7.86522743831669e-09,7.91828342648137e-09,5.65929788747408e-09,5.30860680967628e-09,4.58319582273188e-09,7.04652068753824e-09,5.44915607974679e-09,6.78871243934284e-09,1.6411066919787e-08,5.16987369422206e-08,2.17144653017576e-08,3.11089768675429e-08,4.62697016379105e-08,2.74616136048466e-08,6.61167558791856e-08,2.57869812588319e-08,1.23296606498477e-08,6.14654494492549e-08,2.55602687728345e-08,5.77369235577536e-08,2.33062238358169e-08,1.09622450507036e-08,8.53663181016018e-09,2.30743359079469e-08,1.24794815263955e-08,2.26677183937614e-08,9.67703149834397e-09,7.76126413687775e-09,5.7936443844978e-09,1.10609947093769e-08,8.60965806796672e-09,1.05141093139311e-08,7.16106489110209e-09,5.38475904991108e-09,5.41616440844713e-09,8.0640750297906e-09,6.6609246107282e-09,9.46481917816621e-09,5.11273053396746e-09,5.05359080733097e-09,5.40403444964776e-09,6.22306495441116e-09,5.66912495303452e-09,6.80620075641486e-09,4.34875325847752e-09,4.54106818956042e-09,3.81264621011482e-09,4.66715638382116e-09,5.0459233055297e-09,5.31462834341591e-09,4.07405270840367e-09,3.20691508698848e-09,2.84514614993541e-09,4.4150652374493e-09,3.39028192242897e-09,4.57688743086827e-09
1.02659543393103e-08,2.74435775480591e-08,5.41018827721685e-08,2.08884848690834e-08,4.68769489376409e-08,3.8017461804654e-08,3.2219989325769e-08,6.15421503014506e-08,2.75742013803526e-08,5.50958689944447e-08,5.05479109435581e-08,4.54025994681819e-08,5.53262849104841e-08,2.42817756202876e-08,1.32318967485282e-08,4.52905300984298e-08,2.28739006033446e-08,4.17499345605437e-08,2.12836624575736e-08,1.13710136073802e-08,1.01263650001649e-08,2.01345199039665e-08,1.13792655777256e-08,1.90037841847881e-08,1.02375630952966e-08,9.3529762757353e-09,6.82660114253868e-09,1.0268765316973e-08,1.07163621531287e-08,1.06234875748131e-08,8.90642800143979e-09,6.44218358618494e-09,6.4572658050433e-09,1.01421431897533e-08,7.61821115454823e-09,1.15278177208776e-08,5.67706966372924e-09,5.77357647329828e-09,5.1363849898674e-09,6.78961152307386e-09,6.58013693394139e-09,7.12323672878808e-09,5.10057439311546e-09,4.55078416146559e-09,3.76619049688745e-09,5.75979366961838e-09,4.96352302923594e-09,6.20786391878309e-09,6.86095233667501e-09,1.87776167371395e-08,3.85892773112058e-08,1.49088905949335e-08,3.19524579961071e-08,2.72891534222023e-08,2.21082483142442e-08,4.42868979845112e-08,2.18299785675047e-08,3.82388400254342e-08,3.95078589065717e-08,3.43166156349426e-08,4.00241530840588e-08,1.95941733944401e-08,8.99739736066028e-09,3.55519282696133e-08,1.83572506572242e-08,3.30605852204326e-08,1.74574242047028e-08,7.76881268578358e-09,5.25868634812335e-09,1.65244501324073e-08,8.19703649922558e-09,1.58165813738412e-08,6.89359472968432e-09,4.76429121240427e-09,4.34867358172024e-09,7.33057996358747e-09,6.39757868262279e-09,7.39699733919576e-09,4.59929554240043e-09,4.14392459886956e-09,4.92904151803814e-09,6.0399233006756e-09,5.00055452482984e-09,6.85513926059751e-09,3.63764836931719e-09,4.21026405202264e-09,3.29953753993554e-09,4.19402641694575e-09,4.38170307834683e-09,4.04818311919784e-09,3.66075742637243e-09,2.80818521511441e-09,2.91477867495826e-09,3.74596751039734e-09,4.05472400905008e-09,4.7299598059864e-09
1.09314676342833e-08,1.49595454834197e-08,2.47438657787857e-08,1.28989673836118e-08,2.49335602528663e-08,2.11314577788895e-08,1.7105933206943e-08,2.75742013803526e-08,6.18576713291879e-08,2.89463533045459e-08,5.00969653500364e-08,4.84103795134971e-08,2.42870419184304e-08,5.4595160285147e-08,2.58836219927028e-08,4.43362589501467e-08,4.53498108791717e-08,3.7096715496245e-08,4.66496055148488e-08,2.1806089723442e-08,1.10958119698859e-08,3.87154651929693e-08,2.02179695958349e-08,3.53950367735747e-08,1.95861514873465e-08,9.92037685630254e-09,8.58862109972556e-09,1.80612631634363e-08,1.01992756684766e-08,1.69398559498455e-08,9.11076283136088e-09,7.92774716710536e-09,6.5201492195511e-09,9.44152544311309e-09,8.91669527836308e-09,1.03348353391631e-08,6.91124579561637e-09,5.57410284632283e-09,5.26642909265038e-09,7.70028868322567e-09,6.35489579813971e-09,8.30447787218846e-09,4.95056742502664e-09,4.67236246427593e-09,3.61342361276082e-09,5.70763497697912e-09,4.56030026515547e-09,5.65044897379765e-09,7.32578725566431e-09,9.23841470741049e-09,1.81044327902996e-08,9.04612833317726e-09,1.69099156273915e-08,1.65082096125385e-08,1.04006987909342e-08,2.00470404471116e-08,4.43409999695812e-08,2.02949181981467e-08,3.54521999659326e-08,3.40505602164778e-08,1.79887476328373e-08,3.97581578486179e-08,1.94592523539357e-08,3.14618552607317e-08,3.50484179120609e-08,2.79793503234613e-08,3.3891252007926e-08,1.65347011397789e-08,8.00991478633922e-09,3.01285405833045e-08,1.57564540476571e-08,2.71391067865672e-08,1.48984916060516e-08,7.17292363715191e-09,5.61149848725172e-09,1.40450976470731e-08,7.35608253523926e-09,1.33726273793164e-08,6.65218842014115e-09,5.1505931509094e-09,5.12685429422871e-09,6.90818792463786e-09,6.02927791393531e-09,7.6206028186703e-09,4.26400789238181e-09,4.17632275955518e-09,3.97595012965392e-09,4.91168634013188e-09,4.50400339517965e-09,5.12586901908938e-09,3.64859716625303e-09,3.50988811954409e-09,2.42686645593329e-09,4.10171679540519e-09,3.66979399677715e-09,4.232308871604e-09
2.0122805809045e-08,7.57822516564784e-08,4.68892016084452e-08,3.33897678425223e-08,1.08235395549984e-07,5.40145870286325e-08,9.67348019079217e-08,5.50958689944447e-08,2.89463533045459e-08,1.36330549071289e-07,4.6093751278964e-08,1.1998818683369e-07,4.99914813734034e-08,2.60046467753513e-08,1.65879438068365e-08,4.1448628746973e-08,2.55692955344073e-08,3.90114212090846e-08,2.28156035228198e-08,1.44514476879366e-08,1.3886922742845e-08,2.23104077153528e-08,1.4152010920361e-08,2.12225602630795e-08,1.29747657599108e-08,1.28278530819439e-08,9.07380806245394e-09,1.27415152485775e-08,1.43849562755385e-08,1.36656726680413e-08,1.22308334023441e-08,8.58830147221724e-09,8.91017674040566e-09,1.35890182101108e-08,9.98660126071409e-09,1.49753113523634e-08,7.52697518186446e-09,7.76883609885466e-09,7.23754057028777e-09,8.50345715359864e-09,9.21056701337117e-09,9.79265659657447e-09,6.88570410211625e-09,6.39982819739515e-09,4.97961132843434e-09,8.08616418821257e-09,6.41367236165998e-09,7.839138825006e-09,1.45993973504807e-08,4.34050950006615e-08,3.52401942156886e-08,2.53600871136986e-08,6.4673158237907e-08,4.1097953206943e-08,5.75788928153385e-08,4.16910745499842e-08,2.30335262497267e-08,8.43539235152227e-08,3.75168084366117e-08,7.56558898469868e-08,3.79272332238067e-08,2.10992262107917e-08,1.03034277830786e-08,3.40227165517414e-08,2.04625105587266e-08,3.18919147896316e-08,1.87290495546774e-08,8.96791948152816e-09,8.16806414839352e-09,1.81988627711614e-08,9.41100306381545e-09,1.73169373094976e-08,7.93345427418971e-09,7.47606025886633e-09,6.33360887854788e-09,8.34004933577884e-09,9.68052731092857e-09,9.33581827499202e-09,7.18992758381546e-09,5.98934656313989e-09,6.56885881956284e-09,9.12101816957937e-09,6.73329767433411e-09,9.64496831684709e-09,5.39629176603351e-09,5.37083014415321e-09,4.73135148501539e-09,5.40953910904958e-09,5.90995389231659e-09,6.12221676498259e-09,4.87846693838231e-09,4.25229917485153e-09,3.34432446763342e-09,5.22788318254615e-09,4.79168621779876e-09,5.60775016563943e-09
1.15435276213128e-08,2.62096577405983e-08,4.46084172267921e-08,2.03964377296308e-08,3.90160254615462e-08,3.14039406220899e-08,3.11293173217761e-08,5.05479109435581e-08,5.00969653500364e-08,4.6093751278964e-08,7.93599296474253e-08,7.07018073895882e-08,4.52933309726462e-08,4.43327204556605e-08,2.40127524630029e-08,7.0967184639754e-08,3.72161076872534e-08,6.06235003614584e-08,3.80067822543714e-08,2.00260902110059e-08,1.14208039925603e-08,3.17854048945432e-08,1.91961993422743e-08,2.90110051177919e-08,1.78893070228126e-08,1.02674787384078e-08,1.05008404318841e-08,1.71604096627077e-08,1.13241227617091e-08,1.69127155737909e-08,9.50430105102014e-09,9.7019005562554e-09,7.95389006458991e-09,1.04980120398502e-08,1.07703931895804e-08,1.14588935762682e-08,8.53482063801628e-09,6.91238823087089e-09,6.01543303165938e-09,9.46704150243316e-09,7.7730161132626e-09,1.00783362988714e-08,6.11599538331921e-09,5.29905096690442e-09,4.18112642996169e-09,6.9425598374464e-09,5.41898796397801e-09,7.07287250183169e-09,7.78835418866126e-09,1.80239274514156e-08,3.25698428298138e-08,1.51402285292536e-08,2.70055742327832e-08,2.3836082334738e-08,2.11641165854541e-08,3.72114362074407e-08,3.66046524366307e-08,3.29991901980818e-08,5.78179580264502e-08,5.08777518125004e-08,3.36730201286647e-08,3.26226996889815e-08,1.8186259150349e-08,5.20317014808489e-08,2.90077261585689e-08,4.63293015057161e-08,2.80974035502087e-08,1.52298512839783e-08,7.73605222243314e-09,2.49715722689649e-08,1.52307026275618e-08,2.27951832401733e-08,1.36191272567861e-08,6.91696021885409e-09,6.52635280780149e-09,1.35825763230124e-08,7.82696556757435e-09,1.30129944727113e-08,6.45239331534939e-09,6.10201502426189e-09,6.31990982556041e-09,7.31081748048284e-09,7.06328629468747e-09,8.44099202702443e-09,5.11306190636026e-09,5.27051088416128e-09,4.32307845090018e-09,5.77102306904304e-09,5.29634770720728e-09,5.78161259016136e-09,4.67879293291395e-09,3.70997395066796e-09,2.75975677993191e-09,4.73532199996479e-09,4.33226655729403e-09,5.40722990815639e-09
2.01175438580463e-08,7.03806471766447e-08,3.86843762365517e-08,3.15543903800487e-08,9.32287518419437e-08,4.56067227061384e-08,9.16409076325107e-08,4.54025994681819e-08,4.84103795134971e-08,1.1998818683369e-07,7.07018073895882e-08,1.5896563750926e-07,4.09064492339807e-08,4.32046690246397e-08,2.45459428390942e-08,6.32940559533208e-08,3.6630498254895e-08,5.4365780021782e-08,3.71162151328844e-08,2.07005240454088e-08,1.33711385071458e-08,3.11754045827787e-08,1.97675232138689e-08,2.88998522437162e-08,1.84266033917168e-08,1.20007141596823e-08,1.30377206488889e-08,1.75927710820651e-08,1.31829140303108e-08,1.8074569002746e-08,1.1241884064364e-08,1.22110899273671e-08,9.79148386492031e-09,1.2275194527609e-08,1.30099158926079e-08,1.32886032229043e-08,1.07824184838129e-08,8.41516002163465e-09,7.61475761370282e-09,1.11812556932445e-08,1.01275655886762e-08,1.26662328186798e-08,7.82905525676929e-09,6.97406180893927e-09,5.36578750324033e-09,9.35367268221126e-09,6.89044050508219e-09,8.97987123401146e-09,1.49353921946809e-08,4.13526422029704e-08,2.99176253661532e-08,2.50849813619594e-08,5.68459734756823e-08,3.65836697555956e-08,5.53027449975776e-08,3.53685343549426e-08,3.53289861946071e-08,7.60157896142142e-08,5.32109945817106e-08,1.0044984803144e-07,3.20352113991445e-08,3.21102784066987e-08,1.79889076251709e-08,4.8407836605473e-08,2.92279100572737e-08,4.34664994943547e-08,2.76112094707464e-08,1.4985869776062e-08,9.31010526216988e-09,2.49496725771241e-08,1.51818313469602e-08,2.31074924823469e-08,1.31648905384956e-08,8.43495685906982e-09,8.37398794094527e-09,1.33204275549013e-08,9.3008456332505e-09,1.34113794797655e-08,7.94505220932177e-09,7.94892310683517e-09,7.80137519318158e-09,8.75705848260257e-09,8.83057741150665e-09,9.94591128767294e-09,6.86347340094924e-09,6.43431199471135e-09,5.49088374655491e-09,7.23680221320813e-09,6.78396234443623e-09,7.7733106960091e-09,6.01946325577808e-09,4.95385830057839e-09,3.30514708664255e-09,6.24001664182964e-09,5.2589949919748e-09,6.44778420489592e-09
9.32689138433236e-09,2.45975542607529e-08,4.87102515731459e-08,1.87989821772937e-08,4.2429888743862e-08,3.43855375034332e-08,2.90785817974205e-08,5.53262849104841e-08,2.42870419184304e-08,4.99914813734034e-08,4.52933309726462e-08,4.09064492339807e-08,6.28456221157671e-08,2.6768549585186e-08,1.42931908556739e-08,5.09488571458969e-08,2.50185423948364e-08,4.6671346570129e-08,2.34563005228012e-08,1.2281689880874e-08,1.11442291934025e-08,2.19653703356148e-08,1.23762638165589e-08,2.06942112404717e-08,1.10788123393422e-08,1.02447558026237e-08,7.53943494762688e-09,1.11608615364605e-08,1.17048327037242e-08,1.18918174898774e-08,9.68524600052189e-09,6.99366967794548e-09,6.90529190592792e-09,1.10595848159693e-08,8.30268131107039e-09,1.24076176697188e-08,6.15697821667276e-09,6.1302908386902e-09,5.65977374968093e-09,7.32367790112683e-09,7.11603130360776e-09,7.79268469908756e-09,5.25262369663076e-09,4.72596791544247e-09,4.07250065850758e-09,5.99115190003335e-09,5.3041414758906e-09,6.59367160382305e-09,6.30402536054384e-09,1.70175083994404e-08,3.47754381376829e-08,1.36771443596042e-08,2.91658743550435e-08,2.48369772992419e-08,2.02084016718211e-08,4.00239956590847e-08,1.95966078738045e-08,3.51239729901719e-08,3.55522977835545e-08,3.13599400317206e-08,4.6171655218907e-08,2.20702647326627e-08,9.91367694291464e-09,4.09025529161565e-08,2.02441058817519e-08,3.71097314253045e-08,1.98488597992907e-08,8.64807291781353e-09,5.92596820383165e-09,1.82978236324626e-08,8.90600094005152e-09,1.75335881692812e-08,7.72709145579997e-09,5.33250800973145e-09,4.79422595361242e-09,7.98057999764346e-09,6.84521618711177e-09,8.44596599276553e-09,5.14048810473416e-09,4.55392236041538e-09,5.1493606099164e-09,6.4179017051623e-09,5.46561345049806e-09,7.20123877289105e-09,3.98296747281308e-09,4.44180494464582e-09,3.662064022777e-09,4.63716134569779e-09,4.6323452906964e-09,4.53728374171098e-09,3.75961014250637e-09,3.05589458738563e-09,3.14117651619652e-09,3.87327444491614e-09,4.59034528869772e-09,5.04097315849215e-09
9.70790204003758e-09,1.32721334851915e-08,2.19597853161665e-08,1.15080150594355e-08,2.23341563400797e-08,1.89604540766464e-08,1.53124888535534e-08,2.42817756202876e-08,5.4595160285147e-08,2.60046467753513e-08,4.43327204556605e-08,4.32046690246397e-08,2.6768549585186e-08,6.04244064515288e-08,2.81832073024305e-08,4.86330147470245e-08,4.99219443567381e-08,4.03001661007226e-08,5.12038793232304e-08,2.33291935241115e-08,1.21723224982618e-08,4.21073126175978e-08,2.17733264448665e-08,3.85696390680335e-08,2.09594060689312e-08,1.08382222342051e-08,9.42016921965122e-09,1.94599702027023e-08,1.11826611431355e-08,1.82638367940476e-08,9.92057902220489e-09,8.69084652012662e-09,6.79302819778086e-09,1.03083851675816e-08,9.63642702968421e-09,1.10433563020061e-08,7.55137466396296e-09,5.83369962389115e-09,5.57160586232932e-09,8.34222572015481e-09,6.77747634317592e-09,9.08906329836487e-09,5.14315924977626e-09,4.80947578701687e-09,3.93504034980249e-09,6.00054608509982e-09,4.82461504131309e-09,6.13898692319874e-09,6.61453541402825e-09,8.37968564419716e-09,1.62657182681699e-08,8.35140596457571e-09,1.5493385686353e-08,1.51299323232222e-08,9.61089018742896e-09,1.79852610860042e-08,3.97571612253223e-08,1.87359309406861e-08,3.14585469888975e-08,3.06850035590615e-08,1.99320472615571e-08,4.35541902948019e-08,2.08958097082959e-08,3.5089684393526e-08,3.81526988923171e-08,3.05219877357869e-08,3.73634241696686e-08,1.76512812595846e-08,8.64805179577746e-09,3.27998431773827e-08,1.7093969109811e-08,2.98090594320081e-08,1.59327399800798e-08,7.75543337033955e-09,6.16498963971498e-09,1.52370819366995e-08,7.86663564223387e-09,1.44077741419359e-08,7.13996313865391e-09,5.61359406172473e-09,5.08137296500015e-09,7.3505060818166e-09,6.40978581086354e-09,8.0893294053639e-09,4.64894445791331e-09,4.13616536606592e-09,4.08387842940228e-09,5.20973054901491e-09,4.53051284068934e-09,5.57134505452406e-09,3.59741371994943e-09,3.73126065509414e-09,2.56442805432241e-09,4.20134707561995e-09,3.89649171827921e-09,4.41427604201271e-09
7.26545797355308e-09,1.4705961759175e-08,1.2141650124165e-08,1.27170620546593e-08,1.45392251941728e-08,1.17506696784988e-08,1.62848069580402e-08,1.32318967485282e-08,2.58836219927028e-08,1.65879438068365e-08,2.40127524630029e-08,2.45459428390942e-08,1.42931908556739e-08,2.81832073024305e-08,6.67594374341421e-08,2.59671521012985e-08,5.10034680004258e-08,4.60219980576396e-08,2.33323385393877e-08,5.65212440456639e-08,2.45039345826357e-08,4.30515857825885e-08,4.38548823327447e-08,3.41594029422691e-08,5.04901927088153e-08,2.13148848068683e-08,1.07883188799557e-08,3.87062650240511e-08,1.99048092508473e-08,3.51410357608672e-08,1.91993632404587e-08,9.56636820557784e-09,1.0909916899509e-08,1.797303871437e-08,1.13889477870482e-08,1.9078226669034e-08,8.30348503052448e-09,9.65245775795235e-09,6.56579504881422e-09,9.65163304155718e-09,1.10598867493499e-08,1.01140151945863e-08,8.92094347902249e-09,5.82750378287661e-09,4.37502528104064e-09,1.00672642168441e-08,5.49909718790292e-09,1.00368877342995e-08,4.90308634597272e-09,8.61086448849065e-09,8.4520217664661e-09,8.44240981198287e-09,8.86440358811644e-09,8.21933780588259e-09,9.59739761733369e-09,9.28573669306856e-09,1.72493054251044e-08,1.04473946286147e-08,1.67500440264991e-08,1.65415494650613e-08,1.03765585285385e-08,1.87078348317041e-08,4.2740036644189e-08,1.87195118056692e-08,3.22521996819924e-08,3.10241268695392e-08,1.64720683146645e-08,3.65336964461672e-08,1.67667769616896e-08,2.76935944336435e-08,3.11493519210501e-08,2.38159313882734e-08,3.26066102835935e-08,1.46776204984414e-08,7.2403527616909e-09,2.72976524519635e-08,1.39796469458424e-08,2.50604754139906e-08,1.32374299230288e-08,6.4155110378167e-09,5.92267338336696e-09,1.28725457081717e-08,7.18165465500919e-09,1.35405063976778e-08,5.48931826691139e-09,5.14475890182242e-09,4.65575603558816e-09,5.96561639328941e-09,6.45729954217313e-09,6.70687264064152e-09,4.6690550073441e-09,4.13431170096271e-09,2.8266505368379e-09,5.814071265005e-09,4.10211297374626e-09,5.79237874957178e-09
1.04445008280649e-08,2.32404670972892e-08,3.99475774561448e-08,1.83602382089253e-08,3.4828567685107e-08,2.83163948306648e-08,2.79047799625381e-08,4.52905300984298e-08,4.43362589501467e-08,4.1448628746973e-08,7.0967184639754e-08,6.32940559533208e-08,5.09488571458969e-08,4.86330147470245e-08,2.59671521012985e-08,7.90566168265347e-08,4.03242028076055e-08,6.71629670627064e-08,4.16753905642643e-08,2.16359094297651e-08,1.25680276548636e-08,3.43522646563432e-08,2.07865175890906e-08,3.14015879553938e-08,1.93889638447117e-08,1.13049946625006e-08,1.13882613311092e-08,1.86361122761808e-08,1.24831836253526e-08,1.84264516528208e-08,1.04107745393609e-08,1.05069621568455e-08,8.31055271893641e-09,1.15217399993363e-08,1.15663700383536e-08,1.23690083800473e-08,9.24542067575134e-09,7.21573599178314e-09,6.54414516416416e-09,1.01274068322353e-08,8.33244829619078e-09,1.10114081768759e-08,6.31954888835641e-09,5.55371778754181e-09,4.55173728352225e-09,7.31975143018666e-09,5.90774101184033e-09,7.68930914315815e-09,7.24659299042998e-09,1.62928576447479e-08,2.93252413591588e-08,1.40521099262013e-08,2.44623796217877e-08,2.18413250172796e-08,1.92943825996522e-08,3.36710600371069e-08,3.26238053945758e-08,3.02504916830168e-08,5.20301902617671e-08,4.62193495230671e-08,3.84672660695642e-08,3.63242267453458e-08,1.96277683244868e-08,5.93914983940639e-08,3.15927919855174e-08,5.19807618410737e-08,3.14377094780563e-08,1.65503860793132e-08,8.48582169207489e-09,2.72793585798773e-08,1.6664333353883e-08,2.50586747131698e-08,1.48472242168735e-08,7.62390453449062e-09,7.08700601954811e-09,1.48952366760928e-08,8.35419611553076e-09,1.4382964937541e-08,7.03161304354682e-09,6.57437353579622e-09,6.37118701616603e-09,7.73836360421884e-09,7.55566213382243e-09,8.93805237065648e-09,5.51046987018065e-09,5.34104111316839e-09,4.53814592034593e-09,6.20191559011852e-09,5.36073987507789e-09,6.27549447155037e-09,4.73995122694251e-09,3.97782619856392e-09,2.91613027448348e-09,4.86872520923676e-09,4.89898076214413e-09,5.77434638794626e-09
1.10191917000601e-08,1.45087117315246e-08,2.05698956625352e-08,1.21202574782451e-08,2.16797843788722e-08,1.81220495833369e-08,1.71015257146699e-08,2.28739006033446e-08,4.53498108791717e-08,2.55692955344073e-08,3.72161076872534e-08,3.6630498254895e-08,2.50185423948364e-08,4.99219443567381e-08,5.10034680004258e-08,4.03242028076055e-08,7.85850905709899e-08,6.40612261728712e-08,4.21093716531445e-08,4.30497733298726e-08,2.18178991636552e-08,6.71970098179155e-08,3.42042374051872e-08,5.43374420733402e-08,3.83373479606519e-08,1.87192797690184e-08,1.0722259934778e-08,2.987456715449e-08,1.79446503569593e-08,2.68404527987286e-08,1.68260644093616e-08,9.56040633924173e-09,1.13580132535582e-08,1.61559294313563e-08,1.12579087261042e-08,1.71625927229772e-08,8.15885824587267e-09,9.7740651202749e-09,6.85125876213247e-09,9.38205799205505e-09,1.11381595918086e-08,1.0119032730293e-08,8.80013662050368e-09,6.0185572712413e-09,4.7474759849742e-09,1.00120226161197e-08,5.70757751882631e-09,1.03113167280551e-08,7.4113117535331e-09,9.09339545867077e-09,1.55453590264778e-08,8.7410842991815e-09,1.46963175338404e-08,1.45458486785469e-08,1.07869351799526e-08,1.73630391419538e-08,3.30071567311739e-08,1.77517965330292e-08,2.6639931518402e-08,2.58489104446842e-08,1.87407358597084e-08,3.61966849850816e-08,3.43250333001797e-08,2.94327543353968e-08,5.43160552129966e-08,4.54237223491047e-08,3.15736261198589e-08,2.91562392008562e-08,1.47023717990025e-08,4.70128443775474e-08,2.53275623781542e-08,4.02987639282962e-08,2.59790665541829e-08,1.26847079566618e-08,7.06054094278365e-09,2.19384690664206e-08,1.2957877225141e-08,2.04551305075848e-08,1.14507967251991e-08,6.30802245869592e-09,6.82050299489493e-09,1.18504341553776e-08,7.29968697942365e-09,1.24266183150163e-08,5.34069768444755e-09,5.67380387698574e-09,4.80472370426112e-09,6.05332693552134e-09,6.8375790252151e-09,6.76878244730257e-09,4.92188709796584e-09,4.1887154956287e-09,3.24033326599863e-09,6.22327889300323e-09,4.36638788480913e-09,6.42882669427227e-09
1.10258169935033e-08,2.30636758880326e-08,3.66973809995065e-08,1.81430044830605e-08,3.23410279956787e-08,2.62729920203729e-08,2.8011987202583e-08,4.17499345605437e-08,3.7096715496245e-08,3.90114212090846e-08,6.06235003614584e-08,5.4365780021782e-08,4.6671346570129e-08,4.03001661007226e-08,4.60219980576396e-08,6.71629670627064e-08,6.40612261728712e-08,9.68287166649191e-08,3.4404359984001e-08,3.88623546512854e-08,2.08449397691947e-08,5.49996399701672e-08,3.10739704631689e-08,4.40888668632886e-08,3.44943807224499e-08,1.81736290877664e-08,1.16879154453143e-08,2.73254885325818e-08,1.81065681832292e-08,2.52150455226525e-08,1.63910001426319e-08,1.05567661327633e-08,1.28876217807597e-08,1.64120276508745e-08,1.2490945340729e-08,1.75123781421683e-08,9.08909058119036e-09,1.1402404576808e-08,8.02744677333224e-09,1.06205376668729e-08,1.30679424225234e-08,1.13643954326612e-08,9.92267245779378e-09,6.78743241056576e-09,5.1307707201549e-09,1.14712325640132e-08,6.61407556967701e-09,1.17946227498426e-08,7.5830503717906e-09,1.60381733370275e-08,2.68091021765819e-08,1.3977150862591e-08,2.2541466640602e-08,2.05633776430867e-08,1.95917959538296e-08,3.09854535173181e-08,2.72120444633247e-08,2.78289786457292e-08,4.40233288141331e-08,3.95263001559726e-08,3.49826182048936e-08,3.02026171608112e-08,3.15915633458745e-08,5.00539010839288e-08,4.59094314150834e-08,7.10843766344865e-08,2.65046248028725e-08,2.67720584426551e-08,1.43100651427392e-08,3.98027308981221e-08,2.39569400105749e-08,3.39892587402834e-08,2.36832293605031e-08,1.25996897034159e-08,7.24297289909744e-09,2.09897391396157e-08,1.31185135138804e-08,1.9288887539701e-08,1.13657430503588e-08,6.73765236911117e-09,8.15474718513014e-09,1.20150261468301e-08,8.27051920422317e-09,1.31088687540484e-08,5.66615398422893e-09,7.06208999639748e-09,5.52610395435104e-09,6.89339869639874e-09,7.7353200073844e-09,7.14199146655268e-09,5.92890651111199e-09,4.60637667681764e-09,3.48837452072576e-09,6.87437474566226e-09,5.27009130992642e-09,7.44301486952542e-09
8.5112417979559e-09,1.18894364255724e-08,1.92151759114222e-08,1.05476605689999e-08,1.96246204321943e-08,1.68696878997681e-08,1.34490654175722e-08,2.12836624575736e-08,4.66496055148488e-08,2.28156035228198e-08,3.80067822543714e-08,3.71162151328844e-08,2.34563005228012e-08,5.12038793232304e-08,2.33323385393877e-08,4.16753905642643e-08,4.21093716531445e-08,3.4404359984001e-08,5.9877672378848e-08,2.68421186589892e-08,1.38813627350738e-08,4.92217077431573e-08,2.51399726930823e-08,4.50787529753467e-08,2.4042104793196e-08,1.23884696153809e-08,1.10834110701726e-08,2.24656619934627e-08,1.29316589397657e-08,2.12304381092638e-08,1.12015406091945e-08,1.01816350664785e-08,7.44475220480965e-09,1.17433107309965e-08,1.09451972478093e-08,1.23982853307695e-08,8.84369736353079e-09,6.34327106722678e-09,6.27967896080329e-09,9.34920685978251e-09,7.79551496653146e-09,1.0627439490247e-08,5.55504878473693e-09,5.3330836385951e-09,4.58977098219086e-09,6.51317429586806e-09,5.46681986438846e-09,6.70322737658133e-09,5.48951456994045e-09,7.55372750569419e-09,1.44862984112474e-08,7.6771084375395e-09,1.39453190754059e-08,1.36872668026947e-08,8.52703281891196e-09,1.61563451901069e-08,3.3888675844098e-08,1.67182523929687e-08,2.73006445848489e-08,2.65126894049324e-08,1.77345515057767e-08,3.73621449455659e-08,1.76502417266595e-08,3.03570790092041e-08,3.28012712065159e-08,2.63337486562906e-08,4.32428589544885e-08,2.03477402569753e-08,9.90941741356624e-09,3.78116703396078e-08,1.99225266222247e-08,3.49220589072852e-08,1.84237420254949e-08,8.92370851844076e-09,7.14414849624527e-09,1.78753283417022e-08,8.82697806856692e-09,1.66659208636029e-08,8.10962831590129e-09,6.48712980374073e-09,5.33110610421648e-09,8.22020737419012e-09,7.43040834829314e-09,9.1542547021454e-09,5.43788659214541e-09,4.37273352331633e-09,4.54523826429678e-09,5.96663291236471e-09,5.22661719304986e-09,6.75539240735771e-09,3.80283198487231e-09,4.0676042083573e-09,2.90836739992308e-09,4.47433008612656e-09,4.44131896323372e-09,4.87182339782833e-09
