7.89389815053845e-08,3.91656050378472e-08,1.79317972219537e-08,6.22088151222776e-08,3.74078397960122e-08,5.69807230505457e-08,3.44777116028034e-08,1.56704597715206e-08,1.53137931414901e-08,3.28667755717579e-08,1.64910515122832e-08,3.22523259232663e-08,1.3898733765351e-08,1.36914409616316e-08,9.76278489297687e-09,1.45247356654256e-08,1.44380186879264e-08,1.47668958454715e-08,1.19251677896861e-08,8.43589386612573e-09,6.32291092385419e-09,1.2509786913613e-08,8.7450681337389e-09,1.30240138413406e-08,7.73108437751239e-09,5.71188826589862e-09,5.48760881544845e-09,7.93646434794565e-09,6.90204613858598e-09,8.80695493998349e-09,5.26457079648398e-09,4.90670374212647e-09,4.75069303319365e-09,6.18626180274693e-09,5.61714688230982e-09,6.90642296166831e-09,4.50736859820229e-09,4.09814796902982e-09,3.76675279181953e-09,4.97827346260777e-09,4.6424153049805e-09,5.65957415041666e-09,3.81297366810978e-09,3.19052650994431e-09,3.6056046879789e-09,4.18035362653118e-09,4.25849242287045e-09,5.08452509154054e-09,6.58745591010766e-08,3.00929261382174e-08,1.4023863829974e-08,5.42579731522837e-08,2.87405235965931e-08,5.07221683123413e-08,2.67306807564739e-08,1.25835551570189e-08,1.34306909418224e-08,2.56662941041594e-08,1.25856113924257e-08,2.27712369245152e-08,1.08665184167371e-08,1.2137793949961e-08,6.94491952524127e-09,1.13808906436934e-08,1.17164027372608e-08,1.21654757022503e-08,1.07748986556559e-08,6.10398356964646e-09,5.63577338615123e-09,1.02984501722615e-08,6.68500213700608e-09,1.09184511294977e-08,5.46916480987816e-09,5.04097385701545e-09,4.18974481458159e-09,6.02502563854869e-09,5.82084755022573e-09,6.21796152413573e-09,4.71288987276313e-09,3.75065074474866e-09,4.22161268994944e-09,5.29445896964149e-09,4.44639974173591e-09,6.67704671663593e-09,3.5326860679735e-09,3.48366563034187e-09,2.9496038936734e-09,4.03248366483096e-09,4.23311350622652e-09,4.71692462210652e-09,3.37867491977216e-09,2.47353200714436e-09,2.84934003261896e-09,3.98965861745804e-09,2.94742415288875e-09,4.16591553093149e-09
3.91656050378472e-08,1.52906123216827e-07,4.18716881097679e-08,7.16001848540772e-08,1.27996942603758e-07,5.70042212386376e-08,1.35933392023047e-07,3.62300780003188e-08,1.91804379921333e-08,1.1348187043169e-07,3.48107930614062e-08,1.06271345603075e-07,3.21598175134264e-08,1.66280550225505e-08,1.75274112841913e-08,3.04851118508932e-08,1.7488776622352e-08,2.99761077462374e-08,1.45554075537111e-08,1.48355745592539e-08,1.02962775057474e-08,1.48721137149248e-08,1.65905266018289e-08,1.48240578206207e-08,1.29864171860676e-08,9.22776644745843e-09,7.65502623798551e-09,1.46205303333297e-08,1.10802799776121e-08,1.65171249620268e-08,8.63262837999232e-09,7.13431119735989e-09,7.36769192068108e-09,1.03139402062949e-08,8.44877225442921e-09,1.17451163705291e-08,6.46743419691512e-09,6.53110261122479e-09,5.78512491659498e-09,7.44588116487741e-09,7.54712877019097e-09,8.71353158867177e-09,5.72920705499525e-09,5.17017399449297e-09,4.60072130780343e-09,6.52873933332697e-09,6.13046077410851e-09,7.58895844150877e-09,3.3876838364116e-08,9.88656881669809e-08,3.47098445287882e-08,6.50606211763381e-08,8.3282562835207e-08,5.33688716520339e-08,8.8254934937534e-08,3.08738398121438e-08,1.42349161047609e-08,7.53492160733341e-08,2.72377324744953e-08,6.44293668950532e-08,2.71873593725901e-08,1.20471940538013e-08,1.30540865361471e-08,2.38675479493603e-08,1.38259314618241e-08,2.4681341434537e-08,1.03761991553873e-08,1.13751099360698e-08,8.97364016890093e-09,1.15589101061775e-08,1.34163586720395e-08,1.18025659016953e-08,9.93864453736622e-09,8.11772203390332e-09,5.50727781918169e-09,1.17964627971146e-08,9.5980407385704e-09,1.31204163110686e-08,7.67002673824064e-09,5.08549023479202e-09,6.40746407623235e-09,9.03877238704440e-09,6.47906224999531e-09,1.00928945514048e-08,4.6950131556258e-09,5.54707472138987e-09,4.50362776324425e-09,5.75872113212895e-09,6.1337214384957e-09,6.37551617954065e-09,4.61812122423149e-09,3.66389639926119e-09,3.70118771485075e-09,5.09927499915877e-09,4.4483256054909e-09,6.14327533454198e-09
1.79317972219537e-08,4.18716881097679e-08,9.19871357491559e-08,3.39882770639836e-08,7.46407985788683e-08,6.21780339879069e-08,3.62460684293973e-08,7.91316455786988e-08,3.35447969368121e-08,6.4153415337629e-08,6.40456825533326e-08,5.17009815059754e-08,6.75419792826377e-08,2.73819234329621e-08,1.53543506611368e-08,5.41270194816493e-08,2.70610856412098e-08,5.00014569420024e-08,2.43200190026223e-08,1.31301029171665e-08,1.27435963944653e-08,2.3836118807874e-08,1.37575919046337e-08,2.21973458883343e-08,1.14882854669459e-08,1.13525980929694e-08,7.03397473311544e-09,1.20556965468504e-08,1.24894088937432e-08,1.19803344468779e-08,1.03698654572024e-08,6.413694783822e-09,5.96473836534139e-09,1.13370344685956e-08,7.37689799514453e-09,1.23586324444784e-08,5.82387946204043e-09,5.00091472007523e-09,4.56875189287465e-09,6.44012141870096e-09,5.8663437885991e-09,7.24827972941144e-09,4.76187269085549e-09,4.23642670762199e-09,4.11305365850579e-09,5.42300108998532e-09,5.19445890461662e-09,6.17194893040093e-09,1.37391631873626e-08,3.57997819794279e-08,7.14679264557076e-08,3.15629752658198e-08,6.06756656693866e-08,5.13860019840218e-08,3.16138378529705e-08,6.33971974253012e-08,2.67907652939655e-08,5.42868651575037e-08,5.10608142108276e-08,4.20639732798809e-08,5.49686973772419e-08,2.13524522291341e-08,1.22608003207323e-08,4.27651129138418e-08,2.26469587024511e-08,4.13782771906011e-08,1.92148077169431e-08,1.04362256037732e-08,9.25349242980876e-09,2.02784466077606e-08,1.09227286248715e-08,1.80451750473646e-08,9.3194351702125e-09,8.29173128709107e-09,5.69102001484610e-09,9.8194047762574e-09,9.20892069880115e-09,9.43590368819661e-09,7.48478494300653e-09,5.1621521202782e-09,5.03903606386615e-09,8.29962200582993e-09,5.31111267557838e-09,9.30216801564004e-09,4.71734939325609e-09,4.25318716804931e-09,3.30837767454959e-09,4.7188266267616e-09,5.55218865246001e-09,5.68339280606332e-09,4.06540038323375e-09,3.1043753965488e-09,2.63264618224613e-09,5.18138449704275e-09,3.37855207571441e-09,5.03178871834714e-09
6.22088151222776e-08,7.16001848540772e-08,3.39882770639836e-08,1.0239337436489e-07,5.72809240641827e-08,8.28940003607805e-08,6.22231554757553e-08,2.91133997939388e-08,1.59425975913407e-08,4.9783781280887e-08,2.75214375923359e-08,4.64293261274102e-08,2.61040101230672e-08,1.42751723690902e-08,1.64941713124635e-08,2.45439144470471e-08,1.54496588099206e-08,2.40176699432305e-08,1.23415544721527e-08,1.43491975985504e-08,8.25613284228161e-09,1.34071630254414e-08,1.49757130132771e-08,1.27529256644542e-08,1.26728941560624e-08,7.38798811349016e-09,6.2166913753555e-09,1.32688097951343e-08,8.51589654228011e-09,1.42438094359632e-08,6.87173932806654e-09,5.69332337097514e-09,5.68035137277979e-09,7.70722191034553e-09,6.5998906045131e-09,8.92131273491434e-09,5.21065028564635e-09,5.01956623072865e-09,4.64345798279091e-09,5.82343625324998e-09,5.89270831735335e-09,7.04051956768543e-09,4.75951173928286e-09,4.1061932680725e-09,4.36518297472959e-09,5.26635895539014e-09,5.04373638098627e-09,6.38781748489864e-09,5.1842944565776e-08,5.78086119093072e-08,2.73519402521109e-08,8.88778603263238e-08,4.48861639764325e-08,7.35525727341947e-08,5.0474670622552e-08,2.425713903601e-08,1.26970163743678e-08,3.9671181216924e-08,2.06965708306206e-08,3.35197176167308e-08,2.15072474049746e-08,1.14911089341874e-08,1.14467540299348e-08,1.88778769408419e-08,1.24174373273955e-08,1.92543608117409e-08,9.87239865578255e-09,1.01704265073617e-08,7.61962760630644e-09,1.08733408494688e-08,1.22069186286978e-08,1.08659277175001e-08,8.95060695737804e-09,6.86226358373841e-09,4.60038929544524e-09,1.08626509721653e-08,7.39919077081426e-09,1.08377313860958e-08,6.41852298020858e-09,4.22161281194021e-09,4.8212864420225e-09,6.79357538814305e-09,4.94986576523856e-09,7.93387309588124e-09,3.92637920406975e-09,4.29078507015307e-09,3.89668618446868e-09,4.59560365786705e-09,5.5563102886626e-09,5.68769887275842e-09,3.86679221563253e-09,3.20312533715795e-09,2.89254810048348e-09,4.87622150986942e-09,3.28777383152981e-09,4.96841527146367e-09
3.74078397960122e-08,1.27996942603758e-07,7.46407985788683e-08,5.72809240641827e-08,1.80699881469495e-07,9.24662272369333e-08,1.1349328951812e-07,6.41376014219662e-08,3.14864825786621e-08,1.57091376603541e-07,5.24964977132261e-08,1.34562839055857e-07,5.50346844474977e-08,2.63311373295965e-08,1.6777456287112e-08,4.48725669731104e-08,2.54391770403931e-08,4.18008754864098e-08,2.35097013440526e-08,1.43229337131128e-08,1.56158504052077e-08,2.22497566002853e-08,1.57496217237761e-08,2.14905431948491e-08,1.27354463843304e-08,1.39275657117186e-08,9.58190440687521e-09,1.3788204164476e-08,1.56933739227387e-08,1.51302625753633e-08,1.29551219242047e-08,8.92020267841366e-09,7.73044145477374e-09,1.45948926639125e-08,1.02066064052552e-08,1.60414621235778e-08,8.06611005438549e-09,6.72862924760615e-09,6.56903752197119e-09,8.97102319790051e-09,8.26259927525790e-09,1.0651092221174e-08,6.60927540851292e-09,6.28512042143449e-09,5.2976988056742e-09,7.70643753965881e-09,7.50240935324193e-09,8.64409983156031e-09,3.2685131431508e-08,8.34417142689977e-08,6.06378912505581e-08,5.38011753914808e-08,1.22394949330464e-07,8.19542666963627e-08,7.41716754798006e-08,5.36383407021608e-08,2.34162003831049e-08,1.08167235107007e-07,4.0846118718115e-08,8.56977063222692e-08,4.62523960886023e-08,1.94138011117586e-08,1.16729748513417e-08,3.47229280912584e-08,1.97913024053657e-08,3.40565792607231e-08,1.75572917048433e-08,9.83393156763503e-09,1.21999978611818e-08,1.7392210333362e-08,1.09222134520791e-08,1.71273301906849e-08,8.84330243215189e-09,1.09491370118994e-08,7.28435085610972e-09,9.73208430095765e-09,1.24025489535745e-08,1.09554052134385e-08,1.02021997002736e-08,6.5306630653951e-09,6.55578693042873e-09,1.14984673111904e-08,7.70524318416072e-09,1.22170238039507e-08,5.94467072091687e-09,5.48546884620107e-09,4.74213962292494e-09,6.7516168485092e-09,6.73630259858518e-09,7.70096785498586e-09,5.41914817744588e-09,4.55574162495105e-09,3.81966121150393e-09,6.35275365253074e-09,5.29496401432161e-09,6.76141757785091e-09
5.69807230505457e-08,5.70042212386376e-08,6.21780339879069e-08,8.28940003607805e-08,9.24662272369333e-08,1.26562428011536e-07,4.91479058546547e-08,5.26614966208632e-08,2.75457614337364e-08,7.88882014661388e-08,4.30090509947013e-08,6.57328421023982e-08,4.52024830468699e-08,2.29531760791391e-08,1.47798071290467e-08,3.66095483205613e-08,2.25404622090374e-08,3.40259567140691e-08,2.07164310844604e-08,1.31045909248115e-08,1.36417671311411e-08,2.02638086840027e-08,1.32656204395149e-08,1.88546296399218e-08,1.16623651504513e-08,1.22714011397988e-08,7.52843071763551e-09,1.16223546363601e-08,1.31169580426672e-08,1.20173814800952e-08,1.12945631624845e-08,6.93319058579239e-09,5.65617279282098e-09,1.18804938969198e-08,7.7229352861401e-09,1.29621748388758e-08,6.35410712082596e-09,4.92651709488554e-09,5.10813585327638e-09,6.87525402722483e-09,6.06971270392533e-09,8.2035490942443e-09,4.9682427014567e-09,4.68693775797479e-09,4.50361715800932e-09,5.54790793706079e-09,5.88557326655375e-09,6.66418322684603e-09,4.75717688557715e-08,4.70785222748186e-08,4.98143651383205e-08,7.33959786852172e-08,7.33291829362448e-08,1.07174532399417e-07,4.05401520076859e-08,4.35791562474831e-08,2.16926595959402e-08,6.37044301972621e-08,3.31654971661484e-08,4.87390936285163e-08,3.71037096858453e-08,1.80335796246232e-08,1.07930798680083e-08,2.82132929382124e-08,1.87359645135814e-08,2.8104341091983e-08,1.64578844222643e-08,9.1423991292894e-09,1.13623780313984e-08,1.66978751779762e-08,9.87354967895994e-09,1.613569474807e-08,8.24995776718241e-09,1.030091120379e-08,5.89344799079285e-09,8.90972174313896e-09,1.05337168403042e-08,8.76126118176172e-09,9.45396587538212e-09,5.34884302564807e-09,5.00332807090234e-09,9.58258679729996e-09,5.78743066895005e-09,1.05638141792881e-08,4.95811979161966e-09,4.27346215153547e-09,4.12530110581886e-09,5.29405574729905e-09,6.2173310323854e-09,6.8213989820124e-09,4.29279987100694e-09,3.67660281766791e-09,3.11043872083531e-09,5.64534998679023e-09,4.04155336006814e-09,5.21415229035313e-09
3.44777116028034e-08,1.35933392023047e-07,3.62460684293973e-08,6.22231554757553e-08,1.1349328951812e-07,4.91479058546547e-08,1.63126538712686e-07,4.35278465577198e-08,2.1825294630009e-08,1.39518095747861e-07,4.18244521880704e-08,1.31216777481111e-07,3.87316661298432e-08,1.91520023583648e-08,1.88975739628578e-08,3.68978362487478e-08,2.02168508262369e-08,3.68506679020179e-08,1.6576862912638e-08,1.5909746238855e-08,1.12276047616316e-08,1.70489575831606e-08,1.75796805922753e-08,1.67090597045268e-08,1.39542275201602e-08,1.00041754507996e-08,8.82550272250609e-09,1.54909039330888e-08,1.24924305960273e-08,1.81320102718243e-08,9.27257725680439e-09,8.19402598021357e-09,8.46503453690857e-09,1.15234186355096e-08,9.22484189437956e-09,1.30370807172983e-08,7.52187667376545e-09,7.37763850805845e-09,6.16472825941852e-09,8.29394422095963e-09,8.43713537878963e-09,9.53894725911034e-09,6.22049745661568e-09,5.29166124680879e-09,5.04297034604762e-09,7.03876650372594e-09,6.68852646077227e-09,8.53174552002779e-09,2.98617144027348e-08,8.82546777903399e-08,3.08843111531124e-08,5.61686215131648e-08,7.5347461304929e-08,4.64564883654988e-08,1.07522633339192e-07,3.63451796215412e-08,1.61878496472757e-08,9.30280635881757e-08,3.28277719067675e-08,8.30363633483119e-08,3.20706950110956e-08,1.38683741092428e-08,1.37431539380882e-08,2.89118214317066e-08,1.6143355513392e-08,3.08154466677636e-08,1.1776401592847e-08,1.18368704921237e-08,9.86647665849898e-09,1.32351561290685e-08,1.4213423990362e-08,1.36206027048255e-08,1.03187183064036e-08,9.02389096574278e-09,6.20982063030968e-09,1.2535562021996e-08,1.06970251277468e-08,1.38982985230208e-08,8.48922499752901e-09,5.70741679894973e-09,7.69767326588963e-09,9.96592785690942e-09,7.14141069782081e-09,1.10661817497556e-08,5.31994379034213e-09,6.60454260374492e-09,4.97905009006791e-09,6.4824290246781e-09,7.1227522118671e-09,6.92960778333499e-09,5.630099755456e-09,4.13748179196862e-09,4.02932170642483e-09,6.00014941552721e-09,5.18745613961819e-09,7.57521268584473e-09
1.56704597715206e-08,3.62300780003188e-08,7.91316455786988e-08,2.91133997939388e-08,6.41376014219662e-08,5.26614966208632e-08,4.35278465577198e-08,8.96065705794916e-08,3.79393866794731e-08,7.73803480154821e-08,7.22695775469321e-08,6.28899095864358e-08,7.65220798972496e-08,3.12346226303802e-08,1.70651980578178e-08,6.13863730736443e-08,3.08006433755939e-08,5.72456914424325e-08,2.73662740086269e-08,1.43823963921836e-08,1.41017133054761e-08,2.65920172396975e-08,1.46440801735764e-08,2.42051789216321e-08,1.26275412918464e-08,1.25117809378845e-08,7.83295817305049e-09,1.28458096338269e-08,1.40751634379659e-08,1.32887694529937e-08,1.13900489422889e-08,7.17574154586529e-09,6.5827727004499e-09,1.27957962782851e-08,8.06513831671944e-09,1.38713444838696e-08,6.46192497916188e-09,5.66195888411893e-09,4.99533017010842e-09,7.04589412754382e-09,6.45935593404827e-09,7.71632942048151e-09,5.02491618184322e-09,4.56011725797834e-09,4.38122101689869e-09,5.72362256043577e-09,5.70380083554796e-09,6.69116816105677e-09,1.20744216358434e-08,3.16043486039419e-08,6.33973044079853e-08,2.71238736227526e-08,5.42734030992527e-08,4.46547193779769e-08,3.68000909421649e-08,7.09522926851334e-08,2.99039773018036e-08,6.38076094794627e-08,5.8026549388463e-08,5.09562713112361e-08,6.12507743867665e-08,2.43755274277055e-08,1.43560460905115e-08,4.88704958714412e-08,2.55437847476471e-08,4.74651438202512e-08,2.16800495852121e-08,1.19513666695391e-08,1.04663582549327e-08,2.22568386441855e-08,1.21951460000654e-08,2.00817993723814e-08,1.0622799400962e-08,9.7031361222531e-09,6.4063689476538e-09,1.08384000830485e-08,1.06363317680712e-08,1.02602840483672e-08,8.72292771301671e-09,5.83424546490537e-09,5.20052849101133e-09,9.56535057976758e-09,5.54953638414541e-09,1.04020982896672e-08,5.16897853350809e-09,4.43854642934659e-09,3.52711835364891e-09,4.85594064282043e-09,5.96632829688908e-09,5.84111912623187e-09,4.10696732090601e-09,3.29553875141038e-09,2.97642534315871e-09,5.4248327261393e-09,3.96312126585106e-09,5.8074188525179e-09
1.53137931414901e-08,1.91804379921333e-08,3.35447969368121e-08,1.59425975913407e-08,3.14864825786621e-08,2.75457614337364e-08,2.1825294630009e-08,3.79393866794731e-08,9.3442848020128e-08,3.69870359945439e-08,7.35630996225464e-08,6.68360501722908e-08,3.12384474440223e-08,7.9449412376393e-08,3.68628085872277e-08,6.16525871287122e-08,6.58394871367021e-08,5.18896090659745e-08,6.89665527924812e-08,3.09355444424936e-08,1.40227035625868e-08,5.62322146132649e-08,2.77379876740716e-08,4.99167483654782e-08,2.70159035779637e-08,1.20684938908638e-08,1.04819404105466e-08,2.3787191599674e-08,1.23284786364285e-08,2.31332657924501e-08,1.02605397553621e-08,9.34194124883021e-09,6.13969412470557e-09,1.05301809080606e-08,1.02815384464011e-08,1.1574495765888e-08,8.33255308501954e-09,5.27049605511477e-09,5.24853919950728e-09,9.11524141111613e-09,6.18193806306077e-09,9.83319408029693e-09,4.64456777463939e-09,4.55389814244825e-09,4.84702477042948e-09,5.29813882839146e-09,5.85312835541502e-09,6.883935288148e-09,1.20537873446567e-08,1.44445563883539e-08,2.78675125956311e-08,1.29334730274638e-08,2.68217027557215e-08,2.27157849167436e-08,1.61289393201395e-08,3.16185215697862e-08,7.54226720984368e-08,3.19381654876706e-08,5.79604647753308e-08,5.57449981608249e-08,2.66539477420147e-08,6.43261338272879e-08,2.86484567379235e-08,4.78550584147405e-08,5.43688949826451e-08,4.22611236832181e-08,5.59149057847585e-08,2.42785394940849e-08,1.04001990838925e-08,4.6890410741413e-08,2.10393065276694e-08,4.08154804952362e-08,2.1420993442201e-08,9.62530642643334e-09,8.30146617424478e-09,1.84539907776755e-08,9.96265835732849e-09,1.76441871586719e-08,8.23969417871003e-09,7.30889815100751e-09,5.32939941498993e-09,8.62577634928878e-09,7.62764935108087e-09,9.02226558962896e-09,6.2357182647142e-09,4.43345184650892e-09,3.84184319896484e-09,6.45098380390388e-09,5.55712158635717e-09,6.97120099215235e-09,3.67556803468568e-09,3.36859829373735e-09,3.5602606604438e-09,4.61519460345402e-09,4.7456909653372e-09,5.97210764353756e-09
3.28667755717579e-08,1.1348187043169e-07,6.4153415337629e-08,4.9783781280887e-08,1.57091376603541e-07,7.88882014661388e-08,1.39518095747861e-07,7.73803480154821e-08,3.69870359945439e-08,1.9498045726377e-07,6.35581265822025e-08,1.68029751789397e-07,6.68181664648062e-08,3.11888179827986e-08,1.95246474936267e-08,5.49008082066384e-08,3.04360057916045e-08,5.1812305258825e-08,2.74101060502058e-08,1.6423927868244e-08,1.83974642024659e-08,2.61387874547164e-08,1.75389761251108e-08,2.45745316981324e-08,1.4599697487396e-08,1.62746819181448e-08,1.14436754845711e-08,1.53617412249879e-08,1.86302074975138e-08,1.73191166585492e-08,1.48904291205308e-08,1.06460758820646e-08,9.33686998730941e-09,1.7192596556608e-08,1.15733100746241e-08,1.85443885393528e-08,9.70107295280217e-09,8.18156506207591e-09,7.19257520638844e-09,1.03148190660775e-08,9.57914406486948e-09,1.18176057883213e-08,7.4745279760331e-09,6.63976437335277e-09,6.08977438893908e-09,8.59925271083999e-09,8.54769894691868e-09,1.02419369256269e-08,2.87834205424074e-08,7.41646447079357e-08,5.36487728517078e-08,4.67979990152812e-08,1.08155886182887e-07,7.09339237606851e-08,9.24490410217037e-08,6.33444719378029e-08,2.7311367812269e-08,1.35476112342915e-07,5.03414734980291e-08,1.12045580475451e-07,5.50908445381827e-08,2.32397631130353e-08,1.38936772341284e-08,4.33941315417489e-08,2.3622949740244e-08,4.26958979982047e-08,2.07112039101229e-08,1.15725044309916e-08,1.41767617229088e-08,2.00942395615707e-08,1.34005652238325e-08,2.04608019914278e-08,1.02917595220736e-08,1.33605926832668e-08,8.8021633334685e-09,1.18469923307146e-08,1.52829736732543e-08,1.2505629002581e-08,1.23620082978664e-08,7.97668316145489e-09,8.13246509487322e-09,1.38383097807595e-08,8.83912714583575e-09,1.45695741102091e-08,7.21467982824845e-09,6.83943760487567e-09,5.28362623994247e-09,7.77309564340936e-09,8.04978738967652e-09,8.50044295631582e-09,6.32434091061443e-09,5.0004837282067e-09,4.5212840359559e-09,7.45014205889989e-09,6.40917520164379e-09,8.83007044013377e-09
1.64910515122832e-08,3.48107930614062e-08,6.40456825533326e-08,2.75214375923359e-08,5.24964977132261e-08,4.30090509947013e-08,4.18244521880704e-08,7.22695775469321e-08,7.35630996225464e-08,6.35581265822025e-08,1.17249763818403e-07,9.95701157703125e-08,6.13882412997379e-08,6.16494574669405e-08,3.28293472834858e-08,9.99884222762634e-08,5.23373123055411e-08,8.45885322316575e-08,5.32971478335002e-08,2.71591722427977e-08,1.46517119349282e-08,4.4336026235087e-08,2.57786453540023e-08,3.94284625211565e-08,2.36594401242746e-08,1.2753009932205e-08,1.26813901692763e-08,2.23306605289885e-08,1.35637514197476e-08,2.1883687200731e-08,1.06410407851486e-08,1.15852090801169e-08,7.73084280826615e-09,1.14340794819608e-08,1.23170544223803e-08,1.210154456243e-08,1.05135276739577e-08,6.76286590252958e-09,6.41660410094471e-09,1.1023151095951e-08,8.07295366423975e-09,1.20478861657182e-08,5.8386778086044e-09,5.54623993794933e-09,5.57510963395553e-09,6.85273806335927e-09,6.97234068770653e-09,8.4559049221399e-09,1.33734738899347e-08,2.96059748264503e-08,5.12305861841102e-08,2.5080813139421e-08,4.59327691825731e-08,3.64512188068097e-08,3.42271366754354e-08,5.84058012375247e-08,5.79269753739909e-08,5.43448214577117e-08,9.08724385280657e-08,8.00490058945937e-08,5.01545259893377e-08,4.87348295371677e-08,2.49901298185484e-08,7.7229427061263e-08,4.32234899408834e-08,6.85608490058296e-08,4.21083485474722e-08,2.12114460233283e-08,1.08031373523107e-08,3.71126028070467e-08,1.98326438112247e-08,3.19231554186451e-08,1.89182732485429e-08,1.01696780589298e-08,9.85310695231794e-09,1.78734610525517e-08,1.1350270095e-08,1.66176449937275e-08,8.52110320711775e-09,8.90193178879564e-09,7.09620317188997e-09,9.64698618008834e-09,8.85672560236378e-09,9.67121177499003e-09,7.8594137217382e-09,6.13260763187466e-09,4.443492701914e-09,7.81866805051961e-09,7.67615574968991e-09,8.37654976105448e-09,5.19847225158373e-09,3.88278506566119e-09,3.77278051484865e-09,6.55875948136235e-09,4.93704075422512e-09,7.54963193708317e-09
3.22523259232663e-08,1.06271345603075e-07,5.17009815059754e-08,4.64293261274102e-08,1.34562839055857e-07,6.57328421023982e-08,1.31216777481111e-07,6.28899095864358e-08,6.68360501722908e-08,1.68029751789397e-07,9.95701157703125e-08,2.235001252948e-07,5.43268129159418e-08,5.67014638896632e-08,3.11574081104264e-08,8.58127148988937e-08,4.79735249893347e-08,7.38523761307263e-08,4.91682390570404e-08,2.57709618914679e-08,1.60223640890503e-08,4.05358234566269e-08,2.53330583979188e-08,3.69333067070529e-08,2.25445884306319e-08,1.38743559013144e-08,1.5466585931712e-08,2.1897265262512e-08,1.61837048073224e-08,2.22095181999366e-08,1.20478639047568e-08,1.4373590798593e-08,1.088776744079e-08,1.4149727417591e-08,1.54583283353495e-08,1.55566628324027e-08,1.3177001418831e-08,9.36363116572041e-09,8.42723711952e-09,1.39127502488828e-08,1.08113056320135e-08,1.57176776874456e-08,8.3865210698259e-09,7.50642314166667e-09,7.15549598057791e-09,9.45317152652093e-09,9.32925939403324e-09,1.14751010719676e-08,2.77909664086656e-08,6.85641602819698e-08,4.42957630051861e-08,4.31125079803879e-08,9.49744431978044e-08,6.00595822192063e-08,8.61649787134442e-08,5.29592704458538e-08,5.09347623485486e-08,1.19006503180362e-07,7.69156284707327e-08,1.53948260879794e-07,4.57981387742624e-08,4.37855393977935e-08,2.10120017736182e-08,6.65795082890147e-08,3.84105744385822e-08,5.93757015909758e-08,3.80317075965476e-08,1.7916045078634e-08,1.21659435922392e-08,3.29184458352929e-08,1.78998018294173e-08,3.04174450922828e-08,1.59336740720565e-08,1.19384726141075e-08,1.19979358144098e-08,1.62819706249161e-08,1.40927298721441e-08,1.53027050290907e-08,1.04069018460394e-08,1.08524158181179e-08,1.01703526593565e-08,1.23056217184507e-08,1.18455682481835e-08,1.29214753119346e-08,9.8336280029689e-09,8.46252142070877e-09,5.847516847732e-09,1.05284650590201e-08,8.82159523708353e-09,1.05974285521638e-08,7.46568311678102e-09,5.35213476025863e-09,5.2878865206293e-09,7.92055716019715e-09,7.15461953097587e-09,1.00630465686352e-08
1.3898733765351e-08,3.21598175134264e-08,6.75419792826377e-08,2.61040101230672e-08,5.50346844474977e-08,4.52024830468699e-08,3.87316661298432e-08,7.65220798972496e-08,3.12384474440223e-08,6.68181664648062e-08,6.13882412997379e-08,5.43268129159418e-08,8.69138736946606e-08,3.41814143888541e-08,1.88958159796482e-08,6.8942998644283e-08,3.37232279665042e-08,6.46052890760691e-08,2.97527702431835e-08,1.59263692451801e-08,1.60671957425199e-08,2.88794390725518e-08,1.62776842478785e-08,2.62739547620309e-08,1.38525628617973e-08,1.40265156928506e-08,8.67153524297481e-09,1.40571977622409e-08,1.57304655349294e-08,1.45342993933162e-08,1.2636579736504e-08,7.86367014369471e-09,7.17699738883228e-09,1.41542665504883e-08,8.97043576115186e-09,1.48521051913865e-08,7.02680808406287e-09,6.04937633045951e-09,5.45269326139422e-09,7.65518500150167e-09,6.93556653489284e-09,8.38591083527152e-09,5.36331978711645e-09,4.98899823592988e-09,4.91815145440737e-09,6.18325591491972e-09,6.03305170182449e-09,7.17479955672351e-09,1.08788880242357e-08,2.79834231459649e-08,5.49611225488352e-08,2.44618504045335e-08,4.68183856800764e-08,3.87663307810769e-08,3.27417987547339e-08,6.12466384927143e-08,2.4377129441428e-08,5.54695672588705e-08,4.8867957603127e-08,4.32895576985988e-08,7.04250866328057e-08,2.67863971840492e-08,1.53799202864257e-08,5.53747690413503e-08,2.80956565233829e-08,5.40402766330935e-08,2.3718626649781e-08,1.26928709474338e-08,1.19423456435561e-08,2.4188918908939e-08,1.28001572343577e-08,2.2236626863648e-08,1.11169325185444e-08,1.0844298520066e-08,7.11598551159064e-09,1.12715231965867e-08,1.19866178372137e-08,1.06725794114285e-08,9.61592549281624e-09,6.37314109684535e-09,5.66807583525773e-09,1.05791407880131e-08,6.37332952887863e-09,1.11823104514006e-08,5.54695636942587e-09,4.78540078670846e-09,3.95164446841734e-09,5.49399727876369e-09,6.35625044315215e-09,6.52189626991069e-09,4.4327265350519e-09,3.70392389919016e-09,3.38384419612365e-09,5.80910966043302e-09,4.27962656432599e-09,6.24568731285901e-09
1.36914409616316e-08,1.66280550225505e-08,2.73819234329621e-08,1.42751723690902e-08,2.63311373295965e-08,2.29531760791391e-08,1.91520023583648e-08,3.12346226303802e-08,7.9449412376393e-08,3.11888179827986e-08,6.16494574669405e-08,5.67014638896632e-08,3.41814143888541e-08,8.82391348965342e-08,4.05110925206295e-08,6.821519289037e-08,7.30327547703631e-08,5.73548872123759e-08,7.61004193445151e-08,3.35630210821606e-08,1.56622805504657e-08,6.18368853956519e-08,3.00806498745181e-08,5.45921529606187e-08,2.90907340078667e-08,1.32692379863964e-08,1.1434503131682e-08,2.56208666043436e-08,1.32881750374327e-08,2.47872411775812e-08,1.11654923504738e-08,1.0204427271047e-08,6.78075780152014e-09,1.13968462573061e-08,1.1326716443506e-08,1.26471984217576e-08,9.03831696985315e-09,5.88724867146574e-09,5.89572462443637e-09,9.98901330744336e-09,6.85022999320738e-09,1.09301720579994e-08,5.23707681851903e-09,5.19757222794276e-09,5.07336982048884e-09,5.98495462329699e-09,6.33008659728806e-09,7.45508172401254e-09,1.12676373212668e-08,1.2613308419561e-08,2.3377171249963e-08,1.16041801906457e-08,2.23845019417843e-08,1.93270619337258e-08,1.41805499699929e-08,2.66482453103853e-08,6.43256164404723e-08,2.69925444918818e-08,4.78507128485808e-08,4.61367782065879e-08,2.94573994697848e-08,7.20188930201874e-08,3.10604304369803e-08,5.37290347588562e-08,6.11101327309805e-08,4.75310819479089e-08,6.25080966372444e-08,2.60487982665853e-08,1.15023270119448e-08,5.24002891417491e-08,2.27448919188451e-08,4.54746935118812e-08,2.28484523999752e-08,1.07757486627998e-08,9.02404833610615e-09,1.99812168542609e-08,1.06601086598137e-08,1.89863504483532e-08,9.1062553945258e-09,7.94182593441777e-09,5.77511564256232e-09,9.24923341956662e-09,8.27959988429518e-09,9.71306680322751e-09,6.70908339440701e-09,4.90046730724308e-09,4.41829182184069e-09,7.07701827904715e-09,6.13762196976306e-09,7.75819369628048e-09,4.11930379476308e-09,3.9482625152249e-09,3.69288409205645e-09,5.21352447754579e-09,5.15818353305811e-09,6.38756463850256e-09
9.76278489297687e-09,1.75274112841913e-08,1.53543506611368e-08,1.64941713124635e-08,1.6777456287112e-08,1.47798071290467e-08,1.88975739628578e-08,1.70651980578178e-08,3.68628085872277e-08,1.95246474936267e-08,3.28293472834858e-08,3.11574081104264e-08,1.88958159796482e-08,4.05110925206295e-08,9.47067368213658e-08,3.64143726872019e-08,7.264628022523e-08,6.45832440309485e-08,3.35696693269323e-08,7.74812641780166e-08,3.09680045598792e-08,5.90253620810586e-08,6.12610997707217e-08,4.56829160530422e-08,6.7717197012898e-08,2.66047282846088e-08,1.3687929046267e-08,5.29082634674441e-08,2.46745261210241e-08,4.84377979407983e-08,2.31315642175514e-08,1.20080753998498e-08,1.34115922341647e-08,2.12468164344646e-08,1.35755589925771e-08,2.27173149849771e-08,1.06514119876495e-08,1.09571994559491e-08,7.6365528948753e-09,1.14891876107313e-08,1.19252452714621e-08,1.23506980628555e-08,9.97714706455691e-09,6.5988965845804e-09,5.69711503184904e-09,1.05343031320776e-08,7.85329628035061e-09,1.24145885912678e-08,7.11518243298416e-09,1.29848191377727e-08,1.27905490481987e-08,1.23000100663639e-08,1.4121405923851e-08,1.21355898418235e-08,1.37782019338142e-08,1.38065567741121e-08,3.08522283520047e-08,1.67362192152209e-08,2.56696721699886e-08,2.78492612036272e-08,1.60307478732515e-08,3.3943321277788e-08,6.99318246815919e-08,2.94587324506841e-08,5.67214945164606e-08,5.05531258913266e-08,2.84693359854052e-08,5.73026859187452e-08,2.30476762903541e-08,4.6080839980277e-08,4.49147378870951e-08,3.51003980514481e-08,5.04038799622307e-08,2.02924405279293e-08,1.07279617323321e-08,3.94157352589418e-08,1.90130637510509e-08,3.60108153858321e-08,1.76506944513588e-08,9.26231768857938e-09,1.09086641723514e-08,1.64607675279244e-08,1.05387941149915e-08,1.78997809203971e-08,8.05504635553141e-09,9.00652372624101e-09,6.22418268747096e-09,9.05126067831245e-09,1.03215977295446e-08,1.01167543888128e-08,8.07696225202838e-09,5.26611281524478e-09,4.28330038255435e-09,8.87329011579334e-09,6.06366618477094e-09,1.00611408432928e-08
1.45247356654256e-08,3.04851118508932e-08,5.41270194816493e-08,2.45439144470471e-08,4.48725669731104e-08,3.66095483205613e-08,3.68978362487478e-08,6.13863730736443e-08,6.16525871287122e-08,5.49008082066384e-08,9.99884222762634e-08,8.58127148988937e-08,6.8942998644283e-08,6.821519289037e-08,3.64143726872019e-08,1.12565561870232e-07,5.78630305032764e-08,9.54938575144028e-08,5.8363986775308e-08,2.97683145341798e-08,1.62669511384272e-08,4.83743690875017e-08,2.81036530385712e-08,4.25965659756956e-08,2.56957192229897e-08,1.39618497684381e-08,1.38460609026048e-08,2.40827098423868e-08,1.48860437728841e-08,2.35557403647917e-08,1.16272583936996e-08,1.2533371314446e-08,8.37044196132616e-09,1.2507318415386e-08,1.33361315996397e-08,1.31627541009114e-08,1.12550587678139e-08,7.42439762985433e-09,6.82636510491675e-09,1.18631946871091e-08,8.61892782560257e-09,1.28829100072245e-08,6.47891790583999e-09,5.96580687940993e-09,5.9755897489354e-09,7.42558370182165e-09,7.36083673051288e-09,9.12596371000631e-09,1.21005838569432e-08,2.60932590522756e-08,4.40452857941187e-08,2.26079302258118e-08,3.90635726966083e-08,3.11233704298532e-08,3.03436995833242e-08,5.01483564387968e-08,4.87358876712188e-08,4.68008681288029e-08,7.72252275308011e-08,6.8226026887864e-08,5.67165829903942e-08,5.4871561847404e-08,2.73531059186263e-08,8.80598565222657e-08,4.85975045769406e-08,7.83711162701893e-08,4.71275530429399e-08,2.27739444211186e-08,1.20025369513607e-08,4.10932428705502e-08,2.13684106856788e-08,3.56635294194983e-08,2.0284105034486e-08,1.127043396979e-08,1.07862962541179e-08,1.92897937766187e-08,1.23929791485368e-08,1.78815721381459e-08,9.36362363343423e-09,9.60665899577123e-09,7.59451997657409e-09,1.04323239974991e-08,9.56883392942736e-09,1.03444361884832e-08,8.33761013077355e-09,6.68543420594834e-09,4.85578364108051e-09,8.52139338980803e-09,8.15732588289299e-09,9.05061977247573e-09,5.74802817383401e-09,4.29322700872416e-09,4.12245888179235e-09,7.06892713225e-09,5.34897550973339e-09,8.17364016867888e-09
1.44380186879264e-08,1.7488776622352e-08,2.70610856412098e-08,1.54496588099206e-08,2.54391770403931e-08,2.25404622090374e-08,2.02168508262369e-08,3.08006433755939e-08,6.58394871367021e-08,3.04360057916045e-08,5.23373123055411e-08,4.79735249893347e-08,3.37232279665042e-08,7.30327547703631e-08,7.264628022523e-08,5.78630305032764e-08,1.15568129843967e-07,9.38220709429444e-08,6.18434983943711e-08,5.902137980273e-08,2.7865068514586e-08,9.57326634904614e-08,4.58110509842257e-08,7.51309067670482e-08,5.13816346990538e-08,2.35842060050402e-08,1.27858591567403e-08,3.92725363300553e-08,2.21587390147716e-08,3.62545050873639e-08,2.04853672322861e-08,1.12179638515602e-08,1.40000442526159e-08,1.90228551805266e-08,1.26768988538283e-08,2.0158361744516e-08,9.96410010368165e-09,1.1438784947851e-08,7.19691879668102e-09,1.08282127599361e-08,1.24609643512672e-08,1.17857939446857e-08,1.01943981414088e-08,6.34973584818751e-09,5.78908953102315e-09,1.11012982530688e-08,7.62341023957771e-09,1.29935487545204e-08,1.0344307925448e-08,1.36615205045032e-08,2.40266133057048e-08,1.20101292989166e-08,2.3189644193449e-08,1.95743927337926e-08,1.56187162074641e-08,2.66413730980016e-08,5.33632861053606e-08,2.73507225593471e-08,4.14359868781238e-08,4.12534530392014e-08,2.94996453382155e-08,6.02382373265496e-08,5.67927473476148e-08,4.69588049517605e-08,9.52770458184002e-08,7.77775962365184e-08,5.13577867881572e-08,4.57600311968313e-08,1.97022276048548e-08,7.90908713313253e-08,3.42093525634582e-08,6.0589550865353e-08,4.04108551663732e-08,1.75218908066566e-08,9.98178248529525e-09,3.00546545937702e-08,1.70544951481224e-08,2.80300519212085e-08,1.52436830102406e-08,8.4770268462381e-09,1.14041605885477e-08,1.48732357244276e-08,9.43309460314782e-09,1.59053288392094e-08,7.46031120938064e-09,9.40070220291585e-09,5.53688429468389e-09,8.16328258703019e-09,1.0546915452289e-08,9.26094755766264e-09,8.16835104636655e-09,4.80934384382087e-09,4.13246764855482e-09,9.2140146048495e-09,5.66921462634092e-09,1.04330025017748e-08
1.47668958454715e-08,2.99761077462374e-08,5.00014569420024e-08,2.40176699432305e-08,4.18008754864098e-08,3.40259567140691e-08,3.68506679020179e-08,5.72456914424325e-08,5.18896090659745e-08,5.1812305258825e-08,8.45885322316575e-08,7.38523761307263e-08,6.46052890760691e-08,5.73548872123759e-08,6.45832440309485e-08,9.54938575144028e-08,9.38220709429444e-08,1.41024261646805e-07,4.79149727571664e-08,5.20695482950827e-08,2.60822828190732e-08,7.70567673845882e-08,4.1119835581672e-08,5.97023232332708e-08,4.50685959737856e-08,2.21985190398235e-08,1.39748098930568e-08,3.51009910939476e-08,2.16431403090498e-08,3.30138422035799e-08,1.88770703738435e-08,1.23957900896503e-08,1.58420647662246e-08,1.82919480467451e-08,1.3607507749033e-08,1.92907596011016e-08,1.14407317355654e-08,1.34561631831215e-08,8.02178481618948e-09,1.20312623175265e-08,1.43257748723605e-08,1.31529274642557e-08,1.18694996963211e-08,6.7592280417773e-09,6.63702988330037e-09,1.24156632606327e-08,7.92539152783196e-09,1.42085362092896e-08,1.09067632532422e-08,2.51315653912995e-08,4.14876398697133e-08,2.11179767363416e-08,3.71434847934599e-08,2.94193397997696e-08,3.0208901226348e-08,4.71960600414727e-08,4.15471929628184e-08,4.46244248312278e-08,6.59381102820643e-08,6.08757527343603e-08,5.40066589358822e-08,4.65182721767135e-08,4.91089300422883e-08,7.58331938764964e-08,7.71467454723017e-08,1.15429262201715e-07,3.90662653867059e-08,3.96144105734751e-08,1.88030836269861e-08,6.35211268273161e-08,3.03365070442525e-08,4.77155617078201e-08,3.50171499947747e-08,1.67446374199026e-08,1.10668460646e-08,2.69167516757201e-08,1.69522793911075e-08,2.51394808385752e-08,1.43399552065889e-08,9.64291818004301e-09,1.28277618792768e-08,1.44913466926229e-08,1.0231970632457e-08,1.52201803125079e-08,8.76537840415233e-09,1.09876660252182e-08,5.78505827170686e-09,9.20823624325291e-09,1.20178626739414e-08,1.02918330075581e-08,9.45376147656335e-09,4.68889642410732e-09,4.61146890446145e-09,1.03651429889378e-08,5.83704813665137e-09,1.20332778597621e-08
1.19251677896861e-08,1.45554075537111e-08,2.43200190026223e-08,1.23415544721527e-08,2.35097013440526e-08,2.07164310844604e-08,1.6576862912638e-08,2.73662740086269e-08,6.89665527924812e-08,2.74101060502058e-08,5.32971478335002e-08,4.91682390570404e-08,2.97527702431835e-08,7.61004193445151e-08,3.35696693269323e-08,5.8363986775308e-08,6.18434983943711e-08,4.79149727571664e-08,8.56368547443295e-08,3.7426859528809e-08,1.74192368077381e-08,7.03996651071136e-08,3.36575999200234e-08,6.22740731249639e-08,3.21459426193969e-08,1.47448824539086e-08,1.28947377279048e-08,2.84928109040681e-08,1.48024834637164e-08,2.77577103210298e-08,1.25552188871729e-08,1.13792607742459e-08,7.9998652078042e-09,1.27092647635768e-08,1.2583974415968e-08,1.38869915970287e-08,9.88888978651835e-09,6.87879183473776e-09,6.54911189669919e-09,1.0946137724875e-08,8.19061603080847e-09,1.22360759003287e-08,6.06413002080347e-09,5.75660583397944e-09,5.59245239888723e-09,6.99065797654678e-09,6.84488359352837e-09,8.40192770121766e-09,9.83548939647587e-09,1.15806728415804e-08,2.09477198544784e-08,1.03272743449181e-08,1.91652217686178e-08,1.73451095020193e-08,1.21226373439847e-08,2.35735963145294e-08,5.59116849947215e-08,2.31595009390918e-08,4.11207897370026e-08,3.89367699185648e-08,2.58514586150574e-08,6.25059604090267e-08,2.60572884473217e-08,4.58900396984306e-08,5.24066481680031e-08,4.03420687106514e-08,6.93859863005047e-08,2.88099265442904e-08,1.28206528070075e-08,5.83873250120971e-08,2.56059195244928e-08,5.14892838254057e-08,2.50685948079834e-08,1.18641341526484e-08,9.93543074686543e-09,2.2263065327202e-08,1.16388532589978e-08,2.13421185762488e-08,1.01038167938745e-08,8.77545624747365e-09,6.81344028461358e-09,1.00828556751157e-08,9.32804054425727e-09,1.05372691158997e-08,7.15856199836519e-09,5.79220595043049e-09,4.92171210443148e-09,7.85361347354814e-09,7.05057205417255e-09,8.51910126682934e-09,4.90999462917756e-09,4.36597063261017e-09,4.06588982180379e-09,5.96948747160243e-09,5.61470671210857e-09,7.22351908976776e-09
