2.21657231002757e-08,1.18773929247113e-08,5.56920026442079e-09,1.79841521344227e-08,1.12516049883944e-08,1.68938214603758e-08,9.79450701070616e-09,4.44689675495569e-09,4.38871590759414e-09,9.31171624267618e-09,4.69807204438873e-09,9.63998150593174e-09,3.72044542878627e-09,3.61262519583802e-09,2.42764726500092e-09,3.85906593786346e-09,4.07664478751932e-09,4.5494014864605e-09,2.98866315038432e-09,1.88357311615494e-09,1.39405453911529e-09,3.25017797030296e-09,1.90177784573649e-09,3.34231863116101e-09,1.62835630333483e-09,1.22735272960827e-09,1.12721513613821e-09,1.64700540869515e-09,1.38136793972752e-09,1.71905905776606e-09,1.16323419952292e-09,1.02381568545601e-09,9.09467773417926e-10,1.26508441027453e-09,1.12884427699431e-09,1.43180640513943e-09,8.95869740690883e-10,7.83519774335962e-10,8.15040506615554e-10,9.5949034084393e-10,9.86876884770881e-10,1.07637985887223e-09,7.98087090133084e-10,7.87544311414405e-10,7.47063475371512e-10,1.00275105210956e-09,8.95199672400891e-10,1.03407173465154e-09,1.00044994032242e-08,5.08888410355775e-09,1.59664114406568e-09,8.23988671097543e-09,4.88029578342193e-09,7.7070316288444e-09,3.76461731502729e-09,1.41580123583794e-09,1.22798425100669e-09,3.64673294719269e-09,1.40004846975888e-09,3.29170953536313e-09,1.33625029380062e-09,1.07471055666325e-09,1.01354443398934e-09,1.25965043093531e-09,1.0786928395839e-09,1.25107503662512e-09,1.00629396727413e-09,8.26049970245531e-10,4.54885721261535e-10,1.14314712493144e-09,8.97975731916329e-10,1.13189820267563e-09,6.82921178783274e-10,4.48330687471454e-10,4.02043007890836e-10,7.65388018258716e-10,3.00724150302454e-10,7.10852838085502e-10,3.77002365130906e-10,2.74034664741849e-10,3.91930103249549e-10,3.11300039802429e-10,4.49900599753552e-10,5.35677381338651e-10,2.42399001593129e-10,3.91334091870643e-10,3.59140044635727e-10,3.84412255810651e-10,3.68557394913382e-10,3.43645836578801e-10,3.94693948806823e-10,3.36284833367222e-10,9.16447122626319e-11,4.26171683054319e-10,3.92385921514032e-10,4.05424437166845e-10
1.18773929247113e-08,5.04748249615859e-08,1.37262584966264e-08,2.48475027179221e-08,4.28585031410827e-08,1.93034873545184e-08,4.08447702296858e-08,1.10712627138392e-08,5.97858449089785e-09,3.45364634916121e-08,1.05435725915023e-08,3.42761762737872e-08,9.51922796816176e-09,5.16652460829662e-09,5.73872048102277e-09,8.99183317040877e-09,6.13259308675876e-09,9.96456054857042e-09,4.12390266344176e-09,4.74506228176755e-09,2.56495759266953e-09,4.83964092244047e-09,4.98865687858535e-09,4.85967896285058e-09,3.83235623277499e-09,2.17392710987739e-09,1.95059155476613e-09,4.04052648822574e-09,2.5279089173313e-09,4.3004505242995e-09,1.97896428405333e-09,1.66674600853501e-09,1.53679461147155e-09,2.21373499207024e-09,1.85255612494903e-09,2.38114113940678e-09,1.55945547983225e-09,1.33086293579328e-09,1.30833667659434e-09,1.65210597732969e-09,1.66351148879027e-09,1.90705858757409e-09,1.28019109812842e-09,1.29404660729449e-09,1.33860662431249e-09,1.55773634353509e-09,1.62043222280987e-09,1.74223628276471e-09,5.03855032480513e-09,1.5027421246068e-08,5.02726576274678e-09,1.05119507986496e-08,1.32463885404928e-08,8.23696683302171e-09,1.24941593531098e-08,4.66041703241358e-09,1.42118764947373e-09,1.13869322666153e-08,4.02347728069184e-09,9.83337730331468e-09,4.11563290836996e-09,1.30561246471895e-09,1.83240693264773e-09,3.5626424084526e-09,1.605643316742e-09,3.36275601889972e-09,1.02769963586372e-09,1.59902535581983e-09,7.00641497895731e-10,1.49485915979725e-09,2.11986850659598e-09,1.16569378795566e-09,1.27900186818679e-09,6.61734091463249e-10,3.47490104030409e-10,1.57795909725183e-09,4.02446706609951e-10,8.57780688178246e-10,6.40491950312047e-10,1.44357674408759e-10,4.65141525551824e-10,4.33206564706966e-10,5.79705447240605e-10,6.46878596683288e-10,2.68168824967231e-10,4.6672598158685e-10,4.79913003115324e-10,4.51088485185586e-10,6.16550216835971e-10,6.51295545803429e-10,4.60801155479303e-10,4.5277548397346e-10,5.34496870042559e-10,6.63206288044092e-10,6.27340890089635e-10,7.09657804617801e-10
5.56920026442079e-09,1.37262584966264e-08,3.09001296923504e-08,1.1414711138923e-08,2.49572063217732e-08,2.19824347184305e-08,1.1081704317818e-08,2.41201545141024e-08,1.0139831739205e-08,1.95283330334931e-08,1.8968585510489e-08,1.56615258941592e-08,2.05929777571969e-08,8.6171302133202e-09,4.99444495771605e-09,1.61437691224757e-08,8.79147433686741e-09,1.61920868142826e-08,6.75496049921853e-09,4.04850815090285e-09,4.25135383447261e-09,6.96472298219301e-09,4.21957788038758e-09,6.88469056504214e-09,3.2583915740141e-09,3.65847637144412e-09,1.92897239613927e-09,3.42201446576538e-09,4.02192506425870e-09,3.49752298310442e-09,3.14522227243383e-09,1.66351337844982e-09,1.68617034535697e-09,3.44505652154356e-09,1.74612270364839e-09,3.77724133252221e-09,1.48214254127623e-09,1.3300498053466e-09,1.15339192762196e-09,1.50175909873886e-09,1.565257926507e-09,1.78259544990802e-09,1.41049557055343e-09,1.01207783752463e-09,1.13111147161105e-09,1.58823133058296e-09,1.24167132634533e-09,1.53407895605882e-09,2.70351215965108e-09,4.72448632761672e-09,1.13033943993515e-08,4.27618214705011e-09,8.76657991029442e-09,9.00720828652881e-09,3.96495162200735e-09,1.00075112715039e-08,3.65197271809178e-09,7.42710561197109e-09,7.7581567405548e-09,5.89860172897048e-09,8.55010324941649e-09,3.15050404628825e-09,1.89335639170903e-09,6.50175444511975e-09,2.96515484288239e-09,6.04412350217616e-09,2.61914820466184e-09,1.62345248795607e-09,1.63244967597279e-09,2.68598441409528e-09,1.82535375310383e-09,2.44726630539214e-09,1.2333492694155e-09,1.59204386054351e-09,5.02999909982382e-10,1.58362906280734e-09,1.65019037823656e-09,1.28642600488312e-09,1.39082041083276e-09,4.1027810280835e-10,6.74538643294318e-10,1.56119010048231e-09,8.57913373131799e-10,1.51447205790038e-09,4.08141114734852e-10,5.73963153796482e-10,5.49387061447397e-10,6.95216859862277e-10,4.8270389816099e-10,6.68813872374171e-10,6.39663912975935e-10,5.2675358114212e-10,4.83211595768048e-10,5.22000484627017e-10,4.55170305885247e-10,4.58775372230209e-10
1.79841521344227e-08,2.48475027179221e-08,1.1414711138923e-08,3.2927044574236e-08,1.92993214063617e-08,2.56562483103343e-08,2.03900200894735e-08,9.2353988888017e-09,5.35949414496454e-09,1.57218329211599e-08,8.70198044050628e-09,1.52580683049325e-08,7.80990808552767e-09,4.54396977710669e-09,5.65726489702368e-09,7.31755958725607e-09,5.32700021905661e-09,8.06034578697123e-09,3.53065032389442e-09,4.58467941206076e-09,2.06177720073518e-09,4.02495538049387e-09,4.73310890243752e-09,3.83382224774944e-09,3.88286297215513e-09,1.81541956155505e-09,1.5263170288673e-09,3.98421402911115e-09,1.986917895626e-09,4.0707766385603e-09,1.75177528493857e-09,1.42217234151858e-09,1.23328215153591e-09,1.87230181124886e-09,1.53388793247087e-09,2.02930202167881e-09,1.3024115927621e-09,1.10952975327721e-09,1.08215257359844e-09,1.36092633095921e-09,1.42824870570506e-09,1.59131942602849e-09,1.07420621898775e-09,1.10080906462846e-09,1.05360709347577e-09,1.41272566583096e-09,1.33423752027333e-09,1.55249120181585e-09,8.32237629006832e-09,1.02959750197724e-08,4.44957254208965e-09,1.46979280902689e-08,7.98311375045528e-09,1.19785573154507e-08,8.58914741928752e-09,3.9462557449684e-09,1.61813103333132e-09,6.67505342067895e-09,3.01150177598871e-09,5.84618579410235e-09,3.46385005017635e-09,1.42984170466553e-09,2.30036949874432e-09,2.6314075359958e-09,1.55502195797718e-09,2.83740940714769e-09,1.17342261362714e-09,2.08047339186985e-09,6.14941529282987e-10,1.35919800291352e-09,2.02879707964735e-09,1.12721707031767e-09,1.56727235360749e-09,6.20367450038581e-10,3.41937009329422e-10,1.61874036786754e-09,4.01109607168388e-10,1.20928108628551e-09,5.97336015901533e-10,2.05781679254466e-10,3.51340956906831e-10,3.81384556174701e-10,4.79254758336657e-10,7.46608974075419e-10,2.4513113443943e-10,3.79497793125609e-10,4.57013146494173e-10,3.89820068845936e-10,4.76747980867264e-10,4.77732254853739e-10,3.90480766460244e-10,4.83716945090263e-10,3.34608165273111e-10,6.25677512522201e-10,5.72415817149175e-10,6.07951810182237e-10
1.12516049883944e-08,4.28585031410827e-08,2.49572063217732e-08,1.92993214063617e-08,5.95706665078308e-08,3.1573631881765e-08,3.45412248135911e-08,1.95192423937654e-08,1.00455386027834e-08,4.74171204954309e-08,1.57695517140975e-08,4.21188382256378e-08,1.66351617660885e-08,8.63513602384911e-09,5.49275616632558e-09,1.3399397428969e-08,9.34606203654795e-09,1.4054930071227e-08,6.89644390112954e-09,4.51707509933632e-09,4.44170432783806e-09,7.52123435873107e-09,4.57764478167829e-09,7.52611590464279e-09,3.62150030594516e-09,3.89265604303387e-09,2.50217238697725e-09,3.72285703748706e-09,4.61049941916071e-09,4.01026589148534e-09,3.48888060659835e-09,2.13814715425445e-09,1.98642689094452e-09,3.9516785475644e-09,2.33521444654253e-09,4.12356780740512e-09,1.9595169853718e-09,1.58973613345547e-09,1.64184807878924e-09,2.05421756669204e-09,1.99839972750896e-09,2.36351302031438e-09,1.5381685911872e-09,1.63730580600623e-09,1.46542875921783e-09,1.94117195218066e-09,1.75734974345386e-09,2.02651259601398e-09,4.92081925205519e-09,1.04738542679809e-08,9.22413091686727e-09,7.11604800674765e-09,1.79350595271744e-08,1.29182154937074e-08,8.80190663538645e-09,7.96979787453173e-09,3.55270605760292e-09,1.52522398324956e-08,6.64936470527435e-09,1.38262034859134e-08,6.93259265154489e-09,3.17234927378837e-09,1.43772714925403e-09,5.75675191342328e-09,2.61652798257327e-09,4.92846213860898e-09,2.60787539615815e-09,1.3536440731258e-09,1.13273464640163e-09,2.45018954469373e-09,1.74556293215482e-09,2.35560346673219e-09,1.26198188731439e-09,1.15689163028237e-09,4.4699499511592e-10,1.54886143501626e-09,9.56843459832218e-10,9.47402143364393e-10,1.08819985623471e-09,3.93573010586696e-10,5.81443990822691e-10,1.09885384674142e-09,7.71792594093091e-10,1.23883272049426e-09,5.08802195282629e-10,5.26779494948145e-10,6.95091016315865e-10,5.96111616769506e-10,6.32668610038136e-10,7.13486211854382e-10,6.05497987799346e-10,6.33837629547363e-10,4.93030554716805e-10,7.53389619401546e-10,7.65112255468933e-10,6.62818071410672e-10
1.68938214603758e-08,1.93034873545184e-08,2.19824347184305e-08,2.56562483103343e-08,3.1573631881765e-08,4.02715894327106e-08,1.5734411469761e-08,1.69544112406562e-08,8.91553369952559e-09,2.49127610545256e-08,1.32074958186424e-08,2.07798355577323e-08,1.43459596023379e-08,7.56710079864693e-09,4.95972181768399e-09,1.11803215139205e-08,8.09967302252324e-09,1.15849595625753e-08,5.88608029473983e-09,3.94887596303012e-09,3.96581682576533e-09,6.31928774255796e-09,3.9904228553073e-09,6.23639752916397e-09,3.21543280368691e-09,3.59661358173051e-09,1.97915503796774e-09,3.26376130414387e-09,3.89763321467284e-09,3.38016116789622e-09,3.30109556355545e-09,1.82374942697877e-09,1.62872924337619e-09,3.59939603102627e-09,1.96442787141714e-09,3.73785250487431e-09,1.60144190848609e-09,1.31977367911187e-09,1.39155758563763e-09,1.69099397283422e-09,1.66515484418555e-09,1.97281515502693e-09,1.3285148956512e-09,1.41304660684154e-09,1.21859586749263e-09,1.70921622814762e-09,1.47954544418473e-09,1.75058175703945e-09,7.93003820531441e-09,6.63274888720008e-09,8.34172356644449e-09,1.05815393271487e-08,1.23452400083355e-08,1.75666277600904e-08,5.51578731473477e-09,7.0536064329063e-09,3.43134019156966e-09,1.03069702355856e-08,5.00902956888657e-09,8.53623941568559e-09,6.15734667733738e-09,2.99431473790079e-09,1.7088741075269e-09,4.28732375729287e-09,2.56970963186813e-09,4.01662109960687e-09,2.49648563427068e-09,1.61863251603914e-09,1.10676227005705e-09,2.2855576897013e-09,1.5244680132639e-09,2.15008606382524e-09,1.24491652612815e-09,1.0806006434835e-09,4.86456541766997e-10,1.32295160312192e-09,1.1576227733047e-09,9.67274438573556e-10,9.84893379752695e-10,4.65432439007015e-10,4.84775453169529e-10,1.122375893127e-09,7.84718167210248e-10,1.32527914435613e-09,4.50295698566971e-10,4.27379127659291e-10,5.43759342438755e-10,5.8607431405537e-10,4.3821292146845e-10,6.02295402862419e-10,5.20937956615421e-10,6.00129766713444e-10,3.0276434546912e-10,6.91805174179112e-10,5.60902895261366e-10,5.15665196419242e-10
9.79450701070616e-09,4.08447702296858e-08,1.1081704317818e-08,2.03900200894735e-08,3.45412248135911e-08,1.5734411469761e-08,5.65600829063233e-08,1.41640935553332e-08,7.24521124326226e-09,4.89750157286338e-08,1.3827263045502e-08,4.95004921959654e-08,1.22160496582609e-08,6.14126285552423e-09,6.77510659202229e-09,1.1825531173818e-08,7.22647154630849e-09,1.29806777104719e-08,4.90914063434806e-09,5.51504515848765e-09,3.05013855499014e-09,5.65945349090196e-09,5.88982343436863e-09,5.73485644415492e-09,4.48057953402334e-09,2.54893518870121e-09,2.22715448242042e-09,4.81643130302568e-09,2.88505781079238e-09,5.05292978326811e-09,2.25945854071402e-09,1.85253192423156e-09,1.644728552432e-09,2.44850101776352e-09,2.05829099779055e-09,2.61155426355327e-09,1.68596027505137e-09,1.3643723123077e-09,1.47757979307308e-09,1.78877871671335e-09,1.72223106534174e-09,2.11587989429556e-09,1.23899733902407e-09,1.22229241783553e-09,1.29226209568925e-09,1.47961122341395e-09,1.6132321275468e-09,1.7206796192931e-09,4.19193011576544e-09,1.25023044683188e-08,4.65429268030686e-09,8.87013084320302e-09,1.13867634145091e-08,7.20380962135557e-09,1.87725321152146e-08,6.38792061539648e-09,2.12110760753069e-09,1.78732119092551e-08,5.80051193717034e-09,1.59846901842297e-08,5.55222488026116e-09,1.71387820845762e-09,1.55411860806962e-09,4.85596896194598e-09,1.97458299846914e-09,4.97473065369345e-09,1.32788153446574e-09,1.59188189395673e-09,8.30715522528279e-10,1.76252388948992e-09,2.16041929225407e-09,1.42931595083846e-09,1.28444478883938e-09,7.41301179851855e-10,4.92401539854236e-10,1.52272527012941e-09,6.18211125571741e-10,8.59924842505607e-10,6.58449665325109e-10,1.6519008421844e-10,4.94796590498287e-10,4.8519167876284e-10,6.07387666109923e-10,6.45065590026424e-10,2.82731187641853e-10,4.30616672784705e-10,5.19484790003798e-10,4.84951584356655e-10,6.50479462132157e-10,6.76305963078392e-10,4.63639906927805e-10,5.29426904419597e-10,4.24097273433827e-10,6.84804259822538e-10,5.9934318705158e-10,5.76349357240214e-10
4.44689675495569e-09,1.10712627138392e-08,2.41201545141024e-08,9.2353988888017e-09,1.95192423937654e-08,1.69544112406562e-08,1.41640935553332e-08,2.86721126183067e-08,1.18704495667303e-08,2.43203337910715e-08,2.28719980933069e-08,1.99890136107508e-08,2.42779165344041e-08,9.95496267534871e-09,5.81309468467632e-09,1.9304024100252e-08,1.01313640062707e-08,1.93794768224105e-08,7.72599246100799e-09,4.70241225282591e-09,4.74664071348605e-09,7.96159300569208e-09,4.88947819334361e-09,7.8912085100055e-09,3.84251995443843e-09,4.07475304437378e-09,2.19804466194773e-09,3.99604311270189e-09,4.49357294715448e-09,4.03579264073496e-09,3.51382070291841e-09,1.9041974669619e-09,1.87226174387513e-09,3.84628760831483e-09,2.02334717159383e-09,4.17237784127347e-09,1.66530707310791e-09,1.44703072195539e-09,1.35258811975119e-09,1.73451919135819e-09,1.72580718314922e-09,2.06226456766601e-09,1.26515412245317e-09,1.11302625459362e-09,1.01013264177947e-09,1.46575310215712e-09,1.20842875563883e-09,1.53996624205202e-09,2.25748496393138e-09,3.96728270699205e-09,1.00010895458292e-08,3.62546521929791e-09,7.4240690283891e-09,7.4209169788038e-09,5.63679212236121e-09,1.2202832537051e-08,4.34284833948240e-09,1.00706144132767e-08,9.93961903509049e-09,8.53936347696951e-09,1.03555002740989e-08,3.619728333631e-09,2.07658686201907e-09,8.24814684849616e-09,3.26746604785288e-09,7.63011013493686e-09,2.88279843339496e-09,1.77680188935787e-09,1.87768832960838e-09,2.89418967239096e-09,1.9922162420581e-09,2.65751385525543e-09,1.38176125228498e-09,1.73737706635013e-09,5.87840298068937e-10,1.7510521796318e-09,1.83466702557299e-09,1.30200591551596e-09,1.56384703466366e-09,4.45186732857411e-10,7.01221279859495e-10,1.69306019551504e-09,1.00078392822107e-09,1.65426904757399e-09,3.99202080175877e-10,6.27904593954597e-10,6.81720355981161e-10,8.13227705355233e-10,6.18455746518865e-10,8.24562288169502e-10,5.78439012620303e-10,5.5203773361857e-10,3.75980510452042e-10,5.05261789157176e-10,5.04792361723111e-10,4.89931194752985e-10
4.38871590759414e-09,5.97858449089785e-09,1.0139831739205e-08,5.35949414496454e-09,1.00455386027834e-08,8.91553369952559e-09,7.24521124326226e-09,1.18704495667303e-08,2.99570660006433e-08,1.20485815839951e-08,2.27881644607003e-08,2.23760821180864e-08,9.95827104291665e-09,2.43269770619333e-08,1.12217267601019e-08,1.85227968612746e-08,2.0561324428954e-08,1.56820732003567e-08,1.92898189561236e-08,8.98462392812838e-09,4.42989372918985e-09,1.631937746214e-08,8.12529848067043e-09,1.52225576046271e-08,6.99952881285339e-09,3.4311774711072e-09,3.45874924526151e-09,6.22785902540141e-09,3.55612726662711e-09,6.12373043135512e-09,2.81801209869455e-09,2.98714993175812e-09,1.85314054915218e-09,2.86675647934741e-09,3.3522673684068e-09,3.09971663904618e-09,2.63388492897052e-09,1.63783126004791e-09,1.41737392743767e-09,3.00658720058325e-09,1.93761744413924e-09,3.13697208536738e-09,1.36309834069123e-09,1.17409729392159e-09,9.46455443849616e-10,1.62806056939273e-09,1.1690815130299e-09,1.64423273845204e-09,2.0131865547276e-09,2.1413447454578e-09,3.76563446333123e-09,1.85432153019018e-09,3.96811161813832e-09,3.53235915049383e-09,2.80688631265703e-09,4.2185241647922e-09,1.13698983982594e-08,5.06506083198426e-09,7.58118556241031e-09,8.36714530273253e-09,3.74464503364299e-09,9.86542208336153e-09,4.79260218165253e-09,6.71659933929836e-09,8.06725081911317e-09,5.5691630260385e-09,7.98894128733809e-09,4.04308598080258e-09,1.93851741985838e-09,6.78463871614756e-09,3.58977181080866e-09,6.1881507770653e-09,3.12270483844527e-09,1.62006939038232e-09,1.08070994743952e-09,2.93158546349942e-09,1.53008761301956e-09,2.22571079637369e-09,1.37298910934538e-09,7.21701154713686e-10,5.46343277084617e-10,1.34172319638621e-09,1.01395762551929e-09,1.03546517078734e-09,5.76440566675631e-10,6.02563830577697e-10,6.6724380637621e-10,9.76554931360384e-10,7.28327689456331e-10,7.8111503080122e-10,5.28134746258744e-10,6.4222216004796e-10,4.34379991712979e-10,7.33376544285159e-10,8.26835571487089e-10,9.10267093647372e-10
9.31171624267618e-09,3.45364634916121e-08,1.95283330334931e-08,1.57218329211599e-08,4.74171204954309e-08,2.49127610545256e-08,4.89750157286338e-08,2.43203337910715e-08,1.20485815839951e-08,6.51244104724833e-08,2.02404336495387e-08,5.94372825889324e-08,2.06863049725753e-08,1.01608472989154e-08,6.41075283414074e-09,1.72195371059921e-08,1.0843040787705e-08,1.79834874765909e-08,8.10979088708122e-09,5.28978095478292e-09,5.05814046311639e-09,8.70844064691845e-09,5.47356624491405e-09,8.8183411887865e-09,4.31402584301576e-09,4.41001646301933e-09,2.84627223198633e-09,4.49628302802347e-09,5.15212307254586e-09,4.77007214211763e-09,3.91123195958165e-09,2.43088864961279e-09,2.17753087221849e-09,4.35633009164277e-09,2.64599539707528e-09,4.49461485482889e-09,2.15194922236459e-09,1.66806207759545e-09,1.80641771535306e-09,2.27746466546822e-09,2.0766949278668e-09,2.66413611326929e-09,1.50528065816034e-09,1.48723908024867e-09,1.48063156750146e-09,1.78270800241473e-09,1.75293831529227e-09,1.98862072015381e-09,4.22932974096951e-09,8.81006087627226e-09,7.96153763191593e-09,6.17108939508821e-09,1.52507081592157e-08,1.07431908893898e-08,1.56841074933894e-08,1.04064924423653e-08,4.35155336991794e-09,2.37510449325177e-08,9.14088573363526e-09,2.20242240574336e-08,8.95263452275564e-09,3.65493901948101e-09,1.37969437927103e-09,7.66985372646752e-09,2.93153462106979e-09,6.9585157744511e-09,2.9190878815898e-09,1.36715931953246e-09,1.17571616470756e-09,2.68797732765981e-09,1.87594800892695e-09,2.68373869426138e-09,1.33309047966658e-09,1.14457382931992e-09,6.53543490526848e-10,1.6540548425317e-09,1.1849168171094e-09,1.19339949567068e-09,1.04441369858901e-09,4.93827628865893e-10,5.28058365506735e-10,1.155813831642e-09,9.24797087692589e-10,1.03394358530722e-09,5.41887899700316e-10,4.50740015588812e-10,7.57267166981297e-10,7.2556431310536e-10,6.89988535699095e-10,8.04291766238445e-10,4.91754962902917e-10,6.74695169384947e-10,3.68972351229567e-10,6.10548379461715e-10,6.5328772391411e-10,4.4160576930407e-10
4.69807204438873e-09,1.05435725915023e-08,1.8968585510489e-08,8.70198044050628e-09,1.57695517140975e-08,1.32074958186424e-08,1.3827263045502e-08,2.28719980933069e-08,2.27881644607003e-08,2.02404336495387e-08,3.69089097406773e-08,3.26358732206844e-08,1.93067955115871e-08,1.85212778794489e-08,9.95211675821157e-09,3.02921237665974e-08,1.55974312424537e-08,2.60347737726129e-08,1.46210543127914e-08,7.93440226951424e-09,4.31996079129073e-09,1.24178768082105e-08,7.46349189489765e-09,1.16612847910431e-08,6.29726291297441e-09,3.44651190126355e-09,3.75319409031129e-09,5.81506449745908e-09,3.79622703780865e-09,5.79586190495133e-09,2.84500841137459e-09,3.30115008212317e-09,2.11719044741861e-09,3.06581681308305e-09,3.65479185566122e-09,3.28340856214381e-09,2.94727585511465e-09,1.81508789126787e-09,1.68546914616415e-09,3.29895877811716e-09,2.1698381424103e-09,3.47685435205282e-09,1.5468172454198e-09,1.38313611270359e-09,1.18242509646982e-09,1.80905635090319e-09,1.50157805506313e-09,1.92267288818629e-09,2.51253354602916e-09,3.8392514721657e-09,7.49752219456337e-09,3.63720699749171e-09,5.9305549765631e-09,5.83625268088147e-09,5.5902778415689e-09,9.32122887135451e-09,8.8757597466591e-09,8.37302982711888e-09,1.44126759192635e-08,1.31886709229641e-08,7.91887648493392e-09,7.40541190235026e-09,4.02203100885152e-09,1.20286000680634e-08,5.69183366826843e-09,1.02364794309375e-08,5.99871021362015e-09,3.32663659806409e-09,1.84202445178038e-09,4.90131736284479e-09,3.2342956091482e-09,4.67575758902793e-09,2.56377607051814e-09,1.37045656087019e-09,1.0816534354559e-09,2.53493137191205e-09,1.18369959131314e-09,1.6074740505474e-09,1.2183371911731e-09,7.13428875730445e-10,7.37360551291091e-10,1.04684382527945e-09,1.21280236554145e-09,1.23471065725616e-09,6.08273358022316e-10,7.12396709784729e-10,8.71493650950868e-10,1.12439341828441e-09,8.31766287932987e-10,9.08943354226043e-10,6.32952023488107e-10,7.48663114719846e-10,5.87474667871495e-10,7.45134057035475e-10,9.41509903591381e-10,8.65750698879591e-10
9.63998150593174e-09,3.42761762737872e-08,1.56615258941592e-08,1.52580683049325e-08,4.21188382256378e-08,2.07798355577323e-08,4.95004921959654e-08,1.99890136107508e-08,2.23760821180864e-08,5.94372825889324e-08,3.26358732206844e-08,8.02984038085329e-08,1.70083592890385e-08,1.84370132927879e-08,1.05271658723576e-08,2.70786669659992e-08,1.63914535045147e-08,2.44386498169013e-08,1.48604249434866e-08,8.59245567510048e-09,5.11394510068096e-09,1.32661222623276e-08,8.31914713440461e-09,1.27536510464247e-08,6.91290768365248e-09,4.19808552145134e-09,4.49782789756287e-09,6.68138168137955e-09,4.73750416175797e-09,6.77345239448776e-09,3.60949752819668e-09,4.02039084810457e-09,2.6451856055266e-09,3.88207454013084e-09,4.3162092308849e-09,4.10395163368835e-09,3.58272568507245e-09,2.22988909448751e-09,2.26309162855859e-09,3.82607370593068e-09,2.8362045588844e-09,4.21108549668377e-09,1.94021125797934e-09,1.88804841736926e-09,1.69586838735836e-09,2.35039113106579e-09,2.06409992438651e-09,2.4480016404603e-09,4.52724993323377e-09,8.27118253064778e-09,5.9824893179459e-09,6.11274072734285e-09,1.35504405656327e-08,9.29624080515866e-09,1.52821780609845e-08,8.3419209145677e-09,8.12698820738255e-09,2.15871596878262e-08,1.32495565899313e-08,2.79020114378228e-08,7.2179645117028e-09,6.93668004436845e-09,3.63240828124833e-09,1.13689148319403e-08,5.68222602157412e-09,9.6467939185652e-09,5.63722239686534e-09,3.31566016957402e-09,2.19234194414583e-09,5.02915429817421e-09,3.62687337990979e-09,4.7232269235163e-09,2.79274410271915e-09,1.9133465064549e-09,1.01194715889121e-09,2.90806430848906e-09,1.68689685106579e-09,2.01248786756763e-09,1.75150240019473e-09,6.3002370265604e-10,7.0885850622081e-10,1.64939634385229e-09,9.1199878160734e-10,1.5229365431946e-09,6.1770951484463e-10,7.00465248003009e-10,9.75929522261072e-10,8.31510769715302e-10,1.07157201489607e-09,9.71379029879479e-10,7.09190036885313e-10,8.11701689503008e-10,5.30801804226443e-10,9.09692678643305e-10,1.10372585672313e-09,1.000240520516e-09
3.72044542878627e-09,9.51922796816176e-09,2.05929777571969e-08,7.80990808552767e-09,1.66351617660885e-08,1.43459596023379e-08,1.22160496582609e-08,2.42779165344041e-08,9.95827104291665e-09,2.06863049725753e-08,1.93067955115871e-08,1.70083592890385e-08,2.9227949694966e-08,1.18638310380492e-08,6.90026081241223e-09,2.30105411891866e-08,1.21118973659685e-08,2.30297396842553e-08,9.23469976921243e-09,5.57243382473951e-09,5.53870642440073e-09,9.49139333089614e-09,5.75765625706286e-09,9.56137298030236e-09,4.46420204413398e-09,4.60264075938903e-09,2.52243964779357e-09,4.59097691035943e-09,5.11798079301206e-09,4.62592913794908e-09,3.94361800767599e-09,2.13194796286289e-09,2.21731235148172e-09,4.33946262940481e-09,2.35514951991684e-09,4.68199042493085e-09,1.84233832272547e-09,1.71346540508959e-09,1.62450056756046e-09,1.9823509315774e-09,2.05303698535114e-09,2.40414601768838e-09,1.47644733169798e-09,1.33004300547575e-09,1.19171050708536e-09,1.71905662974924e-09,1.48093925597391e-09,1.86493566323149e-09,1.91521951475779e-09,3.59162211781122e-09,8.54100133168263e-09,3.31686377295586e-09,6.4950274906095e-09,6.565577446755e-09,5.07199312675121e-09,1.0356072507103e-08,3.61834922785207e-09,8.67911010587776e-09,8.24918937611538e-09,7.31348255739085e-09,1.2472241653779e-08,4.74109558517266e-09,2.84067587925088e-09,9.90088646203064e-09,4.37747247892528e-09,9.20986197364037e-09,3.76719010658662e-09,2.31253515658038e-09,2.26870491591424e-09,3.69373146964759e-09,2.57343971283351e-09,3.67336235811961e-09,1.73505789305262e-09,2.01344219666836e-09,6.46417977282812e-10,2.07405810913651e-09,2.28735750276403e-09,1.45439143291013e-09,1.82987974330663e-09,4.56383425766944e-10,9.0690568109359e-10,1.98912056210242e-09,1.03111072445898e-09,1.91355257611293e-09,3.85541633492024e-10,8.4227604040327e-10,7.45902949383164e-10,8.48162075443948e-10,7.32366037069855e-10,8.56805994729662e-10,7.14707071710027e-10,6.30408350804079e-10,3.95989711184972e-10,5.79124519378785e-10,6.03359933001126e-10,6.01037467095549e-10
3.61262519583802e-09,5.16652460829662e-09,8.6171302133202e-09,4.54396977710669e-09,8.63513602384911e-09,7.56710079864693e-09,6.14126285552423e-09,9.95496267534871e-09,2.43269770619333e-08,1.01608472989154e-08,1.85212778794489e-08,1.84370132927879e-08,1.18638310380492e-08,2.89595706554901e-08,1.33015088346749e-08,2.20816237013103e-08,2.44937130159445e-08,1.87516076031457e-08,2.30089183181771e-08,1.05780188973595e-08,5.17523847401516e-09,1.94209798391629e-08,9.74924580362427e-09,1.84118619512991e-08,8.16006705794506e-09,3.94236144469921e-09,3.88382486556858e-09,7.43326208215964e-09,4.08042277802678e-09,7.26218018494573e-09,3.21055594347261e-09,3.29867568374073e-09,2.24235177990113e-09,3.28359225671907e-09,3.77990952504744e-09,3.56177979535511e-09,2.8680836297461e-09,1.88320774803626e-09,1.66584631007944e-09,3.28892595916935e-09,2.2882161320917e-09,3.49609835034844e-09,1.57522052740028e-09,1.36425779785155e-09,1.11682548579134e-09,1.91803941138141e-09,1.37400117088061e-09,1.94423882448243e-09,1.66599529685285e-09,1.92883710839879e-09,3.32871449371368e-09,1.70467098452592e-09,3.60948168471461e-09,3.2718449551374e-09,2.30516229737326e-09,3.74435925876628e-09,9.86204031878735e-09,4.28083895849471e-09,6.71653825803092e-09,7.11843986502319e-09,4.80516130440617e-09,1.24537510551919e-08,6.00454446201797e-09,8.69580755122209e-09,1.00748957575779e-08,7.14912713203571e-09,9.73461185694801e-09,5.09971380824372e-09,2.11437108962614e-09,8.14289127180561e-09,4.86659931458453e-09,7.84397630832004e-09,3.88040147474249e-09,1.74452926102035e-09,1.23431141099139e-09,3.96488179925659e-09,1.72909758143609e-09,2.97823260057287e-09,1.47039585638345e-09,8.30718351674886e-10,4.76917449218357e-10,1.49828615863739e-09,1.17984301553807e-09,1.12788437980298e-09,6.18791053676397e-10,6.04046662972276e-10,8.31063721736948e-10,1.0658358669309e-09,7.77174518373989e-10,9.65844883700932e-10,5.12526542708711e-10,7.48255686601827e-10,4.52029197022634e-10,7.66521066152600e-10,8.64921426702105e-10,8.5310076364179e-10
2.42764726500092e-09,5.73872048102277e-09,4.99444495771605e-09,5.65726489702368e-09,5.49275616632558e-09,4.95972181768399e-09,6.77510659202229e-09,5.81309468467632e-09,1.12217267601019e-08,6.41075283414074e-09,9.95211675821157e-09,1.05271658723576e-08,6.90026081241223e-09,1.33015088346749e-08,4.08490688276997e-08,1.18716805056471e-08,3.14464849896718e-08,2.89238633605823e-08,1.05820376957682e-08,3.17803679525367e-08,1.2584059113161e-08,2.46199989633597e-08,2.32568107994943e-08,1.73656552412818e-08,2.47326655922569e-08,9.36279112550804e-09,5.26485446285349e-09,1.74517021977784e-08,8.80005971451631e-09,1.63960514625039e-08,7.21339062329411e-09,4.14869742106641e-09,5.84781880181952e-09,6.7081166138565e-09,4.64021820430187e-09,6.99952501404302e-09,3.41134710357646e-09,5.01651461367944e-09,2.44056418631734e-09,3.68712350440011e-09,5.53701064924923e-09,4.01867960966481e-09,4.35368935999488e-09,2.0508724405195e-09,1.64118671620693e-09,4.78792403680175e-09,2.19943588196677e-09,4.97285766572173e-09,7.34794021293249e-10,3.01767215692486e-09,2.09442306131758e-09,2.73369754833053e-09,1.77069770495962e-09,1.87586295913627e-09,3.19391806861151e-09,2.54585119529578e-09,4.20562385885037e-09,2.06452372925939e-09,3.53689853295182e-09,4.15031532469377e-09,3.33880587887245e-09,5.5587130958684e-09,1.60034346902507e-08,4.65772982118474e-09,1.22212375831403e-08,1.05136831658586e-08,4.30822021364784e-09,1.34086185707698e-08,5.73026173004788e-09,9.81828566053544e-09,1.05971373694374e-08,7.48948941391143e-09,1.01391116299478e-08,4.72243325096482e-09,1.92109992751805e-09,8.15521841424989e-09,3.93318621719158e-09,6.66671373204985e-09,3.99700185184129e-09,1.37846842984003e-09,1.42471252622492e-09,3.20908323237184e-09,1.83876042208029e-09,3.49386843308566e-09,1.0279005593853e-09,1.25792587682708e-09,9.38791468199283e-10,1.40161311340665e-09,1.6028884229632e-09,1.83616133023095e-09,1.12634239654347e-09,8.70196563317377e-10,5.87840694611605e-10,1.54664601220095e-09,8.91939628420582e-10,1.54833815941195e-09
3.85906593786346e-09,8.99183317040877e-09,1.61437691224757e-08,7.31755958725607e-09,1.3399397428969e-08,1.11803215139205e-08,1.1825531173818e-08,1.9304024100252e-08,1.85227968612746e-08,1.72195371059921e-08,3.02921237665974e-08,2.70786669659992e-08,2.30105411891866e-08,2.20816237013103e-08,1.18716805056471e-08,3.62071288465012e-08,1.86495462842861e-08,3.10987198991404e-08,1.74059888181166e-08,9.33355182879255e-09,5.07670701502905e-09,1.47341008777701e-08,8.8485332063e-09,1.40693553360732e-08,7.33836130418747e-09,3.9977659557343e-09,4.22300266627102e-09,6.8547314468969e-09,4.36570275707744e-09,6.81869855240114e-09,3.32079013167028e-09,3.67459784184108e-09,2.55786594819086e-09,3.56446801187438e-09,4.15132387766631e-09,3.79335338003221e-09,3.24009129140943e-09,2.12975917232161e-09,1.97601621414878e-09,3.66103967979599e-09,2.5728386556822e-09,3.91553888827056e-09,1.83356981152783e-09,1.63203682327826e-09,1.39279471163378e-09,2.1675589344204e-09,1.76302718096888e-09,2.29665944347375e-09,2.05631287439426e-09,3.38612511795697e-09,6.46135046548824e-09,3.23575044466922e-09,5.34960258312142e-09,5.29006636183876e-09,4.87519133670707e-09,7.91889982327192e-09,7.401945813093e-09,7.29996951762317e-09,1.20290275596161e-08,1.11746304839603e-08,9.99574183634358e-09,9.6064657547889e-09,4.92516780302841e-09,1.49814184351239e-08,7.39894427219444e-09,1.26802432649311e-08,7.53352093342952e-09,4.07737848751787e-09,2.06293883723357e-09,6.04811192520829e-09,4.21491413363398e-09,6.14718699858755e-09,3.05110472840381e-09,1.54200161982697e-09,1.26917899396157e-09,3.24535954660895e-09,1.53215400248389e-09,2.10737181492824e-09,1.43460755629577e-09,8.34975716702666e-10,8.98370343392048e-10,1.31097213385441e-09,1.45388425203576e-09,1.49816007939234e-09,6.76547703425939e-10,8.78114318106904e-10,1.00674400278798e-09,1.29733692556109e-09,9.57750375381636e-10,1.08968487541758e-09,7.53903563466243e-10,8.81604739091739e-10,6.01519294456656e-10,8.81424820340858e-10,9.9703601652801e-10,9.14481154423638e-10
4.07664478751932e-09,6.13259308675876e-09,8.79147433686741e-09,5.32700021905661e-09,9.34606203654795e-09,8.09967302252324e-09,7.22647154630849e-09,1.01313640062707e-08,2.0561324428954e-08,1.0843040787705e-08,1.55974312424537e-08,1.63914535045147e-08,1.21118973659685e-08,2.44937130159445e-08,3.14464849896718e-08,1.86495462842861e-08,4.82404678990266e-08,3.91653081298897e-08,1.94254385751462e-08,2.46193556692227e-08,1.13260747809157e-08,3.79764308516161e-08,1.74191531880387e-08,2.85842144750298e-08,1.92405463733131e-08,8.4516819051308e-09,5.38912474528576e-09,1.29730067078582e-08,8.0002399188479e-09,1.22100091867263e-08,6.57345804847003e-09,4.34163729079584e-09,6.3520379235349e-09,6.11623094984996e-09,4.79283264405112e-09,6.47026055157482e-09,3.58845027268779e-09,5.34955118454144e-09,2.57616039153776e-09,3.8414943416214e-09,6.09748269425529e-09,4.38907564158405e-09,4.6100556509023e-09,2.11531491775947e-09,1.74990973408566e-09,5.19128753668604e-09,2.18410416289743e-09,5.25308541358067e-09,1.33168353102427e-09,2.07709210530305e-09,3.13213877042316e-09,1.95485865264542e-09,3.59406467052556e-09,3.32399123817269e-09,2.48596791257558e-09,3.6440751029278e-09,7.971613201569e-09,4.18347282458869e-09,5.44976052449159e-09,6.63772386225413e-09,4.85305976553131e-09,1.05495334484323e-08,1.31900634406799e-08,7.30748355613973e-09,1.98365245267416e-08,1.50235096140399e-08,8.57421775040313e-09,1.08387263483364e-08,5.03775941305577e-09,1.60728362604418e-08,8.2767951913657e-09,1.25685316228039e-08,8.30072231861854e-09,4.11360680239086e-09,2.18399810556895e-09,6.54820601666233e-09,3.45324513445299e-09,5.32630793161149e-09,3.45426634985901e-09,1.6451549926986e-09,1.58086052740422e-09,2.76168277239559e-09,2.174041981577e-09,2.94815468375553e-09,1.23200333815946e-09,1.52150480568304e-09,1.0555162720087e-09,1.71824788291843e-09,1.87440325556553e-09,2.09383955920324e-09,1.39684310398614e-09,9.37589008899145e-10,5.01750575156873e-10,1.82176836192025e-09,9.71384076845462e-10,1.81807941212077e-09
4.5494014864605e-09,9.96456054857042e-09,1.61920868142826e-08,8.06034578697123e-09,1.4054930071227e-08,1.15849595625753e-08,1.29806777104719e-08,1.93794768224105e-08,1.56820732003567e-08,1.79834874765909e-08,2.60347737726129e-08,2.44386498169013e-08,2.30297396842553e-08,1.87516076031457e-08,2.89238633605823e-08,3.10987198991404e-08,3.91653081298897e-08,5.57984788781596e-08,1.48127956661183e-08,2.26796983225452e-08,1.10887467242099e-08,3.09057833402161e-08,1.61025142396982e-08,2.29435081193209e-08,1.78364928812949e-08,8.3455272308611e-09,5.68929516498199e-09,1.20872662412517e-08,8.07020047396886e-09,1.14104906675226e-08,6.55705881691857e-09,4.53377431314844e-09,6.68983088749757e-09,6.15362145421402e-09,4.99710882061744e-09,6.54776428256825e-09,3.72487206862991e-09,5.57727121824567e-09,2.94092852243087e-09,3.99738373076645e-09,6.34797989396693e-09,4.6399571912811e-09,4.83998308843486e-09,2.44347397030991e-09,1.89989833034169e-09,5.47904507237594e-09,2.56153856023888e-09,5.5969169877374e-09,2.22336262807738e-09,3.48254584542040e-09,6.17529596983387e-09,3.57931557401697e-09,5.39781364181915e-09,5.43918605254062e-09,5.01608449085849e-09,7.72126207363346e-09,5.68727587030895e-09,7.29899295398659e-09,1.01393240042443e-08,1.01262465543254e-08,9.88443305173218e-09,7.7292966651488e-09,1.1654936888732e-08,1.29260786457012e-08,1.64163427863341e-08,2.20815576659651e-08,6.21001149624008e-09,9.48699341700586e-09,4.94466017803888e-09,1.31587859927752e-08,7.53128837077976e-09,1.01482124325841e-08,7.46906292293109e-09,3.85948521590596e-09,2.28182601818765e-09,5.78977853466088e-09,3.24958728288793e-09,4.56126600991537e-09,3.40868024373549e-09,1.66840100586551e-09,1.90790148965643e-09,2.64206054482399e-09,2.45159289278158e-09,3.21838174313661e-09,1.29275366154542e-09,1.75848365672345e-09,1.17683461141954e-09,1.9124440899175e-09,1.99180345870534e-09,2.06409327196373e-09,1.56203816755038e-09,1.02672029070959e-09,7.59967498661508e-10,1.87560710646527e-09,1.2482200984175e-09,1.99018649743289e-09
2.98866315038432e-09,4.12390266344176e-09,6.75496049921853e-09,3.53065032389442e-09,6.89644390112954e-09,5.88608029473983e-09,4.90914063434806e-09,7.72599246100799e-09,1.92898189561236e-08,8.10979088708122e-09,1.46210543127914e-08,1.48604249434866e-08,9.23469976921243e-09,2.30089183181771e-08,1.05820376957682e-08,1.74059888181166e-08,1.94254385751462e-08,1.48127956661183e-08,2.78692975303248e-08,1.22103108116308e-08,6.14353761952869e-09,2.31855539744254e-08,1.12034654152731e-08,2.19368075185623e-08,9.48848466289005e-09,4.76332451276817e-09,4.77157059969754e-09,8.5915449733831e-09,4.86240174406852e-09,8.49299829982118e-09,3.7634364520654e-09,4.03319521415653e-09,2.53022360874867e-09,3.8130821947643e-09,4.39000210370074e-09,4.14121993619278e-09,3.3794298983945e-09,2.09911850727529e-09,1.94617912811032e-09,3.76578876081641e-09,2.67345329198105e-09,4.13913884669359e-09,1.75877565442228e-09,1.51981440188149e-09,1.3807148945174e-09,2.12335002573182e-09,1.58685762188417e-09,2.2140107744271e-09,1.40368900902893e-09,1.66453920831699e-09,2.66856688674003e-09,1.40873664456851e-09,2.84741364405096e-09,2.45941212398961e-09,2.09370369426228e-09,3.02557152318917e-09,7.97559803036962e-09,3.48978461568308e-09,5.63548453361775e-09,6.08720699312282e-09,3.85441290291076e-09,9.72991973830795e-09,5.09626659460408e-09,7.08212143459564e-09,8.14200986758591e-09,6.11186389159338e-09,1.27876712123854e-08,6.0741194211554e-09,2.75353146552166e-09,1.0102566000922e-08,5.98193781659485e-09,1.00205657745504e-08,4.68907955221219e-09,2.20093588730539e-09,1.6721094361353e-09,4.91118403026584e-09,2.01116064093768e-09,3.72844497954738e-09,1.91891251349033e-09,1.24465058626724e-09,7.02082678230662e-10,1.80462134461703e-09,1.58097982622659e-09,1.42227931880556e-09,7.99548813447284e-10,7.42171378908289e-10,8.57557469662534e-10,1.27745880953383e-09,9.23167266241384e-10,1.08381027134754e-09,5.91602067509042e-10,8.29402148861404e-10,5.98980409122834e-10,8.48435134179154e-10,9.15704468027979e-10,9.13246689461183e-10
