4.85562193290735e-07,2.05766222262309e-07,7.4238567762696e-08,3.51019978621059e-07,1.85874864236969e-07,3.07298575558228e-07,1.77213275009901e-07,6.30424421629601e-08,6.12784004824637e-08,1.57290678679461e-07,5.51070062530527e-08,1.32647028849424e-07,5.60782793071274e-08,5.61168694587627e-08,3.47157608335911e-08,4.88315530850192e-08,5.70012987632106e-08,4.04737128111469e-08,5.02869823318343e-08,3.10131195883205e-08,2.53230971763024e-08,5.15298531971827e-08,2.98340301467621e-08,4.77188615687425e-08,2.74726622939209e-08,2.24228097285923e-08,1.68493241299226e-08,2.64300517091493e-08,2.21769725262178e-08,2.6828946054905e-08,1.99609813149956e-08,1.49965727451489e-08,9.71287564737426e-09,1.97464970287686e-08,1.31185553715399e-08,1.96029004134581e-08,1.27115461809195e-08,7.12403778995667e-09,9.6750748839639e-09,1.20028172107362e-08,1.19412563241579e-08,1.38090486976465e-08,7.82100495610745e-09,9.54247389021015e-09,1.37180372727298e-08,1.25308252837626e-08,1.62988435026149e-08,1.78147019813006e-08,4.15563679079253e-07,1.64235462648203e-07,7.30666492191607e-08,2.97866603912743e-07,1.51119383979727e-07,2.65822473457988e-07,1.4145270670242e-07,6.15194317646423e-08,5.30523002201449e-08,1.27936292959876e-07,4.59239002598595e-08,9.6198409875805e-08,5.47882414558234e-08,4.89254969851101e-08,3.00422095004434e-08,3.89095870412075e-08,5.05181521187043e-08,3.27794319346935e-08,4.39024445428687e-08,2.70516183999034e-08,1.97885735717619e-08,4.59796292810653e-08,2.21152048405577e-08,3.73936221787241e-08,2.39613518119662e-08,1.75238935156393e-08,1.42521324758401e-08,1.95933856915965e-08,1.94968311119515e-08,2.33323903277544e-08,1.5599278854587e-08,1.26857793258217e-08,9.67120724803571e-09,1.73598042940853e-08,1.35886402698827e-08,2.10749160316722e-08,1.18595330721191e-08,9.13118457689165e-09,8.04235606888866e-09,1.29787354411542e-08,1.23485200741344e-08,1.40710725570752e-08,8.94531074566112e-09,8.0477450249434e-09,1.13840900347721e-08,1.2733945499986e-08,1.30340738475668e-08,1.66476991305761e-08
2.05766222262309e-07,9.47083778958015e-07,2.49557011185624e-07,4.21057034738083e-07,7.95637228800178e-07,3.27610698593915e-07,7.98720391472613e-07,2.04645143682491e-07,7.14608222569209e-08,6.66171973888233e-07,1.57111904602919e-07,5.69269763409995e-07,1.81655955391131e-07,6.22670304177306e-08,7.55893122591146e-08,1.3669787911523e-07,6.24676743606713e-08,1.20556700529386e-07,5.34219847938659e-08,6.89239506014233e-08,4.93135407978556e-08,5.33801835896011e-08,8.08545839089069e-08,5.60383154544706e-08,6.11939587760366e-08,4.3735111620856e-08,2.6114286661893e-08,7.17579141868738e-08,4.52252807109936e-08,7.30648131619063e-08,3.90992091201076e-08,2.3360679532511e-08,2.06026510563906e-08,4.04527302248934e-08,2.47746682740138e-08,4.18005262050855e-08,2.12538022083049e-08,1.77743479612638e-08,2.05067839998001e-08,2.26645907654284e-08,2.28140994955172e-08,2.57427878122519e-08,2.06847491453208e-08,2.19576320053914e-08,1.78468027988237e-08,2.57879551055445e-08,2.46248599409124e-08,2.74049625898733e-08,1.8930452556454e-07,6.91888697069183e-07,2.19101294420662e-07,3.74054169589498e-07,5.40196010158796e-07,2.86044274188945e-07,5.8994852554717e-07,1.81954190022629e-07,5.85702810994126e-08,4.60573675628692e-07,1.31841241307463e-07,3.65284332489088e-07,1.61519047585838e-07,5.01984293312231e-08,7.42898850470958e-08,1.14397323949547e-07,5.06896089350937e-08,9.49097267099739e-08,4.18603696129504e-08,6.76494279934376e-08,4.51113480761106e-08,4.34783623267559e-08,7.46398699995447e-08,4.95292596006354e-08,6.00257011504256e-08,4.00081071082085e-08,2.23544218180201e-08,6.62155597897764e-08,4.02097704976941e-08,6.87810380617511e-08,3.57323431276236e-08,2.0001609841388e-08,1.90100108357407e-08,3.59619235386878e-08,2.39423872071818e-08,3.94623718341432e-08,1.84583779317206e-08,1.65966964048649e-08,1.70001165690273e-08,2.1342246756701e-08,1.86182539628546e-08,2.1872881571395e-08,1.93274362847114e-08,1.96107956641957e-08,1.63237545832133e-08,2.19986682355928e-08,2.26875708193308e-08,2.40242239073751e-08
7.4238567762696e-08,2.49557011185624e-07,6.16404570879334e-07,1.72570494869832e-07,5.08746384926993e-07,3.78456818223103e-07,2.05161625343159e-07,4.92571452677035e-07,1.90085863615578e-07,4.05449061372823e-07,3.52465145389163e-07,3.00864774424179e-07,4.41062404733186e-07,1.72127522429791e-07,6.60063818522934e-08,3.16849825805575e-07,1.43017369545935e-07,2.62964006489614e-07,1.48511552646651e-07,5.80125268518824e-08,5.58213822796433e-08,1.24168081755833e-07,5.56906132447981e-08,1.11050481793868e-07,5.15968262442698e-08,4.95222803057296e-08,2.55424498304618e-08,4.95497602084372e-08,5.06349305012486e-08,4.83397690304275e-08,4.43098692341031e-08,2.2896695064618e-08,1.89709468663445e-08,4.53364155734385e-08,2.4657320656605e-08,4.67034296261924e-08,2.0292457143416e-08,1.75119385249261e-08,1.82580198314592e-08,2.23101935129965e-08,2.25788917133862e-08,2.3829851383736e-08,2.16311950593865e-08,1.98990063516855e-08,1.92804796226902e-08,2.76722210975058e-08,2.08753099898917e-08,2.69505034104786e-08,5.95033934814452e-08,2.10511315251294e-07,5.43084221646877e-07,1.47193737161912e-07,4.19752588215688e-07,3.26323853427359e-07,1.74383842365865e-07,4.36629736895708e-07,1.60087073026618e-07,3.37634586651139e-07,3.06908991774911e-07,2.40133917480251e-07,3.90832668870629e-07,1.45250803181851e-07,5.55574509843991e-08,2.76839268985361e-07,1.17823068958693e-07,2.24805071584552e-07,1.23247251941248e-07,4.87116188524003e-08,4.77039102731324e-08,1.02680596809058e-07,4.58630027358781e-08,9.3079564800065e-08,4.33137202816938e-08,4.23280117341704e-08,2.25940203416596e-08,4.0797597743713e-08,4.34153555603277e-08,3.83711715002352e-08,3.78452641108745e-08,2.0253741300473e-08,1.86638419097836e-08,3.88768913715218e-08,2.40774963979968e-08,4.35835827569568e-08,1.83422161580798e-08,1.63359139495106e-08,1.60545265662646e-08,2.00251549003627e-08,1.99521853862325e-08,2.19853382352781e-08,1.89953129786568e-08,1.70491951243504e-08,1.61967783603791e-08,2.2861307579683e-08,1.7457274733018e-08,2.33164014347004e-08
3.51019978621059e-07,4.21057034738083e-07,1.72570494869832e-07,6.27122317473776e-07,3.10917772852713e-07,4.62540738845492e-07,3.58720997337483e-07,1.41804994614107e-07,6.43184267871884e-08,2.63126325108725e-07,1.11774041184715e-07,2.08749224723334e-07,1.26219137712645e-07,5.68235764962176e-08,7.10553270155326e-08,9.75987247598514e-08,5.54187372143729e-08,8.77735716507171e-08,4.90524130112956e-08,6.26172711345663e-08,3.48109356461887e-08,4.7579860476229e-08,6.8024429982169e-08,4.39977333372586e-08,5.55381515395648e-08,3.08654618165694e-08,2.07694249557689e-08,6.03269381339336e-08,3.40719495680622e-08,6.27064935864696e-08,2.75756274642585e-08,1.85539877254117e-08,1.57819708106048e-08,3.04437623266515e-08,1.87714609778795e-08,3.0800671726647e-08,1.73091438703475e-08,1.44447114670426e-08,1.59447562942986e-08,1.85145617799891e-08,1.976532925329e-08,2.19435885091005e-08,1.60209459910347e-08,1.64067603490053e-08,1.67028685337672e-08,2.13354203151505e-08,2.0668057505728e-08,2.22359201145761e-08,2.96606388390112e-07,3.50509813854208e-07,1.59190016527613e-07,5.3043800400669e-07,2.57275553482585e-07,3.96803251971202e-07,2.97918064423245e-07,1.32342940161901e-07,5.56956524049585e-08,2.16879014745027e-07,9.65670139320932e-08,1.62859963502809e-07,1.18030499331732e-07,4.83367607293022e-08,6.31771863217997e-08,8.32156046072988e-08,4.31782389399537e-08,7.10618123142742e-08,4.1683160948558e-08,5.61945047512512e-08,2.9185236352567e-08,3.81936540372735e-08,5.67810186779863e-08,3.53698678887596e-08,4.98290592870422e-08,2.58818226671227e-08,2.10978847673141e-08,5.03503940566373e-08,3.18028205992824e-08,5.58225097581875e-08,2.31121538698532e-08,1.88351130159994e-08,1.49929798756707e-08,2.84062962110594e-08,1.86501045745781e-08,2.8355416962758e-08,1.70345464147304e-08,1.50268664672534e-08,1.45605844990779e-08,1.78350798717026e-08,1.8604131122276e-08,2.05645312286574e-08,1.56457056674417e-08,1.45164182559925e-08,1.51896629917126e-08,2.00771413426077e-08,1.75714244480384e-08,2.09664042281197e-08
1.85874864236969e-07,7.95637228800178e-07,5.08746384926993e-07,3.10917772852713e-07,1.27318500616829e-06,6.09249331127133e-07,6.66620263151367e-07,4.05022742652366e-07,1.65115188688523e-07,1.02852501631305e-06,2.84785663282616e-07,8.09041487854259e-07,3.5936373891916e-07,1.48565580674133e-07,6.73473383623772e-08,2.54136987416082e-07,1.21926962730392e-07,2.0371202797302e-07,1.27439585323024e-07,6.0112228936538e-08,7.41636094170743e-08,1.05754778106617e-07,6.69816893047724e-08,1.0296210665113e-07,5.35438351164446e-08,6.57965443967919e-08,3.84882464161531e-08,5.96333149563594e-08,6.92011153056934e-08,5.78144653817984e-08,5.88755977176443e-08,3.44697977722628e-08,2.59284061803631e-08,6.1952144080018e-08,3.59947490243191e-08,6.41556281537948e-08,2.98772699815596e-08,2.16411784496845e-08,2.46183504747191e-08,3.02183980696528e-08,2.87196026929612e-08,3.1835041677847e-08,2.67838840246979e-08,2.47193941393917e-08,2.44671803151146e-08,3.29944141965027e-08,3.01632498790431e-08,3.66141364565729e-08,1.74972221641273e-07,5.63211570683295e-07,4.40051585685118e-07,2.85927482964011e-07,9.0592426344911e-07,5.32557206605239e-07,4.80634394420513e-07,3.53597143298022e-07,1.28413743190002e-07,7.44040875811797e-07,2.35500287063699e-07,5.41757927030115e-07,3.11524982990347e-07,1.14763810432773e-07,5.60437366811112e-08,2.09527173493744e-07,9.35085700201704e-08,1.64666240888558e-07,9.64516750360456e-08,5.14916836347881e-08,6.50921818571108e-08,8.23086962196398e-08,5.82071516357751e-08,8.54694207432403e-08,4.5844855027118e-08,5.77543908692336e-08,3.24030429473728e-08,5.17940937566034e-08,5.97291395348595e-08,4.64403678355437e-08,5.16332391111721e-08,2.90311703170846e-08,2.50348344138188e-08,5.34759949142264e-08,3.46559619211145e-08,5.9516399633168e-08,2.54145440508385e-08,2.08887156441679e-08,2.06199543839451e-08,2.81496692551868e-08,2.54787341649287e-08,2.86502286540668e-08,2.50499610218206e-08,2.09357638408308e-08,2.06901926448333e-08,2.85196431548051e-08,2.53203449376096e-08,3.11250696422964e-08
3.07298575558228e-07,3.27610698593915e-07,3.78456818223103e-07,4.62540738845492e-07,6.09249331127133e-07,7.96901466178055e-07,2.75301567734581e-07,3.01173433888289e-07,1.34014778277915e-07,4.93787561321211e-07,2.04605296705059e-07,3.53047948938498e-07,2.66824797267693e-07,1.20488571436796e-07,5.47073687876645e-08,1.82550803232464e-07,1.02558295068578e-07,1.5007185166922e-07,1.03940119527724e-07,4.84107051825422e-08,5.4136176790827e-08,8.95351869519957e-08,4.66969481052059e-08,7.9148760264153e-08,4.30714968117497e-08,4.80175260371584e-08,2.76823346184325e-08,4.15617777401818e-08,5.2575289682589e-08,4.12401756286992e-08,4.29403674086241e-08,2.47774491016497e-08,1.76357692857602e-08,4.70248564334569e-08,2.27325055136407e-08,4.80503404275382e-08,2.17941731178659e-08,1.56232235401133e-08,1.74466207929529e-08,2.05532850514409e-08,2.11180438621066e-08,2.31543841465222e-08,2.01392086945443e-08,1.94401377494581e-08,2.02927705826047e-08,2.61902987364619e-08,2.29346531973155e-08,2.78541415392908e-08,2.66787308730744e-07,2.69282267865886e-07,3.32092067500758e-07,3.99621260728008e-07,5.04347220020293e-07,6.85623019551357e-07,2.26280294731217e-07,2.6852995927165e-07,1.08371248602441e-07,4.10641094336215e-07,1.70802605142831e-07,2.76116641046692e-07,2.36682729528177e-07,9.80250727557567e-08,4.51788850267684e-08,1.52431953128853e-07,7.97264924367507e-08,1.23560720984701e-07,8.43427902104355e-08,4.10266169717671e-08,4.40295585791273e-08,7.07238776333155e-08,3.84760568672926e-08,6.61990536714028e-08,3.64903785481296e-08,3.90641333186941e-08,2.63989793994291e-08,3.42375016570192e-08,4.67244321759892e-08,3.38804913659552e-08,3.49199021210442e-08,2.36168651322083e-08,1.92851875862584e-08,4.17865157982607e-08,2.31259950200965e-08,4.40793482028502e-08,2.05663277448651e-08,1.70022807016524e-08,1.59409333389482e-08,1.9515885582786e-08,2.10415616104894e-08,2.09946093675387e-08,1.91895676795607e-08,1.7136313042646e-08,1.71707363727547e-08,2.42742190628322e-08,1.96223722651023e-08,2.4542477252562e-08
1.77213275009901e-07,7.98720391472613e-07,2.05161625343159e-07,3.58720997337483e-07,6.66620263151367e-07,2.75301567734581e-07,9.87808405796265e-07,2.38948585142234e-07,7.87373742583229e-08,8.34720999676836e-07,1.86342055724427e-07,7.3019722229758e-07,2.12739082676561e-07,6.90537212409276e-08,7.87711334422515e-08,1.64232510260937e-07,7.2513355248333e-08,1.48189777212244e-07,5.94699405540026e-08,7.11274459924891e-08,4.86601954796219e-08,6.2732154342758e-08,8.01522806131472e-08,6.20008150311698e-08,6.30587333687412e-08,4.3116355275869e-08,2.54247610806494e-08,7.10486659871976e-08,4.41774179724621e-08,7.08062208306302e-08,3.84523943597227e-08,2.26838064628877e-08,1.93968781108087e-08,3.94121335058332e-08,2.33399455688403e-08,3.95489495707931e-08,2.07396699562329e-08,1.73230632256461e-08,2.02291665975276e-08,2.1996734500373e-08,2.24516697926601e-08,2.50595435500304e-08,1.7183615717376e-08,1.97295950422748e-08,1.61075160267984e-08,2.21316374531285e-08,2.29292402655681e-08,2.49425785095393e-08,1.6358028770891e-07,5.89795279037736e-07,1.82331266786455e-07,3.17269687804901e-07,4.60743657045662e-07,2.40698051783486e-07,7.48411999662071e-07,2.07542658135447e-07,6.27997401224066e-08,5.96316976690674e-07,1.52557236259613e-07,4.78861899471564e-07,1.8486073484241e-07,5.39292470717827e-08,7.84925099793487e-08,1.3444943685552e-07,6.03136850902839e-08,1.20635976729978e-07,4.49778071152743e-08,7.03720883252864e-08,4.36062487639756e-08,5.26717177228095e-08,7.40866794666365e-08,5.35031401819843e-08,6.23671284162548e-08,3.86391226394887e-08,2.0121698162391e-08,6.56564591255487e-08,3.8617824356586e-08,6.57057987018191e-08,3.44418684830791e-08,1.79604969668307e-08,1.70533895915027e-08,3.445180822246e-08,2.2750243562331e-08,3.6517112673194e-08,1.68998354404335e-08,1.57453189738367e-08,1.71180850839285e-08,2.08397251602329e-08,1.9315941749966e-08,2.13037570603388e-08,1.52495317215597e-08,1.6971642600869e-08,1.43133111564019e-08,1.91725716316023e-08,2.08088182968903e-08,2.21072444759738e-08
6.30424421629601e-08,2.04645143682491e-07,4.92571452677035e-07,1.41804994614107e-07,4.05022742652366e-07,3.01173433888289e-07,2.38948585142234e-07,5.40760526593035e-07,2.03158002694008e-07,4.5819568406078e-07,3.89061414109716e-07,3.43546157286002e-07,4.83306930872331e-07,1.83145020206864e-07,6.63888219705964e-08,3.49451830048315e-07,1.50128177734844e-07,2.91560026345768e-07,1.58230510562726e-07,5.83917801607077e-08,5.573361305156e-08,1.30315659578072e-07,5.59259256413535e-08,1.16296041724978e-07,5.17376251863919e-08,4.93518267713755e-08,2.50597600414349e-08,4.9557373189008e-08,5.06307495759026e-08,4.69654119248837e-08,4.39369042991128e-08,2.23213037729296e-08,1.75345829558738e-08,4.50829085283779e-08,2.31839294911333e-08,4.57538668969417e-08,1.93989914644602e-08,1.63156499318916e-08,1.90658031639095e-08,2.08015727500337e-08,2.26213414681131e-08,2.38404714738699e-08,1.55089764416165e-08,1.78050389800045e-08,1.88143365502029e-08,2.12312714144249e-08,1.94301599027787e-08,2.16449832478566e-08,5.22215553200013e-08,1.73901848215675e-07,4.36608152564908e-07,1.21982912586412e-07,3.37242957290037e-07,2.61501896006812e-07,2.01517834088624e-07,4.75843875290213e-07,1.70340411160924e-07,3.7591003802983e-07,3.33952560971392e-07,2.70407477086156e-07,4.26528251278067e-07,1.54424020161975e-07,5.70588456980219e-08,3.00216625320512e-07,1.26096979382724e-07,2.48017775449148e-07,1.30729739409066e-07,4.96828835628313e-08,4.80893331738238e-08,1.08872434960795e-07,4.73065218094204e-08,9.84890907476877e-08,4.40177877325635e-08,4.25843819652434e-08,2.12669619526466e-08,4.19160034576222e-08,4.40272851947836e-08,3.83299286018168e-08,3.79045921396202e-08,1.89447123555616e-08,1.71896343779813e-08,3.92031518286472e-08,2.31619658961306e-08,4.27497865284616e-08,1.68034737012388e-08,1.52304555422069e-08,1.60413920139706e-08,1.93416474338929e-08,2.02180278105704e-08,2.15140377632472e-08,1.41200163891302e-08,1.53663616693632e-08,1.46738344631567e-08,1.89449771783812e-08,1.60542375460099e-08,1.9348317293957e-08
6.12784004824637e-08,7.14608222569209e-08,1.90085863615578e-07,6.43184267871884e-08,1.65115188688523e-07,1.34014778277915e-07,7.87373742583229e-08,2.03158002694008e-07,5.46592502114569e-07,1.85327203787798e-07,4.01214303834153e-07,3.5254586579845e-07,1.83161244468415e-07,4.83559606430997e-07,2.00222667719169e-07,3.5331688141441e-07,3.83649737195941e-07,2.74254463640293e-07,4.22241824849863e-07,1.74618880450524e-07,6.4245347349238e-08,3.3562804375912e-07,1.41362005998772e-07,2.81229882852602e-07,1.5466085016046e-07,5.69167420491986e-08,4.2993825927387e-08,1.25234146945788e-07,5.13720847248914e-08,1.10508946027737e-07,5.07381506970322e-08,3.83124581610959e-08,2.60175819926169e-08,4.58292147309483e-08,3.61284495388756e-08,4.7097411663719e-08,3.28347661039551e-08,2.40445446755156e-08,2.27256405075141e-08,3.28400433722097e-08,2.94741835552406e-08,3.76016018527682e-08,2.20991503053025e-08,1.95437986487072e-08,2.28875906319203e-08,2.61730913776268e-08,2.47332732857172e-08,3.02956180311571e-08,4.35675448264425e-08,5.90303559407436e-08,1.71681185347035e-07,5.32983362303561e-08,1.4586932063246e-07,1.21195581592596e-07,6.36766946791027e-08,1.82685421635811e-07,4.68246610696641e-07,1.58228879226913e-07,3.44657720230701e-07,2.9738714030126e-07,1.64597585876904e-07,4.14132724485721e-07,1.62751280230199e-07,3.03132671612287e-07,3.24201448650525e-07,2.30319791278569e-07,3.59386629419146e-07,1.42411644197167e-07,5.15515193201946e-08,2.82301463927374e-07,1.14702133492067e-07,2.37910470548219e-07,1.26132405256238e-07,4.56778799201752e-08,3.69722442424362e-08,1.01613329517076e-07,4.58054491952512e-08,9.23327848378041e-08,4.07130879982891e-08,3.29490127441553e-08,2.40827721410418e-08,4.08597456392883e-08,3.3150967688866e-08,4.25032933474835e-08,2.77945368074439e-08,2.18530923918755e-08,2.02214828962326e-08,2.91993166500227e-08,2.63780509670816e-08,3.32293603900759e-08,1.92171426884937e-08,1.78954173960675e-08,1.95682381641218e-08,2.3178406325292e-08,2.21648843390727e-08,2.61777253692213e-08
1.57290678679461e-07,6.66171973888233e-07,4.05449061372823e-07,2.63126325108725e-07,1.02852501631305e-06,4.93787561321211e-07,8.34720999676836e-07,4.5819568406078e-07,1.85327203787798e-07,1.25388845554979e-06,3.27709127135819e-07,1.01001943071246e-06,4.05856263397361e-07,1.65536916455312e-07,7.09483192592074e-08,2.92132690869006e-07,1.3791583578461e-07,2.39341258136184e-07,1.42373147790073e-07,6.29701313329796e-08,7.38665894820807e-08,1.20199145563663e-07,6.81485981918683e-08,1.14020450057943e-07,5.58323810695446e-08,6.54191355308794e-08,3.70312266801581e-08,6.04182495155608e-08,7.01904911531884e-08,5.70179476180029e-08,5.8266704062273e-08,3.29940557268611e-08,2.42915974197877e-08,6.25230837149361e-08,3.34506189286362e-08,6.13565440314519e-08,2.85291499110614e-08,2.06011194610601e-08,2.53636660406933e-08,2.83261409086838e-08,2.85547649289743e-08,3.0452729482822e-08,2.07011808236162e-08,2.43759764473632e-08,2.55174170733665e-08,2.79885799140132e-08,3.17335766154031e-08,3.29264328862854e-08,1.50780412911344e-07,4.80089545145761e-07,3.53889658737041e-07,2.41620929847379e-07,7.43841261797628e-07,4.35133685386018e-07,6.19351491644367e-07,3.96237486600432e-07,1.47136616811723e-07,9.12324811376339e-07,2.66418251846642e-07,6.80672983351493e-07,3.49734927903501e-07,1.32687495452506e-07,6.01414950654023e-08,2.38307471948286e-07,1.11420732419192e-07,1.97257725725139e-07,1.12086745766483e-07,5.40959400313985e-08,6.42193129701266e-08,9.7476871103001e-08,5.97929473331474e-08,9.716659663926e-08,4.79575469503622e-08,5.68773528762199e-08,2.79329278672615e-08,5.30010761284213e-08,6.03160698858355e-08,4.55238901660887e-08,5.06456239519625e-08,2.48981630583158e-08,2.42075939766649e-08,5.37289513094459e-08,3.30802251847764e-08,5.84276147474009e-08,2.15867026923095e-08,2.07268777092987e-08,2.26487312666301e-08,2.71712867692258e-08,2.74050615050006e-08,2.73258974677252e-08,2.01282852676326e-08,2.23089752872816e-08,2.14368197830174e-08,2.62846526879429e-08,2.74330465142982e-08,2.8541148727923e-08
5.51070062530527e-08,1.57111904602919e-07,3.52465145389163e-07,1.11774041184715e-07,2.84785663282616e-07,2.04605296705059e-07,1.86342055724427e-07,3.89061414109716e-07,4.01214303834153e-07,3.27709127135819e-07,6.55562289169902e-07,5.40487369551187e-07,3.49468606078509e-07,3.53314162027683e-07,1.57301721668525e-07,5.78249416737567e-07,2.71508521888059e-07,4.54462604376249e-07,3.07676416711432e-07,1.36670945344311e-07,6.00519998625529e-08,2.36317685839164e-07,1.12294819817032e-07,1.94925576727171e-07,1.2108462365572e-07,5.32085870229087e-08,4.62047038157905e-08,9.95171020834749e-08,4.72564624549915e-08,8.7839898921323e-08,4.74488623418187e-08,4.11706400655704e-08,2.29772812917295e-08,4.21786039364981e-08,3.83610611086404e-08,4.09340658523346e-08,3.56168431846486e-08,2.11135204168978e-08,2.1078712374664e-08,3.37627450335287e-08,2.74952172686126e-08,3.86952789598647e-08,1.99826620608419e-08,1.89136589099385e-08,2.07088519809394e-08,2.5446659332342e-08,2.20740110371399e-08,2.71960839721491e-08,4.03452103741879e-08,1.36590568590183e-07,3.10139655382738e-07,9.13934290452869e-08,2.41375587170764e-07,1.76672206235948e-07,1.58556228431342e-07,3.39510926947581e-07,3.43175726364651e-07,2.72691222761122e-07,5.54611642996425e-07,4.42373355277373e-07,3.0618378060946e-07,3.0373290304002e-07,1.22031939251178e-07,4.91569324947898e-07,2.26678535760518e-07,3.79038733192e-07,2.62229026980375e-07,1.08166420478083e-07,4.65815792215577e-08,1.97226693692272e-07,9.3353155284799e-08,1.67048147310872e-07,9.58317253506717e-08,4.1282241307332e-08,3.87244955777145e-08,8.27252752499926e-08,3.68516268627885e-08,7.26793688556117e-08,3.68111936692489e-08,3.45102578193812e-08,2.12704508196281e-08,3.29079535074212e-08,3.42594174884967e-08,3.36919343294501e-08,2.95618433431965e-08,1.82877660101085e-08,1.89652766374429e-08,2.90018757624729e-08,2.44983520093806e-08,3.51259501367516e-08,1.69514843744735e-08,1.75590590615991e-08,1.67267755114295e-08,2.26207460920564e-08,1.88687287766994e-08,2.25541381103323e-08
1.32647028849424e-07,5.69269763409995e-07,3.00864774424179e-07,2.08749224723334e-07,8.09041487854259e-07,3.53047948938498e-07,7.3019722229758e-07,3.43546157286002e-07,3.5254586579845e-07,1.01001943071246e-06,5.40487369551187e-07,1.33476902742706e-06,3.04654545084262e-07,3.08421887332932e-07,1.37971083799899e-07,4.73753760247489e-07,2.30400739534322e-07,3.57090451479481e-07,2.64760643981347e-07,1.18396578060018e-07,5.6333539078418e-08,1.98011644556496e-07,1.00451317615353e-07,1.63889955873695e-07,1.0498146445917e-07,4.99506682280926e-08,5.37986167102127e-08,8.91069785237737e-08,4.50119018177459e-08,7.41419939953901e-08,4.46313212148382e-08,4.79718032320854e-08,2.99744886875505e-08,4.02717358167538e-08,4.88547532806145e-08,3.8258598449281e-08,4.20353187185316e-08,2.6188476668103e-08,2.9310492091215e-08,4.33898022354953e-08,3.54554136316848e-08,4.81807617297152e-08,2.58167412108847e-08,2.76295581255495e-08,2.71240685334345e-08,3.41065552581686e-08,3.40649772584863e-08,3.70112873043504e-08,1.23303195912696e-07,4.06690976135935e-07,2.60282265444784e-07,1.84730966435592e-07,5.84456031569301e-07,3.12523372304631e-07,5.38528645119683e-07,2.93972849701253e-07,2.84489377049651e-07,7.35482279067596e-07,4.35593910037695e-07,9.3976047110406e-07,2.6123390611584e-07,2.51138049797091e-07,1.02394600751544e-07,3.85668479359345e-07,1.843029306129e-07,2.87252703855112e-07,2.14681596227152e-07,9.05749855916853e-08,4.02835601545441e-08,1.58774533100248e-07,8.18411140582359e-08,1.38368498423241e-07,8.03190390338623e-08,3.57386972241228e-08,4.17199414425151e-08,7.25938061697711e-08,3.11122986103846e-08,5.73642240331869e-08,3.19434999898157e-08,3.72183256358948e-08,2.68470172079891e-08,2.78835626107488e-08,4.19446523900905e-08,3.15504299439022e-08,3.23231542867327e-08,2.33621734730053e-08,2.75410621470252e-08,3.76190214325674e-08,3.09370297435998e-08,4.18395782678988e-08,2.20871236478189e-08,2.66415570518072e-08,2.27940699496724e-08,2.90871230967392e-08,3.06785471463145e-08,3.00727397586128e-08
5.60782793071274e-08,1.81655955391131e-07,4.41062404733186e-07,1.26219137712645e-07,3.5936373891916e-07,2.66824797267693e-07,2.12739082676561e-07,4.83306930872331e-07,1.83161244468415e-07,4.05856263397361e-07,3.49468606078509e-07,3.04654545084262e-07,5.09061493296616e-07,1.877819129419e-07,6.93450675741166e-08,3.61799524038019e-07,1.53991161735318e-07,3.0255101179456e-07,1.61811914256307e-07,6.08615592624704e-08,5.84351131531371e-08,1.33756275047422e-07,6.1170006660557e-08,1.20101684249499e-07,5.3895723065932e-08,5.1729405290139e-08,2.71230545247227e-08,5.41697663976e-08,5.62356118349884e-08,4.95283417991935e-08,4.60188189918934e-08,2.41344917629538e-08,2.01244746007624e-08,5.00292554626689e-08,2.63176335368134e-08,5.06613557633083e-08,2.14332699186179e-08,1.8589446418808e-08,2.21676420938445e-08,2.349348767784e-08,2.52549096390198e-08,2.63208135464033e-08,1.70311319558605e-08,1.97276106976206e-08,1.93507926246834e-08,2.30229120525671e-08,1.99933946126432e-08,2.44258302404771e-08,4.61914778692152e-08,1.57411002360325e-07,3.90819116806902e-07,1.08670602530743e-07,3.01203173829881e-07,2.30954684483152e-07,1.82241120867324e-07,4.26525574724995e-07,1.54442370053723e-07,3.3607504778724e-07,3.00233503028918e-07,2.42633766748589e-07,4.46028715909319e-07,1.57539380862882e-07,5.69720570329384e-08,3.12345381063769e-07,1.27491692680082e-07,2.56203293864837e-07,1.3486441020993e-07,4.99757970327739e-08,5.02205616855889e-08,1.11372014919115e-07,5.07365715045903e-08,1.01880358854894e-07,4.4255033816005e-08,4.445844000403e-08,2.32861631633223e-08,4.49289488452092e-08,4.89383656308794e-08,4.0335480638511e-08,3.95464533707961e-08,2.07210901421598e-08,1.84245319382387e-08,4.35374051571081e-08,2.67788838011163e-08,4.89184214228939e-08,1.87036794817078e-08,1.64827780405348e-08,1.9451597334972e-08,2.27879602185138e-08,2.21064246748421e-08,2.38600330241949e-08,1.47839742191823e-08,1.71678949870961e-08,1.56434888335799e-08,1.96747806962262e-08,1.75224765381561e-08,2.10146109746754e-08
5.61168694587627e-08,6.22670304177306e-08,1.72127522429791e-07,5.68235764962176e-08,1.48565580674133e-07,1.20488571436796e-07,6.90537212409276e-08,1.83145020206864e-07,4.83559606430997e-07,1.65536916455312e-07,3.53314162027683e-07,3.08421887332932e-07,1.877819129419e-07,5.04461167310171e-07,2.07415921164396e-07,3.64392777206169e-07,3.99641566812412e-07,2.82545448438883e-07,4.40776976649193e-07,1.8100114723739e-07,6.66613862114812e-08,3.50100630470765e-07,1.47209858331099e-07,2.94234700818311e-07,1.60240735331664e-07,5.90223831881187e-08,4.44987937907809e-08,1.30339073352982e-07,5.26552313473974e-08,1.13671323072202e-07,5.25322528797843e-08,3.95989239168715e-08,2.73317260781557e-08,4.68823763969888e-08,3.76954304644807e-08,4.84753197654728e-08,3.43856721358269e-08,2.49590294912449e-08,2.44021139971821e-08,3.38714449611621e-08,3.09417689020146e-08,3.8779459372084e-08,2.30300591207225e-08,2.0812682560253e-08,2.2408571491987e-08,2.74812989866118e-08,2.54372831685785e-08,3.13883823378553e-08,4.0347172755744e-08,5.31678407093149e-08,1.5448953082236e-07,4.84404091367337e-08,1.30485584521293e-07,1.08608075720695e-07,5.77041677532118e-08,1.64589808664188e-07,4.14141706836853e-07,1.41701098492208e-07,3.0313733194476e-07,2.6175343320534e-07,1.66858261939728e-07,4.28981256178684e-07,1.69872658897139e-07,3.12393772467593e-07,3.35808135364872e-07,2.36142246838555e-07,3.74039283958175e-07,1.48792123669406e-07,5.38350151314197e-08,2.93691740070506e-07,1.19996347236338e-07,2.47266633877225e-07,1.31724469203571e-07,4.76690489137676e-08,3.8551859028477e-08,1.06242851404123e-07,4.74325645315675e-08,9.59349482016679e-08,4.24239465219372e-08,3.43077126601418e-08,2.5607461987816e-08,4.22298715012167e-08,3.4933215989108e-08,4.44042852588162e-08,2.92924877443837e-08,2.30765482948029e-08,2.1663535894694e-08,3.06322106097097e-08,2.77376617954012e-08,3.43344100674505e-08,2.04335779477229e-08,1.89463866790807e-08,1.88668738436738e-08,2.40334149420233e-08,2.21390990963063e-08,2.66812272771627e-08
3.47157608335911e-08,7.55893122591146e-08,6.60063818522934e-08,7.10553270155326e-08,6.73473383623772e-08,5.47073687876645e-08,7.87711334422515e-08,6.63888219705964e-08,2.00222667719169e-07,7.09483192592074e-08,1.57301721668525e-07,1.37971083799899e-07,6.93450675741166e-08,2.07415921164396e-07,5.50623384443785e-07,1.6082927149218e-07,3.95149008158363e-07,3.17295114961248e-07,1.81071490988703e-07,4.74082989050287e-07,1.8174525840026e-07,3.41487257412716e-07,3.64557892399524e-07,2.51390773849584e-07,4.19638654942878e-07,1.60882617111919e-07,5.38140368371601e-08,3.22717490736054e-07,1.38859929100847e-07,2.84898549494399e-07,1.43106708896053e-07,4.79050073807358e-08,4.30841042054894e-08,1.23547220903368e-07,5.09846703557067e-08,1.17103995909033e-07,4.35457208713942e-08,3.8287491310629e-08,2.53032879046448e-08,4.66072345262939e-08,4.22981071338094e-08,4.71648405806917e-08,3.54119450827512e-08,2.22278252163522e-08,2.24266777880168e-08,3.81795296597887e-08,2.78243258475809e-08,4.41926892556278e-08,2.68166398589845e-08,5.58991633921797e-08,6.14194931503584e-08,5.08898260640343e-08,5.6532494560842e-08,4.45957671446655e-08,5.98388792467575e-08,6.0732165146605e-08,1.75393681592619e-07,5.93084707679096e-08,1.38393927779164e-07,1.19899454131996e-07,6.28281900455299e-08,1.82192537851029e-07,4.58874697600219e-07,1.43081335831859e-07,3.32806547801323e-07,2.65847445880167e-07,1.58716833820142e-07,3.95037366076467e-07,1.49175949405294e-07,2.86072250241524e-07,3.05139713083681e-07,2.12071609156674e-07,3.4966722620599e-07,1.32056321194637e-07,4.35650940347007e-08,2.70114214900066e-07,1.12302240367765e-07,2.38474611722252e-07,1.17458670314201e-07,3.87870740366038e-08,3.88510067346245e-08,9.99261310176493e-08,4.34326653389542e-08,9.36395443595692e-08,3.56862421953414e-08,3.39423377590173e-08,2.38305617401742e-08,3.9316709812999e-08,3.83825225865777e-08,4.14230429565901e-08,3.09591463907403e-08,2.05087509428764e-08,1.79287501537246e-08,3.3743503261412e-08,2.25568056002869e-08,3.81944455364419e-08
4.88315530850192e-08,1.3669787911523e-07,3.16849825805575e-07,9.75987247598514e-08,2.54136987416082e-07,1.82550803232464e-07,1.64232510260937e-07,3.49451830048315e-07,3.5331688141441e-07,2.92132690869006e-07,5.78249416737567e-07,4.73753760247489e-07,3.61799524038019e-07,3.64392777206169e-07,1.6082927149218e-07,6.00671013495812e-07,2.79464229772722e-07,4.70519753114582e-07,3.17655573523506e-07,1.40063066978453e-07,6.20674152084333e-08,2.43353120518064e-07,1.16261316052329e-07,2.02039681649817e-07,1.24009189295978e-07,5.49553184115992e-08,4.7835675859804e-08,1.02947656772064e-07,5.01868215054621e-08,8.97090833824868e-08,4.89135118759696e-08,4.25621920376182e-08,2.52305731453137e-08,4.46840333856341e-08,4.05265215798759e-08,4.38285528506513e-08,3.73212244001371e-08,2.30787593787599e-08,2.31324364217524e-08,3.58073571141521e-08,3.00218463948887e-08,4.11347138095828e-08,2.17571717860307e-08,2.05016132011765e-08,1.99415483764756e-08,2.75860702425087e-08,2.29535829514904e-08,2.9680744222432e-08,3.58785747834548e-08,1.23320633113138e-07,2.79220387756209e-07,8.17180465024098e-08,2.163440555708e-07,1.57901564060054e-07,1.43634676920174e-07,3.06175290279234e-07,3.03745266539293e-07,2.45241534597611e-07,4.91576972685456e-07,3.91396845420608e-07,3.17806232395716e-07,3.14357285228055e-07,1.24232345618129e-07,5.11861582048578e-07,2.33706245361607e-07,3.92681901796355e-07,2.72729232820371e-07,1.10631578037444e-07,4.77951400593118e-08,2.04555234728745e-07,9.61149053618057e-08,1.74116234808833e-07,9.79515933022382e-08,4.23225749955182e-08,4.00143573536275e-08,8.51061911062613e-08,3.90394368280687e-08,7.4902677797132e-08,3.76689891479695e-08,3.56053105479544e-08,2.29080169078488e-08,3.47661593879377e-08,3.69594729733768e-08,3.80046390424538e-08,3.09737146619987e-08,2.01200425838373e-08,2.09797526841761e-08,3.18134988254188e-08,2.66991526904449e-08,3.7309956776442e-08,1.84762800761213e-08,1.89748809498298e-08,1.58724341492423e-08,2.38685850808195e-08,1.96026944034545e-08,2.40772581961881e-08
5.70012987632106e-08,6.24676743606713e-08,1.43017369545935e-07,5.54187372143729e-08,1.21926962730392e-07,1.02558295068578e-07,7.2513355248333e-08,1.50128177734844e-07,3.83649737195941e-07,1.3791583578461e-07,2.71508521888059e-07,2.30400739534322e-07,1.53991161735318e-07,3.99641566812412e-07,3.95149008158363e-07,2.79464229772722e-07,6.47210977890211e-07,4.75922060678104e-07,3.50127566491167e-07,3.41432889598039e-07,1.43235163950357e-07,5.62598769950358e-07,2.47043499912883e-07,4.28564998720768e-07,3.02238178997972e-07,1.26797479002553e-07,4.88165022952722e-08,2.18710989008184e-07,1.0617138293119e-07,1.87197309992727e-07,1.12798040873086e-07,4.34542173432533e-08,4.41106438851168e-08,9.44781242694224e-08,4.4130401967855e-08,8.96474998420347e-08,3.87259813445496e-08,3.78931762649043e-08,2.58613840064741e-08,3.90458677998667e-08,4.64687047978775e-08,4.41023808118614e-08,3.49009772901308e-08,2.17467859018467e-08,2.07143703719446e-08,4.09648452561342e-08,2.80368559351055e-08,4.76320897107146e-08,4.19462359184603e-08,4.72064161544653e-08,1.32371398265924e-07,4.31556909342318e-08,1.05493180269675e-07,9.00419789205388e-08,5.59590064375028e-08,1.39023631954488e-07,3.2874230592829e-07,1.18042188517028e-07,2.35086548146129e-07,1.96507250990263e-07,1.40638686815394e-07,3.41154694653885e-07,3.26698373288031e-07,2.41864471964432e-07,5.37744350720432e-07,3.98953572392694e-07,2.98239242862817e-07,2.82375322591227e-07,1.15418410922401e-07,4.66766349215709e-07,2.04767065342858e-07,3.57941513071254e-07,2.49957565662691e-07,1.02177445960823e-07,4.12325979734973e-08,1.81279824072805e-07,8.91760688270058e-08,1.5744543888322e-07,9.08917952476908e-08,3.67060201421737e-08,3.79169092218539e-08,7.9358112981926e-08,3.87374281898987e-08,7.33246001982853e-08,3.29761737580036e-08,3.1720828903478e-08,2.13452097401392e-08,3.43618948871392e-08,3.77393867944238e-08,3.99666588031294e-08,2.86825254750704e-08,1.86141887879581e-08,1.74714213129172e-08,3.28573521448218e-08,2.31560651472557e-08,3.88879624902782e-08
4.04737128111469e-08,1.20556700529386e-07,2.62964006489614e-07,8.77735716507171e-08,2.0371202797302e-07,1.5007185166922e-07,1.48189777212244e-07,2.91560026345768e-07,2.74254463640293e-07,2.39341258136184e-07,4.54462604376249e-07,3.57090451479481e-07,3.0255101179456e-07,2.82545448438883e-07,3.17295114961248e-07,4.70519753114582e-07,4.75922060678104e-07,7.17312587380971e-07,2.46251343252038e-07,2.72956687700579e-07,1.21517731626936e-07,4.12295360375558e-07,1.93860324148023e-07,3.04563939133022e-07,2.41645490989977e-07,1.07581163361994e-07,4.09495942637754e-08,1.71652006045798e-07,9.23722092823717e-08,1.47402380790117e-07,9.57244068339124e-08,3.64659989032732e-08,4.20316126017052e-08,8.22200532390321e-08,3.66458612146668e-08,7.50507736510268e-08,3.36712191921429e-08,3.64870342768519e-08,2.42933338173356e-08,3.28266448089722e-08,4.46686342121371e-08,3.78014049851591e-08,3.40206452959614e-08,2.15538389134553e-08,1.68411526634833e-08,4.0905932321709e-08,2.22499473089525e-08,4.28460059783195e-08,2.975065961993e-08,1.0883855713942e-07,2.35490006643114e-07,7.64410398991526e-08,1.74588142194813e-07,1.30692571760486e-07,1.28752469560665e-07,2.58761745655013e-07,2.33201505325564e-07,2.01443753127296e-07,3.87328724022107e-07,2.97807752431946e-07,2.6923993699854e-07,2.40743697684522e-07,2.54142406085248e-07,4.04061418993686e-07,3.93702091582911e-07,6.01145189675127e-07,2.09035336629586e-07,2.20267628821215e-07,9.38575274735342e-08,3.40868614094301e-07,1.61546431950242e-07,2.56723178754346e-07,1.94999619889856e-07,8.30994501713136e-08,3.53077953106438e-08,1.43036060387187e-07,7.14615597402601e-08,1.24464034345666e-07,7.39396722119754e-08,3.14435055254953e-08,3.50567937300688e-08,6.36191928262992e-08,3.19853346027215e-08,5.83899307779788e-08,2.9345540404596e-08,2.94266643394977e-08,2.1685813471108e-08,2.83779189448742e-08,3.76226049363724e-08,3.56964802262976e-08,2.73962001152914e-08,1.97837994030627e-08,1.3699079769769e-08,3.38781489177712e-08,1.77324953307246e-08,3.32633498607484e-08
5.02869823318343e-08,5.34219847938659e-08,1.48511552646651e-07,4.90524130112956e-08,1.27439585323024e-07,1.03940119527724e-07,5.94699405540026e-08,1.58230510562726e-07,4.22241824849863e-07,1.42373147790073e-07,3.07676416711432e-07,2.64760643981347e-07,1.61811914256307e-07,4.40776976649193e-07,1.81071490988703e-07,3.17655573523506e-07,3.50127566491167e-07,2.46251343252038e-07,4.93209793231423e-07,1.96004563129788e-07,7.06536802524373e-08,3.92775094416049e-07,1.56162527081369e-07,3.28843215008283e-07,1.73454043998163e-07,6.25249043565556e-08,4.96970963185393e-08,1.38195873660859e-07,5.75681048218623e-08,1.20301030322038e-07,5.55726261626627e-08,4.4171169608362e-08,2.88615452217139e-08,5.11669837975991e-08,4.07147183110305e-08,5.17958302699875e-08,3.87940706825125e-08,2.65473668143794e-08,2.45794429536569e-08,3.68739991001096e-08,3.20127239584647e-08,4.13415241890373e-08,2.46853392525087e-08,2.02387252052219e-08,2.2523156236714e-08,2.79151065673566e-08,2.55556757970977e-08,3.18993249838148e-08,3.56679945705089e-08,4.59415270813033e-08,1.35408687767279e-07,4.06273805430166e-08,1.13189275157636e-07,9.3546183317691e-08,4.90552776191365e-08,1.44186271398592e-07,3.59449143757579e-07,1.23241044791343e-07,2.63293232892427e-07,2.24136496656412e-07,1.45701318282599e-07,3.74057624037219e-07,1.48840870717083e-07,2.71338240304148e-07,2.93724333092743e-07,2.07763773072531e-07,4.16247534145897e-07,1.61783100490948e-07,5.60963484296348e-08,3.29109401981765e-07,1.28380039092618e-07,2.75363708808859e-07,1.43169794532461e-07,4.96424079790795e-08,4.2920688722115e-08,1.13609788433913e-07,4.99492594255358e-08,1.01770193252643e-07,4.41225621826407e-08,3.81482453039212e-08,2.57070239754739e-08,4.43952941587524e-08,3.68248803911756e-08,4.61247903358295e-08,3.30605706783959e-08,2.33039662049642e-08,2.19613421987634e-08,3.25147563186855e-08,2.8800661239134e-08,3.73271054552091e-08,2.07357784933192e-08,1.83239836502182e-08,1.89013462488641e-08,2.4137968305128e-08,2.17685002325443e-08,2.67222353661257e-08
