1.4488682993079e-08,8.49383032692144e-09,2.97790361842221e-09,9.71490161840238e-09,8.26652550537579e-09,8.91450590926485e-09,7.70405089854941e-09,2.62421855389103e-09,3.45573460610096e-09,7.65841581016824e-09,2.48411088720637e-09,7.46991187868318e-09,2.40482509385655e-09,3.17178186666675e-09,1.00857670975739e-09,2.26210374507398e-09,3.34851391433229e-09,2.22726909762345e-09,2.89840124648364e-09,9.18492346132824e-10,8.65667959511319e-10,3.07112819333617e-09,9.67030376624511e-10,2.93368071443885e-09,8.13840682390843e-10,7.66576521828452e-10,5.68010211959297e-10,8.56870008997608e-10,7.67596372715948e-10,8.39904093571927e-10,6.78015256770267e-10,5.02362000525585e-10,3.94902794728097e-10,6.79046991912095e-10,5.10818931844733e-10,6.2287604992721e-10,4.05404489724989e-10,3.29071092140471e-10,3.09447486545381e-10,3.91684198285387e-10,3.33926814616431e-10,3.52053848879438e-10,3.16041136705266e-10,3.24028126230217e-10,2.82689424093386e-10,3.24195343580127e-10,3.38028100719304e-10,4.5739018250408e-10,5.49418424606889e-09,3.06945594465308e-09,-3.95711957022898e-10,4.17858592838205e-09,1.67641696422163e-09,3.13836138323721e-09,2.3572001341813e-09,-1.88277762479026e-10,6.68506669839219e-10,1.30734869669615e-09,-3.12641667704487e-11,1.85922769665743e-09,-1.4910315839936e-10,9.0460310182894e-10,4.15977979375721e-10,1.86687445056363e-10,4.22946880583735e-10,1.63089567567258e-10,7.78964420166226e-10,3.88155034811751e-10,-5.69844624236886e-11,3.65298048281001e-10,3.66252451509263e-10,3.06632911152585e-10,3.43361387644564e-10,-5.00884231690556e-11,1.09501197155213e-10,3.23928205253281e-10,8.02062363226045e-11,-1.22810007123584e-11,-4.5254028768983e-11,9.71369043232155e-11,2.85379575450984e-12,7.0383568594984e-11,-2.72057585962437e-10,-1.7517772077935e-10,6.64082217682441e-11,3.29973917392839e-11,1.33088232973546e-10,-1.07699895309152e-10,-4.04642940990083e-11,-4.77855022404051e-12,6.79222683517411e-12,4.8499928830571e-11,8.75008882740392e-11,1.57686813256575e-10,9.67167928948310e-11,4.20302932332006e-10
8.49383032692144e-09,4.60606516936944e-08,6.04990714099836e-09,1.37195467345286e-08,3.98871141201865e-08,1.05496528949007e-08,4.13617415888318e-08,5.57561783141218e-09,3.17119543382642e-09,3.65055631029401e-08,5.20797715144526e-09,3.54310882379378e-08,5.00586058259322e-09,2.91532543780781e-09,3.25176116735364e-09,4.68775954669266e-09,2.97781759256306e-09,4.31004050317289e-09,2.61347867436545e-09,2.93128866200373e-09,1.49472563322125e-09,2.6785543088512e-09,3.03671477644811e-09,2.40934182553097e-09,2.59456489630713e-09,1.32300999064197e-09,1.00685698173961e-09,2.68789659484047e-09,1.57619798012824e-09,3.0787832626835e-09,1.16914211422979e-09,8.89740174240179e-10,8.49857098920482e-10,1.39287590876282e-09,1.00506693714321e-09,1.34685651046395e-09,7.85275149418325e-10,7.02645586812794e-10,6.41260332684004e-10,8.34851504816764e-10,1.0398632835374e-09,1.12961540742912e-09,6.29596005328636e-10,5.99658001952237e-10,3.8780909288776e-10,8.55115541955052e-10,5.85815659600491e-10,7.99023073553117e-10,4.0591579980975e-09,1.33633971678462e-08,2.44237862289411e-09,6.20219911840368e-09,1.09510776287906e-08,4.5372660808305e-09,1.12606168231216e-08,1.83568482709212e-09,1.57583699991525e-09,7.2752705941463e-09,1.85705914897964e-09,8.09253906546084e-09,1.6015292037814e-09,1.43429696392837e-09,1.16400195152667e-09,1.55217001557472e-09,1.74202135532999e-09,1.39407916746584e-09,1.19252572560472e-09,1.0967829771345e-09,3.95328136394795e-10,1.53159734826511e-09,7.8798693648191e-10,1.06161648417149e-09,9.70574294806177e-10,3.50003733021835e-10,4.83425163824944e-10,6.97273221777486e-10,7.88921997402889e-10,7.86816247627016e-10,3.08788503676973e-10,4.27249180026867e-10,8.97046926646738e-11,6.96773075915349e-10,-1.46198464883742e-10,6.21345635530296e-11,4.17962204671893e-10,-6.39047645224648e-11,1.7817455874262e-10,-2.47807314712453e-10,4.83742674305995e-10,-1.32451637924429e-11,-2.56325979785757e-10,-1.51318373456752e-11,7.24246857695876e-10,3.01343934719347e-10,4.78487226737786e-10,7.2481059743613e-10
2.97790361842221e-09,6.04990714099836e-09,1.41833342401058e-08,4.05096149357831e-09,1.15126710182768e-08,8.40411846759479e-09,5.57900218110779e-09,1.19227466535669e-08,4.55740583585978e-09,9.99464560136046e-09,8.43252813552225e-09,6.59843341954789e-09,1.0305503878923e-08,4.18648014148052e-09,1.82016107569389e-09,7.16771310550585e-09,3.85052989109931e-09,6.71194878287692e-09,3.77029560031567e-09,1.59785722059427e-09,2.0961034858355e-09,3.46147790659185e-09,1.63224292068674e-09,3.19397355571586e-09,1.41583363135835e-09,1.85586042338481e-09,6.64630012101024e-10,1.44639550253862e-09,1.91349658903385e-09,1.43390432668867e-09,1.64094905451005e-09,5.88149248572384e-10,3.85996401725981e-10,1.69209963880683e-09,5.40334496877878e-10,1.49607537630123e-09,5.09993223151260e-10,3.02863034401087e-10,2.3934370377359e-10,4.33785937793063e-10,3.99026171706804e-10,4.57493473316113e-10,3.04417822874956e-10,2.23606318013093e-10,3.02444633266213e-10,3.75787991316727e-10,3.02498354095636e-10,5.04147387341216e-10,1.3596245533504e-09,2.88803350573524e-09,4.90211411836335e-09,1.14838965112362e-09,5.33587900260939e-09,3.08942889870431e-09,2.33255805744169e-09,4.33342033317296e-09,1.14542395825586e-09,4.7270987257688e-09,2.99299308667473e-09,3.07242443132795e-09,3.40472159882848e-09,1.00448493894509e-09,-5.04300947997197e-11,1.58704166927844e-09,1.04881482595696e-09,1.1979384141705e-09,9.9168051040554e-10,8.09057711200456e-11,4.51344531251249e-10,1.03200785165643e-09,-2.80507992213358e-10,7.65294909606681e-10,7.1333712982611e-11,4.00040326997899e-10,1.88334424481802e-11,-2.48600570952883e-10,5.596713520548e-10,-2.46187960620514e-10,3.51635337356541e-10,1.73446683596285e-11,-2.25196972595932e-10,4.93599448667748e-10,-1.36027565845831e-10,-2.62063870951309e-10,6.46562273380798e-11,-2.21617274220509e-10,-2.65197592306152e-10,-6.78105714873417e-11,-1.02300247759151e-10,-5.73803293151773e-11,-2.28155374017519e-10,-2.55704031066019e-10,3.23164486215939e-10,-1.0106240378445e-10,-1.29249577337946e-10,-7.7622743225784e-11
9.71490161840238e-09,1.37195467345286e-08,4.05096149357831e-09,1.58922650225895e-08,1.05394437162522e-08,1.19430838070593e-08,1.23129777025261e-08,3.53697345086187e-09,2.38577025127801e-09,9.70940118222188e-09,3.26627570721936e-09,9.32059666302542e-09,3.18915718743985e-09,2.186269303634e-09,2.39428245283934e-09,2.87987422381811e-09,2.17128990457412e-09,2.74161472722052e-09,1.95683746631261e-09,2.14834047517997e-09,9.00556636205088e-10,1.88515289443241e-09,2.13463074801119e-09,1.76476755577768e-09,1.90224081749050e-09,7.97453367987585e-10,7.00277417960731e-10,1.8901818855455e-09,1.02523567126178e-09,2.13875951277847e-09,7.0529481065491e-10,6.19214396662088e-10,3.01811603827022e-10,9.06659950038564e-10,4.84787637825192e-10,7.04877869344125e-10,5.55411867302745e-10,2.82280217828132e-10,2.91712394128005e-10,4.39019748037211e-10,3.79679441786521e-10,5.01704527995632e-10,2.90793964114578e-10,2.5975800905146e-10,2.29321463486296e-10,3.27097340472869e-10,2.77833803488601e-10,3.76878732523342e-10,4.77843845877088e-09,5.56907255705124e-09,1.34287845768415e-09,6.76604148619006e-09,3.4282714204356e-09,5.03979463663309e-09,4.66377923453473e-09,6.34660872974151e-10,3.02843825674568e-10,2.46204968743388e-09,5.16989707856879e-10,2.52973514974917e-09,6.69713053756445e-10,4.18056276984408e-10,5.51479038443465e-10,5.50267522485951e-10,5.8617548320933e-10,4.46086858228782e-10,3.52974970354011e-10,6.07200621627019e-10,1.12951838757602e-10,4.98943749553648e-10,5.71636769876104e-10,4.08269061195661e-10,5.37213387005781e-10,1.00303439897771e-10,5.55019997197787e-11,5.05690083544031e-10,1.87674487269031e-10,1.35363342927307e-10,8.76077630266103e-11,4.94320640230912e-11,-8.98250024622659e-11,1.65325476993609e-10,-1.14104170874883e-10,3.12437305910178e-11,1.00781511041217e-11,-7.34559753196667e-11,1.677493090056e-10,-6.51933213784612e-11,8.43167712725019e-11,6.85661839337899e-11,-1.25825304406475e-10,7.0289778748948e-11,3.14839427526153e-11,6.70381608504156e-11,-9.21560784844121e-11,1.32591657499841e-10
8.26652550537579e-09,3.98871141201865e-08,1.15126710182768e-08,1.05394437162522e-08,5.15986749100362e-08,1.56101437460473e-08,3.65067005799589e-08,9.99128344538619e-09,4.55103439938834e-09,4.68919207610203e-08,6.77443346445597e-09,4.07261637180477e-08,9.06656626043625e-09,4.21622808612412e-09,2.53162243725476e-09,6.18468427256343e-09,4.2652755729678e-09,5.66007599255482e-09,3.78460192142556e-09,2.27683026023679e-09,2.68370999009279e-09,3.84747814912422e-09,2.20422928731853e-09,3.39608322778743e-09,2.01595250420362e-09,2.37551908943243e-09,1.06490317179521e-09,1.95177564796402e-09,2.72858014983987e-09,2.12321899739415e-09,2.09943615086655e-09,9.41342840090778e-10,8.82370607844234e-10,2.41147874505309e-09,1.10365407499217e-09,2.41335157780329e-09,8.44510359708963e-10,6.77634324774549e-10,6.97196259384514e-10,8.99596798936201e-10,1.08692744852405e-09,1.24905337572375e-09,6.47144460754297e-10,6.42587938166587e-10,5.63122941385828e-10,9.10563303373071e-10,7.43064810927109e-10,1.00723805282464e-09,4.18295235389658e-09,1.166470397035e-08,4.87385130420197e-09,4.44846823195745e-09,1.51114899098745e-08,6.80369107014259e-09,9.9992586237621e-09,4.02461058041562e-09,2.1018373885385e-09,1.14112833996742e-08,2.47793308068648e-09,1.02421731638016e-08,3.48128138019552e-09,1.86582491071475e-09,4.74844811595603e-10,2.05084208442854e-09,1.8388785877515e-09,1.45544324771164e-09,1.61674697571179e-09,5.61872251409693e-10,3.76895647224186e-10,1.72663513819757e-09,9.22106972508983e-11,1.23290199833247e-09,4.97098410706596e-10,3.33890018380561e-10,2.72142964728924e-10,8.14047278453691e-11,8.17389637127993e-10,2.68446755451548e-10,2.93969671171589e-10,2.40823420370031e-10,-1.09928447688268e-10,7.21646975132607e-10,-3.55917188520462e-10,-3.56644034035275e-10,2.6801267905652e-10,-2.89260095962748e-10,1.94567422857831e-11,-3.96066259745615e-10,3.06346946140168e-10,1.48574044843228e-10,-3.29475608012043e-10,-1.58149080803362e-10,8.26022912981653e-10,1.36224088925177e-10,3.56810654084981e-10,3.8913311611479e-10
8.91450590926485e-09,1.05496528949007e-08,8.40411846759479e-09,1.19430838070593e-08,1.56101437460473e-08,1.84553228999772e-08,9.7750719443761e-09,6.49423629542375e-09,3.29087350398886e-09,1.36858371162426e-08,4.44223789697171e-09,1.10147230430961e-08,5.84533652171338e-09,2.99945362970969e-09,1.7232383953083e-09,3.98592133770355e-09,2.89123417721987e-09,3.56570097433616e-09,2.63159098593164e-09,1.52053475439707e-09,2.160432374421e-09,2.53761441048024e-09,1.45440433120516e-09,2.38993814305259e-09,1.34734648819527e-09,1.91276291806028e-09,8.73792918789864e-10,1.28894867564204e-09,2.22317069531442e-09,1.45206632476927e-09,1.69117364526141e-09,7.72901684422503e-10,4.61130008569837e-10,1.96562751829144e-09,6.59286464189836e-10,1.73182426496188e-09,7.04862179495595e-10,4.17434244898666e-10,3.63454231029247e-10,6.15075617882563e-10,4.88466803579928e-10,6.51174127138996e-10,4.20109034984937e-10,3.41301251636592e-10,3.76828600493141e-10,4.55186897848816e-10,3.90321967003378e-10,5.92352173049978e-10,4.63377526877463e-09,3.81132239439193e-09,2.63795372046738e-09,5.31585164895416e-09,5.31273632478038e-09,6.96355526996932e-09,3.1965298389202e-09,1.8827271390723e-09,5.20117256959494e-10,4.30028097313876e-09,9.50308586586115e-10,3.57004697281086e-09,1.77399596276989e-09,4.994166836217e-10,7.57377704838392e-11,8.57322009377507e-10,9.53576444675122e-11,4.78405442847816e-10,4.47888860244278e-10,1.37663322609289e-10,-3.56913068856468e-10,1.13472549521402e-10,-2.65255170775531e-10,-2.09036438605344e-10,1.21572155440272e-10,-3.15276340537211e-10,5.33659887194713e-11,-2.35090321949165e-10,2.51708944923513e-10,-3.25393206403641e-10,-2.80252031209565e-10,4.78291144751299e-11,-2.96139983132802e-11,2.2155801545392e-10,6.18508589441488e-11,-8.26014418059502e-12,1.86084616646284e-11,-2.87703405042901e-11,-7.51343690359889e-11,1.01685971038277e-10,-7.81804017080033e-11,1.35831357712268e-10,-5.88958164067453e-11,-1.38080534819527e-10,3.03152686960916e-10,-1.15673557617756e-10,-7.50568736816061e-11,6.92663692631728e-11
7.70405089854941e-09,4.13617415888318e-08,5.57900218110779e-09,1.23129777025261e-08,3.65067005799589e-08,9.7750719443761e-09,4.64099433453886e-08,6.54743145417312e-09,3.5466589095873e-09,4.16366070185462e-08,5.81074348226915e-09,3.98463291888737e-08,5.81391536028684e-09,3.15128964767481e-09,3.45655883614193e-09,5.143241662985e-09,3.18336221108565e-09,4.64414726826697e-09,2.84462388787337e-09,3.01603506002723e-09,1.67562564176634e-09,2.8497352875958e-09,3.22453678108062e-09,2.63649187620476e-09,2.6691145764258e-09,1.48288885599495e-09,1.12340663019691e-09,2.85363312216547e-09,1.72366219818012e-09,3.32166405947849e-09,1.31003027672513e-09,9.92453846048939e-10,9.98750311729488e-10,1.52273683719906e-09,1.12927733507419e-09,1.47707416875461e-09,8.34534317540616e-10,8.31609934204093e-10,6.94804767170927e-10,9.19334965651614e-10,1.0747861069769e-09,1.20044771477934e-09,7.14556514105432e-10,6.18388439691215e-10,4.04955199967069e-10,8.55729590956895e-10,6.02379795526166e-10,7.83676542210898e-10,3.56963072431203e-09,1.12717420993621e-08,1.83531755233313e-09,5.22709767056836e-09,7.28372947446383e-09,3.35575676039114e-09,9.37450581030272e-09,2.75837101830056e-09,2.19704171910389e-09,5.79568442488653e-09,2.45797054409327e-09,6.31125947758877e-09,2.2973725421407e-09,1.87614876876114e-09,1.14240717778788e-09,1.92425725569808e-09,1.04329993613401e-09,2.2737001195666e-09,1.56760449476755e-09,8.67803976355146e-10,1.75281547238954e-10,7.63561873321728e-10,5.72365887621997e-10,9.77119034536723e-10,7.67999545424498e-10,1.55109887305773e-10,4.7908256977621e-10,5.06542698930178e-10,7.92505554539036e-10,7.79155511656603e-10,1.37066434664717e-10,4.23231476962678e-10,-5.58496877948095e-10,7.00155014012974e-10,-1.13305785796691e-10,-4.22994158230372e-11,4.34733417464836e-10,-6.58171215100572e-10,6.84799720203703e-11,-1.64419661225044e-10,6.072420929548e-10,1.89538616873958e-11,-7.61025009128392e-10,6.12293754833464e-11,7.10020524727489e-10,5.43510567260619e-10,3.87454651852192e-10,5.01444035324769e-10
2.62421855389103e-09,5.57561783141218e-09,1.19227466535669e-08,3.53697345086187e-09,9.99128344538619e-09,6.49423629542375e-09,6.54743145417312e-09,1.36849224401936e-08,4.95858302045038e-09,1.17756835570791e-08,9.52696536824827e-09,7.6235697057642e-09,1.19066634743646e-08,4.45061872258011e-09,2.1298665821923e-09,8.12493949285826e-09,4.1931433097951e-09,7.70763172345517e-09,4.02324016505349e-09,1.73896810501564e-09,2.36399960014588e-09,3.74105165692661e-09,1.71627013707689e-09,3.38472572757638e-09,1.53962029665491e-09,2.09242119315441e-09,6.88859763104239e-10,1.5195820988149e-09,2.17413199465087e-09,1.53574220029771e-09,1.84907029780116e-09,6.08941549580811e-10,5.59953574866325e-10,1.92134474194693e-09,6.9857693955023e-10,1.63829787756182e-09,5.03860762941111e-10,4.57010698040109e-10,2.89342763438512e-10,5.64340243570306e-10,4.4670277863084e-10,4.67643479238486e-10,4.27704598874744e-10,2.52983853191176e-10,3.15845838023398e-10,3.90052666470464e-10,3.19303815401635e-10,5.27850957585022e-10,1.08773529013968e-09,2.33937022802709e-09,4.33168984027066e-09,7.65853277194444e-10,4.73175804038457e-09,2.32423084181173e-09,2.54645495550503e-09,5.80164839741809e-09,1.47220049100469e-09,5.79332815495223e-09,3.84988331473581e-09,3.19606011785607e-09,4.69371257920298e-09,1.18927611632576e-09,-1.60778450585256e-11,2.30295623911522e-09,1.00107250617915e-09,2.01306742482349e-09,1.17528081988142e-09,-8.32636885924731e-11,6.13758789233807e-10,8.9039881428522e-10,-3.43050859744796e-10,8.82703034334297e-10,-7.37873476523156e-11,5.43395714505556e-10,-3.03443077231666e-11,-3.03728453470717e-10,7.10296965067496e-10,-2.46663749543501e-10,4.79394349232222e-10,-2.65425020262418e-11,-4.73637684745024e-10,6.27195391389706e-10,-1.95820125412161e-10,-2.97754907734823e-10,4.52282939591122e-11,-4.32566319336412e-10,-2.27783290943335e-10,-8.09985499271041e-11,-2.20256155423664e-10,-1.62684148458788e-10,-4.52658319895331e-10,-1.45811307120999e-10,2.13308779025236e-10,-1.67007187360247e-10,-1.21927726031943e-10,-1.6151567253579e-10
3.45573460610096e-09,3.17119543382642e-09,4.55740583585978e-09,2.38577025127801e-09,4.55103439938834e-09,3.29087350398886e-09,3.5466589095873e-09,4.95858302045038e-09,1.51894350800011e-08,5.08641345071677e-09,9.91140304610662e-09,1.00712901369791e-08,4.45122606624655e-09,1.34336714750419e-08,4.40040716690075e-09,8.85190685513984e-09,1.01005880654225e-08,6.22936812892209e-09,1.21021050118758e-08,3.98325142904024e-09,1.71565207613988e-09,9.10963903780964e-09,3.27221129537724e-09,7.81755080954136e-09,3.52564237493607e-09,1.51857710760787e-09,2.30723886064752e-09,2.8964207592988e-09,1.64962975716519e-09,2.99815428233413e-09,1.34199922063386e-09,2.0386208051873e-09,6.86594824697273e-10,1.45784653651425e-09,2.22570434131976e-09,1.13132238218665e-09,1.78949723778626e-09,5.6790776088521e-10,3.9542718986491e-10,1.93240698002938e-09,5.3471382364542e-10,1.89745557535424e-09,5.02419368493742e-10,3.53486045648081e-10,3.63840510447685e-10,4.75595433935976e-10,3.51814840074225e-10,6.34348771785153e-10,2.51800250114055e-10,1.72350597873427e-09,1.13475684088542e-09,6.70940804420292e-11,2.50181329349868e-09,1.02809306240172e-09,2.68210199711496e-09,2.22715140150087e-09,6.03004047232582e-09,3.31382895513933e-09,3.67426130593751e-09,5.03730855443476e-09,1.91322267181958e-09,5.54789996629111e-09,1.19188652577489e-09,3.21712216304237e-09,3.25885993471204e-09,2.24227377100652e-09,4.97161922995729e-09,1.24460520389488e-09,7.90825898128003e-11,2.98533238292637e-09,4.37219977981001e-10,1.83296999346959e-09,1.10137888036438e-09,7.01672788811690e-11,4.63827451186046e-10,3.86828079243766e-10,1.55533070739372e-10,1.45949433254339e-10,6.14602922901805e-11,4.09977984056266e-10,1.61886850368755e-10,1.37155433663546e-10,5.44194723877651e-11,-1.17167880960572e-10,4.04086414297811e-10,2.60676295692074e-10,2.5871484931359e-10,3.04231792857902e-10,-3.72192590077121e-12,3.51924786494166e-10,1.94388615624812e-10,1.12614050234998e-10,-1.22895174946315e-10,-3.23652684500469e-11,-7.57321753311277e-11,2.71598657398567e-11
7.65841581016824e-09,3.65055631029401e-08,9.99464560136046e-09,9.70940118222188e-09,4.68919207610203e-08,1.36858371162426e-08,4.16366070185462e-08,1.17756835570791e-08,5.08641345071677e-09,5.43012799259066e-08,7.58258248828277e-09,4.61430962466171e-08,1.0634141337149e-08,4.60480525308599e-09,2.76435294086622e-09,6.83587837623998e-09,4.74596570718124e-09,6.17155173984498e-09,4.15870761066459e-09,2.32631304317013e-09,3.11917639377004e-09,4.25423149426522e-09,2.26904608620615e-09,3.7524456833456e-09,2.05878895990506e-09,2.76044388312816e-09,1.18576377820115e-09,2.00811108885351e-09,3.07944658145128e-09,2.26332796928551e-09,2.43874007596333e-09,1.04758173816252e-09,1.08970859291233e-09,2.72056741149287e-09,1.30703475854048e-09,2.6766420402882e-09,9.055242605133e-10,8.6738665092194e-10,7.69126889315422e-10,1.06707368212538e-09,1.14100397197656e-09,1.30060135058969e-09,7.97992344133294e-10,6.73532115969147e-10,6.35728845477027e-10,9.34972511669826e-10,7.69133391196049e-10,1.03479846869095e-09,3.79407811330629e-09,1.00126005078839e-08,4.02366409697835e-09,3.88727525513194e-09,1.14212528003948e-08,5.18988065613323e-09,7.87676999973631e-09,5.6362028105386e-09,2.77881197944467e-09,1.10646413445577e-08,3.43337414392926e-09,8.56340571741032e-09,4.76182674769626e-09,2.36734844535379e-09,3.59359664281164e-10,2.7811442582317e-09,5.92417862779131e-10,2.59292562250051e-09,2.0740895663864e-09,1.74759000836087e-10,4.61399588122688e-10,4.17556208437623e-10,-6.08083484008777e-11,1.36222149406114e-09,1.54654005815246e-10,4.0834412490048e-10,2.28425008751228e-10,-5.38215323491645e-11,9.26719633650697e-10,2.04326626919432e-10,3.60716307291326e-10,2.01815874785782e-10,-1.25854580559513e-09,8.18693367546312e-10,-3.84232125544799e-10,-3.75380812849204e-10,2.57802847781214e-10,-1.36738693956134e-09,-4.66138591499114e-11,-3.82768326041924e-10,3.97411695388253e-10,1.09025947358054e-10,-1.38012554389477e-09,-1.16341734321261e-10,8.12421848440352e-10,2.78680603399177e-10,3.08679199819926e-10,3.45193071446476e-10
2.48411088720637e-09,5.20797715144526e-09,8.43252813552225e-09,3.26627570721936e-09,6.77443346445597e-09,4.44223789697171e-09,5.81074348226915e-09,9.52696536824827e-09,9.91140304610662e-09,7.58258248828277e-09,1.60496940889307e-08,1.34977200614954e-08,8.12529249946925e-09,8.85143689961772e-09,3.58906894751339e-09,1.39473094855909e-08,6.18975691926447e-09,1.06095145931253e-08,7.90544313456549e-09,3.22714301084728e-09,1.6404025781907e-09,5.60244352324779e-09,2.82506038314451e-09,4.70704901265979e-09,2.85677818280196e-09,1.45211684303929e-09,2.12872875234486e-09,2.50100064532844e-09,1.35105779737211e-09,2.32437415570006e-09,1.28350796998269e-09,1.88107373135871e-09,6.65069507673528e-10,1.19433354575564e-09,2.08263753472584e-09,1.03628023660597e-09,1.64532289550749e-09,5.30058709556238e-10,4.1944116950904e-10,1.78439449133144e-09,5.56537970973467e-10,1.80718139868687e-09,4.70215147819604e-10,3.87037598211771e-10,3.70127802204055e-10,4.91218123980976e-10,5.00966153905441e-10,6.75062501021518e-10,1.02690324044061e-09,2.46442895134959e-09,2.62063358444773e-09,4.2257381802315e-10,3.23613572011923e-09,1.21112358035437e-09,3.23054729824881e-09,3.96630343619137e-09,3.67311909731632e-09,3.72699822860972e-09,6.00905201236801e-09,5.85378939756213e-09,3.15972315300696e-09,3.23929459335242e-09,5.46730821066301e-10,4.33819208097326e-09,2.18830940428467e-09,3.53464668379931e-09,2.91446258214805e-09,5.92697915026485e-10,3.0513782288532e-10,2.05968485980149e-09,1.99305940082047e-10,1.66252297940653e-09,5.24407274938197e-10,2.70320335068204e-10,2.79190112981397e-10,1.76220547941505e-10,9.28695953683153e-11,-1.79070601331895e-11,2.37999810201908e-10,2.46973539856517e-10,-2.28530982101013e-10,8.16603455404173e-11,-2.1559416109394e-10,-2.60991471493325e-10,3.11214092736641e-10,-1.44527970243488e-10,1.54159079852265e-10,2.7774620936234e-11,4.56909061850614e-11,1.62520956502699e-10,-1.72811714998383e-10,1.5176574631156e-10,1.47013864436023e-10,5.63231252285668e-11,6.29337072981584e-11,-4.30782782677563e-11
7.46991187868318e-09,3.54310882379378e-08,6.59843341954789e-09,9.32059666302542e-09,4.07261637180477e-08,1.10147230430961e-08,3.98463291888737e-08,7.6235697057642e-09,1.00712901369791e-08,4.61430962466171e-08,1.34977200614954e-08,5.98774887699629e-08,6.82130970918062e-09,9.01557723522071e-09,3.78186818057358e-09,1.20481494740644e-08,6.25741506536975e-09,8.37145993970676e-09,8.02370570276637e-09,3.38335370329583e-09,2.3173525948633e-09,5.64339981725811e-09,3.27915464294252e-09,4.92069406884338e-09,2.99430096531773e-09,2.05086299803176e-09,3.00640008591022e-09,2.90209226857027e-09,1.94510750810666e-09,2.74174407640966e-09,1.81189759283561e-09,2.65604760727169e-09,1.26785981971782e-09,1.71847860253859e-09,3.04199114128086e-09,1.66477789107499e-09,2.35111485599588e-09,9.95432938293532e-10,1.09416718596606e-09,2.628888866865e-09,1.34081330687898e-09,3.09606643134629e-09,9.24413175584461e-10,9.91985486128929e-10,5.77752709535218e-10,1.11683404882489e-09,8.82720272797216e-10,1.22353107416817e-09,3.62229952563961e-09,8.58114469765814e-09,2.46743647967549e-09,3.416464155201e-09,8.22311016124994e-09,4.20569632948799e-09,5.76829451017427e-09,3.90608842362284e-09,5.55007722653142e-09,6.38415947720444e-09,6.59866000452836e-09,1.33486874084657e-08,3.48453941251733e-09,4.96080417443704e-09,5.75563199681968e-10,5.66221946134287e-09,2.4369534007337e-09,4.39466587441792e-09,4.26732736811731e-09,5.24300155457282e-10,3.80958926659912e-10,2.15866893162657e-09,2.74089912071337e-10,2.24932177384029e-09,4.63986045837386e-10,3.37171141846618e-10,7.80932894571942e-10,2.4254944491181e-10,5.1958279442598e-10,5.03706685950163e-10,2.97792002154937e-10,6.8994714876708e-10,-7.89857689818715e-10,4.58986518347056e-10,-3.04579945582953e-10,6.94764254177188e-11,7.38149324888103e-10,-8.51108565021974e-10,1.76613936863415e-10,-2.60608697798309e-10,3.70908084110775e-10,2.15242656583323e-10,-9.14262277518037e-10,5.54377810860228e-11,7.29213098983608e-10,2.27884406582685e-10,3.37805729094066e-10,4.49358744770515e-10
2.40482509385655e-09,5.00586058259322e-09,1.0305503878923e-08,3.18915718743985e-09,9.06656626043625e-09,5.84533652171338e-09,5.81391536028684e-09,1.19066634743646e-08,4.45122606624655e-09,1.0634141337149e-08,8.12529249946925e-09,6.82130970918062e-09,1.38152348831309e-08,4.67269225207725e-09,2.28674042819608e-09,9.33288897777522e-09,4.4592036011227e-09,8.82018447965369e-09,4.19145190079305e-09,1.89374763321163e-09,2.96501218699213e-09,3.98248967518092e-09,1.82116996382471e-09,3.55937765488289e-09,1.67623356470298e-09,2.62413457597451e-09,7.65693377101414e-10,1.61202528506056e-09,2.61069963167499e-09,1.65704084861617e-09,2.31852309340796e-09,6.7661589455179e-10,5.93159742488897e-10,2.30669284232899e-09,7.34466173867752e-10,2.04015917429051e-09,5.60626094909862e-10,4.86546801311087e-10,4.33818951831037e-10,5.96968592016582e-10,5.1282997618981e-10,6.08973757446276e-10,4.51969994148672e-10,3.96245554289389e-10,3.75919255953190e-10,4.52014891106896e-10,4.22870081444691e-10,5.8172910273066e-10,1.0948752746413e-09,2.21132535332103e-09,3.40730337331512e-09,9.50096361236134e-10,4.47373620228258e-09,2.48183071438445e-09,2.26778100619655e-09,4.69531181806118e-09,1.18826304423154e-09,5.20587039319399e-09,2.30467239714101e-09,2.60300186008883e-09,4.29305433044252e-09,1.37938777000847e-09,4.26043584939707e-11,2.01965685253007e-09,7.29259090022771e-10,1.67778855580517e-09,1.28203123097969e-09,-3.72171450468187e-11,1.30678134741385e-09,6.07242979019642e-10,-3.36782859603705e-10,8.2116856516554e-10,-3.2981325033422e-11,1.15658477412868e-09,-8.00105521802668e-11,-2.98107546758538e-10,5.69463255503317e-10,-2.35955654158449e-10,1.02148609426452e-09,-7.05670013374255e-11,-4.45106795153792e-10,5.02951015797808e-10,-1.95630611597693e-10,-3.42695641197239e-10,6.62566632314387e-11,-3.86978360965538e-10,-2.00447825814598e-10,-2.36824920204342e-11,-2.51743411762857e-10,-1.57854078277718e-10,-3.92740571454613e-10,-1.01282080105045e-10,3.47260873920591e-10,-1.74814931026592e-10,1.11048837901755e-11,-1.34191330291271e-10
3.17178186666675e-09,2.91532543780781e-09,4.18648014148052e-09,2.186269303634e-09,4.21622808612412e-09,2.99945362970969e-09,3.15128964767481e-09,4.45061872258011e-09,1.34336714750419e-08,4.60480525308599e-09,8.85143689961772e-09,9.01557723522071e-09,4.67269225207725e-09,1.3846225918507e-08,4.62553372253035e-09,9.33569372607127e-09,1.04690111275331e-08,6.62270169010917e-09,1.24319914672137e-08,4.1466575884454e-09,1.73804020857735e-09,9.40631030905138e-09,3.36472153496642e-09,7.99941890043164e-09,3.66990548286556e-09,1.53822332680349e-09,2.42009461535976e-09,2.97791587766475e-09,1.6378192890381e-09,3.05519290443326e-09,1.35907876503984e-09,2.13812751844149e-09,7.17137087378757e-10,1.44708948760889e-09,2.29466862697225e-09,1.16775488126817e-09,1.88648678799835e-09,5.99400361064809e-10,4.40063617786675e-10,2.00334378046309e-09,6.04601486185753e-10,2.01713536283525e-09,5.32100075814902e-10,3.95884253023018e-10,3.5543548939407e-10,5.38285708055386e-10,3.90119882037492e-10,6.79825206395109e-10,2.89820294667297e-10,1.22724566483589e-09,1.00022906552351e-09,-6.27142501265367e-12,2.11475405587981e-09,1.0180403139762e-09,1.81523522292099e-09,1.91398916668535e-09,5.54791127667071e-09,2.77050875132458e-09,3.21816037585949e-09,4.41092042657278e-09,1.59032834363715e-09,5.87210999478212e-09,1.25359203361142e-09,3.30583612262356e-09,3.04205869618823e-09,1.93735569930158e-09,5.24213441885663e-09,1.29342730140482e-09,9.25907050052161e-11,2.75794653532115e-09,7.08632429498267e-10,2.03376275837942e-09,1.14463888622353e-09,8.20009167744785e-11,6.08401775635711e-10,6.27094988927555e-10,1.8307446694675e-10,3.76987814034516e-10,7.2269276496212e-11,5.37561414962246e-10,1.57067723921958e-10,1.61654560246472e-10,2.51358189665435e-10,-6.66304770643834e-11,5.27865202126622e-10,2.43344070835997e-10,2.72191123990039e-10,4.82066540855728e-10,-3.61110909329076e-11,5.15720426810286e-10,1.72992698267711e-10,1.27348232055263e-10,-9.3067982972506e-11,-5.79200025162995e-11,-4.41645153745241e-11,1.64621288615524e-11
1.00857670975739e-09,3.25176116735364e-09,1.82016107569389e-09,2.39428245283934e-09,2.53162243725476e-09,1.7232383953083e-09,3.45655883614193e-09,2.1298665821923e-09,4.40040716690075e-09,2.76435294086622e-09,3.58906894751339e-09,3.78186818057358e-09,2.28674042819608e-09,4.62553372253035e-09,1.42093477379232e-08,3.76106288457441e-09,1.02989309000184e-08,8.86574850735534e-09,4.14669848720175e-09,1.26791575003526e-08,4.09451950311244e-09,9.24457531652612e-09,8.29107824490835e-09,5.59676856135933e-09,1.1221004878694e-08,3.62365371507006e-09,1.55260107558191e-09,7.3376258791659e-09,3.00970431374687e-09,6.53642400857398e-09,3.20141673774596e-09,1.37171651817997e-09,2.59386229201129e-09,2.65904045321967e-09,1.48438489009011e-09,2.37478179545694e-09,1.21992478776585e-09,2.37530611291792e-09,9.24719176384111e-10,1.31953310906015e-09,2.56237003279963e-09,1.54533933126104e-09,2.1749565610581e-09,7.99166241450249e-10,4.00790529487678e-10,2.27579785615997e-09,7.00094217072006e-10,2.1606688475876e-09,-2.45147248880281e-10,1.86118783479479e-09,5.89969710043698e-10,2.23573229640879e-10,1.6326860591484e-09,6.63119470372487e-10,1.7926429691827e-09,9.87447159806999e-10,1.83228465654388e-09,1.78479142790295e-09,9.99789029245684e-10,2.45601666643584e-09,9.86244712815067e-10,2.13690913151371e-09,4.82801990246467e-09,1.41211899601737e-09,3.14988363932802e-09,2.79199900525597e-09,1.98622097632476e-09,4.48769531198407e-09,7.79034851334606e-10,2.91821245918365e-09,2.3439620741715e-09,1.61012050582342e-09,3.97152787119111e-09,6.89479349266189e-10,5.36007276947988e-10,2.07434756698644e-09,3.41183061204776e-10,1.13957844409981e-09,6.08989805613627e-10,4.73587063021987e-10,5.87513762728196e-10,3.01356339174745e-10,4.79221639396363e-10,4.06848553237764e-11,4.21482151887828e-10,5.69082722848893e-10,5.90001160272644e-10,5.20314698523825e-10,7.92592035099787e-10,6.82118204234506e-10,5.129573238349e-10,4.73610160585943e-10,2.57397143905078e-10,6.31986178424656e-10,3.55107795649733e-10,3.49581882458347e-10
2.26210374507398e-09,4.68775954669266e-09,7.16771310550585e-09,2.87987422381811e-09,6.18468427256343e-09,3.98592133770355e-09,5.143241662985e-09,8.12493949285826e-09,8.85190685513984e-09,6.83587837623998e-09,1.39473094855909e-08,1.20481494740644e-08,9.33288897777522e-09,9.33569372607127e-09,3.76106288457441e-09,1.57655717448774e-08,6.50334054454705e-09,1.19189068900368e-08,8.31118892723568e-09,3.35431551957014e-09,1.65670982927426e-09,5.85720643537778e-09,2.88288218386818e-09,4.85250850617421e-09,2.96879629762684e-09,1.46629607897028e-09,2.30849676863703e-09,2.55160490030776e-09,1.35701743914366e-09,2.3974475723526e-09,1.29561593450239e-09,2.03959387365051e-09,7.18310309645497e-10,1.19911005939332e-09,2.24180748151827e-09,1.06335748538221e-09,1.80094018117216e-09,5.85490820204774e-10,6.21141970324314e-10,1.94457632205372e-09,6.84891455251647e-10,2.1231233614594e-09,5.21138793890483e-10,5.80266974956128e-10,4.32905535243061e-10,6.05360668901367e-10,6.10237102883556e-10,7.44379265429457e-10,1.03376527924172e-09,2.37991207133593e-09,1.97825295228659e-09,6.26058107809684e-10,3.23606884095401e-09,1.41916806346974e-09,2.88385969164509e-09,3.16140613571322e-09,3.23851726379052e-09,3.52802702264334e-09,4.34012346512001e-09,5.07120423004151e-09,2.29031697014554e-09,3.56798857272902e-09,8.7157632655571e-10,3.80972174384625e-09,2.01904574923756e-09,3.03429889951294e-09,3.18044372941943e-09,8.74943938769495e-10,3.58190959657484e-10,1.8681850745678e-09,4.31309574561751e-10,1.75399507280871e-09,7.74271387223977e-10,3.17088882682851e-10,5.09491361461107e-10,3.81647405404437e-10,1.0620198656519e-10,2.471470842455e-10,2.79853564389809e-10,4.50220345924222e-10,-1.64022012667286e-10,9.36923970163638e-11,1.01752462989806e-10,-1.68050759869104e-10,5.09164499282929e-10,-9.20646501216735e-11,1.79094679014083e-10,3.18840151986724e-10,-4.31434632540949e-11,3.71666139701397e-10,-1.12153410715112e-10,1.81759837236707e-10,2.78866472724599e-10,-5.17628458753954e-12,1.91859417098639e-10,-1.92791889372808e-11
3.34851391433229e-09,2.97781759256306e-09,3.85052989109931e-09,2.17128990457412e-09,4.2652755729678e-09,2.89123417721987e-09,3.18336221108565e-09,4.1931433097951e-09,1.01005880654225e-08,4.74596570718124e-09,6.18975691926447e-09,6.25741506536975e-09,4.4592036011227e-09,1.04690111275331e-08,1.02989309000184e-08,6.50334054454705e-09,1.80516762427316e-08,1.26151261830284e-08,9.40611675857248e-09,9.24442958675534e-09,3.69601957203212e-09,1.61529818213865e-08,5.43327021981865e-09,1.10064456569975e-08,8.18119493028760e-09,3.27092758964023e-09,1.53225510484495e-09,4.80837267589199e-09,2.84182092021157e-09,4.36329016500184e-09,2.88970272643303e-09,1.3536724237833e-09,2.66599070504297e-09,2.51060925257574e-09,1.3696123892021e-09,2.2393036582286e-09,1.18451579413635e-09,2.3970410275798e-09,8.1027988332858e-10,1.17724471824996e-09,2.43391931960448e-09,1.25426086211829e-09,2.1927113620936e-09,7.24072845652012e-10,3.83075328223557e-10,2.16849461914989e-09,6.24201855849513e-10,2.19208134628484e-09,3.53977775972106e-10,1.26423609323244e-09,8.07572094098864e-10,1.03628930477114e-10,2.02251351355213e-09,1.03223190978515e-09,1.22921253797276e-09,1.5409654459817e-09,4.34874244669387e-09,2.55593861066703e-09,2.38283266182346e-09,3.69674991334544e-09,1.50193468558603e-09,4.59400122458163e-09,3.68900759584581e-09,2.621564977061e-09,5.80974396629869e-09,3.78998851400623e-09,4.13378862306902e-09,3.39911413790143e-09,5.55305226771616e-10,5.20564575660799e-09,1.53107657097532e-09,3.09356472882864e-09,3.00816766451786e-09,4.914388635939e-10,6.06673658530351e-10,1.35498039721579e-09,4.95539679112541e-10,9.03877440438603e-10,4.34156922104004e-10,5.35967296050685e-10,5.99930713413705e-10,4.37782145950651e-10,2.91002389262386e-10,1.9504980958952e-10,4.1122127611809e-10,6.0250567368962e-10,3.0594790370016e-10,3.59304354427658e-10,5.71469079244089e-10,3.33482878968254e-10,5.41496384307452e-10,1.41624017577537e-10,1.00818472921506e-10,4.38420243179006e-10,2.17650834101366e-10,7.20831950655848e-10
2.22726909762345e-09,4.31004050317289e-09,6.71194878287692e-09,2.74161472722052e-09,5.66007599255482e-09,3.56570097433616e-09,4.64414726826697e-09,7.70763172345517e-09,6.22936812892209e-09,6.17155173984498e-09,1.06095145931253e-08,8.37145993970676e-09,8.82018447965369e-09,6.62270169010917e-09,8.86574850735534e-09,1.19189068900368e-08,1.26151261830284e-08,1.95341251489052e-08,5.90347467062218e-09,7.96343033937319e-09,3.34332135492894e-09,1.12747171430313e-08,4.73167553228607e-09,7.27596472873928e-09,7.04742376117711e-09,2.95874448355464e-09,1.34122109430217e-09,4.18735858046339e-09,2.40580880113542e-09,3.56079313823134e-09,2.61382158999253e-09,1.18484478764838e-09,2.5731603467603e-09,2.1253175694108e-09,1.25814928957478e-09,1.95023664874516e-09,1.03167766419957e-09,2.30188076931847e-09,8.25863296165231e-10,1.06171736386524e-09,2.40495256357515e-09,1.17828640973992e-09,2.09804813630637e-09,7.3144421159684e-10,4.01067562536947e-10,2.13228449292752e-09,8.48665684303598e-10,2.3422395099296e-09,1.05402936809821e-09,1.94852948642946e-09,1.8426420324211e-09,3.79237232160962e-10,2.87428414664046e-09,1.27099767149207e-09,1.85784898549387e-09,2.78515056288677e-09,2.29910790486923e-09,2.9472700128796e-09,3.3619146013111e-09,3.89695054189946e-09,2.38677114557118e-09,2.60717735953368e-09,2.7948094478389e-09,3.33248167294669e-09,4.11101823730105e-09,5.83131378614107e-09,2.34464037551972e-09,2.57114200936272e-09,7.7192689616896e-10,3.77523113873379e-09,1.11797484990981e-09,2.4523181256271e-09,2.27543989756629e-09,6.83109716070338e-10,5.22293603969468e-10,9.89412395034402e-10,4.16928584462046e-10,6.29580650941203e-10,6.03594891713492e-10,4.61379543246381e-10,6.6822203526562e-11,3.68383566818841e-10,6.04713023216986e-11,-5.48300913308985e-11,3.9134525957236e-10,7.14494770791694e-11,3.03685181020149e-10,8.90149202834976e-11,1.91880102227808e-10,2.02737018655743e-10,8.54211780988708e-11,3.49996793081514e-10,4.24274466306522e-10,2.6505669118841e-10,4.48878302275611e-10,4.47484636925755e-10
2.89840124648364e-09,2.61347867436545e-09,3.77029560031567e-09,1.95683746631261e-09,3.78460192142556e-09,2.63159098593164e-09,2.84462388787337e-09,4.02324016505349e-09,1.21021050118758e-08,4.15870761066459e-09,7.90544313456549e-09,8.02370570276637e-09,4.19145190079305e-09,1.24319914672137e-08,4.14669848720175e-09,8.31118892723568e-09,9.40611675857248e-09,5.90347467062218e-09,1.35735491573578e-08,4.31890477365468e-09,1.88982920255978e-09,1.02118332506535e-08,3.59144363870871e-09,8.86972479473278e-09,3.82217014729093e-09,1.67247233733062e-09,2.52930538261485e-09,3.17837724630692e-09,1.6977348756606e-09,3.15370337926981e-09,1.47754479136992e-09,2.23451348668117e-09,7.69136565463676e-10,1.49986296733797e-09,2.33547015915901e-09,1.23708137185605e-09,1.98074739412896e-09,6.42371563699097e-10,4.98281377176345e-10,2.03271981105213e-09,6.99537391273036e-10,2.13273749312714e-09,5.76625255230136e-10,4.48062561856015e-10,4.64981794387856e-10,6.29255612965023e-10,4.94257381254733e-10,7.86499384413294e-10,2.06112776493782e-10,1.13937920500238e-09,9.44134073125043e-10,-2.05982561178769e-11,1.94211169234766e-09,9.76350471689769e-10,1.66837707638748e-09,1.80877586671789e-09,4.97049689678377e-09,2.56347021760445e-09,2.91523615784246e-09,3.98254986942109e-09,1.52520978661162e-09,5.24212412117623e-09,1.29265417070793e-09,2.75857853585053e-09,2.75705242568131e-09,1.59439395048752e-09,5.3304804979313e-09,1.3267487835059e-09,8.74346545431387e-11,2.88914091176326e-09,8.04249677517643e-10,2.02928594713238e-09,1.17415406429062e-09,7.73784429034038e-11,7.49662300989137e-10,7.11749684116111e-10,1.46117616238229e-10,3.77952148008819e-10,6.83599439729549e-11,6.62288758617552e-10,1.48488371280225e-10,1.29087529868965e-10,4.54068255826275e-10,-1.59870002730423e-10,6.33951961255747e-10,2.14480825124311e-10,2.5761131862102e-10,6.23342047604052e-10,-8.79714701660644e-11,5.24297897524431e-10,1.67182603018884e-10,1.42283639435917e-10,2.06662767282847e-11,-9.907962120364e-11,-1.9305354768204e-12,-3.18511856406942e-11
