6.09159110986561e-08,3.20744872603246e-08,1.50974687657078e-08,5.02456624526255e-08,3.09536061092337e-08,4.63085527509317e-08,2.75601502930068e-08,1.29227015962697e-08,1.27204920632651e-08,2.6313396030646e-08,1.37778864985625e-08,2.68972961422782e-08,1.06407210433671e-08,1.09795007514382e-08,7.16472547677813e-09,1.13168907777125e-08,1.21547645299534e-08,1.18240260967209e-08,9.72867757611349e-09,6.41778887167747e-09,5.52410043311391e-09,1.08470550418698e-08,6.67013731541212e-09,1.0330807070284e-08,5.88189537746345e-09,4.86691768956521e-09,4.32635169044855e-09,5.98097143000922e-09,5.19845240061954e-09,6.29989933789213e-09,4.46493198875677e-09,4.01027484597185e-09,4.27497229650577e-09,4.83301584291645e-09,5.0035483053052e-09,5.93700472137792e-09,3.55073925086499e-09,3.59933179195265e-09,3.47738286490175e-09,4.24784809977534e-09,4.23071792230423e-09,4.72353545698885e-09,3.40487799588154e-09,3.09784958446972e-09,2.83669989196404e-09,3.99682127835445e-09,3.73955464554289e-09,4.71602028759774e-09,4.6278210977974e-08,2.35731436750467e-08,1.08273965663943e-08,3.94968974421224e-08,2.33783112071676e-08,3.75832137710318e-08,2.03247382776749e-08,9.00130349379309e-09,8.20797878135646e-09,2.01257203326598e-08,9.70326598548552e-09,1.86686251836301e-08,7.81960748005372e-09,7.0645663470807e-09,5.63777038635733e-09,8.86577186960537e-09,8.11853952335962e-09,8.99452998208499e-09,6.38650539747256e-09,5.03584552517641e-09,3.93034121323861e-09,7.19227963121165e-09,4.98825325699345e-09,7.38725145939264e-09,4.51087705993239e-09,3.60952368243833e-09,3.08695899835457e-09,4.52317953053898e-09,4.50077818937754e-09,5.03680598973382e-09,3.36088414197731e-09,2.926922111973e-09,3.13898207611486e-09,4.28851683920008e-09,3.78237108243471e-09,4.80794166626582e-09,2.54559625255048e-09,2.66613916001355e-09,2.22090396340299e-09,3.13219484087127e-09,2.88386407271095e-09,2.80980011594283e-09,2.53819033360711e-09,1.96839821855068e-09,1.91354546501426e-09,2.76469164897633e-09,3.09472836019109e-09,3.65332379292017e-09
3.20744872603246e-08,1.1474562273612e-07,3.583092730607e-08,6.08036631712266e-08,9.53178870989517e-08,4.72796016096701e-08,1.01240903454139e-07,3.08176212061937e-08,1.41487517654585e-08,8.369794368645e-08,2.91815129996639e-08,8.03650253344047e-08,2.60458094709374e-08,1.20237283050962e-08,1.52897376204078e-08,2.42123289448979e-08,1.33207027268581e-08,2.41219783234591e-08,1.0526153692591e-08,1.33231834880054e-08,7.73073387865796e-09,1.1485583808349e-08,1.34954205132816e-08,1.10900046964184e-08,1.20935419407208e-08,7.06484694014423e-09,7.62093731077233e-09,1.22746773082966e-08,8.80138996190134e-09,1.42833152324098e-08,6.56951325313785e-09,7.11554836541145e-09,8.45804035187514e-09,8.13701995619377e-09,8.9707621222592e-09,1.01401953611536e-08,5.85613301817943e-09,6.55279293339229e-09,5.84340811484136e-09,7.02851775163823e-09,7.53280642599405e-09,8.01053676309504e-09,6.04978585519497e-09,5.55561605903613e-09,4.65999276422422e-09,7.13587631819882e-09,6.53420800266889e-09,7.98841341163041e-09,2.65280695260708e-08,7.40454819371381e-08,2.57038527702754e-08,4.74402516993646e-08,6.0039612471931e-08,3.85080038235078e-08,6.57292315501465e-08,2.18408452811103e-08,8.86086055726399e-09,5.29273691782249e-08,2.06178083819969e-08,4.78948806914012e-08,1.94583739311866e-08,7.84737713970716e-09,1.1382881685135e-08,1.8049237220391e-08,9.39322919996445e-09,1.79068827380471e-08,7.01249698757524e-09,1.01205655461931e-08,5.79463409416532e-09,8.03160204988828e-09,1.05803646034141e-08,7.78534860530591e-09,8.78501114159819e-09,5.17858723942509e-09,5.31415308089215e-09,9.24497096292491e-09,6.56785312154474e-09,1.0152106128456e-08,4.87627556638016e-09,4.94987698721497e-09,5.03086218602656e-09,6.05615887466613e-09,6.16903641334673e-09,7.32788152373761e-09,3.79439258821598e-09,4.12074929989078e-09,3.01788378624919e-09,4.87430001224389e-09,4.41993970099305e-09,5.14147758249701e-09,3.81006451079666e-09,2.82984674592077e-09,3.39298153199983e-09,4.18035624410999e-09,4.90118310889106e-09,6.06355884289819e-09
1.50974687657078e-08,3.583092730607e-08,7.09409896119925e-08,2.84166753130073e-08,6.02180882262153e-08,5.12309880084366e-08,3.08399264927544e-08,5.97185346610486e-08,2.53285135382849e-08,5.09711332603135e-08,4.94409913193941e-08,4.26235343370586e-08,5.13504341994546e-08,2.18679881941624e-08,1.23161751357322e-08,4.17149760244429e-08,2.09221089576116e-08,3.91505685270052e-08,1.8932529592252e-08,1.07907191856238e-08,9.82177371504654e-09,1.80243239674692e-08,1.05045994715925e-08,1.68945431253636e-08,9.3891198413663e-09,8.65442368638254e-09,5.54718147283367e-09,9.16122773032105e-09,9.43731527020974e-09,9.91043693241945e-09,7.96378122638269e-09,5.06314400565221e-09,5.05945288351339e-09,8.62804969420789e-09,5.78297049081284e-09,9.42675376082902e-09,4.50531957275015e-09,4.18865177159768e-09,3.61990502545027e-09,4.84520654383795e-09,4.81141109883749e-09,5.51155188189193e-09,3.73307680755491e-09,3.26771940784461e-09,2.95025251173781e-09,4.42746386450554e-09,3.70097760383457e-09,4.82001634720346e-09,1.06482103858218e-08,2.57269538903451e-08,5.13473941575771e-08,2.10296932552874e-08,4.24514089818883e-08,3.74457933286907e-08,2.25321435000513e-08,4.3586695423471e-08,1.91640172748927e-08,3.61549070277566e-08,3.68040981312985e-08,3.01388076457062e-08,3.83814423816423e-08,1.69368404826705e-08,9.83396567769313e-09,3.22140634847995e-08,1.71337915810696e-08,3.08288710830825e-08,1.47330349721169e-08,8.8074279361945e-09,6.59907788552548e-09,1.50234260987215e-08,8.55143946012678e-09,1.33938501032982e-08,7.39575098259855e-09,5.75901002966494e-09,3.78472683768812e-09,7.14740426825491e-09,6.9486852384245e-09,7.54840706269947e-09,5.35102248591993e-09,3.43041256080441e-09,3.09638503932019e-09,6.35095298682587e-09,3.19361640817688e-09,6.51286627190849e-09,2.9288512216591e-09,2.81263233358286e-09,2.63834203255568e-09,2.65238687142062e-09,3.46489694735422e-09,3.03194917487234e-09,2.34644095416404e-09,2.40616208143738e-09,2.51167983574932e-09,3.18128776072402e-09,3.12710799540177e-09,3.69900904025608e-09
5.02456624526255e-08,6.08036631712266e-08,2.84166753130073e-08,8.46875568758841e-08,4.70923670699881e-08,6.73595278875831e-08,5.25116121886372e-08,2.37539796982e-08,1.22273498739248e-08,4.02929236079641e-08,2.2249662240785e-08,3.86475135467355e-08,2.0364407849533e-08,1.05781437113796e-08,1.3661824276407e-08,1.88473674980268e-08,1.12847305489404e-08,1.83927156266454e-08,9.34304136555046e-09,1.21902811833357e-08,6.90668688191474e-09,9.82092039540211e-09,1.25171418334184e-08,9.66915698237962e-09,1.11428607005698e-08,6.38335305197189e-09,5.20032999897603e-09,1.14506178149055e-08,7.07825117777745e-09,1.22296792392521e-08,5.8740309644557e-09,4.86124905871679e-09,5.53019801083497e-09,6.61241360316987e-09,6.16455046678661e-09,7.95196280904043e-09,4.45964397714292e-09,4.86046609801079e-09,4.36285477796218e-09,5.45211616698956e-09,5.4799938063535e-09,5.96293363081373e-09,4.43559311138683e-09,4.07808329624375e-09,3.55404858314637e-09,5.26949075108659e-09,4.88576867711726e-09,6.13403812634226e-09,3.89156538757098e-08,4.51863696380139e-08,2.11609016736125e-08,6.42237903682518e-08,3.68404724314757e-08,5.36536983096835e-08,3.90896523794716e-08,1.74792026663056e-08,8.90411662342916e-09,3.16431268844853e-08,1.61092293948628e-08,2.82525228931675e-08,1.55764721432709e-08,7.76550441337808e-09,1.01583767409449e-08,1.42231483798606e-08,8.8173248176772e-09,1.44280415645789e-08,7.11546847431848e-09,9.27874222085082e-09,5.1709551768998e-09,7.70808756300253e-09,9.47443431922019e-09,7.42093446751904e-09,8.32067573397957e-09,4.80764602104079e-09,3.62577489120281e-09,8.60725469962349e-09,5.54745830613385e-09,9.33223180973962e-09,4.45702504207987e-09,3.49136682716736e-09,4.0413634159864e-09,5.26809256756797e-09,4.54764365720019e-09,6.35884410012522e-09,3.25517670638348e-09,3.57661745663145e-09,2.90556789920565e-09,4.02039523612583e-09,3.82902826610224e-09,3.92322706050273e-09,3.28636839716008e-09,2.7329739376054e-09,2.91283744542727e-09,3.60574637925059e-09,4.00854537558302e-09,4.89267681713054e-09
3.09536061092337e-08,9.53178870989517e-08,6.02180882262153e-08,4.70923670699881e-08,1.35945328438048e-07,7.36170502137026e-08,8.37134744492389e-08,5.09517729460049e-08,2.46556808786057e-08,1.17466729910061e-07,4.3058575840514e-08,1.04163693995691e-07,4.30587350353198e-08,2.10712573220923e-08,1.35456785914221e-08,3.54594027621271e-08,2.07950919843003e-08,3.36018326544427e-08,1.83544652403069e-08,1.17439175449238e-08,1.20493671459356e-08,1.80103976409398e-08,1.16351536511035e-08,1.71611379822746e-08,1.04443246781795e-08,1.09026638445795e-08,8.71847354826293e-09,1.03605298108491e-08,1.27638895003466e-08,1.17888796565604e-08,1.01150611946739e-08,8.20134435072517e-09,9.24059008847865e-09,1.17918847729999e-08,9.83044465489576e-09,1.42441621216937e-08,6.81664207863684e-09,7.19810892008248e-09,6.23507915496694e-09,7.69008817114459e-09,7.97157819291894e-09,8.60467591788219e-09,6.76318190959125e-09,5.96662511383173e-09,4.83398526564499e-09,7.66605498064064e-09,6.68256351312666e-09,8.2947865826402e-09,2.64283575652154e-08,6.07908679894506e-08,4.1751144308571e-08,3.74063994659072e-08,8.42173876107833e-08,5.75420805023316e-08,5.36420958164085e-08,3.59629032003511e-08,1.58973919024933e-08,7.32367723144694e-08,3.03184790986461e-08,6.12361968759252e-08,3.161607658713e-08,1.39156594188863e-08,9.92917056020327e-09,2.62864544080561e-08,1.44657666100472e-08,2.51952924445736e-08,1.20276929982031e-08,8.65324675337705e-09,8.27720513018496e-09,1.24411707355193e-08,8.78414030689634e-09,1.16902579157887e-08,7.46527162412855e-09,7.2168777373114e-09,5.65098959395535e-09,7.67021554652034e-09,9.49586784043072e-09,8.45473958008787e-09,6.78334353378618e-09,5.2988307292676e-09,5.04994771384258e-09,8.78948082307469e-09,5.38016522533577e-09,9.49115290286689e-09,4.06081821890915e-09,4.11462801439008e-09,3.46680213499047e-09,4.09075728543726e-09,4.67763104740245e-09,4.5682979270132e-09,3.80586499316025e-09,3.32261679509606e-09,3.6385474277894e-09,4.64201500467948e-09,5.03020850954454e-09,6.07995931692467e-09
4.63085527509317e-08,4.72796016096701e-08,5.12309880084366e-08,6.73595278875831e-08,7.36170502137026e-08,1.00551969438968e-07,4.03791127284839e-08,4.2529048144124e-08,2.02437450584017e-08,6.25650559399233e-08,3.38623872789222e-08,5.24437619660658e-08,3.62208155932983e-08,1.75226358627943e-08,1.17699154108838e-08,2.83192774099817e-08,1.70169480401684e-08,2.66676182269776e-08,1.5224392539349e-08,1.03343802272796e-08,1.04911838614118e-08,1.46394069224655e-08,1.02865883310018e-08,1.42431797487269e-08,9.27884144994551e-09,9.52572528059958e-09,5.92555202257477e-09,9.31389375889014e-09,1.01022422845261e-08,9.93942504488736e-09,8.84789625499547e-09,5.56433216924309e-09,6.16326289765448e-09,9.45849962632639e-09,7.00259675874625e-09,1.13825803320756e-08,5.14096247105334e-09,5.4068167520529e-09,4.80045601497184e-09,6.1088623687014e-09,5.71374693796685e-09,6.52805704299221e-09,5.08145732300804e-09,4.55171916462788e-09,4.03342460277906e-09,5.57333019025044e-09,5.31790451950212e-09,6.38307810944629e-09,3.64932933495343e-08,3.43925925267088e-08,3.74670775105176e-08,5.10866557528039e-08,5.52163887615007e-08,7.7965050691062e-08,2.96716495944865e-08,3.17332900660894e-08,1.44668091368535e-08,4.73643178066984e-08,2.43398012085153e-08,3.68843057105578e-08,2.77619363760066e-08,1.27213880365183e-08,8.60040330169349e-09,2.12426989881309e-08,1.27083377440243e-08,2.03153509446273e-08,1.10418882242076e-08,7.6363604793714e-09,7.64641996117021e-09,1.1019235619901e-08,7.98323012853393e-09,1.06134841211633e-08,6.78255367511429e-09,6.92807623623867e-09,3.91208973835946e-09,7.23038147958258e-09,7.9853942376479e-09,7.67008098890706e-09,6.47820049037718e-09,3.74029975426699e-09,4.22163113416561e-09,7.58529340270235e-09,4.15758071329256e-09,8.41017559804189e-09,3.5034098361861e-09,3.74006341503796e-09,3.39476521379784e-09,3.69881241739614e-09,4.17901917487545e-09,3.75965520822247e-09,3.48408918786157e-09,3.24728608610674e-09,3.43941726879653e-09,4.10525195689485e-09,4.57278832475923e-09,4.97029772855356e-09
2.75601502930068e-08,1.01240903454139e-07,3.08399264927544e-08,5.25116121886372e-08,8.37134744492389e-08,4.03791127284839e-08,1.3109196016835e-07,3.65466672980014e-08,1.66778698438559e-08,1.1196438251055e-07,3.47268829639243e-08,1.07634344275848e-07,3.07682515442005e-08,1.42046843242577e-08,1.72796537202938e-08,2.89482745877428e-08,1.5657612017287e-08,2.8872406313909e-08,1.2423018156936e-08,1.50977319034502e-08,9.28476500198744e-09,1.34692784357694e-08,1.58843089344765e-08,1.31610263167041e-08,1.37163178204856e-08,8.46458354377915e-09,8.68602726461529e-09,1.44812270501837e-08,1.04553004144829e-08,1.64568546787285e-08,7.82903647937428e-09,8.09815787202479e-09,9.45236284919374e-09,9.64619355056912e-09,1.00617481450979e-08,1.1783502805391e-08,6.58941037219513e-09,7.39769600369215e-09,6.99416253266227e-09,7.85612864186642e-09,8.76593255370826e-09,8.94285986404011e-09,6.66167204889598e-09,6.23138777186026e-09,5.1898720638786e-09,7.87058462336465e-09,7.13181473783893e-09,8.5794078554468e-09,2.34782418426807e-08,6.57209602972339e-08,2.18459971250104e-08,4.13040432678598e-08,5.29140825238135e-08,3.34624855861495e-08,8.64883122608149e-08,2.7256899256745e-08,1.0907836384319e-08,7.58331019213758e-08,2.62527383179428e-08,7.05514004597136e-08,2.39933454374771e-08,1.0013419525314e-08,1.22020848367438e-08,2.29092170832879e-08,1.10063275168869e-08,2.16074689853885e-08,8.89136679482355e-09,1.11562405614465e-08,6.73625000682061e-09,9.46186208440097e-09,1.18756598391699e-08,8.56933181564839e-09,9.78278430279078e-09,5.9723492837454e-09,5.89345347615499e-09,1.03689238486905e-08,7.75986913835365e-09,1.11386974335368e-08,5.62507572168302e-09,5.52280393122331e-09,5.78893857062394e-09,7.15297590541540e-09,6.70324579701828e-09,8.6276917708167e-09,4.2182038154e-09,4.68201716092551e-09,3.70409286741592e-09,5.2609603027974e-09,5.3786947980507e-09,5.68079335213139e-09,4.24942101764826e-09,3.31785528315265e-09,3.95104848324635e-09,4.66448891359952e-09,5.36368893009944e-09,6.45970464113576e-09
1.29227015962697e-08,3.08176212061937e-08,5.97185346610486e-08,2.37539796982e-08,5.09517729460049e-08,4.2529048144124e-08,3.65466672980014e-08,6.89863328141405e-08,2.88888990878378e-08,6.10735716221218e-08,5.68698749585293e-08,5.09105742882536e-08,5.92930668822759e-08,2.48197210760552e-08,1.46025858055501e-08,4.81007210997897e-08,2.43203056100584e-08,4.48064538684633e-08,2.12941155326793e-08,1.26506217190095e-08,1.15242416841106e-08,2.09265608412688e-08,1.22376753638175e-08,1.93365372562349e-08,1.11046475067341e-08,1.02464971523735e-08,6.66315948570457e-09,1.07951267164326e-08,1.12328148786236e-08,1.17696627349166e-08,9.44372280776061e-09,6.1005189512105e-09,6.25999610692538e-09,1.02905512393137e-08,6.90998657760842e-09,1.13549747023999e-08,5.31181374600564e-09,5.21597756747692e-09,4.499732656703e-09,5.74996827890518e-09,6.1093686221159e-09,6.4717901234468e-09,4.33901748342906e-09,3.66403559381708e-09,3.70990297291089e-09,5.08551606843828e-09,4.50743546388504e-09,5.81467870625646e-09,9.35966273503381e-09,2.25179617111777e-08,4.3581296378008e-08,1.8098204145126e-08,3.61340994256321e-08,3.21542638924306e-08,2.6863273693256e-08,5.14236248137578e-08,2.1515760920965e-08,4.43884821677447e-08,4.31376837170438e-08,3.69015188923201e-08,4.5191775512435e-08,1.96099733411407e-08,1.10954776860313e-08,3.81210503699101e-08,1.88857607694449e-08,3.52343488329891e-08,1.67675474576774e-08,9.91520697934232e-09,7.90004888158047e-09,1.64322329400911e-08,9.90504729865623e-09,1.49029629575892e-08,8.34602230715262e-09,6.97751931265987e-09,4.62751648089962e-09,8.29233839460573e-09,8.08249494438269e-09,9.16163141572662e-09,6.50559084868752e-09,4.23697609693237e-09,4.13724636166742e-09,7.39019833408754e-09,4.25891267121473e-09,8.10693387572788e-09,3.46126907836654e-09,3.68497633194111e-09,3.03125630847739e-09,3.4399571794457e-09,4.21816807950383e-09,3.47575852746455e-09,2.99820941903147e-09,2.44479934931601e-09,2.99994160071432e-09,3.42962046767529e-09,3.67521858314391e-09,4.27364573079145e-09
1.27204920632651e-08,1.41487517654585e-08,2.53285135382849e-08,1.22273498739248e-08,2.46556808786057e-08,2.02437450584017e-08,1.66778698438559e-08,2.88888990878378e-08,7.1388797452053e-08,2.9492572696473e-08,5.70098379156457e-08,5.40940275770762e-08,2.48270105361782e-08,5.98553703626354e-08,2.78105110310684e-08,4.75880728756281e-08,4.9020930426185e-08,3.92214656224868e-08,5.1585416634925e-08,2.366248846491e-08,1.22273871440304e-08,4.22819341960154e-08,2.1045796065628e-08,3.74985017998927e-08,2.04147074676236e-08,1.0484957837174e-08,9.79694625342717e-09,1.80164022289179e-08,1.06265128967036e-08,1.77088959294808e-08,9.06656278824942e-09,8.65169261449025e-09,6.38065560983026e-09,9.30910671041668e-09,8.73725391192873e-09,1.03620185663354e-08,7.41616736428467e-09,5.03588472205573e-09,4.03084054148862e-09,7.2776277768535e-09,5.82359453792509e-09,7.85141869360924e-09,4.26391492491324e-09,3.30382213613964e-09,3.85926005051937e-09,5.0950905702711e-09,4.24013921615378e-09,5.86770653333453e-09,8.27894642544668e-09,9.27350574231922e-09,1.7907731465922e-08,8.85127707845943e-09,1.74654753842218e-08,1.58043866746171e-08,1.10024586383171e-08,2.0896638994158e-08,4.96201635939353e-08,2.1466459071868e-08,3.92750501650652e-08,3.78686679169873e-08,1.81868153203518e-08,4.25649772720833e-08,2.0487176806766e-08,3.38652431607933e-08,3.52719461643586e-08,2.85686754751546e-08,3.61760969615783e-08,1.80338932736495e-08,8.27764408637103e-09,3.06205697054669e-08,1.68098778094784e-08,2.70697777248037e-08,1.50815194402281e-08,7.0249513802635e-09,7.40530032607159e-09,1.39883280692148e-08,7.52456748781589e-09,1.36039450615021e-08,6.12469128203995e-09,6.42512955548672e-09,4.45578570476858e-09,6.79968558496894e-09,5.76965120157962e-09,6.89389234944046e-09,5.50215666125837e-09,3.71834002874275e-09,2.61402991676659e-09,4.79921264930561e-09,4.02268616213228e-09,5.15529344820599e-09,3.04115765474361e-09,2.15389369459766e-09,2.86121951449485e-09,3.6515516607139e-09,2.9691381936766e-09,4.08365759883945e-09
2.6313396030646e-08,8.369794368645e-08,5.09711332603135e-08,4.02929236079641e-08,1.17466729910061e-07,6.25650559399233e-08,1.1196438251055e-07,6.10735716221218e-08,2.9492572696473e-08,1.53821341053731e-07,5.17692375130047e-08,1.37756957069508e-07,5.14934412379531e-08,2.49571628035636e-08,1.61666586331518e-08,4.25985730665408e-08,2.48986960690272e-08,4.05660122684257e-08,2.15186694898956e-08,1.38464602181012e-08,1.40897249164453e-08,2.14851333669988e-08,1.41652541618995e-08,2.05940137060623e-08,1.23517728244694e-08,1.27659642569762e-08,1.02352129943917e-08,1.26911365664918e-08,1.51242898915453e-08,1.4089961037506e-08,1.1814149607423e-08,9.59849281048295e-09,1.05713263223138e-08,1.39360582932081e-08,1.13246490918508e-08,1.63706167488161e-08,7.79350571875922e-09,8.28475633195266e-09,7.48605794951633e-09,8.69063027865794e-09,9.47220572587131e-09,9.63465989683058e-09,7.44067821813046e-09,6.68298796717958e-09,5.64639948459468e-09,8.43512572388544e-09,7.78039246192749e-09,9.40311007605198e-09,2.29755751546154e-08,5.36250420989405e-08,3.59636155885449e-08,3.25751169305965e-08,7.32107519476497e-08,5.01065276643676e-08,7.33558882101756e-08,4.53149188067997e-08,1.93262592285655e-08,1.01733548678897e-07,3.85200596988336e-08,8.80984350844953e-08,3.96871381000419e-08,1.73777357598382e-08,1.096863803534e-08,3.34986293747296e-08,1.65687381608299e-08,3.06509647256502e-08,1.46316473359243e-08,9.81594807512693e-09,9.47541444143015e-09,1.44703657300909e-08,1.01425464898907e-08,1.31903514280287e-08,8.39444335044219e-09,8.26691010563411e-09,6.48663287994754e-09,8.70893652467784e-09,1.08295849613746e-08,9.95655985998861e-09,7.77723063324377e-09,6.10479120684932e-09,6.26229786052867e-09,1.00038536964498e-08,6.35447412387119e-09,1.12057759608333e-08,4.47669750177825e-09,4.96771806617408e-09,4.05875171570541e-09,4.59414856303119e-09,5.75798538019134e-09,4.90315549919349e-09,4.47887543306442e-09,3.69048869492882e-09,4.2336602085329e-09,5.04506238491333e-09,5.65242090574663e-09,6.57631743337282e-09
1.37778864985625e-08,2.91815129996639e-08,4.94409913193941e-08,2.2249662240785e-08,4.3058575840514e-08,3.38623872789222e-08,3.47268829639243e-08,5.68698749585293e-08,5.70098379156457e-08,5.17692375130047e-08,9.2234595112836e-08,8.33519619535075e-08,4.81076190176228e-08,4.75846994072346e-08,2.60846968268877e-08,7.70312484151295e-08,3.98567247760052e-08,6.51113205470605e-08,4.08761139612201e-08,2.19767561334923e-08,1.21705099318515e-08,3.41134929429713e-08,1.97805854753195e-08,2.97504427900374e-08,1.90118002831848e-08,1.06387707227812e-08,1.12177100225353e-08,1.71454005087922e-08,1.14947127906326e-08,1.74731568915729e-08,9.28250426751857e-09,9.82930431890661e-09,7.29421200527885e-09,1.01053894499724e-08,1.02029581653209e-08,1.11543113071458e-08,8.59362820188397e-09,6.00979921965708e-09,4.89369154906185e-09,8.69231536833118e-09,7.15268067481182e-09,9.4552147482115e-09,4.99193024557897e-09,3.90759676227623e-09,4.56489411767411e-09,6.03774578436748e-09,5.12999571067358e-09,6.97966765951933e-09,9.46724835766046e-09,2.07787426771499e-08,3.53593549856629e-08,1.65667507937988e-08,3.02766931456369e-08,2.53738318262917e-08,2.48868699939955e-08,4.16786069576577e-08,3.98374919350626e-08,3.75122384566364e-08,6.56995704452511e-08,5.90157618779687e-08,3.64779732078226e-08,3.41560061665867e-08,1.95150121434679e-08,5.71011172763664e-08,2.92624129822919e-08,4.8943354917711e-08,2.91208437042339e-08,1.70774951016222e-08,8.7768947003775e-09,2.5131314733211e-08,1.63828190177838e-08,2.14622653206833e-08,1.41060377219554e-08,7.71776386844745e-09,7.99335831564154e-09,1.37002267418688e-08,8.2726828340567e-09,1.35878191678507e-08,6.84890936060365e-09,7.01102618945044e-09,5.17300040071657e-09,7.44957018415138e-09,6.71242305979266e-09,7.91101687057314e-09,5.96509680340319e-09,4.56872619087588e-09,3.52039742293805e-09,5.62684900028425e-09,4.86639333462685e-09,5.70410489477989e-09,3.72863440351961e-09,2.76741328565141e-09,3.44478123360166e-09,4.03824549907796e-09,4.00661169094386e-09,4.98935672081157e-09
2.68972961422782e-08,8.03650253344047e-08,4.26235343370586e-08,3.86475135467355e-08,1.04163693995691e-07,5.24437619660658e-08,1.07634344275848e-07,5.09105742882536e-08,5.40940275770762e-08,1.37756957069508e-07,8.33519619535075e-08,1.87489739874979e-07,4.19626630353226e-08,4.4360200119853e-08,2.61124462565571e-08,6.78753190719498e-08,3.78336880379027e-08,5.8275364838726e-08,3.84166135237858e-08,2.19144331375118e-08,1.34857945238368e-08,3.26327097804705e-08,2.085040928871e-08,2.92869228534637e-08,1.89031973990459e-08,1.17796641450601e-08,1.44971302879146e-08,1.81353135108768e-08,1.3379089474452e-08,1.85255092752206e-08,1.06012116770424e-08,1.30863723162777e-08,1.14705782359262e-08,1.21736625105254e-08,1.43036498782169e-08,1.41809028145478e-08,1.07803149247074e-08,8.90202631345311e-09,7.92752488554481e-09,1.14483853601335e-08,1.04102885874685e-08,1.23911987999657e-08,7.96398459475142e-09,7.02712153865199e-09,6.34526393427572e-09,9.36484996564889e-09,8.34919292617505e-09,1.07255230536165e-08,2.32674334776067e-08,5.05031916437603e-08,2.99239068043858e-08,3.06305593937373e-08,6.66627285012012e-08,4.34812099051275e-08,7.04513570725238e-08,3.78565124116928e-08,3.42970669182804e-08,9.3189775357939e-08,5.84884751407488e-08,1.18637703647221e-07,3.30061796700747e-08,2.91728857792154e-08,1.86448087391107e-08,5.04322563880543e-08,2.51092521556458e-08,4.33968860683102e-08,2.49542321333691e-08,1.58470444188588e-08,9.1597175463676e-09,2.15244218794291e-08,1.5949140247348e-08,1.81392665299445e-08,1.31441568832876e-08,7.92819595366444e-09,9.32251337773148e-09,1.35126400269133e-08,9.9512882468211e-09,1.40848018340755e-08,6.97218786965577e-09,8.28719159143226e-09,7.1222630654876e-09,9.04747248220006e-09,7.89474837146041e-09,9.54803564085491e-09,6.46483594985371e-09,5.56008866792678e-09,4.59833354946022e-09,6.04141138255821e-09,5.99754081424256e-09,6.21426890010656e-09,5.01545214618443e-09,4.06601293623452e-09,4.45613380064317e-09,5.36837484467746e-09,5.83192420862883e-09,7.17936097023613e-09
1.06407210433671e-08,2.60458094709374e-08,5.13504341994546e-08,2.0364407849533e-08,4.30587350353198e-08,3.62208155932983e-08,3.07682515442005e-08,5.92930668822759e-08,2.48270105361782e-08,5.14934412379531e-08,4.81076190176228e-08,4.19626630353226e-08,6.7957045426936e-08,2.81239932750103e-08,1.64271695203691e-08,5.5140975195356e-08,2.75528197530583e-08,5.17066744787976e-08,2.37737819003739e-08,1.38720996707142e-08,1.28361122996293e-08,2.31683123513925e-08,1.32067889616421e-08,2.12763417069345e-08,1.20568774833714e-08,1.12691110389932e-08,7.14317810920901e-09,1.15888443949015e-08,1.24341031126272e-08,1.28051492377888e-08,1.02096520106868e-08,6.43030988317284e-09,6.53377489980124e-09,1.13053056904789e-08,7.34822490985188e-09,1.22514675591419e-08,5.54479267712061e-09,5.45665804371824e-09,4.68315514685468e-09,6.13755446918616e-09,6.387175911173e-09,6.84232951420033e-09,4.57697583974367e-09,3.8636156197104e-09,3.80712582930233e-09,5.31518904378521e-09,4.57888701581113e-09,5.97151316484177e-09,7.98294507865479e-09,1.96297469864135e-08,3.83644717099767e-08,1.56694804692898e-08,3.16154263623649e-08,2.77246785931218e-08,2.3041958674176e-08,4.51878396982467e-08,1.96100068842613e-08,3.83086908387275e-08,3.81182686453236e-08,3.18158038715999e-08,5.46376949073914e-08,2.24739355185945e-08,1.2120448309381e-08,4.56850352942055e-08,2.13802941462585e-08,4.23958841988213e-08,1.91782636105593e-08,1.07079355676303e-08,8.41413655099127e-09,1.86769083088581e-08,1.03881248136469e-08,1.66113438906848e-08,8.92579495564422e-09,7.51489862625121e-09,4.77541160969972e-09,8.5865252179295e-09,8.91919103643689e-09,9.77976650426564e-09,6.89745774796938e-09,4.37964652038071e-09,4.43293738575698e-09,8.10672983350235e-09,4.63058555221685e-09,8.79568484900373e-09,3.59583100793061e-09,3.9442485367613e-09,3.23193157398711e-09,3.85777151080582e-09,4.48956241495014e-09,3.87849985441775e-09,3.2575407758187e-09,2.62134559192854e-09,2.98432103713061e-09,3.66723093485525e-09,3.68620193159432e-09,4.39253598527459e-09
1.09795007514382e-08,1.20237283050962e-08,2.18679881941624e-08,1.05781437113796e-08,2.10712573220923e-08,1.75226358627943e-08,1.42046843242577e-08,2.48197210760552e-08,5.98553703626354e-08,2.49571628035636e-08,4.75846994072346e-08,4.4360200119853e-08,2.81239932750103e-08,6.69358770723727e-08,3.14882644244373e-08,5.38439235577717e-08,5.53436712477642e-08,4.47701127428462e-08,5.67473995903801e-08,2.62579767811623e-08,1.30983897593474e-08,4.67591582581156e-08,2.32425453557919e-08,4.12540569368679e-08,2.26357975543467e-08,1.11856083985467e-08,1.05193865510502e-08,1.9925225698778e-08,1.14109884436559e-08,1.94760886271094e-08,9.65709312792023e-09,9.3275438001461e-09,6.94999035329651e-09,9.95338138870009e-09,9.63072854804289e-09,1.11263980984988e-08,8.06756998171233e-09,5.52825004074628e-09,4.17791242078835e-09,8.11454047200646e-09,6.11972711766351e-09,8.50618405113475e-09,4.76070998155198e-09,3.43848406519451e-09,4.00778843380233e-09,5.37448416543157e-09,4.39843527020332e-09,6.23242141405226e-09,7.39797713764356e-09,8.12391677670981e-09,1.56343374058906e-08,7.89992373459017e-09,1.51454605268085e-08,1.37468138810445e-08,9.74121789649099e-09,1.81784422719787e-08,4.25616272674892e-08,1.86753788137554e-08,3.38582185114545e-08,3.22986297546953e-08,2.207922378522e-08,4.78454040435384e-08,2.27046690493007e-08,3.95328837571971e-08,3.92328394745054e-08,3.30841509473187e-08,4.05816536228958e-08,1.95158644726248e-08,8.53312784668258e-09,3.38914971823186e-08,1.82097536418431e-08,3.01131539191211e-08,1.64526456470493e-08,7.37162010508e-09,7.93335191593878e-09,1.51987491037825e-08,8.27760163087401e-09,1.49758006019063e-08,6.35213001602394e-09,6.92819771738875e-09,4.90120664719285e-09,7.36709818095076e-09,6.36487911659461e-09,7.42420489100287e-09,6.0092029379857e-09,4.10432524812832e-09,2.66525899969156e-09,5.39005965327666e-09,4.26500366823826e-09,5.72340775903584e-09,3.44386106807021e-09,2.17990160928478e-09,2.9036681500646e-09,3.86579159832809e-09,3.07039557736895e-09,4.48476371789217e-09
7.16472547677813e-09,1.52897376204078e-08,1.23161751357322e-08,1.3661824276407e-08,1.35456785914221e-08,1.17699154108838e-08,1.72796537202938e-08,1.46025858055501e-08,2.78105110310684e-08,1.61666586331518e-08,2.60846968268877e-08,2.61124462565571e-08,1.64271695203691e-08,3.14882644244373e-08,7.62759851468781e-08,2.97632448044769e-08,5.83332492602626e-08,5.34984187013909e-08,2.62628094885429e-08,6.37241497659345e-08,2.61968632744258e-08,4.86195251458656e-08,4.91057177814992e-08,3.67805406758872e-08,5.54229124347321e-08,2.25026171208601e-08,1.16099333342219e-08,4.25013618270891e-08,2.09386550056071e-08,3.99481716244253e-08,1.96731738330884e-08,1.04141447874407e-08,1.09985373722927e-08,1.85993657095098e-08,1.14672365765428e-08,1.97588408719534e-08,8.6468217814138e-09,9.43247010262787e-09,5.33558742992144e-09,9.43894828359477e-09,9.65511501886277e-09,9.59409309263507e-09,8.27681874506847e-09,4.61828504355004e-09,4.89812663183304e-09,8.47385819280069e-09,5.41413520763391e-09,9.49579478973815e-09,4.83882508325935e-09,1.01774941418365e-08,9.31048322183446e-09,9.42717414401485e-09,9.48653168266534e-09,9.02249146285333e-09,1.1701716019477e-08,1.16135567247715e-08,2.03811384264867e-08,1.23672187077731e-08,1.90799230188549e-08,1.84880938932912e-08,1.35882061431911e-08,2.35691564279965e-08,5.2594661055462e-08,2.24426446679269e-08,4.117899592604e-08,3.70825753064117e-08,1.96850643044974e-08,4.46315981436566e-08,2.0002235190372e-08,3.44881725741265e-08,3.62696932985751e-08,2.80684912544331e-08,3.88603926265627e-08,1.70325785509131e-08,8.47051878870769e-09,3.14125469125317e-08,1.5084046988353e-08,2.85430867919205e-08,1.50575411998158e-08,7.69326589580071e-09,7.54753144166017e-09,1.37900788045382e-08,8.7978343205747e-09,1.45353032802046e-08,6.43075632399378e-09,6.59681718567567e-09,3.58640835158268e-09,7.29820365641079e-09,6.57911789394692e-09,6.92868993273361e-09,5.74400076557703e-09,3.1119110177713e-09,3.6363300583097e-09,5.72480012510098e-09,4.19076758876855e-09,6.67500280104801e-09
1.13168907777125e-08,2.42123289448979e-08,4.17149760244429e-08,1.88473674980268e-08,3.54594027621271e-08,2.83192774099817e-08,2.89482745877428e-08,4.81007210997897e-08,4.75880728756281e-08,4.25985730665408e-08,7.70312484151295e-08,6.78753190719498e-08,5.5140975195356e-08,5.38439235577717e-08,2.97632448044769e-08,8.853596606886e-08,4.52866360384321e-08,7.530071094037e-08,4.55013405535336e-08,2.444419929741e-08,1.30036322502394e-08,3.79803702865871e-08,2.17439007280027e-08,3.29346399366041e-08,2.0948596571635e-08,1.13228605959542e-08,1.1758926555018e-08,1.87835509709009e-08,1.2118214342583e-08,1.88317470015832e-08,9.80299595184388e-09,1.03884009781905e-08,7.93360901944968e-09,1.06036408342313e-08,1.11131210444726e-08,1.19538488169731e-08,9.10534170720289e-09,6.55833153699697e-09,5.07725691329785e-09,9.49703646898236e-09,7.44802468498695e-09,1.01035292025769e-08,5.54844274077974e-09,4.10826919840695e-09,4.70039294865121e-09,6.32522681613895e-09,5.30318036936638e-09,7.31689805382435e-09,8.22145155702263e-09,1.78786026236615e-08,3.09569859223776e-08,1.42026654116932e-08,2.6263964753736e-08,2.16565624111251e-08,2.13972602422648e-08,3.64682284608517e-08,3.41528516257317e-08,3.24238905437448e-08,5.70931825990455e-08,5.04999521495105e-08,4.47445073190321e-08,3.94802631328471e-08,2.20602222545349e-08,6.82991963043391e-08,3.32126533040141e-08,5.83340663171741e-08,3.35275895065729e-08,1.86360702995241e-08,9.0588789559282e-09,2.8426656842378e-08,1.7733596886916e-08,2.42465301328225e-08,1.52879556415526e-08,8.05630396734881e-09,8.29010822138308e-09,1.46994683102716e-08,8.76035311490994e-09,1.45476531066335e-08,6.99753236032257e-09,7.29468729581875e-09,5.62208620148589e-09,7.76691262943327e-09,7.39743821839365e-09,8.57328491016728e-09,6.23328490474472e-09,4.96148053270111e-09,3.59386321762339e-09,6.29017896158624e-09,5.07348551890894e-09,6.29402426698625e-09,4.12955312380553e-09,2.83559704125807e-09,3.35335545795297e-09,4.22148927420107e-09,4.10375278996598e-09,5.23647072290044e-09
1.21547645299534e-08,1.33207027268581e-08,2.09221089576116e-08,1.12847305489404e-08,2.07950919843003e-08,1.70169480401684e-08,1.5657612017287e-08,2.43203056100584e-08,4.9020930426185e-08,2.48986960690272e-08,3.98567247760052e-08,3.78336880379027e-08,2.75528197530583e-08,5.53436712477642e-08,5.83332492602626e-08,4.52866360384321e-08,8.99481907461742e-08,7.38511864895646e-08,4.67632240485488e-08,4.8617091622127e-08,2.40682366404748e-08,7.55201441972081e-08,3.71844020442558e-08,5.9047309098827e-08,4.20763441514509e-08,2.04641165078727e-08,1.19608302013786e-08,3.18328910677724e-08,1.90306847781617e-08,2.92982103165532e-08,1.7733078498782e-08,1.05824432815385e-08,1.18850075204888e-08,1.66692964739504e-08,1.17177067706926e-08,1.82033644361854e-08,8.9429989517298e-09,9.91743605699489e-09,5.91231903873934e-09,9.56179928004249e-09,1.08027191743489e-08,1.01329268015591e-08,8.6931631248337e-09,5.00177859887657e-09,5.49262097087412e-09,9.4783701096603e-09,5.952822665709e-09,1.05356581001366e-08,8.32364293961172e-09,8.47221520668075e-09,1.54632939081649e-08,8.00510279104906e-09,1.51407806871029e-08,1.34877314021775e-08,1.01495541518373e-08,1.86613152597708e-08,3.55241010620767e-08,1.89407424261654e-08,2.90799408535918e-08,2.73163382173419e-08,2.25514568998548e-08,4.0149152241547e-08,4.11426414338139e-08,3.40223716275056e-08,6.3898351898354e-08,5.30979568134738e-08,3.43815033505374e-08,3.51514661333127e-08,1.72558169105731e-08,5.45471000279794e-08,2.88884111249085e-08,4.52998985865331e-08,3.03053056172689e-08,1.4759965670406e-08,8.33699552646369e-09,2.476005311114e-08,1.33566447566376e-08,2.15511660142367e-08,1.29509977559149e-08,7.42731956524907e-09,7.79538998068562e-09,1.19669990831309e-08,8.15868082592571e-09,1.29075375042115e-08,6.19640950575306e-09,6.73360935900378e-09,3.80637536138708e-09,6.71175922862668e-09,6.89905749057473e-09,6.42596880666444e-09,5.71475550107541e-09,3.23005897257339e-09,3.74444124428779e-09,6.01015300235296e-09,4.15661495018253e-09,6.69432435829835e-09
1.18240260967209e-08,2.41219783234591e-08,3.91505685270052e-08,1.83927156266454e-08,3.36018326544427e-08,2.66676182269776e-08,2.8872406313909e-08,4.48064538684633e-08,3.92214656224868e-08,4.05660122684257e-08,6.51113205470605e-08,5.8275364838726e-08,5.17066744787976e-08,4.47701127428462e-08,5.34984187013909e-08,7.530071094037e-08,7.38511864895646e-08,1.11859470859081e-07,3.73613783138922e-08,4.38713749774256e-08,2.13962723531912e-08,6.13892146200017e-08,3.3131505406326e-08,4.68496071444074e-08,3.77402131415967e-08,1.82250011964756e-08,1.14355818250753e-08,2.84093567957179e-08,1.76303822491632e-08,2.67934665029914e-08,1.58427299727618e-08,1.02256443097712e-08,1.29425188196773e-08,1.55592490684375e-08,1.16683489065504e-08,1.72654866902996e-08,8.68774793705085e-09,1.10541334358472e-08,6.81665670938849e-09,9.67152463086196e-09,1.21975144539219e-08,1.06706634469516e-08,9.47295278200693e-09,5.46856195266183e-09,5.60182575468256e-09,1.02927835688988e-08,6.33912154718717e-09,1.15177459226212e-08,8.81912838480624e-09,1.68994508033095e-08,2.93007557374876e-08,1.35317218374079e-08,2.49436014665958e-08,2.10582242739213e-08,2.04190663317381e-08,3.4472175176545e-08,2.89908815187764e-08,3.14553974397805e-08,4.8821665475617e-08,4.36399772878818e-08,4.2680087818184e-08,3.37577702620323e-08,3.71172314698772e-08,5.90226556062079e-08,5.41401706423031e-08,8.35439914696767e-08,2.86285801941349e-08,3.13801289671952e-08,1.57164934008872e-08,4.60524512713027e-08,2.54937223900101e-08,3.64549609859124e-08,2.68009762106391e-08,1.3420284996994e-08,7.14688736440517e-09,2.16904359421039e-08,1.21570602066546e-08,1.93504445007027e-08,1.17695355305182e-08,6.60604330342812e-09,8.43910480964549e-09,1.09597295130439e-08,7.64636456799179e-09,1.22710220098711e-08,5.50983154034808e-09,7.67399643209242e-09,4.57696751397829e-09,6.45128930281171e-09,7.64196073660777e-09,6.12649425685293e-09,6.39975469847048e-09,3.78241640565356e-09,3.82642301842792e-09,6.28383226804456e-09,4.94084775757999e-09,7.34848225273578e-09
9.72867757611349e-09,1.0526153692591e-08,1.8932529592252e-08,9.34304136555046e-09,1.83544652403069e-08,1.5224392539349e-08,1.2423018156936e-08,2.12941155326793e-08,5.1585416634925e-08,2.15186694898956e-08,4.08761139612201e-08,3.84166135237858e-08,2.37737819003739e-08,5.67473995903801e-08,2.62628094885429e-08,4.55013405535336e-08,4.67632240485488e-08,3.73613783138922e-08,6.61202628507939e-08,2.9807078717537e-08,1.55015295132108e-08,5.44836928192369e-08,2.64155577872961e-08,4.80790959532179e-08,2.56442292069459e-08,1.32652562247946e-08,1.204769477916e-08,2.24544935428744e-08,1.32156636427621e-08,2.1633394497697e-08,1.14200566792852e-08,1.06351410152036e-08,7.98351958231569e-09,1.15355466282768e-08,1.09587784705074e-08,1.26127973284719e-08,9.19256792268119e-09,6.30081776050001e-09,5.05357876452611e-09,9.25455351777866e-09,7.23718368833456e-09,1.00517186435895e-08,5.49065780351246e-09,4.25873877308499e-09,4.40553585644314e-09,6.43019794094873e-09,5.12280709063654e-09,7.20101753656776e-09,6.62636650573243e-09,7.01480906026929e-09,1.37258706613404e-08,6.82318673228674e-09,1.3338859678733e-08,1.17800043991556e-08,8.44595277499893e-09,1.57915365712341e-08,3.61678480480707e-08,1.59005203765753e-08,2.92774489605904e-08,2.78707750064521e-08,1.92743374901366e-08,4.05800704661558e-08,1.95178134419455e-08,3.3910360467684e-08,3.38943728523733e-08,2.8794620933241e-08,4.76233688257042e-08,2.26748469883333e-08,1.05122901791209e-08,4.05461185683815e-08,2.0640786692578e-08,3.63217535675139e-08,1.92095695781129e-08,9.23499188912937e-09,8.5181708806884e-09,1.74720455216154e-08,9.31806078009462e-09,1.6893574169229e-08,7.96303983463894e-09,7.37798907810624e-09,5.67247633503219e-09,8.32658504432557e-09,7.42837336310891e-09,8.71756901757502e-09,6.58202268815404e-09,4.71699714771004e-09,3.49918030590573e-09,6.42675728748698e-09,5.16957106980784e-09,6.80879548656317e-09,4.07752533011829e-09,2.98486054822685e-09,3.2220624055659e-09,4.84517426791453e-09,3.90847407410906e-09,5.55870378620822e-09
