7.1836437607143e-08,2.04346789773249e-08,1.01283415095533e-08,5.9760577141406e-08,1.94741411794482e-08,5.6522831791797e-08,1.77632497856496e-08,8.75062834842582e-09,1.00468011307709e-08,1.66923738396031e-08,9.42951122825182e-09,1.65273616016705e-08,7.69042519766982e-09,8.66463441835003e-09,5.52862469474696e-09,8.10368674575052e-09,9.22951691703803e-09,7.97005051846543e-09,7.74508742621738e-09,5.01378653742168e-09,4.72037778184e-09,8.27749563742562e-09,6.11301888665588e-09,9.47341300170034e-09,4.61376035175764e-09,4.35176634821445e-09,4.86035064532894e-09,5.59713415654178e-09,5.33622741277308e-09,6.67116792785949e-09,3.69079266417882e-09,3.9529308190696e-09,3.53592494686913e-09,4.3531233101928e-09,4.57477518752158e-09,5.06716610886102e-09,3.37999168256133e-09,3.06306479859496e-09,2.6471555404423e-09,3.94316495246944e-09,3.6478675461626e-09,4.54082413777435e-09,4.02014137473425e-08,1.54596634496475e-08,7.24323350098026e-09,3.54198502937054e-08,1.35293038429479e-08,3.20014019277117e-08,1.34511248294711e-08,6.33568908457904e-09,6.87203781935695e-09,1.19321705645435e-08,7.1604924987421e-09,1.2287604657635e-08,5.44725186298118e-09,5.97170741271427e-09,3.54078567405135e-09,5.86988124895791e-09,6.40154069934841e-09,5.51234913540105e-09,5.16048099488778e-09,3.25736414118869e-09,3.55058222238008e-09,5.62788271360879e-09,4.42675007649526e-09,6.70890752678868e-09,3.04019209771358e-09,3.25432313439755e-09,3.17304193905595e-09,4.09333879983216e-09,3.73184706753889e-09,4.87545759199978e-09,2.72734966713229e-09,2.65392163062637e-09,1.96884119782462e-09,3.00525398866989e-09,2.77435426169449e-09,3.16918049923773e-09,2.2245795411142e-09,1.63475543905289e-09,1.93480403753187e-09,2.31203886084659e-09,2.74705726814826e-09,3.4219949117122e-09
2.04346789773249e-08,4.20832361120118e-08,1.78303950139995e-08,3.49889255335838e-08,3.44121466432156e-08,2.86858544665928e-08,3.61618268879921e-08,1.50123662321371e-08,8.42071371015696e-09,2.91610118511911e-08,1.46188674504819e-08,2.71408779944896e-08,1.32253553175188e-08,7.30617969064293e-09,6.89951484567851e-09,1.27901268807706e-08,7.39979542637188e-09,1.19503496082354e-08,6.39171865831005e-09,6.13515458181462e-09,3.85797197590035e-09,6.48512457650033e-09,6.70670307663811e-09,6.68456402094055e-09,5.55853920145434e-09,3.47946691169337e-09,3.35495123777991e-09,6.03515857549384e-09,3.99214400087256e-09,6.59318158076685e-09,3.07877826625131e-09,2.76022624780396e-09,2.46786413788715e-09,3.37004029516185e-09,3.21887177351085e-09,3.84363236696188e-09,2.34407984933718e-09,2.11370264360184e-09,2.01655536543281e-09,2.74792709647839e-09,2.55407241792604e-09,3.12048337528057e-09,1.11307626511138e-08,2.98079077897797e-08,1.40553339990151e-08,2.12536348886453e-08,2.5982113603652e-08,1.7985110413851e-08,2.58850355781328e-08,1.16594506703969e-08,6.44770806306977e-09,2.22358138381052e-08,1.18862267629614e-08,2.14554726591724e-08,1.03134615854296e-08,5.69551050666562e-09,3.95646809930413e-09,1.05423153369277e-08,5.64092686598498e-09,9.26756137220666e-09,4.89125992374761e-09,3.54116967440822e-09,2.86923056618795e-09,4.9282385693133e-09,4.48878024371782e-09,5.00298049922686e-09,3.20318537409479e-09,2.51795002199046e-09,2.05657080531648e-09,4.00111065856702e-09,2.32042792959617e-09,4.01418956608306e-09,2.21542424108723e-09,1.71331579286107e-09,1.77549700850053e-09,1.96834202958902e-09,2.27247587302328e-09,2.54655086757552e-09,1.48779693251462e-09,1.52428387682363e-09,1.37769928263637e-09,1.98530839333588e-09,1.83065585227586e-09,2.3741210046835e-09
1.01283415095533e-08,1.78303950139995e-08,4.37875876976285e-08,1.70738855519079e-08,3.48322021296695e-08,3.1369078964055e-08,1.50132251184503e-08,3.73816187930233e-08,1.75863414654904e-08,2.93422458622958e-08,3.09119256408344e-08,2.4406866126524e-08,3.27992885020826e-08,1.50289650644605e-08,7.32899860812598e-09,2.68613188143834e-08,1.35668415079497e-08,2.39638899388352e-08,1.30198070185578e-08,6.29339694001823e-09,5.6458728759374e-09,1.15404780997067e-08,6.39114135848703e-09,1.11787363585131e-08,5.33203684985348e-09,4.94628101553518e-09,3.26943207283193e-09,5.4291887376788e-09,5.22231825366225e-09,6.05689811287217e-09,4.26240645062727e-09,2.62773524923653e-09,2.41685084744528e-09,4.43937052384088e-09,3.10274614617833e-09,4.80681663268695e-09,2.25751677646502e-09,2.01659898615321e-09,2.19417229049411e-09,2.6477232459673e-09,2.55590390836178e-09,3.21319119184297e-09,6.33696635222026e-09,1.17965214834086e-08,3.10857794338853e-08,9.8675680500718e-09,2.35130302485196e-08,1.90255856341528e-08,1.01247238528479e-08,2.64491769852018e-08,1.36396031563218e-08,1.99572968603624e-08,2.35911521588594e-08,1.84219563887985e-08,2.30829186008532e-08,1.19973141461745e-08,4.62944457479197e-09,2.07821472560388e-08,1.01890317732149e-08,1.75744208470283e-08,1.04252120273357e-08,3.95314726532239e-09,3.86150820682909e-09,8.69791804025797e-09,4.55738537573316e-09,8.99477328888461e-09,3.30823629160972e-09,3.32946587398536e-09,2.29894524175515e-09,3.8489300469404e-09,3.05091872338638e-09,3.48854084100535e-09,2.8142486897093e-09,1.85048055197507e-09,1.52790404604805e-09,2.48013958719384e-09,2.19182207472701e-09,2.76117075920505e-09,1.49441358040024e-09,1.32875067730851e-09,1.61917085488625e-09,1.90897083297114e-09,1.83950268863552e-09,2.25258667770088e-09
5.9760577141406e-08,3.49889255335838e-08,1.70738855519079e-08,8.32412800846079e-08,2.90669014859315e-08,7.23798027713775e-08,2.99033857126727e-08,1.4489628045241e-08,9.2764547983527e-09,2.44971566904763e-08,1.41595849611986e-08,2.30187557509746e-08,1.28402577840656e-08,8.01164882965149e-09,8.48795656898269e-09,1.23737098115167e-08,8.39564871725686e-09,1.18861579500655e-08,7.13537851437089e-09,7.64279991545285e-09,5.6466961028517e-09,7.41726566867374e-09,8.76531812130182e-09,8.26453333480532e-09,7.00227167416172e-09,5.21669003091892e-09,5.21960707328988e-09,8.01636688517019e-09,6.13326962729983e-09,9.24766831624069e-09,4.44415891636362e-09,4.21463616365518e-09,3.87431543004315e-09,5.00391927854763e-09,4.91534798272279e-09,5.80185494026583e-09,3.74454942147288e-09,3.48242184180842e-09,2.9149406672653e-09,4.36113503944914e-09,4.10699851838169e-09,4.89944259739656e-09,3.13150236632707e-08,2.54904542090359e-08,1.25051054593254e-08,4.86245350090895e-08,2.14901383714364e-08,4.16422846273638e-08,2.21468060598443e-08,1.03919876726075e-08,6.27703392553901e-09,1.84042539595021e-08,1.0518469539676e-08,1.77174291328441e-08,9.15575962307350e-09,5.31783839077992e-09,5.18457890346646e-09,9.07904928569872e-09,5.53677818593601e-09,8.35067957320316e-09,4.56463134519069e-09,4.65408827573815e-09,4.29188132947878e-09,4.90222243817758e-09,6.42278009246584e-09,5.54701651981727e-09,4.33614464236236e-09,3.85097088902447e-09,3.21916427306791e-09,5.88252482960746e-09,3.97346063126211e-09,6.14710057403829e-09,3.20996487642428e-09,2.57792222195433e-09,2.4367206472858e-09,3.1467690788348e-09,2.99251523688863e-09,3.55777099949002e-09,2.26148709101737e-09,2.17868370908189e-09,1.92964801125195e-09,2.56379490931236e-09,2.99005047550539e-09,3.46595223174892e-09
1.94741411794482e-08,3.44121466432156e-08,3.48322021296695e-08,2.90669014859315e-08,5.60704523570028e-08,4.70981257581574e-08,2.91626108776183e-08,2.93427692939204e-08,1.5928525745529e-08,4.74499832131668e-08,2.46626590928146e-08,4.01934864279621e-08,2.56314214958869e-08,1.34446787684523e-08,7.38782575740676e-09,2.12906188594849e-08,1.26880276381838e-08,1.89606213628751e-08,1.16198401182964e-08,6.42682601743914e-09,6.50735233968612e-09,1.09080834362077e-08,6.80801625365252e-09,1.07074330127728e-08,5.41828287950023e-09,5.74166860686912e-09,3.85269597522843e-09,5.74734665734419e-09,6.10180858664987e-09,6.31253369194316e-09,5.06637271073583e-09,3.20017723649887e-09,2.93352603396607e-09,5.27476232871541e-09,3.89962430704884e-09,5.81727272791819e-09,2.70155673226362e-09,2.45474451225319e-09,2.60627959001648e-09,3.30456335352522e-09,3.13828918017889e-09,3.93157485023823e-09,1.02158022539009e-08,2.38576421716014e-08,2.54288788045955e-08,1.7229926156578e-08,3.89250113320366e-08,2.87447948020302e-08,2.04611544530985e-08,2.13996166582e-08,1.21764082708747e-08,3.34366316884797e-08,1.9624824491099e-08,3.06832639821966e-08,1.85918646261917e-08,1.05045698728765e-08,4.84929181599154e-09,1.72026378602331e-08,9.41968280145155e-09,1.4263527550245e-08,9.01229420083419e-09,4.3048497990567e-09,4.25975250428227e-09,8.1795990616243e-09,4.93174376267957e-09,8.09049714070789e-09,3.44605625866812e-09,3.76455915434735e-09,2.6152712264662e-09,4.07519819289582e-09,3.5779717672504e-09,3.8049196726903e-09,3.24598991014566e-09,2.21536157311711e-09,1.94540198476986e-09,3.01554721109046e-09,2.70575294730014e-09,3.32857112750931e-09,1.85759773437945e-09,1.61765892117941e-09,1.75670403967148e-09,2.32552889547295e-09,2.15465919173213e-09,2.89721846492108e-09
5.6522831791797e-08,2.86858544665928e-08,3.1369078964055e-08,7.23798027713775e-08,4.70981257581574e-08,9.95568039740009e-08,2.41914840566985e-08,2.64658979638611e-08,1.52548909645408e-08,3.96162113912872e-08,2.24296406018438e-08,3.39277887777598e-08,2.32045410547584e-08,1.28464258375345e-08,8.04294956699204e-09,1.93572876757192e-08,1.25482947049491e-08,1.76377422181095e-08,1.11368461823372e-08,6.99458412528629e-09,7.90856415239772e-09,1.07806117911865e-08,7.78886652930692e-09,1.08617284807834e-08,6.0462262979852e-09,7.13631280248178e-09,5.70130999294152e-09,6.7873496235673e-09,7.96343130970497e-09,7.93477652051238e-09,6.1261831059333e-09,4.60080509655938e-09,4.24296413671335e-09,6.70848090132074e-09,5.44200883502535e-09,7.59306255353233e-09,4.08401961518264e-09,3.76989935578208e-09,3.46639424915952e-09,4.80451578140995e-09,4.54049978659061e-09,5.63408232184569e-09,2.85513062266496e-08,2.06143131509698e-08,2.16242421826004e-08,4.1870175899276e-08,3.1652025275968e-08,5.70998745897261e-08,1.76432375429922e-08,1.80937346088701e-08,1.06263374676148e-08,2.72274526329699e-08,1.66662418923934e-08,2.51774904548109e-08,1.57231291936955e-08,8.74504063172383e-09,5.01449573019887e-09,1.44264918038631e-08,8.13246323470596e-09,1.2054906336362e-08,7.47197398212278e-09,4.51285218879241e-09,5.42654910636634e-09,7.17222673496989e-09,5.90429953280626e-09,7.33057126355119e-09,3.76684654659136e-09,4.92386537749298e-09,3.72017972423175e-09,5.03363489604055e-09,4.93268869048418e-09,5.003040338804e-09,4.10934162394214e-09,3.06560340736545e-09,2.49225565072447e-09,4.00918447542483e-09,3.20454734206009e-09,4.0657177137534e-09,2.69551963447393e-09,2.16642047537829e-09,2.27844351797813e-09,2.76920259829737e-09,3.09168338598085e-09,3.98962028431133e-09
1.77632497856496e-08,3.61618268879921e-08,1.50132251184503e-08,2.99033857126727e-08,2.91626108776183e-08,2.41914840566985e-08,4.13902240649543e-08,1.70861209340366e-08,9.66601582041487e-09,3.33679474491488e-08,1.68157098668501e-08,3.11259086660875e-08,1.48774095372613e-08,8.28146836589751e-09,7.8473981899201e-09,1.45438675030392e-08,8.2352546626407e-09,1.33573527313628e-08,7.30115874714993e-09,7.00762042928566e-09,4.46487039502956e-09,7.26489244033015e-09,7.77406165869404e-09,7.69291145328351e-09,6.34622732208228e-09,4.04289373844035e-09,3.93156173770712e-09,7.01199938153008e-09,4.5674952049782e-09,7.67507563881053e-09,3.52836147064709e-09,3.28706836909899e-09,2.88063492351399e-09,3.8447456144172e-09,3.81615127788313e-09,4.29690208260968e-09,2.78230377332437e-09,2.45260383972647e-09,2.40673320811103e-09,3.22673167733339e-09,3.05045173186174e-09,3.73951768097609e-09,9.76921889531262e-09,2.58852385701007e-08,1.16606472534812e-08,1.81182918495666e-08,2.22349146948774e-08,1.49382532946048e-08,2.95053069633533e-08,1.34347886507765e-08,7.46437793564349e-09,2.5691159771904e-08,1.31835248942664e-08,2.44759463389458e-08,1.16745396355398e-08,6.4771091015193e-09,4.71798782012889e-09,1.14861844821934e-08,6.47166109410744e-09,1.02978474726329e-08,5.59200654105475e-09,4.27406588884214e-09,3.28703101478388e-09,5.60261829461471e-09,5.08107335033094e-09,5.71483495740551e-09,3.8985964711772e-09,2.92117218270318e-09,2.42335950543838e-09,4.55274445232596e-09,2.70536007984217e-09,4.84780080032421e-09,2.48890346630602e-09,2.06754521858149e-09,1.94045014460835e-09,2.24302067099263e-09,2.57775452345459e-09,2.72827023642257e-09,1.81346975376115e-09,1.64700294706234e-09,1.5616323651737e-09,2.20563975546541e-09,2.06827627381288e-09,2.71050453259564e-09
8.75062834842582e-09,1.50123662321371e-08,3.73816187930233e-08,1.4489628045241e-08,2.93427692939204e-08,2.64658979638611e-08,1.70861209340366e-08,4.23071795386115e-08,1.9649322866597e-08,3.31873075210956e-08,3.48951120966731e-08,2.77044037033294e-08,3.67324501817623e-08,1.66471222299589e-08,8.04505697683074e-09,3.00317205820073e-08,1.48948856727889e-08,2.66885981358903e-08,1.45071495328832e-08,6.95949126513679e-09,6.24433470121735e-09,1.27932818451599e-08,7.09663663129891e-09,1.25108913359581e-08,5.8978178479835e-09,5.4756037953753e-09,3.82093414923433e-09,6.06391110678262e-09,5.78246437459256e-09,6.71908925599831e-09,4.71612454580765e-09,3.11105805438515e-09,2.79764215331688e-09,4.91671226965319e-09,3.63555174965129e-09,5.30591011332932e-09,2.63455938273345e-09,2.32619761151156e-09,2.58480389651254e-09,3.09305440165255e-09,2.99342791207359e-09,3.78592156145006e-09,5.60444776631902e-09,1.01245159557278e-08,2.64498170411456e-08,8.43199975547496e-09,1.99558699921266e-08,1.58019900680815e-08,1.18233771948054e-08,2.97814295721234e-08,1.53363048287431e-08,2.26658463234925e-08,2.64065688236563e-08,2.08067067622307e-08,2.5654998872033e-08,1.34170837560703e-08,5.3260309963355e-09,2.29409782315178e-08,1.17205206407164e-08,1.97778954702299e-08,1.16941463422213e-08,4.59311944163874e-09,4.31116079856882e-09,1.00907525207354e-08,5.14530611293133e-09,1.01472006041222e-08,3.92906061778221e-09,3.7558112091823e-09,2.45326052332786e-09,4.42693457849115e-09,3.27558366437742e-09,3.92689583270528e-09,3.14106338822128e-09,1.99117429201287e-09,1.81418570871325e-09,2.63217846538099e-09,2.39882464259694e-09,3.07501263353811e-09,1.59483055205734e-09,1.5355928311248e-09,1.81405875195445e-09,2.05489137745614e-09,2.12225231929849e-09,2.59504502755309e-09
1.00468011307709e-08,8.42071371015696e-09,1.75863414654904e-08,9.2764547983527e-09,1.5928525745529e-08,1.52548909645408e-08,9.66601582041487e-09,1.9649322866597e-08,4.61455151424869e-08,1.79391537880086e-08,3.54784138295664e-08,3.15831089586652e-08,1.66477419952882e-08,3.90587291554434e-08,1.59762182048017e-08,2.9847765981747e-08,3.06178107629058e-08,2.29632937263458e-08,3.42246640631437e-08,1.387724690686e-08,7.21643477751644e-09,2.6590201525294e-08,1.29053824171631e-08,2.4686610032894e-08,1.20172682369196e-08,6.32590119159767e-09,6.7050053819164e-09,1.1167275560147e-08,6.98211885195014e-09,1.18564280920557e-08,5.40931743034628e-09,5.57974891503422e-09,3.55088075592184e-09,5.78599368221785e-09,6.0543907559462e-09,6.158723695574e-09,4.92590473572725e-09,3.0374050894583e-09,2.88786651349053e-09,5.26037728790911e-09,3.57264860115174e-09,5.92217507281522e-09,6.99044950581878e-09,5.21321864722761e-09,1.22693300974757e-08,5.59657141374147e-09,1.06728818340577e-08,9.58299473955365e-09,6.19565891295205e-09,1.37816140713493e-08,3.14067371477253e-08,1.21627769331308e-08,2.42122602405174e-08,2.11881873264233e-08,1.15464707221106e-08,2.70101196338958e-08,1.12689642836487e-08,2.07176648649221e-08,2.15143421144381e-08,1.63186637203488e-08,2.37914472802272e-08,9.54708459463131e-09,5.7276627099977e-09,1.88283471416704e-08,9.51554533894991e-09,1.81745847021608e-08,8.33773390087791e-09,4.96796944867822e-09,4.13443916451936e-09,8.31444462455371e-09,5.38477325795543e-09,8.21539174930676e-09,4.2214112323017e-09,3.51641360944777e-09,2.31253542497919e-09,4.44524525079129e-09,3.54896831469456e-09,4.51689343529809e-09,2.98153502166926e-09,1.95450215123461e-09,2.01252112084759e-09,3.01209739883942e-09,2.3825978688793e-09,3.59614121237781e-09
1.66923738396031e-08,2.91610118511911e-08,2.93422458622958e-08,2.44971566904763e-08,4.74499832131668e-08,3.96162113912872e-08,3.33679474491488e-08,3.31873075210956e-08,1.79391537880086e-08,5.38499485164576e-08,2.80508161019033e-08,4.56001401614098e-08,2.87024199654323e-08,1.50165388371214e-08,8.20880134165696e-09,2.39511972757786e-08,1.39307811096653e-08,2.11516559264196e-08,1.30870238425518e-08,7.20619031539353e-09,7.33546921775441e-09,1.21020466902943e-08,7.72800617042407e-09,1.20740033863208e-08,6.07189415126904e-09,6.49023071542923e-09,4.58312838124518e-09,6.56895924156590e-09,6.83924647865993e-09,7.11113775195875e-09,5.6996191407308e-09,3.8449807255206e-09,3.40399423560054e-09,5.90042303439388e-09,4.5974164105521e-09,6.44768116596347e-09,3.20274421986333e-09,2.79841232724457e-09,3.00735870902021e-09,3.82752880647069e-09,3.58950494322712e-09,4.57509656837484e-09,8.86750947737248e-09,2.04606436923633e-08,2.14000790441229e-08,1.44702808520688e-08,3.34345231905476e-08,2.41761129788119e-08,2.36091651082967e-08,2.40117806454791e-08,1.37681782074922e-08,3.83035337310232e-08,2.18228284800017e-08,3.47227004514509e-08,2.05672055955399e-08,1.17786818974178e-08,5.5359426392216e-09,1.87480674669788e-08,1.09138276212166e-08,1.58786291321483e-08,1.01561015082054e-08,4.96280554289851e-09,4.89829783977462e-09,9.53693807022478e-09,5.57732586282423e-09,9.40166677255625e-09,4.11761556689303e-09,4.36533341025727e-09,2.95533763345572e-09,4.68337467543881e-09,3.98890544392935e-09,4.35012941036767e-09,3.69943811231687e-09,2.55144076364133e-09,2.2843973612111e-09,3.32384842178549e-09,3.09531415920986e-09,3.69208298811328e-09,2.06364446402552e-09,1.83001695429662e-09,1.97223597791405e-09,2.53316545748725e-09,2.44884328678663e-09,3.2762587531321e-09
9.42951122825182e-09,1.46188674504819e-08,3.09119256408344e-08,1.41595849611986e-08,2.46626590928146e-08,2.24296406018438e-08,1.68157098668501e-08,3.48951120966731e-08,3.54784138295664e-08,2.80508161019033e-08,5.5691603914601e-08,4.52988111426826e-08,3.00328819121103e-08,2.98482745024989e-08,1.46811955711134e-08,4.71884701885566e-08,2.31754990274677e-08,3.72123790639923e-08,2.60798784674517e-08,1.26491991675237e-08,7.11997697791657e-09,1.99844657802252e-08,1.18582287931691e-08,1.84417620016018e-08,1.0884212475606e-08,6.21055215883605e-09,7.11406862504292e-09,1.0172620781044e-08,6.90756029473229e-09,1.09314746995459e-08,5.29391711528928e-09,5.86007204386368e-09,3.66721267954591e-09,5.69032654634222e-09,6.56945538339482e-09,6.19087659763365e-09,5.08900755166485e-09,3.09466688447369e-09,3.15262004060943e-09,5.69339777517546e-09,3.77333385409059e-09,6.48469494580705e-09,6.23677683164763e-09,1.03288770451999e-08,2.20376741114044e-08,8.63417222047664e-09,1.71195914090357e-08,1.36430322293165e-08,1.19999137665535e-08,2.49034154323472e-08,2.5891342745749e-08,1.97551779196051e-08,4.01329187558138e-08,3.26267782206606e-08,2.12550682123831e-08,2.22645677096241e-08,9.98973682846525e-09,3.4496911710718e-08,1.74736939412103e-08,2.79058728020831e-08,1.95676124406832e-08,8.47595535716175e-09,5.48104734997969e-09,1.52408243365926e-08,8.57141076005749e-09,1.4597315578909e-08,7.34059312929085e-09,4.72912861374723e-09,4.47409566445036e-09,7.3828308662355e-09,4.85865194925822e-09,7.28855014214049e-09,4.00525430191234e-09,3.71675225128822e-09,2.13677505344377e-09,4.013581237439e-09,3.69243643770266e-09,4.1971189424156e-09,3.06863093646202e-09,1.77115081378212e-09,2.17584173445416e-09,3.17181836089267e-09,2.48319503614987e-09,3.92037616178006e-09
1.65273616016705e-08,2.71408779944896e-08,2.4406866126524e-08,2.30187557509746e-08,4.01934864279621e-08,3.39277887777598e-08,3.11259086660875e-08,2.77044037033294e-08,3.15831089586652e-08,4.56001401614098e-08,4.52988111426826e-08,6.74380981560566e-08,2.3582287903663e-08,2.63101733935065e-08,1.32846156211333e-08,3.81377667694066e-08,2.06240933840682e-08,2.96539946254121e-08,2.29105615726274e-08,1.14896646723597e-08,7.34842343328253e-09,1.78194246547569e-08,1.12697358641459e-08,1.68735883302381e-08,9.84074820710908e-09,6.49915798894776e-09,7.99093469113232e-09,9.65159249301424e-09,7.17736630182481e-09,1.04112740064833e-08,5.70438444005777e-09,6.79388797905942e-09,4.25629682120771e-09,6.08232340634622e-09,7.58821525437357e-09,6.81341600016798e-09,5.78504167511993e-09,3.4073313731618e-09,3.36196060392146e-09,6.35510006680086e-09,4.02625949481828e-09,7.13240638072021e-09,8.75653828891778e-09,1.96179401898319e-08,1.82609908518042e-08,1.41804111682666e-08,2.8695969893208e-08,2.13038672003226e-08,2.25401761960567e-08,2.06607247186452e-08,2.26014091254492e-08,3.2958610852349e-08,3.36052479165565e-08,4.95408375236223e-08,1.74191811155856e-08,1.92756454777311e-08,9.14810245070689e-09,2.87337189736827e-08,1.53456030094301e-08,2.25334837875439e-08,1.68078034321961e-08,7.89913465970702e-09,5.55313898922015e-09,1.34480567720955e-08,8.05876506070453e-09,1.28586332234301e-08,6.79172246629982e-09,4.95117098720903e-09,5.11824207803873e-09,6.94283227972341e-09,5.08108566479027e-09,6.96063853082462e-09,4.27728428805341e-09,4.46643599767649e-09,2.63523240778382e-09,4.36493576650767e-09,4.52058529102489e-09,4.72771210223909e-09,3.69196445002738e-09,2.04502375253231e-09,2.2350202465214e-09,3.70211700825806e-09,2.80328882151998e-09,4.52454821829547e-09
7.69042519766982e-09,1.32253553175188e-08,3.27992885020826e-08,1.28402577840656e-08,2.56314214958869e-08,2.32045410547584e-08,1.48774095372613e-08,3.67324501817623e-08,1.66477419952882e-08,2.87024199654323e-08,3.00328819121103e-08,2.3582287903663e-08,4.0344980542595e-08,1.81923647678741e-08,8.79172167925706e-09,3.30202771782898e-08,1.62426911495436e-08,2.91718366329138e-08,1.57813423904403e-08,7.5235706064478e-09,6.74912725302161e-09,1.39096883187327e-08,7.61747967106194e-09,1.35312080766672e-08,6.3398999439699e-09,5.93510235740739e-09,4.18655336083681e-09,6.51214849401836e-09,6.36081238566653e-09,7.26544228657631e-09,5.11974854833611e-09,3.43985463123142e-09,3.02686080555001e-09,5.42202933029651e-09,3.91373463072211e-09,5.82154065567848e-09,2.95617696072446e-09,2.54830617032417e-09,2.69290149857374e-09,3.37329169871571e-09,3.17652740045786e-09,4.06172050226427e-09,5.21443542250565e-09,8.97718571729617e-09,2.3084152258354e-08,7.25016608721253e-09,1.74245303889899e-08,1.31854551566971e-08,1.03122867258515e-08,2.56552217683554e-08,1.34172871570872e-08,1.96157283611732e-08,2.29425526636136e-08,1.8190982916298e-08,2.86237884747712e-08,1.44840694607924e-08,5.70966010770017e-09,2.55805950925812e-08,1.26104414558168e-08,2.18006624169885e-08,1.25553552557608e-08,5.06755434258191e-09,4.60411353808479e-09,1.08507565359873e-08,5.68183245716593e-09,1.11567536675143e-08,4.26103738576322e-09,4.00770965229432e-09,2.69501091265119e-09,4.85422911358558e-09,3.58111322541897e-09,4.28619886461022e-09,3.38393367460877e-09,2.23423970591792e-09,2.02098468439284e-09,2.9428929502598e-09,2.65830409011625e-09,3.46399019965709e-09,1.81417416962629e-09,1.76877095797382e-09,1.80506352291161e-09,2.29993052853321e-09,2.18784094147742e-09,2.75814431759423e-09
8.66463441835003e-09,7.30617969064293e-09,1.50289650644605e-08,8.01164882965149e-09,1.34446787684523e-08,1.28464258375345e-08,8.28146836589751e-09,1.66471222299589e-08,3.90587291554434e-08,1.50165388371214e-08,2.98482745024989e-08,2.63101733935065e-08,1.81923647678741e-08,4.30527097824727e-08,1.74744281438957e-08,3.27975779721958e-08,3.36649977622142e-08,2.51445123144089e-08,3.76475389516324e-08,1.50601504244322e-08,7.76525618778453e-09,2.91802370195778e-08,1.39770911590041e-08,2.70414138719337e-08,1.29886741154438e-08,6.81599614626118e-09,7.36735904695949e-09,1.20863525551622e-08,7.59642978237905e-09,1.28813112871907e-08,5.77483062025553e-09,6.09290152417136e-09,3.85872221609342e-09,6.26612972947002e-09,6.456086369806e-09,6.57680938768091e-09,5.36601769716245e-09,3.28479873437587e-09,3.12423963421141e-09,5.59803385209696e-09,3.90358145520664e-09,6.45934536612924e-09,6.34785353082406e-09,4.68419156788181e-09,1.04038445249312e-08,4.64257525077675e-09,9.08541289833005e-09,7.3236219685868e-09,5.50325667719204e-09,1.15463919623117e-08,2.70097821736558e-08,1.02457127866742e-08,2.07190043460777e-08,1.81350815250354e-08,1.26707069276072e-08,2.99762083320519e-08,1.26318286750855e-08,2.27797460366373e-08,2.39609842599514e-08,1.79507878874453e-08,2.64493793363463e-08,1.06062615713681e-08,6.07542927491043e-09,2.09200767792361e-08,1.03270862694237e-08,2.0247643927538e-08,9.14885925659499e-09,5.30135950795057e-09,4.86290107758902e-09,8.9573122542265e-09,5.88999858402957e-09,9.01207829171341e-09,4.51967273762618e-09,4.05317245330557e-09,2.57991680708846e-09,4.8532277166041e-09,3.9003489143671e-09,4.91365786667077e-09,3.46406973268649e-09,2.18319980317311e-09,2.15649559116151e-09,3.27700037258407e-09,2.63784469201199e-09,4.06931416619142e-09
5.52862469474696e-09,6.89951484567851e-09,7.32899860812598e-09,8.48795656898269e-09,7.38782575740676e-09,8.04294956699204e-09,7.8473981899201e-09,8.04505697683074e-09,1.59762182048017e-08,8.20880134165696e-09,1.46811955711134e-08,1.32846156211333e-08,8.79172167925706e-09,1.74744281438957e-08,3.82443020122572e-08,1.59004434820578e-08,2.92972790376191e-08,2.58181418303766e-08,1.50612262961815e-08,3.29100693370247e-08,1.37625746936311e-08,2.50230289203343e-08,2.65438336536527e-08,2.02329506686093e-08,2.83869510242009e-08,1.18357034605583e-08,6.91035867086069e-09,2.28394122543027e-08,1.18345244693683e-08,2.26861897077618e-08,9.98568797282875e-09,5.74669268968254e-09,5.2576440942624e-09,9.71570187330609e-09,6.10293911361535e-09,9.99668673093058e-09,4.93011764954649e-09,4.46149146104174e-09,2.91057335980812e-09,5.30196907970461e-09,4.769456607944e-09,5.69452517191964e-09,3.73412612104885e-09,4.61924144627493e-09,4.79216832812202e-09,5.26095484139248e-09,4.90635982522618e-09,4.27064659145809e-09,5.54520336033499e-09,5.18585673520803e-09,1.00153201324685e-08,5.68197772045911e-09,9.19540552123103e-09,8.82709063256114e-09,5.69154537159951e-09,1.10693022164561e-08,2.67564118577304e-08,1.00602429279897e-08,2.03519494077384e-08,1.81335100769875e-08,9.58115913382822e-09,2.30839922293629e-08,1.0443294253834e-08,1.75671448694014e-08,2.00205312010159e-08,1.49655286131677e-08,1.99815935330869e-08,9.03344101248555e-09,5.07498079775213e-09,1.72100194600793e-08,8.79465723004265e-09,1.61072843615119e-08,7.60608670057838e-09,3.96708618265596e-09,3.27437978754448e-09,6.93389722818784e-09,4.45691509124097e-09,7.28066196405934e-09,3.46132642890326e-09,2.77168336219498e-09,1.96849875988726e-09,3.91462889448184e-09,3.14641351724635e-09,4.01664151706485e-09
8.10368674575052e-09,1.27901268807706e-08,2.68613188143834e-08,1.23737098115167e-08,2.12906188594849e-08,1.93572876757192e-08,1.45438675030392e-08,3.00317205820073e-08,2.9847765981747e-08,2.39511972757786e-08,4.71884701885566e-08,3.81377667694066e-08,3.30202771782898e-08,3.27975779721958e-08,1.59004434820578e-08,5.21284789565177e-08,2.53231253513469e-08,4.08882705553148e-08,2.85558672365482e-08,1.35451771278054e-08,7.63784546899067e-09,2.17483724032818e-08,1.26748992267065e-08,2.00632647545647e-08,1.16220535198564e-08,6.65708795396847e-09,7.83004001588286e-09,1.08647915843401e-08,7.43940090093559e-09,1.16962078646816e-08,5.68204061737525e-09,6.39180215503907e-09,3.92185878476287e-09,6.13574892934267e-09,6.98541700463181e-09,6.5895573744463e-09,5.55826549007405e-09,3.33460053764521e-09,3.35230964429899e-09,6.0765638737883e-09,4.01221709011407e-09,6.95724420759397e-09,5.64640247562043e-09,9.06600767223699e-09,1.90099403034153e-08,7.26763563506438e-09,1.48068735387963e-08,1.10913685245533e-08,1.04427160584239e-08,2.12547377428958e-08,2.22637684774803e-08,1.6855147514608e-08,3.44981298304805e-08,2.80971179685971e-08,2.35941759349142e-08,2.45265741823854e-08,1.10084699871008e-08,3.82293419411848e-08,1.9169683424408e-08,3.06727980263195e-08,2.14991730911117e-08,9.28847059908337e-09,5.84247415904581e-09,1.66506904697427e-08,9.25496286691616e-09,1.61486659024271e-08,8.0041939141814e-09,5.03893513187219e-09,5.06514917955227e-09,7.92677026206574e-09,5.19825973515979e-09,7.88583913177987e-09,4.29384579665118e-09,4.13671580342167e-09,2.43730235129151e-09,4.3057465172165e-09,4.17337234661644e-09,4.67622739250992e-09,3.43525777905217e-09,2.08663397844293e-09,2.24667798998853e-09,3.554268268218e-09,2.64177254631102e-09,4.27701070725456e-09
9.22951691703803e-09,7.39979542637188e-09,1.35668415079497e-08,8.39564871725686e-09,1.26880276381838e-08,1.25482947049491e-08,8.2352546626407e-09,1.48948856727889e-08,3.06178107629058e-08,1.39307811096653e-08,2.31754990274677e-08,2.06240933840682e-08,1.62426911495436e-08,3.36649977622142e-08,2.92972790376191e-08,2.53231253513469e-08,4.92432038667402e-08,3.72016788038826e-08,2.91813355384709e-08,2.50229437236602e-08,1.24186340490504e-08,4.23986356304246e-08,2.01952201279505e-08,3.5277635529729e-08,2.1638801572727e-08,1.07162602281483e-08,7.2222700358824e-09,1.74156180238099e-08,1.1178809306362e-08,1.76266359335496e-08,9.05110566009422e-09,6.08258295707631e-09,5.90187830210963e-09,9.28156100831397e-09,6.46886203679754e-09,9.46747350747226e-09,5.17628379720268e-09,4.94639047769557e-09,3.54728357714019e-09,5.48506173900695e-09,5.59925087106579e-09,6.19569923274208e-09,6.6640093557196e-09,4.70927958385014e-09,8.94273646227037e-09,5.04819233045219e-09,7.98982750415924e-09,6.86351398244021e-09,5.49882333088565e-09,9.70933184174955e-09,2.08706302325465e-08,9.02481065949533e-09,1.61539420204761e-08,1.44052410988358e-08,1.05781999808669e-08,2.29803157620298e-08,2.109096498211e-08,1.75567570184257e-08,3.39849765722018e-08,2.59445580727758e-08,2.00729849259825e-08,1.79060453969954e-08,9.41682507742702e-09,2.95995901258887e-08,1.56958582364615e-08,2.61357786685659e-08,1.55042784229687e-08,8.18421151192949e-09,5.66831324191593e-09,1.3623651348378e-08,8.31583163873341e-09,1.29740859472009e-08,6.91668984832518e-09,4.66088843904592e-09,3.8663297045893e-09,6.81080004529452e-09,5.10687409414104e-09,7.05115429110346e-09,3.92906419536846e-09,3.22718464836886e-09,2.37648339433605e-09,4.36516338135906e-09,3.57544122274884e-09,4.47068190905585e-09
7.97005051846543e-09,1.19503496082354e-08,2.39638899388352e-08,1.18861579500655e-08,1.89606213628751e-08,1.76377422181095e-08,1.33573527313628e-08,2.66885981358903e-08,2.29632937263458e-08,2.11516559264196e-08,3.72123790639923e-08,2.96539946254121e-08,2.91718366329138e-08,2.51445123144089e-08,2.58181418303766e-08,4.08882705553148e-08,3.72016788038826e-08,5.60241996613332e-08,2.16058008656274e-08,2.20434427768805e-08,1.12795029277709e-08,3.1790851430932e-08,1.76653505170541e-08,2.60802252693653e-08,1.88699123747073e-08,9.576384795742e-09,6.39224589452773e-09,1.50249552970617e-08,1.00074688349836e-08,1.52444617558136e-08,8.08687642650823e-09,5.30052933087655e-09,5.65355605416565e-09,8.27890680729203e-09,5.98813114429598e-09,8.62908339228643e-09,4.61047975407062e-09,4.80964700893176e-09,3.60642285546883e-09,5.12987897125621e-09,5.47843725535531e-09,5.89869925965835e-09,5.35021612203142e-09,8.50105179366351e-09,1.65959690921579e-08,7.44493594794276e-09,1.27407245322756e-08,9.9046563387585e-09,9.70449699580151e-09,1.83310025409234e-08,1.70130035863852e-08,1.44028823631141e-08,2.7247294157397e-08,2.17465260064651e-08,2.0309669287401e-08,1.86245040224007e-08,1.82172954813161e-08,3.00569733139754e-08,2.69890612046978e-08,4.0729796831683e-08,1.61594796433596e-08,1.55495800643964e-08,8.55765747473835e-09,2.34244637870808e-08,1.36905049189962e-08,2.0499942378047e-08,1.33979621830541e-08,7.35640549326853e-09,4.58743258500019e-09,1.16781342444448e-08,7.00406831095667e-09,1.088112146248e-08,6.2695354648519e-09,3.77270180285062e-09,3.3882205906348e-09,5.85896036533007e-09,4.50678032656249e-09,6.42697244555291e-09,3.21851017869154e-09,2.92008894036454e-09,2.23777090274329e-09,3.86856497954656e-09,3.52337446344666e-09,4.18906420267861e-09
7.74508742621738e-09,6.39171865831005e-09,1.30198070185578e-08,7.13537851437089e-09,1.16198401182964e-08,1.11368461823372e-08,7.30115874714993e-09,1.45071495328832e-08,3.42246640631437e-08,1.30870238425518e-08,2.60798784674517e-08,2.29105615726274e-08,1.57813423904403e-08,3.76475389516324e-08,1.50612262961815e-08,2.85558672365482e-08,2.91813355384709e-08,2.16058008656274e-08,4.21007406523761e-08,1.68996378880354e-08,8.62780304045144e-09,3.25077800711737e-08,1.57345638371364e-08,3.01276397051655e-08,1.44987292452598e-08,7.493685204654e-09,8.33076653551033e-09,1.35190584574942e-08,8.36668084356523e-09,1.42899551960783e-08,6.2698283641244e-09,6.79866402660001e-09,4.39704072214061e-09,6.85447557390763e-09,7.36964902740258e-09,7.39572512558086e-09,6.00471058740151e-09,3.79184126956597e-09,3.33045064334783e-09,6.42792025486257e-09,4.30058578381718e-09,7.2463037696645e-09,5.68707086672469e-09,4.18748336709459e-09,9.03234250349764e-09,4.25645858171631e-09,7.82488503152122e-09,6.13387718604021e-09,4.94310866441891e-09,1.00806446169528e-08,2.37926051740515e-08,8.90038322308851e-09,1.80919095105718e-08,1.57798652217791e-08,1.0948995835154e-08,2.64498505338423e-08,1.06062427593315e-08,1.9796054754354e-08,2.09210881665439e-08,1.53785932256571e-08,2.94335581845156e-08,1.1980339134483e-08,6.54177722125359e-09,2.35521434706884e-08,1.18589038840609e-08,2.30965195497517e-08,1.02628794544334e-08,5.62953127104085e-09,5.31090290222223e-09,1.01915262758426e-08,6.27766935396597e-09,1.02627482038185e-08,4.74426571440943e-09,4.42623808416879e-09,2.88419965973661e-09,5.14551412937832e-09,4.60534730694434e-09,5.2345830670276e-09,3.87432744995317e-09,2.46748104693351e-09,2.23264871470644e-09,3.98349815067568e-09,2.73886576583876e-09,4.61864041110734e-09
5.01378653742168e-09,6.13515458181462e-09,6.29339694001823e-09,7.64279991545285e-09,6.42682601743914e-09,6.99458412528629e-09,7.00762042928566e-09,6.95949126513679e-09,1.387724690686e-08,7.20619031539353e-09,1.26491991675237e-08,1.14896646723597e-08,7.5235706064478e-09,1.50601504244322e-08,3.29100693370247e-08,1.35451771278054e-08,2.50229437236602e-08,2.20434427768805e-08,1.68996378880354e-08,3.68797137151287e-08,1.51102530354639e-08,2.80240564740044e-08,2.93283202621928e-08,2.23766691873024e-08,3.19010212557394e-08,1.29953282302385e-08,7.7218113169026e-09,2.52521334156123e-08,1.28925097723827e-08,2.50179497225345e-08,1.07739021627522e-08,6.20588773538739e-09,5.81534371989065e-09,1.0361721296696e-08,6.6434351988771e-09,1.08158338145291e-08,5.39428745816349e-09,5.00312834874292e-09,3.15331152490486e-09,5.83562030348117e-09,5.45189370138863e-09,6.19002114245378e-09,3.40328186649955e-09,4.05879180427697e-09,4.12608891964087e-09,4.85534756933736e-09,4.17259620243888e-09,3.64022084921307e-09,4.90506311856776e-09,4.51898227013471e-09,8.745849957303e-09,4.90712768322837e-09,7.84146694352592e-09,7.55535507743273e-09,4.73396766783573e-09,9.58115264780839e-09,2.30832735808288e-08,8.3259763245708e-09,1.75676164334137e-08,1.55405153397991e-08,1.0348736090761e-08,2.58094697067916e-08,1.16309571865473e-08,1.9117846788188e-08,2.21313501348985e-08,1.65483761578706e-08,2.23366227618502e-08,1.00305759672587e-08,5.58976858718256e-09,1.90152885503175e-08,9.68427989873196e-09,1.77830074138783e-08,8.27086643044659e-09,4.24982342904571e-09,3.49606716187882e-09,7.44944079675641e-09,4.95401259280545e-09,7.89633136940356e-09,3.76169518126931e-09,2.99072295356088e-09,2.11078441493999e-09,4.39808707714992e-09,3.35063813986677e-09,4.35149318647199e-09
4.72037778184e-09,3.85797197590035e-09,5.6458728759374e-09,5.6466961028517e-09,6.50735233968612e-09,7.90856415239772e-09,4.46487039502956e-09,6.24433470121735e-09,7.21643477751644e-09,7.33546921775441e-09,7.11997697791657e-09,7.34842343328253e-09,6.74912725302161e-09,7.76525618778453e-09,1.37625746936311e-08,7.63784546899067e-09,1.24186340490504e-08,1.12795029277709e-08,8.62780304045144e-09,1.51102530354639e-08,3.47435045128198e-08,1.36865747351361e-08,2.6176329097903e-08,2.31731387865569e-08,1.29957864681079e-08,2.99927676492493e-08,1.37510565583591e-08,2.25814647423136e-08,2.48694269718033e-08,1.91696578335276e-08,2.50182529415162e-08,1.12168517974633e-08,6.41696091404014e-09,2.05235758803712e-08,1.13032163148697e-08,2.00472413796033e-08,9.72201857414302e-09,5.35868847947393e-09,4.41445484148497e-09,9.72040928759895e-09,5.61708646125029e-09,9.92182464198423e-09,2.5841110565431e-09,2.52869830052631e-09,3.93707184128493e-09,2.78087889729504e-09,4.30862225375376e-09,4.14317166857132e-09,2.82701945466508e-09,4.38811645438605e-09,4.72936950491844e-09,4.84490502721099e-09,4.34633149834339e-09,4.9503897479322e-09,4.56786813083791e-09,5.12542698307239e-09,9.18319515990383e-09,4.51138748580467e-09,8.53897557286772e-09,7.37129264583519e-09,5.68435907541254e-09,1.02183203682253e-08,2.48740520275541e-08,9.17739003884913e-09,1.88946232614006e-08,1.711902356768e-08,8.65711434948269e-09,2.1622789416413e-08,9.40757060041524e-09,1.62303110789985e-08,1.6835493444768e-08,1.25764708594652e-08,1.81030813871815e-08,7.6386831054603e-09,4.78949819352194e-09,1.38176755227818e-08,8.49342053680857e-09,1.38218609636588e-08,6.59583674404668e-09,3.91491252665086e-09,2.81759659425171e-09,7.31887160471872e-09,4.19518923753269e-09,7.63878470547069e-09
8.27749563742562e-09,6.48512457650033e-09,1.15404780997067e-08,7.41726566867374e-09,1.09080834362077e-08,1.07806117911865e-08,7.26489244033015e-09,1.27932818451599e-08,2.6590201525294e-08,1.21020466902943e-08,1.99844657802252e-08,1.78194246547569e-08,1.39096883187327e-08,2.91802370195778e-08,2.50230289203343e-08,2.17483724032818e-08,4.23986356304246e-08,3.1790851430932e-08,3.25077800711737e-08,2.80240564740044e-08,1.36865747351361e-08,4.70804893064771e-08,2.23942120561927e-08,3.89855483107884e-08,2.42582916852293e-08,1.17852280096499e-08,8.08591254573454e-09,1.92815441754802e-08,1.221201471755e-08,1.94497298742909e-08,9.74262043479672e-09,6.55871337610409e-09,6.58168482207198e-09,9.87732661040931e-09,7.15375553137807e-09,1.02832094857942e-08,5.62488897705452e-09,5.61941097331542e-09,3.87364213266382e-09,6.12929343873318e-09,6.28856688944543e-09,6.76271430411433e-09,6.07701811954105e-09,4.22042912110138e-09,7.59821557926144e-09,4.64218268840756e-09,6.79983264274895e-09,5.67786952257037e-09,4.93924984550313e-09,8.35356132435894e-09,1.82214406235559e-08,7.81520637407245e-09,1.39174532232348e-08,1.24601456379266e-08,8.97710168887037e-09,2.0073015616856e-08,1.79053101311831e-08,1.49919648790582e-08,2.96001517065895e-08,2.22173151123417e-08,2.23430750549558e-08,2.02172856667116e-08,1.02897195958459e-08,3.28002045362074e-08,1.75796589799575e-08,2.91562882934014e-08,1.74804417903307e-08,8.9017998657868e-09,6.03934513678102e-09,1.51838566767894e-08,8.97954908553707e-09,1.45497084381803e-08,7.31905372280779e-09,4.81123865311774e-09,4.16338302854092e-09,7.11006417387605e-09,5.65062876790494e-09,7.59685266202197e-09,4.10532214138623e-09,3.52519428361141e-09,2.53670792830712e-09,4.89931633990472e-09,3.70427135425737e-09,4.77433101856883e-09
