1.05610171172968e-06,4.76328003439924e-07,2.37278416513534e-07,7.77600751349115e-07,4.24274874677096e-07,6.83200358593716e-07,3.98208696163888e-07,2.00170555247946e-07,2.71672011148426e-07,3.54114928779529e-07,2.20727122818849e-07,3.39822370606419e-07,1.43705291254658e-07,2.07411012864934e-07,1.64157126493256e-07,1.61763499614456e-07,2.42133850082514e-07,1.78965870167617e-07,1.58217868831639e-07,1.36545152330321e-07,9.8475424430275e-08,2.00178817163069e-07,1.31905396683388e-07,2.01159993988616e-07,9.77967004955213e-08,7.2386718129147e-08,6.40399766409689e-08,9.57782708802109e-08,7.45003112560888e-08,8.40883922501941e-08,3.42220844741666e-08,3.32042761289104e-08,1.72494938311649e-08,3.60911753431839e-08,3.95110106513244e-08,4.87660435197169e-08,8.3916338903692e-09,8.92188700050973e-09,2.41364021890866e-08,2.24171962943959e-08,2.08491441569343e-08,3.44194389345989e-08,4.5666729993952e-09,2.06182754008977e-08,3.20441640326746e-08,1.84380098674759e-08,2.63476195632992e-08,1.90964267572195e-08,9.5210151349974e-07,3.57631531887124e-07,2.56790867506283e-07,6.71082820115562e-07,3.58910603652685e-07,6.30694501601494e-07,3.01925860954869e-07,2.17878281780719e-07,2.34386443353248e-07,3.06724765726213e-07,2.29522749760373e-07,2.5831373545589e-07,1.59164885150006e-07,1.80052575427632e-07,1.597817113141e-07,1.60082250382931e-07,2.16029146339622e-07,1.71686440564689e-07,1.41922847198929e-07,1.45410269343677e-07,7.99711919840676e-08,1.73911491419182e-07,1.2263824620835e-07,1.6857606229648e-07,1.12850008301553e-07,5.95158925251277e-08,4.16195104252624e-08,9.09084187849995e-08,6.09372503208861e-08,6.38294447127656e-08,2.91086045704377e-08,1.68558015521397e-08,1.08991945130712e-09,3.08747923643181e-08,2.13480641271401e-08,4.45261644174759e-08,8.77069964725622e-10,8.62935349029445e-10,1.62681508068866e-08,1.01561171447403e-08,4.11852833427125e-09,1.65989074879126e-08,-1.53967740710609e-09,1.37655548320061e-08,6.31089830953268e-09,4.32304278887877e-09,3.98292934327121e-09,-6.9589121166117e-09
4.76328003439924e-07,2.19183402483158e-06,4.9634772210643e-07,9.49632231576536e-07,1.6150438477989e-06,6.48153095657572e-07,1.69717263489399e-06,4.06785791951753e-07,2.65609359116271e-07,1.29392447733587e-06,3.73798039933332e-07,1.13338785196956e-06,3.11237507213277e-07,2.10341487920613e-07,2.49816013632564e-07,2.66317799445774e-07,2.19128734127506e-07,2.66422025358114e-07,1.69047853783757e-07,1.97316330223605e-07,1.41875799875689e-07,1.76694647885298e-07,2.41541952847509e-07,2.01536427554025e-07,1.2739553305981e-07,8.8809088984949e-08,8.39175237063161e-08,1.69784574250699e-07,1.22828066935349e-07,1.70470368060955e-07,3.90042941661604e-08,3.60547424239051e-08,3.04202990946695e-08,6.24741007668414e-08,3.59009759991894e-08,5.68358501420211e-08,2.01637857736128e-08,1.98533913291375e-08,1.82994048704032e-08,2.44495142126781e-08,2.84852400552015e-08,3.63363058845666e-08,4.23893735056418e-08,1.74430014719189e-08,3.40483392630074e-08,5.55428673782999e-08,3.58256596495746e-08,8.15877764774975e-08,4.39017753091664e-07,1.35348690189809e-06,4.52013937586598e-07,8.60362378255438e-07,8.98093179612768e-07,5.7225886353872e-07,1.03841800522115e-06,3.96596731090742e-07,2.31242988551161e-07,7.76413632927921e-07,2.8301031295131e-07,4.97073914711068e-07,3.096814608504e-07,1.96710679258865e-07,2.16213571854946e-07,2.16265662638679e-07,2.1998911162596e-07,2.36056093307095e-07,1.59271576362491e-07,1.90349315871505e-07,1.1657556915062e-07,1.7391234169799e-07,1.79428493619786e-07,1.70264197869718e-07,1.31985639560961e-07,7.34093911481417e-08,3.3242271264769e-08,1.07368244392128e-07,1.07739970285555e-07,1.48282559348195e-07,3.43119874600243e-08,-9.54459643048934e-10,-6.18325508926248e-09,5.71976983704808e-08,-9.83874103695172e-09,4.55086261117906e-08,-3.36975549151623e-09,-3.8014845947549e-10,1.02858488330232e-09,3.87354230160595e-09,1.04061009092483e-08,1.42869585320747e-08,1.40012915705765e-08,-2.0164914702751e-09,2.51092011059843e-08,2.085624102322e-08,7.28014257797002e-09,1.36717349317978e-08
2.37278416513534e-07,4.9634772210643e-07,1.2020898839267e-06,3.89400726884472e-07,9.04282995462132e-07,7.65170495483558e-07,4.07804827095824e-07,9.04393287395588e-07,4.1885741223754e-07,7.05102112116552e-07,7.04493353560002e-07,5.56850426114388e-07,7.27740406023452e-07,3.47066426417974e-07,1.84817644746775e-07,5.64014602544744e-07,3.11036818006587e-07,5.207694272136e-07,2.7764927538587e-07,1.509885514826e-07,1.22685789019391e-07,2.51862797892834e-07,1.61802160520633e-07,2.72796282671398e-07,9.97718646786329e-08,8.64633083029971e-08,8.02835320652741e-08,1.11953305987425e-07,8.78887071515365e-08,8.79962646674715e-08,4.16298145252019e-08,4.13705481792876e-08,3.59591831541483e-08,3.92957674854618e-08,6.42280536610998e-08,7.21793412191525e-08,2.51344807330358e-08,3.65278503260427e-08,4.24930819850648e-08,5.65513645089645e-08,4.12428989960357e-08,5.82992915573841e-08,3.0546277873064e-08,5.08080060273439e-08,3.97427219579597e-08,4.88065644186397e-08,7.02659835829122e-08,6.19715586297144e-08,1.94985954146786e-07,3.93246743461274e-07,9.14152382386133e-07,3.81076162427973e-07,7.25276039965666e-07,6.65298845071822e-07,3.38857308390445e-07,7.42061447137371e-07,3.57586227922511e-07,6.2293903410599e-07,5.66731898076846e-07,4.41683408613618e-07,6.02683932621628e-07,2.98125035631978e-07,1.47215866187988e-07,4.6252022277635e-07,2.82432912917711e-07,4.34218307628748e-07,2.60603681685171e-07,1.23099740389652e-07,8.99402426027826e-08,2.32798661198441e-07,1.24611721897051e-07,2.49310215475431e-07,7.54905109328939e-08,6.41789032921093e-08,5.31209513075756e-08,8.14670513216429e-08,7.66597978165596e-08,8.02008638877834e-08,2.95269992096611e-08,2.54038810614775e-08,7.11119773044549e-09,2.833491710094e-08,3.33601099071014e-08,4.55732554576262e-08,1.3137907263501e-08,1.54838535288008e-08,2.37294673487235e-08,3.9084546137898e-08,1.60277949615381e-08,4.01934628601485e-08,1.46700581974982e-08,3.2571506244482e-08,4.09884708701573e-08,2.57619202933915e-08,5.20556178034944e-08,3.39703591423232e-08
7.77600751349115e-07,9.49632231576536e-07,3.89400726884472e-07,1.40180284916232e-06,6.41898193780073e-07,9.75085851425476e-07,7.69896741607519e-07,3.1731599627259e-07,2.15843745256141e-07,5.24913784300258e-07,3.31507674992316e-07,4.84370092017206e-07,2.49284987088263e-07,1.72036265652989e-07,2.62258054840857e-07,2.60939994825005e-07,1.7898984002231e-07,2.44981090600134e-07,1.3519130118674e-07,2.18895157657622e-07,1.37662545494536e-07,1.4781137386072e-07,2.53538215857402e-07,1.43318515531583e-07,1.58870134796762e-07,1.0161789806046e-07,7.1341556527738e-08,1.91174003937313e-07,1.07272345943493e-07,1.92052427480661e-07,5.31363998167833e-08,3.24495766940443e-08,3.83840503968813e-08,5.61270418731494e-08,5.4115335874488e-08,7.39715165670239e-08,7.58472603811218e-10,2.27298001616798e-08,1.50492559914314e-08,2.54129965592129e-08,2.47744593042579e-08,3.2311075501121e-08,1.05556310168074e-08,1.17798524610408e-08,2.38587566938928e-08,1.47468132065577e-08,2.03592232627731e-08,2.18547378963768e-08,7.23313583603147e-07,7.89990691515025e-07,4.03107254203664e-07,1.20660448621258e-06,5.47978383785374e-07,8.96132178369147e-07,6.52442496316875e-07,3.55102329756324e-07,2.30356474190689e-07,4.75651679103799e-07,3.61165998929375e-07,4.03550020678652e-07,2.8887086616451e-07,1.92274260057959e-07,1.85472605722764e-07,2.87082270679629e-07,2.06257490090818e-07,2.83718554616667e-07,1.51841442500237e-07,1.80637937004979e-07,1.02150473903148e-07,1.71249771310003e-07,1.70287509371402e-07,1.42062585052445e-07,1.38792561612282e-07,7.34561260069828e-08,5.4165269806107e-08,1.11332659484178e-07,8.72220583513336e-08,1.20726581996484e-07,3.11979176557298e-08,2.4839880750559e-08,1.67858193506041e-08,3.92370667130806e-08,2.89663921570009e-08,4.92394476953914e-08,-5.24503876127086e-09,4.62754057676171e-09,8.54941008576029e-09,7.46733430255246e-09,1.00038785586371e-08,1.70906847485452e-08,-2.82490427692416e-09,8.09311112707463e-09,1.48546438799294e-08,2.46661244210237e-09,2.83614577313293e-09,-4.45426666648821e-09
4.24274874677096e-07,1.6150438477989e-06,9.04282995462132e-07,6.41898193780073e-07,2.24119214628618e-06,1.01586461379887e-06,1.29423142842557e-06,7.04103002134654e-07,3.923031701673e-07,1.78710625095811e-06,5.4325369051969e-07,1.47830419699395e-06,5.64669412944104e-07,3.25728989785164e-07,2.18396400658046e-07,4.23686919264276e-07,2.89520632903681e-07,3.85283318616036e-07,2.36163736044331e-07,1.72257336745564e-07,1.57261906545851e-07,2.25382103130872e-07,1.78026112149306e-07,2.49901238289187e-07,1.12158744357617e-07,1.0239943285039e-07,1.17314426676108e-07,1.20472037645316e-07,1.54687517960035e-07,1.25970995683967e-07,4.53446990858315e-08,6.338876202084e-08,5.75348965598054e-08,8.58778113047742e-08,8.07838473208507e-08,9.0911945423035e-08,3.17209780656553e-08,4.31543276043117e-08,1.2283763769959e-08,5.70230371095176e-08,3.05272774392241e-08,4.92005254175151e-08,3.87153924192735e-08,2.07400420821405e-08,3.33854221226139e-08,4.09019072991063e-08,3.17581171204897e-08,5.76908956212687e-08,3.50919121181569e-07,9.92436443598817e-07,6.80526277076915e-07,6.19509098033579e-07,1.34855134254938e-06,8.67349810453228e-07,7.81082409281471e-07,5.79246572845589e-07,2.79433403147239e-07,1.15229552773746e-06,3.74506720281683e-07,7.11167583693198e-07,4.7192131011695e-07,2.42234138559547e-07,1.66230596293973e-07,3.08956185426663e-07,2.26971059783681e-07,2.7943588200999e-07,2.03026743813228e-07,1.33759721673163e-07,1.47917960508836e-07,1.77350861593048e-07,1.20872713495294e-07,2.01534511124601e-07,7.98254583708599e-08,9.82688883913345e-08,4.25590121510959e-08,6.62833499311322e-08,1.39538603228012e-07,8.66702982610189e-08,5.12770556893376e-08,1.05636095884339e-08,3.02387730105451e-08,7.390216342596e-08,3.11531148766914e-08,7.3491347827634e-08,5.91049871335317e-09,3.02267195442321e-08,-1.20709947724405e-09,3.36239561897714e-08,8.24230025779092e-09,3.27140015947598e-08,3.31934590258165e-08,5.09614757690156e-09,2.96817793392275e-08,1.33610701696756e-08,2.07047552139097e-08,5.42862184075418e-09
6.83200358593716e-07,6.48153095657572e-07,7.65170495483558e-07,9.75085851425476e-07,1.01586461379887e-06,1.52325567189953e-06,5.25362135667007e-07,5.59979951900412e-07,3.12899333791933e-07,7.95674975434454e-07,4.49178753723392e-07,6.50213479621793e-07,4.57761781074351e-07,2.64464613084438e-07,1.99929398676749e-07,3.67855090799756e-07,2.40354011377803e-07,3.23475200997211e-07,2.05598972662237e-07,1.68064137566246e-07,1.49771636142964e-07,1.97251213712986e-07,1.70820686557981e-07,1.93501840176476e-07,1.11305506016559e-07,1.14533155615801e-07,1.03871874877934e-07,1.15481044466664e-07,1.41569107602687e-07,1.24910653983199e-07,5.89035084648153e-08,5.94916041291198e-08,2.88876746022307e-08,8.27698693678796e-08,6.61100551849372e-08,9.2309001205085e-08,1.48934102719358e-08,2.43268756166473e-08,2.19571906767625e-08,3.79292045857673e-08,2.94031861678583e-08,4.63284935153361e-08,2.78654482007222e-08,2.75654692376484e-08,3.20531375079011e-08,3.7145227912471e-08,4.14025292078536e-08,4.84864179716203e-08,6.1516526148795e-07,5.58659602156531e-07,6.0805341403075e-07,8.73254816353934e-07,8.51808302688369e-07,1.26976157442513e-06,4.67081264441642e-07,4.9389584394545e-07,3.17176611810318e-07,7.34674420459817e-07,4.30055345907025e-07,5.71286983399088e-07,4.23112879100356e-07,2.77524406403599e-07,1.72337885116938e-07,3.67025774083256e-07,2.45390822143767e-07,3.13667241259472e-07,2.37444470009391e-07,1.48597892421169e-07,1.20704856408957e-07,2.08218873289412e-07,1.27895692035668e-07,1.97823283025114e-07,1.01452584992803e-07,9.15516201158755e-08,6.07355955571253e-08,8.3003870943885e-08,8.49209355774594e-08,8.46060702947535e-08,4.4376002936937e-08,2.87118866483085e-08,5.27122808894989e-09,3.97667540899751e-08,3.72710011758038e-08,5.47248129067153e-08,1.20731929923692e-09,-1.27389285098199e-09,2.0235491648566e-08,1.4763910616848e-08,5.08403752692648e-09,3.10941573577765e-08,7.76146004589979e-09,2.54937096418199e-08,3.35949031136776e-08,1.55129147175516e-08,3.13254571025712e-08,1.14647619985584e-08
3.98208696163888e-07,1.69717263489399e-06,4.07804827095824e-07,7.69896741607519e-07,1.29423142842557e-06,5.25362135667007e-07,2.62661509557746e-06,5.54887305719204e-07,3.57357770527355e-07,2.05405972613081e-06,5.06910454907778e-07,1.85566845872697e-06,4.3604285033825e-07,2.6766390306014e-07,3.39455322161352e-07,3.67259043148175e-07,2.97003956006644e-07,3.94476538403704e-07,2.16738894835121e-07,2.75247738523899e-07,1.95619193926586e-07,2.37496937829116e-07,3.34781864573007e-07,2.57668681512124e-07,1.89346538761133e-07,1.28146640849582e-07,1.36431095045432e-07,2.43741802922582e-07,1.82872404658418e-07,2.65595345003797e-07,5.6337939335425e-08,7.03271749586263e-08,1.19039429943024e-07,9.69393446730885e-08,8.55336582798587e-08,1.23080798051621e-07,3.88330600705567e-08,5.92587385309573e-08,4.54443409115195e-08,4.51589864919922e-08,5.97925797944388e-08,4.33765851580174e-08,5.46679903641278e-08,4.06383619392005e-08,6.16315500998759e-08,5.65225165588274e-08,5.42512422524502e-08,7.80196421107907e-08,3.70640842440251e-07,1.04041047886451e-06,3.95426968080142e-07,7.23431576685303e-07,7.76083954427217e-07,5.07571318633025e-07,1.66897846185372e-06,5.4084421698654e-07,3.20928679012407e-07,1.28293423228815e-06,4.15715439779659e-07,9.33985371220361e-07,4.42419952898717e-07,2.5037032596409e-07,2.91228826222338e-07,3.41614576016117e-07,2.99131976544803e-07,3.79989337833146e-07,2.04700479016842e-07,2.50040471685662e-07,1.45898426494198e-07,2.40679335966449e-07,2.68557087615907e-07,2.32542276476098e-07,1.76252406771265e-07,9.45110558084469e-08,5.62063189354473e-08,1.83733598550867e-07,1.37007985454921e-07,2.46253726080504e-07,3.83138906609734e-08,7.31160308158417e-09,5.04637683735682e-08,6.24115747893475e-08,-4.85528478309425e-09,6.00370646343353e-08,1.60661359588938e-08,3.63975088916862e-08,2.08426302527766e-08,2.62852379081307e-08,2.93591576174157e-08,5.79204785543617e-09,3.26482325645043e-08,1.39311418053975e-08,4.19739732085867e-08,2.16462260541994e-08,2.9620960543205e-08,2.83098455103089e-08
2.00170555247946e-07,4.06785791951753e-07,9.04393287395588e-07,3.1731599627259e-07,7.04103002134654e-07,5.59979951900412e-07,5.54887305719204e-07,1.27960110274837e-06,5.71435797555443e-07,1.02709405497435e-06,9.44967948419629e-07,7.80625886738729e-07,1.03465810257316e-06,4.74023100995105e-07,2.44818955603975e-07,7.57983129030654e-07,4.29544358177912e-07,6.8982313844527e-07,3.82284206315697e-07,2.01351809039162e-07,2.09636052640249e-07,3.49108578754313e-07,2.10498369615637e-07,3.65882130179327e-07,1.38249580031609e-07,1.66022134934595e-07,1.45381941308876e-07,1.51189616477288e-07,1.96778929916182e-07,1.29560683045948e-07,1.01164706757309e-07,8.65859711144138e-08,1.12453957545117e-07,1.21379777077674e-07,1.20492042978572e-07,1.66554611325321e-07,5.9252065927357e-08,1.00063323142885e-07,7.30785016155203e-08,9.98071137536784e-08,8.97594051693608e-08,8.14981685203378e-08,8.47737477591667e-08,6.96268928486197e-08,4.89165428123842e-08,7.41146789148915e-08,7.53140740028207e-08,7.45415023220952e-08,1.62252569894084e-07,3.39021857593676e-07,7.40998211948948e-07,3.24533140357016e-07,6.21777770377044e-07,5.40475509728365e-07,5.07485068786919e-07,1.03874320479251e-06,5.12502653655264e-07,9.46356502426501e-07,7.63216223790666e-07,6.76909084448253e-07,8.56430316612211e-07,4.23348497052525e-07,1.96885296962012e-07,6.31064164385333e-07,3.92339588302262e-07,5.85174889626208e-07,3.654540060559e-07,1.5938174115261e-07,1.59421879888996e-07,3.33254066967984e-07,1.98595951499489e-07,3.69860986529975e-07,1.00639763115666e-07,1.26143591648901e-07,7.74599210344222e-08,1.44548161257844e-07,1.32654708487678e-07,1.15279429352502e-07,7.66036474518133e-08,3.8810269503371e-08,5.98347703457253e-08,6.87648089851193e-08,6.56174555741874e-08,9.80714014832237e-08,2.43412376121658e-08,5.95044761471686e-08,5.26038943371644e-08,6.49583005405557e-08,4.70704937164162e-08,5.58940571608688e-08,5.03963450426895e-08,4.83777840947851e-08,4.1479505800211e-08,3.55954068758476e-08,5.35892877847315e-08,4.14979170864515e-08
2.71672011148426e-07,2.65609359116271e-07,4.1885741223754e-07,2.15843745256141e-07,3.923031701673e-07,3.12899333791933e-07,3.57357770527355e-07,5.71435797555443e-07,1.65102958925685e-06,5.76528024967941e-07,1.23408285340339e-06,1.12497143734472e-06,4.73935352537746e-07,1.28382796097718e-06,6.44368846145566e-07,9.63761373328588e-07,1.04990180610108e-06,8.05633802685333e-07,1.03318049974179e-06,5.08622940329994e-07,2.23123013170068e-07,8.38771886470549e-07,4.21930609284391e-07,7.2265621706298e-07,3.98979726513488e-07,1.53338297619205e-07,1.38289160117799e-07,3.16778634255556e-07,1.40838137774107e-07,2.65555171070228e-07,7.78366311684918e-08,7.41567133204992e-08,7.74790892094783e-08,6.36791117683085e-08,1.03326489151861e-07,7.04223032042685e-08,6.50602503439769e-08,7.477293786592e-08,7.26430138669915e-08,9.91755509945664e-08,6.55362847105394e-08,1.01858037259482e-07,7.14743395910236e-08,6.80859433904752e-08,4.78062949762245e-08,5.67353600501556e-08,6.29792224205476e-08,3.520189641579e-08,2.16374041283592e-07,1.89051516635575e-07,3.92529467061289e-07,1.93569211190906e-07,3.51596629227765e-07,2.75728710293058e-07,2.89480278946722e-07,5.32198573347466e-07,1.36336986584257e-06,5.41382961001589e-07,1.03091179658553e-06,8.96032320408987e-07,4.46587125000199e-07,1.11074515488026e-06,5.1455157336169e-07,8.52804756547743e-07,9.19978710128439e-07,7.1618166984116e-07,9.44676150755129e-07,4.40888690185151e-07,1.79327901432512e-07,7.57324225128386e-07,4.06043443982117e-07,7.33410120176446e-07,3.50703709071518e-07,1.24067187899885e-07,9.1928152149684e-08,3.2285133855928e-07,1.19463189488374e-07,2.78542955947432e-07,7.64428238961913e-08,3.52540120988788e-08,4.45452178778029e-08,6.87148811447314e-08,4.95235271042598e-08,5.83278126847743e-08,2.61307182104965e-08,4.60067046940133e-08,6.374813896612e-08,4.96986437539946e-08,3.51307752193576e-08,5.86149854067802e-08,3.79259275121593e-08,5.59772726564878e-08,4.48181531650126e-08,2.12315406005932e-08,4.63297724961749e-08,-1.01577768662826e-09
3.54114928779529e-07,1.29392447733587e-06,7.05102112116552e-07,5.24913784300258e-07,1.78710625095811e-06,7.95674975434454e-07,2.05405972613081e-06,1.02709405497435e-06,5.76528024967941e-07,2.92357259622923e-06,7.83239871340703e-07,2.45897035218992e-06,8.31399699676559e-07,4.62695185159795e-07,3.21885645660415e-07,6.07801374221627e-07,4.34059100066477e-07,5.73117811267245e-07,3.47605672925192e-07,2.57192751736697e-07,2.50961040192022e-07,3.3710242710649e-07,2.65566733512534e-07,3.38008714456723e-07,1.76430415767726e-07,1.79745821012186e-07,1.8684785507883e-07,1.86843577578027e-07,2.56954959254288e-07,1.93352412290822e-07,9.47892141264655e-08,1.07112022154317e-07,1.81939530783342e-07,1.53758807077055e-07,1.51988681295998e-07,2.0065000938215e-07,6.10603209204371e-08,1.2008156587533e-07,4.60506859456466e-08,9.94997378287202e-08,7.44986739109113e-08,5.47664971799488e-08,9.12217948132678e-08,3.44037371405229e-08,5.75566152516899e-08,5.98049306447361e-08,5.24621564010184e-08,7.62670921699402e-08,2.96239086731409e-07,7.83085489229077e-07,5.77779417263421e-07,5.13452556076689e-07,1.15162250261962e-06,7.44811782720631e-07,1.31327968867141e-06,9.01435394860137e-07,4.58580730846147e-07,1.93426582050514e-06,6.03804695990075e-07,1.34368736574222e-06,7.56785053017709e-07,3.86500038843136e-07,2.44021659423745e-07,5.20944241595433e-07,3.71525196191654e-07,4.91102567845915e-07,3.21271685071398e-07,1.83676220451493e-07,1.97528927658232e-07,3.02135871071866e-07,1.81935896965883e-07,3.22803247802491e-07,1.06368834800853e-07,1.36341102091561e-07,7.55592776847115e-08,1.04290315404686e-07,1.93775132225684e-07,1.33559449513208e-07,6.86682437412875e-08,2.45991377442233e-08,9.13328381427774e-08,9.99218604712943e-08,4.02471908449901e-08,1.13048750642519e-07,2.85365895196811e-08,7.35393642075121e-08,1.90733121941297e-08,5.99679636163873e-08,3.37165234618838e-08,2.63791772086398e-08,5.51400822531386e-08,2.14346147816048e-08,3.09105763714594e-08,2.37859080798631e-08,3.47391088361358e-08,1.53155255275754e-08
2.20727122818849e-07,3.73798039933332e-07,7.04493353560002e-07,3.31507674992316e-07,5.4325369051969e-07,4.49178753723392e-07,5.06910454907778e-07,9.44967948419629e-07,1.23408285340339e-06,7.83239871340703e-07,1.8125538967335e-06,1.47940970393112e-06,7.58212105860989e-07,9.63965814709941e-07,5.41542178896973e-07,1.41178983860801e-06,7.92214889371825e-07,1.15822092397869e-06,7.73885249405699e-07,4.31735852646816e-07,2.12648447770657e-07,6.35461914915436e-07,3.67328400296167e-07,5.3604404550226e-07,3.49433070096044e-07,1.51060143519975e-07,1.88078673177876e-07,2.7932087282664e-07,1.49094700740442e-07,2.31850568357725e-07,7.28049947306517e-08,1.1263766381515e-07,1.35295262379706e-07,6.12693202463048e-08,1.62496139430045e-07,8.13230559293037e-08,7.30644815526131e-08,1.06096709719459e-07,6.28336195926027e-08,1.23380677020092e-07,9.65482111895626e-08,1.19026521395277e-07,8.89278244327488e-08,6.15552745863923e-08,2.82985186044189e-08,7.66727319176933e-08,6.79132697420083e-08,7.15505984346165e-08,1.72354666168512e-07,3.28359028565587e-07,5.7527843786388e-07,3.34961901099009e-07,4.74683732333293e-07,4.12548086425986e-07,4.64900746569817e-07,7.646822742268e-07,1.04384504907093e-06,6.98373147609598e-07,1.43764201560058e-06,1.21568686835007e-06,6.1865946622643e-07,8.71225147079145e-07,4.38331599853586e-07,1.19449963478984e-06,7.44995614110089e-07,9.90181359850134e-07,7.35297259621584e-07,3.72602987339882e-07,1.56560320608864e-07,6.24129892914099e-07,3.44500349739226e-07,5.81532093494045e-07,2.94675670803698e-07,1.11583709431028e-07,1.23917229838554e-07,2.66051040851637e-07,9.74573209941879e-08,2.2595978997436e-07,6.20610111511097e-08,6.56320838127877e-08,7.50231324454768e-08,4.02372316677933e-08,8.91838142282376e-08,4.97916210496241e-08,4.15087631799827e-08,6.41218283985427e-08,4.93701758341901e-08,7.77148062754038e-08,5.90501476671603e-08,7.72091905953725e-08,5.01741347840785e-08,4.44892925414268e-08,3.62905654788368e-08,3.2771172893618e-08,5.37508818814545e-08,2.70115343797635e-08
3.39822370606419e-07,1.13338785196956e-06,5.56850426114388e-07,4.84370092017206e-07,1.47830419699395e-06,6.50213479621793e-07,1.85566845872697e-06,7.80625886738729e-07,1.12497143734472e-06,2.45897035218992e-06,1.47940970393112e-06,3.6070672213191e-06,6.21545254964678e-07,8.51819464843257e-07,5.22707170469374e-07,1.12027048405441e-06,7.11843093134147e-07,9.3397609039265e-07,6.44257695069566e-07,4.13102270868158e-07,2.32855106517078e-07,5.56859526092427e-07,3.48517512377313e-07,4.77587913295121e-07,3.27077221481396e-07,1.52450343596153e-07,2.12038000592782e-07,2.46646031883193e-07,1.82557291814501e-07,2.22014250751153e-07,6.10099793169886e-08,1.21390023223625e-07,2.01363412257389e-07,6.96153449340851e-08,2.03355369087961e-07,1.02586588459758e-07,6.71295149630429e-08,1.05871547400332e-07,3.8418576820079e-08,1.20942085121795e-07,6.91480073136108e-08,8.96288121659506e-08,8.16980996346673e-08,3.77453151649022e-08,4.17308678499556e-08,5.44359302040669e-08,7.6920174408118e-08,7.86110549326987e-08,2.31074408234436e-07,6.41382043181133e-07,4.67908850477555e-07,4.62042371339589e-07,8.96396059048616e-07,5.73224751651945e-07,1.13243950134122e-06,7.1144011496036e-07,8.3333057990448e-07,1.58620175601366e-06,1.15516387289923e-06,2.02776498992398e-06,5.83544541954127e-07,6.93702196920178e-07,3.56277603629114e-07,9.45886128146811e-07,6.03473293659791e-07,7.86382851735059e-07,5.69576610042638e-07,2.78618588313658e-07,1.56954889711894e-07,4.78616328736133e-07,2.5089049949615e-07,4.95851124568542e-07,1.98150833240948e-07,8.37074418944282e-08,9.53109690036312e-08,1.53195152090602e-07,9.71429632921017e-08,1.38341996070191e-07,2.32038323029607e-08,4.05789853796749e-08,7.1106960644489e-08,2.61944286038032e-08,6.06622942758513e-08,2.54238995662743e-08,4.75940935161897e-08,4.35499414050516e-08,1.14529569656583e-08,8.38218177375054e-08,6.17404874843827e-09,5.41266699523337e-08,2.56322578979952e-08,1.16940196964609e-08,2.5578443935302e-08,-1.57556253445892e-08,5.00415083324503e-08,-3.77928096016805e-09
1.43705291254658e-07,3.11237507213277e-07,7.27740406023452e-07,2.49284987088263e-07,5.64669412944104e-07,4.57761781074351e-07,4.3604285033825e-07,1.03465810257316e-06,4.73935352537746e-07,8.31399699676559e-07,7.58212105860989e-07,6.21545254964678e-07,1.49545343454857e-06,6.17545832134841e-07,3.15360166004498e-07,1.11134560396425e-06,5.17506906340199e-07,9.50680058229319e-07,4.97070541449035e-07,2.59410767387279e-07,2.82868255756615e-07,4.2086577334907e-07,2.84282935712286e-07,4.26306263960675e-07,1.88630675337357e-07,2.3340044771334e-07,2.13138687380886e-07,2.18675682999786e-07,2.86961418966397e-07,1.80584685741301e-07,1.46084374320725e-07,1.36199535326935e-07,1.4277918514055e-07,1.8410849102877e-07,1.75012046928303e-07,2.41455193831029e-07,1.06113770503639e-07,1.18889257212084e-07,1.13026962380307e-07,1.49863002217044e-07,1.31629892416331e-07,1.59797888645498e-07,1.01520495967042e-07,9.85956339618454e-08,9.34688710420991e-08,1.06627035790896e-07,1.29008492389284e-07,1.27952122958122e-07,1.18833387007231e-07,2.73813963645865e-07,6.00406666566283e-07,2.59138044381658e-07,5.0626026426885e-07,4.40488008524497e-07,4.23466389409633e-07,8.55602449470503e-07,4.21929523283372e-07,7.89144631984434e-07,6.29554412571525e-07,5.7269106888471e-07,1.21068537941233e-06,5.68178261682985e-07,2.67885808032496e-07,9.19031143149684e-07,4.75879321393667e-07,7.78620499334741e-07,4.82334555985559e-07,1.90310161683575e-07,1.85214865625792e-07,3.87820772166518e-07,2.34194609088828e-07,4.10271580048364e-07,1.23853431333591e-07,1.47775764958736e-07,1.46861301867123e-07,1.73295602491037e-07,1.8229961157629e-07,1.46974337688989e-07,8.79315953113084e-08,9.58945954641785e-08,6.42090612815129e-08,1.08440838200398e-07,9.33246641260616e-08,1.23838799040289e-07,7.38495624574145e-08,5.70428934573539e-08,7.73963285462536e-08,8.79264006754105e-08,6.53913697005602e-08,9.71565135235776e-08,4.96474414475135e-08,6.38488986460595e-08,8.18434616962444e-08,4.73751341902326e-08,1.04260520728692e-07,8.19543218364804e-08
2.07411012864934e-07,2.10341487920613e-07,3.47066426417974e-07,1.72036265652989e-07,3.25728989785164e-07,2.64464613084438e-07,2.6766390306014e-07,4.74023100995105e-07,1.28382796097718e-06,4.62695185159795e-07,9.63965814709941e-07,8.51819464843257e-07,6.17545832134841e-07,1.63196551413078e-06,7.80539190713638e-07,1.228343793169e-06,1.25053527280537e-06,9.58891417050493e-07,1.32530175626067e-06,6.24537120914271e-07,2.51351824478878e-07,1.00559551522751e-06,5.22584809320342e-07,8.49585660627127e-07,5.09440221066517e-07,1.7913124859882e-07,2.01079942316243e-07,4.12322771865322e-07,1.86307044620527e-07,3.34887973060617e-07,8.9810592809687e-08,1.19435389739051e-07,1.23620063404887e-07,9.06584738391022e-08,1.7133569134935e-07,9.63854803532511e-08,1.00068946878441e-07,1.08522770026865e-07,1.02194754659746e-07,1.49979695512125e-07,1.21998097007759e-07,1.69988626222165e-07,9.47323051401359e-08,9.42491907237354e-08,8.2860283657377e-08,1.04874637038635e-07,9.56003284329571e-08,8.18359670684573e-08,1.61740587741837e-07,1.43903740996287e-07,3.17963005033263e-07,1.40491074040855e-07,2.82135447720625e-07,2.23752269333986e-07,2.1731453913574e-07,4.46209721715261e-07,1.11003453778074e-06,4.38501392862622e-07,8.52088036023918e-07,7.26681656309368e-07,5.92176376059746e-07,1.36675269670596e-06,6.03332423639474e-07,1.0528601205526e-06,1.05461988029765e-06,8.33126569347346e-07,1.15363953545429e-06,5.12226483124174e-07,1.98299605336295e-07,8.56348093287209e-07,4.56133043605308e-07,8.02900785011116e-07,4.16509418714181e-07,1.41405430112366e-07,1.45000319832597e-07,3.68455572007729e-07,1.6482355239343e-07,3.11598080912397e-07,8.47937580959861e-08,7.57491674724714e-08,6.22283310128731e-08,9.84331417003967e-08,9.01314480228553e-08,7.34433371924736e-08,5.61496861020599e-08,5.79049109791677e-08,7.7515922713377e-08,7.79153894818784e-08,5.64380968869387e-08,9.75228200294272e-08,4.99370981267504e-08,6.62997573986769e-08,6.09994792110763e-08,4.02179525441892e-08,6.49821578660253e-08,1.59829399689521e-08
1.64157126493256e-07,2.49816013632564e-07,1.84817644746775e-07,2.62258054840857e-07,2.18396400658046e-07,1.99929398676749e-07,3.39455322161352e-07,2.44818955603975e-07,6.44368846145566e-07,3.21885645660415e-07,5.41542178896973e-07,5.22707170469374e-07,3.15360166004498e-07,7.80539190713638e-07,2.07972873571072e-06,6.63175001071453e-07,1.53013389945368e-06,1.29179707372708e-06,6.24471705877792e-07,1.65432213619757e-06,6.85443391572319e-07,1.20379033407504e-06,1.24608999011018e-06,8.74609643160899e-07,1.39144129277721e-06,5.56301309832266e-07,2.09796766405489e-07,1.03508810209723e-06,4.43870634869565e-07,7.85054684719023e-07,3.93409337649323e-07,1.16770948181927e-07,1.95112450193928e-07,2.97325309016189e-07,1.30402680021484e-07,2.33760994688051e-07,7.40072266521319e-08,1.59130134056108e-07,1.18569895439151e-07,8.24505059934728e-08,2.15650498149892e-07,1.31429339578105e-07,1.25208353372389e-07,9.9758467708679e-08,8.53548588727287e-08,1.76915156859846e-07,9.99646424511921e-08,1.72676157924108e-07,1.42081196751848e-07,1.55159014563396e-07,1.65202252466154e-07,2.26024141710813e-07,1.72013603896246e-07,2.07628349169457e-07,2.30418632661945e-07,2.35860444756743e-07,6.18031159016466e-07,2.61866625755436e-07,4.90113593173289e-07,4.24263264346154e-07,2.73632397039126e-07,7.27938399027355e-07,1.62906829292813e-06,5.63021383055109e-07,1.27127595416694e-06,1.01172119347913e-06,6.04201871249059e-07,1.32138574207835e-06,5.70803915964929e-07,1.01949245049756e-06,1.07723088950403e-06,8.63782830139997e-07,1.15730745963579e-06,4.70875589527021e-07,1.35889673425739e-07,9.08150729179206e-07,3.58655219117191e-07,7.1592624646265e-07,3.43205048787289e-07,6.47254148514613e-08,1.28448460814288e-07,2.40766603127868e-07,1.0973145159386e-07,2.34674576470871e-07,4.66450722710398e-08,1.12270951968933e-07,7.66110271355819e-08,6.81859251473086e-08,1.03426962650764e-07,7.62361982758259e-08,8.61314352379215e-08,7.12186064403584e-08,5.94483185431087e-08,8.22606860080817e-08,7.10050723516912e-08,6.12376952473563e-08
1.61763499614456e-07,2.66317799445774e-07,5.64014602544744e-07,2.60939994825005e-07,4.23686919264276e-07,3.67855090799756e-07,3.67259043148175e-07,7.57983129030654e-07,9.63761373328588e-07,6.07801374221627e-07,1.41178983860801e-06,1.12027048405441e-06,1.11134560396425e-06,1.228343793169e-06,6.63175001071453e-07,1.94860379402176e-06,9.33805166794026e-07,1.51663742645022e-06,9.85726691080827e-07,5.29180550304831e-07,2.77107143329905e-07,7.49892315051284e-07,4.58188776694715e-07,6.16251883093131e-07,4.36448198914102e-07,2.09564967826865e-07,2.91656908911006e-07,3.62521676423027e-07,2.12443746134009e-07,3.01342157689476e-07,1.13585395888063e-07,1.937988393161e-07,1.76921395799459e-07,1.04764209320711e-07,2.53280182168908e-07,1.26952763723652e-07,1.43701589416568e-07,1.43296623263775e-07,1.30354441069941e-07,2.05299317799175e-07,1.64480359713243e-07,2.43457683897857e-07,1.1896569420903e-07,1.01305322648222e-07,7.63723092464286e-08,1.30359277445467e-07,1.31457295756832e-07,1.46970447490871e-07,1.21061054127301e-07,2.41752810200847e-07,4.49355977373575e-07,2.57663267724744e-07,3.70777274608615e-07,3.32310056302526e-07,3.46253018925658e-07,6.17715475909396e-07,8.69773473622231e-07,5.51451861853255e-07,1.19285238813871e-06,9.90406036994735e-07,8.85156011867955e-07,1.0957201633105e-06,5.3785019283403e-07,1.57750471240348e-06,8.70623605860741e-07,1.24274619729197e-06,9.17023793157908e-07,4.17977999001226e-07,1.98998672204697e-07,7.15987160373153e-07,3.757473334563e-07,6.40324265526311e-07,3.30609545942074e-07,1.49640078858347e-07,2.04071886481576e-07,2.9165317421838e-07,1.60594570648457e-07,2.63678698739057e-07,8.94804249892214e-08,1.2969955811802e-07,8.13781502931902e-08,8.54536298607955e-08,1.28572298119407e-07,6.87618010106467e-08,9.5415818237945e-08,6.85078158641514e-08,8.18212392229372e-08,1.13409814162027e-07,8.26086413799894e-08,1.34135613093934e-07,5.75397243220655e-08,5.80584226625861e-08,7.1385053852227e-08,4.97110536105113e-08,1.04394334031258e-07,7.20855063647627e-08
2.42133850082514e-07,2.19128734127506e-07,3.11036818006587e-07,1.7898984002231e-07,2.89520632903681e-07,2.40354011377803e-07,2.97003956006644e-07,4.29544358177912e-07,1.04990180610108e-06,4.34059100066477e-07,7.92214889371825e-07,7.11843093134147e-07,5.17506906340199e-07,1.25053527280537e-06,1.53013389945368e-06,9.33805166794026e-07,2.21658812882152e-06,1.70131340552131e-06,1.00581985162193e-06,1.20399422497608e-06,5.57766326581526e-07,1.75594973212979e-06,8.49584699897001e-07,1.31408942478083e-06,9.87206895813793e-07,4.4187597890799e-07,2.24450275150331e-07,6.87017328854587e-07,3.85265566190574e-07,5.3751656156112e-07,2.85394205909474e-07,1.23194154892547e-07,1.85220853529186e-07,2.33992528616884e-07,1.41206830209025e-07,1.98826051698498e-07,9.35370279065134e-08,1.61163033354271e-07,1.06479447761848e-07,1.11759219674239e-07,1.94552260378438e-07,1.27775659166502e-07,1.35908477208237e-07,9.33656149268227e-08,8.92651162052946e-08,1.69306522219698e-07,9.9692939892133e-08,1.78407650630571e-07,2.13773904673404e-07,1.3035261225166e-07,2.61046995281172e-07,1.45770287302652e-07,2.2064247840017e-07,2.26446089497838e-07,2.05131742899766e-07,4.07106185868482e-07,9.34370461158371e-07,3.94766082366282e-07,7.06574236370635e-07,5.9156921740135e-07,4.92136881501772e-07,1.0711415270629e-06,1.20225928212588e-06,7.94949727281835e-07,1.79851844524026e-06,1.39724455417445e-06,9.0786536188423e-07,9.74771529828017e-07,4.69393896109748e-07,1.4339110063705e-06,7.90717441976796e-07,1.21455338525712e-06,8.17524449460896e-07,3.72531955110925e-07,1.43698620207718e-07,6.51136238132083e-07,3.0063200488416e-07,4.93797852605183e-07,2.55638309881122e-07,8.05005074092111e-08,1.09185596363663e-07,1.90065177883693e-07,1.08072870510993e-07,1.95742501357572e-07,6.11862425392054e-08,1.0867679642151e-07,8.42538386320541e-08,8.37373052454163e-08,9.32417792529805e-08,6.30441418507318e-08,8.56945422321062e-08,7.34951352449377e-08,5.62376928761426e-08,8.24987879491135e-08,5.52397874279697e-08,5.53500485855152e-08
1.78965870167617e-07,2.66422025358114e-07,5.207694272136e-07,2.44981090600134e-07,3.85283318616036e-07,3.23475200997211e-07,3.94476538403704e-07,6.8982313844527e-07,8.05633802685333e-07,5.73117811267245e-07,1.15822092397869e-06,9.3397609039265e-07,9.50680058229319e-07,9.58891417050493e-07,1.29179707372708e-06,1.51663742645022e-06,1.70131340552131e-06,2.43364152179761e-06,7.63011734455211e-07,9.90411876087194e-07,4.88340045336701e-07,1.32970513970168e-06,6.88957703766436e-07,9.58064321864439e-07,7.97060898939085e-07,3.74392040140991e-07,2.49516949006495e-07,5.38458348029934e-07,3.37684290907957e-07,4.09688274025467e-07,2.23073477188542e-07,1.46255435849007e-07,2.85831778833032e-07,1.88945666645938e-07,1.9752352807923e-07,1.92517985472059e-07,1.07208073105448e-07,2.12941313525429e-07,1.40336556560438e-07,1.48702947966341e-07,2.41906407137275e-07,1.66025407775287e-07,1.7328518089586e-07,1.08656612548596e-07,9.11605285805881e-08,1.99211775822656e-07,1.45763663856922e-07,2.45680753505213e-07,1.52417756766132e-07,2.21449671247016e-07,3.84796764545423e-07,2.30347257489527e-07,3.22796031503219e-07,3.08447691880382e-07,3.25475342006181e-07,5.59131740456733e-07,7.48430995703188e-07,5.06951934323314e-07,9.70526766082817e-07,8.27722819206574e-07,7.06080151845112e-07,8.74475384343233e-07,1.00381200564872e-06,1.18601471792742e-06,1.43597976636646e-06,1.8780645980526e-06,7.42908405566751e-07,7.59822565621831e-07,3.76847878068386e-07,1.14810230806711e-06,6.13349739570091e-07,9.45148985179898e-07,6.13444384514843e-07,2.91194556485472e-07,1.66617270504407e-07,4.80139966871804e-07,2.57579582329654e-07,3.8460729117748e-07,1.81711224348576e-07,9.10700432803395e-08,1.61444506405262e-07,1.41004351231977e-07,1.16231528898993e-07,1.49896999337273e-07,6.87196302747193e-08,1.30935282998927e-07,1.02787010400432e-07,9.0067833278258e-08,1.23097355708848e-07,7.62003513574635e-08,1.0532774565957e-07,7.69802084300245e-08,5.68321366764868e-08,9.90091836176771e-08,9.3546720976219e-08,1.07657647083481e-07
1.58217868831639e-07,1.69047853783757e-07,2.7764927538587e-07,1.3519130118674e-07,2.36163736044331e-07,2.05598972662237e-07,2.16738894835121e-07,3.82284206315697e-07,1.03318049974179e-06,3.47605672925192e-07,7.73885249405699e-07,6.44257695069566e-07,4.97070541449035e-07,1.32530175626067e-06,6.24471705877792e-07,9.85726691080827e-07,1.00581985162193e-06,7.63011734455211e-07,1.69513897390167e-06,7.75692983295853e-07,3.31006177239881e-07,1.31633734861678e-06,6.62977043616032e-07,1.120602363243e-06,6.19622997451896e-07,2.22827800315997e-07,2.22996253574422e-07,5.08076581725307e-07,2.1344359108724e-07,4.02700084517704e-07,1.20576095291583e-07,1.33573573981018e-07,1.64353066804757e-07,1.07814376200187e-07,2.14217630498901e-07,1.38029373490973e-07,1.12427595431411e-07,1.38047773886619e-07,1.19450401601858e-07,1.8317323958593e-07,1.51887789761548e-07,2.04136753796344e-07,1.2471276779448e-07,1.04888534373214e-07,1.20778770124722e-07,1.32079658889293e-07,1.30788252110852e-07,1.32135971757655e-07,1.22402577157086e-07,1.16763844605491e-07,2.56565045959993e-07,1.2241898250672e-07,2.07868783974327e-07,1.7400129463453e-07,1.84045561968155e-07,3.68179699739725e-07,9.43076023549205e-07,3.36217854956577e-07,7.19935401390302e-07,5.84309172946385e-07,4.75200368927635e-07,1.15334965541196e-06,5.11655389134998e-07,8.80155463830069e-07,8.5665400538159e-07,6.64831707879625e-07,1.45207329366297e-06,6.50840045127347e-07,2.23117166346303e-07,1.08756416608936e-06,5.58121916954434e-07,9.92716018406219e-07,5.05835727507951e-07,1.49696595800842e-07,1.76463196519184e-07,4.42088894241287e-07,1.78621084908802e-07,3.59698667728329e-07,9.01609356727409e-08,1.00948339681423e-07,8.30474988337955e-08,1.06862379741932e-07,1.0594817694653e-07,1.02644349863104e-07,7.01783483003077e-08,7.14705032503136e-08,9.02838964110908e-08,8.85911598404158e-08,6.822008645528e-08,1.14552864698235e-07,6.43999213701662e-08,7.81735466349816e-08,7.75065146926491e-08,5.30669369120884e-08,8.94833418703105e-08,4.05221270245151e-08
