1.15700958537556e-08,3.22221889988717e-09,1.44058884608309e-09,8.3068465599996e-09,2.9227990684732e-09,7.46707531597036e-09,2.85524810778379e-09,1.2646604290093e-09,1.93657882551306e-09,2.58982628555135e-09,1.19073044342399e-09,2.38898355814672e-09,1.11597098799707e-09,1.69746042237202e-09,5.90344639234243e-10,1.05910908439837e-09,1.69334836389451e-09,9.33820219880268e-10,1.49609344159198e-09,5.25076509823092e-10,2.55514883298839e-10,1.48733886408688e-09,5.1155895660628e-10,1.41610288897255e-09,4.5762562598203e-10,2.22676640035644e-10,1.8972923239092e-10,4.45842584451683e-10,2.60024451613962e-10,5.36494020560721e-10,1.96180362114964e-10,1.67061357609211e-10,1.18945385004969e-10,2.29036226541709e-10,1.36271591845353e-10,2.14379722562537e-10,1.52919953313915e-10,1.02979575255032e-10,8.55332936808538e-11,1.16816821209871e-10,8.3583038452001e-11,7.41098881150208e-11,1.04625974394765e-10,8.59232850682092e-11,9.93758733251137e-11,8.21999455948193e-11,7.70301602812796e-11,6.33588163097824e-11,8.26555167176226e-09,2.86280227574258e-09,1.10264322550455e-09,6.30066396208986e-09,2.18136441327196e-09,5.08845504784024e-09,2.52113684422732e-09,1.00706718586651e-09,1.61686599870884e-09,1.95672760166271e-09,9.71810017391505e-10,1.60333295239656e-09,9.12945435085449e-10,1.40292061899782e-09,5.83336139146805e-10,8.55969699935039e-10,1.37095987601309e-09,7.9630328196733e-10,1.2629273359582e-09,5.54515278298354e-10,3.49869357504846e-10,1.23815484246031e-09,5.09657516542584e-10,1.07504806050995e-09,4.83182829366033e-10,3.04838789298059e-10,1.83932328964324e-10,4.44054584318625e-10,3.49863188689172e-10,4.95745976344686e-10,2.68309916887987e-10,1.61988456828482e-10,2.26387360871883e-10,3.07957475332451e-10,1.95304624392173e-10,3.7573306007296e-10,1.5637737117617e-10,2.08816323930091e-10,1.08636784860322e-10,1.92737943617565e-10,9.32945358324789e-11,6.89153026926414e-11,2.08485720174026e-10,9.12812410270493e-11,1.22987313793602e-10,8.0826328434326e-11,9.48546672330094e-11,1.76897618989673e-10
3.22221889988717e-09,2.17494924321295e-08,3.36811082242991e-09,7.04677357672643e-09,1.62138462447197e-08,4.08886846271071e-09,1.93861860840891e-08,2.97762564482797e-09,1.36578520223752e-09,1.44619187923704e-08,2.59568560837055e-09,1.32527730794358e-08,2.61914765498359e-09,1.20232444622413e-09,2.43738996344089e-09,2.28746417850911e-09,1.29813414614752e-09,2.19812681968599e-09,1.0679911626211e-09,2.16986192815765e-09,8.28462426684415e-10,1.15300332413734e-09,2.25407153508806e-09,1.11147927625721e-09,1.89066523468514e-09,7.21870392580639e-10,5.43389493642237e-10,1.96401760657872e-09,8.19772346803759e-10,2.19155181010169e-09,6.35684791019551e-10,4.78393500702811e-10,3.96431625425471e-10,7.21830111439559e-10,4.60497691711521e-10,7.61404001163935e-10,4.54964133759993e-10,3.67779884383097e-10,3.78395015987377e-10,4.27583990351704e-10,4.40268323461663e-10,5.16760775760707e-10,3.47865677922374e-10,3.43021461688332e-10,3.18255074252166e-10,4.03523704199004e-10,3.95856706356888e-10,4.36651048685517e-10,2.60106781499802e-09,1.52795432848455e-08,2.98334656500724e-09,6.25024150545579e-09,1.03867439559186e-08,3.1564472827955e-09,1.3644633598293e-08,2.63342228043569e-09,9.56566187940004e-10,9.31210741250766e-09,1.9257445509563e-09,8.05777641626225e-09,2.35853743230645e-09,9.01929779076812e-10,1.49597305759983e-09,1.74542764572177e-09,7.76392072511881e-10,1.48807685079706e-09,8.13740181033236e-10,1.34617640016424e-09,8.23470649777471e-10,6.7465816351142e-10,1.52143457636017e-09,7.81549808837338e-10,1.17293004443288e-09,7.1745882616324e-10,4.0664935003339e-10,1.32553632894721e-09,7.2778014111386e-10,1.46308335009494e-09,6.31495210711948e-10,3.58080796728744e-10,4.24593161839646e-10,6.40606760407655e-10,3.28021659133943e-10,6.64371788001537e-10,3.45700173729261e-10,3.61660599180649e-10,2.86837213466594e-10,3.04552504235351e-10,3.18459151469355e-10,2.65107221714158e-10,3.55548134427375e-10,2.59902514684616e-10,3.52009461713092e-10,2.86380975203723e-10,4.2343500940978e-10,3.31776516059855e-10
1.44058884608309e-09,3.36811082242991e-09,1.09549083498192e-08,2.60816864288824e-09,7.3456534217474e-09,6.16384866525958e-09,2.97852647193255e-09,9.71070621034411e-09,2.72571581441038e-09,6.49723065298513e-09,6.86459337646858e-09,4.26304369147614e-09,8.51419972115672e-09,2.38261883181574e-09,1.09676482104505e-09,6.05185764669851e-09,1.97576542640314e-09,5.28068166949618e-09,2.09542204066126e-09,9.67341460199741e-10,1.45894796401778e-09,1.7408943754145e-09,8.87519314353509e-10,1.55461456039988e-09,8.43502677673168e-10,1.27133521677893e-09,3.8623542376048e-10,7.73934328683617e-10,1.35017090493164e-09,7.58660776374573e-10,1.11978818079389e-09,3.40217672693777e-10,2.31682342425308e-10,1.18910444188572e-09,3.48564046711607e-10,1.23320824647842e-09,3.06339257033931e-10,2.04161676093178e-10,1.34537945096246e-10,3.04075406679508e-10,1.9151169029187e-10,2.89985280235498e-10,1.94481431602618e-10,1.19788671658296e-10,9.98183650989278e-11,1.86929254692806e-10,1.455775840086e-10,1.82665632994222e-10,9.34892112741043e-10,3.16453855797881e-09,8.53269178978233e-09,1.86332395650821e-09,5.74532347413751e-09,3.84311983836471e-09,2.76920895165032e-09,7.51321322154817e-09,2.0105052617054e-09,5.06770366755737e-09,4.95250075715372e-09,3.03650500741905e-09,6.66877537562729e-09,1.79425214458362e-09,7.63162301305052e-10,4.45105346859588e-09,1.30899520296447e-09,3.32198317396724e-09,1.47867979615678e-09,6.42877187297392e-10,1.24558060535433e-09,1.11008157334765e-09,7.05151449752735e-10,1.08190068843222e-09,5.60455533069094e-10,1.08528730666378e-09,5.222574573618e-10,6.14506131884148e-10,1.11959314810683e-09,5.25822651633564e-10,9.55229165743145e-10,4.60069778326485e-10,3.13809721889648e-10,9.85494802577876e-10,4.87984739051833e-10,1.11577555315336e-09,4.13014730153141e-10,2.72305269442642e-10,2.04179586516337e-10,4.34503923085745e-10,2.33912474699175e-10,3.70312417515586e-10,2.59879912058514e-10,1.85431223469941e-10,1.91946222843327e-10,2.03470638799531e-10,2.3735034083864e-10,2.46141870028807e-10
8.3068465599996e-09,7.04677357672643e-09,2.60816864288824e-09,1.4287003646249e-08,4.34236753686553e-09,1.03267024683877e-08,6.26730277020231e-09,2.31626193436559e-09,1.09555210984639e-09,3.8728996885284e-09,1.90821348910419e-09,3.28756746886506e-09,2.02982307337983e-09,9.67847178809227e-10,1.88464232729067e-09,1.68906711472087e-09,9.39830087914412e-10,1.51840345997744e-09,8.53661497842281e-10,1.66871241921386e-09,4.06772192642985e-10,8.25542323997068e-10,1.65924631507644e-09,7.44414726570582e-10,1.45401579607875e-09,3.54475525082336e-10,2.01093206899007e-10,1.44576017054735e-09,3.48452603145206e-10,1.51129655127785e-09,3.12250092045361e-10,1.77083712043571e-10,8.61885300579282e-11,3.06924521889421e-10,1.31877842685347e-10,2.74554277772231e-10,1.57976473743252e-10,7.98153199576781e-11,6.11163982208932e-11,1.12654573409171e-10,4.87559107022188e-11,1.14070878609276e-10,7.46528855890687e-11,4.18404420031953e-11,8.87980583941227e-11,3.37039664438687e-11,6.16493231142695e-11,2.41449712578121e-11,5.92027470106346e-09,6.28111747625922e-09,1.97625029700922e-09,1.08109696756259e-08,3.41075022570682e-09,6.98740401283782e-09,5.55473038140205e-09,1.75837910432437e-09,1.08395740558836e-09,3.0670213593083e-09,1.32383894414555e-09,2.28766535183001e-09,1.5880541883371e-09,9.56290168619264e-10,1.53597755303976e-09,1.18977554160979e-09,9.49967496566792e-10,1.09821338202969e-09,8.50765205274902e-10,1.37165796924896e-09,4.89028719561397e-10,8.32966953534242e-10,1.50965310880053e-09,7.39333261428766e-10,1.19510399479899e-09,4.2608509644521e-10,2.28839321252565e-10,1.3152603278971e-09,4.45875270960563e-10,1.34288550308915e-09,3.75028123841687e-10,2.01545567723393e-10,1.77314266514626e-10,3.92469685465817e-10,2.86342478577325e-10,4.68481597412398e-10,1.7605847056118e-10,1.49269018655633e-10,3.17416270822507e-11,2.64487646643455e-10,1.59353035647193e-11,1.33483493563148e-10,1.18404309430575e-10,-5.7377394798818e-12,1.42342255560846e-10,-2.42379231568166e-11,4.78983652840121e-11,4.26001168722839e-11
2.9227990684732e-09,1.62138462447197e-08,7.3456534217474e-09,4.34236753686553e-09,2.42571075819639e-08,8.3907994526959e-09,1.44624198649549e-08,6.49638625901949e-09,2.40672975457015e-09,2.15559077698709e-08,4.31324083563099e-09,1.72027350903818e-08,5.66936162793959e-09,2.10532066607746e-09,1.26012599695941e-09,3.8010181478094e-09,1.81562539674187e-09,3.28219899393352e-09,1.84979753987812e-09,1.10852442693604e-09,1.81763439502844e-09,1.5890658330112e-09,1.11132603230703e-09,1.48466465567661e-09,9.66673128127852e-10,1.58389080327252e-09,7.94567260869693e-10,9.69079910204012e-10,1.79988616260755e-09,1.0469368557575e-09,1.39507230539577e-09,6.99692734805462e-10,5.07077302616478e-10,1.58510092079459e-09,7.19442912121169e-10,1.70434860233255e-09,6.45094460963202e-10,4.63780044502393e-10,4.18649365025153e-10,6.47608608790055e-10,5.35170958097829e-10,7.51806659581692e-10,4.28936998939626e-10,3.82081582062249e-10,3.27215761438422e-10,5.01334672397331e-10,4.51756187339051e-10,5.29579304756414e-10,2.00110425996335e-09,1.14202342683529e-08,5.94041723497979e-09,3.79301997096973e-09,1.48968786254524e-08,5.92653725059478e-09,1.0147544850987e-08,5.25540925995517e-09,1.62280205155979e-09,1.33163697491914e-08,3.11840948408834e-09,1.0218003884824e-08,4.65776713767357e-09,1.52590340825906e-09,6.66617833249702e-10,2.86927935449089e-09,1.00194069385999e-09,2.13736976651961e-09,1.31589811917047e-09,5.41709879144405e-10,1.404729709942e-09,8.53613010575183e-10,8.14261350336601e-10,1.03490386842045e-09,4.72406291274121e-10,1.22396982999113e-09,6.9004963249525e-10,7.09603401721625e-10,1.37203800876448e-09,5.7687218974739e-10,1.07728697783454e-09,6.07847088291544e-10,3.60231619464596e-10,1.20770331469685e-09,5.08324812109818e-10,1.29803977780199e-09,5.60199928907728e-10,2.99868846693165e-10,3.40323999039431e-10,4.38278833199316e-10,2.98201293384178e-10,4.12197603527253e-10,3.09653860099766e-10,3.19980443794072e-10,2.7338513096389e-10,2.91925488476929e-10,4.1997779131053e-10,2.69470215333561e-10
7.46707531597036e-09,4.08886846271071e-09,6.16384866525958e-09,1.03267024683877e-08,8.3907994526959e-09,1.66747042024683e-08,3.62605507360586e-09,5.46998208007308e-09,2.10935300853763e-09,7.43573879594368e-09,3.42858514973698e-09,5.05189668791206e-09,4.75251521689403e-09,1.84115738493811e-09,9.34922305909821e-10,3.02119116552174e-09,1.52311587325472e-09,2.53956425582927e-09,1.62000025371723e-09,8.27225574894975e-10,1.42538139540742e-09,1.33302116514685e-09,7.41396351902385e-10,1.18580318244288e-09,7.20896956894482e-10,1.24187513117023e-09,3.67455547674463e-10,6.46114856967835e-10,1.26658291440857e-09,5.97463879865781e-10,1.09333076344708e-09,3.2351145264852e-10,1.49597236567998e-10,1.11505667730618e-09,2.81878562316888e-10,1.07489862304398e-09,2.88504858891638e-10,1.40410655564825e-10,4.97137056543970e-11,2.47308757003212e-10,8.49748515550133e-11,2.22214337806034e-10,1.23932750002881e-10,3.38400734161408e-11,5.63884131983174e-11,6.67561455607296e-11,7.96702055327972e-11,7.29393862527082e-11,4.65720913911996e-09,3.64591595580794e-09,4.35016986825442e-09,6.93996896598048e-09,5.81422436359273e-09,1.08170552969117e-08,3.17481302869012e-09,3.90858426837707e-09,1.41387615504284e-09,5.19827008246717e-09,1.91822598973896e-09,2.98344936628255e-09,3.46611929401928e-09,1.28951286015762e-09,7.88781290086436e-10,1.76707841817311e-09,1.1343562616564e-09,1.41457095002569e-09,1.11361588896013e-09,6.76784522576101e-10,1.35314465479126e-09,9.54546869727379e-10,8.12215282200534e-10,8.35070078396765e-10,5.89723693574261e-10,1.17889509852888e-09,4.82338684573074e-10,7.07651151784779e-10,1.23535928605301e-09,6.31027140394596e-10,1.03766189697304e-09,4.2466917818851e-10,2.71303143515784e-10,1.08738258635246e-09,4.47485520390581e-10,1.14587041157343e-09,3.79813804085669e-10,2.4063207223645e-10,6.55328666476124e-11,4.13155891831583e-10,8.65021084955622e-11,2.60716527943663e-10,2.0747902685705e-10,3.55120340310764e-11,8.88571858522589e-11,3.43466897468565e-11,4.39040755176016e-11,1.11987461768328e-10
2.85524810778379e-09,1.93861860840891e-08,2.97852647193255e-09,6.26730277020231e-09,1.44624198649549e-08,3.62605507360586e-09,2.63981153215924e-08,3.61628457370123e-09,1.53607043711385e-09,2.05751354717056e-08,2.94494284022357e-09,1.88370655551669e-08,3.13980301321381e-09,1.35138368303077e-09,2.57833570522694e-09,2.56679983132526e-09,1.39852961369389e-09,2.481545495217e-09,1.19448680358673e-09,2.2886554528844e-09,9.26558610417037e-10,1.2229839290314e-09,2.45899429674334e-09,1.22928087080725e-09,1.99431102491229e-09,8.07393289162746e-10,5.76653436319683e-10,2.14269318585814e-09,9.03127267209629e-10,2.35356457367787e-09,7.11113329380505e-10,5.07723055576558e-10,3.97777802722212e-10,7.9533504428824e-10,4.76428438909017e-10,8.31096869977761e-10,4.8636827566877e-10,3.61800679346152e-10,4.06783284756124e-10,4.43517069615732e-10,4.21466202834842e-10,5.57379917244679e-10,3.32984841817658e-10,3.70697420460995e-10,3.66242907014915e-10,3.74877041902534e-10,4.41882855708523e-10,4.2912744228043e-10,2.3012665178185e-09,1.36420476703216e-08,2.63552462125316e-09,5.5712675870474e-09,9.3079097401031e-09,2.8705862440254e-09,1.80918303011719e-08,3.45543385836363e-09,1.20551607229067e-09,1.34420797837363e-08,2.81497797700546e-09,1.25989220654526e-08,3.06607981793287e-09,1.00856733804316e-09,1.4564680466137e-09,2.4177411533588e-09,8.25539809499813e-10,2.12910182120452e-09,9.02583258224355e-10,1.26277241907624e-09,8.81074225349679e-10,6.56038911507095e-10,1.49650831571155e-09,8.23180120357752e-10,1.10034647831469e-09,7.67671764060089e-10,3.96060738580558e-10,1.3038573710471e-09,8.70098079826284e-10,1.47508441465457e-09,6.75682383167113e-10,3.4883583743904e-10,3.88295246405432e-10,7.65879845847271e-10,3.48635363025636e-10,7.67509744365044e-10,3.47642143492679e-10,3.35512495899732e-10,3.47897601703944e-10,3.4281982716331e-10,2.96708850110601e-10,3.27131638800641e-10,3.20672155590975e-10,3.03005875595236e-10,3.75725832443086e-10,2.41452868285451e-10,4.51642029350167e-10,2.65464783092812e-10
1.2646604290093e-09,2.97762564482797e-09,9.71070621034411e-09,2.31626193436559e-09,6.49638625901949e-09,5.46998208007308e-09,3.61628457370123e-09,1.01924322945943e-08,2.80021162328537e-09,7.38040107636578e-09,7.09370940486871e-09,4.81952586366323e-09,8.89691833518759e-09,2.44729437293658e-09,1.11798440506826e-09,6.21784919022694e-09,2.00467138034075e-09,5.415005592737e-09,2.14700715312489e-09,9.85481368278872e-10,1.549378441764e-09,1.7592509463078e-09,8.93355359240749e-10,1.55719403274483e-09,8.59061035139586e-10,1.35001885250454e-09,3.9853259836877e-10,7.78782549531726e-10,1.41204761394514e-09,7.55357489838067e-10,1.18880649244664e-09,3.50961568752327e-10,2.20815767994914e-10,1.24335357255628e-09,3.53954975617532e-10,1.26487681844347e-09,3.18343451890221e-10,1.9485104539885e-10,1.23923259594874e-10,3.1049354248713e-10,1.76599280556236e-10,2.92137725715303e-10,1.8225418064454e-10,1.12190656651189e-10,1.04049664183145e-10,1.66978605858356e-10,1.45782029204975e-10,1.7001797220965e-10,8.08581120396957e-10,2.76836031519182e-09,7.51350368519648e-09,1.6503870739544e-09,5.06668290305559e-09,3.41550026619708e-09,3.01947165008955e-09,7.83226143061996e-09,2.08261764509358e-09,5.18043127778672e-09,5.27665577524896e-09,3.46396938788891e-09,6.97568314294876e-09,1.83725220497364e-09,7.83151571857445e-10,4.72076726406735e-09,1.29796464602805e-09,3.58551602265006e-09,1.52414076250683e-09,6.71325986140119e-10,1.24184081055117e-09,1.1036438898613e-09,7.08001489900683e-10,1.09424512948484e-09,5.85116085716659e-10,1.0819829377003e-09,4.92345301683198e-10,6.1693049162206e-10,1.08438591369946e-09,4.93165214450295e-10,9.52337960631747e-10,4.33620542098698e-10,2.87084318118286e-10,9.54499975645533e-10,4.52707496133619e-10,1.04443131376125e-09,3.877998675535e-10,2.45369858648913e-10,1.92303177103542e-10,3.987305395089e-10,2.09348297481172e-10,3.36600337083525e-10,2.37923493173063e-10,1.70389717034659e-10,1.82592176912763e-10,1.90059324188671e-10,2.33552529044489e-10,2.03620557800917e-10
1.93657882551306e-09,1.36578520223752e-09,2.72571581441038e-09,1.09555210984639e-09,2.40672975457015e-09,2.10935300853763e-09,1.53607043711385e-09,2.80021162328537e-09,1.05317380451283e-08,2.63888063176787e-09,6.9805256067955e-09,6.18425512193061e-09,2.44760816665335e-09,9.16225983938514e-09,2.86149665512419e-09,6.08137529071938e-09,6.48196210033102e-09,3.89467974554928e-09,8.02674634740156e-09,2.51475963742933e-09,9.81729322671274e-10,5.69532045471601e-09,1.98126972280105e-09,4.85448037792946e-09,2.19128865161525e-09,8.55456433527942e-10,1.36390315150463e-09,1.72649866983169e-09,8.07085620870272e-10,1.60446367625973e-09,7.53415891265968e-10,1.20066862884336e-09,4.08604472674374e-10,7.1079516690409e-10,1.1335329273158e-09,6.970232113436e-10,1.0689669691492e-09,3.82080441679557e-10,2.12876644795003e-10,1.01426789953796e-09,3.76164368284454e-10,1.06949229826342e-09,3.56317336796866e-10,1.92873445400982e-10,1.7618474865856e-10,3.4952929213458e-10,1.92665884251111e-10,3.3564046501651e-10,1.19681846326128e-09,1.34070238699556e-09,2.04143475695375e-09,7.85565204354304e-10,2.14092214539532e-09,1.30606926124356e-09,1.47502929836971e-09,2.02832749839809e-09,7.29004614302146e-09,2.2082760735408e-09,4.58434783447153e-09,4.28495671209721e-09,1.82785193555512e-09,6.39889530302264e-09,2.26879361187795e-09,4.10420859921877e-09,4.117744359286e-09,2.41867404321877e-09,5.55367832408234e-09,1.97844823237364e-09,6.50555437595063e-10,3.60017397460001e-09,1.32858493883667e-09,2.65882802100543e-09,1.72383818832224e-09,5.6684427827601e-10,1.1996038923424e-09,1.15756254525835e-09,7.07092818532618e-10,1.05782988629089e-09,4.98911852381934e-10,1.05612255866617e-09,5.06996592468372e-10,6.22400593347947e-10,9.71698541284809e-10,4.86969107430286e-10,9.50399325371908e-10,4.59033856047995e-10,2.60376858398416e-10,8.65038645327602e-10,4.80474268061768e-10,9.31463382798997e-10,4.13895677969537e-10,2.60373495443124e-10,2.43701789641086e-10,4.69284671487771e-10,2.63310032656427e-10,4.39174500154573e-10
2.58982628555135e-09,1.44619187923704e-08,6.49723065298513e-09,3.8728996885284e-09,2.15559077698709e-08,7.43573879594368e-09,2.05751354717056e-08,7.38040107636578e-09,2.63888063176787e-09,2.86041866619429e-08,4.81481280140754e-09,2.33174407365403e-08,6.39655950129259e-09,2.31312344239051e-09,1.36566625118143e-09,4.21641248748147e-09,1.92786270312831e-09,3.6631661290653e-09,2.02681269676753e-09,1.19633390893092e-09,1.94835617393769e-09,1.66886529278589e-09,1.23150965229089e-09,1.5875544987335e-09,1.0432531824854e-09,1.69780764794223e-09,8.3312086114588e-10,1.07386121279118e-09,1.91581110128819e-09,1.10686110395758e-09,1.4954224554999e-09,7.33654546125691e-10,5.0919354100453e-10,1.68721054302005e-09,7.55327113838649e-10,1.80797669344324e-09,6.84023008342506e-10,4.66049674532072e-10,4.46221889662555e-10,6.8239594672545e-10,5.26414496336765e-10,8.08297327622289e-10,4.21831346488751e-10,4.13122021323748e-10,3.74798621760173e-10,4.82458954669278e-10,4.87506610219561e-10,5.22657622425111e-10,1.71974842320257e-09,1.01446488785801e-08,5.25754146408306e-09,3.37137542690641e-09,1.33118672577203e-08,5.28770049865134e-09,1.3514497772077e-08,6.30335237613094e-09,1.96393246328487e-09,1.71470178688227e-08,4.24133224907271e-09,1.45950440589445e-08,5.53295151853202e-09,1.75137728444542e-09,6.40421928711503e-10,3.73598930050585e-09,1.13486385723439e-09,2.90186190484074e-09,1.51215867419475e-09,4.91862863949921e-10,1.40425120954761e-09,9.09855982896671e-10,7.59128044440616e-10,1.15869124216796e-09,4.29020691497862e-10,1.22356823193828e-09,6.74866871930336e-10,6.61590857197934e-10,1.45141105777726e-09,6.47179120390504e-10,1.07692776507652e-09,5.94522699526567e-10,3.52713812056805e-10,1.27757007313088e-09,5.17567475312737e-10,1.40303105709042e-09,5.59558509872069e-10,3.10423798154452e-10,3.49285503208505e-10,4.70382553976286e-10,3.16267135935117e-10,4.18670732713714e-10,3.11767707272344e-10,3.1557172831673e-10,2.92086258395147e-10,2.67939207176805e-10,4.48590829353367e-10,2.10523244030103e-10
1.19073044342399e-09,2.59568560837055e-09,6.86459337646858e-09,1.90821348910419e-09,4.31324083563099e-09,3.42858514973698e-09,2.94494284022357e-09,7.09370940486871e-09,6.9805256067955e-09,4.81481280140754e-09,1.26196935800939e-08,9.34462193718823e-09,6.21785090416058e-09,6.08105545353898e-09,2.29808763509518e-09,1.10028048751568e-08,3.84222061667042e-09,7.97130799041415e-09,5.32933677974066e-09,2.01863708755089e-09,8.5810663318737e-10,3.37762837820903e-09,1.57552040461126e-09,2.7630769281495e-09,1.75925324494407e-09,7.47831326181098e-10,1.34086208803697e-09,1.37318927928457e-09,6.4321127240642e-10,1.20438108786544e-09,6.58863360991901e-10,1.18044791184019e-09,3.6127499302316e-10,5.66712980670157e-10,1.13332476946806e-09,5.36452874440619e-10,1.06514402028734e-09,3.38428982031843e-10,2.09218944150449e-10,1.0264687465506e-09,3.63616215376384e-10,1.0717601438165e-09,3.06190670557561e-10,1.83135791698562e-10,1.24118372388924e-10,3.3750434018069e-10,1.48793113509176e-10,2.91003130527866e-10,6.09015916172427e-10,2.25919815075185e-09,4.93770140705385e-09,1.32305528290019e-09,3.28772514735478e-09,1.83169226421031e-09,2.47153735837538e-09,5.06371795613448e-09,4.99943375525692e-09,3.49341466125926e-09,8.82771129810509e-09,6.52739795718249e-09,4.56165485201566e-09,4.50294319981123e-09,1.68467178811047e-09,7.90784223644787e-09,2.46237364531503e-09,5.01517997849813e-09,3.84202633181203e-09,1.47607892911221e-09,5.92373304111776e-10,2.14184126235363e-09,9.74917196367653e-10,1.60953277273512e-09,1.28626958199737e-09,5.16191066787462e-10,1.13438142042636e-09,8.49492927605312e-10,5.61491115273842e-10,7.32163758410131e-10,4.54313253879933e-10,9.98803307470051e-10,4.49419135442395e-10,4.9424398399713e-10,9.80071269239989e-10,4.26096708313505e-10,9.00137011860736e-10,4.12946012828456e-10,2.30163743131438e-10,8.83279693681005e-10,3.977870423307e-10,8.96224008435233e-10,3.5613386729651e-10,2.1140370488585e-10,1.52214418160771e-10,3.602279764261e-10,2.33875120650387e-10,3.29312973148606e-10
2.38898355814672e-09,1.32527730794358e-08,4.26304369147614e-09,3.28756746886506e-09,1.72027350903818e-08,5.05189668791206e-09,1.88370655551669e-08,4.81952586366323e-09,6.18425512193061e-09,2.33174407365403e-08,9.34462193718823e-09,3.20875760137734e-08,4.19348741994014e-09,5.39771244229185e-09,2.26640305536855e-09,8.15708090998808e-09,3.32169135026173e-09,5.58778978844517e-09,4.72057479286513e-09,1.96997665954723e-09,1.03994743054856e-09,2.88959486200526e-09,1.56739059225111e-09,2.34233648937089e-09,1.71700905549672e-09,9.06310154793465e-10,1.92515559348658e-09,1.36624975558939e-09,9.31008235352069e-10,1.24986642757336e-09,7.98503793340262e-10,1.69479869445168e-09,7.03708358564748e-10,8.20165947784735e-10,1.70716470017783e-09,7.91518086167908e-10,1.55658189204369e-09,6.5678871197939e-10,5.77328441531478e-10,1.56207318473027e-09,7.87384027443483e-10,1.77394701465959e-09,6.03665945746693e-10,5.15393682670910e-10,4.46655780819747e-10,7.15213479212834e-10,5.3344087410719e-10,8.05978129720911e-10,1.30246515427988e-09,9.40519804065603e-09,3.28895770799018e-09,3.01742422231666e-09,1.06908729073913e-08,3.53651265040953e-09,1.24504320080801e-08,3.95971391993239e-09,4.61626063908421e-09,1.41674330389965e-08,7.21355083273587e-09,1.97043251551961e-08,3.51348885341408e-09,4.21164402984643e-09,1.43737434209211e-09,6.46128147043769e-09,2.17774938634596e-09,4.12503477306585e-09,3.66256473954273e-09,1.19449006226834e-09,6.45035843643886e-10,1.8105272299482e-09,7.77295249542463e-10,1.47591725586885e-09,1.04102581299088e-09,5.62098473419795e-10,1.42265683527265e-09,6.77361140641647e-10,7.10883683146157e-10,5.84284779996616e-10,4.94710992374772e-10,1.25261964807499e-09,6.54443167719102e-10,6.25744143078863e-10,1.28381250924407e-09,6.09451881791366e-10,1.15494986080104e-09,6.19750252401704e-10,4.12058489484936e-10,1.15907613144521e-09,5.8494434986238e-10,1.08682011130571e-09,5.45829097243332e-10,3.51789881371157e-10,3.37669815793576e-10,4.94662367509334e-10,4.42521691602271e-10,4.61702536338535e-10
1.11597098799707e-09,2.61914765498359e-09,8.51419972115672e-09,2.02982307337983e-09,5.66936162793959e-09,4.75251521689403e-09,3.13980301321381e-09,8.89691833518759e-09,2.44760816665335e-09,6.39655950129259e-09,6.21785090416058e-09,4.19348741994014e-09,1.00352731962687e-08,2.51530002774968e-09,1.14472363704921e-09,7.00518829007948e-09,2.07624958810664e-09,6.16223213308851e-09,2.20288136732023e-09,1.00735764068403e-09,1.64404760082812e-09,1.81991193177165e-09,9.0253330831888e-10,1.55397498139085e-09,8.77791564923517e-10,1.43236171414519e-09,4.02172753286003e-10,7.86462313224654e-10,1.4963793507339e-09,7.50769497160288e-10,1.26096448597309e-09,3.54058301792689e-10,2.17799193833003e-10,1.31729495926167e-09,3.50785580488435e-10,1.33498946260991e-09,3.18789778595542e-10,1.95583505233579e-10,1.35835252416105e-10,3.0663469543322e-10,1.90478713345954e-10,2.94058961826893e-10,1.81046877740371e-10,1.09698966663846e-10,9.95225392788951e-11,1.77819236770825e-10,1.31156679364828e-10,1.70571102109936e-10,7.41430711581353e-10,2.4408153167381e-09,6.6675379182405e-09,1.49117757814545e-09,4.45730406034443e-09,3.05851806447427e-09,2.5812536729015e-09,6.97397562864741e-09,1.83787902843469e-09,4.54118333345439e-09,4.72054630179983e-09,2.98903561741727e-09,7.97629744302735e-09,2.08507710420659e-09,8.56288558047315e-10,5.31698442708241e-09,1.56896195601074e-09,4.29294876577439e-09,1.74730973356604e-09,7.28762117598238e-10,1.35730581883874e-09,1.33558580095244e-09,7.05563083563699e-10,1.28861922357548e-09,6.3498833103778e-10,1.18251356358645e-09,5.04426369186038e-10,6.14727756127567e-10,1.17813607432865e-09,5.32650143686228e-10,1.04084943174578e-09,4.44093565819589e-10,2.18465376003529e-10,1.03701330334443e-09,4.09500435090094e-10,1.12164671253194e-09,4.04241230783632e-10,1.80214957886484e-10,2.22020653077687e-10,3.6187032478842e-10,1.99288055930455e-10,3.4967642973391e-10,1.74656296897464e-10,1.90770192804499e-10,1.69207266356807e-10,1.78333170590329e-10,2.07621117450506e-10,1.71966908957047e-10
1.69746042237202e-09,1.20232444622413e-09,2.38261883181574e-09,9.67847178809227e-10,2.10532066607746e-09,1.84115738493811e-09,1.35138368303077e-09,2.44729437293658e-09,9.16225983938514e-09,2.31312344239051e-09,6.08105545353898e-09,5.39771244229185e-09,2.51530002774968e-09,9.56204987707612e-09,2.98170837874927e-09,6.31345184590598e-09,6.76905112651517e-09,4.08487071119235e-09,8.37433185800462e-09,2.62104606749716e-09,1.01242738280811e-09,5.94555941178579e-09,2.02066714238354e-09,4.95934673224852e-09,2.28353516273321e-09,8.82059196013884e-10,1.42429413746331e-09,1.76048453885986e-09,8.23285461282914e-10,1.62562124871942e-09,7.76489485524143e-10,1.25371100464695e-09,4.43400872876001e-10,7.24746918009713e-10,1.17829016257262e-09,7.02096833603594e-10,1.1229980189975e-09,4.1272249849609e-10,2.20384324296283e-10,1.06030332873812e-09,4.12404289156834e-10,1.12639042450845e-09,3.83053835840375e-10,2.02946656591861e-10,1.76391780122706e-10,3.85788455715913e-10,1.85717796784363e-10,3.50197522376912e-10,1.04997719615155e-09,1.1871508409362e-09,1.84498268816705e-09,6.95222175782681e-10,1.85614320103443e-09,1.11855536525164e-09,1.34040744345356e-09,1.8270946290804e-09,6.39896631089742e-09,1.92760465023625e-09,4.10406644420172e-09,3.79181101138351e-09,1.92530993512926e-09,6.89707860980454e-09,2.29801570391004e-09,4.32908148151149e-09,4.40227001006241e-09,2.56931700770572e-09,5.98803008723631e-09,2.00944308662142e-09,6.19976079982015e-10,3.85841593782111e-09,1.33243834895412e-09,2.86220696004175e-09,1.75066392317014e-09,5.40137641489223e-10,1.26947517071755e-09,1.1608360115797e-09,6.65573083456396e-10,1.08155985257547e-09,4.75429097687898e-10,1.11745255237548e-09,5.3393743890536e-10,5.85847293051439e-10,1.0663623681954e-09,4.72881079170542e-10,1.01445302414291e-09,4.8054183080285e-10,2.58298386869556e-10,9.5344788550371e-10,5.12396324990946e-10,1.04321126556959e-09,4.380033576565e-10,2.61748456971951e-10,2.59630771048775e-10,4.95916794444997e-10,2.52498436938213e-10,4.5279540999921e-10
5.90344639234243e-10,2.43738996344089e-09,1.09676482104505e-09,1.88464232729067e-09,1.26012599695941e-09,9.34922305909821e-10,2.57833570522694e-09,1.11798440506826e-09,2.86149665512419e-09,1.36566625118143e-09,2.29808763509518e-09,2.26640305536855e-09,1.14472363704921e-09,2.98170837874927e-09,1.04360364892812e-08,2.39646151037326e-09,6.77694788525627e-09,5.76087704476499e-09,2.62113713817655e-09,9.11738469730819e-09,2.52789501891761e-09,5.91273556268324e-09,6.1435102812974e-09,3.55553342988488e-09,7.94314338228596e-09,2.20233907406545e-09,9.56966112845536e-10,5.35231373812893e-09,1.81619620049514e-09,4.68781950363522e-09,1.9386440207094e-09,8.42372750894346e-10,1.34480587178708e-09,1.59874431893411e-09,7.98903831000918e-10,1.49857888357656e-09,7.75708601963567e-10,1.21663663324246e-09,4.28129508212496e-10,7.32968191196432e-10,1.297252120228e-09,7.12291824570185e-10,1.11520351334304e-09,3.85227614052091e-10,3.12048079014345e-10,1.18089979527438e-09,3.78823981805702e-10,1.16508303728698e-09,3.86299414265975e-10,2.19520489240128e-09,9.22188312438014e-10,1.38109220245811e-09,1.00613528590291e-09,4.10747511225369e-10,2.20954557571491e-09,9.12881550080754e-10,2.01107419374324e-09,9.59208201692643e-10,1.34943187013914e-09,1.35537015151432e-09,7.13955808492331e-10,2.15945360491484e-09,7.56357061516232e-09,1.20493614274775e-09,4.58787806790895e-09,3.32363411237296e-09,1.87844207949439e-09,6.60017894151806e-09,1.61483526393354e-09,4.02068157281896e-09,4.14310613726651e-09,2.22180963204951e-09,5.7501057705154e-09,1.40685969100111e-09,7.14386714418717e-10,3.60948332104901e-09,1.01781667368093e-09,2.85640361758151e-09,1.2383261919477e-09,6.28871236910993e-10,1.30477971217191e-09,8.95896916160895e-10,7.35095351789125e-10,8.6876405506022e-10,5.71658716550227e-10,1.14131662863093e-09,5.32400105396696e-10,6.60940996237781e-10,1.2653491822861e-09,6.33048652123383e-10,1.0542005993151e-09,4.79742436931255e-10,3.83373991741514e-10,1.14932732327961e-09,5.33337414058037e-10,1.214887434167e-09
1.05910908439837e-09,2.28746417850911e-09,6.05185764669851e-09,1.68906711472087e-09,3.8010181478094e-09,3.02119116552174e-09,2.56679983132526e-09,6.21784919022694e-09,6.08137529071938e-09,4.21641248748147e-09,1.10028048751568e-08,8.15708090998808e-09,7.00518829007948e-09,6.31345184590598e-09,2.39646151037326e-09,1.21318713050771e-08,4.04774041511068e-09,8.95404013791054e-09,5.52772849687138e-09,2.10625643628738e-09,8.91424699071154e-10,3.55622758755965e-09,1.58870791390932e-09,2.80890066413967e-09,1.83521718778733e-09,7.76708589837344e-10,1.38074267824303e-09,1.38432202847301e-09,6.58616639989632e-10,1.20243184735994e-09,6.83919514641347e-10,1.21543027761623e-09,3.94563536154311e-10,5.79947930853316e-10,1.17660085029422e-09,5.45995676399341e-10,1.09720466342637e-09,3.69116021994181e-10,2.16433206983925e-10,1.06647118190559e-09,4.02258143340831e-10,1.11908424878219e-09,3.33205485967207e-10,1.89135863093871e-10,1.22566104723439e-10,3.72689018784433e-10,1.38528003814839e-10,2.99332502580166e-10,5.21850932594325e-10,2.00469751091875e-09,4.42504031845928e-09,1.17109197202099e-09,2.90137359472162e-09,1.60777501858202e-09,2.20727119864669e-09,4.55991031570584e-09,4.50358248332919e-09,3.09887695087569e-09,7.90761624214292e-09,5.83122511751871e-09,5.21026032481279e-09,4.88866621684032e-09,1.70611299364747e-09,8.6163750592049e-09,2.79799316229124e-09,5.6801701564241e-09,4.19335194870207e-09,1.52033643989708e-09,6.17531647140934e-10,2.45379981817443e-09,1.00298053444253e-09,1.84160114655135e-09,1.32463961975069e-09,5.38039091857234e-10,1.13339946766418e-09,8.73853211395207e-10,5.32205037369139e-10,7.70540946533903e-10,4.7357030278849e-10,9.97757678078004e-10,4.44555036849706e-10,4.68458489747514e-10,9.97650131943238e-10,4.14243838313897e-10,9.05098461604031e-10,4.00136136997934e-10,2.79578789419394e-10,8.96359716809431e-10,4.40141479888625e-10,9.527624771217e-10,3.50605536998414e-10,2.57258605341503e-10,1.72302654159774e-10,3.99436694924471e-10,2.33242644189171e-10,3.06148622179966e-10
1.69334836389451e-09,1.29813414614752e-09,1.97576542640314e-09,9.39830087914412e-10,1.81562539674187e-09,1.52311587325472e-09,1.39852961369389e-09,2.00467138034075e-09,6.48196210033102e-09,1.92786270312831e-09,3.84222061667042e-09,3.32169135026173e-09,2.07624958810664e-09,6.76905112651517e-09,6.77694788525627e-09,4.04774041511068e-09,1.19219939731027e-08,8.12761005014627e-09,5.94573962061352e-09,5.91273072668198e-09,2.03758644104206e-09,1.04053859010876e-08,3.51847993764814e-09,7.04634574095404e-09,5.15138770368209e-09,1.77523449277979e-09,8.38362416883654e-10,3.06551889793822e-09,1.40301740891685e-09,2.53796470548349e-09,1.56282248043219e-09,7.38016818704707e-10,1.36628156717856e-09,1.23516807987753e-09,7.00386835899844e-10,1.1681216339903e-09,6.78845254150936e-10,1.24603070573102e-09,3.60968398677031e-10,6.39354917160744e-10,1.23730592383581e-09,5.98693526423787e-10,1.1343959117695e-09,3.23296672501451e-10,2.22845618342632e-10,1.11686240547644e-09,3.05516602187794e-10,1.07959525296513e-09,1.12119985445837e-09,1.26664339191451e-09,1.49263242436521e-09,5.16552475429665e-10,1.52384871768307e-09,8.57752797810963e-10,1.30588834003455e-09,1.46260836123236e-09,4.28833768206597e-09,1.51212968733064e-09,2.36284283219267e-09,2.06476482074258e-09,1.41882953638522e-09,4.65087776216443e-09,4.85382560003949e-09,2.42895036303837e-09,7.89092187608725e-09,5.05596447747393e-09,4.07357614128516e-09,4.2353999372191e-09,1.38626281127525e-09,6.92531742484001e-09,2.32069494950967e-09,4.40482034505485e-09,3.68998406206367e-09,1.20775180044887e-09,7.76909963116368e-10,2.02183692288715e-09,9.11222505510706e-10,1.5213097356494e-09,1.06306029274362e-09,6.83965575507e-10,1.23553382520131e-09,8.02073971257601e-10,6.78654198457893e-10,6.60386755771117e-10,6.40368281554893e-10,1.11695083170396e-09,5.2735467436169e-10,6.06383551027815e-10,1.18565908703999e-09,6.64464332935369e-10,1.02748480231716e-09,4.77459063502153e-10,3.37142507981687e-10,1.09375008584172e-09,4.14210380924725e-10,1.04486887008169e-09
9.33820219880268e-10,2.19812681968599e-09,5.28068166949618e-09,1.51840345997744e-09,3.28219899393352e-09,2.53956425582927e-09,2.481545495217e-09,5.415005592737e-09,3.89467974554928e-09,3.6631661290653e-09,7.97130799041415e-09,5.58778978844517e-09,6.16223213308851e-09,4.08487071119235e-09,5.76087704476499e-09,8.95404013791054e-09,8.12761005014627e-09,1.43034588073905e-08,3.58344236127361e-09,5.00496353628668e-09,1.77111792090142e-09,7.07102212782337e-09,2.90615226493972e-09,4.45998502952189e-09,4.36077647541282e-09,1.54318177150367e-09,7.49065753939792e-10,2.5322847433926e-09,1.13703407105829e-09,1.9611213900516e-09,1.35879332620917e-09,6.59492524915397e-10,1.32507183430327e-09,1.00124969302472e-09,6.23977244630404e-10,9.07443877618743e-10,6.12467612615766e-10,1.21685176727617e-09,3.43533164668626e-10,5.83559914063471e-10,1.23798600607826e-09,5.69750263105683e-10,1.10730549869593e-09,2.96309160248676e-10,1.25199170750602e-10,1.10935241313415e-09,2.41222487442249e-10,1.03114564652836e-09,3.95113588418495e-10,1.72184118988335e-09,3.76874298544832e-09,8.42943323843217e-10,2.320371713493e-09,1.26369772186164e-09,1.91710201251267e-09,3.93159351211943e-09,2.59893825635886e-09,2.49581177362587e-09,5.45273890560319e-09,3.59036674801801e-09,4.42318930871649e-09,2.90901454414845e-09,3.94344557619534e-09,5.96860849538346e-09,5.54189859634236e-09,9.36397024958686e-09,2.52043070514989e-09,3.4650201327701e-09,1.22024088374881e-09,4.81935166719484e-09,1.76887038174739e-09,3.03776473132803e-09,3.01894976344888e-09,1.06315795558121e-09,6.77386925550969e-10,1.54114526584618e-09,6.97401914931771e-10,1.09490002212632e-09,9.35770694201264e-10,5.96477623178633e-10,1.11618746958683e-09,6.13871238111764e-10,5.47644945885564e-10,4.91449099240643e-10,5.67654100619739e-10,1.00944934954842e-09,5.12622961266191e-10,5.06350580872348e-10,1.07232968002575e-09,5.5451080973179e-10,9.55396227441426e-10,4.27201101948815e-10,1.84535222868766e-10,9.68845246873343e-10,4.12429067829812e-10,8.28623508634909e-10
1.49609344159198e-09,1.0679911626211e-09,2.09542204066126e-09,8.53661497842281e-10,1.84979753987812e-09,1.62000025371723e-09,1.19448680358673e-09,2.14700715312489e-09,8.02674634740156e-09,2.02681269676753e-09,5.32933677974066e-09,4.72057479286513e-09,2.20288136732023e-09,8.37433185800462e-09,2.62113713817655e-09,5.52772849687138e-09,5.94573962061352e-09,3.58344236127361e-09,9.33797624478123e-09,2.69724227920974e-09,1.01395922566123e-09,6.58314043842945e-09,2.1033042380756e-09,5.57381968670390e-09,2.34982462493674e-09,8.83356447251999e-10,1.49017901030268e-09,1.83238863281203e-09,8.08128919692849e-10,1.68529823303147e-09,7.77540939354714e-10,1.3116734372426e-09,4.57135161149096e-10,7.11324767360238e-10,1.23201988162186e-09,6.82951833103337e-10,1.16347506455122e-09,4.21915900196776e-10,2.12055979847174e-10,1.09323852838053e-09,4.09673754025037e-10,1.13692881254239e-09,3.93048919318658e-10,1.97429370475338e-10,1.64147172706324e-10,3.83940129056341e-10,1.81231023248314e-10,3.49458262038687e-10,9.3158120011284e-10,1.04704026100544e-09,1.59215758184713e-09,6.11675231481991e-10,1.63668325553431e-09,9.55163581897855e-10,1.16767735888444e-09,1.57092937146093e-09,5.55434605223156e-09,1.70098611212474e-09,3.55310752625371e-09,3.28398417589634e-09,1.64568759094866e-09,5.98808691297147e-09,2.00923793071463e-09,3.74017981674174e-09,3.85825031833319e-09,2.23637859117266e-09,6.76389076246225e-09,2.06081055539991e-09,6.83026305781262e-10,4.39356150079064e-09,1.42542261704217e-09,3.34130773257664e-09,1.79536833888986e-09,5.95049263900251e-10,1.28609042904303e-09,1.2418213937566e-09,6.2423176182127e-10,1.18441782927422e-09,5.23769498773294e-10,1.13203222029345e-09,5.22446056624292e-10,5.49456283441939e-10,1.09589867140436e-09,4.79099306711766e-10,1.01391730107623e-09,4.74629719044074e-10,2.50451374669939e-10,9.55855609588116e-10,5.2777869120258e-10,1.04046295955228e-09,4.29243837175814e-10,2.51902730894419e-10,2.28461849313812e-10,5.05059507636341e-10,2.25141536448002e-10,4.3377380014258e-10
