5.09881992449335e-08,1.38372561974778e-08,7.46440309820481e-09,4.31755722775364e-08,1.31642221493941e-08,4.28530681720382e-08,1.19898123640675e-08,6.50085264596971e-09,7.20787100301215e-09,1.13133945986944e-08,7.72169591312556e-09,1.25448809344077e-08,5.23927637367002e-09,6.04457710079865e-09,3.25088014115163e-09,6.14666582183253e-09,6.35818959384013e-09,6.16722359991351e-09,4.88427559265112e-09,2.76037972658695e-09,2.47930679552086e-09,5.15507431640931e-09,3.21326985927607e-09,5.48686754362032e-09,2.45630219896052e-09,2.07353380657174e-09,1.89423042730567e-09,2.74641886317153e-09,2.29176245364416e-09,2.94131917589561e-09,1.89751699795231e-09,1.61346072586539e-09,1.56969505094038e-09,1.99423285361241e-09,2.01125323936527e-09,2.29585539790028e-09,1.43648120322699e-09,1.27530244982228e-09,1.39697065231809e-09,1.70699972734015e-09,1.66877707639e-09,1.94496072422931e-09,1.53651814904423e-08,6.04214452367874e-09,2.24895788154088e-09,1.45408716545616e-08,5.61751593771076e-09,1.31158508194942e-08,5.33723989984328e-09,1.96570134542517e-09,2.7629671338954e-09,4.94104536147967e-09,2.42725381958614e-09,4.79061875386248e-09,1.53660499347749e-09,2.45401436622108e-09,1.04910577848051e-09,2.2150256494853e-09,3.30018710292331e-09,1.92060173173392e-09,1.96147671263459e-09,9.70227339736026e-10,5.0790708150535e-10,2.51131825709477e-09,7.00106623648192e-10,1.74815226740601e-09,8.71182787317015e-10,1.80388497480101e-10,6.2521181346125e-10,6.6680414869569e-10,7.24971080965686e-10,9.56569101355897e-10,3.41586058243395e-10,6.145709571738e-10,6.14946418631928e-10,5.64014250296456e-10,8.08878036740994e-10,8.26035406497133e-10,6.20224270739151e-10,5.65672386149948e-10,5.22774786830356e-10,7.77537675642673e-10,7.40988258382432e-10,7.95608047270306e-10
1.38372561974778e-08,3.00420473645166e-08,1.25899857538967e-08,2.43324858900104e-08,2.36036834605483e-08,1.95032823456418e-08,2.58634571850145e-08,1.0781928031186e-08,6.26097926492443e-09,2.02533718850389e-08,1.1002997771377e-08,2.03154785294694e-08,8.55303465096347e-09,5.11548614250939e-09,5.41872718310856e-09,8.82203940023853e-09,5.34160338616235e-09,8.69960859250841e-09,4.12028635947472e-09,4.68329621482938e-09,2.45938153814005e-09,4.34027809445865e-09,5.14861832120654e-09,4.44615207018219e-09,3.92499359031433e-09,2.0767540489329e-09,2.02996053963491e-09,4.28865780376846e-09,2.13332371115873e-09,4.69188271498921e-09,1.80887349924461e-09,1.55991524085655e-09,1.31615285339962e-09,1.78648323550165e-09,1.79893770852837e-09,2.09115520312274e-09,1.32433986461681e-09,1.05025735150301e-09,1.015615560729e-09,1.49291363733518e-09,1.15134464575191e-09,1.59097575668513e-09,5.18180170846117e-09,1.31277582483306e-08,5.20775835043138e-09,9.71898424062908e-09,1.09950986498917e-08,8.48008417406714e-09,1.12892436989287e-08,4.49495856180723e-09,2.77017986120553e-09,9.28839354746139e-09,4.38942691137335e-09,8.93939641434988e-09,3.72100477133134e-09,2.34988164955396e-09,2.3535447279936e-09,3.89777529818982e-09,2.72098306905756e-09,3.70784504829317e-09,1.72708688254361e-09,2.27844565585524e-09,6.67622712047397e-10,2.27612708973168e-09,2.41434978884894e-09,1.95236761654232e-09,1.92773204271543e-09,5.10095508211455e-10,7.92970942266883e-10,2.19424174799082e-09,1.02799405219376e-09,2.18666761780205e-09,5.04325470903043e-10,6.48100993987814e-10,6.57609153894705e-10,8.18614161676232e-10,5.21823559862194e-10,7.89834362625117e-10,6.33184714106537e-10,5.50576064265456e-10,3.51787184331394e-10,4.4051765527086e-10,4.67074601261374e-10,4.43446046192835e-10
7.46440309820481e-09,1.25899857538967e-08,3.17218937170126e-08,1.24871534809877e-08,2.41159496959949e-08,2.34912663813231e-08,1.07842438225032e-08,2.62496655386991e-08,1.23136594252969e-08,2.00743120157169e-08,2.2263466737099e-08,1.69455316706886e-08,2.12068900615627e-08,1.00152162004425e-08,4.86635170973417e-09,1.79547835121361e-08,9.04698377554155e-09,1.6731376771082e-08,7.78946443777837e-09,3.73384811643956e-09,3.83899401745584e-09,6.89309548169694e-09,3.87480381061455e-09,6.82419334841376e-09,2.92789767293017e-09,3.30154206830796e-09,2.03846381264878e-09,2.98894025771568e-09,3.66620949674664e-09,3.33555778009753e-09,2.92056363712072e-09,1.81746481666852e-09,1.44981765369086e-09,3.27342329414826e-09,2.0726364519695e-09,3.31185710661354e-09,1.4570819479339e-09,1.1538452361451e-09,9.43844993490411e-10,1.67953590316170e-09,1.12516371350651e-09,1.72834577453333e-09,2.75099641737212e-09,5.2506095166178e-09,1.33148527365853e-08,5.54777291798114e-09,9.25099074977315e-09,9.61810133590504e-09,4.66819172654776e-09,1.14694160952029e-08,6.11786131861026e-09,8.05304859690466e-09,9.96949346807052e-09,7.27637225138773e-09,9.36207679516715e-09,5.20027601417327e-09,2.30810729729983e-09,8.48605140031886e-09,4.60386561261921e-09,7.76337457807896e-09,3.91952013216802e-09,1.8705834984596e-09,1.09509128023979e-09,3.60125715386907e-09,1.79492129812896e-09,3.09377140430361e-09,1.49977349036162e-09,7.54147476597233e-10,5.66372540530517e-10,1.52381313598492e-09,1.02083210117435e-09,1.37663620768347e-09,6.01166438961105e-10,6.00141940725998e-10,5.77204032941092e-10,9.51573774829305e-10,6.53194625938752e-10,6.72076080523106e-10,5.01387633871344e-10,5.57282434141101e-10,4.03216108407297e-10,6.68812683374164e-10,8.13270028687196e-10,9.64953425768521e-10
4.31755722775364e-08,2.43324858900104e-08,1.24871534809877e-08,5.92433396102813e-08,1.9637977911064e-08,5.2620156866351e-08,2.0900732673037e-08,1.08146539049755e-08,6.88032663345174e-09,1.68115463301066e-08,1.17108508403746e-08,1.76389322285121e-08,8.71347494866669e-09,5.7039494843526e-09,5.64049192576531e-09,9.50686619163333e-09,5.78342338694324e-09,9.49322312302419e-09,4.56110444802506e-09,4.95962872331685e-09,3.18627780231647e-09,4.6959480687305e-09,5.87893897488153e-09,5.07734198410511e-09,4.33381872372815e-09,2.66594037967736e-09,2.38895935265344e-09,4.90043864257645e-09,2.85824383546737e-09,5.09409852459029e-09,2.38690714036923e-09,1.8630928607746e-09,1.89818255408027e-09,2.44879680402472e-09,2.31076103342607e-09,2.78252300187356e-09,1.63103028033406e-09,1.53600176808922e-09,1.47568449553671e-09,1.94151570417284e-09,1.71447174669064e-09,2.13814663563481e-09,1.10424355761025e-08,1.01382971069099e-08,5.11297320092365e-09,1.93798143602161e-08,9.12148956757879e-09,1.83781933674226e-08,8.81640180793384e-09,4.52641770880955e-09,2.23366492559318e-09,7.88643560815427e-09,3.94376678831071e-09,6.98436641670395e-09,3.68328925584988e-09,2.0412256454577e-09,1.79390347247408e-09,3.58674507162077e-09,2.71667539712552e-09,3.63027145851668e-09,1.76427673603073e-09,1.79480233302527e-09,6.65680900487185e-10,2.27603216667417e-09,1.66194217851777e-09,1.64182328284025e-09,1.60072623321431e-09,5.29338690205398e-10,7.28487503924866e-10,1.7471764138547e-09,9.77359836284561e-10,2.01991716428195e-09,6.62189932188966e-10,6.36715464067986e-10,8.79211052172874e-10,7.41175434250595e-10,7.83869760303491e-10,9.19677966227194e-10,6.73259787491647e-10,7.58018189614466e-10,4.00099044136915e-10,6.6982428359517e-10,8.57432278375666e-10,6.43520394203774e-10
1.31642221493941e-08,2.36036834605483e-08,2.41159496959949e-08,1.9637977911064e-08,3.83161972804322e-08,3.25659205199566e-08,2.02553685575553e-08,2.00732681383922e-08,1.08051754071614e-08,3.21266898424314e-08,1.68512143403481e-08,2.74084731059696e-08,1.61903680253522e-08,8.80770525153478e-09,4.81994886388566e-09,1.37203368920169e-08,8.29169832024223e-09,1.28199089785022e-08,6.94333309367037e-09,3.79588521190306e-09,4.13396932383451e-09,6.39794448765956e-09,4.17936654430213e-09,6.4711660268834e-09,2.96744208633271e-09,3.55958410742326e-09,2.28357047747234e-09,3.19888649555667e-09,3.92819392439901e-09,3.46489530777117e-09,3.16609839826374e-09,1.98245424217751e-09,1.68527734368114e-09,3.50661611607658e-09,2.29642348303557e-09,3.60470902898066e-09,1.6269090496825e-09,1.33425243427178e-09,1.15979096035475e-09,1.85143496755183e-09,1.46006177739126e-09,2.03046015191562e-09,5.01853432034771e-09,1.03093636516185e-08,1.04269475950359e-08,8.19006740496002e-09,1.62293936028401e-08,1.36438428306681e-08,8.94757108126641e-09,8.73951152214561e-09,5.37450334744969e-09,1.3613211743028e-08,7.38851386770549e-09,1.22026610797662e-08,7.17082866909121e-09,4.42087878864598e-09,2.32260382798368e-09,6.38418574901482e-09,4.26087233272627e-09,6.17890738472744e-09,3.33529113395067e-09,1.69385482838098e-09,1.17814052024248e-09,3.18567123686807e-09,1.5545772171883e-09,2.43875878275476e-09,1.36977762158061e-09,8.17594150444889e-10,7.3079068646525e-10,1.28285144359306e-09,1.3296921856486e-09,1.59251218856543e-09,7.1880383813589e-10,7.04135146731724e-10,8.64418561480608e-10,1.20454691758528e-09,7.67338362437033e-10,9.82190687958923e-10,6.53962132560046e-10,7.40054842967202e-10,6.17294130187578e-10,6.88975198676336e-10,9.63582797493099e-10,9.19877851165559e-10
4.28530681720382e-08,1.95032823456418e-08,2.34912663813231e-08,5.2620156866351e-08,3.25659205199566e-08,7.34478643178106e-08,1.67257866438795e-08,1.98547188379825e-08,1.11212436535974e-08,2.7320585483807e-08,1.74888622274024e-08,2.43463838566731e-08,1.62185376676078e-08,9.20984805233646e-09,5.40017372027327e-09,1.43465270312145e-08,8.83190312233283e-09,1.37230442052305e-08,7.29124589802757e-09,4.41006259255768e-09,5.02706203580011e-09,6.98784763103146e-09,5.06055352519409e-09,7.16877764440475e-09,3.62584027325924e-09,4.40983523475459e-09,2.92021959749626e-09,3.98235150633314e-09,4.74315748521475e-09,4.3195020320218e-09,3.91672804461352e-09,2.50608011116437e-09,2.36714990308153e-09,4.15630921630959e-09,3.16238510179644e-09,4.45725168590812e-09,2.12524913132946e-09,1.92117142475553e-09,1.72296298716328e-09,2.54999947122415e-09,2.06110638547766e-09,2.65881522985198e-09,1.05367277841069e-08,8.00188261579769e-09,9.15626886192042e-09,1.78003722548273e-08,1.34711006532702e-08,2.44741780330632e-08,7.08610652233806e-09,8.0604707601265e-09,5.02826269558076e-09,1.17611240813898e-08,7.1889634462071e-09,1.02553751425786e-08,6.55870325223086e-09,4.42182564664231e-09,2.25514796343897e-09,6.41342610085527e-09,4.71705787760712e-09,6.04673521904039e-09,3.54061087637337e-09,1.82190542476453e-09,1.08637413079877e-09,3.57390886441895e-09,1.57558134497147e-09,2.64367108040346e-09,1.4669665577001e-09,7.51236274196274e-10,8.19619019304931e-10,1.54786560082721e-09,1.24532181833187e-09,1.61996190753127e-09,7.61283503536725e-10,8.93360428546392e-10,1.06061952807982e-09,1.11028013553484e-09,1.2155727152336e-09,1.28515497411498e-09,8.83834203816445e-10,8.19007057821054e-10,6.18298607749277e-10,9.5915126529e-10,1.33366223460126e-09,1.35341415862215e-09
1.19898123640675e-08,2.58634571850145e-08,1.07842438225032e-08,2.0900732673037e-08,2.02553685575553e-08,1.67257866438795e-08,3.07814542299943e-08,1.25854170289359e-08,7.3533374518187e-09,2.44706832102961e-08,1.28184444796507e-08,2.45706604763655e-08,9.86462796424934e-09,6.00602853144979e-09,6.10098599147416e-09,1.01763441494713e-08,6.258938689675e-09,1.00726277163687e-08,4.91728057231225e-09,5.26467472889302e-09,2.83745549574097e-09,5.12904470363368e-09,5.80627830578989e-09,5.19023103011377e-09,4.43305896822142e-09,2.40908442907078e-09,2.29442737525016e-09,4.84235104044885e-09,2.51813296029837e-09,5.24408754030085e-09,2.06300133623565e-09,1.72976942654218e-09,1.58878540769123e-09,2.10822063736172e-09,2.02744328058878e-09,2.47627286697371e-09,1.47636101290627e-09,1.27805720985026e-09,1.18082332627155e-09,1.67669373968159e-09,1.38987098969523e-09,1.7722815424021e-09,4.68229492538365e-09,1.12883198696985e-08,4.49447993539034e-09,8.49176679082094e-09,9.28753783108131e-09,7.31621457559951e-09,1.37571963771393e-08,5.18430913998294e-09,3.06982362919618e-09,1.17363422559093e-08,4.86456811029159e-09,1.11995661147093e-08,4.11058111217103e-09,2.60318464812087e-09,2.72649844236989e-09,4.22899270831951e-09,3.02345480255709e-09,4.07494057417831e-09,1.95603850560395e-09,2.51125466579762e-09,7.98168988045015e-10,2.54213505405178e-09,2.71139930330384e-09,2.02687148140047e-09,2.18576853050194e-09,5.70089214434674e-10,8.40913129132116e-10,2.40923685519726e-09,1.23214620082422e-09,2.41849588468413e-09,5.04161229598368e-10,7.2732002894178e-10,8.28068588372026e-10,9.82317891409522e-10,7.04863180521186e-10,1.00435313962041e-09,6.65256516666298e-10,6.6726008205377e-10,4.22223730281928e-10,5.72237547173579e-10,5.62465270676892e-10,5.23809950563602e-10
6.50085264596971e-09,1.0781928031186e-08,2.62496655386991e-08,1.08146539049755e-08,2.00732681383922e-08,1.98547188379825e-08,1.25854170289359e-08,3.07474608234812e-08,1.42022003140494e-08,2.34466562780779e-08,2.59739125459916e-08,1.98405418311881e-08,2.4643763279405e-08,1.14916117395546e-08,5.68659309491011e-09,2.08331514534882e-08,1.03852912809209e-08,1.9456012464869e-08,8.99090229124385e-09,4.42128340022901e-09,4.45078358297616e-09,7.98683368883469e-09,4.58110080696179e-09,7.85522044821222e-09,3.55331685797164e-09,3.77320226681346e-09,2.28639005737928e-09,3.61224129446672e-09,4.20004080793725e-09,3.87264716898232e-09,3.27406974817425e-09,1.98673262311854e-09,1.68514533807189e-09,3.70303569652741e-09,2.33122449324048e-09,3.84678068070088e-09,1.61328629143777e-09,1.36764548527512e-09,1.11808163159833e-09,1.91348016427528e-09,1.36559775461936e-09,1.94843944421934e-09,2.48307655856128e-09,4.66592841484464e-09,1.14673356643928e-08,5.05230820427615e-09,8.05021370688527e-09,8.41254189431919e-09,5.2331519928384e-09,1.37457603012141e-08,6.86733908586284e-09,9.58186043488534e-09,1.18787637361379e-08,8.4803089607086e-09,1.11373387489701e-08,5.73983817579935e-09,2.74783951452352e-09,9.9330558078591e-09,5.2996363266076e-09,9.35343891853755e-09,4.33663051365112e-09,2.24995626189502e-09,1.43627706250156e-09,4.17084082343304e-09,2.16511884115572e-09,3.30154202973236e-09,1.83042255400141e-09,9.3588131188093e-10,6.2827311329719e-10,1.79967707610786e-09,1.29677313720952e-09,1.39713042632325e-09,7.47688204701984e-10,6.9380219907026e-10,8.14418301896414e-10,1.23809974919532e-09,8.08272724114267e-10,9.93895227054715e-10,5.93912471610671e-10,7.79043608307167e-10,4.94321049711767e-10,8.16521022467717e-10,9.57359841263015e-10,1.00124594791111e-09
7.20787100301215e-09,6.26097926492443e-09,1.23136594252969e-08,6.88032663345174e-09,1.08051754071614e-08,1.11212436535974e-08,7.3533374518187e-09,1.42022003140494e-08,4.35420060387758e-08,1.25991255514706e-08,3.33556709063285e-08,3.06479961948859e-08,1.1491878127724e-08,3.46598688825097e-08,1.37732621024273e-08,2.66029497033858e-08,2.52880328778961e-08,1.85096741672974e-08,2.74791629736967e-08,1.04851855188846e-08,5.96842162190769e-09,1.93439155909459e-08,9.90382606139892e-09,1.83295466062797e-08,7.84695922377722e-09,4.57748522577417e-09,6.29461677837052e-09,7.32441199054317e-09,4.89560599480346e-09,7.529107038335e-09,3.73263879327548e-09,5.32815539585069e-09,2.47917800875571e-09,3.83127673155735e-09,5.8687524066059e-09,4.23195301421143e-09,4.53235680628953e-09,2.00248640360746e-09,1.6941618859624e-09,4.9802442930306e-09,2.18455614397282e-09,5.24168109632361e-09,3.26596314834758e-09,2.79884115463812e-09,5.17334279005579e-09,2.25747600881509e-09,4.36128365285593e-09,4.67626631388385e-09,3.35218585312423e-09,6.19849415869889e-09,1.76431926909523e-08,5.35944612168489e-09,1.30208293940541e-08,1.21338975136702e-08,4.95334057591178e-09,1.4766895157754e-08,6.28524575437614e-09,1.08736164816206e-08,1.21599704820573e-08,8.76445753239077e-09,1.11089668202762e-08,5.11017099705272e-09,2.30854986886233e-09,9.05407327403301e-09,4.65251909299218e-09,7.75802298320327e-09,4.10619270370758e-09,1.61675594911712e-09,1.59155153513156e-09,3.62480477844343e-09,1.799257273799e-09,3.55357971566321e-09,1.17769248072057e-09,1.45605124794279e-09,8.41499641251168e-10,1.35423142994945e-09,1.82981860159744e-09,1.72888758856562e-09,1.32304706470179e-09,7.59317629936903e-10,6.69175734794922e-10,1.75601470305127e-09,8.16864145273099e-10,1.86582379208973e-09
1.13133945986944e-08,2.02533718850389e-08,2.00743120157169e-08,1.68115463301066e-08,3.21266898424314e-08,2.7320585483807e-08,2.44706832102961e-08,2.34466562780779e-08,1.25991255514706e-08,3.84329511977517e-08,1.97302412934031e-08,3.30133894494487e-08,1.87109190026828e-08,1.01463404808931e-08,5.55088774685955e-09,1.586974875639e-08,9.55762429244472e-09,1.49009822376144e-08,8.07643424788666e-09,4.44410243338173e-09,4.84077814775166e-09,7.46559341189605e-09,4.89355480292227e-09,7.44824705963392e-09,3.58081178309278e-09,4.17693337469202e-09,2.602923219571e-09,3.85227595011024e-09,4.58450174651763e-09,4.09476568472171e-09,3.66730139980542e-09,2.1941098222015e-09,1.97949699901326e-09,4.0657601453495e-09,2.57570962175664e-09,4.23585539739652e-09,1.82452467735908e-09,1.58677733251767e-09,1.38813712782041e-09,2.09041731486766e-09,1.73989083042459e-09,2.24407884603535e-09,4.41077089845547e-09,8.94520322686683e-09,8.73750202921345e-09,7.3461527016014e-09,1.36103817773635e-08,1.16022260012124e-08,1.09603099431459e-08,1.01483414607668e-08,5.86410604509866e-09,1.68425506285908e-08,8.38734035452724e-09,1.51531449201453e-08,8.19130318382722e-09,4.80591383124779e-09,2.67788846301591e-09,7.12013649602451e-09,4.86205257422309e-09,7.02324315136833e-09,3.58275797017361e-09,1.96906360776732e-09,1.5218799082528e-09,3.65123658776455e-09,1.78449460971801e-09,2.51898109686944e-09,1.62732078555211e-09,1.00240663846405e-09,9.0161032523134e-10,1.43749874542326e-09,1.66656957960356e-09,1.70346598679317e-09,8.5510335188655e-10,8.64028344377991e-10,1.07698326667723e-09,1.52533736671411e-09,9.69809814937947e-10,1.2564202591779e-09,7.58358190875527e-10,9.15307292325683e-10,6.98439781480021e-10,8.63226015313627e-10,1.10816520635460e-09,9.79503231861635e-10
7.72169591312556e-09,1.1002997771377e-08,2.2263466737099e-08,1.17108508403746e-08,1.68512143403481e-08,1.74888622274024e-08,1.28184444796507e-08,2.59739125459916e-08,3.33556709063285e-08,1.97302412934031e-08,5.11681200648881e-08,4.139045477579e-08,2.08338477536263e-08,2.66034146848557e-08,1.24541723541924e-08,4.0807845053103e-08,1.87014240650273e-08,3.068041255675e-08,2.10634107043259e-08,9.43579212838764e-09,5.98220724097465e-09,1.41139220262397e-08,8.97756010344467e-09,1.34406375422761e-08,7.12077035059732e-09,4.6890120403953e-09,6.84962712742968e-09,6.65022798015664e-09,4.89226314328812e-09,6.8437371037359e-09,3.83043665837707e-09,5.70756917143721e-09,2.50236364612427e-09,3.89831895301723e-09,6.38556166738013e-09,4.34983819742521e-09,4.85874704844408e-09,1.99256539917432e-09,1.71388576951529e-09,5.37674349406373e-09,2.11825232051878e-09,5.48564840569206e-09,2.64512029673509e-09,4.46893743195115e-09,9.50239742613759e-09,5.02527268125334e-09,6.96561916127004e-09,7.93870621773396e-09,5.14506526355666e-09,1.15519223711182e-08,1.39791065313319e-08,8.20942222775678e-09,2.17053224644214e-08,1.69519913568732e-08,9.7881450313317e-09,1.14448524326272e-08,5.65658431503299e-09,1.8260726948505e-08,8.94101335232181e-09,1.46459408339325e-08,8.68521888709664e-09,4.47687114042644e-09,2.5532054850796e-09,6.74074981583383e-09,4.12757700961111e-09,5.98653187313205e-09,3.53935132412893e-09,1.77241123110607e-09,2.03664184559453e-09,3.11291231949042e-09,2.15080294412882e-09,3.06537142016696e-09,1.33954491559478e-09,1.79989282328413e-09,9.05211250900358e-10,1.67799994094599e-09,1.98375671888471e-09,1.73598447818337e-09,1.67947285819604e-09,7.97606291687462e-10,4.99866846341372e-10,1.96740747304419e-09,8.76019151053955e-10,2.13458157265751e-09
1.25448809344077e-08,2.03154785294694e-08,1.69455316706886e-08,1.76389322285121e-08,2.74084731059696e-08,2.43463838566731e-08,2.45706604763655e-08,1.98405418311881e-08,3.06479961948859e-08,3.30133894494487e-08,4.139045477579e-08,5.90003660139088e-08,1.59300046796717e-08,2.45460946776569e-08,1.22016816627928e-08,3.32142724071532e-08,1.74998922924203e-08,2.46263826610581e-08,1.95681026295918e-08,9.31800348960053e-09,6.38008880902044e-09,1.3322790743377e-08,9.12140542778128e-09,1.27461993467716e-08,7.07737943567415e-09,4.96038502869962e-09,7.25214568627621e-09,6.73472963981435e-09,5.20383568246235e-09,7.04759981915076e-09,4.02784516384374e-09,5.92834103909502e-09,2.97085851760045e-09,4.09493086222802e-09,6.65174471309751e-09,4.68980868938929e-09,5.07043817784684e-09,2.3715552354536e-09,1.88376590504546e-09,5.63643549162438e-09,2.53670440181111e-09,5.80176749362764e-09,4.51559211601426e-09,8.6243407298271e-09,7.11245707866076e-09,7.39579554076269e-09,1.18716627133321e-08,1.07165364976829e-08,1.07622332949759e-08,8.27117914089159e-09,1.24933569323146e-08,1.4786284469472e-08,1.76507179299589e-08,2.54857209162229e-08,6.92147831642924e-09,1.01201725614294e-08,5.65692138323103e-09,1.46026043580385e-08,8.34386426982881e-09,1.16654807126656e-08,7.80984382749423e-09,4.33436935041799e-09,2.60767341228348e-09,6.23148796596534e-09,3.78149608882274e-09,5.28491071785553e-09,3.45600384521846e-09,1.78131351811056e-09,2.38358144923217e-09,2.85838673868282e-09,2.42395416774383e-09,3.2849349000513e-09,1.38480292963463e-09,2.1080956500321e-09,1.11358193633316e-09,1.86114353953212e-09,2.23062241685344e-09,1.77365676762978e-09,1.91781004189765e-09,9.30088335196737e-10,7.89547466900113e-10,2.09159229949952e-09,1.1998584761307e-09,2.34053641348588e-09
5.23927637367002e-09,8.55303465096347e-09,2.12068900615627e-08,8.71347494866669e-09,1.61903680253522e-08,1.62185376676078e-08,9.86462796424934e-09,2.4643763279405e-08,1.1491878127724e-08,1.87109190026828e-08,2.08338477536263e-08,1.59300046796717e-08,2.93349926839168e-08,1.35024210879721e-08,6.62746895639337e-09,2.47431967687281e-08,1.24354297669608e-08,2.34792974001502e-08,1.04671026020742e-08,5.06894783096993e-09,4.99679338589929e-09,9.52063775947696e-09,5.24549675991408e-09,9.3020210498496e-09,4.04219156623174e-09,4.16583661319425e-09,2.7792715918696e-09,4.13280132234046e-09,4.74052773987532e-09,4.45139334043254e-09,3.55639668176612e-09,2.2887966773906e-09,1.99555573111888e-09,4.04578811168259e-09,2.76645464547847e-09,4.28648220587992e-09,1.87260373830338e-09,1.60239352762205e-09,1.32758476095078e-09,2.27004943117591e-09,1.61776593733688e-09,2.31609778514013e-09,2.14791159403433e-09,3.78519153023559e-09,9.35403541651258e-09,4.01389882289769e-09,6.71789378076732e-09,7.10497299336555e-09,4.23408557771923e-09,1.11345928144358e-08,5.73737129462325e-09,7.97861918714172e-09,9.93294264638964e-09,7.23826765389428e-09,1.34172210790152e-08,7.12440167235196e-09,2.9835570596569e-09,1.1713389261174e-08,6.96237293260249e-09,1.15218384771826e-08,5.34247604719035e-09,2.4146104705858e-09,1.63552338938635e-09,5.52494232746083e-09,2.41888200696336e-09,4.27714951947904e-09,1.9433648207053e-09,1.07673563050691e-09,5.32507608764412e-10,1.97023751312127e-09,1.51464789237289e-09,1.4823825179997e-09,8.02301270191058e-10,6.88956190858619e-10,1.01197487198348e-09,1.35816776820492e-09,8.5540624190172e-10,1.23389870300519e-09,5.68209569745929e-10,9.06924609459763e-10,5.09822510412184e-10,8.43819206159468e-10,9.89916643033351e-10,9.0354747197104e-10
6.04457710079865e-09,5.11548614250939e-09,1.00152162004425e-08,5.7039494843526e-09,8.80770525153478e-09,9.20984805233646e-09,6.00602853144979e-09,1.14916117395546e-08,3.46598688825097e-08,1.01463404808931e-08,2.66034146848557e-08,2.45460946776569e-08,1.35024210879721e-08,4.07037353476837e-08,1.61475354299235e-08,3.14701169217548e-08,2.98130071061292e-08,2.22104308809365e-08,3.19000715059582e-08,1.20918595119477e-08,6.79526905117031e-09,2.25191080489701e-08,1.13582550145679e-08,2.11433859446267e-08,9.13438781486564e-09,5.2518374645108e-09,7.34237884457556e-09,8.47505651202306e-09,5.84332618745746e-09,8.83137496622573e-09,4.23483285134149e-09,6.19459001403136e-09,2.95067678703854e-09,4.54339815721437e-09,6.80147126780846e-09,4.91362440445375e-09,5.30295880739028e-09,2.44035880074217e-09,1.96588983320777e-09,5.79896186696707e-09,2.62585077747097e-09,6.04446326224526e-09,2.61701500114462e-09,2.3777874530427e-09,4.15158894938472e-09,1.91160726172192e-09,3.25808834908952e-09,3.89635282888464e-09,2.92417516112139e-09,4.94974923924321e-09,1.47635793547738e-08,4.01317200582965e-09,1.08733048185106e-08,9.59961504045764e-09,6.20511891137659e-09,1.81769424120906e-08,7.92894779094147e-09,1.3297731286433e-08,1.52373966001862e-08,1.09610678155345e-08,1.36175897849856e-08,6.4497587836639e-09,2.5566401543438e-09,1.15635515059118e-08,5.54447896496976e-09,9.81879182615526e-09,5.16531101945211e-09,1.7246890074805e-09,1.92793485234889e-09,4.18589251677536e-09,2.22849550179586e-09,4.5098565948887e-09,1.27127552938954e-09,1.67763626695755e-09,1.11214952174035e-09,1.66616300085948e-09,2.10071399011528e-09,2.20190975722153e-09,1.48389766360147e-09,1.02531396244892e-09,6.46993692612833e-10,1.99882298398496e-09,9.70573145205939e-10,1.98339028682376e-09
3.25088014115163e-09,5.41872718310856e-09,4.86635170973417e-09,5.64049192576531e-09,4.81994886388566e-09,5.40017372027327e-09,6.10098599147416e-09,5.68659309491011e-09,1.37732621024273e-08,5.55088774685955e-09,1.24541723541924e-08,1.22016816627928e-08,6.62746895639337e-09,1.61475354299235e-08,3.73760034163131e-08,1.45201925309459e-08,2.92587744329409e-08,2.67618987258828e-08,1.20942562699744e-08,2.87957645139337e-08,1.17516889528955e-08,2.2191828138458e-08,2.18099177158008e-08,1.63987394852652e-08,2.23833786783853e-08,8.94667511796009e-09,5.70404125796412e-09,1.65306818105698e-08,8.94802123225786e-09,1.63235631324819e-08,7.20947946021852e-09,4.40535419259041e-09,5.33753172847547e-09,6.97213173432418e-09,4.79185655861311e-09,7.12815902947472e-09,3.7778738664277e-09,4.46916897887032e-09,2.28964044774691e-09,3.97314958664868e-09,4.67494927685712e-09,4.21665465987319e-09,9.43695880897839e-10,1.81338841344894e-09,1.79004177051807e-09,1.17407598342954e-09,1.7137455612798e-09,1.77466624454111e-09,2.45177478141625e-09,2.17630995464014e-09,5.74722822613576e-09,1.95714939337053e-09,5.34318937186971e-09,4.90916468832431e-09,2.45964760144829e-09,7.0532590438986e-09,1.49827232134764e-08,6.01045221804099e-09,1.32755085163394e-08,1.19158362671689e-08,5.2407256392854e-09,1.21235323975656e-08,4.14116786767359e-09,1.02866379412042e-08,9.39803176859309e-09,7.42183709401837e-09,9.80670947016911e-09,3.16944157173505e-09,2.24489657359855e-09,7.38884473745276e-09,3.83221983696623e-09,7.42501677536576e-09,2.49808878572524e-09,1.81115126947474e-09,1.99689450541591e-09,2.93770200354787e-09,1.81727004316607e-09,3.18647068880543e-09,1.56823816304744e-09,1.59239341970389e-09,5.78690345523292e-10,1.59043405268733e-09,1.41571796678722e-09,1.41236882880038e-09
6.14666582183253e-09,8.82203940023853e-09,1.79547835121361e-08,9.50686619163333e-09,1.37203368920169e-08,1.43465270312145e-08,1.01763441494713e-08,2.08331514534882e-08,2.66029497033858e-08,1.586974875639e-08,4.0807845053103e-08,3.32142724071532e-08,2.47431967687281e-08,3.14701169217548e-08,1.45201925309459e-08,4.84971551554402e-08,2.22703286741468e-08,3.65229174952534e-08,2.47372786082541e-08,1.08951263470731e-08,6.93502967860402e-09,1.66660809268462e-08,1.03016182972352e-08,1.56722156223025e-08,8.30330872929527e-09,5.47772520203803e-09,7.95540778149492e-09,7.70763129488247e-09,6.00315871572927e-09,8.11976373451809e-09,4.43694315167656e-09,6.5867747225349e-09,3.07836021765348e-09,4.70031645938278e-09,7.47145834490913e-09,5.34079927210677e-09,5.59148773938198e-09,2.4774996463988e-09,2.07574599819083e-09,6.26295754216531e-09,2.56299302882207e-09,6.35874049093249e-09,2.3649218558552e-09,3.52228848638785e-09,8.13866330015665e-09,4.12256290556522e-09,5.72417763337256e-09,6.88211532455702e-09,4.09912418904738e-09,9.78355083502267e-09,1.14404913529205e-08,6.75369612242028e-09,1.8260109829957e-08,1.37414431019598e-08,1.20851186899824e-08,1.430880832026e-08,6.90989488134695e-09,2.16367125490381e-08,1.1642057661995e-08,1.79340758534091e-08,1.07456061131821e-08,5.53947002144226e-09,2.87343370536319e-09,8.96823449948022e-09,4.77908712744851e-09,7.49328019764306e-09,4.38157616546144e-09,2.02224852156378e-09,2.17489836859969e-09,3.51895459211751e-09,2.61899743758777e-09,3.68318387545495e-09,1.48785405897818e-09,2.05566384170743e-09,1.2894343262942e-09,2.02813041717617e-09,2.49592384750753e-09,2.47372758255562e-09,1.86026246379911e-09,1.13367714509024e-09,5.36125542973531e-10,2.38866526939299e-09,1.08214311207878e-09,2.37360406173216e-09
6.35818959384013e-09,5.34160338616235e-09,9.04698377554155e-09,5.78342338694324e-09,8.29169832024223e-09,8.83190312233283e-09,6.258938689675e-09,1.03852912809209e-08,2.52880328778961e-08,9.55762429244472e-09,1.87014240650273e-08,1.74998922924203e-08,1.24354297669608e-08,2.98130071061292e-08,2.92587744329409e-08,2.22703286741468e-08,4.67446804768188e-08,3.65226714982702e-08,2.25226516138991e-08,2.21925070067409e-08,1.08626864585114e-08,3.55021459912918e-08,1.64979060260885e-08,2.76547036891044e-08,1.72202935727095e-08,8.19532178254308e-09,5.71156456945822e-09,1.23473859172772e-08,8.46956258197501e-09,1.23451666195524e-08,6.58916583777104e-09,4.46094314308218e-09,5.71205930997909e-09,6.4836266734784e-09,5.06184966683037e-09,6.74163684063474e-09,3.69128051034117e-09,4.86151290562653e-09,2.40024851915863e-09,4.2043606292922e-09,4.99699980109104e-09,4.35483801797904e-09,2.50666634689432e-09,2.22022518819363e-09,3.9041647903794e-09,1.86344323456625e-09,3.22476060853701e-09,3.72281738758067e-09,2.89283110778471e-09,4.65013167535132e-09,1.1454975789423e-08,3.88684659933434e-09,8.24526713665936e-09,7.42883630012979e-09,5.78027418795335e-09,1.43143013359452e-08,1.2557318307737e-08,1.00199903075235e-08,2.24780038544534e-08,1.67623740774128e-08,1.03280543765487e-08,9.98974250462199e-09,3.60561417716537e-09,1.72808611734309e-08,7.06051513253437e-09,1.23386959668705e-08,8.06944231564074e-09,2.50009295484545e-09,1.93866820190657e-09,5.49938767524395e-09,3.09701520497837e-09,5.82607530307696e-09,2.04373837134162e-09,1.68329139326419e-09,2.20785476801924e-09,2.38651396371479e-09,2.16260604656586e-09,2.87931882397692e-09,1.39730210856952e-09,1.86614826279458e-09,6.94878084424691e-10,1.94996256930851e-09,1.68717579349641e-09,1.54463499845533e-09
6.16722359991351e-09,8.69960859250841e-09,1.6731376771082e-08,9.49322312302419e-09,1.28199089785022e-08,1.37230442052305e-08,1.00726277163687e-08,1.9456012464869e-08,1.85096741672974e-08,1.49009822376144e-08,3.068041255675e-08,2.46263826610581e-08,2.34792974001502e-08,2.22104308809365e-08,2.67618987258828e-08,3.65229174952534e-08,3.65226714982702e-08,5.40571206474917e-08,1.66675436971058e-08,2.03183515861982e-08,1.06450076323799e-08,2.75509660607228e-08,1.49401617311472e-08,2.10317993055485e-08,1.57012014749287e-08,8.17421228193797e-09,5.75990935229519e-09,1.11745754091843e-08,8.49256086930178e-09,1.1212691904222e-08,6.50039485562727e-09,4.37498859564242e-09,5.79313772365396e-09,6.48963724409791e-09,5.105094349388e-09,6.96063568515077e-09,3.64866546918694e-09,4.86025364139322e-09,2.62138079485726e-09,4.1793364230293e-09,5.0488679453964e-09,4.4381780658924e-09,2.33654649850673e-09,3.37356587947541e-09,7.74490812171405e-09,4.04152248449844e-09,5.47831682747275e-09,6.47239330461203e-09,3.96333272659094e-09,9.27242361495096e-09,8.7095873845767e-09,6.30156132726849e-09,1.43297391630348e-08,1.06760693070515e-08,1.14254732976835e-08,1.10151446459583e-08,1.14902549626689e-08,1.70215134105706e-08,1.81684601914607e-08,2.51818517133646e-08,8.07330399607412e-09,8.92619345731833e-09,3.79991394024829e-09,1.4232864166315e-08,6.07284237675625e-09,9.62712845501307e-09,7.09075318365931e-09,2.79432807405017e-09,1.89260898339481e-09,4.68807688333766e-09,3.49576348212853e-09,4.8609252974334e-09,2.3805382921129e-09,1.67351363462235e-09,2.43347258879351e-09,2.69638347224481e-09,2.08878888516409e-09,3.1243710257921e-09,1.38678036719025e-09,2.04394183229852e-09,6.64731649174755e-10,1.89419290794479e-09,1.84154591452374e-09,1.49030354200881e-09
4.88427559265112e-09,4.12028635947472e-09,7.78946443777837e-09,4.56110444802506e-09,6.94333309367037e-09,7.29124589802757e-09,4.91728057231225e-09,8.99090229124385e-09,2.74791629736967e-08,8.07643424788666e-09,2.10634107043259e-08,1.95681026295918e-08,1.04671026020742e-08,3.19000715059582e-08,1.20942562699744e-08,2.47372786082541e-08,2.25226516138991e-08,1.66675436971058e-08,3.8652613195981e-08,1.42374454688568e-08,8.04723053947514e-09,2.73624636042731e-08,1.34355845565494e-08,2.57743314709997e-08,1.06787390754215e-08,6.19721908335635e-09,8.54227564755278e-09,9.93079851064975e-09,6.77666101878255e-09,1.03553061631676e-08,4.93542868396883e-09,7.22783189513214e-09,3.41622584681752e-09,5.25331940802148e-09,7.91701173995265e-09,5.70919290645181e-09,6.28708439631982e-09,2.8603803645613e-09,2.38050397589308e-09,6.8028998055941e-09,3.12962882380641e-09,7.11211790648722e-09,1.95035877074852e-09,2.01357448166218e-09,3.0814458821311e-09,1.51699031652241e-09,2.53090641348285e-09,2.79753296859532e-09,2.45422847307976e-09,3.67013207541622e-09,1.1095877766271e-08,3.11524094059748e-09,8.47249033380573e-09,7.83392643798711e-09,4.77822157625368e-09,1.36127720850333e-08,6.44538695161216e-09,1.02514449734285e-08,1.15587135492526e-08,8.5987499615861e-09,1.70400788935068e-08,7.31378861391083e-09,2.98097398575544e-09,1.44529404271205e-08,6.28299977005138e-09,1.24150487995114e-08,5.85060958381094e-09,2.13498199056167e-09,2.37475691229036e-09,4.84978824672905e-09,2.55989739211996e-09,5.00496437318631e-09,1.5701057113875e-09,2.02191669325372e-09,1.10872539977e-09,1.90618459713872e-09,2.38723131671407e-09,2.56653876462128e-09,1.76156722210648e-09,1.0801099878958e-09,7.81328714391515e-10,2.23926054149545e-09,9.83158269689446e-10,2.3833066844915e-09
2.76037972658695e-09,4.68329621482938e-09,3.73384811643956e-09,4.95962872331685e-09,3.79588521190306e-09,4.41006259255768e-09,5.26467472889302e-09,4.42128340022901e-09,1.04851855188846e-08,4.44410243338173e-09,9.43579212838764e-09,9.31800348960053e-09,5.06894783096993e-09,1.20918595119477e-08,2.87957645139337e-08,1.08951263470731e-08,2.21925070067409e-08,2.03183515861982e-08,1.42374454688568e-08,3.48012635865465e-08,1.40201516199258e-08,2.62560781605975e-08,2.6149851617787e-08,1.94036158595014e-08,2.67599982710299e-08,1.05687240900526e-08,6.79963562562565e-09,1.95626883344535e-08,1.06558245099823e-08,1.94654994239951e-08,8.47702866091031e-09,5.21917938341154e-09,6.06021267513595e-09,8.32843940870804e-09,5.61029047756765e-09,8.48169352820504e-09,4.50259826420957e-09,5.05954452254311e-09,2.65055504960906e-09,4.69435317122835e-09,5.34590125150338e-09,4.94225847164628e-09,8.47564543571112e-10,1.87056233145364e-09,1.34707994241483e-09,1.31850051990885e-09,1.38027571580313e-09,1.38795946157806e-09,2.41918342163201e-09,1.64674434670569e-09,4.41463411255851e-09,1.65288573820948e-09,4.04847385212251e-09,4.07292165629478e-09,1.95573323388348e-09,5.23395927411648e-09,1.21183953159228e-08,4.48034924391836e-09,1.02801026651374e-08,9.25428337712028e-09,6.18289220622493e-09,1.43863725082557e-08,4.56518451310218e-09,1.24804988522095e-08,1.04951383447637e-08,8.94198303653252e-09,1.18522811548019e-08,3.60523961432801e-09,2.76267435603167e-09,8.68850410482474e-09,4.30448545811797e-09,8.6338716146531e-09,2.91122183316766e-09,2.12112120273458e-09,2.19857475847535e-09,3.25959814395739e-09,1.99174941640397e-09,3.56679105159063e-09,1.74781836153492e-09,1.8064400453743e-09,5.91242866173962e-10,1.73081389043489e-09,1.66842097817113e-09,1.68911249568262e-09
2.47930679552086e-09,2.45938153814005e-09,3.83899401745584e-09,3.18627780231647e-09,4.13396932383451e-09,5.02706203580011e-09,2.83745549574097e-09,4.45078358297616e-09,5.96842162190769e-09,4.84077814775166e-09,5.98220724097465e-09,6.38008880902044e-09,4.99679338589929e-09,6.79526905117031e-09,1.17516889528955e-08,6.93502967860402e-09,1.08626864585114e-08,1.06450076323799e-08,8.04723053947514e-09,1.40201516199258e-08,3.63660917991546e-08,1.27430658374737e-08,2.7397162266779e-08,2.49341838894734e-08,1.05720971304393e-08,2.71766585431568e-08,1.06993675169046e-08,2.03599199885952e-08,2.07191891776042e-08,1.50132684743246e-08,2.20249363434265e-08,8.40983890146844e-09,5.53656358948691e-09,1.64330610924138e-08,8.62068886984074e-09,1.62142201742322e-08,6.83327912763808e-09,4.35466017601818e-09,5.60952510551046e-09,6.75348888286034e-09,4.71528778629911e-09,6.91853643563413e-09,1.80588055058988e-10,9.17226741934607e-10,9.13531007321872e-10,3.07722673914779e-10,1.00257747204857e-09,4.50401931399133e-10,1.01893582822324e-09,1.19583392488712e-09,2.7263584248014e-09,1.34729432748159e-09,2.77692240442304e-09,3.15593565881086e-09,1.34533843160369e-09,3.03331641399454e-09,4.14063188959098e-09,3.09612768202977e-09,4.91237614979824e-09,4.6145189458923e-09,3.70992775106006e-09,4.84775882497673e-09,1.07803980595277e-08,5.79427339422516e-09,8.64255891213505e-09,9.28270322413716e-09,3.98587338413804e-09,8.37111889891814e-09,4.5835524753209e-09,7.25874290452996e-09,8.0975888114379e-09,6.39693950325973e-09,6.7198332109299e-09,3.98554535906885e-09,2.39008850206572e-09,6.49812341950197e-09,3.73727856420627e-09,6.53611289853564e-09,3.40013986669264e-09,1.93015157866415e-09,1.84494062737421e-09,3.24046533345432e-09,1.79221845133948e-09,3.10498128625717e-09
5.15507431640931e-09,4.34027809445865e-09,6.89309548169694e-09,4.6959480687305e-09,6.39794448765956e-09,6.98784763103146e-09,5.12904470363368e-09,7.98683368883469e-09,1.93439155909459e-08,7.46559341189605e-09,1.41139220262397e-08,1.3322790743377e-08,9.52063775947696e-09,2.25191080489701e-08,2.2191828138458e-08,1.66660809268462e-08,3.55021459912918e-08,2.75509660607228e-08,2.73624636042731e-08,2.62560781605975e-08,1.27430658374737e-08,4.26866189501575e-08,1.9479390929314e-08,3.32419559132451e-08,2.0187388054599e-08,9.53685376163824e-09,6.71729383335416e-09,1.43875538117106e-08,9.95169874527668e-09,1.45862130897518e-08,7.57406460728327e-09,5.24992236973142e-09,6.5988255816909e-09,7.62344964598506e-09,5.871643423445e-09,7.9232619427853e-09,4.38415244745663e-09,5.56051540324683e-09,2.78041026069815e-09,4.88637176797011e-09,5.70183323052425e-09,5.0379900458773e-09,1.95941527847999e-09,1.93664926510077e-09,2.98426888837682e-09,1.57601964467408e-09,2.41346953412682e-09,2.57206541030035e-09,2.47763148647861e-09,3.54063865346923e-09,8.39059914863236e-09,2.96040053502888e-09,6.30478249481606e-09,5.87863943274067e-09,4.52911832740708e-09,1.03194150102099e-08,9.9833857159675e-09,7.5427025945112e-09,1.72725692058967e-08,1.32406173795822e-08,1.27826532374231e-08,1.16204401415413e-08,4.19731560680713e-09,2.12533421376114e-08,8.23466670430723e-09,1.54576889725132e-08,9.39080682867528e-09,3.02988968698732e-09,2.45376274294038e-09,6.52882728223256e-09,3.48377582861586e-09,6.70776960311677e-09,2.42981505236513e-09,2.05483848462706e-09,2.42812954136979e-09,2.63305605919303e-09,2.46483294640593e-09,3.32887941841196e-09,1.63451060630072e-09,2.08547363026607e-09,8.16022917959154e-10,2.19221779969225e-09,1.87311136721976e-09,1.78530598152527e-09
