4.43957882979901e-08,1.8484471062266e-08,9.62248678476692e-09,3.27881553493583e-08,1.87863298777986e-08,3.24402634095592e-08,1.43150558656709e-08,7.64041346787057e-09,1.04899784941971e-08,1.49156562922372e-08,8.68884390478486e-09,1.57497946652994e-08,5.89084471317853e-09,8.37258004111078e-09,5.46758039507684e-09,6.28578855103036e-09,9.29136200676117e-09,7.4998518514228e-09,6.52539167137237e-09,3.81046322126229e-09,3.62679431575276e-09,6.82723678426238e-09,4.35943218207099e-09,7.75252246715946e-09,2.71079527549868e-09,2.49361091158044e-09,1.93004963133935e-09,2.94904923067293e-09,2.52344784023057e-09,2.93505821800621e-09,1.95461789390819e-09,1.34699916980979e-09,1.30872352286541e-09,1.77956688337369e-09,1.52109254423271e-09,1.84308077169943e-09,1.13461273879889e-09,1.03665092710161e-09,1.18488841723316e-09,1.20432162177867e-09,1.2942829738693e-09,1.50811550951784e-09,9.16481476926542e-10,1.02331100424785e-09,5.6559190105762e-10,1.23967364089596e-09,9.833813125419e-10,1.17355632757882e-09,2.64124228176895e-08,1.13247958143684e-08,4.63439759399679e-09,1.4928948714559e-08,1.12273424228398e-08,1.19491471502892e-08,9.33953073782788e-09,3.33889399009277e-09,4.17965030796775e-09,8.5082123767619e-09,2.58066457797402e-09,6.86586198044523e-09,2.89851268578437e-09,3.85551490512198e-09,4.67433257662849e-09,3.06627170945711e-09,5.5621984391314e-09,4.33296227252786e-09,2.82984982226007e-09,3.0886695619317e-09,2.24631482364667e-09,3.53895879624384e-09,3.57574574562099e-09,4.01705947798498e-09,2.10807801949591e-09,1.6068523303547e-09,1.62196289742979e-09,2.0416336273028e-09,1.55649554974351e-09,2.71878219902489e-09,1.10733283706835e-09,8.98052509736563e-10,4.12983439397362e-10,8.07306305315656e-10,6.11117295106296e-10,6.95099717180793e-10,8.45405522145264e-10,2.14299548940463e-10,5.98350421963791e-10,6.04722689636892e-10,7.42629217606362e-10,1.16342735679693e-09,-3.02325981729783e-11,4.93805306551688e-10,4.54730237789972e-10,4.19784620631993e-10,8.06351812718063e-10,6.01035066635452e-10
1.8484471062266e-08,1.03211285006981e-07,2.28120851408858e-08,4.68331322999224e-08,8.23089157075545e-08,3.16027664133292e-08,7.76833440148979e-08,1.7426046836161e-08,1.11928417757641e-08,6.11583716732636e-08,1.51901011749607e-08,6.37899396166796e-08,1.29414325930627e-08,8.67667486632746e-09,1.49051510688451e-08,1.13777972566903e-08,9.24749545074078e-09,1.24393680356721e-08,6.54079211054335e-09,1.06839398617503e-08,5.46377067587022e-09,6.51824554060862e-09,1.16252158968502e-08,8.29302824651527e-09,7.01945933393199e-09,3.33753231408184e-09,2.87531657315336e-09,7.84788563168299e-09,4.09111488111518e-09,8.79802705819072e-09,2.69909661772056e-09,2.13429351763164e-09,1.93371366829285e-09,3.10487685441179e-09,2.47509531146503e-09,3.39850604032707e-09,1.67523047676397e-09,1.70069136135225e-09,1.24413420053723e-09,1.8581406086702e-09,1.56749298322435e-09,1.8740254720023e-09,1.42922636147147e-09,9.67361438508847e-10,9.20474145537911e-10,1.45476850398229e-09,1.02011779156571e-09,1.55708776297544e-09,1.02508979875499e-08,3.71187994181239e-08,1.37931123801054e-08,2.68343845968643e-08,2.87275941848349e-08,1.8369163111225e-08,3.26261852103818e-08,9.77821718937484e-09,-8.67683420039701e-10,2.63580166305735e-08,5.87680268190961e-09,1.18329216722803e-09,7.01227894710638e-09,6.89208986124616e-10,5.85177187807223e-09,6.33411920269015e-09,4.11533992288237e-09,3.83489633858192e-09,-4.81182559770271e-12,5.60186890799551e-09,4.16030318419363e-09,3.04734681822358e-09,8.07282078113519e-09,2.68789452752643e-09,4.24361816964489e-09,2.70996808935847e-09,1.38166271119309e-09,4.73610770285008e-09,2.87340898452277e-09,6.22496001635198e-09,2.01071416214087e-09,1.17001070698912e-09,1.44046647669795e-09,2.12364511804635e-09,1.61598067203841e-09,2.31442006662496e-09,7.70437174555893e-10,1.14486731396268e-09,8.51390079942581e-10,1.32672002031627e-09,1.03343183642798e-09,1.05282503607135e-09,8.74669469727674e-10,5.54968336242677e-10,5.9955305291136e-10,6.69814525787748e-10,7.81145876200543e-10,6.27675080559098e-10
9.62248678476692e-09,2.28120851408858e-08,6.96111182994999e-08,2.11341230030556e-08,5.02965684157139e-08,4.71281473435269e-08,1.7430472968684e-08,5.47771675946681e-08,1.95962863222138e-08,3.82388780647096e-08,3.87250494927085e-08,2.66802931171943e-08,4.03661422848841e-08,1.42866589769032e-08,9.96400404454283e-09,2.78566515812724e-08,1.52790649718646e-08,2.89298234051619e-08,1.02781145453008e-08,7.16775080751129e-09,9.80854084073869e-09,1.05930841470817e-08,7.60896603450082e-09,1.01805718914025e-08,4.99267077003949e-09,7.09407540200037e-09,3.31044617710194e-09,5.49937696545699e-09,7.69352647480587e-09,5.55522847380914e-09,6.04110287148118e-09,2.61834407667696e-09,2.72513619470154e-09,6.39637031416895e-09,3.06706167384129e-09,6.47854866627777e-09,2.29746054249418e-09,2.05356269146933e-09,1.72965945628808e-09,2.62318937157028e-09,2.0663883223377e-09,2.8986743851562e-09,1.82097739199672e-09,1.52847785967092e-09,9.34310300946144e-10,2.03584582512571e-09,1.43042857542844e-09,2.10121206710989e-09,2.19551337619631e-09,7.90681368503593e-09,3.19459435989837e-08,6.95532306492796e-09,2.45020100070262e-08,2.35303415261385e-08,6.53394070645192e-09,2.54330258419932e-08,2.87537943527538e-09,1.9139803559487e-08,1.5175933574861e-08,9.28066308048269e-09,1.78571035739679e-08,3.89544273269074e-09,4.43612708356451e-09,1.30955880011708e-08,4.81613905654071e-09,1.27055358917871e-08,3.38381352772726e-09,3.03898819457578e-09,5.14683006246426e-09,4.35841191340894e-09,4.43015984887366e-09,4.09831239615726e-09,2.4454427645955e-09,3.60477551825927e-09,2.22876190554993e-09,3.35822153337685e-09,4.20702435114405e-09,3.35658686312311e-09,3.20167727566904e-09,1.81329968314213e-09,1.46465771531799e-09,3.53456024086078e-09,2.00799527266519e-09,2.80731672912855e-09,1.42441245773935e-09,9.6283545802701e-10,1.13905754568581e-09,1.76259543114571e-09,1.31248176103425e-09,1.98662955111758e-09,7.51365786584993e-10,7.73258797965637e-10,7.15904622087915e-10,9.88982423065971e-10,8.61805149002796e-10,6.9669732075821e-10
3.27881553493583e-08,4.68331322999224e-08,2.11341230030556e-08,7.10669681030337e-08,3.15163629482855e-08,5.05193235169045e-08,3.72960966380166e-08,1.63468713439948e-08,1.13021447855813e-08,2.45337421202082e-08,1.46974947330821e-08,2.23992406990309e-08,1.18856762277359e-08,8.43410582556594e-09,1.58840459893325e-08,1.09279174197329e-08,9.76500273240309e-09,1.24663411164316e-08,6.30694509253684e-09,1.15485729951424e-08,5.36693545272944e-09,6.84980057134128e-09,1.28105067923981e-08,7.07545011668989e-09,7.97604676166226e-09,3.5606398184208e-09,2.99540993748608e-09,8.90302154740476e-09,3.84835311449896e-09,9.15620616983519e-09,2.85811414373625e-09,2.22436764532629e-09,2.10152452256883e-09,2.88084228634642e-09,2.73022600927538e-09,3.33488241351922e-09,1.64674224602012e-09,1.8987640621113e-09,1.60772698855096e-09,2.00682982820184e-09,1.85477562113445e-09,2.14514515182838e-09,1.45043766054421e-09,1.16456606997282e-09,7.15497986809549e-10,1.59984620378812e-09,1.08360635012215e-09,1.50283327818673e-09,1.81834080343935e-08,2.93319667824506e-08,8.37995767570995e-09,3.4043449489719e-08,1.91394775535094e-08,2.25301238154818e-08,2.34614077379632e-08,6.24141862017935e-09,2.78454567700657e-09,1.42930501217933e-08,4.04632616231283e-09,1.02490911563361e-08,4.51843724649232e-09,3.73608905247198e-09,7.76619502229523e-09,4.34902712756066e-09,3.7859724944215e-09,5.71506861361891e-09,2.69931376964434e-09,6.59109175774051e-09,3.99178337122301e-09,2.48611979024565e-09,7.89497669803508e-09,2.92190150541866e-09,4.59377755933958e-09,2.37281461453048e-09,1.56037995857599e-09,4.88245960829496e-09,2.14100666784204e-09,5.51153573917572e-09,1.7584387609083e-09,1.46757504054345e-09,1.09328371496037e-09,1.56726266093298e-09,1.32498727812572e-09,1.82795202310837e-09,1.02084810345302e-09,9.12171583263244e-10,5.50619436144508e-10,1.23823959526668e-09,9.55523504562402e-10,1.26296549253617e-09,5.50644508094517e-10,3.138292950657e-10,4.78221785293303e-10,7.35723635122396e-10,5.47941712120653e-10,5.43313262194996e-10
1.87863298777986e-08,8.23089157075545e-08,5.02965684157139e-08,3.15163629482855e-08,1.1786074473218e-07,6.08947486247414e-08,6.11626178184309e-08,3.82362940951031e-08,1.9507864108992e-08,8.92203282806781e-08,2.69344835784204e-08,7.93843414810548e-08,2.90946891757465e-08,1.46914206935462e-08,1.06100427566364e-08,2.0253964397314e-08,1.50798799412252e-08,2.09893699171546e-08,1.07606458975185e-08,7.80885508381566e-09,1.00439889734895e-08,1.04920666740835e-08,8.09099019517569e-09,1.13778783650682e-08,5.07152375326329e-09,6.88693487686431e-09,3.81671753520007e-09,5.57103669799195e-09,7.92979692725021e-09,6.34476018687003e-09,5.7921894518092e-09,2.89513834477135e-09,2.33657277651971e-09,6.40287610265112e-09,3.08386936514219e-09,6.46205530232541e-09,2.46307453566582e-09,1.79199829906512e-09,1.80613615602472e-09,2.47212942968012e-09,1.79638517590124e-09,2.77281410779573e-09,1.52373894825474e-09,1.52720003827766e-09,1.27180312699389e-09,1.72249493197688e-09,1.56236806137352e-09,1.91552380757814e-09,9.40267733704794e-09,2.53155746918014e-08,2.7694599156883e-08,1.7227667554767e-08,4.56429819878857e-08,3.20940536460498e-08,2.31394106487995e-08,2.13609544227403e-08,2.81173501788004e-09,4.0044659696926e-08,1.26830439642428e-08,1.52328542412375e-08,1.53482682280341e-08,2.21028771859999e-09,3.24304859984535e-09,1.03332748668196e-08,4.38222226807851e-09,5.15542160837752e-09,1.8318955256529e-09,2.35806347472463e-09,5.27618622591277e-09,3.61345145462488e-09,5.31785280999463e-09,4.20216375525355e-09,2.43041922519387e-09,3.51806696358143e-09,1.94590002600031e-09,3.21536970024217e-09,3.73146889534486e-09,3.99460110646649e-09,3.01934340590635e-09,1.69073925721187e-09,1.45818541379293e-09,3.09915550513512e-09,2.1264853306484e-09,2.64034786615866e-09,1.34700801369471e-09,1.0108175891367e-09,1.52215688942452e-09,1.85684756801916e-09,1.47292289596142e-09,2.20618451997114e-09,7.17151783585939e-10,1.23047208913246e-09,6.6208361362181e-10,9.12628721458396e-10,1.22666702364711e-09,1.03738441414847e-09
3.24402634095592e-08,3.16027664133292e-08,4.71281473435269e-08,5.05193235169045e-08,6.08947486247414e-08,8.69949271716514e-08,2.44950482986596e-08,3.59365815184665e-08,1.92481503327466e-08,4.69464754395933e-08,2.59256691363815e-08,3.67583323730875e-08,2.66131190081274e-08,1.39306723917002e-08,1.01171079791331e-08,1.90920202259675e-08,1.48625346594744e-08,1.99527107276273e-08,1.02389968736189e-08,7.14792199362175e-09,9.59014468795572e-09,1.02514802657706e-08,8.24803722577838e-09,1.02115106813785e-08,4.94461846200224e-09,7.2123975489965e-09,3.63482282171417e-09,5.9000793232536e-09,8.02404728117021e-09,6.07988349435708e-09,6.04427684651844e-09,2.79489152501732e-09,2.14376420640789e-09,6.51012264002654e-09,2.98147169747103e-09,6.45940584699097e-09,2.42039619353624e-09,1.7390959560347e-09,1.89375124140508e-09,2.54294270037287e-09,1.65139744046872e-09,2.82555244204664e-09,1.42572282897728e-09,1.5057963482822e-09,1.09054776820505e-09,1.64309214446321e-09,1.56319401454189e-09,1.74654586963837e-09,1.64107413730652e-08,1.65917277596935e-08,1.97450165533879e-08,2.03542888859261e-08,2.98576130837661e-08,3.79652218762636e-08,1.33516445959034e-08,1.58447499874541e-08,4.0297496951537e-09,2.38860055199457e-08,7.90063702123026e-09,1.61312724415703e-08,1.09625381761727e-08,3.72914504732562e-09,5.03371026168499e-09,6.87284609848757e-09,4.71075575745152e-09,7.42431706999449e-09,3.37332261462522e-09,3.12131425835196e-09,5.18620896140538e-09,3.76635270417073e-09,4.34351251505231e-09,4.2702134792422e-09,2.53678359867576e-09,3.54179854713168e-09,1.36313448275253e-09,2.97696293901327e-09,3.42185516934556e-09,2.27832259356168e-09,3.09502881004033e-09,1.40478208146486e-09,1.10888054567443e-09,3.02562723490475e-09,1.58630686887733e-09,2.63410248973787e-09,1.22017141956465e-09,8.43749439842389e-10,8.65504958187436e-10,1.43699179516179e-09,1.20207200693442e-09,1.94117077890043e-09,5.30731865618961e-10,5.52528115503966e-10,8.20925341942289e-10,8.15348907317876e-10,9.83669100241507e-10,1.0249664387473e-09
1.43150558656709e-08,7.76833440148979e-08,1.7430472968684e-08,3.72960966380166e-08,6.11626178184309e-08,2.44950482986596e-08,8.92474267681676e-08,1.90361161743342e-08,1.36289115712512e-08,6.97921748846842e-08,1.73798118113807e-08,7.06125193778564e-08,1.42312352493599e-08,1.06300692902287e-08,1.66936857772665e-08,1.30349514797744e-08,1.13662398233959e-08,1.49057555128375e-08,8.12306981608584e-09,1.15328454920422e-08,6.30235058960167e-09,7.82083864117562e-09,1.29995857198353e-08,9.84016882104861e-09,7.84688284104537e-09,3.79026471459312e-09,3.52353531024845e-09,8.82281721136153e-09,4.48837897483688e-09,9.43497531768569e-09,2.96678996389051e-09,2.24868351912875e-09,2.19242582702115e-09,3.2503882626192e-09,2.75861133419110e-09,3.72742061277064e-09,1.7354016702921e-09,1.92429375471833e-09,1.28062691837368e-09,2.08002331078147e-09,1.67993361737406e-09,2.01228998286895e-09,1.65695074149401e-09,9.87388344929869e-10,9.77458923268408e-10,1.46364550435467e-09,1.18267526942896e-09,1.7334623473132e-09,9.68526279902797e-09,3.26319627004932e-08,9.77841931067348e-09,2.13961712867465e-08,2.63648811096468e-08,1.40428078427419e-08,3.19485434921528e-08,9.43792634401376e-09,1.943560374811e-09,2.47897529237717e-08,7.32885598391275e-09,4.88315635215609e-09,6.44068907572005e-09,2.67731423181669e-09,7.54697287070844e-09,6.69923745616792e-09,6.34380919851899e-09,5.47839085673871e-09,1.76554301239649e-09,6.75973914976217e-09,4.46429016351646e-09,4.3415975329807e-09,8.01564274253609e-09,3.70450305104615e-09,5.16950103816409e-09,2.9220866725927e-09,1.52148281737774e-09,4.67490788337182e-09,3.21298400104712e-09,6.57816639958792e-09,2.14107713211092e-09,1.000253895615e-09,1.56039125763332e-09,2.28251887280438e-09,1.6071065272338e-09,2.56554632282236e-09,5.9390600899894e-10,1.22981675936814e-09,7.84754156816093e-10,1.28177707911213e-09,1.12235415313157e-09,9.09312241558338e-10,9.18970021702916e-10,4.71672471605933e-10,6.32748474238478e-10,6.98565882817487e-10,9.20537937741014e-10,8.70599756875732e-10
7.64041346787057e-09,1.7426046836161e-08,5.47771675946681e-08,1.63468713439948e-08,3.82362940951031e-08,3.59365815184665e-08,1.90361161743342e-08,6.36472860593168e-08,2.4223270681695e-08,4.44050215259611e-08,4.66202191646738e-08,3.21638508555224e-08,4.61739800321447e-08,1.79561266407672e-08,1.15717726421493e-08,3.31309439652117e-08,1.87253703852745e-08,3.38556469758259e-08,1.27610553821918e-08,7.95899186995272e-09,1.0573744199378e-08,1.26437225997733e-08,8.24250538694733e-09,1.21898775910082e-08,5.34106781328554e-09,7.38716705023729e-09,3.3985401378503e-09,5.85665136444285e-09,7.71064137841951e-09,5.90873539075307e-09,6.20567985289099e-09,2.68173537197451e-09,2.72848424838937e-09,6.34744546430605e-09,3.13182767492235e-09,6.54615253351542e-09,2.35134635154895e-09,2.09912229896848e-09,1.95497367528344e-09,2.69093172343077e-09,2.21500432022614e-09,3.11625182736772e-09,1.69295959294445e-09,1.58414628920309e-09,9.58150272457104e-10,1.94963267788023e-09,1.49649760963979e-09,2.04964734626293e-09,2.42928146519484e-09,6.53775670480293e-09,2.5431320772865e-08,5.93051633605649e-09,1.91458627600073e-08,1.83713144625188e-08,9.60599149050524e-09,2.75319380743406e-08,5.0870272367235e-09,2.13745175310288e-08,1.80516866484169e-08,1.28265597628751e-08,1.95536303770247e-08,5.23033691492525e-09,8.31878320753552e-09,1.36550109071115e-08,6.62047150252966e-09,1.48560046173977e-08,4.04470874386605e-09,4.93797984782824e-09,5.5035638262106e-09,5.27132537459665e-09,5.61797810423099e-09,4.89585748476061e-09,3.45410273639029e-09,4.43682086695448e-09,1.76824940043199e-09,4.34721262159697e-09,4.54780117733122e-09,4.04071997628565e-09,3.62872905683608e-09,1.49191691613749e-09,1.44944538309797e-09,3.71761168934371e-09,2.09063577129565e-09,3.60144903468316e-09,1.13191696392368e-09,9.55515437362481e-10,1.22516200234213e-09,1.80087192932523e-09,1.6074497069635e-09,1.94503024604972e-09,6.49834640516701e-10,7.44807615743046e-10,7.02348375806838e-10,1.20098063038559e-09,9.58370188530303e-10,9.50594838024582e-10
1.04899784941971e-08,1.11928417757641e-08,1.95962863222138e-08,1.13021447855813e-08,1.9507864108992e-08,1.92481503327466e-08,1.36289115712512e-08,2.4223270681695e-08,6.96070890752316e-08,2.47389333483174e-08,5.17366158733313e-08,5.08554920933769e-08,1.79684842832635e-08,5.11062057182882e-08,2.0262384696019e-08,3.75388599469463e-08,3.77743785172669e-08,2.84114672395055e-08,3.88979406896631e-08,1.50392640884267e-08,8.04534943235565e-09,2.81250604988107e-08,1.40073483761406e-08,2.68884828334093e-08,1.04934390651676e-08,5.385405990078e-09,7.10551168437912e-09,9.80695017480986e-09,5.22831076503833e-09,9.19414824300607e-09,3.84840552852765e-09,5.51286677541235e-09,2.82062593941484e-09,3.57349892210668e-09,5.99905896321322e-09,3.8561156323793e-09,4.72914531544145e-09,2.2455427189838e-09,2.13847499317341e-09,5.11981900887161e-09,2.98222513534925e-09,5.1274476738422e-09,1.92552876281605e-09,1.6956789644269e-09,1.51990955303347e-09,2.62352581665659e-09,2.04791009800546e-09,2.84361558293986e-09,5.79329983577709e-09,3.47966776615336e-09,9.53670102768809e-09,5.33664685832581e-09,1.03369922159589e-08,9.08932437480659e-09,4.27835753878494e-09,6.96493057039245e-09,2.24808846889308e-08,6.66349511060066e-09,1.7677880603002e-08,1.99477369848819e-08,5.01416749232731e-09,2.32686529913763e-08,1.29491595460002e-08,1.76055231345391e-08,1.74957004139577e-08,1.24398208800694e-08,1.83128710937953e-08,9.5730019524442e-09,3.53358316043022e-09,1.32328520783737e-08,6.66593163701932e-09,1.09523698943203e-08,7.28847040128332e-09,3.34612488542001e-09,3.42310968407854e-09,5.6895344491583e-09,3.00557982248869e-09,5.21760214057619e-09,2.53309302524995e-09,2.76424397391961e-09,1.91961909935767e-09,2.40426459061798e-09,3.68419588951804e-09,1.79756872080296e-09,2.26495501070013e-09,1.51973780925287e-09,1.25895686995327e-09,3.13310853995929e-09,2.13962511223056e-09,2.61546304578855e-09,1.31683484529959e-09,9.7050711519648e-10,1.34460894541265e-09,1.82423975047723e-09,1.78998843310535e-09,2.14740431554408e-09
1.49156562922372e-08,6.11583716732636e-08,3.82388780647096e-08,2.45337421202082e-08,8.92203282806781e-08,4.69464754395933e-08,6.97921748846842e-08,4.44050215259611e-08,2.47389333483174e-08,1.03304288875482e-07,3.26784721677008e-08,9.09662622690231e-08,3.33930699911959e-08,1.89948325743742e-08,1.32358527446071e-08,2.46236649383601e-08,1.90761045918881e-08,2.49406129137461e-08,1.40601432148771e-08,9.19721837789767e-09,1.15858133519548e-08,1.31527766149873e-08,9.42785937469634e-09,1.38836306693938e-08,5.68110841203053e-09,7.42845734410917e-09,4.14998773291305e-09,6.17897623562647e-09,8.3011124945043e-09,6.83218867505284e-09,6.14535472749072e-09,3.14197211945867e-09,2.54195906005363e-09,6.64477995016446e-09,3.34453894967061e-09,6.87295502740561e-09,2.62936380213107e-09,1.97748147358953e-09,1.87267195703537e-09,2.63524542519572e-09,1.9856269189e-09,2.91477955455539e-09,1.62682250421273e-09,1.53626581529605e-09,1.23388753988184e-09,1.73994585235922e-09,1.67262436398792e-09,1.96729130264857e-09,8.98468625231801e-09,2.31464443608816e-08,2.1359436687853e-08,1.42936512175924e-08,4.00544799745766e-08,2.5064887418312e-08,2.11180280543453e-08,1.84937663946791e-08,6.60855099728611e-09,3.50668601828335e-08,1.491113224336e-08,1.81471988169377e-08,1.30137319651192e-08,5.1243823495842e-09,6.7394486694702e-09,1.11546052580247e-08,7.77486951499573e-09,7.53675572775276e-09,3.97125426068722e-09,4.36774769349885e-09,4.4663784067642e-09,5.6019266328949e-09,5.4589679748745e-09,5.44011164212718e-09,3.18239614353193e-09,3.83836507050919e-09,1.56617799514213e-09,3.4653797509731e-09,3.71708723534921e-09,4.37191372390092e-09,3.19682871056273e-09,1.44164946003036e-09,1.48965845747616e-09,3.08745002524659e-09,2.10426103541188e-09,3.29869242786507e-09,1.08318734626204e-09,9.79807894237781e-10,1.34475271161627e-09,1.72744858364692e-09,1.66902375172651e-09,2.05737257417578e-09,6.97748608383475e-10,8.61045973301101e-10,7.61349878788857e-10,1.04062458779448e-09,1.19677838037368e-09,1.21439995801329e-09
8.68884390478486e-09,1.51901011749607e-08,3.87250494927085e-08,1.46974947330821e-08,2.69344835784204e-08,2.59256691363815e-08,1.73798118113807e-08,4.66202191646738e-08,5.17366158733313e-08,3.26784721677008e-08,8.18871278102489e-08,6.3133146580442e-08,3.31433224446007e-08,3.75339864402973e-08,1.86700014382011e-08,5.7480860297365e-08,2.84823585262983e-08,4.59886380408789e-08,2.74888027099464e-08,1.34967858507542e-08,8.96025752505703e-09,2.03722301747082e-08,1.3352983364151e-08,1.90533445945429e-08,9.18562092740976e-09,6.06757245619810e-09,7.29254703374181e-09,9.32713080163796e-09,5.55558778576029e-09,8.61490666786068e-09,4.45954732949252e-09,5.81009189795883e-09,3.32981287160078e-09,3.81256196238451e-09,6.46118430582556e-09,4.01741628834064e-09,5.15206432868558e-09,2.96295654579579e-09,2.56437456210749e-09,5.73837877497772e-09,3.38974923037926e-09,5.73347030635598e-09,2.46829607804911e-09,2.09483402577067e-09,1.48710337800924e-09,3.05834396791998e-09,2.03658395142501e-09,2.94802648488916e-09,4.56874447097707e-09,4.93344286477952e-09,1.82542966995262e-08,6.59722462084701e-09,1.42552784000749e-08,1.42808327212347e-08,6.57808128153462e-09,1.76329132256355e-08,1.41820588043781e-08,1.2334564996222e-08,2.82701626069812e-08,2.46352626417934e-08,1.23435890726084e-08,1.52927107846325e-08,1.25854613578877e-08,2.44335276410559e-08,1.34481922497512e-08,2.05743179479207e-08,1.18677159222324e-08,8.97607786094612e-09,3.54503458223285e-09,1.02814945996096e-08,7.96193521343132e-09,7.24163769496145e-09,6.19905059687266e-09,3.51018402082109e-09,2.97495693993859e-09,6.27162499400591e-09,3.02234191570278e-09,5.23602210887136e-09,2.69026485016691e-09,2.58146108602621e-09,2.21305170674691e-09,2.3847867180408e-09,3.22136082220678e-09,1.92666985106811e-09,2.08639244784445e-09,1.93201124518195e-09,1.40963803922334e-09,2.8561322843592e-09,2.45875115958016e-09,2.4014588881071e-09,1.52458051583617e-09,1.16809404432657e-09,1.10233610128491e-09,2.19357814064735e-09,1.6437426267654e-09,2.09440851954922e-09
1.57497946652994e-08,6.37899396166796e-08,2.66802931171943e-08,2.23992406990309e-08,7.93843414810548e-08,3.67583323730875e-08,7.06125193778564e-08,3.21638508555224e-08,5.08554920933769e-08,9.09662622690231e-08,6.3133146580442e-08,1.38902482559682e-07,2.38705520262573e-08,3.78538381200274e-08,1.98613429058972e-08,4.57329442160279e-08,2.82776059548727e-08,3.5778451382653e-08,2.81464057800239e-08,1.42999530112169e-08,9.83150160426399e-09,2.02555061245518e-08,1.40594932903472e-08,2.07931138050286e-08,9.266749164633e-09,5.89476047958325e-09,8.26293031079222e-09,9.24875066478912e-09,5.72447622775864e-09,8.92186198487637e-09,4.51267958606731e-09,6.51566976817149e-09,3.3569694536575e-09,4.08065276797035e-09,7.22390965324344e-09,4.24880587308195e-09,5.61247356640407e-09,2.9367658225573e-09,2.44297167431096e-09,6.19838041242407e-09,3.25921382502429e-09,5.8992000264005e-09,2.44392892096804e-09,2.02781650312973e-09,1.83785390788031e-09,2.90422911712061e-09,2.37538715110364e-09,3.11439427859833e-09,9.75950721479952e-09,1.88558940942899e-08,1.58772594888578e-08,1.29906077035004e-08,3.40114613580909e-08,2.05558316123851e-08,1.72482819868494e-08,1.13476325768516e-08,1.25824089507508e-08,2.67790478209379e-08,2.11469226203164e-08,2.85223775058152e-08,6.83099694350468e-09,1.32708967916739e-08,9.29614370975983e-09,1.96800251609961e-08,1.45000189275065e-08,1.09273346265211e-08,1.01358038299525e-08,7.19476209508038e-09,1.73515640997491e-09,1.06735911468875e-08,7.69272557153883e-09,7.9898126193689e-09,5.35071314902025e-09,3.16047458263958e-09,2.6977264549071e-09,5.61536153139324e-09,2.67244560085844e-09,5.18548967787609e-09,2.50567292490047e-09,2.75080645567461e-09,2.46980638915702e-09,2.31172729675742e-09,3.53403818754537e-09,2.01366345059039e-09,2.20683952236711e-09,2.0161262871809e-09,1.38943185369119e-09,2.98070785340585e-09,2.431008430263e-09,2.85021063613449e-09,1.56092642492743e-09,9.91043540482679e-10,1.51814555962278e-09,1.79055839321852e-09,1.99906545994235e-09,2.35406881272284e-09
5.89084471317853e-09,1.29414325930627e-08,4.03661422848841e-08,1.18856762277359e-08,2.90946891757465e-08,2.66131190081274e-08,1.42312352493599e-08,4.61739800321447e-08,1.79684842832635e-08,3.33930699911959e-08,3.31433224446007e-08,2.38705520262573e-08,5.6900661272486e-08,2.09998897821177e-08,1.39738469893865e-08,4.08735488508714e-08,2.14532576098101e-08,4.08202437779885e-08,1.46949886538694e-08,9.56072399323433e-09,1.24989310126705e-08,1.42922859427754e-08,1.00977526791525e-08,1.37120101439619e-08,6.67855958173552e-09,8.95565652270854e-09,4.45230344652578e-09,7.29730862750297e-09,9.65479600904557e-09,7.38443999899974e-09,7.59426958177454e-09,3.42623695886529e-09,3.29616070608682e-09,7.960903601933e-09,3.95588153180985e-09,7.83515753572871e-09,2.96542947910776e-09,2.584874846234e-09,2.29502335254807e-09,3.29805091858063e-09,2.71963942919263e-09,3.74264656917863e-09,2.08818606698068e-09,1.80428022331383e-09,1.26788804967024e-09,2.29879321377531e-09,1.82012994118544e-09,2.53927956254745e-09,2.37966023454901e-09,5.18552872153472e-09,1.78353686709934e-08,5.88021063458266e-09,1.36206989837357e-08,1.3585784573622e-08,7.67448016838049e-09,1.95416021739804e-08,5.20718651751518e-09,1.64656385063605e-08,1.36220672683227e-08,1.15734681494975e-08,3.01285766799303e-08,7.54080273458582e-09,9.59374263893524e-09,2.18011501706791e-08,8.63775274352278e-09,2.16272268967617e-08,5.43547293347168e-09,5.32413399403223e-09,6.42546908089008e-09,6.17439912879635e-09,6.76480048588635e-09,5.78418966068575e-09,3.63872419142874e-09,5.10578482530791e-09,2.04220858379815e-09,5.17338094123179e-09,5.78082087032014e-09,4.72345354328803e-09,4.31362919659615e-09,1.70353059987493e-09,2.19418576503426e-09,4.83770500795333e-09,2.5904550725611e-09,4.47904599947406e-09,1.40072525703332e-09,1.42633597904443e-09,1.53698977866866e-09,2.1293765313097e-09,2.03358053167998e-09,2.30403055625845e-09,1.09263198644596e-09,9.48663050058466e-10,7.63441760674764e-10,1.53182012631896e-09,1.19785434246804e-09,1.5743387994553e-09
8.37258004111078e-09,8.67667486632746e-09,1.42866589769032e-08,8.43410582556594e-09,1.46914206935462e-08,1.39306723917002e-08,1.06300692902287e-08,1.79561266407672e-08,5.11062057182882e-08,1.89948325743742e-08,3.75339864402973e-08,3.78538381200274e-08,2.09998897821177e-08,5.94552183857306e-08,2.43380580681274e-08,4.36954117781371e-08,4.52490984167125e-08,3.42384533906189e-08,4.34199176895169e-08,1.70962458766459e-08,9.13905454295908e-09,3.19864083628468e-08,1.58245941077643e-08,3.03060384721084e-08,1.20333716393118e-08,6.15973388107612e-09,8.31065744987615e-09,1.11397737023204e-08,6.51414275942703e-09,1.0652388167393e-08,4.49175407081671e-09,6.28299027881501e-09,3.28517431659827e-09,4.52933623093425e-09,6.61589401731056e-09,4.67656630755059e-09,5.45320958971254e-09,2.65019457517388e-09,2.51812938603679e-09,5.64660961661755e-09,3.44352177733315e-09,5.8612619922691e-09,2.25310549121572e-09,2.02504800437011e-09,1.72023449555405e-09,3.02630286406018e-09,2.28158305690778e-09,3.10604606068675e-09,4.90866386771875e-09,2.94833992441285e-09,6.56920227623658e-09,4.88004479719253e-09,7.66184912260181e-09,6.57138952297785e-09,3.46689362532464e-09,4.99578183923704e-09,2.32447127161525e-08,4.99912073698757e-09,1.75752270079307e-08,1.90868162632919e-08,9.65155468084604e-09,3.1122151850553e-08,1.48314140370686e-08,2.25856480826022e-08,2.42572245738871e-08,1.79401926719665e-08,2.13182944484065e-08,9.77676650702966e-09,4.00619571896546e-09,1.47773912409669e-08,7.86651443754553e-09,1.31291443884121e-08,7.50429034160228e-09,3.61206339855666e-09,4.01067242036805e-09,6.63348667315171e-09,3.90299076795847e-09,5.7542333670648e-09,2.79846597146158e-09,3.1734390132616e-09,2.39758547761911e-09,3.18956534425417e-09,3.87781178992463e-09,2.33258715254417e-09,2.67430041685476e-09,1.87247597456831e-09,1.38755949775671e-09,3.26105707308299e-09,2.22453901180214e-09,2.8717964081623e-09,1.68600591535251e-09,1.16596968286992e-09,1.29174642186754e-09,1.92988139122785e-09,2.03200192658702e-09,2.24239106900765e-09
5.46758039507684e-09,1.49051510688451e-08,9.96400404454283e-09,1.58840459893325e-08,1.06100427566364e-08,1.01171079791331e-08,1.66936857772665e-08,1.15717726421493e-08,2.0262384696019e-08,1.32358527446071e-08,1.86700014382011e-08,1.98613429058972e-08,1.39738469893865e-08,2.43380580681274e-08,8.40576103935677e-08,2.32532828989829e-08,6.07684355307852e-08,5.77242215342405e-08,1.71127085395108e-08,5.90405431235929e-08,2.09742078069247e-08,4.141653978657e-08,4.22361140734258e-08,2.74823442832656e-08,4.20086944939524e-08,1.4286898566895e-08,8.40061420124189e-09,2.93947686002076e-08,1.22980185448093e-08,2.65359080776896e-08,1.09855192640902e-08,6.55577747056426e-09,1.01354265817188e-08,9.16826059150010e-09,7.02761807423183e-09,9.26115086006191e-09,4.93241760118934e-09,8.48747168143121e-09,3.48436378320558e-09,5.17050621359045e-09,8.25938730340718e-09,5.20846966877791e-09,7.72953886265461e-09,2.90266117697003e-09,2.21642963606977e-09,7.31792832240002e-09,3.0361198094452e-09,7.84154155296483e-09,1.71717965397985e-09,1.0296956668397e-08,3.65065017060333e-09,9.11873089235967e-09,7.16108781540598e-09,4.39905207535337e-09,1.1021475044076e-08,2.60833100856181e-09,1.36839999948202e-08,6.34359124510278e-09,1.04705899022926e-08,1.26374886488616e-08,6.51705349254432e-09,1.74035152028391e-08,5.19530544022305e-08,1.38065202094999e-08,4.4206330929339e-08,3.79593365925861e-08,1.10303912674259e-08,3.52015511655515e-08,1.2380713728141e-08,2.70870003451683e-08,2.46334304356821e-08,1.72540907063206e-08,2.56255675973538e-08,8.57124864285465e-09,5.84794942316626e-09,1.82779296922766e-08,7.58533625819034e-09,1.71149811067456e-08,6.7211490154566e-09,4.90941188803178e-09,6.95943777666024e-09,6.27212749880676e-09,4.20620597617024e-09,5.21179080860014e-09,3.54501975042007e-09,5.57540877794036e-09,2.33338894188557e-09,3.24181541120211e-09,4.78502593870924e-09,3.05938255978588e-09,5.09812947215254e-09,1.81933044884212e-09,1.65808623356246e-09,4.04566653208545e-09,2.31209017552128e-09,5.25117768402143e-09
6.28578855103036e-09,1.13777972566903e-08,2.78566515812724e-08,1.09279174197329e-08,2.0253964397314e-08,1.90920202259675e-08,1.30349514797744e-08,3.31309439652117e-08,3.75388599469463e-08,2.46236649383601e-08,5.7480860297365e-08,4.57329442160279e-08,4.08735488508714e-08,4.36954117781371e-08,2.32532828989829e-08,7.05082684505297e-08,3.45679877265333e-08,5.78988428710733e-08,3.08109425686885e-08,1.60783032036535e-08,1.02822577714773e-08,2.33932195238286e-08,1.57622126529472e-08,2.15668772313837e-08,1.11750081764181e-08,7.04428525184835e-09,8.51689042392043e-09,1.11034574545473e-08,6.84443587267009e-09,1.02031679955829e-08,5.31335654778616e-09,6.62734909651351e-09,4.08555429035765e-09,4.90843348493972e-09,7.14966122110245e-09,4.9975230622711e-09,5.86662747692435e-09,3.61018749984877e-09,3.01545693840257e-09,6.31918339265458e-09,4.07188220969243e-09,6.43761874744439e-09,2.94906992880409e-09,2.33360032436008e-09,1.79865734939431e-09,3.4561435563104e-09,2.20071714791288e-09,3.31933108063957e-09,3.84141735891126e-09,4.81339716681023e-09,1.32117260815814e-08,6.25938653000916e-09,1.00647760994926e-08,1.02401022879353e-08,6.38150053485396e-09,1.23204288334751e-08,1.52596002767629e-08,9.64165419308808e-09,2.43901883858846e-08,2.32170689285467e-08,2.21419506535778e-08,2.21728587058158e-08,1.50206958057584e-08,3.54174544551218e-08,2.0118239626654e-08,3.06543741992631e-08,1.4710369513257e-08,9.36966568243683e-09,3.95490725815262e-09,1.17216540486696e-08,8.87537741758662e-09,9.04543940587313e-09,6.48195291896494e-09,3.63668490236954e-09,3.48288958347152e-09,6.89187391899229e-09,3.85143558215278e-09,5.79058196631269e-09,2.93610940782538e-09,2.85573980574739e-09,2.82111793737665e-09,3.17427110605698e-09,3.54036272609502e-09,2.76379393562237e-09,2.359101984576e-09,2.53838817060743e-09,1.49660551312463e-09,3.16197042734503e-09,2.88603471545738e-09,2.7917325635884e-09,2.04880307953088e-09,1.20374964907382e-09,1.01301551559816e-09,2.33560551395621e-09,1.83310579903598e-09,2.42662498576953e-09
9.29136200676117e-09,9.24749545074078e-09,1.52790649718646e-08,9.76500273240309e-09,1.50798799412252e-08,1.48625346594744e-08,1.13662398233959e-08,1.87253703852745e-08,3.77743785172669e-08,1.90761045918881e-08,2.84823585262983e-08,2.82776059548727e-08,2.14532576098101e-08,4.52490984167125e-08,6.07684355307852e-08,3.45679877265333e-08,9.41569836834834e-08,7.53291538422186e-08,3.20043609949793e-08,4.14125441802673e-08,1.82863371354416e-08,6.41739091442079e-08,2.74778828960104e-08,4.56537536417044e-08,2.9698096723456e-08,1.2546704453885e-08,8.20422920344042e-09,1.89464930684524e-08,1.13833444175765e-08,1.70666211234636e-08,9.31947818910997e-09,6.22590508988999e-09,1.07207933787512e-08,8.02320759088011e-09,6.91962935297707e-09,8.12026399574699e-09,4.97079879973699e-09,9.02873022363995e-09,3.91336825650445e-09,5.51184498365984e-09,8.84657338781352e-09,5.87269321724665e-09,8.04182251939994e-09,3.1993576586492e-09,2.10613832711261e-09,7.78274174179692e-09,3.08017318983451e-09,7.87336464843112e-09,5.68456503366691e-09,4.12863074262503e-09,6.15210159906056e-09,5.12205161307761e-09,7.6020737422292e-09,5.85276160824608e-09,4.54693443508476e-09,5.88564623783493e-09,2.00638870976918e-08,8.15976155391695e-09,1.46247224132828e-08,1.54553178756606e-08,1.07639507937024e-08,2.68144793898719e-08,3.73698505550437e-08,2.00579506188213e-08,5.92684469889373e-08,4.58656259024356e-08,1.63032759564972e-08,2.29315299481288e-08,9.69108748405314e-09,3.57925872107535e-08,1.45248357804285e-08,2.36245936516513e-08,1.75263066592961e-08,7.57890759013722e-09,4.85047804381491e-09,1.15064973755319e-08,6.64206268787938e-09,9.65882110452842e-09,5.94392729108908e-09,4.07054988505216e-09,7.13689718022504e-09,5.83440726119330e-09,4.11496111028966e-09,4.64850695738332e-09,3.20009361473607e-09,5.79643296510562e-09,2.61842741528614e-09,3.25944695647779e-09,5.22752966181694e-09,3.52225521467337e-09,5.08992530969436e-09,2.19863947139235e-09,1.3951248405919e-09,4.42840004244033e-09,1.98425699997372e-09,4.96633477875223e-09
7.4998518514228e-09,1.24393680356721e-08,2.89298234051619e-08,1.24663411164316e-08,2.09893699171546e-08,1.99527107276273e-08,1.49057555128375e-08,3.38556469758259e-08,2.84114672395055e-08,2.49406129137461e-08,4.59886380408789e-08,3.5778451382653e-08,4.08202437779885e-08,3.42384533906189e-08,5.77242215342405e-08,5.78988428710733e-08,7.53291538422186e-08,1.0729965231322e-07,2.30980204931684e-08,3.98414085558588e-08,1.93234802761717e-08,5.07919394890013e-08,2.69656776040896e-08,3.47426584799312e-08,2.84409150965577e-08,1.33438436942322e-08,8.97375697104324e-09,1.86075676581565e-08,1.1939150397677e-08,1.65878479085903e-08,1.00412422426485e-08,6.73913579830941e-09,1.11097240484209e-08,8.42554605107595e-09,7.14924166871861e-09,8.11308628537254e-09,5.42598749138688e-09,9.5886377598556e-09,4.27118320500888e-09,5.92539337829099e-09,9.47025458688658e-09,6.10365560595957e-09,8.38141839616245e-09,3.38707312776563e-09,2.23667180259747e-09,8.25086499400939e-09,3.21406821084524e-09,8.24341003880329e-09,4.1287741922556e-09,4.65327250220687e-09,1.41592270628278e-08,6.31504995518257e-09,1.03785545480295e-08,1.04969105789311e-08,7.34916619657147e-09,1.46727747230716e-08,1.53560540688205e-08,1.26434770270881e-08,2.34144317432852e-08,2.09162965922398e-08,2.41701908155306e-08,2.12226901911529e-08,3.55512566511248e-08,3.32732741701508e-08,4.86428075592536e-08,6.41753511498133e-08,1.26873489445396e-08,2.12779043044779e-08,9.96311185184094e-09,2.91823085843609e-08,1.54703571857247e-08,1.86895151700478e-08,1.590168315425e-08,7.77162527454579e-09,5.56319743563206e-09,1.17163026446507e-08,7.00448963308813e-09,9.93902099910867e-09,6.06361339180631e-09,4.640935339145e-09,7.27718240030266e-09,5.86934471254557e-09,4.49101696529046e-09,4.78255369089365e-09,3.5280397467666e-09,6.15413740375357e-09,2.53624718883577e-09,3.69663921217374e-09,5.78013020964612e-09,3.62677374597355e-09,5.2246567610119e-09,1.97225845708272e-09,1.24517179697181e-09,4.82156694942307e-09,2.06041565289545e-09,5.10271594565212e-09
6.52539167137237e-09,6.54079211054335e-09,1.02781145453008e-08,6.30694509253684e-09,1.07606458975185e-08,1.02389968736189e-08,8.12306981608584e-09,1.27610553821918e-08,3.88979406896631e-08,1.40601432148771e-08,2.74888027099464e-08,2.81464057800239e-08,1.46949886538694e-08,4.34199176895169e-08,1.71127085395108e-08,3.08109425686885e-08,3.20043609949793e-08,2.30980204931684e-08,5.24246667405939e-08,2.03144092338837e-08,1.0988803420595e-08,3.86803605101143e-08,1.84903170506918e-08,3.63739505179181e-08,1.45211084667259e-08,7.67516067689253e-09,1.03828518164504e-08,1.32331268083267e-08,8.44286176138304e-09,1.26806645084968e-08,5.80539664768598e-09,7.97046648370704e-09,4.41887583382518e-09,6.05975492167512e-09,8.4076607685666e-09,6.42889324470007e-09,6.35745854660659e-09,3.21936232191936e-09,2.66884598336569e-09,6.4538478386566e-09,3.85143165372114e-09,6.61016374511902e-09,2.64271634521664e-09,2.11582709623706e-09,1.930767560204e-09,3.25910842767916e-09,2.38710554091102e-09,3.38741434826185e-09,3.32403330353681e-09,2.03783972030229e-09,5.37783462406922e-09,3.95063866992367e-09,5.05809462981959e-09,4.9394778456218e-09,2.44223315859937e-09,3.88013975399768e-09,1.82460553122132e-08,2.62661081582504e-09,1.37212097594427e-08,1.30545211175853e-08,7.17027312607888e-09,2.13003917823777e-08,9.79216866039968e-09,1.66623028579906e-08,1.47899476727686e-08,1.21381650496624e-08,2.68702597645598e-08,1.17751493013484e-08,5.54451242392285e-09,1.65540332547455e-08,9.54971549162771e-09,1.56304961076975e-08,9.05558934847769e-09,4.69086341343974e-09,5.86464792370695e-09,7.96838200337411e-09,4.99467242424837e-09,7.45376930577546e-09,3.68783138087898e-09,4.47350214290932e-09,2.62028717461931e-09,3.96513566184657e-09,5.28860677351509e-09,3.14028526360984e-09,2.92015577758041e-09,2.05782330525691e-09,1.48465533762914e-09,3.61026632566606e-09,2.12064032021058e-09,3.01880611489135e-09,1.81023865822037e-09,1.28428067196645e-09,1.74097053556344e-09,1.90982390585302e-09,2.28306774421002e-09,2.51356320999622e-09
