1.11201386521879e-07,5.30887725362074e-08,2.07331274828314e-08,9.26601071564185e-08,4.73997477421959e-08,8.34303180100879e-08,4.50672362514554e-08,1.87758610136706e-08,2.21902263266336e-08,4.0885834292215e-08,1.8720192863743e-08,4.0052180340671e-08,1.74306610482927e-08,2.06933232079859e-08,1.20101520673475e-08,1.75279998005234e-08,2.14518889352446e-08,1.80859080387896e-08,1.87209527063308e-08,1.02056692711494e-08,8.34133251674716e-09,1.92722255279691e-08,1.00056237385689e-08,1.95995877081667e-08,1.00191197363423e-08,8.17858005109271e-09,5.96886252610974e-09,9.91954448495391e-09,7.59468492288505e-09,1.01000654825084e-08,8.27202410555655e-09,6.22068182522295e-09,6.70937792727926e-09,7.75556460083952e-09,6.82434042069106e-09,7.66715485432406e-09,5.93943110504995e-09,5.95741411224552e-09,5.14206907077455e-09,6.18685211747051e-09,6.15712118333223e-09,6.9124670361092e-09,5.33874588179859e-09,4.66164282419873e-09,3.21267278704707e-09,5.6348942002645e-09,4.53563221701626e-09,5.73577679741413e-09,7.53290789249514e-08,3.04644661524752e-08,1.62223114673781e-08,6.17032501802472e-08,2.6955329636168e-08,6.00918479920025e-08,2.60963066303702e-08,1.53237256678495e-08,1.54686621934423e-08,2.42179978929232e-08,1.40772573716853e-08,2.24843894177167e-08,1.47531185679619e-08,1.55084422853177e-08,7.69649169185481e-09,1.32330879714478e-08,1.41108451257148e-08,1.52768337621474e-08,1.4507916244651e-08,8.17077645174093e-09,6.4751753198632e-09,1.47529940049021e-08,8.04029887394119e-09,1.43557140138831e-08,8.15974255967956e-09,6.20766415929226e-09,4.26194346415964e-09,7.95380463784963e-09,5.74958823235217e-09,8.18451382317564e-09,6.36509189645873e-09,4.29749323845721e-09,4.72415852660208e-09,5.87243536024264e-09,3.9843010086489e-09,5.00760503689046e-09,4.21820361702544e-09,3.92476464561656e-09,4.9608317910644e-09,3.99193784360353e-09,5.16314148121376e-09,5.55070058645229e-09,4.19647718176955e-09,4.26221284281757e-09,3.82622922628706e-09,5.24710280235011e-09,5.60083809901462e-09,5.79234370350181e-09
5.30887725362074e-08,1.77556108438059e-07,3.82799860950107e-08,8.69782032233417e-08,1.46089503800481e-07,6.33559813701657e-08,1.54766295438983e-07,3.31809221175894e-08,1.89127749562603e-08,1.26629106154054e-07,3.1652527612267e-08,1.17745651067994e-07,3.06346194969162e-08,1.68827644292681e-08,2.2099855647381e-08,2.84202548309627e-08,1.71550919556306e-08,2.70622847745694e-08,1.51607759849014e-08,2.00930679037204e-08,1.06924377640221e-08,1.56882769868237e-08,2.1020712650528e-08,1.60949634532625e-08,1.86657311072599e-08,9.93217727759105e-09,8.98490530900825e-09,1.94233091002277e-08,1.13825192456581e-08,2.08250820823551e-08,9.57837738190456e-09,8.68641656695783e-09,8.44162756894077e-09,1.1065800789109e-08,1.04631593488675e-08,1.15904160257156e-08,8.1378170952708e-09,7.44185040936543e-09,6.99425916936904e-09,9.50573935466179e-09,7.74315393000482e-09,9.69083494995253e-09,6.89814492885568e-09,6.94853583594201e-09,7.52783110850371e-09,7.44017092335937e-09,9.93392464430528e-09,1.00032371684116e-08,3.79132189595043e-08,8.51783115066522e-08,2.72348094186166e-08,6.07428050058184e-08,6.03405664854317e-08,4.14252138858662e-08,7.24242200231516e-08,2.57968250492591e-08,1.4116047231053e-08,5.231981475981e-08,2.27486613698577e-08,4.8683292996363e-08,2.48883743118711e-08,1.45947330607621e-08,1.3672194563656e-08,2.12807890511677e-08,1.23109329433442e-08,1.88317862613083e-08,1.28122736013107e-08,1.29600860738571e-08,9.0514175894949e-09,1.16166806719242e-08,1.43952548026293e-08,1.32750282310323e-08,1.22650084964482e-08,8.02316977336252e-09,6.22437380054297e-09,1.38084716101838e-08,7.98009189147458e-09,1.26652063559051e-08,7.94545320179052e-09,6.23315743778569e-09,4.80282112926323e-09,7.81258149485412e-09,5.66470544980094e-09,8.18416784838454e-09,5.80895129367349e-09,4.03556065453879e-09,6.11337286271063e-09,5.48652827684026e-09,5.22824984518782e-09,7.94055132277221e-09,4.2636502388067e-09,5.51355190554796e-09,7.27299519013563e-09,4.92985326781876e-09,9.28164985117636e-09,6.62116115869111e-09
2.07331274828314e-08,3.82799860950107e-08,9.85492433371611e-08,3.46486413001738e-08,6.93757140147161e-08,6.38194039558628e-08,3.31855229422255e-08,8.57352929308052e-08,3.34893220669967e-08,5.94903406024583e-08,6.71599149661195e-08,4.68383506819705e-08,7.89625019087521e-08,3.15199861738571e-08,1.99660543213448e-08,6.20397107337407e-08,3.06406582766571e-08,5.89785351943078e-08,2.80144229255737e-08,1.78285926543294e-08,1.41080654937118e-08,2.73044712364406e-08,1.62208449579403e-08,2.55411865341403e-08,1.57360201710832e-08,1.33216794179663e-08,8.49154323731134e-09,1.43244913178286e-08,1.35355087793734e-08,1.59143657022765e-08,1.21762017040284e-08,7.47604954314644e-09,6.43960717444492e-09,1.2410383309246e-08,7.62984849750642e-09,1.35611421667254e-08,6.89244208984425e-09,5.50552781758758e-09,3.64128728038472e-09,6.535426169953e-09,5.55708428739614e-09,6.58439966963383e-09,5.37241076228149e-09,3.45374423639738e-09,3.71862576851483e-09,5.42894827136141e-09,4.03361691233897e-09,5.42624028057495e-09,1.2257009446617e-08,2.46547123649639e-08,6.62785893639043e-08,2.10221983223266e-08,4.68602055441704e-08,3.95158417530875e-08,2.25830763776663e-08,5.82221367772182e-08,2.73893160786024e-08,4.11028604100502e-08,5.12794162482795e-08,3.48099230763071e-08,5.48696875469294e-08,2.61951288031009e-08,1.4111806614582e-08,4.8031808783765e-08,2.24535610619322e-08,4.33546612408172e-08,2.37166336696694e-08,1.3703135379506e-08,1.09042346765139e-08,2.14788276768924e-08,1.27614538920656e-08,1.95305408266355e-08,1.21138635481517e-08,1.02540093202056e-08,6.56722868004674e-09,1.12337794879384e-08,8.85708532757473e-09,1.13459015336342e-08,9.85300457284035e-09,6.03101472885925e-09,5.17623200473507e-09,8.3557864184515e-09,4.53512985978629e-09,8.73868602503507e-09,5.54640088868897e-09,4.88279994113999e-09,3.58342736179752e-09,4.29073265576097e-09,4.44536757213742e-09,4.32855164993626e-09,4.37467554635196e-09,2.99925021901205e-09,4.5458122079145e-09,4.11499778555963e-09,4.89627108764237e-09,5.18737197055777e-09
9.26601071564185e-08,8.69782032233417e-08,3.46486413001738e-08,1.41640542784723e-07,6.37827255687612e-08,1.10219109726021e-07,7.36646352382433e-08,2.97900610694165e-08,1.81590058987257e-08,5.37238790917912e-08,2.70992893481342e-08,5.07813051357223e-08,2.74068988323439e-08,1.65625099414025e-08,2.705046114308e-08,2.48066137176264e-08,1.79472405292647e-08,2.50763195641313e-08,1.45297997118804e-08,2.37247688279035e-08,1.0077780964493e-08,1.57201764597353e-08,2.1615482213923e-08,1.39447512833591e-08,2.22821358106903e-08,9.88328993415035e-09,8.30317606752458e-09,2.04994046911181e-08,1.04758957158686e-08,2.05627237888654e-08,9.9250154285543e-09,8.49051591184403e-09,8.75533805751126e-09,1.06175017862567e-08,9.37346901718878e-09,1.06657881653685e-08,7.56502626632645e-09,7.94258862574405e-09,5.97001368261561e-09,7.84255371304931e-09,8.15633753664815e-09,7.92958540361203e-09,6.95895479007304e-09,5.22667801906315e-09,4.65514583280165e-09,7.28130856330963e-09,5.98015857104653e-09,7.55521868451263e-09,5.84706043856382e-08,5.29395730035866e-08,2.4007436673866e-08,9.39512257021463e-08,3.73990608361312e-08,7.55518935146815e-08,4.42249219484093e-08,2.25257391736019e-08,1.34948925535457e-08,3.29271505444198e-08,2.12412453676129e-08,3.23108884018846e-08,2.18782300287462e-08,1.29333906997741e-08,1.59995341958014e-08,1.92002936568027e-08,1.06326889010922e-08,1.72582834733227e-08,1.17692319170584e-08,1.56255575256697e-08,8.06219334843239e-09,1.10729732808818e-08,1.49311651496176e-08,1.09380371195813e-08,1.47558032328675e-08,7.60497917739535e-09,6.66465381865973e-09,1.44956200263651e-08,7.37106355866634e-09,1.36554108869287e-08,7.90508998254679e-09,6.64106460858291e-09,4.88480931561553e-09,7.7517752819167e-09,3.88530865044073e-09,6.83088647342307e-09,5.70066884635916e-09,4.12523049232004e-09,4.84966754041513e-09,3.93836947227555e-09,5.26573906592658e-09,6.0430359813341e-09,4.45233760025118e-09,3.83777585023205e-09,4.66152416563927e-09,5.18471511251174e-09,5.56977780103911e-09,4.86272627036709e-09
4.73997477421959e-08,1.46089503800481e-07,6.93757140147161e-08,6.37827255687612e-08,1.94731651167349e-07,9.57944242053511e-08,1.26635205841021e-07,5.94879840865186e-08,2.90183969803996e-08,1.68145779904245e-07,4.72918322152502e-08,1.43746399287659e-07,5.52104151515359e-08,2.68318025924703e-08,1.84351912647697e-08,4.34727925602895e-08,2.58158779348394e-08,3.97482163546852e-08,2.38693865040544e-08,1.65593172086785e-08,1.68005995551283e-08,2.31767928493435e-08,1.69545180862039e-08,2.26370335821741e-08,1.48002882330786e-08,1.60420724410911e-08,1.13970263499919e-08,1.51161548423574e-08,1.70129227892095e-08,1.75588566900431e-08,1.5185846824734e-08,1.04657540231951e-08,8.29180262844046e-09,1.61668156384134e-08,1.08846232498158e-08,1.65900634398114e-08,9.9284620042912e-09,7.68326333937894e-09,6.73886149648918e-09,1.02346183076308e-08,8.57876201827828e-09,1.14724862611772e-08,7.55992009379742e-09,6.60653796019347e-09,8.40603104765148e-09,8.38237303926609e-09,1.00554289338948e-08,1.14342622976373e-08,3.67335055876469e-08,6.15792758895446e-08,5.01449609175024e-08,4.21033447325345e-08,9.05249991972304e-08,6.12630492248745e-08,5.41955766195707e-08,4.31593568532338e-08,2.27631231252086e-08,7.81993926588788e-08,3.37944669628768e-08,6.17722612715438e-08,4.123462608867e-08,2.27902234976492e-08,1.26072091162704e-08,3.21937471091299e-08,2.12996747296156e-08,2.86780260088999e-08,2.01471391141035e-08,1.22824481090647e-08,1.27912891961584e-08,2.00110553820226e-08,1.26327256291362e-08,1.9276533761657e-08,1.1087795987913e-08,1.17562419690554e-08,6.82096672704343e-09,1.143464282746e-08,1.14746705413284e-08,1.23530631611509e-08,1.15136891279599e-08,6.77913095820926e-09,6.25762075669756e-09,1.11939223836031e-08,6.28146381636325e-09,1.00701937370938e-08,6.54290633609029e-09,5.56610882135223e-09,5.5318249810882e-09,6.10320348951899e-09,6.65712650460055e-09,8.25470856543644e-09,5.18208249332425e-09,5.0063397038858e-09,8.84712881724609e-09,5.69551305621938e-09,1.03800880796226e-08,9.33808972042375e-09
8.34303180100879e-08,6.33559813701657e-08,6.38194039558628e-08,1.10219109726021e-07,9.57944242053511e-08,1.54398431627715e-07,5.22589165401303e-08,5.4996887799713e-08,2.46933966262593e-08,8.11935303064489e-08,4.0688199538062e-08,6.49211320501116e-08,5.11145559357426e-08,2.31131384514583e-08,1.73555245229374e-08,3.79283379453972e-08,2.19702284780225e-08,3.44338851324586e-08,2.1036997638766e-08,1.5977891699597e-08,1.62848742496682e-08,2.00356314247436e-08,1.49783758597831e-08,1.90438845421845e-08,1.47800861299317e-08,1.57562113359155e-08,9.44231068951803e-09,1.40612690076223e-08,1.64015343714438e-08,1.59489294580574e-08,1.53007293889106e-08,8.94592221721513e-09,8.22296155598349e-09,1.60564370530997e-08,9.03267421306707e-09,1.6615894497937e-08,8.65267829447337e-09,7.45360852479101e-09,5.6843677731178e-09,8.41272758966441e-09,7.99578352268495e-09,8.81015679657117e-09,6.99749644414991e-09,5.30637309619948e-09,4.74697772322358e-09,7.49453363999319e-09,5.61668235560221e-09,7.45134635846279e-09,5.62014502241886e-08,3.46930016647389e-08,4.25729932473487e-08,6.86980648025734e-08,5.6754641498617e-08,1.02578625924372e-07,3.00009740609118e-08,3.82029199302936e-08,2.02693896973913e-08,4.95559289430065e-08,2.97686795682402e-08,3.94817580946697e-08,3.58879178436449e-08,1.91242671242218e-08,1.16880248166912e-08,2.75102308652866e-08,1.73762582431751e-08,2.46190730233852e-08,1.74506327233072e-08,1.185880805092e-08,1.16375145462177e-08,1.70891017081568e-08,9.95285562343434e-09,1.51868132018224e-08,1.10472554339274e-08,1.11855654536146e-08,6.4928883970455e-09,9.43226759397108e-09,1.13387488049525e-08,1.18553393406253e-08,1.13464401028016e-08,6.29619952238915e-09,6.57471255075286e-09,1.1517903433614e-08,4.87600592854600e-09,1.01259264790248e-08,6.27771196716356e-09,5.76142782756203e-09,4.71963460830644e-09,4.99385316668969e-09,5.92447724598078e-09,5.38129486560471e-09,5.36839938861257e-09,4.15412890626048e-09,6.55589042039244e-09,5.42764452750718e-09,7.00141573964109e-09,6.7207274982417e-09
4.50672362514554e-08,1.54766295438983e-07,3.31855229422255e-08,7.36646352382433e-08,1.26635205841021e-07,5.22589165401303e-08,2.00579382804083e-07,3.97410512057034e-08,2.46519107165875e-08,1.63840708263771e-07,3.81632857415795e-08,1.51003399149429e-07,3.67063667161081e-08,2.20023142319537e-08,2.66670036884552e-08,3.41517188443626e-08,2.12231374843349e-08,3.36587891131149e-08,1.97654203945911e-08,2.34047503192682e-08,1.23123931065765e-08,1.94355241444373e-08,2.51581511272589e-08,2.01322055726328e-08,2.17831425451621e-08,1.14790598567621e-08,1.12102728137741e-08,2.33568324719668e-08,1.32339091617539e-08,2.37535997828787e-08,1.10128568477764e-08,9.4216844342945e-09,9.18683048482626e-09,1.23097457935714e-08,1.17248217710291e-08,1.294436489204e-08,8.9121659207551e-09,8.18375094667526e-09,8.33217791197679e-09,1.07868274645417e-08,9.38074382392112e-09,1.217588536244e-08,7.24515617915483e-09,7.95777864336235e-09,7.59253781024866e-09,8.62154921931521e-09,1.09264583778475e-08,1.08057942907406e-08,3.33000581991217e-08,7.24252424619953e-08,2.57792080247758e-08,5.18934920190484e-08,5.22825481701078e-08,3.63181968819344e-08,1.01217992269729e-07,2.90148426180011e-08,1.9277204352829e-08,7.53752023979307e-08,2.67955557012898e-08,7.16348251601028e-08,2.79170917521501e-08,1.96914739988615e-08,1.73107602070598e-08,2.48987000733371e-08,1.53246751311943e-08,2.18419374981571e-08,1.76782900867655e-08,1.5559603145215e-08,1.07429099551984e-08,1.44412502818148e-08,1.58030768065631e-08,1.45922292380442e-08,1.47242941097319e-08,9.63728717201250e-09,7.51713176864566e-09,1.51461409335009e-08,9.24805175643373e-09,1.47833326316393e-08,8.77622422820418e-09,6.54200300407717e-09,5.35443503988674e-09,8.425095671843e-09,6.73438272593439e-09,8.94726970119883e-09,6.13419184485436e-09,4.6506391690307e-09,7.40802108951826e-09,6.53756568340391e-09,7.02133476654688e-09,9.73025505752587e-09,4.68956854020158e-09,6.93970145860703e-09,7.59918291075107e-09,6.49824953201598e-09,1.12928632636924e-08,8.44641962294227e-09
1.87758610136706e-08,3.31809221175894e-08,8.57352929308052e-08,2.97900610694165e-08,5.94879840865186e-08,5.4996887799713e-08,3.97410512057034e-08,9.67757161648635e-08,3.83883636328755e-08,7.10539590529746e-08,7.53358756572801e-08,5.5179269126072e-08,8.8769901744657e-08,3.59916511037669e-08,2.28435867421689e-08,6.94550349061588e-08,3.53438050072113e-08,6.6553601312499e-08,3.20533139174315e-08,1.96157734681564e-08,1.57045609087282e-08,3.13326906036279e-08,1.88597094019501e-08,2.99356608841346e-08,1.74502455078314e-08,1.48310824522912e-08,9.09282169854123e-09,1.68483447194312e-08,1.5392298083136e-08,1.80484659114323e-08,1.35845300076096e-08,8.0247897078849e-09,6.82006515939216e-09,1.41157475985085e-08,8.41207574573152e-09,1.49096364628635e-08,7.34937375833681e-09,5.90429602994732e-09,4.58462809343843e-09,7.23397572586839e-09,5.98713121290758e-09,7.29677507968046e-09,5.40352948263225e-09,4.05001901612236e-09,3.56258959600412e-09,5.48996701621545e-09,4.61542246115241e-09,5.75357559997018e-09,1.17236027053962e-08,2.25816576444922e-08,5.82159642751868e-08,1.96787672659011e-08,4.10878901785109e-08,3.48223080338502e-08,2.86369864247081e-08,6.21591453291139e-08,2.95910507078086e-08,4.92005061632035e-08,5.56291836893379e-08,4.23084972371463e-08,5.86357671841808e-08,2.82131611570659e-08,1.66489334577419e-08,5.21933050294002e-08,2.4637229396646e-08,4.67516631941464e-08,2.56475120246804e-08,1.58545293304944e-08,1.1544368659158e-08,2.34688758896961e-08,1.52323218305264e-08,2.1003244498122e-08,1.41634086225968e-08,1.08458243361184e-08,6.8262757415524e-09,1.35697827933456e-08,9.57515641475659e-09,1.36796369731617e-08,1.05050475342798e-08,6.17006629972902e-09,5.71912945727746e-09,9.08637190246833e-09,4.93969499022334e-09,9.63111591891255e-09,5.50414120025634e-09,5.40237079039038e-09,3.98652211711576e-09,4.55356073863763e-09,5.01727763630327e-09,4.8682194902989e-09,4.81628015752099e-09,3.70873201436454e-09,4.34760274886963e-09,4.45783844745318e-09,5.55922049512771e-09,5.90285504322875e-09
2.21902263266336e-08,1.89127749562603e-08,3.34893220669967e-08,1.81590058987257e-08,2.90183969803996e-08,2.46933966262593e-08,2.46519107165875e-08,3.83883636328755e-08,9.93327813697838e-08,3.42162802326613e-08,7.57024089062664e-08,6.61420072429051e-08,3.59845875440268e-08,9.15841944901938e-08,4.62326901435691e-08,7.00403724328203e-08,7.68024322934247e-08,5.88136001691432e-08,8.25512387990359e-08,4.0261495238906e-08,1.76488368203035e-08,6.85669375638961e-08,3.48701917564767e-08,6.19951544654955e-08,3.68901952519999e-08,1.64104958762866e-08,1.65984734366236e-08,3.19122903902889e-08,1.68156846426998e-08,3.07984895618232e-08,1.50754749420363e-08,1.49024261462551e-08,9.08219447561571e-09,1.53064593144142e-08,1.58526048317261e-08,1.69478530662131e-08,1.35280604329852e-08,8.22741982346281e-09,7.53318235773553e-09,1.38342299839922e-08,1.01572370023129e-08,1.47588015191209e-08,7.79042421274982e-09,7.06869159898736e-09,4.5377449797123e-09,9.62462956024651e-09,6.44054093666184e-09,9.21345362855978e-09,1.65999387654362e-08,1.35935930545974e-08,2.59349168191884e-08,1.38495609089782e-08,2.00351542834365e-08,1.5303932015122e-08,1.93149171617856e-08,2.71761849245413e-08,6.73368056543945e-08,2.45247640610134e-08,4.9844573861627e-08,4.43209588071644e-08,2.5932154061844e-08,6.50455476828453e-08,3.39604662384714e-08,4.80766649517643e-08,5.50406374453383e-08,3.98288237508107e-08,6.04824536720207e-08,3.2157939965398e-08,1.30700656197303e-08,5.20936240015117e-08,2.81494497622935e-08,4.6326619581944e-08,2.95157165760522e-08,1.21679061748014e-08,1.01009109462916e-08,2.58474830120437e-08,1.28050536236171e-08,2.37681045299375e-08,1.0667204573659e-08,9.10770438253928e-09,6.5600736198215e-09,1.1424016509864e-08,9.15451636644229e-09,1.04068388666607e-08,7.48280547701694e-09,6.2464756585229e-09,4.75738042860656e-09,7.47953056017612e-09,6.66666086636558e-09,6.62287566138792e-09,6.16596888387394e-09,4.60235054833964e-09,3.8528792395805e-09,6.56440747614663e-09,5.31606436315457e-09,8.33722773283667e-09
4.0885834292215e-08,1.26629106154054e-07,5.94903406024583e-08,5.37238790917912e-08,1.68145779904245e-07,8.11935303064489e-08,1.63840708263771e-07,7.10539590529746e-08,3.42162802326613e-08,2.13872668817553e-07,5.58804236884946e-08,1.81911684363131e-07,6.61011383433061e-08,3.15181435260953e-08,2.12259665189938e-08,5.13601865991377e-08,3.04335107381257e-08,4.76713631508239e-08,2.81036558981859e-08,1.85065643091791e-08,1.95336221383887e-08,2.72414011446642e-08,2.02549800791885e-08,2.75877374572454e-08,1.65636545885154e-08,1.8629986812382e-08,1.26936421932589e-08,1.82062730373806e-08,2.00322571906946e-08,1.97685945690535e-08,1.7719570654877e-08,1.1451927010928e-08,9.1023984678367e-09,1.90217722941326e-08,1.27893882206518e-08,1.88907929510834e-08,1.07379530812599e-08,8.53056917131611e-09,8.56733027106056e-09,1.19030300098445e-08,9.83279297852258e-09,1.35756424330632e-08,7.76706466417762e-09,8.22166885534035e-09,8.49968711852839e-09,9.05112986444835e-09,1.13900430789094e-08,1.18867614147688e-08,3.29904122067389e-08,5.41942193770513e-08,4.31421501271668e-08,3.77959852302384e-08,7.81604576737327e-08,5.33354804592123e-08,7.94389223628774e-08,4.83908516146099e-08,2.5784326014822e-08,1.06362710500686e-07,3.97815379938992e-08,8.98950241418318e-08,4.60983221797971e-08,2.57571921486716e-08,1.50351185925525e-08,3.76890409618797e-08,2.42733768323573e-08,3.31902566428093e-08,2.28515616851744e-08,1.43848389728177e-08,1.3770067756534e-08,2.27644968322785e-08,1.39444346461699e-08,2.10760764311631e-08,1.30458270864861e-08,1.27057105389077e-08,7.82405122532384e-09,1.26579193787778e-08,1.29930581707671e-08,1.44718159736021e-08,1.22815624678305e-08,7.43776814151333e-09,7.08379579264993e-09,1.25525394528964e-08,7.38842138070974e-09,1.12124095975742e-08,6.75344334756489e-09,6.17774841457098e-09,6.77287929809021e-09,6.8353537532084e-09,8.33652471316562e-09,9.91246745794408e-09,5.84249397207576e-09,6.4001522177493e-09,9.12569123357127e-09,7.54156607371814e-09,1.21898764402798e-08,1.10530879830623e-08
1.8720192863743e-08,3.1652527612267e-08,6.71599149661195e-08,2.70992893481342e-08,4.72918322152502e-08,4.0688199538062e-08,3.81632857415795e-08,7.53358756572801e-08,7.57024089062664e-08,5.58804236884946e-08,1.22624172521716e-07,9.58557849787002e-08,6.94502349463113e-08,7.0043776872862e-08,4.2144002519662e-08,1.12639844853062e-07,5.81985510668576e-08,9.60468136777779e-08,6.2973003714074e-08,3.62538592839203e-08,1.84760543784497e-08,5.16307719742135e-08,3.18141443665953e-08,4.66646906063728e-08,3.27211731972491e-08,1.7257360011041e-08,1.72090869542064e-08,2.869292088178e-08,1.63938121952423e-08,2.71695311731342e-08,1.59155295559345e-08,1.59370163413521e-08,9.76733152078389e-09,1.5067183807379e-08,1.67445316249011e-08,1.64951707124635e-08,1.43854465256629e-08,8.26451600671314e-09,6.45966111650101e-09,1.44239055048515e-08,9.46274737331445e-09,1.50079266786058e-08,7.87926108734749e-09,6.08266930187349e-09,4.27435575592254e-09,8.89976568138611e-09,6.22359179503022e-09,8.91071204253526e-09,1.34482203752233e-08,2.11184515102804e-08,4.83119095901993e-08,2.05889034473043e-08,3.37340645727169e-08,2.8109052297993e-08,2.56496351594328e-08,5.00625549011301e-08,5.30872534152816e-08,3.81882811451209e-08,8.49625603724748e-08,6.48101510476686e-08,4.75436390562185e-08,5.05630870483823e-08,3.0654457971308e-08,7.96379035934365e-08,4.40639736209924e-08,6.86798993244346e-08,4.65116528108426e-08,2.86176938373947e-08,1.3093293059721e-08,4.09057459321776e-08,2.53117481565555e-08,3.57973442783304e-08,2.59911477727909e-08,1.21871047867725e-08,9.68671744157433e-09,2.27184200390749e-08,1.19544925268284e-08,2.09688540374545e-08,1.1305406826935e-08,8.79854007094654e-09,5.94656187154321e-09,1.09647472179684e-08,8.28007517491298e-09,9.95698582571796e-09,7.28810086202297e-09,5.67287240116846e-09,3.77160374110388e-09,7.13066316676909e-09,6.0767855938635e-09,7.1121103167043e-09,5.31056384723112e-09,3.83414723911153e-09,3.80043538563692e-09,5.8576047527551e-09,5.45983731565365e-09,7.81204800451796e-09
4.0052180340671e-08,1.17745651067994e-07,4.68383506819705e-08,5.07813051357223e-08,1.43746399287659e-07,6.49211320501116e-08,1.51003399149429e-07,5.5179269126072e-08,6.61420072429051e-08,1.81911684363131e-07,9.58557849787002e-08,2.44541937617899e-07,5.12133566829624e-08,5.98702193799881e-08,3.69538178228499e-08,8.74085639902993e-08,4.74816042669493e-08,7.14642085924369e-08,5.40493027715367e-08,3.24475021957087e-08,1.94982997958866e-08,4.27940327850574e-08,2.96477176640109e-08,3.88717786975833e-08,2.93615984680665e-08,1.84528181120727e-08,2.13121634005999e-08,2.67291050827125e-08,1.76277044568703e-08,2.51857725957965e-08,1.73305122423887e-08,1.99369164140573e-08,1.16453169978731e-08,1.66232343809301e-08,2.14282600089545e-08,1.78954859257732e-08,1.84786401855092e-08,1.04825708636156e-08,9.4010998150485e-09,1.93334745826369e-08,1.32537672411907e-08,2.22129145853179e-08,9.79903521507458e-09,9.08308893494083e-09,8.96484912576821e-09,1.23684242828814e-08,1.17732062479162e-08,1.43194717064704e-08,3.03311507246251e-08,4.65957276392933e-08,3.57315296523072e-08,3.68043555295352e-08,6.3576121407594e-08,4.42449027257187e-08,6.9277841397567e-08,3.87401213817354e-08,4.33808629593561e-08,8.60730663586845e-08,6.40284805067272e-08,1.20483093058032e-07,3.73652979260325e-08,4.21952508525899e-08,2.67824010970195e-08,5.98168983893534e-08,3.76841228726227e-08,5.03402247889316e-08,3.85692258778532e-08,2.600118471726e-08,1.22852142036068e-08,3.54056510108246e-08,2.19153770173263e-08,3.09165717242279e-08,2.36956245290133e-08,1.13284626731518e-08,1.01555551487821e-08,1.99710720279812e-08,1.11905748926304e-08,1.99788179617039e-08,1.06593339626467e-08,9.94713985203433e-09,6.21069268275662e-09,1.07001021353942e-08,9.51937734991885e-09,9.06849040019038e-09,8.73927764859585e-09,5.31406040445179e-09,5.71161241651456e-09,8.36073690262309e-09,8.61143150483883e-09,1.1809374291528e-08,5.16481512540986e-09,5.45406051491936e-09,8.37311327527901e-09,7.79670157848417e-09,1.05619093351693e-08,1.18167533608093e-08
1.74306610482927e-08,3.06346194969162e-08,7.89625019087521e-08,2.74068988323439e-08,5.52104151515359e-08,5.11145559357426e-08,3.67063667161081e-08,8.8769901744657e-08,3.59845875440268e-08,6.61011383433061e-08,6.94502349463113e-08,5.12133566829624e-08,1.10676480544125e-07,4.43760136951417e-08,2.62312352386983e-08,8.51424174989108e-08,4.27839975146147e-08,8.0267409823863e-08,3.75282926995281e-08,2.27473668251224e-08,1.87172741208512e-08,3.66017250360049e-08,2.22932720641441e-08,3.58641948887759e-08,2.01649031309587e-08,1.74479144911931e-08,1.0823778384871e-08,1.99012811991555e-08,1.85587976842058e-08,2.11034002836444e-08,1.60633216196038e-08,9.54851725134703e-09,7.89236523090827e-09,1.71761297381155e-08,9.52949648182755e-09,1.85494962622455e-08,8.92320004152254e-09,6.92453868866665e-09,5.84279286234604e-09,8.21551911947937e-09,7.1555057829037e-09,9.04358233725769e-09,6.27070163624561e-09,5.11782928388454e-09,4.82352452562144e-09,6.32284059110476e-09,6.80729836574334e-09,7.61367336074111e-09,1.12620967731908e-08,2.12432663298711e-08,5.48306403021506e-08,1.86717787629575e-08,3.88937940260169e-08,3.32545880244569e-08,2.78981942814223e-08,5.86239621028306e-08,2.82007416720772e-08,4.6939568613604e-08,5.21754142595311e-08,4.02270208774984e-08,7.02971364177266e-08,3.39263756131218e-08,1.90642611120821e-08,6.08079468725186e-08,2.85857182894621e-08,5.42428482952832e-08,2.98771143374123e-08,1.84630093329379e-08,1.37660141123411e-08,2.75107901376262e-08,1.70146294758955e-08,2.46318985771216e-08,1.64636237769097e-08,1.26190727719676e-08,7.87070487490978e-09,1.5338591557803e-08,1.18127122343446e-08,1.65237696095352e-08,1.21184417302498e-08,7.08480439945161e-09,5.74917577725937e-09,1.08809755549215e-08,5.46821110888808e-09,9.3160133711953e-09,6.62778943602447e-09,5.45886498940141e-09,4.54478555715881e-09,5.62204766287797e-09,6.03879717519896e-09,6.58762645743403e-09,4.75309415656994e-09,4.23841474519122e-09,1.47891668262587e-09,5.28257347269549e-09,2.74864348385759e-09,3.34470594484876e-09
2.06933232079859e-08,1.68827644292681e-08,3.15199861738571e-08,1.65625099414025e-08,2.68318025924703e-08,2.31131384514583e-08,2.20023142319537e-08,3.59916511037669e-08,9.15841944901938e-08,3.15181435260953e-08,7.0043776872862e-08,5.98702193799881e-08,4.43760136951417e-08,1.10505356908964e-07,5.18657555010282e-08,8.43123447539221e-08,9.10008657768856e-08,6.8266008047714e-08,9.71558609839819e-08,4.49644528464679e-08,2.10395558036114e-08,7.94897487243734e-08,3.99596499043129e-08,7.32775505088775e-08,4.09472894690828e-08,1.94079211540675e-08,1.87246342519873e-08,3.61886125337502e-08,1.99218909015863e-08,3.49254976691025e-08,1.76216600760419e-08,1.68658142636046e-08,1.00978295920472e-08,1.80193218158995e-08,1.80527405971217e-08,1.9432615347612e-08,1.55219588241733e-08,9.14269941092865e-09,8.64715383912658e-09,1.56916108798341e-08,1.13445945257228e-08,1.67052617327009e-08,8.78264967526631e-09,8.08517144932879e-09,5.22116026643696e-09,1.07919302369581e-08,7.19686849140811e-09,1.01299418424709e-08,1.62120918662756e-08,1.20098946813272e-08,2.44996901736604e-08,1.30141618079143e-08,1.86004807831004e-08,1.43909351681057e-08,1.718007033569e-08,2.59277886551525e-08,6.50390499014236e-08,2.2402539561004e-08,4.80667054966786e-08,4.12832987375633e-08,3.25879772303232e-08,7.68876554344138e-08,3.62159659218126e-08,5.78401813445007e-08,6.23879244363519e-08,4.57865901629633e-08,6.98981689501199e-08,3.44375556406496e-08,1.58263896273052e-08,5.87986058326836e-08,3.15067908062281e-08,5.45052593203489e-08,3.14811588077184e-08,1.45861137958379e-08,1.07662483369032e-08,2.89752969963481e-08,1.43457859072859e-08,2.58292022365386e-08,1.28893681031476e-08,9.77858282126218e-09,7.29225686475521e-09,1.26407211549198e-08,9.86340134614958e-09,1.09573479194031e-08,8.22170620258508e-09,6.99871920878296e-09,5.47675391811746e-09,8.56953694572682e-09,7.98651512881133e-09,7.68145173524521e-09,6.89990657909481e-09,5.3148921364342e-09,5.11779378260152e-09,7.84738768133354e-09,6.27047795019261e-09,9.80735980432183e-09
1.20101520673475e-08,2.2099855647381e-08,1.99660543213448e-08,2.705046114308e-08,1.84351912647697e-08,1.73555245229374e-08,2.66670036884552e-08,2.28435867421689e-08,4.62326901435691e-08,2.12259665189938e-08,4.2144002519662e-08,3.69538178228499e-08,2.62312352386983e-08,5.18657555010282e-08,1.43196647186493e-07,4.69154108025391e-08,1.01311781696974e-07,9.17035775012599e-08,4.49672247246225e-08,1.21519998427682e-07,4.37299428022085e-08,8.69269682347394e-08,9.08496380481531e-08,6.26582785249473e-08,1.1175838574792e-07,4.02798814682504e-08,2.36578476492395e-08,8.2859206091718e-08,3.86694154290126e-08,7.74023690022541e-08,3.70187137822891e-08,2.15357090562339e-08,2.69068573021888e-08,3.55020796473891e-08,2.31272939105306e-08,3.53300962299211e-08,1.89145760642816e-08,2.37042859540299e-08,1.03837573491358e-08,1.90065081964838e-08,2.28111081243054e-08,1.86453632850258e-08,2.22048639053819e-08,9.39263537471741e-09,6.19799843076517e-09,2.11783334433207e-08,9.81725725034512e-09,2.07293193986324e-08,9.50755294050734e-09,1.70884674634157e-08,1.70617936408121e-08,2.18174311287339e-08,1.36685506985774e-08,1.15311280137957e-08,2.00269522475275e-08,1.60624048349577e-08,3.55653943706647e-08,1.40389168473372e-08,2.89570570991414e-08,2.63463270097932e-08,1.79977381154989e-08,3.94897819323005e-08,8.6182457297865e-08,3.16618951115163e-08,6.75131612590242e-08,5.5107883619779e-08,3.56858493153965e-08,7.57248231698618e-08,3.28323755174108e-08,5.95750529179733e-08,6.555534630018e-08,4.93019720848072e-08,6.9852380772336e-08,3.02170280291947e-08,1.49725105224427e-08,6.05030356247108e-08,2.47709887526315e-08,5.11390885779622e-08,2.79834022800763e-08,1.40719904623334e-08,1.24898781141709e-08,2.29736047586519e-08,9.72455804314929e-09,2.06955124508707e-08,1.1596617207849e-08,1.02520311305681e-08,7.83628325760886e-09,7.62707493066016e-09,1.13136191459594e-08,9.63133951732144e-09,9.79817398729034e-09,7.15779062892787e-09,4.57665346647152e-09,1.06131894570928e-08,7.63544915186355e-09,1.06504268577702e-08
1.75279998005234e-08,2.84202548309627e-08,6.20397107337407e-08,2.48066137176264e-08,4.34727925602895e-08,3.79283379453972e-08,3.41517188443626e-08,6.94550349061588e-08,7.00403724328203e-08,5.13601865991377e-08,1.12639844853062e-07,8.74085639902993e-08,8.51424174989108e-08,8.43123447539221e-08,4.69154108025391e-08,1.36022681852072e-07,6.74005395961176e-08,1.12171885385057e-07,7.35278996168229e-08,4.03997970711231e-08,2.20216384360532e-08,5.83360484622694e-08,3.66663420195716e-08,5.43485072447997e-08,3.63991842567984e-08,2.03211683015393e-08,2.00645218797533e-08,3.30177816520088e-08,1.96592110643029e-08,3.15370964638119e-08,1.85801290821456e-08,1.86492161730186e-08,1.0969819702114e-08,1.80572826801487e-08,1.96387669623242e-08,1.88476654906059e-08,1.71827186912351e-08,9.53335692650252e-09,7.82037204023958e-09,1.7063852814478e-08,1.09046584898248e-08,1.78738764500523e-08,9.2383080434886e-09,7.44349619478869e-09,5.20196515993144e-09,1.03760642999273e-08,7.28992608788194e-09,1.02208225455413e-08,1.33431335929616e-08,1.95178437046522e-08,4.57752851673919e-08,1.96522757019672e-08,3.199834127087e-08,2.69413271232757e-08,2.40830544393359e-08,4.75349828728297e-08,5.05526857090253e-08,3.62999102475735e-08,7.96225129063256e-08,6.05997798395589e-08,5.81094538946972e-08,6.10475699285771e-08,3.35364325768332e-08,9.23663294103513e-08,5.05654500254768e-08,7.85988112762495e-08,5.48322804079435e-08,3.15971355748283e-08,1.60395296523933e-08,4.66986707649537e-08,2.87455343569126e-08,4.28090726373149e-08,2.86617416183538e-08,1.48176569496542e-08,1.09079990412846e-08,2.60024038130962e-08,1.42690694672751e-08,2.48124314286991e-08,1.37827859490816e-08,9.95844583457652e-09,6.67057926370642e-09,1.28358957931375e-08,9.24426755901434e-09,1.02277451560507e-08,8.62796691136800e-09,6.58811196217314e-09,4.66098873127604e-09,8.86230696203671e-09,7.60133734784318e-09,8.73886758135121e-09,6.27677005078381e-09,4.87109727163394e-09,5.42370072966653e-09,7.51787924218646e-09,6.42823820832759e-09,9.64240659617736e-09
2.14518889352446e-08,1.71550919556306e-08,3.06406582766571e-08,1.79472405292647e-08,2.58158779348394e-08,2.19702284780225e-08,2.12231374843349e-08,3.53438050072113e-08,7.68024322934247e-08,3.04335107381257e-08,5.81985510668576e-08,4.74816042669493e-08,4.27839975146147e-08,9.10008657768856e-08,1.01311781696974e-07,6.74005395961176e-08,1.53324536831557e-07,1.19771877570768e-07,7.94903273096594e-08,8.69245966308859e-08,3.9604877330164e-08,1.34708597464971e-07,6.32093424527158e-08,1.05875980677628e-07,8.03649892300452e-08,3.67631567259902e-08,2.19327510403465e-08,5.77722462121071e-08,3.3911773518937e-08,5.3915025443155e-08,3.36444554237269e-08,2.01199161883002e-08,2.66474694413199e-08,3.10119894588199e-08,2.19676825498012e-08,3.260587812717e-08,1.76992312488309e-08,2.33267770391318e-08,1.12939074334898e-08,1.83571274657418e-08,2.38051733843281e-08,1.87540826484683e-08,2.10860605923297e-08,9.92325064792573e-09,6.48403099764727e-09,2.12659454088958e-08,1.01415607322712e-08,2.19020868866506e-08,1.74900810660695e-08,1.24076326570987e-08,2.33113897363755e-08,1.37215015490182e-08,1.64774019485024e-08,1.2140593268036e-08,1.78238653340619e-08,2.58350641161425e-08,5.89938083421136e-08,2.12001650281799e-08,4.11276472323121e-08,3.47099803274642e-08,3.08264826845402e-08,6.81881024607569e-08,6.46000275251614e-08,4.70572161724403e-08,1.04054931907204e-07,7.66676122264194e-08,6.17010397326752e-08,5.86582068784975e-08,3.00751248728584e-08,9.43973896053879e-08,4.93584163287023e-08,7.95778494025476e-08,5.4295240783019e-08,2.80194481920474e-08,1.44474601118309e-08,4.56526293623468e-08,2.49089302872168e-08,4.09211573189827e-08,2.55194621169169e-08,1.32777834048846e-08,1.38037824354132e-08,2.27107699895639e-08,1.17062110590685e-08,2.05595927854817e-08,1.0163130659663e-08,1.11939486295351e-08,8.37923515261356e-09,8.90236384363031e-09,1.26116515455464e-08,8.46177069117642e-09,1.01660218494096e-08,7.6998834647073e-09,4.95242339259618e-09,1.14843824973574e-08,7.33185481528888e-09,1.1996852988813e-08
1.80859080387896e-08,2.70622847745694e-08,5.89785351943078e-08,2.50763195641313e-08,3.97482163546852e-08,3.44338851324586e-08,3.36587891131149e-08,6.6553601312499e-08,5.88136001691432e-08,4.76713631508239e-08,9.60468136777779e-08,7.14642085924369e-08,8.0267409823863e-08,6.8266008047714e-08,9.17035775012599e-08,1.12171885385057e-07,1.19771877570768e-07,1.75184184010916e-07,5.90688722492694e-08,7.85366823811995e-08,3.81268315332682e-08,1.04846858451118e-07,5.68560947640136e-08,8.03456168429455e-08,7.20620233110997e-08,3.50607836602993e-08,2.26876028102147e-08,5.16090462234452e-08,3.09101180110809e-08,4.72057792429108e-08,3.20454964314638e-08,2.03051826884541e-08,2.63580499691147e-08,2.80238592927054e-08,2.06999365265227e-08,2.81294408724849e-08,1.78792631956871e-08,2.29160830245753e-08,1.03389574112632e-08,1.71444756938048e-08,2.3222556138693e-08,1.80931168253712e-08,2.13308673866609e-08,9.50605530025454e-09,6.84348115722234e-09,2.1594844845728e-08,9.9149474627757e-09,2.24476601378082e-08,1.42752469945678e-08,1.70432321067618e-08,4.31387115252636e-08,1.80017293975092e-08,2.7305534709227e-08,2.18297994312638e-08,2.22698962186001e-08,4.46374406581222e-08,4.64322987191508e-08,3.16620456361714e-08,6.94710326064107e-08,5.08521959780894e-08,5.28798298998661e-08,5.28180064508741e-08,5.74823194355991e-08,7.75575450927178e-08,8.41172422792811e-08,1.14951464966009e-07,4.7217514731438e-08,5.20738049311491e-08,2.81865005566901e-08,7.4775404426607e-08,4.30011815076709e-08,6.07079454148426e-08,4.77938719515881e-08,2.60921068922327e-08,1.33292628078885e-08,3.91070371303144e-08,2.0925768797862e-08,3.58380395538449e-08,2.38915450496633e-08,1.17329843830191e-08,1.27871007248773e-08,1.87523246194044e-08,1.00946483620737e-08,1.71646257982203e-08,9.57740692940741e-09,1.07074562759024e-08,7.00282235599274e-09,8.47064172359618e-09,1.15539716617159e-08,8.02868537293555e-09,9.51589301611767e-09,6.85744833410796e-09,4.9242907307791e-09,1.08023822131359e-08,6.85565476816619e-09,1.1397026046719e-08
1.87209527063308e-08,1.51607759849014e-08,2.80144229255737e-08,1.45297997118804e-08,2.38693865040544e-08,2.1036997638766e-08,1.97654203945911e-08,3.20533139174315e-08,8.25512387990359e-08,2.81036558981859e-08,6.2973003714074e-08,5.40493027715367e-08,3.75282926995281e-08,9.71558609839819e-08,4.49672247246225e-08,7.35278996168229e-08,7.94903273096594e-08,5.90688722492694e-08,1.15555174520795e-07,5.37513227841673e-08,2.64010921340694e-08,9.52838429949293e-08,4.53680711796027e-08,8.44548519281856e-08,4.78904164436292e-08,2.3908884642352e-08,2.31384287962002e-08,4.01667055509828e-08,2.46509998318115e-08,3.94639572692934e-08,2.01382739242764e-08,2.08534097554413e-08,1.29993143196097e-08,2.06540682158161e-08,2.21203399969314e-08,2.20281001563783e-08,1.94540388560936e-08,1.17105510429025e-08,9.40459034450195e-09,1.94715860728554e-08,1.41132608527112e-08,2.085784788496e-08,1.13359014097365e-08,8.89547856405808e-09,5.6804264825205e-09,1.35924851711484e-08,9.05424589864424e-09,1.28749960543368e-08,1.53897094175363e-08,1.04376599349248e-08,2.15911288091464e-08,1.20042677392347e-08,1.49848487292841e-08,1.34260647525934e-08,1.53279051767373e-08,2.33140964172526e-08,6.04508541752831e-08,1.89140551884065e-08,4.35141376583915e-08,3.58500951899731e-08,2.81006320159237e-08,6.98901725966599e-08,3.44389334990627e-08,5.18584867152511e-08,5.87986430328257e-08,4.22293005352473e-08,8.04775835747861e-08,3.73513176551747e-08,1.6308676355675e-08,6.77405450306744e-08,3.03954394022124e-08,6.04889421871885e-08,3.45133179335393e-08,1.39975477232672e-08,1.62524128858091e-08,2.77223758513003e-08,1.57443818700324e-08,2.67504878471932e-08,1.42250319427821e-08,1.52885407808329e-08,1.06582257582716e-08,1.50558777424865e-08,1.4594012257653e-08,1.33487409372239e-08,1.37198384514743e-08,9.95485727574647e-09,5.88674156127797e-09,1.2584421896864e-08,1.04038877150388e-08,1.22587120902028e-08,9.76957981396844e-09,5.65572911883193e-09,6.67889297397264e-09,1.02048424791236e-08,7.21433246998772e-09,1.15301997254822e-08
