1.20130116902544e-07,4.80651344195699e-08,2.041403183519e-08,9.50687974783508e-08,4.64674139130956e-08,9.02330565242912e-08,4.15161047264595e-08,1.80629123564541e-08,1.79391306882921e-08,4.025321192111e-08,1.73889134397326e-08,4.01536093868083e-08,1.50917584233268e-08,1.57330730181121e-08,8.46020470440147e-09,1.45296667454008e-08,1.76326266345985e-08,1.52198916919053e-08,1.40810531993261e-08,7.42480492705311e-09,6.37601320769821e-09,1.57149338497165e-08,7.24725013490165e-09,1.36319694246298e-08,6.60746536839786e-09,5.76765963916966e-09,6.40168099204373e-09,6.59473526919144e-09,7.75250783707781e-09,9.20057608312619e-09,5.49398467711048e-09,5.46980402251909e-09,5.78681235049474e-09,6.686059929885e-09,6.60694771453382e-09,7.28242619978082e-09,4.29314232999527e-09,4.66808362606305e-09,2.76188004386255e-09,5.25560579010992e-09,4.84790812355631e-09,4.79572750008273e-09,3.80807576690852e-09,2.27165584138256e-09,2.86540263120367e-09,4.30207620409133e-09,2.82646026127521e-09,4.8565719808124e-09,9.5154944182148e-08,4.45354826553213e-08,1.54345810004949e-08,8.29923848586055e-08,3.96547424094418e-08,7.49972136758307e-08,3.82428959424135e-08,1.33643334064692e-08,1.32372272990852e-08,3.38982619738992e-08,1.2525164922974e-08,3.05484282929598e-08,1.11999951471895e-08,1.11295626015177e-08,7.11684372680661e-09,1.11311588458481e-08,1.04842742245094e-08,1.45473108968174e-08,1.02206204238704e-08,5.76999359602861e-09,4.34973359019606e-09,9.06133777343254e-09,4.3523876171718e-09,1.00585080157986e-08,5.47032561579383e-09,3.90295836692607e-09,3.8811667325642e-09,4.35031181318326e-09,6.83951856941438e-09,6.10729410292323e-09,3.57266841199534e-09,3.76678457743539e-09,4.34382714963745e-09,6.01410321008589e-09,5.57940888619867e-09,7.88516382691058e-09,2.94614047993879e-09,3.44308423892835e-09,2.74958398972412e-09,4.32198851497368e-09,3.2703328385429e-09,3.37668829635561e-09,2.5413722242078e-09,2.67686392591018e-09,1.42232836862453e-09,3.20156101114208e-09,2.50691727035221e-09,3.89654738584719e-09
4.80651344195699e-08,2.10949287316596e-07,5.80540615892111e-08,1.03450591808584e-07,1.76957050763933e-07,8.18043367954695e-08,1.82816670504209e-07,4.96550249219366e-08,2.11413715120693e-08,1.53878908310314e-07,4.70687294830789e-08,1.48252194656065e-07,4.11036262491905e-08,1.76538948294096e-08,1.84278744847692e-08,3.85489979969817e-08,1.92975748331463e-08,3.63275458310566e-08,1.53082339124189e-08,1.6467314933041e-08,1.05362722964748e-08,1.66515423578625e-08,1.95226701718241e-08,1.58970380011018e-08,1.49342279010991e-08,9.40112638331827e-09,1.17687419203159e-08,1.76950054321231e-08,1.18623829334909e-08,2.10949580097942e-08,8.79413801450374e-09,1.0950945240618e-08,8.83847615859935e-09,1.10351611147986e-08,1.12630640722225e-08,1.11825980875847e-08,8.42207762273378e-09,6.01159351722628e-09,4.43463287760984e-09,7.76348568323357e-09,9.0876384289172e-09,9.95635933172976e-09,4.85813849653663e-09,3.83495309220828e-09,4.03731107570916e-09,8.1984284637133e-09,5.06356935755695e-09,9.03277212989228e-09,4.56659151774685e-08,1.58819775914369e-07,4.46592638048366e-08,9.41313510974982e-08,1.2543560548238e-07,6.68070765892722e-08,1.36446979654847e-07,3.82086988429261e-08,1.48071312670822e-08,1.09814222160766e-07,3.26979112123822e-08,9.53634130419853e-08,3.33279859296517e-08,1.29126710654418e-08,1.21348391511727e-08,2.80468041163785e-08,1.28436953067692e-08,2.51027989147568e-08,1.1601487016156e-08,1.02960068655131e-08,8.38707348616538e-09,1.13530984512795e-08,1.37429682513838e-08,1.15635009126349e-08,1.09757856202101e-08,7.53297157334389e-09,8.24205254849814e-09,1.36216886919797e-08,9.06074046191522e-09,1.48891825271839e-08,6.67429709090202e-09,7.44946580620654e-09,7.05139648861299e-09,8.24321348100613e-09,8.33818231591281e-09,7.88129806843581e-09,5.00852081311737e-09,4.75901918468199e-09,3.52707843414363e-09,5.18679264519615e-09,6.20153797746932e-09,6.23014844117945e-09,3.35691227862815e-09,2.75126658716612e-09,3.30729608134263e-09,5.05297340313807e-09,4.65690913754729e-09,8.00732342786506e-09
2.041403183519e-08,5.80540615892111e-08,1.36864632468327e-07,4.91667176340327e-08,1.04662025825825e-07,9.22298613016076e-08,4.97133108358012e-08,1.12627092602852e-07,4.14136708375425e-08,8.67359442256261e-08,9.40002365585978e-08,6.94731553256867e-08,9.28972920767811e-08,3.3500186550707e-08,1.69081435556896e-08,7.63068688502147e-08,3.1717971775523e-08,6.99712059191527e-08,2.93647522903305e-08,1.48043134881449e-08,1.62737631551654e-08,2.77362253103513e-08,1.63755340199164e-08,2.54865559084309e-08,1.25803844169031e-08,1.42717534972075e-08,9.81413627647783e-09,1.42108353334163e-08,1.68900873209157e-08,1.54505219099469e-08,1.31388315318946e-08,9.00030342688609e-09,5.9987178261878e-09,1.52699660698625e-08,8.88418972735236e-09,1.62816657835183e-08,8.1800067177775e-09,5.20398659301861e-09,3.35424173201658e-09,8.1069674102293e-09,6.5995124003828e-09,8.93791858733476e-09,4.66077319262793e-09,2.79399294584874e-09,3.16245439319773e-09,6.02686352055765e-09,3.35592425402816e-09,6.06472977389341e-09,1.25315848466098e-08,4.42893883513592e-08,1.08330710147654e-07,3.83012473711165e-08,8.56126860351574e-08,7.1811095498153e-08,3.9220702621448e-08,8.76807390316152e-08,3.44267957116349e-08,7.28960681070791e-08,7.13075047750615e-08,5.53301807214129e-08,7.54496156586874e-08,2.90617129205908e-08,1.40312632137819e-08,6.04457827320387e-08,2.92738884869384e-08,5.7092256494628e-08,2.58647639360446e-08,1.15642568426316e-08,1.21457761791792e-08,2.58673147476702e-08,1.15063677931594e-08,2.1564812494611e-08,1.11803506799062e-08,1.04882957364446e-08,6.09067265629061e-09,1.09226031519172e-08,1.27729142464651e-08,1.09466041505473e-08,9.56947150507228e-09,5.69607684956883e-09,5.00927710053851e-09,1.16798993485573e-08,4.69505689043108e-09,1.15459717779378e-08,4.95205568502451e-09,4.10754202304231e-09,2.50836837668201e-09,4.19724602748527e-09,6.05564402246004e-09,5.2184307037537e-09,3.80294472900548e-09,2.23944275325284e-09,2.88417031969105e-09,5.51508345018377e-09,2.95667338914662e-09,6.76044874453536e-09
9.50687974783508e-08,1.03450591808584e-07,4.91667176340327e-08,1.66342055633275e-07,8.14258552559952e-08,1.3595613731089e-07,8.61488028333296e-08,4.0996882019206e-08,1.96183748965202e-08,6.87275112046092e-08,3.726275279944e-08,6.36423817199346e-08,3.44909454788036e-08,1.64745849788051e-08,1.77590264610579e-08,3.12060188077694e-08,1.67677845535712e-08,2.9440691178332e-08,1.4477676317129e-08,1.57407930149679e-08,9.18891787929703e-09,1.44374237320504e-08,1.64502456053006e-08,1.20522011690874e-08,1.39628104684191e-08,8.08559609335377e-09,9.04122234766502e-09,1.4645894047253e-08,1.07995047748158e-08,1.84490929953141e-08,7.62895395677575e-09,7.93040555809678e-09,6.52802665753689e-09,9.53129743639981e-09,8.71480855880342e-09,1.0326469196158e-08,6.87628239356123e-09,5.42912926081155e-09,4.14360471232638e-09,7.27693405565923e-09,6.49684730882007e-09,7.48626705790562e-09,4.71199386195221e-09,3.86692025129548e-09,3.73424951872331e-09,6.12871468067183e-09,4.4982197870888e-09,6.44191408986758e-09,7.46060166403052e-08,9.01325122000958e-08,3.64856569084105e-08,1.40610715293771e-07,6.23992085412403e-08,1.07654340813787e-07,7.39558506677204e-08,3.06188762982813e-08,1.66151712375626e-08,5.27500456645895e-08,2.55452259437791e-08,4.72448859000156e-08,2.66950617194559e-08,1.40285150557685e-08,1.35450824705854e-08,2.23828706058368e-08,1.45162808847768e-08,2.31420886601935e-08,1.26484008719857e-08,1.15947779276525e-08,8.27573646045799e-09,1.26939058914661e-08,1.29617764532292e-08,1.15278934505963e-08,1.15189559361955e-08,7.17834774164404e-09,5.02760273939466e-09,1.25372664056861e-08,9.18869193194633e-09,1.33207053168145e-08,6.52053280761808e-09,4.87929378928085e-09,4.90127747424022e-09,8.2234419952478e-09,5.75429443632782e-09,8.25377632171082e-09,4.15179084602005e-09,4.28604246737033e-09,3.90966582974881e-09,4.79009665498372e-09,5.451519161757e-09,4.9375821795409e-09,3.31127551713623e-09,3.71697606464822e-09,2.8098692938271e-09,4.77540534456737e-09,3.73321679808236e-09,5.79485213605154e-09
4.64674139130956e-08,1.76957050763933e-07,1.04662025825825e-07,8.14258552559952e-08,2.56512611512912e-07,1.35441002699922e-07,1.53907569891325e-07,8.66887061784814e-08,3.72791219294341e-08,2.18805681572577e-07,7.10262964232384e-08,1.93768097258026e-07,7.1811186709128e-08,3.06157823938093e-08,1.74224740986666e-08,5.78432148427342e-08,3.02299624751749e-08,5.23938212977084e-08,2.66010226869957e-08,1.47370308692956e-08,1.87932224066391e-08,2.59540363039259e-08,1.70536392740358e-08,2.36380152034749e-08,1.28109751814575e-08,1.65122486326392e-08,1.25954332044e-08,1.48704878746707e-08,2.02171236562587e-08,1.62822871518258e-08,1.53229633177734e-08,1.17569231184035e-08,8.02236478496756e-09,1.86826549216995e-08,1.18663319814198e-08,1.9157009180641e-08,9.6578058004073e-09,6.07442292630654e-09,5.16998416013289e-09,9.33903232105001e-09,9.32605188953183e-09,1.19233128607753e-08,5.38970657058135e-09,4.80174246118638e-09,4.8866471921026e-09,8.84091599501319e-09,5.91439091182105e-09,9.16027368208323e-09,4.17740337708656e-08,1.32215505608217e-07,7.93703141444083e-08,7.12961218824227e-08,1.86572498720432e-07,1.05212659540163e-07,1.15780260438331e-07,6.75349165296159e-08,2.53752610425993e-08,1.60620801789945e-07,4.89626078976547e-08,1.27318046514911e-07,5.79475345315354e-08,2.11762437788805e-08,1.21725000707748e-08,4.07314443284417e-08,2.22778066224238e-08,3.87165737812491e-08,1.87934014181939e-08,9.09318827195375e-09,1.3000322774505e-08,1.91513638517518e-08,9.10761628399476e-09,1.63390486529702e-08,9.98362432213815e-09,1.12555697737252e-08,8.17743858717919e-09,9.42687485160752e-09,1.44749738835395e-08,1.05999837095918e-08,1.02550416881892e-08,7.15744033130599e-09,7.02246063145282e-09,1.31990822028856e-08,6.97260200125601e-09,1.26328689491471e-08,4.82838705218077e-09,5.03736536176923e-09,2.90790601866107e-09,4.77546331890537e-09,6.58200999419996e-09,5.93475425625615e-09,4.23216029327933e-09,3.08427401859702e-09,4.62757738098717e-09,6.56143868194227e-09,4.77646416256244e-09,9.07059649708041e-09
9.02330565242912e-08,8.18043367954695e-08,9.22298613016076e-08,1.3595613731089e-07,1.35441002699922e-07,2.05919373508012e-07,6.85175766589404e-08,7.55965343704509e-08,3.46661465318286e-08,1.12734589895629e-07,5.81733362250559e-08,9.2067262685835e-08,6.26231212839914e-08,2.85651513141046e-08,1.60644571804558e-08,4.76946938316706e-08,2.69550301398868e-08,4.31794532870542e-08,2.52439741470442e-08,1.41219284574558e-08,1.71737209815258e-08,2.35048228347888e-08,1.45281958423869e-08,2.00472748403989e-08,1.23263533649875e-08,1.52821209927781e-08,9.69692367170083e-09,1.28152428821498e-08,1.76989888297965e-08,1.53397577863202e-08,1.43579343873697e-08,8.81057624495732e-09,6.69244656463755e-09,1.61339125982017e-08,9.73486563062529e-09,1.84255820499669e-08,8.19786125465153e-09,6.10322861513099e-09,5.0649128639969e-09,9.02042371823341e-09,7.15837452960297e-09,9.33522276881257e-09,5.75603697393189e-09,4.58908198586345e-09,4.53334217660722e-09,6.80402568443119e-09,5.38562998307342e-09,6.82844531847711e-09,6.90219639238455e-08,6.72967544048798e-08,7.04836418467148e-08,1.10182306878509e-07,1.04624121058566e-07,1.58240201457174e-07,5.74041655118605e-08,5.87684668040194e-08,2.92668613565335e-08,8.76384005362599e-08,4.2493370934903e-08,6.89536139305453e-08,5.04469621256297e-08,2.46867960006183e-08,1.27473601729771e-08,3.59877749722764e-08,2.56269214646632e-08,3.42335857961214e-08,2.17935753405969e-08,1.10097212653297e-08,1.418665798893e-08,2.24068772255591e-08,1.12701448723332e-08,1.80724006140248e-08,1.13880477505077e-08,1.26187173192678e-08,5.70122861163259e-09,1.14105503951832e-08,1.38254096087747e-08,1.11978579103345e-08,1.17705640855522e-08,5.68864524670763e-09,5.44341852422982e-09,1.28165772275602e-08,5.86797210353151e-09,1.27103181742839e-08,5.21815801222642e-09,4.92369391770222e-09,3.93050927464325e-09,5.39908346958015e-09,6.54444960017856e-09,6.33933862425054e-09,4.48167599011383e-09,4.07147440192455e-09,4.05412646673622e-09,6.41374092298573e-09,4.46749168783472e-09,6.86093707661325e-09
4.15161047264595e-08,1.82816670504209e-07,4.97133108358012e-08,8.61488028333296e-08,1.53907569891325e-07,6.85175766589404e-08,2.2931329941148e-07,5.7835325310348e-08,2.89235255002379e-08,1.86012066832923e-07,5.69330524978971e-08,1.80413708410339e-07,4.7598771105798e-08,2.4676511717748e-08,2.34369977442776e-08,4.66168686215287e-08,2.39114648490013e-08,4.38586933425276e-08,2.15682417702953e-08,2.06692883609122e-08,1.21058522432033e-08,2.07296973954078e-08,2.39060254406525e-08,1.93602162363036e-08,1.87172006258834e-08,1.07713864341922e-08,1.45637722788417e-08,2.15988141165198e-08,1.41740436937131e-08,2.63371771872616e-08,9.86009904501882e-09,1.34882099196276e-08,1.05634027009948e-08,1.30734547001018e-08,1.26086013873098e-08,1.28818428254e-08,1.0493224921203e-08,7.21896187515036e-09,4.90471910193808e-09,8.84142593811437e-09,1.00345777742567e-08,1.10859867865049e-08,5.84064586872345e-09,4.01899437223195e-09,5.22793084538858e-09,8.83427884778391e-09,6.07315999923885e-09,1.06985021672762e-08,3.92631195572557e-08,1.36473051323376e-07,3.82327102822886e-08,7.81920648608944e-08,1.0985066461697e-07,5.71324297002639e-08,1.69711470242476e-07,4.85921304541952e-08,2.44507668970041e-08,1.36383379190716e-07,4.34076127239277e-08,1.23021031403479e-07,4.1490398817892e-08,2.14382211020056e-08,1.61491265589122e-08,3.5642032888808e-08,2.02232561513969e-08,3.42736107744887e-08,1.90995638925532e-08,1.35025023831335e-08,9.41023571133261e-09,1.79094918196213e-08,1.58979183813491e-08,1.44223571037431e-08,1.36461726921796e-08,8.52608716869713e-09,1.0160813449868e-08,1.54795541954163e-08,1.18942629604865e-08,1.81389661809566e-08,7.36055106727211e-09,9.25356546648659e-09,9.18604562729684e-09,1.06774363543521e-08,9.4519734654772e-09,9.57206605596556e-09,6.58415936237535e-09,6.90022643874264e-09,3.92123084700671e-09,6.2678692250396e-09,8.24119356385306e-09,7.51726096789268e-09,5.55262979384688e-09,3.02768353367294e-09,4.25652834489822e-09,7.09867857230353e-09,5.57607155390267e-09,1.0872825900812e-08
1.80629123564541e-08,4.96550249219366e-08,1.12627092602852e-07,4.0996882019206e-08,8.66887061784814e-08,7.55965343704509e-08,5.7835325310348e-08,1.29278873690291e-07,4.78682058221972e-08,1.01058880924596e-07,1.07739421213361e-07,8.22015030130139e-08,1.06423189084296e-07,3.92496177435204e-08,1.86303915019501e-08,8.77077346759162e-08,3.74557913549443e-08,7.96957500849673e-08,3.41301576629825e-08,1.55178987843007e-08,1.86570366811121e-08,3.19444740010403e-08,1.67278081523091e-08,2.80831312340215e-08,1.32204473652758e-08,1.64005596601239e-08,1.23193118723932e-08,1.45679418097476e-08,2.04778206256489e-08,1.67838528635965e-08,1.51305386859742e-08,1.13297994769624e-08,8.74275678906123e-09,1.85985954698755e-08,1.14492108764162e-08,2.00751819487468e-08,9.95076703491774e-09,7.83458293157859e-09,3.52294472122826e-09,1.01743761742922e-08,8.4296715264902e-09,1.03702455364023e-08,6.38626760393700e-09,2.61374368892489e-09,3.62911122561307e-09,7.30016096859488e-09,3.699920930117e-09,8.05149512546582e-09,1.15890897278271e-08,3.92123415532053e-08,8.76645884215292e-08,3.43461407714512e-08,7.28755616439025e-08,6.25120888209591e-08,4.7086667591103e-08,1.03998832263257e-07,3.92042932884888e-08,8.43449870097066e-08,8.50655687163118e-08,6.58854498305893e-08,8.77486355389118e-08,3.36521337736717e-08,1.6137603900869e-08,7.06516647398789e-08,3.40598661669036e-08,6.7439684972053e-08,2.96760182100523e-08,1.23881465363436e-08,1.32571317643668e-08,2.91362537469854e-08,1.22764270198679e-08,2.3790754793262e-08,1.17234051705995e-08,1.16245335729963e-08,8.03745670635996e-09,1.13019908164338e-08,1.47820604736204e-08,1.16367328205745e-08,1.06764261865961e-08,7.44410492846336e-09,7.59841632729482e-09,1.35062982324996e-08,6.58964615677051e-09,1.40090772490685e-08,6.08274455313048e-09,6.5617418488689e-09,2.38834911672243e-09,5.60194220909219e-09,7.81172750987895e-09,5.58005210926236e-09,6.17138169002511e-09,1.64793705492382e-09,3.18796852895503e-09,7.05956085703168e-09,3.01726081202357e-09,9.10288833944094e-09
1.79391306882921e-08,2.11413715120693e-08,4.14136708375425e-08,1.96183748965202e-08,3.72791219294341e-08,3.46661465318286e-08,2.89235255002379e-08,4.78682058221972e-08,1.23295604157587e-07,4.50775592447752e-08,9.66402860789376e-08,8.73844048336558e-08,3.92697142413138e-08,1.0320096113564e-07,3.90416174877325e-08,7.90146070112834e-08,8.12115393283522e-08,6.27425242225917e-08,8.7219388397449e-08,3.27004996031739e-08,1.35986673683234e-08,6.86061794883791e-08,2.8072296571225e-08,5.84412475164593e-08,2.85090805621537e-08,1.18316209556118e-08,1.75863817510864e-08,2.4661030711091e-08,1.37330781497685e-08,2.4555460338852e-08,1.02169733647553e-08,1.60495503914231e-08,1.12874848016585e-08,1.1620671112967e-08,1.69034612975831e-08,1.24406695773634e-08,1.31398701983261e-08,8.46622561533956e-09,5.27499358563374e-09,1.32426272478891e-08,8.64148880527645e-09,1.37925132154027e-08,7.12076442505767e-09,4.32122166978379e-09,5.68837315382597e-09,7.36300490552548e-09,5.95251542619082e-09,8.98637438857913e-09,1.24743483631286e-08,1.49208600057913e-08,3.53363478425664e-08,1.64583115963744e-08,3.51408005912214e-08,3.10841970749669e-08,1.77493599472758e-08,4.1688346433265e-08,9.80188586133442e-08,4.16154760658867e-08,7.72552084863474e-08,7.00948901385953e-08,3.4651217592247e-08,8.268553039636e-08,3.22035080858177e-08,6.28051883898173e-08,6.82415829322085e-08,5.49550532008172e-08,6.86243199329263e-08,2.54154050643197e-08,8.80839135415937e-09,5.60632050681238e-08,2.0225280136649e-08,4.4578705763209e-08,2.28431926144513e-08,7.37255469496903e-09,1.10058330605731e-08,1.81506814945158e-08,9.39155846894733e-09,1.56293676384815e-08,6.70517558174087e-09,1.00457731655656e-08,8.66250807456795e-09,8.72796351590608e-09,1.00418818787048e-08,8.66442783428195e-09,7.52822135911875e-09,6.43226667469411e-09,4.16854748194929e-09,7.25217568465029e-09,6.39674041173661e-09,7.30430114380373e-09,5.44350567624069e-09,3.42735445928512e-09,4.87642573485423e-09,5.68651065945315e-09,5.09229314969255e-09,8.66609127656093e-09
4.025321192111e-08,1.53878908310314e-07,8.67359442256261e-08,6.87275112046092e-08,2.18805681572577e-07,1.12734589895629e-07,1.86012066832923e-07,1.01058880924596e-07,4.50775592447752e-08,2.60436479185016e-07,8.44290853996238e-08,2.32595615179675e-07,8.30039045786585e-08,3.73398904638261e-08,1.93914652074899e-08,6.85190143794739e-08,3.52957109936487e-08,6.2254442573545e-08,3.26066591094033e-08,1.59054859590261e-08,2.0959906203984e-08,3.00272741876103e-08,1.8430959884571e-08,2.6508231656069e-08,1.37866440652531e-08,1.83953497327571e-08,1.60690560406958e-08,1.60758275776999e-08,2.32201557783445e-08,1.87478213692367e-08,1.70800863739443e-08,1.49758313351403e-08,1.03114022126901e-08,2.14967470649842e-08,1.38879786712635e-08,2.14946010802692e-08,1.20050352615056e-08,7.99414476707822e-09,5.14128371702471e-09,1.06801921534527e-08,1.03763214474053e-08,1.27068952597907e-08,6.91462838691289e-09,4.54159450419426e-09,5.70532052703792e-09,9.62376727411802e-09,6.38002492384764e-09,1.10672560567919e-08,3.62068714928733e-08,1.15797278843064e-07,6.7546434775463e-08,6.2051843107162e-08,1.60640252849959e-07,9.08868761523142e-08,1.38707726741848e-07,8.32556548007841e-08,3.13727828670334e-08,1.92969283290575e-07,6.34489685172938e-08,1.58723181827278e-07,7.09870852024638e-08,2.7071254351993e-08,1.47498865957391e-08,5.16225856082591e-08,2.87130941728197e-08,5.18978568247579e-08,2.42182057501435e-08,1.08043204835293e-08,1.40109451085886e-08,2.49159596471134e-08,1.02176483043605e-08,1.82515464560526e-08,1.10979308353546e-08,1.22290698299618e-08,1.11067814924563e-08,9.94961838899576e-09,1.73106870817231e-08,1.29532349058443e-08,1.11567688442639e-08,9.86862712980655e-09,1.07358323281354e-08,1.57609299044331e-08,8.82574356355677e-09,1.47379714904983e-08,6.76119282699081e-09,8.51789881731423e-09,2.64284850316086e-09,5.98498925593154e-09,9.37419484878136e-09,6.39336296717729e-09,7.43326440586638e-09,2.32610037040895e-09,4.83156559951239e-09,8.89561436531206e-09,5.02122305996334e-09,1.3063204345136e-08
1.73889134397326e-08,4.70687294830789e-08,9.40002365585978e-08,3.726275279944e-08,7.10262964232384e-08,5.81733362250559e-08,5.69330524978971e-08,1.07739421213361e-07,9.66402860789376e-08,8.44290853996238e-08,1.71053236578226e-07,1.38185761426415e-07,8.77348036783676e-08,7.90094375532937e-08,3.43165340384548e-08,1.3818163222426e-07,6.30806784880672e-08,1.12762462798198e-07,6.77115223973883e-08,2.84764776622838e-08,1.5593996883213e-08,5.33849049306508e-08,2.65831818437492e-08,4.48423526466334e-08,2.46497877543269e-08,1.36997129759372e-08,2.10953462359674e-08,2.33507847382389e-08,1.6475633600888e-08,2.38135772288079e-08,1.20220006262285e-08,1.94378611841436e-08,1.24910631356582e-08,1.40235665952927e-08,1.91571160555459e-08,1.42586460134115e-08,1.63619637303164e-08,1.05403537010191e-08,5.49163230301063e-09,1.58441303127554e-08,1.06422587373671e-08,1.58911697343369e-08,8.5948011118112e-09,4.05801170866111e-09,5.84382129119983e-09,8.93490910352528e-09,6.04820163103447e-09,1.06697198215122e-08,1.09018286452815e-08,3.3884648294252e-08,7.07646696331756e-08,3.06183236539466e-08,5.78861577225935e-08,4.62383939960085e-08,4.07478926686001e-08,8.54445984638332e-08,7.61436246842973e-08,6.87055678490668e-08,1.32559918178175e-07,1.04039601151973e-07,7.1608649312907e-08,6.3572667518313e-08,2.82945188145166e-08,1.08031074602575e-07,5.5222853252359e-08,9.40933467438195e-08,5.42783961416702e-08,2.16859955539262e-08,1.10845421383056e-08,4.56152821199655e-08,1.96292669959772e-08,3.54139699074703e-08,2.07237189838695e-08,9.8584897903374e-09,1.35744054426043e-08,1.8860362307781e-08,1.08990234468575e-08,1.58040656850543e-08,8.85265826284222e-09,1.26555017144938e-08,1.12583654833306e-08,9.99670657639153e-09,1.2490990591558e-08,1.04906864723762e-08,9.91263094210036e-09,9.60536781179879e-09,4.04075201925488e-09,1.01270797657779e-08,9.18440178593439e-09,8.36469216828777e-09,8.14008091942392e-09,2.96410244211568e-09,4.86208295244345e-09,7.8863532421171e-09,4.9777190897904e-09,1.16584104369617e-08
4.01536093868083e-08,1.48252194656065e-07,6.94731553256867e-08,6.36423817199346e-08,1.93768097258026e-07,9.2067262685835e-08,1.80413708410339e-07,8.22015030130139e-08,8.73844048336558e-08,2.32595615179675e-07,1.38185761426415e-07,3.21905596538123e-07,6.68453618502402e-08,7.23600393675802e-08,3.36594117858415e-08,1.12612246490089e-07,5.87095872482452e-08,9.31175189591974e-08,6.21977908270592e-08,2.74295359385887e-08,1.56805935746287e-08,4.94464854128026e-08,2.72087234999609e-08,4.22784093494465e-08,2.33349759884915e-08,1.35754216450914e-08,2.37837399132848e-08,2.36874155941646e-08,1.66490401804539e-08,2.38890039739668e-08,1.20181716674944e-08,2.22152275898805e-08,1.37425633248763e-08,1.45305657201652e-08,2.08369642415929e-08,1.35123804242518e-08,1.76776984135233e-08,1.11672770561595e-08,7.49056575166375e-09,1.62739229052235e-08,1.31536751182513e-08,1.83184860467674e-08,9.34771723967213e-09,6.29209851919492e-09,7.46969605898489e-09,1.16382828805607e-08,8.69427415924363e-09,1.35994538914899e-08,3.63430816571285e-08,1.09794558185656e-07,5.3666920247589e-08,5.64928192998694e-08,1.41566204881784e-07,7.15741850890703e-08,1.3173340306112e-07,6.71951015900485e-08,6.09604741777207e-08,1.71173036255547e-07,1.01298763472283e-07,2.13323911670942e-07,5.64231286970056e-08,5.22989629398545e-08,2.74237777760504e-08,8.29116385302583e-08,4.98439354258238e-08,7.71725678362907e-08,4.47402312195883e-08,2.10800309597783e-08,1.07139438057483e-08,4.16328655228418e-08,1.79231951356903e-08,3.06340994284792e-08,2.06867842996646e-08,9.31690726604213e-09,1.38253829558589e-08,1.78205472998497e-08,1.11891000371424e-08,1.62869315158542e-08,8.20084723332679e-09,1.24994463658187e-08,1.432573426183e-08,1.00823129530036e-08,1.21119781790443e-08,9.33870345047785e-09,8.50541090205813e-09,1.15614944462789e-08,4.36006237154031e-09,8.69711625183313e-09,1.08285196182034e-08,7.7312002642098e-09,9.54542591562914e-09,3.62081303451478e-09,5.77875153662282e-09,9.80249173720729e-09,6.92992405137105e-09,1.54149359579045e-08
1.50917584233268e-08,4.11036262491905e-08,9.28972920767811e-08,3.44909454788036e-08,7.1811186709128e-08,6.26231212839914e-08,4.7598771105798e-08,1.06423189084296e-07,3.92697142413138e-08,8.30039045786585e-08,8.77348036783676e-08,6.68453618502402e-08,1.37059885724964e-07,5.24547136445882e-08,2.46410139608561e-08,1.13259360495419e-07,4.99504182812543e-08,1.04326406144781e-07,4.37987408609195e-08,1.96988964912598e-08,2.21127555517343e-08,4.05221112226789e-08,2.02812063063034e-08,3.57243374374448e-08,1.64428262606566e-08,1.86711212918183e-08,1.30235082693464e-08,1.70048585871133e-08,2.32756981900878e-08,1.942913270451e-08,1.67313821196029e-08,1.1966810274778e-08,9.74555723812731e-09,2.03894251946955e-08,1.29429957413567e-08,2.16720973257109e-08,1.04055837678716e-08,8.73087826777032e-09,4.32507640205393e-09,1.13684360148165e-08,9.39449124760544e-09,1.10078417433369e-08,7.42754620611738e-09,3.50068561372508e-09,4.56137118490515e-09,8.28956055556028e-09,4.5117502999739e-09,8.91716220948152e-09,1.00619977025247e-08,3.40036146103348e-08,7.53931142378664e-08,3.07924376784706e-08,6.1099430606096e-08,5.37626477004478e-08,4.10013882500068e-08,8.77364006072281e-08,3.36531587582081e-08,7.20081990670248e-08,7.06608413655806e-08,5.48738914421987e-08,1.21098049680207e-07,4.58897504188621e-08,2.00817629817494e-08,9.64575046921115e-08,4.60792224938083e-08,9.26965683521212e-08,3.97247763222848e-08,1.5360777310719e-08,1.55370509799878e-08,3.86029158704128e-08,1.46069675825133e-08,3.23786132223856e-08,1.37035357814567e-08,1.30426670004635e-08,8.51886220536686e-09,1.27037585678364e-08,1.62628265764666e-08,1.38841905855773e-08,1.15371370385123e-08,7.74436318654057e-09,8.20296968110715e-09,1.4412830249212e-08,7.90816096907112e-09,1.44864885946422e-08,6.17323894411467e-09,7.29395048755556e-09,3.01522574536158e-09,7.3622938936356e-09,8.55499265301163e-09,6.85545862889803e-09,6.85553994430251e-09,2.19614730823944e-09,3.51978261135724e-09,7.74547264707279e-09,3.41625234009483e-09,9.33750778399445e-09
1.57330730181121e-08,1.76538948294096e-08,3.3500186550707e-08,1.64745849788051e-08,3.06157823938093e-08,2.85651513141046e-08,2.4676511717748e-08,3.92496177435204e-08,1.0320096113564e-07,3.73398904638261e-08,7.90094375532937e-08,7.23600393675802e-08,5.24547136445882e-08,1.31387406270236e-07,5.21516615989678e-08,1.02830803726863e-07,1.06682908398596e-07,8.45473687778209e-08,1.08220371308957e-07,4.16076436409061e-08,1.73289040332593e-08,8.60775390503556e-08,3.56150996330166e-08,7.33996388663044e-08,3.58310195739084e-08,1.41410516522848e-08,1.88712897312111e-08,3.06574688102829e-08,1.61959908420448e-08,3.0748317947757e-08,1.17601712043127e-08,1.70403880227664e-08,1.27240210554333e-08,1.32585079734752e-08,1.8961266600017e-08,1.50268067300606e-08,1.41501045671112e-08,9.72049349993978e-09,5.90674851992897e-09,1.50650561004735e-08,9.58414576185222e-09,1.4972905416557e-08,8.40901399972146e-09,5.07271871169217e-09,5.99536208838169e-09,8.32267124700602e-09,6.51237286009546e-09,9.8823691692827e-09,1.1327947496146e-08,1.35085661534918e-08,2.90895093213352e-08,1.45938922574488e-08,2.87651115900991e-08,2.63717929417714e-08,1.63419711785694e-08,3.46285795004719e-08,8.26752345447603e-08,3.51030001745207e-08,6.27963020468988e-08,5.72954134344368e-08,5.04685203395518e-08,1.07822056771903e-07,4.08294366647315e-08,8.55905850956132e-08,9.08226114531898e-08,7.51896074622126e-08,8.95506687182318e-08,3.19591386787432e-08,1.05117639389077e-08,7.46454963320437e-08,2.59943641302526e-08,5.98164235111509e-08,2.77026034797674e-08,9.92800116776179e-09,1.20767659512869e-08,2.32912128286446e-08,1.09031339993138e-08,2.00472004835167e-08,8.73837562553928e-09,1.07735173529387e-08,9.81876057246008e-09,9.70598977313565e-09,1.16120205697039e-08,1.02775020495676e-08,8.18764039622913e-09,7.53245594806658e-09,4.43629038041976e-09,9.11499250449789e-09,7.26719244420441e-09,8.55003550827823e-09,6.48193336531593e-09,3.70622199182048e-09,5.12133968138033e-09,6.50356938575909e-09,5.68712037345762e-09,9.51813364429318e-09
8.46020470440147e-09,1.84278744847692e-08,1.69081435556896e-08,1.77590264610579e-08,1.74224740986666e-08,1.60644571804558e-08,2.34369977442776e-08,1.86303915019501e-08,3.90416174877325e-08,1.93914652074899e-08,3.43165340384548e-08,3.36594117858415e-08,2.46410139608561e-08,5.21516615989678e-08,1.3503923677339e-07,4.62359441371269e-08,1.05188627808122e-07,9.2957396884209e-08,4.16312796458493e-08,1.03194493519415e-07,3.62972976238614e-08,8.03733814469107e-08,7.74365095073802e-08,5.77759963577307e-08,8.84524066329999e-08,2.9663702783286e-08,1.66490329595045e-08,6.59282677958418e-08,2.71625181642994e-08,6.04091380972604e-08,2.47201252305575e-08,1.47170864754441e-08,1.89079011055393e-08,2.26462965691224e-08,1.79877200419743e-08,2.56979957391008e-08,1.20196850152831e-08,1.62835834889528e-08,7.60092191473358e-09,1.37608324657565e-08,1.65204775815306e-08,1.34756152616355e-08,1.4085713612533e-08,6.17912036835659e-09,6.38342968738999e-09,1.43783470426813e-08,7.20391510306112e-09,1.63449156122351e-08,6.19715319030932e-09,1.65092938613144e-08,1.68492356302871e-08,1.58227497449574e-08,2.09791797918549e-08,1.7632377475528e-08,2.14027641078052e-08,1.91228428934305e-08,3.52409051419697e-08,2.26438129778157e-08,2.67346199489153e-08,3.09031520956141e-08,2.610293556263e-08,4.76825553021027e-08,1.00173348966606e-07,4.00714804538868e-08,8.88958012550313e-08,8.01659624956414e-08,3.79259209994104e-08,7.66332206703621e-08,2.76501873339873e-08,6.70940891876544e-08,5.79267188202442e-08,4.85843318373016e-08,6.66796036236308e-08,2.33340307662978e-08,1.21816906318051e-08,5.09519692763501e-08,1.82720490691389e-08,4.17774438368043e-08,1.98036254140636e-08,1.08100258970144e-08,1.57996250100217e-08,1.59534441228587e-08,1.41144611614439e-08,2.03811160741181e-08,8.61727565606873e-09,1.36518332552922e-08,6.57061066689851e-09,1.12174414721977e-08,1.27875446578874e-08,1.05944413550238e-08,1.19492374275687e-08,5.27476169032816e-09,4.98676996595423e-09,1.10303486929366e-08,7.08006203371547e-09,1.34742159037405e-08
1.45296667454008e-08,3.85489979969817e-08,7.63068688502147e-08,3.12060188077694e-08,5.78432148427342e-08,4.76946938316706e-08,4.66168686215287e-08,8.77077346759162e-08,7.90146070112834e-08,6.85190143794739e-08,1.3818163222426e-07,1.12612246490089e-07,1.13259360495419e-07,1.02830803726863e-07,4.62359441371269e-08,1.77886010705452e-07,8.47040856720615e-08,1.49458211389724e-07,8.4738254496684e-08,3.62694534164064e-08,1.85644254203462e-08,6.74301803920145e-08,3.2610151271356e-08,5.61960597674322e-08,3.13887556205556e-08,1.60024380834335e-08,2.22533266165913e-08,2.84416054730166e-08,1.91134007493663e-08,2.8998453654087e-08,1.32766257359866e-08,2.04624908122619e-08,1.45397641479437e-08,1.55815700819687e-08,2.17461781244397e-08,1.69037451162204e-08,1.73862854347123e-08,1.24382697132774e-08,6.08890710706207e-09,1.80479132222281e-08,1.14686361985631e-08,1.70625527035534e-08,1.05390635584221e-08,4.78272666916691e-09,6.27115738112615e-09,9.76941828196869e-09,6.59038816627122e-09,1.14617266388383e-08,9.62385655229141e-09,3.00601570278366e-08,6.0188670651274e-08,2.76368455624082e-08,4.82506117148059e-08,3.96332242331732e-08,3.64355575299884e-08,7.15750096940015e-08,6.35590631669225e-08,5.88714172523834e-08,1.08021465651842e-07,8.63276919223504e-08,9.97819978687e-08,8.72675784834359e-08,3.7572474799383e-08,1.47200325928391e-07,7.6213492850243e-08,1.29497349487329e-07,7.27931121227252e-08,2.83510760789073e-08,1.31136275343216e-08,6.14800848099673e-08,2.48541884868436e-08,4.86624770042936e-08,2.6115206070058e-08,1.21195290487101e-08,1.41770678114454e-08,2.35927128298306e-08,1.22086722047313e-08,2.03156779878692e-08,1.00739965739665e-08,1.30330967065992e-08,1.28365543201834e-08,1.05353354128835e-08,1.48093294900839e-08,1.20308376875701e-08,1.013634888591e-08,1.12642152173696e-08,4.11558152973639e-09,1.28654294478294e-08,9.61162253200437e-09,9.69411024504961e-09,9.67378565848681e-09,2.99354039529027e-09,4.48053254471766e-09,8.23356761159187e-09,5.20495406559781e-09,1.19056782781984e-08
1.76326266345985e-08,1.92975748331463e-08,3.1717971775523e-08,1.67677845535712e-08,3.02299624751749e-08,2.69550301398868e-08,2.39114648490013e-08,3.74557913549443e-08,8.12115393283522e-08,3.52957109936487e-08,6.30806784880672e-08,5.87095872482452e-08,4.99504182812543e-08,1.06682908398596e-07,1.05188627808122e-07,8.47040856720615e-08,1.73334203993072e-07,1.41637395541996e-07,8.60943770187881e-08,8.03535242194544e-08,3.38085643395091e-08,1.37110742068579e-07,5.73239503397916e-08,1.00969385442836e-07,6.86742295866671e-08,2.76419357481809e-08,1.78619544420538e-08,4.86560777873325e-08,2.68448870279477e-08,4.46343873738953e-08,2.3160287134062e-08,1.57227356468232e-08,2.31224203068725e-08,2.25094845882252e-08,1.83338697524913e-08,2.39066879905459e-08,1.27926796385231e-08,1.94849699140241e-08,7.66420849889862e-09,1.43653003064108e-08,1.97519097854578e-08,1.43854298882431e-08,1.71780854996095e-08,6.25037455654027e-09,6.8286046353796e-09,1.73792988612681e-08,7.94603004897603e-09,1.96356110227488e-08,1.23753990335391e-08,1.52065580473518e-08,3.00367211248163e-08,1.40652217924363e-08,3.03888353018061e-08,2.56309371659589e-08,1.62106826452985e-08,3.60773472233715e-08,6.74729909133728e-08,3.46312302943115e-08,5.21477571907135e-08,5.02094321819447e-08,5.11162264168308e-08,9.01566408131339e-08,8.36481712921052e-08,7.27695294078748e-08,1.4629535651003e-07,1.24074448679612e-07,7.37896716606782e-08,6.37133750818873e-08,2.39284465576049e-08,1.17018571340328e-07,4.37483067169261e-08,8.39859479421872e-08,5.55809001030994e-08,2.09529541942135e-08,1.40583264941438e-08,3.87642402093703e-08,1.87009178697157e-08,3.15928923241798e-08,1.8200854701332e-08,1.21634570745304e-08,1.9246919411795e-08,1.64873528071185e-08,1.50405965401356e-08,1.96597216673603e-08,9.67657218278283e-09,1.63839157767733e-08,5.87783129346623e-09,1.18157261020086e-08,1.41171311443733e-08,1.09390360251983e-08,1.43504506559204e-08,4.72538980141686e-09,5.4725420773432e-09,1.23335716098825e-08,6.50871596361692e-09,1.56184095911404e-08
1.52198916919053e-08,3.63275458310566e-08,6.99712059191527e-08,2.9440691178332e-08,5.23938212977084e-08,4.31794532870542e-08,4.38586933425276e-08,7.96957500849673e-08,6.27425242225917e-08,6.2254442573545e-08,1.12762462798198e-07,9.31175189591974e-08,1.04326406144781e-07,8.45473687778209e-08,9.2957396884209e-08,1.49458211389724e-07,1.41637395541996e-07,2.19453560825404e-07,6.71884667835864e-08,6.99713041211002e-08,2.98113872435935e-08,1.10347353146029e-07,4.93229520551632e-08,7.76674314844584e-08,5.91989754181339e-08,2.47590734644336e-08,1.70186670620229e-08,4.1656019768779e-08,2.45505079490384e-08,3.81304112388754e-08,2.0525432614244e-08,1.51243199792517e-08,2.4374617376733e-08,2.00953915229096e-08,1.8387432471211e-08,2.2209195548107e-08,1.30542991162782e-08,2.19001906302297e-08,7.41124925969475e-09,1.55474749346601e-08,2.14027291013808e-08,1.51296496050064e-08,1.91134694096555e-08,5.6616062330424e-09,6.11529573423484e-09,1.85708012114642e-08,6.94907954795313e-09,1.99885135244749e-08,9.29020009842334e-09,2.80011317965171e-08,5.74942792005971e-08,2.42709011810379e-08,4.52556854532969e-08,3.59952302222874e-08,3.38215049040395e-08,6.74517907474575e-08,5.39734070970085e-08,5.48064460642982e-08,8.9987189748787e-08,7.40148926178166e-08,9.62397653676442e-08,7.42236116486458e-08,7.20298186881913e-08,1.2505036603656e-07,1.23032964256311e-07,1.84625357289165e-07,6.01266743558573e-08,5.34840364980023e-08,2.17616087637299e-08,9.67053804089287e-08,3.60807602516112e-08,6.69471571968626e-08,4.81479889122294e-08,1.89501205629066e-08,1.32551512963828e-08,3.34907499762701e-08,1.52480010895405e-08,2.71285569763019e-08,1.57580707268778e-08,1.17616227693221e-08,2.12182950621456e-08,1.29996341897104e-08,1.52009576474725e-08,1.67811841112217e-08,9.43657353159739e-09,1.92235794568535e-08,5.14525146514849e-09,1.33613622701355e-08,1.55283067300331e-08,1.12042038592115e-08,1.68992657633489e-08,3.58126052172014e-09,4.0455847796141e-09,1.33127633055555e-08,5.1816455425102e-09,1.70498742360791e-08
1.40810531993261e-08,1.53082339124189e-08,2.93647522903305e-08,1.4477676317129e-08,2.66010226869957e-08,2.52439741470442e-08,2.15682417702953e-08,3.41301576629825e-08,8.7219388397449e-08,3.26066591094033e-08,6.77115223973883e-08,6.21977908270592e-08,4.37987408609195e-08,1.08220371308957e-07,4.16312796458493e-08,8.4738254496684e-08,8.60943770187881e-08,6.71884667835864e-08,1.228376907249e-07,4.80395039373559e-08,2.03956960752845e-08,9.92408322928904e-08,4.07116695011735e-08,8.44105873110927e-08,4.06218316890602e-08,1.63173011744296e-08,2.11871620843157e-08,3.43619806308436e-08,1.79742858225065e-08,3.41915913243343e-08,1.36496097103301e-08,1.87690947084929e-08,1.36475089199032e-08,1.48076852187298e-08,2.01620561597544e-08,1.68997081928411e-08,1.57452910984841e-08,1.07365293319267e-08,7.26011881069286e-09,1.62607613219891e-08,1.13229771855168e-08,1.6843128789613e-08,9.29483398753830e-09,6.33430401034309e-09,6.10502272505176e-09,9.86294556612873e-09,7.40331932251794e-09,1.10006917943258e-08,1.01045754432129e-08,1.16934478956445e-08,2.58193042700001e-08,1.28217701734409e-08,2.44015223640605e-08,2.30199863416714e-08,1.282235043052e-08,3.01396425601082e-08,6.85937717268901e-08,3.01446134609152e-08,5.29648529019638e-08,5.13406774686772e-08,4.26314244013966e-08,8.95405803898446e-08,3.19831843735545e-08,6.98103701292007e-08,7.46608469945667e-08,6.01569807935959e-08,1.019544067494e-07,3.65585675659624e-08,1.28383207180555e-08,8.72477319808558e-08,2.97141462249557e-08,7.1056415533786e-08,3.07087287959326e-08,1.18043912105252e-08,1.25660590341858e-08,2.59171750393518e-08,1.1736847266869e-08,2.26509945085093e-08,1.03615813305593e-08,1.11650464419368e-08,1.06849093647135e-08,1.07055476993652e-08,1.22548774233262e-08,1.2014144530416e-08,8.49161318087141e-09,8.44983960605355e-09,5.37296380298122e-09,9.62557106147894e-09,8.72015034897988e-09,8.87945795684048e-09,7.36200385878981e-09,4.4685873563768e-09,5.31380613509175e-09,7.72892260352251e-09,6.54072527985878e-09,1.08726270001068e-08
