6.55494096466942e-08,3.25826778892069e-08,1.64777785771745e-08,5.06900408950899e-08,2.91685525346705e-08,4.53244715982761e-08,2.59862330818059e-08,1.29028678700348e-08,1.24779978809774e-08,2.32649841712431e-08,1.23326131029007e-08,2.28924884379061e-08,1.0485942042466e-08,9.68425796375054e-09,6.10929711130889e-09,1.00783437665446e-08,9.67367245752271e-09,1.18246504912726e-08,7.83660071498762e-09,4.76475935235958e-09,2.6214292811868e-09,7.84692833214883e-09,4.42470422675743e-09,8.1381923913537e-09,4.05546142683177e-09,2.36660600715572e-09,2.59435168984972e-09,3.8637298406947e-09,2.39162120565233e-09,3.51721429168741e-09,2.54621047648286e-09,2.44984697782508e-09,2.01157571495136e-09,2.52606019768698e-09,2.70735281554754e-09,2.95214083452014e-09,2.09646150320295e-09,1.80377015702178e-09,2.29039248758331e-09,2.36062100434859e-09,2.47842363145488e-09,2.6995154892539e-09,2.04972217984357e-09,2.30716721710697e-09,2.30187430119386e-09,2.7549110047375e-09,2.36550372681026e-09,2.61217879421335e-09,2.71963403608503e-08,1.55778616086794e-08,4.17420561418445e-09,2.15927687528814e-08,1.2691088015373e-08,1.85178866354693e-08,9.77229501524527e-09,3.6686537965097e-09,4.0171752753852e-09,7.77600708898329e-09,3.32378866986781e-09,6.48233899578466e-09,3.91354575374464e-09,2.89670325585517e-09,2.8653781413699e-09,2.45758647698412e-09,3.45504656511147e-09,3.09260196874782e-09,2.70529219732393e-09,2.48086031444862e-09,8.56789293762928e-10,2.75998412784939e-09,1.80615438666214e-09,1.71563674601124e-09,1.89305792406239e-09,9.52868677504283e-10,1.30914009035623e-09,1.73839430100697e-09,3.83058202556348e-10,1.66616854622207e-09,1.08876602713268e-09,9.8639301090554e-10,8.84527967224744e-10,6.12709871508191e-10,7.05717536228496e-10,1.04561112909969e-09,7.28903792401265e-10,9.12285710322208e-10,1.09182380093779e-09,4.96316891477092e-10,1.1251218702545e-09,8.68068620956212e-10,1.14283942344404e-09,1.0441276527351e-09,1.98352228897932e-10,1.21685744154457e-09,6.39449678424954e-10,9.95341706865676e-10
3.25826778892069e-08,1.54197247053299e-07,3.33547385939274e-08,6.70125837310849e-08,1.26227364923005e-07,4.59783596959336e-08,1.23470035576075e-07,2.6578168930258e-08,1.48355523670291e-08,1.01766518078818e-07,2.43606487978868e-08,1.02391575201675e-07,2.19431385160018e-08,1.25888563475584e-08,1.59572086724954e-08,2.01129700695652e-08,1.47978105659566e-08,2.31293882350498e-08,1.05427416354106e-08,1.32398070007712e-08,6.33464633811505e-09,1.18829030263436e-08,1.44198163430285e-08,1.16293617574504e-08,1.13767621855199e-08,5.76259730338604e-09,4.63805346120109e-09,1.23620647073184e-08,6.05011240077201e-09,1.22280017977941e-08,4.75866664361847e-09,3.18959929150781e-09,3.85486583656479e-09,4.39681090549715e-09,3.73123149770607e-09,5.00181276395984e-09,3.02794878629467e-09,3.24213358807061e-09,3.18214551334295e-09,3.32870639006547e-09,4.85563979634136e-09,4.78502263324312e-09,3.09861370562204e-09,2.67190121508824e-09,3.02776987268507e-09,3.60225794819704e-09,3.53190987465728e-09,4.7421000931558e-09,1.21120300841466e-08,5.37142497105891e-08,1.22438016382309e-08,3.19829100147327e-08,4.14827607807107e-08,1.74825200423392e-08,3.72083530697273e-08,1.06293164907928e-08,3.6735088283521e-09,3.11470459206154e-08,8.34986717998895e-09,2.44230975924446e-08,9.70416192519465e-09,3.66797406152339e-09,8.07791249117527e-09,7.35907968851888e-09,5.91721126493888e-09,7.56010756386305e-09,3.07186052797729e-09,7.19122407437472e-09,3.27061269653917e-09,5.53692540663409e-09,9.06702044042104e-09,3.13138939029583e-09,5.67320125489875e-09,3.17028725147713e-09,2.38301430541221e-09,7.49012500717508e-09,2.78508135119319e-09,5.20797559039659e-09,2.44201720862365e-09,1.28242773221412e-09,1.43676455710911e-09,1.93054473956105e-09,1.20970701168842e-09,1.93471046015436e-09,1.1068095313308e-09,1.39362374048658e-09,1.08139919071271e-09,8.83344246390864e-10,2.48160957831827e-09,2.37200179200429e-09,1.64014823227806e-09,1.20061661320673e-09,9.00645768036956e-10,1.80044697648997e-09,1.73604295401084e-09,1.67740608472959e-09
1.64777785771745e-08,3.33547385939274e-08,8.57844216979959e-08,2.917295438218e-08,6.24299706294594e-08,5.83695279972394e-08,2.66035101964697e-08,6.4472070039804e-08,2.53548832954462e-08,4.69630487378804e-08,4.81192832812372e-08,3.48949107452064e-08,5.22193963914616e-08,2.05884964694232e-08,1.31774544645465e-08,3.90480708915848e-08,2.1916640630942e-08,4.00078274073209e-08,1.7028874225444e-08,1.06948198441029e-08,1.05617854875717e-08,1.83787613140543e-08,1.00329750927962e-08,1.74970684067003e-08,8.65543698007462e-09,9.5571580868171e-09,4.59292499105054e-09,8.17418243013789e-09,1.06010770786453e-08,8.21854001834505e-09,8.10890870645818e-09,3.77575408186558e-09,3.88882201245506e-09,9.02199198473289e-09,4.05626777956757e-09,9.19109570777427e-09,3.39916124808859e-09,2.6571679328816e-09,2.82923586921158e-09,3.68632638723257e-09,3.21135098385638e-09,4.24906036968434e-09,3.47198880378813e-09,2.51587873384753e-09,2.97930049416575e-09,3.93426782372055e-09,3.48948606548043e-09,3.50977203290893e-09,7.47654717255547e-09,1.04724525566049e-08,3.06045568928921e-08,1.16999078947373e-08,2.13564917971934e-08,2.48247206776573e-08,7.08458907991967e-09,2.76067896423249e-08,7.92369446458791e-09,1.63359271269497e-08,1.72130183345996e-08,8.6187976373419e-09,2.32230234397511e-08,7.3633255059122e-09,4.98572319381424e-09,1.4384224332865e-08,7.14746844816986e-09,1.47052642077794e-08,6.58862682348745e-09,4.19653484300551e-09,4.19650414158755e-09,6.6108582585834e-09,4.41314436729895e-09,5.21164719603013e-09,3.01142650178275e-09,4.4751945500859e-09,1.5640847639133e-09,4.09903530837508e-09,4.20247643522779e-09,2.90346285973017e-09,3.81308002172761e-09,1.20390840064188e-09,1.55928675086495e-09,3.71406735828034e-09,1.71262819549019e-09,3.99190661660332e-09,8.8733870933005e-10,1.17579150711332e-09,1.54137696647637e-09,1.41237634206739e-09,1.09258138701143e-09,1.45756071915609e-09,1.45687255827242e-09,1.38716907445774e-09,1.78904020400127e-09,1.13178043230596e-09,1.46106818403762e-09,1.29619130156491e-09
5.06900408950899e-08,6.70125837310849e-08,2.917295438218e-08,9.38372202988173e-08,4.64307853478853e-08,6.67496674266527e-08,5.35735182146892e-08,2.36754265446056e-08,1.31956955422172e-08,3.76063599884335e-08,2.09094166082784e-08,3.50145687794901e-08,1.92990747086731e-08,1.08005381746531e-08,1.47152604607253e-08,1.70579782900695e-08,1.23928107737854e-08,1.92379333659344e-08,8.79191003401095e-09,1.18796141817642e-08,4.52556887638697e-09,9.67933900825832e-09,1.28366324819056e-08,9.36303718456929e-09,1.04506821428834e-08,4.20089636112663e-09,3.69426135636004e-09,1.12780021776929e-08,4.30419302350846e-09,1.0619310917845e-08,4.32695841461321e-09,3.2833488555458e-09,3.05182086396931e-09,4.12351073906433e-09,3.40735887121777e-09,4.23891326461784e-09,3.02050168422099e-09,2.73567259248427e-09,2.78990694554281e-09,3.04942315239653e-09,3.4274118626983e-09,3.69832413633786e-09,2.62255715721223e-09,2.5940543349091e-09,2.58654761162586e-09,3.26393337968977e-09,2.95623015233748e-09,3.98837751359969e-09,2.11346177278929e-08,3.10521719806063e-08,1.07507876114932e-08,4.29398430064486e-08,1.91157071615787e-08,2.9400199406628e-08,2.20173922196535e-08,9.61580878187974e-09,3.59352966338606e-09,1.33492018866042e-08,6.49270341495251e-09,1.03195087076204e-08,8.83272465524308e-09,3.18139075548601e-09,7.91385576981497e-09,5.4939703466415e-09,4.56686584541429e-09,7.1302870356364e-09,3.18393808119068e-09,6.95594852903793e-09,1.50415825757814e-09,3.90497108850216e-09,6.29232615951423e-09,2.60975842832566e-09,5.32749659738121e-09,1.67501371733689e-09,1.17118434285573e-09,5.74629560332924e-09,1.23593427627e-09,4.93809796691006e-09,1.63159264631992e-09,6.43765612810213e-10,1.37802670638093e-09,8.80633166698908e-10,6.41002490330728e-10,1.64365497784343e-09,6.23878640212264e-10,1.2773620121988e-09,9.55691607231174e-10,1.99791544073655e-10,1.32325573690085e-09,5.20546444435056e-10,1.41365437957144e-09,1.03278570521212e-09,7.07902386442104e-10,1.64480245155631e-09,1.49767800284861e-09,1.84057560362821e-09
2.91685525346705e-08,1.26227364923005e-07,6.24299706294594e-08,4.64307853478853e-08,1.70756808497095e-07,7.76460273640354e-08,1.01772991575027e-07,4.69376312977243e-08,2.36541382458841e-08,1.34377706155827e-07,3.52842653646484e-08,1.19973532297728e-07,3.84788464503402e-08,1.98703263819179e-08,1.35632061609321e-08,2.89361669886101e-08,2.15218203489894e-08,3.13411836243334e-08,1.66516636364029e-08,1.11496436806999e-08,1.12995451704473e-08,1.78342438269247e-08,1.07763253818877e-08,1.72981358563148e-08,9.12369870299084e-09,1.06000554161685e-08,6.0756568600912e-09,9.16724210883241e-09,1.22208603770937e-08,9.40701179769133e-09,9.08914564741894e-09,4.29424111099279e-09,4.58875844316296e-09,9.53924340511398e-09,4.94210474489961e-09,1.00944586917529e-08,3.85110121087270e-09,3.16520925399365e-09,3.88824535458129e-09,4.41766270279626e-09,5.09746999212161e-09,6.05000580036633e-09,2.96679213237687e-09,3.26314637541438e-09,3.35952140460963e-09,3.76712555291375e-09,3.97079772692957e-09,4.70213901937776e-09,1.05119194340036e-08,3.3979293316482e-08,2.41055119384942e-08,1.67903893810757e-08,5.27813040893096e-08,2.96685654227466e-08,2.31203741895612e-08,1.95790322709074e-08,7.18868902331746e-09,3.94924283609698e-08,1.30290232180477e-08,3.26319946458623e-08,1.6904452802879e-08,7.03197329921092e-09,4.12920760101225e-09,1.14375223552452e-08,6.80972634515721e-09,1.08551459680299e-08,5.75676348186782e-09,3.95205993966522e-09,4.00765429137029e-09,6.70046585193648e-09,5.01992098774855e-09,3.92276830537091e-09,3.4844123728185e-09,4.50761848804467e-09,2.2203273721708e-09,4.62907975012917e-09,4.14913587942168e-09,3.64005355541599e-09,3.41351543376647e-09,1.8788062420629e-09,1.83824315977003e-09,3.76109137290955e-09,8.57802347740728e-10,3.44164314776902e-09,1.39128268964768e-09,1.32185832034125e-09,1.79997274465177e-09,6.82805102887441e-10,2.94793931966419e-09,2.95052343557872e-09,1.47150879009910e-09,1.78622436063015e-09,8.15453689272633e-10,1.64997882980104e-09,2.23172058759163e-09,1.55864337981764e-09
4.53244715982761e-08,4.59783596959336e-08,5.83695279972394e-08,6.67496674266527e-08,7.76460273640354e-08,1.0765588553178e-07,3.70297825528347e-08,4.31060225580972e-08,2.06410185686605e-08,5.87671637375301e-08,3.03733029141526e-08,4.48892365667313e-08,3.5216299602067e-08,1.68082799350894e-08,1.13805876380312e-08,2.49522593058019e-08,1.80738790238897e-08,2.64218626325017e-08,1.41210443439684e-08,9.48210999214169e-09,9.42849175744623e-09,1.52265078653599e-08,9.19051404322468e-09,1.47725708840394e-08,7.52271278758548e-09,9.07837495212857e-09,4.63783509066321e-09,7.30521127262728e-09,9.49898037075711e-09,7.23685963161885e-09,8.24142310549149e-09,3.95785025967527e-09,3.54070959399239e-09,8.54580450015397e-09,4.35406723451128e-09,8.47259372789455e-09,3.40656243769209e-09,2.58257420469473e-09,3.35696416421468e-09,3.85977546339280e-09,3.3171289541565e-09,4.60940136779951e-09,2.49110062199453e-09,3.00969662041139e-09,2.84159903286136e-09,3.21170161625112e-09,3.24809363166801e-09,3.7874140143452e-09,1.86182615863202e-08,1.65514878275308e-08,2.10140413027055e-08,2.45617257292561e-08,3.03153534750706e-08,4.3743551962006e-08,1.15661918695624e-08,1.81827642436538e-08,6.59217257302105e-09,2.22951754319593e-08,9.3965454092099e-09,1.44292893436118e-08,1.6187822737076e-08,6.22758384592206e-09,4.56851254983996e-09,8.45263583836901e-09,6.32316128499476e-09,1.00126315612677e-08,5.75500271015994e-09,4.75549717685418e-09,2.26348052050751e-09,6.2374770822925e-09,3.38146576788804e-09,4.1786113121128e-09,3.3835685092307e-09,2.58217961902643e-09,7.5975479292408e-10,2.96195846002868e-09,2.84308449578445e-09,1.99050520549879e-09,2.19370074860316e-09,7.16093560869532e-10,1.63254051397431e-09,2.4695123470788e-09,3.2971045073126e-10,2.73707131464966e-09,3.76760492046439e-10,1.26606924076868e-09,1.2682163980876e-09,9.22696109180668e-11,1.44099424606601e-09,7.24776671037864e-10,1.39974856819623e-09,1.4403954172356e-09,7.90573398914668e-10,1.4542583011198e-09,1.7038166251546e-09,1.52222635116381e-09
2.59862330818059e-08,1.23470035576075e-07,2.66035101964697e-08,5.35735182146892e-08,1.01772991575027e-07,3.70297825528347e-08,1.73020090477336e-07,3.48305600347912e-08,1.90544611852433e-08,1.47051803607848e-07,3.31088848532385e-08,1.49736703842906e-07,2.86218717228651e-08,1.56371278900774e-08,1.95624952346426e-08,2.7211979501628e-08,1.81977550941637e-08,3.12602285794783e-08,1.30009537690087e-08,1.57866338471406e-08,7.84016103224624e-09,1.42930879787563e-08,1.66484149580467e-08,1.35886500984326e-08,1.35389407483811e-08,7.14863374177463e-09,5.68951576236687e-09,1.43111720864963e-08,7.41833853779848e-09,1.43234386507101e-08,5.77947918714748e-09,3.84752813498609e-09,4.45934907668202e-09,5.27054030028023e-09,4.54151945473248e-09,5.98398413810903e-09,3.5641643510701e-09,3.64412108775592e-09,4.02197734330187e-09,4.04967528888951e-09,5.60539505691662e-09,6.18087350952998e-09,3.37292729625492e-09,2.82132636313037e-09,3.22611298353809e-09,3.98757599840146e-09,3.84331018210657e-09,5.03393991819994e-09,9.96123562020144e-09,3.72552280382968e-08,1.05878072263622e-08,2.35640789751566e-08,3.11589735192446e-08,1.38967528193628e-08,5.96798515016591e-08,1.32390237392576e-08,6.0126714725551e-09,5.06565787016124e-08,1.09511813750714e-08,4.50715288951081e-08,1.08666146870761e-08,5.58610050801732e-09,8.3045464057945e-09,8.57298970914727e-09,7.36397069007151e-09,8.07209980873024e-09,4.25897429059417e-09,7.95612576971327e-09,3.99464351772488e-09,6.29032822413638e-09,8.91348099969339e-09,3.63840951623915e-09,6.44786253372418e-09,3.91939688737482e-09,3.04782760937167e-09,7.35676286351208e-09,4.31201921202888e-09,5.23019559040764e-09,2.89581515557471e-09,1.43265183113497e-09,1.71948050133336e-09,2.55411025620069e-09,1.32732685024178e-09,2.2203209585504e-09,1.33357183371552e-09,1.48278218859334e-09,1.50698909792554e-09,1.23354147351099e-09,3.02786348423598e-09,2.83578079408348e-09,1.71938901542401e-09,1.39448770145452e-09,8.46961486236768e-10,2.14493690451182e-09,1.66949813404088e-09,1.87675045949241e-09
1.29028678700348e-08,2.6578168930258e-08,6.4472070039804e-08,2.36754265446056e-08,4.69376312977243e-08,4.31060225580972e-08,3.48305600347912e-08,8.00767669229481e-08,3.14931615271917e-08,6.13239055182545e-08,6.10645055884289e-08,4.69010112950939e-08,6.38755898146758e-08,2.51793975761067e-08,1.59619058864812e-08,4.89831330153503e-08,2.62760979108657e-08,4.98199284804078e-08,2.03727038901069e-08,1.29164488980186e-08,1.28149047704793e-08,2.17075949042075e-08,1.22013624994408e-08,2.05859802204127e-08,1.06891097313635e-08,1.155210942795e-08,5.40408913920325e-09,1.01040785276247e-08,1.25019419121045e-08,1.00105918164476e-08,1.00705316730019e-08,4.55354405670772e-09,4.50409911954006e-09,1.08495691851747e-08,5.05964870829535e-09,1.144235252737e-08,4.05315313518863e-09,3.11524388413342e-09,3.56986124570316e-09,4.61281191218907e-09,3.884201088379e-09,5.39006772213887e-09,2.64036374261763e-09,2.83228660396707e-09,2.37650127227765e-09,3.22171480519012e-09,3.07939180066606e-09,3.59654249621832e-09,6.24806330200324e-09,7.10657185550249e-09,2.75736556867384e-08,9.45605649724006e-09,1.6339708807446e-08,2.05307610038695e-08,1.30970260167722e-08,3.55744537193444e-08,1.04491951722576e-08,2.47996310781534e-08,2.37258722940669e-08,1.66090854114694e-08,2.92310842219942e-08,9.33605805424135e-09,5.67850265917631e-09,1.89067707708526e-08,8.17478452700166e-09,1.84135179865695e-08,7.64566593733656e-09,5.188441349324e-09,5.1280638401808e-09,7.30814016442737e-09,5.21604902039302e-09,5.63356263958489e-09,3.78700238795678e-09,5.56751232564368e-09,2.07563027554065e-09,4.70069443314892e-09,5.34688510631007e-09,2.93074085466711e-09,4.99079669014326e-09,1.515850012652e-09,1.82115387605061e-09,4.78588815926145e-09,2.8237807784583e-09,5.42553901293034e-09,1.10463109316541e-09,1.50157344824003e-09,2.00954387972466e-09,2.478741838199e-09,1.53363607511621e-09,2.24998524815881e-09,1.20726096676924e-09,1.5965271170728e-09,1.08552909717676e-09,9.57274683385375e-10,1.56936197511506e-09,1.54622178668996e-09
1.24779978809774e-08,1.48355523670291e-08,2.53548832954462e-08,1.31956955422172e-08,2.36541382458841e-08,2.06410185686605e-08,1.90544611852433e-08,3.14931615271917e-08,8.44136896809648e-08,3.00798804627235e-08,6.15797273344183e-08,5.72424312511878e-08,2.51901132587134e-08,6.60648224665386e-08,3.08284797857763e-08,4.8408763922455e-08,5.56472958359212e-08,4.0808225369635e-08,5.16794061332827e-08,2.33684567333852e-08,1.04235146479036e-08,4.3475581011557e-08,2.03223779828035e-08,3.96276268089151e-08,1.80456048536584e-08,8.10085213822239e-09,9.03272419810678e-09,1.54306644558479e-08,8.73826842483068e-09,1.54249154335805e-08,6.50102548895169e-09,7.47792005084966e-09,3.81633558984144e-09,6.81458254956355e-09,8.47078308942692e-09,7.65525002753825e-09,6.7736870447203e-09,3.40353495732687e-09,2.9377839239334e-09,7.81704424479384e-09,4.68221277491626e-09,8.830547455713e-09,2.88150756909933e-09,2.50746853265424e-09,2.07492812175003e-09,3.8426416698618e-09,2.46337337703309e-09,3.85993202559769e-09,6.37269513205023e-09,3.33619445538735e-09,9.79170709692699e-09,3.39104365020861e-09,8.37171848265949e-09,8.06896968523871e-09,5.39897561310007e-09,1.07014990897439e-08,3.27881700439283e-08,1.17971238417194e-08,1.899078112687e-08,2.20759190520965e-08,9.34727718607151e-09,2.80839954461501e-08,1.506526637021e-08,1.56112352441675e-08,2.38595006709394e-08,1.36320772095806e-08,2.3058061149919e-08,1.18037529214973e-08,4.76052837054875e-09,1.95942412501974e-08,9.59627159473817e-09,1.64238891118915e-08,8.74579838079683e-09,4.52717766838872e-09,2.97465024106589e-09,7.25697288714432e-09,4.61548852934858e-09,5.92565736203654e-09,4.04222132787053e-09,1.50231044152882e-09,1.07268237340183e-09,4.05495271508673e-09,2.64854239121165e-09,3.41365313031618e-09,9.7090591148307e-10,7.97626914656852e-10,1.6493133224371e-09,2.09121269889502e-09,2.23435350760525e-09,1.92130879277356e-09,7.03197613699675e-10,1.2859177277335e-09,1.24485997055747e-09,1.71395330570985e-09,1.62746472200165e-09,2.19566099347769e-09
2.32649841712431e-08,1.01766518078818e-07,4.69630487378804e-08,3.76063599884335e-08,1.34377706155827e-07,5.87671637375301e-08,1.47051803607848e-07,6.13239055182545e-08,3.00798804627235e-08,1.94963522990068e-07,4.72794283431766e-08,1.7505258576733e-07,4.97857369924222e-08,2.457970435061e-08,1.71606890244674e-08,3.86221048522183e-08,2.56062613409238e-08,4.14711636729388e-08,2.04745330778262e-08,1.36573114490149e-08,1.50350721223202e-08,2.09565678652281e-08,1.30824469471001e-08,2.06182456636901e-08,1.11836016601968e-08,1.40151144400043e-08,7.25869641137532e-09,1.0979417727545e-08,1.49171603477243e-08,1.1337896582776e-08,1.23639631016657e-08,5.3350974776149e-09,5.3271246995962e-09,1.18208880541497e-08,6.20482074576612e-09,1.26561364791771e-08,4.6141415136286e-09,3.664863625543e-09,4.81008270903509e-09,5.47967712297795e-09,6.06943337648124e-09,7.79858359555464e-09,3.25579309018938e-09,3.27448663340517e-09,3.87603094879272e-09,4.00959016901662e-09,4.43299040163625e-09,5.10656716284446e-09,9.55795051186016e-09,2.31730056213028e-08,1.95289340725824e-08,1.33906925978596e-08,3.95053578537582e-08,2.28202596602393e-08,4.63701480588065e-08,2.40400374396324e-08,9.60910609892796e-09,6.64501019091684e-08,1.74002647066205e-08,6.03342593746316e-08,1.95569873800918e-08,9.146371354523e-09,3.82856232956596e-09,1.40127994850156e-08,7.7870404470431e-09,1.13557590833156e-08,6.95628580779506e-09,5.36696074084412e-09,4.02178720520204e-09,7.3911277626171e-09,5.06942983587804e-09,4.30877976583998e-09,4.78146263564431e-09,4.93998127092123e-09,2.66786441041433e-09,4.60297209682856e-09,5.59159637878615e-09,4.44818563181489e-09,3.64836794188529e-09,2.02702149283984e-09,2.28498235752888e-09,4.47604927370894e-09,1.76890896414414e-09,2.95601827443753e-09,1.37214367034376e-09,1.74176280510902e-09,2.39124004548969e-09,1.65570399269632e-09,4.45542210232742e-09,3.70367538527222e-09,1.47919092237688e-09,1.9341215971941e-09,7.61767349358879e-10,1.91524539827718e-09,1.77304562468813e-09,1.55617124735759e-09
1.23326131029007e-08,2.43606487978868e-08,4.81192832812372e-08,2.09094166082784e-08,3.52842653646484e-08,3.03733029141526e-08,3.31088848532385e-08,6.10645055884289e-08,6.15797273344183e-08,4.72794283431766e-08,9.94166047966473e-08,7.97016211698932e-08,4.89933661525517e-08,4.84066017998308e-08,2.69004283030641e-08,7.8267153378952e-08,4.06546235641599e-08,6.67774196258644e-08,3.78518654929629e-08,2.0083274713868e-08,9.77759214327101e-09,3.19746601922733e-08,1.79161397203389e-08,2.89002894007666e-08,1.59812504976751e-08,7.89593428221527e-09,8.93241253520502e-09,1.39815835898629e-08,8.48173166753859e-09,1.3636655802216e-08,6.08005975683688e-09,7.76254237963093e-09,4.77230075800094e-09,6.37253095794879e-09,9.09821163925271e-09,7.38842501223589e-09,7.15161057162653e-09,3.97201163404724e-09,3.60452218967693e-09,8.50138906751913e-09,4.99146557353377e-09,9.27812866860975e-09,3.22384204732944e-09,2.95024196818031e-09,2.21986045230081e-09,3.94224607533918e-09,3.2867301343119e-09,4.2620539999438e-09,6.65140652891664e-09,5.76938677007838e-09,1.94916723608551e-08,8.38597335417484e-09,1.03892066100346e-08,1.33764956936725e-08,1.13019331503462e-08,2.45669397643091e-08,2.39493021987626e-08,1.76793857732363e-08,3.60129239041959e-08,3.14707009304642e-08,2.00859079142923e-08,2.00605437243943e-08,1.08844159987436e-08,2.71442062449431e-08,1.44976236261944e-08,2.33623655040345e-08,1.70466389687096e-08,8.56216620210379e-09,4.39302563085737e-09,1.29651156643225e-08,8.60884046055535e-09,1.17516277148655e-08,5.97886773717763e-09,3.57371638369033e-09,2.75363217450785e-09,5.81762834069298e-09,3.20059845030237e-09,3.65296969566582e-09,3.32110793403276e-09,1.27267683420824e-09,1.60020238773082e-09,2.58784459864009e-09,3.36811038057566e-09,3.27941154152651e-09,9.30160491348711e-10,1.22611689958419e-09,2.30570506146651e-09,3.1050804701152e-09,1.92582211486697e-09,2.06371237670642e-09,9.77047071937816e-10,1.66179528891553e-09,1.24067314231052e-09,1.46368013545633e-09,2.12013048631998e-09,2.24165786006398e-09
2.28924884379061e-08,1.02391575201675e-07,3.48949107452064e-08,3.50145687794901e-08,1.19973532297728e-07,4.48892365667313e-08,1.49736703842906e-07,4.69010112950939e-08,5.72424312511878e-08,1.7505258576733e-07,7.97016211698932e-08,2.31832239875593e-07,3.81293841968379e-08,4.54329445597111e-08,2.72856422401895e-08,6.35851122759512e-08,3.98794821746721e-08,5.68149357518802e-08,3.62342101456721e-08,2.05886747195801e-08,1.21183053544672e-08,3.14752485811568e-08,1.89157965613225e-08,2.91191597233637e-08,1.66495049892836e-08,1.01765901201577e-08,1.08479680657925e-08,1.52030612404521e-08,1.11351145432173e-08,1.51679513015117e-08,8.19083828631925e-09,9.18118181479256e-09,5.87407536910224e-09,7.97174661320910e-09,1.04011109451229e-08,9.08074388581502e-09,8.5058301341747e-09,4.82272755745211e-09,4.90315400841242e-09,9.59676581238002e-09,7.76883687543503e-09,1.23264840632247e-08,4.13886897342275e-09,3.47344336088779e-09,3.93502958300573e-09,5.27154610714155e-09,4.39495072711115e-09,5.82027815372846e-09,8.96677118887555e-09,2.09846556647871e-08,1.25353886756518e-08,1.20807331671641e-08,3.50325345380566e-08,1.67636554471625e-08,4.29860638509339e-08,1.61309840479418e-08,2.07897335127341e-08,5.80354443940009e-08,2.8843603210632e-08,7.64363542038263e-08,1.32415653153295e-08,1.85984095633557e-08,1.02796424707731e-08,2.28814733877026e-08,1.48580983380087e-08,1.76626309139536e-08,1.54869096225222e-08,9.90352990431237e-09,6.24908237448223e-09,1.40360395896335e-08,1.08516850585205e-08,1.08372131437602e-08,7.97669557558415e-09,6.4815604940535e-09,3.99884191674168e-09,8.11051900925491e-09,5.89710853887299e-09,6.29120460194474e-09,6.00695121879651e-09,2.74348107432671e-09,1.67886706849164e-09,5.48659614413888e-09,2.16083689290295e-09,4.30350602757077e-09,2.34163189677853e-09,9.92119250250921e-10,2.76717607075886e-09,1.99020185420683e-09,4.25019878564684e-09,4.39583053366698e-09,1.320439377362e-09,1.88318944892271e-09,9.81212457107357e-10,2.4133071493962e-09,2.34064014327216e-09,2.41201692323846e-09
1.0485942042466e-08,2.19431385160018e-08,5.22193963914616e-08,1.92990747086731e-08,3.84788464503402e-08,3.5216299602067e-08,2.86218717228651e-08,6.38755898146758e-08,2.51901132587134e-08,4.97857369924222e-08,4.89933661525517e-08,3.81293841968379e-08,8.08164505706168e-08,3.03721611018659e-08,1.86843143685422e-08,5.90758687408326e-08,3.15284330925639e-08,5.96681901353276e-08,2.42750227228869e-08,1.50482235488793e-08,1.62122670938097e-08,2.55392621803841e-08,1.4810117529598e-08,2.49257919244446e-08,1.19159988423634e-08,1.35543157880636e-08,6.73274110658771e-09,1.18372605371529e-08,1.47515865250814e-08,1.16721782664877e-08,1.14412124020908e-08,5.59736504386931e-09,5.93165405225231e-09,1.24814803846081e-08,6.05881755931034e-09,1.30230058081956e-08,4.81025575997647e-09,4.21084676607907e-09,4.45095164120903e-09,5.2630244792612e-09,5.00125901969939e-09,6.53658098834291e-09,3.43364641207404e-09,3.53442121148644e-09,3.28557479177574e-09,4.00285265772703e-09,4.46036355790208e-09,5.11891814645304e-09,4.66849824818996e-09,6.9167324843585e-09,2.31877941822747e-08,8.85946994104089e-09,1.36475015951789e-08,1.70797216525806e-08,1.17538156087449e-08,2.92383368865385e-08,9.32732093692603e-09,2.04235683825561e-08,1.89114776423178e-08,1.36743287713077e-08,3.36146140542871e-08,1.16296757576475e-08,7.79401378860664e-09,2.31276760448804e-08,1.06397160439838e-08,2.15379289921655e-08,9.40687588655001e-09,6.25551650791087e-09,5.7572593968809e-09,8.87981592549373e-09,6.14959842593177e-09,7.25676339511977e-09,4.12195261247991e-09,6.13032203774288e-09,2.22031909675843e-09,5.03713893734661e-09,5.62154148273894e-09,2.60222329229027e-09,5.15852331495315e-09,1.62025186424273e-09,2.37981916660924e-09,5.14401594920741e-09,2.61678800675694e-09,4.93586368416102e-09,1.09721186251386e-09,2.02784562134166e-09,1.25648911097074e-09,2.22437436271255e-09,1.42548288142382e-09,1.69515994880936e-09,1.4561690565028e-09,1.19250686385857e-09,4.67126725530511e-10,8.43233310355053e-10,1.66204929817158e-10,7.52968325488019e-10
9.68425796375054e-09,1.25888563475584e-08,2.05884964694232e-08,1.08005381746531e-08,1.98703263819179e-08,1.68082799350894e-08,1.56371278900774e-08,2.51793975761067e-08,6.60648224665386e-08,2.457970435061e-08,4.84066017998308e-08,4.54329445597111e-08,3.03721611018659e-08,8.19608457893459e-08,3.69635981284693e-08,5.94920354299347e-08,6.75854800377702e-08,4.92853102955735e-08,6.35392987540842e-08,2.77123361672184e-08,1.28342122114734e-08,5.24129796024996e-08,2.45663565960192e-08,4.83501621026049e-08,2.09812819972378e-08,9.96294683367853e-09,1.10384607894213e-08,1.84961373006594e-08,1.05962944929841e-08,1.83852697208126e-08,7.97239861490758e-09,9.10208918313704e-09,5.38232920801059e-09,8.42936696673134e-09,1.0408364422374e-08,9.68372203988403e-09,8.01294324419352e-09,4.27018184779876e-09,3.7412350715496e-09,8.92115025931034e-09,5.72745425681966e-09,1.02010085408236e-08,3.69682429706275e-09,3.1061320960488e-09,2.73361730810696e-09,4.70679656743388e-09,3.24534062256938e-09,5.12006462039832e-09,5.12933786180834e-09,3.32849843089003e-09,8.622374550466e-09,3.19186655768734e-09,7.97452033748331e-09,7.34172923732908e-09,3.97080827393179e-09,9.35440066070641e-09,2.80715713324224e-08,9.51173622146863e-09,1.56127395546799e-08,1.82814554855941e-08,1.09127218206383e-08,3.67329633579677e-08,1.79844228354664e-08,2.01173506272417e-08,3.04448644117015e-08,1.77085080125439e-08,2.7937638826213e-08,1.4057210990856e-08,5.46755913233474e-09,2.33459224713911e-08,1.293197623817e-08,1.98322591626198e-08,1.01657118491017e-08,5.0685878417082e-09,3.80429777587109e-09,1.0218520843348e-08,4.84623216499639e-09,7.18463760997786e-09,4.32049511555434e-09,1.92720976624043e-09,4.72785091099497e-10,4.22288638314774e-09,3.59520666993296e-09,3.75426174816382e-09,1.10332932494738e-09,3.77145854094748e-10,2.27158557130468e-09,2.26653065435723e-09,2.12941771333568e-09,2.58999580061319e-09,2.61573669748199e-10,1.47605299578461e-09,1.67524135609044e-09,1.53635393153443e-09,1.72982228382376e-09,2.32613234672088e-09
6.10929711130889e-09,1.59572086724954e-08,1.31774544645465e-08,1.47152604607253e-08,1.35632061609321e-08,1.13805876380312e-08,1.95624952346426e-08,1.59619058864812e-08,3.08284797857763e-08,1.71606890244674e-08,2.69004283030641e-08,2.72856422401895e-08,1.86843143685422e-08,3.69635981284693e-08,1.23585006478441e-07,3.19767487438353e-08,9.16863297501203e-08,8.39939882480056e-08,2.77270526489037e-08,9.39381068709895e-08,3.63961123428004e-08,7.06558700265513e-08,6.68579338964903e-08,4.80894912617458e-08,7.32702132408772e-08,2.72873155161721e-08,1.65951165404095e-08,4.96006257248551e-08,2.68860212629821e-08,4.83982231248823e-08,1.89527629699553e-08,1.15952626712728e-08,1.6340008375847e-08,1.84028898795656e-08,1.16766655007121e-08,1.85769724880515e-08,9.04254555679843e-09,1.39520101382926e-08,5.54356307379356e-09,9.34914651811957e-09,1.49615387036099e-08,1.06414579165648e-08,1.17011691612665e-08,4.59696974030403e-09,4.1158830206509e-09,1.25456587345069e-08,5.16875476447107e-09,1.3344711199548e-08,3.25959684817614e-09,8.99102869832749e-09,5.83105157310423e-09,9.53684626069113e-09,4.34207144718455e-09,4.05670748844142e-09,1.09082688191654e-08,7.29684681357585e-09,1.04103879233964e-08,6.29840002383626e-09,6.20946188291178e-09,1.11100648566379e-08,8.31910139011393e-09,1.44671790158119e-08,5.68892471153365e-08,8.18719085760171e-09,3.91735080689332e-08,2.77293688306938e-08,1.11186941683192e-08,4.48832351365687e-08,1.7937194343209e-08,2.72763986979604e-08,3.36095708348038e-08,1.77242784875907e-08,3.34319783081056e-08,1.55758570693715e-08,7.36434067637066e-09,2.57470625048933e-08,1.61615620069419e-08,2.5712824207974e-08,1.21875143517862e-08,3.12583999616954e-09,4.87176206515202e-09,1.08104830991808e-08,4.05716428939967e-09,1.08671000913109e-08,2.02714947783732e-09,3.07244077956593e-09,2.26004266741141e-09,2.32763980942722e-09,3.99833923272518e-09,3.90879933995315e-09,2.61314459421795e-09,2.00203785972363e-09,1.24842445941934e-09,3.7651080746891e-09,9.22449695121617e-10,2.82256909824279e-09
1.00783437665446e-08,2.01129700695652e-08,3.90480708915848e-08,1.70579782900695e-08,2.89361669886101e-08,2.49522593058019e-08,2.7211979501628e-08,4.89831330153503e-08,4.8408763922455e-08,3.86221048522183e-08,7.8267153378952e-08,6.35851122759512e-08,5.90758687408326e-08,5.94920354299347e-08,3.19767487438353e-08,9.56982427356389e-08,4.89247987801741e-08,7.9879385866479e-08,4.59420533271306e-08,2.34742587130346e-08,1.19267278172631e-08,3.78276485460995e-08,2.13716637883075e-08,3.48509208884114e-08,1.81677897808957e-08,9.61700067373492e-09,1.08192122234491e-08,1.64258844548793e-08,1.00913039449498e-08,1.60763216919804e-08,7.67445081356953e-09,9.35749198621622e-09,6.05512221254286e-09,7.89711402662431e-09,1.08037235783004e-08,9.14676317004245e-09,8.38502510360369e-09,4.9383493445696e-09,4.29054605826293e-09,9.72427680456231e-09,6.11630440859502e-09,1.07735223928268e-08,4.18684971643796e-09,3.56662669516208e-09,2.91451263375807e-09,4.96118807416696e-09,4.08315667517589e-09,5.69055277078491e-09,5.18672496999899e-09,5.74955845669392e-09,1.66559680879411e-08,8.00784009707985e-09,9.61329743788957e-09,1.20276540161442e-08,9.82315139391501e-09,2.00941739899717e-08,2.00469161856968e-08,1.50056106785188e-08,2.71465925277483e-08,2.49571031297803e-08,2.41944309673777e-08,2.62284181748847e-08,1.31411125008902e-08,3.49557036778145e-08,1.93328427919455e-08,2.96755591430285e-08,2.0502210471356e-08,9.83022003325948e-09,4.71050931616384e-09,1.54348856703281e-08,1.04942680320434e-08,1.4596436605344e-08,6.48308774173985e-09,3.86947216657243e-09,2.98919477122446e-09,7.33208987204361e-09,2.98258803155024e-09,3.9928382260453e-09,3.54942791356828e-09,1.292330440748e-09,1.89891284069601e-09,2.48663724768549e-09,4.09680939383265e-09,3.52873383984317e-09,9.40334414488289e-10,1.59342885706819e-09,2.17724056968219e-09,3.2841099506229e-09,1.88846832357979e-09,1.95289841901829e-09,1.22532535328875e-09,1.66705488922606e-09,1.60678042826226e-09,1.56318837627797e-09,1.91068595671747e-09,2.45083613136462e-09
9.67367245752271e-09,1.47978105659566e-08,2.1916640630942e-08,1.23928107737854e-08,2.15218203489894e-08,1.80738790238897e-08,1.81977550941637e-08,2.62760979108657e-08,5.56472958359212e-08,2.56062613409238e-08,4.06546235641599e-08,3.98794821746721e-08,3.15284330925639e-08,6.75854800377702e-08,9.16863297501203e-08,4.89247987801741e-08,1.39374426859434e-07,1.10671529012719e-07,5.24251129177891e-08,7.06497613527332e-08,3.25402358910191e-08,1.09564459054302e-07,4.80630023977068e-08,8.02796132772181e-08,5.53429801446299e-08,2.43911321578892e-08,1.71144192884256e-08,3.55150023691303e-08,2.40888792680842e-08,3.47695916671169e-08,1.7187763151802e-08,1.29272704885867e-08,1.80160408140487e-08,1.66872775748022e-08,1.29853153364107e-08,1.77317824764455e-08,1.01440157404049e-08,1.53207793867894e-08,6.30462803977012e-09,1.00068198901296e-08,1.6714152084419e-08,1.21827492618572e-08,1.26357533740398e-08,5.08063202809597e-09,4.78074137892696e-09,1.36083550448646e-08,5.52565440875257e-09,1.43941755460242e-08,5.19662882717203e-09,4.76407769922376e-09,7.6786166468639e-09,4.28257910831143e-09,8.24177380105268e-09,6.82827844136878e-09,6.13779012759204e-09,8.82961952152914e-09,2.19877608843911e-08,9.67820063550065e-09,1.20618145071521e-08,1.73361667893454e-08,1.0108034767023e-08,2.9626653091788e-08,4.27765083693572e-08,1.56412753690213e-08,6.09134102800507e-08,3.78504290517865e-08,2.33928331477837e-08,3.34973772610569e-08,1.48362121724858e-08,4.50536166290336e-08,2.30864630646625e-08,3.1389222655174e-08,2.48530497037921e-08,1.31305572121531e-08,8.66281970146177e-09,1.77422447402224e-08,1.41144995331721e-08,1.74029965796614e-08,9.72594928126747e-09,4.8326118712924e-09,3.8166430716934e-09,9.10113881878989e-09,4.78749668662215e-09,8.22165050649774e-09,2.96042302700772e-09,2.97386727327815e-09,2.48606665194863e-09,2.63077586541834e-09,3.95438621953932e-09,5.12766701099471e-09,2.74043702175499e-09,2.04709694134465e-09,1.3500677578075e-09,4.0444468975075e-09,1.10413937945959e-09,3.91732847218895e-09
1.18246504912726e-08,2.31293882350498e-08,4.00078274073209e-08,1.92379333659344e-08,3.13411836243334e-08,2.64218626325017e-08,3.12602285794783e-08,4.98199284804078e-08,4.0808225369635e-08,4.14711636729388e-08,6.67774196258644e-08,5.68149357518802e-08,5.96681901353276e-08,4.92853102955735e-08,8.39939882480056e-08,7.9879385866479e-08,1.10671529012719e-07,1.55689595602086e-07,3.79828361339039e-08,6.44223348293372e-08,3.1348898453074e-08,8.72225334788632e-08,4.38296948651144e-08,6.27152988686473e-08,5.12899848239704e-08,2.38803445490309e-08,1.74302652111382e-08,3.29790986395611e-08,2.37033754136766e-08,3.23380475227226e-08,1.66654140046625e-08,1.27857343612343e-08,1.87601866934545e-08,1.58965178566961e-08,1.32671123203273e-08,1.7289873584796e-08,1.00285705950823e-08,1.59029744562106e-08,6.54856317531149e-09,1.0593016765283e-08,1.66974261307536e-08,1.24513778885909e-08,1.32911058313296e-08,5.2497139045847e-09,5.07103514102268e-09,1.390017909568e-08,6.42134011873053e-09,1.55552160158357e-08,5.5406722666159e-09,7.21818383279647e-09,1.64408373143735e-08,9.44745389503360e-09,1.06552684792382e-08,1.23332340065986e-08,1.20457297984345e-08,1.99632634348239e-08,1.39345545951089e-08,1.62862710455706e-08,2.2567363801391e-08,2.26470673014533e-08,2.34266306997096e-08,1.93791733509907e-08,3.51779998295614e-08,2.87416747789687e-08,4.48693739438809e-08,5.45166916388712e-08,1.56577048247362e-08,2.76593924594901e-08,1.36967108920369e-08,3.38704704065922e-08,2.06870442491547e-08,2.2702651801607e-08,2.12973062501669e-08,1.18103863543095e-08,7.80708740158143e-09,1.50223175399119e-08,1.13958114787355e-08,1.4108627099645e-08,9.10328391140873e-09,3.96562782620396e-09,5.23690738591629e-09,6.98553632450373e-09,5.13666445024197e-09,7.31265744516500e-09,2.92328547212361e-09,4.39001868358116e-09,2.23086589117635e-09,3.64742875242079e-09,4.08726733106181e-09,4.59265315426966e-09,3.85736724889838e-09,2.14531937968278e-09,1.91957423946081e-09,4.33864750027566e-09,2.08723178170542e-09,5.08916468760957e-09
7.83660071498762e-09,1.05427416354106e-08,1.7028874225444e-08,8.79191003401095e-09,1.66516636364029e-08,1.41210443439684e-08,1.30009537690087e-08,2.03727038901069e-08,5.16794061332827e-08,2.04745330778262e-08,3.78518654929629e-08,3.62342101456721e-08,2.42750227228869e-08,6.35392987540842e-08,2.77270526489037e-08,4.59420533271306e-08,5.24251129177891e-08,3.79828361339039e-08,8.12193505644756e-08,3.42142933491157e-08,1.68438904181208e-08,6.66036344455802e-08,3.04450346404199e-08,6.08415197184194e-08,2.65964766302503e-08,1.35527912258441e-08,1.44631572405235e-08,2.34503063929562e-08,1.35475357146646e-08,2.3178642128532e-08,1.07005431324007e-08,1.24500075163622e-08,6.63057415213168e-09,1.06578711873125e-08,1.31399771025717e-08,1.16248770038039e-08,1.03025884293408e-08,5.19878930996639e-09,4.50693082781766e-09,1.10315545999775e-08,6.8024391757052e-09,1.25665727111098e-08,4.44534475581542e-09,3.64174354746802e-09,3.58072777422372e-09,5.55384636194268e-09,3.90724379344481e-09,6.21102884292611e-09,4.1020709970495e-09,2.95903582225093e-09,7.07451024389589e-09,2.86109063076814e-09,6.28510807286678e-09,5.71388416753095e-09,3.73366421948125e-09,7.5709803505696e-09,2.30447684547093e-08,7.68507219488523e-09,1.32212708068687e-08,1.50728586668456e-08,8.64168461671284e-09,2.79425675414724e-08,1.40449316401135e-08,1.60422121917026e-08,2.33649466670855e-08,1.43180236286223e-08,3.60173502950154e-08,1.91482554377964e-08,7.81943919198902e-09,2.98366422453199e-08,1.70343186232042e-08,2.58443259349499e-08,1.46742882321847e-08,6.45076990639471e-09,5.65074817629386e-09,1.34371437800796e-08,5.53200602863156e-09,1.01413644403313e-08,6.25673241928955e-09,3.86042647132316e-09,1.35539367546565e-09,4.89148842492047e-09,5.81891144884685e-09,4.37222154336805e-09,1.74331861573166e-09,1.10531524705346e-09,2.77470174036654e-09,3.2356345413288e-09,2.95006531450068e-09,3.23581720064101e-09,6.93528315361322e-10,2.05177456213141e-09,2.34913986569744e-09,2.23605542526479e-09,2.15599874685754e-09,3.10005620375787e-09
