7.5322599462553e-08,3.44579584431424e-08,1.85123138177071e-08,5.82039470462262e-08,3.265713352515e-08,5.49110335576908e-08,3.08901489008214e-08,1.63989967527915e-08,1.47050078221934e-08,2.91113711279117e-08,1.59828227855478e-08,2.76379772741352e-08,1.53031976135944e-08,1.34604590821035e-08,8.20371931025761e-09,1.51270721493167e-08,1.49633987622611e-08,1.59688920541737e-08,1.2108298805277e-08,7.64481551214973e-09,5.29253410248826e-09,1.36131574076514e-08,7.16763762883046e-09,1.21340023755867e-08,7.08297034095026e-09,4.87533036722657e-09,3.3072205876204e-09,6.51582262323934e-09,5.54146611219506e-09,6.72273302582123e-09,4.41311977929212e-09,2.89087399168902e-09,1.71135686792148e-09,5.04521400565874e-09,2.20605347097013e-09,4.45897750143311e-09,2.10154108817154e-09,1.58609117428134e-09,2.24271199808672e-09,1.68378208840481e-09,3.2206963234594e-09,3.15986453162225e-09,1.78745015989049e-09,1.66582250196331e-09,1.38628926668938e-09,2.99975782952336e-09,2.09434054701652e-09,2.38803968263206e-09,5.29752496689622e-08,2.10662563762548e-08,1.79575201096068e-08,4.23317626699282e-08,1.95060761530749e-08,3.92730593801891e-08,1.89286826673484e-08,1.55281145095729e-08,6.72691476427440e-09,1.70678548644555e-08,1.36760587902746e-08,1.67834678399845e-08,1.41647954643026e-08,8.72015205015887e-09,6.94572749027214e-09,1.22952931349114e-08,8.93847165076866e-09,1.2285137570393e-08,8.25997094091835e-09,6.71884662221784e-09,3.57979865622167e-09,8.14721149079743e-09,5.57200836511208e-09,7.40806112487652e-09,6.39239201126005e-09,3.3529160174825e-09,3.9236172643541e-09,5.35275264338972e-09,5.28744184702e-09,7.23784264768787e-09,3.1803462912167e-09,3.75706411155334e-09,1.77515372114247e-09,5.12342938522948e-09,2.30578291032452e-09,3.44237265127101e-09,2.74495618269557e-09,1.53650160039755e-09,2.17911738181986e-09,1.66568463698498e-09,3.47658122437696e-09,2.29566217050114e-09,1.17212769960232e-09,2.02009407100518e-09,2.15580947606518e-09,3.67398095299873e-09,2.82970517948143e-09,4.04538013665975e-09
3.44579584431424e-08,1.47636622784236e-07,3.33895763597639e-08,5.7947387143762e-08,1.21769815872352e-07,4.44507226488173e-08,1.20747142345869e-07,2.75614223053293e-08,1.40798588178233e-08,1.00971576356595e-07,2.68855092195815e-08,9.28524892150475e-08,2.55472605871713e-08,1.25542192548303e-08,2.00686626175742e-08,2.52817368838974e-08,1.56498470971176e-08,2.62608913717119e-08,1.17049840437724e-08,1.80294125251721e-08,9.6296451520637e-09,1.40026446880356e-08,1.91077564321003e-08,1.28800433771002e-08,1.69836457567421e-08,9.15435447594553e-09,5.00287127224612e-09,1.7641561957508e-08,1.0226262321727e-08,1.82797540411099e-08,8.63904689904161e-09,4.60031858129909e-09,3.49248177584459e-09,9.5880453473915e-09,4.2784546664621e-09,8.80041889294216e-09,2.69328321780996e-09,2.79265928257442e-09,2.89284110365419e-09,3.28488051423202e-09,4.32390559955784e-09,4.57496546638884e-09,2.97188150201369e-09,3.20443967753669e-09,1.75956138751629e-09,4.93776024716076e-09,3.46047451917993e-09,4.18554115163957e-09,2.02532922680213e-08,6.57596943999759e-08,2.27973722966718e-08,4.08229872438402e-08,4.68233102387554e-08,2.9411144915969e-08,5.68369689879403e-08,1.81348304696281e-08,9.30984498960624e-09,4.08462542482942e-08,1.55674711652575e-08,3.4393489811601e-08,1.747396413149e-08,8.22784645096102e-09,1.56913783029738e-08,1.44404825886115e-08,1.2020090382189e-08,1.80368556622306e-08,7.80587868285945e-09,1.44518655809672e-08,7.61019190954637e-09,1.07805563103914e-08,1.62491380289051e-08,8.29017884241482e-09,1.35243981850259e-08,7.17205743348462e-09,4.21393780954794e-09,1.5434841353973e-08,7.96453819228213e-09,1.43838086179876e-08,6.8540243604801e-09,3.77401571328603e-09,4.0597242483953e-09,7.50549049201655e-09,3.39149265484779e-09,7.04788534121301e-09,2.38225727655849e-09,3.38243220884639e-09,1.98771995231455e-09,2.29625734867994e-09,5.05736251746388e-09,3.09135294984339e-09,3.81165701846024e-09,2.25958589475697e-09,7.97882816358445e-10,5.2583433432195e-09,1.6788975417722e-09,4.59277075338665e-09
1.85123138177071e-08,3.33895763597639e-08,8.04117080186755e-08,2.77090266033055e-08,5.71465058448728e-08,5.22487912576161e-08,2.75636000947248e-08,6.84117881231807e-08,2.71916538141928e-08,4.77540185238374e-08,5.4639600715375e-08,3.61928182769131e-08,6.3084803723786e-08,2.4442382814076e-08,1.53639595252028e-08,5.06299340579745e-08,2.38918408704977e-08,4.83232193592111e-08,2.25613331604495e-08,1.37593884963198e-08,1.17855176800797e-08,2.18838712389484e-08,1.17387389483593e-08,1.77238089721047e-08,1.26477872949806e-08,1.09024697304007e-08,4.81321168788062e-09,1.0686061788665e-08,1.16744692424673e-08,1.04237719683941e-08,1.01105975732846e-08,4.26033171048593e-09,4.24807728118276e-09,1.06749145261319e-08,4.69894530976442e-09,1.03216928840962e-08,3.72690986527911e-09,2.4628530568785e-09,7.29093627369335e-10,3.68841529576108e-09,3.64283615474748e-09,4.38271276575251e-09,2.06829429664679e-09,8.27257516750641e-10,9.28563395747839e-10,3.64354460457236e-09,1.21734202518159e-09,2.79779521580114e-09,9.53741768951224e-09,1.78228370175058e-08,5.48079984904463e-08,1.66903599730407e-08,3.0165536284437e-08,3.0613189236216e-08,1.71666310201156e-08,4.70161711460151e-08,1.8178410110437e-08,2.73842198927703e-08,3.67997864768832e-08,2.12869808919907e-08,4.53811958676706e-08,1.6669257308959e-08,9.53389761782103e-09,3.44745231215162e-08,1.53442365863847e-08,3.20488478671828e-08,1.55466613677432e-08,8.83381223240655e-09,7.53596725872125e-09,1.44985030077361e-08,3.81404245708151e-09,8.97877348537919e-09,8.11315407001584e-09,7.06566089902332e-09,2.42198957884772e-09,3.46188690717616e-09,7.82581860950536e-09,5.30606836263534e-09,6.5839888199329e-09,2.33385954917621e-09,3.69947075758394e-09,7.29726458758460e-09,4.65833670984442e-09,8.18642188494388e-09,2.68990453878482e-09,2.71981154413352e-09,4.6396013087829e-10,4.52691019224434e-09,2.82512842790409e-09,3.57309805592633e-09,2.68835301226826e-09,-9.2328572613104e-11,1.93058539960454e-09,2.32592586820861e-09,1.97124692925086e-09,4.72996903395767e-09
5.82039470462262e-08,5.7947387143762e-08,2.77090266033055e-08,9.18603580442016e-08,4.409785458128e-08,7.19032544315525e-08,5.08765936506293e-08,2.43023116643144e-08,1.26671333491951e-08,3.93154071900364e-08,2.38322441743589e-08,3.54471393634986e-08,2.24210180569676e-08,1.13463979420424e-08,1.81692071585124e-08,2.21395029055055e-08,1.44535252992408e-08,2.30642999484166e-08,1.08180729621959e-08,1.67624058996659e-08,7.02608688294043e-09,1.35367763688319e-08,1.6463376354041e-08,1.10028650169607e-08,1.56639871628665e-08,6.52736413562481e-09,4.88022503582986e-09,1.50476256295753e-08,7.49033973863551e-09,1.54765808603465e-08,5.97093439285266e-09,4.36542657786377e-09,2.3637660663866e-09,6.85235822343866e-09,3.83530160100994e-09,6.84668739254874e-09,3.47484645841855e-09,1.98976067126034e-09,1.5736370611188e-09,2.87213857168239e-09,2.79625821025445e-09,3.494531520596e-09,2.04053114863795e-09,1.61584983546215e-09,2.05780234522998e-09,3.06658041134166e-09,2.50057087953924e-09,2.70815047021473e-09,3.85179899539778e-08,3.79338164635511e-08,2.26435929481835e-08,6.3604458094798e-08,2.55917903353192e-08,4.91887698186565e-08,3.28170060222232e-08,2.00095356005793e-08,9.37506492288725e-09,2.21356020468935e-08,1.72531326378117e-08,2.23191560286702e-08,1.90087079141556e-08,8.42816166736677e-09,1.28868947411733e-08,1.58432612589734e-08,1.25385852997353e-08,1.75021466674161e-08,8.609879912939e-09,1.19177474259321e-08,4.48009931987675e-09,1.06590216530136e-08,1.1755657656347e-08,6.31303637811431e-09,1.11332720538012e-08,4.18114305320878e-09,4.49614981085494e-09,1.12934969750347e-08,5.22745582686999e-09,1.12152497644629e-08,3.9064117898674e-09,4.17500293301599e-09,1.78357077894406e-09,4.89822765824506e-09,2.53720463484855e-09,2.95393877449348e-09,3.26641821254796e-09,1.59027724666489e-09,1.88847927817681e-09,1.81430590912134e-09,3.24480781239037e-09,3.00718720104415e-09,1.45054169685796e-09,2.22892868338382e-09,3.14876173286052e-09,3.44962395737571e-09,4.42102107377471e-09,4.65932831025827e-09
3.265713352515e-08,1.21769815872352e-07,5.71465058448728e-08,4.409785458128e-08,1.70109011566418e-07,7.35357918179242e-08,1.00974804810049e-07,4.7753195610955e-08,2.26677409007832e-08,1.37541440846828e-07,3.759255895293e-08,1.10755265769495e-07,4.31348900993819e-08,1.99206679400417e-08,1.53244583030509e-08,3.43349444982004e-08,2.17894611877315e-08,3.30683023848902e-08,1.83478159715336e-08,1.31737185275776e-08,1.65785494865841e-08,1.93530928435533e-08,1.40690204702502e-08,1.66263635018863e-08,1.2138926882578e-08,1.56793776873865e-08,7.43271916364092e-09,1.3011817380482e-08,1.72493102461971e-08,1.36890131558604e-08,1.49104076824634e-08,6.83407316969016e-09,5.16952960620498e-09,1.62009304865902e-08,5.99456573910239e-09,1.47814930835904e-08,4.75735272284716e-09,3.07734411382935e-09,3.58054385645266e-09,4.6683941782183e-09,6.10270185399477e-09,7.12691062616687e-09,2.73229218791243e-09,3.52623969471571e-09,2.5234273883302e-09,6.16779361435407e-09,4.78739257933778e-09,5.84201245777471e-09,1.94515326130275e-08,4.66458403599516e-08,3.27113034778938e-08,3.14977398353915e-08,6.13012975890737e-08,4.05570915279213e-08,4.40814006718516e-08,2.81893513722381e-08,1.52680845349017e-08,5.53175469259906e-08,2.35893121566002e-08,4.58234310118559e-08,2.7805640409305e-08,1.21144258056797e-08,1.3284566274079e-08,2.11295299075682e-08,1.38285637046598e-08,2.32213459418766e-08,1.12745551283866e-08,1.16176269716459e-08,1.24881418716241e-08,1.19858980208668e-08,1.03772471809818e-08,8.16016058663791e-09,1.06787121019708e-08,1.18352180664627e-08,5.08118733065374e-09,9.6508529695632e-09,1.31243129888683e-08,1.15071461475209e-08,1.12779441816812e-08,4.84655307430478e-09,4.61044404484336e-09,1.25652221483244e-08,4.65762130597454e-09,9.31806087732918e-09,4.16782436806619e-09,3.13991366928016e-09,2.45282741015559e-09,3.63122526734482e-09,5.98568814931763e-09,5.97554632474068e-09,3.13482283915251e-09,2.500373079633e-09,2.14409975962535e-09,5.57663447827554e-09,3.37604285677927e-09,5.62209786703827e-09
5.49110335576908e-08,4.44507226488173e-08,5.22487912576161e-08,7.19032544315525e-08,7.35357918179242e-08,1.08420361782816e-07,3.77225589883159e-08,4.39955789903657e-08,2.18753498287981e-08,6.26374105649087e-08,3.40038019871762e-08,4.83338970273234e-08,4.00552113696782e-08,1.92899848432982e-08,1.33891558376945e-08,3.08106884922708e-08,2.02684674423233e-08,2.98635428776773e-08,1.77334618201689e-08,1.23500433736397e-08,1.28381549501898e-08,1.86805901812357e-08,1.10060487470357e-08,1.39207796629116e-08,1.1219608060276e-08,1.19550141234588e-08,6.90161040003048e-09,9.92081214682446e-09,1.37339357461769e-08,1.09125686774329e-08,1.1169697938217e-08,6.25784266744016e-09,4.80867713377078e-09,1.27208300859277e-08,5.71364922603197e-09,1.23829769168341e-08,5.36112204512206e-09,2.97723339115572e-09,1.45800064332493e-09,4.42327394693159e-09,5.41364557779156e-09,6.50597335828731e-09,2.82331111141387e-09,1.52964614170058e-09,3.01024787269855e-09,5.60010465692055e-09,3.46208188388069e-09,5.58572353831894e-09,3.50198397501994e-08,2.52973334300341e-08,3.76096215735016e-08,4.66964739381749e-08,3.96982018739865e-08,6.82785317154169e-08,2.35565012373619e-08,3.24476530358345e-08,1.57573825932936e-08,3.59501423905784e-08,2.65044253162371e-08,3.13278001875886e-08,3.0849806922531e-08,1.39220776338591e-08,8.90464231556055e-09,2.35027432232377e-08,1.25820841666023e-08,2.26737231420254e-08,1.30028561029343e-08,8.6333658721055e-09,7.53869359611412e-09,1.22913304500167e-08,4.8572777433019e-09,6.2007130452903e-09,7.84212576705427e-09,7.0491076369102e-09,4.47011546658761e-09,4.52579270005618e-09,8.22359083552621e-09,6.70075039201099e-09,6.56824727369062e-09,4.41406030943637e-09,3.92948131160763e-09,7.91281504228036e-09,4.25013283027043e-09,5.9613306602179e-09,4.59440980202617e-09,2.85243504080625e-09,1.82283230521667e-09,3.82890881410415e-09,5.17909085143998e-09,5.40717353746912e-09,2.20189201631311e-09,1.84230677590583e-09,3.47308222667922e-09,5.03624920490618e-09,4.23250356190201e-09,6.26289274776325e-09
3.08901489008214e-08,1.20747142345869e-07,2.75636000947248e-08,5.08765936506293e-08,1.00974804810049e-07,3.77225589883159e-08,1.49885353203857e-07,3.26004487494792e-08,1.59643140431726e-08,1.23874341514446e-07,3.10648392376375e-08,1.13669135728861e-07,3.04048889128674e-08,1.41353118486529e-08,2.37964377620356e-08,2.924691586546e-08,1.75615509956188e-08,3.07023722149313e-08,1.27775455181859e-08,2.14130466928487e-08,1.02711900180049e-08,1.55423613532153e-08,2.22048920832254e-08,1.38473637824507e-08,1.9737667199902e-08,9.56295304804489e-09,6.33981672137651e-09,2.00891359326543e-08,1.12446871328514e-08,2.08073321582233e-08,9.07028785343314e-09,5.96553005182409e-09,4.65276533129798e-09,1.05910481537775e-08,6.2857648548044e-09,1.01720890247943e-08,4.06532968667279e-09,3.75651913330121e-09,3.26935099410384e-09,5.13143815067403e-09,5.04461084582605e-09,6.15114257365406e-09,3.39033989560627e-09,3.01122251080719e-09,2.33527895262519e-09,4.96002000397603e-09,4.11356277592203e-09,5.0534166456378e-09,1.95509030031365e-08,5.68279775830011e-08,1.81383071143124e-08,3.49841004969609e-08,4.08450227831226e-08,2.41359229357121e-08,6.66404353401007e-08,1.97634711233123e-08,1.10060433351732e-08,4.54577387050294e-08,1.84710124075677e-08,4.22072912996715e-08,1.90231773920666e-08,9.88215865147919e-09,1.77284355008406e-08,1.72286850417584e-08,1.41516627473475e-08,2.18728732767333e-08,8.61793019029244e-09,1.65388944680076e-08,7.21842758128318e-09,1.22012267180847e-08,1.89762029248418e-08,8.6181725862079e-09,1.41939919631416e-08,7.44161671665184e-09,5.44519768746443e-09,1.60596486499075e-08,8.45928364803658e-09,1.48254024440412e-08,7.13366770759196e-09,5.01920983379373e-09,5.6307633930074e-09,8.045678815751e-09,5.30865474370483e-09,8.42687065660566e-09,3.50755661499333e-09,5.13659256802572e-09,2.29141509505809e-09,3.92052227801982e-09,6.15492190254652e-09,4.5654641711341e-09,4.30359793130215e-09,2.30466561559052e-09,3.11556918365961e-09,5.54955222119156e-09,3.34953611961407e-09,6.20373614053045e-09
1.63989967527915e-08,2.75614223053293e-08,6.84117881231807e-08,2.43023116643144e-08,4.7753195610955e-08,4.39955789903657e-08,3.26004487494792e-08,7.84419279102935e-08,3.07660180096075e-08,5.51852278049161e-08,6.29269194109883e-08,4.22256087336446e-08,7.24609500308354e-08,2.7504841914816e-08,1.89049628914807e-08,5.82217201758757e-08,2.68687266490251e-08,5.53754943803495e-08,2.53499236927231e-08,1.69611889204576e-08,1.32937572589622e-08,2.46070942129886e-08,1.45333699158818e-08,2.0137659006349e-08,1.54599166377881e-08,1.2254791997144e-08,6.16326040821236e-09,1.30923790535435e-08,1.35775026169539e-08,1.27561984529905e-08,1.13678434861738e-08,5.55360336671494e-09,5.10693961627146e-09,1.24533283278723e-08,6.13150782821837e-09,1.23158407795756e-08,4.99356131618159e-09,3.03172121757045e-09,1.01052842027256e-09,4.80879460925562e-09,4.28071848585768e-09,5.64597760662541e-09,2.67123054007638e-09,9.26656916966512e-10,9.19651619412751e-10,4.25085045354521e-09,1.30904199626757e-09,3.16460981686564e-09,8.67170989925274e-09,1.71628521374785e-08,4.70171375766132e-08,1.48145581063874e-08,2.73837969231087e-08,2.3582689983823e-08,2.13844423777147e-08,5.22725776456682e-08,2.17044731109462e-08,3.07981609032641e-08,4.31692565142534e-08,2.49976722459164e-08,4.99898684648371e-08,1.98394980152129e-08,1.31813420986511e-08,4.02647573396128e-08,1.82640189395545e-08,3.75737766097617e-08,1.83527984320542e-08,1.26224572270969e-08,7.31348301578941e-09,1.71752390637349e-08,6.87167989035582e-09,1.11809480790329e-08,1.13242949540958e-08,7.10527470704933e-09,3.50236628920773e-09,5.84043519722358e-09,8.20779335513634e-09,7.55992283973514e-09,6.58004833909311e-09,3.33659959098338e-09,4.36328674163544e-09,7.5385936187656e-09,6.00638506576667e-09,8.81416907947857e-09,3.56405100730141e-09,3.36281863281365e-09,6.7020627739145e-10,5.5163362299663e-09,3.67830910752762e-09,4.75510938300918e-09,3.11401516528039e-09,6.21087682917413e-10,2.63379950980767e-09,3.48764817004766e-09,3.2392517766638e-09,5.54610718295927e-09
1.47050078221934e-08,1.40798588178233e-08,2.71916538141928e-08,1.26671333491951e-08,2.26677409007832e-08,2.18753498287981e-08,1.59643140431726e-08,3.07660180096075e-08,8.44753563696643e-08,2.67411605920877e-08,6.33541336813855e-08,5.35529611768757e-08,2.75068434416677e-08,7.7536812302209e-08,3.6431552189381e-08,5.77091966996705e-08,6.45141838386044e-08,4.74340467507805e-08,7.03533302750865e-08,3.15015871714871e-08,1.50217898750215e-08,5.73241997864671e-08,2.58371472342367e-08,4.79085543587322e-08,2.7815271014635e-08,1.34327653639807e-08,1.07744317256955e-08,2.23970151619991e-08,1.357840059403e-08,2.22354902417402e-08,1.21750938384324e-08,1.0014131758692e-08,3.94736633861238e-09,1.23334485044439e-08,1.04670039725911e-08,1.19192425281573e-08,9.04308460157225e-09,3.35285447301547e-09,9.07495106852405e-10,9.26529873852036e-09,4.114314645735e-09,9.27465173505841e-09,3.11951325314444e-09,7.1678972990534e-10,7.18293422268524e-10,3.92313528520926e-09,8.75945487949927e-10,4.18821797803522e-09,9.41700022599813e-09,7.29032163466688e-09,2.02265829919367e-08,7.36508432733151e-09,1.35213978249558e-08,1.21778928243379e-08,7.31198859104975e-09,2.15955591707814e-08,5.40748012435565e-08,1.16256864811827e-08,4.44817371675716e-08,3.06169483232504e-08,1.98720292432671e-08,5.11641808476339e-08,2.18816649241803e-08,4.01604847548102e-08,3.7424236916798e-08,3.12591570280334e-08,4.39573129824493e-08,1.93708531693283e-08,8.48943890116967e-09,3.30671913075624e-08,1.43046232297589e-08,2.93749997798518e-08,1.65139573855966e-08,7.36403723110215e-09,6.76169572842104e-09,1.18389496802207e-08,8.24606977472527e-09,1.31869220024349e-08,6.80255276429086e-09,6.02356092609232e-09,3.63422141780936e-09,7.37227100961636e-09,6.62718905606806e-09,6.99834495580231e-09,5.56205397384302e-09,3.21095938524944e-09,-4.27773306688122e-11,5.76065131018256e-09,2.56385685035749e-09,5.01148225142025e-09,2.90351725675255e-09,3.60352694318472e-10,3.67707970863894e-09,2.62995966028681e-09,3.64257218743038e-09,6.84643717729196e-09
2.91113711279117e-08,1.00971576356595e-07,4.77540185238374e-08,3.93154071900364e-08,1.37541440846828e-07,6.26374105649087e-08,1.23874341514446e-07,5.51852278049161e-08,2.67411605920877e-08,1.66068109347218e-07,4.35388204925327e-08,1.36088071602969e-07,4.99463177391911e-08,2.31464797998106e-08,1.76256398332639e-08,3.94971826168327e-08,2.49608260054669e-08,3.80800254993034e-08,2.12526916434468e-08,1.52343141420203e-08,1.88729039345228e-08,2.22038658574261e-08,1.55489109659252e-08,1.84503702967849e-08,1.39873177510556e-08,1.79341769308877e-08,9.98966584793021e-09,1.42895266581453e-08,2.08516904767325e-08,1.52688424372516e-08,1.71724607919431e-08,9.36703999325015e-09,7.32557065560887e-09,1.97778458960674e-08,8.83677525178676e-09,1.84978859307666e-08,7.27223998910496e-09,5.09794811194178e-09,4.62644815134764e-09,7.3583322103313e-09,8.242816090391e-09,9.85804595870855e-09,4.49941203276595e-09,4.3350755350511e-09,3.74381235257485e-09,8.05762012754938e-09,5.75158262367319e-09,7.48337335806529e-09,1.83157361457951e-08,4.40724011378733e-08,2.81920977589704e-08,2.8615007740583e-08,5.5316454567646e-08,3.45314684168323e-08,4.79817422740329e-08,3.05266276452687e-08,1.65912115279293e-08,6.06380831435535e-08,2.73256713813524e-08,5.3749920101794e-08,2.99562891611528e-08,1.31531436516083e-08,1.38051298559677e-08,2.44292651146003e-08,1.4804399200424e-08,2.67483053655805e-08,1.15066461463131e-08,1.26652548209441e-08,1.30718094320745e-08,1.23855152510976e-08,1.12286779943114e-08,7.5400636386514e-09,1.13794375143518e-08,1.26600049906381e-08,7.06444336238992e-09,1.03284049966268e-08,1.44412072958963e-08,1.1856269184223e-08,1.21150843028298e-08,6.84086213548316e-09,7.03931287972133e-09,1.3967140211243e-08,7.56565728474851e-09,1.20035883936115e-08,5.92670886497819e-09,5.62431298355142e-09,3.15155836676301e-09,6.11300805589905e-09,8.30289458773112e-09,8.47529736546906e-09,4.65077697459909e-09,3.03794494446847e-09,4.97481991272605e-09,7.46581218622698e-09,4.75731642943962e-09,7.29404978203390e-09
1.59828227855478e-08,2.68855092195815e-08,5.4639600715375e-08,2.38322441743589e-08,3.759255895293e-08,3.40038019871762e-08,3.10648392376375e-08,6.29269194109883e-08,6.33541336813855e-08,4.35388204925327e-08,1.05552972663692e-07,7.4794891345031e-08,5.82227816027761e-08,5.77076521547328e-08,3.80913026631491e-08,9.78738146780124e-08,4.86746062372104e-08,8.3162064500691e-08,5.25462519052498e-08,3.26483933934121e-08,1.52821922270281e-08,4.27538915805679e-08,2.65788678410324e-08,3.47762635371476e-08,2.9077789316722e-08,1.36732318896978e-08,1.25280397402725e-08,2.31396681743536e-08,1.36330966000521e-08,2.21997790956905e-08,1.23369557494027e-08,1.16879952980757e-08,5.95838904337456e-09,1.22746289296723e-08,1.27076767591052e-08,1.18561966569354e-08,1.03870198435531e-08,4.94973638232353e-09,1.70051980993929e-09,1.12134763456042e-08,5.48148784544863e-09,1.15883399039286e-08,4.69728493436592e-09,1.70619453086504e-09,1.7323377909934e-09,5.33134629019412e-09,2.1148157104305e-09,6.04301193076471e-09,8.6499014498361e-09,1.56255600078439e-08,3.85216880800271e-08,1.27873371835624e-08,2.21608076759559e-08,1.92719773444828e-08,1.9128031525789e-08,4.35176228746147e-08,4.35686859396732e-08,2.38283743296982e-08,7.08574527726005e-08,4.62854061197695e-08,4.06846399610756e-08,4.01241114411158e-08,2.54700283525398e-08,6.5744047208608e-08,3.35657611247233e-08,5.65810825893664e-08,3.43944246678173e-08,2.24140849983333e-08,7.72131878148119e-09,2.88738090572364e-08,1.41408643172599e-08,2.1359559356878e-08,1.94522174536468e-08,6.80658505504853e-09,7.5363233964814e-09,1.15894909212778e-08,7.93749227064659e-09,1.41520363577006e-08,6.29686637741291e-09,6.96640895101124e-09,5.42224151652441e-09,7.1000322496916e-09,9.43380672035692e-09,8.28068278175679e-09,6.82973964819893e-09,5.15261164490819e-09,1.17296689274867e-09,8.7393263890326e-09,4.19288261455119e-09,6.69357037622359e-09,5.02796036851738e-09,1.38969533402219e-09,5.24345475400796e-09,4.30840104946921e-09,5.42796738801287e-09,9.79607531005779e-09
2.76379772741352e-08,9.28524892150475e-08,3.61928182769131e-08,3.54471393634986e-08,1.10755265769495e-07,4.83338970273234e-08,1.13669135728861e-07,4.22256087336446e-08,5.35529611768757e-08,1.36088071602969e-07,7.4794891345031e-08,1.82555283644511e-07,3.81560911281929e-08,4.77602875040232e-08,3.06696849714025e-08,6.84018251747566e-08,3.95323162281048e-08,5.66437373906169e-08,4.40182115478115e-08,2.68883609699244e-08,1.714000004612e-08,3.50202126280287e-08,2.37037120391368e-08,2.81821289939702e-08,2.35007870468261e-08,1.54603228408618e-08,1.63193681392208e-08,2.03664334528211e-08,1.65554397760452e-08,1.965856581404e-08,1.45434664057902e-08,1.54188970249666e-08,7.40993391095062e-09,1.552173505062e-08,1.65349500844806e-08,1.43355093328311e-08,1.34030047328628e-08,6.57729538990022e-09,4.74410316960292e-09,1.50407866649711e-08,8.56044161596838e-09,1.6634323129231e-08,5.61065067963333e-09,3.98082953550895e-09,3.92360741590128e-09,7.83908826302714e-09,5.34391775243169e-09,9.33169899299856e-09,1.72564103550188e-08,3.73692182283353e-08,2.23867428262251e-08,2.36750684728191e-08,4.33673758545033e-08,2.85695225274444e-08,4.05576369042826e-08,2.45771104821165e-08,3.06211773950053e-08,4.7185814393541e-08,4.79242500967579e-08,7.68169292178949e-08,2.31204673578494e-08,2.65214659759826e-08,1.95995841465424e-08,4.32927828722541e-08,2.11198974169516e-08,3.6042879157201e-08,2.25400227725588e-08,1.80122738171979e-08,1.0768802705925e-08,1.88089386966881e-08,1.60412898741607e-08,1.39894866693688e-08,1.48296086010528e-08,9.60747591417319e-09,1.05568405612951e-08,1.35777477926979e-08,8.8712744589419e-09,1.28516473186927e-08,9.37277008171873e-09,1.00661167098815e-08,7.08648732813899e-09,8.57559460839604e-09,1.03062474183926e-08,9.65457854910999e-09,8.51873811955213e-09,6.40754422414907e-09,2.76527953831654e-09,8.32225440614845e-09,7.72306579892148e-09,9.73726176600249e-09,5.55735868581877e-09,2.42568350631863e-09,6.02437108379771e-09,6.78854071898312e-09,5.23361686408569e-09,1.04168313103104e-08
1.53031976135944e-08,2.55472605871713e-08,6.3084803723786e-08,2.24210180569676e-08,4.31348900993819e-08,4.00552113696782e-08,3.04048889128674e-08,7.24609500308354e-08,2.75068434416677e-08,4.99463177391911e-08,5.82227816027761e-08,3.81560911281929e-08,8.31707969526694e-08,3.17670733682972e-08,2.14004893975925e-08,6.83659182114709e-08,3.12061277232248e-08,6.38581667547805e-08,2.92997600433834e-08,1.92341116835277e-08,1.51293949535982e-08,2.85148878915172e-08,1.58064662299046e-08,2.26904830168658e-08,1.75108464832769e-08,1.39352601742474e-08,7.17536945498297e-09,1.4254390306902e-08,1.48270512071799e-08,1.37858365945796e-08,1.30548911552756e-08,6.56717868539633e-09,5.57702543963333e-09,1.37218372310451e-08,6.96385917082049e-09,1.33928103000395e-08,5.83245624669848e-09,3.54312539542094e-09,1.20356446672659e-09,5.54956136192628e-09,4.93333860675402e-09,6.45516808514496e-09,3.24960026638495e-09,1.11163960055569e-09,9.15450198831478e-10,4.92126310736867e-09,1.73813762177153e-09,3.67609484764921e-09,7.82753900097507e-09,1.63902386047054e-08,4.5370160062973e-08,1.35541728646667e-08,2.75539929148147e-08,2.39679806435682e-08,2.05404087191319e-08,4.99846003382681e-08,1.98403299339527e-08,3.07270451850285e-08,4.02669731041682e-08,2.35754188769799e-08,5.64657398078128e-08,2.49492557617459e-08,1.55881582851014e-08,4.75476462588434e-08,2.33697787533504e-08,4.23184186493393e-08,2.32955947598873e-08,1.47578541399045e-08,7.8555777704846e-09,2.21114761863123e-08,7.91685049727455e-09,1.43675152012443e-08,1.28272818264412e-08,7.73970745783754e-09,4.43193101558789e-09,6.97797148387653e-09,8.73054199774998e-09,8.81459194355262e-09,7.27996587567696e-09,4.30866869548665e-09,5.3580313253524e-09,8.21540373896737e-09,7.30207749772786e-09,9.65091767823899e-09,4.40229404855481e-09,4.41085005261337e-09,3.26082926745901e-10,6.73949939988493e-09,4.43723260293559e-09,5.86242485898499e-09,4.24653182287294e-09,2.94904701521613e-10,3.44216776586725e-09,4.17460869101783e-09,3.61195727605624e-09,6.08139066217185e-09
1.34604590821035e-08,1.25542192548303e-08,2.4442382814076e-08,1.13463979420424e-08,1.99206679400417e-08,1.92899848432982e-08,1.41353118486529e-08,2.7504841914816e-08,7.7536812302209e-08,2.31464797998106e-08,5.77076521547328e-08,4.77602875040232e-08,3.17670733682972e-08,9.17496603179581e-08,4.14454515422516e-08,6.66875827605457e-08,7.63984481819688e-08,5.48555209295946e-08,8.33598450503593e-08,3.60607116092564e-08,1.79730408638449e-08,6.82822903499026e-08,2.94609071489072e-08,5.67705715519157e-08,3.09510824318179e-08,1.55421836409131e-08,1.35150753764511e-08,2.48666321875565e-08,1.55096933047872e-08,2.44610712143734e-08,1.42272949242502e-08,1.2670258368802e-08,4.79777401951032e-09,1.41268159074637e-08,1.25344757427522e-08,1.34666258942948e-08,1.07781548993369e-08,3.86713184318062e-09,1.62320608214856e-09,1.05261283443839e-08,4.77222963928775e-09,1.05918590628007e-08,3.62708675558659e-09,1.49352538969936e-09,1.21825461833295e-09,4.54744283305162e-09,1.67398389747363e-09,4.70800169792707e-09,8.65120855183541e-09,7.21050520693562e-09,1.84918818238287e-08,6.47633112937035e-09,1.25764706009252e-08,1.09733618533681e-08,7.29413436687223e-09,1.986564888562e-08,5.11634556245949e-08,1.07892496225702e-08,4.01617048037171e-08,2.7642663157836e-08,2.16268455946437e-08,6.24353408296391e-08,2.66867813800273e-08,4.58345812742514e-08,4.62911951170842e-08,3.48445081305394e-08,5.42945227325856e-08,2.38737410763647e-08,7.60665577803233e-09,4.14839333936602e-08,1.72703592717807e-08,3.47751212627604e-08,1.93252797229008e-08,8.26218767750289e-09,8.81709593817086e-09,1.42253056936173e-08,9.51456949882158e-09,1.59971366727236e-08,7.56610668044987e-09,8.0463298224952e-09,4.64341269258704e-09,8.23032920826239e-09,9.1577379257609e-09,8.30956617385465e-09,6.44829133820332e-09,4.00060253809868e-09,6.78413530987393e-10,7.28660317111113e-09,3.22743988501028e-09,6.61010110381464e-09,3.73977750736672e-09,9.87361712358544e-10,4.17903124201606e-09,3.19523649357398e-09,4.6200084894331e-09,7.29658680062103e-09
8.20371931025761e-09,2.00686626175742e-08,1.53639595252028e-08,1.81692071585124e-08,1.53244583030509e-08,1.33891558376945e-08,2.37964377620356e-08,1.89049628914807e-08,3.6431552189381e-08,1.76256398332639e-08,3.80913026631491e-08,3.06696849714025e-08,2.14004893975925e-08,4.14454515422516e-08,1.34578791282819e-07,4.29420347096542e-08,9.70798199848816e-08,9.21313765486966e-08,3.6065476045344e-08,1.16562452597246e-07,5.03665415432792e-08,8.23340134327555e-08,9.06486758698425e-08,6.08424010590355e-08,1.05249120817727e-07,4.41652567582124e-08,2.52016863370765e-08,7.99184466982461e-08,4.0027707889997e-08,7.18278753887453e-08,4.13704839519486e-08,2.38135027126618e-08,2.22205720043742e-08,3.71966611641415e-08,2.02874295239847e-08,3.29539689581156e-08,2.16697632629852e-08,2.02525720118302e-08,2.72247515845658e-09,1.78765860665792e-08,2.12163844218164e-08,1.66524016473412e-08,2.05567237822678e-08,3.04853985602316e-09,3.90478416444372e-09,2.17607113197645e-08,4.75787315046064e-09,2.26786452970585e-08,4.41100183364218e-09,9.73339833126382e-09,1.0662461464668e-08,9.4448973459324e-09,8.73865104412065e-09,9.27941378405051e-09,1.26139352335087e-08,1.21108928500456e-08,2.77660595997869e-08,8.94678124892237e-09,2.60029882565201e-08,2.01137065759114e-08,1.54161754485413e-08,3.08988043367406e-08,7.67803115255491e-08,2.95197810283422e-08,6.01479396515034e-08,5.7672715847521e-08,2.49060289227757e-08,6.68080762395925e-08,2.18671259821305e-08,4.91411325339826e-08,5.15057121538263e-08,3.31726417217501e-08,5.67189626660811e-08,2.02994617598111e-08,1.03293394680069e-08,4.19049004638587e-08,1.89775226433351e-08,3.82267315390499e-08,1.8869805492212e-08,9.41605624859454e-09,8.7788735885262e-09,1.70131171172933e-08,1.06202632628325e-08,1.80993090016614e-08,8.28518501139379e-09,8.23076844769246e-09,1.9665137433481e-09,8.81255956867428e-09,8.57547881150657e-09,6.95772148895031e-09,7.97743676514414e-09,2.23552338190392e-09,6.48500171464276e-09,8.64153102814436e-09,8.79938440320632e-09,1.0812171202163e-08
1.51270721493167e-08,2.52817368838974e-08,5.06299340579745e-08,2.21395029055055e-08,3.43349444982004e-08,3.08106884922708e-08,2.924691586546e-08,5.82217201758757e-08,5.77091966996705e-08,3.94971826168327e-08,9.78738146780124e-08,6.84018251747566e-08,6.83659182114709e-08,6.66875827605457e-08,4.29420347096542e-08,1.14411251056539e-07,5.66314557518782e-08,9.65645342341637e-08,6.08788717176929e-08,3.71862896466524e-08,1.84045435664597e-08,5.00886602115617e-08,2.9587117149368e-08,3.97996843832491e-08,3.18544610999885e-08,1.56042512089843e-08,1.58489872293425e-08,2.46456382182115e-08,1.54584229749003e-08,2.35401104419063e-08,1.4263849673943e-08,1.49417810778275e-08,7.32848991520786e-09,1.40359118569918e-08,1.49511631400426e-08,1.34834057574306e-08,1.27414646740922e-08,5.98915743687323e-09,2.11423915793302e-09,1.27732389911096e-08,6.60507751352606e-09,1.31100960982843e-08,5.78791246221951e-09,2.19395744377783e-09,2.24491058064984e-09,6.40710048341198e-09,2.70401821719861e-09,6.88725576008962e-09,8.22205388454341e-09,1.48883854980222e-08,3.60717729661732e-08,1.16716284777958e-08,2.07492127391214e-08,1.81361874174993e-08,1.8315629092157e-08,4.06771910770176e-08,4.01243688269394e-08,2.23920292579921e-08,6.5746404079641e-08,4.23677836551184e-08,4.8334858284618e-08,4.95221335938229e-08,2.95371614401277e-08,7.80198025381983e-08,4.14884613793842e-08,6.46229797600096e-08,4.37517555001065e-08,2.61612870175688e-08,6.32496839962856e-09,3.64531220946309e-08,1.64550912943541e-08,2.66588179606789e-08,2.12181116860959e-08,8.23593212876597e-09,9.75023894349839e-09,1.28491357776456e-08,9.19182015122868e-09,1.53611262530197e-08,7.79375381452984e-09,9.18811542773144e-09,7.13076366613482e-09,8.34118471734191e-09,1.18922019753932e-08,9.82617954704542e-09,8.02432263070751e-09,6.61488618506307e-09,1.80142658548981e-09,1.03444333792877e-08,5.73460350162077e-09,8.5640120023508e-09,6.50632616044398e-09,2.0434086488154e-09,6.03822729383263e-09,5.67031116285414e-09,6.28324032483055e-09,1.06283964991683e-08
1.49633987622611e-08,1.56498470971176e-08,2.38918408704977e-08,1.44535252992408e-08,2.17894611877315e-08,2.02684674423233e-08,1.75615509956188e-08,2.68687266490251e-08,6.45141838386044e-08,2.49608260054669e-08,4.86746062372104e-08,3.95323162281048e-08,3.12061277232248e-08,7.63984481819688e-08,9.70798199848816e-08,5.66314557518782e-08,1.44389130918441e-07,1.13557712120025e-07,6.82883296044541e-08,8.23324890830539e-08,4.44871831159503e-08,1.26908795769874e-07,6.02433638844081e-08,9.45489993203741e-08,7.31284024716684e-08,3.86003718579526e-08,2.477706476686e-08,5.17721188332362e-08,3.57025610577588e-08,4.68722399827024e-08,3.59982632354879e-08,2.33100945269847e-08,2.22472828329773e-08,3.31739260325014e-08,1.98218279717234e-08,2.8492923641472e-08,2.08933427758482e-08,1.97402612552528e-08,2.31808050496418e-09,1.74612392761188e-08,2.07608142508521e-08,1.65167534817473e-08,1.98038977134341e-08,2.40478675467212e-09,9.72283335243378e-10,2.09401967514072e-08,3.17348819726017e-09,2.08873347731523e-08,9.06214847681659e-09,9.84662494956527e-09,1.75102054186015e-08,8.36058953774269e-09,1.56876296174364e-08,1.31740745369667e-08,1.00287448579423e-08,1.93520699941781e-08,4.80050563614088e-08,1.51074394849086e-08,3.74602017942107e-08,2.69485232168332e-08,2.11425798572431e-08,5.71306754260269e-08,5.43606824139134e-08,4.22164043936062e-08,8.85534274338637e-08,7.20493506938071e-08,4.86719230932235e-08,4.65769803101187e-08,1.87169036512017e-08,7.71426872843361e-08,3.20193005039869e-08,5.59181093363014e-08,3.95944141886144e-08,1.6790248110895e-08,1.24415432514012e-08,2.64433232026322e-08,1.75862915441051e-08,2.58417304921131e-08,1.55424448039432e-08,1.14840207343489e-08,1.02499728237451e-08,1.59297737576002e-08,1.04282400212214e-08,1.44395617353994e-08,9.84886299705594e-09,8.64593421628647e-09,1.50961619830235e-09,8.22266434261082e-09,8.26996006104970e-09,6.93201661364838e-09,7.85732671791441e-09,1.4950525251041e-09,5.72113220956512e-09,8.39014139020787e-09,7.7918473035533e-09,1.18762278003027e-08
1.59688920541737e-08,2.62608913717119e-08,4.83232193592111e-08,2.30642999484166e-08,3.30683023848902e-08,2.98635428776773e-08,3.07023722149313e-08,5.53754943803495e-08,4.74340467507805e-08,3.80800254993034e-08,8.3162064500691e-08,5.66437373906169e-08,6.38581667547805e-08,5.48555209295946e-08,9.21313765486966e-08,9.65645342341637e-08,1.13557712120025e-07,1.67054287940501e-07,4.85189420183786e-08,7.86084279915861e-08,4.37386651251198e-08,9.86998504019098e-08,5.81701688564372e-08,7.1907896874153e-08,6.92740549648183e-08,3.73618088791109e-08,2.45750171918939e-08,4.93753418983315e-08,3.39562744893721e-08,4.42507486708903e-08,3.47610436064591e-08,2.30623301626043e-08,2.47902922429682e-08,3.14402323419584e-08,2.14084370028936e-08,2.80583109039978e-08,2.03645375729998e-08,2.1059289317553e-08,2.35437251849599e-09,1.87542747905974e-08,2.14882131624444e-08,1.69525182215832e-08,2.12778103921275e-08,2.76951121635535e-09,1.89011747366423e-09,2.18064048946658e-08,3.56876813240042e-09,2.13020150393916e-08,8.53780107799454e-09,1.70445834971889e-08,3.36702809623615e-08,1.39901584748927e-08,2.17844219945163e-08,1.80141591633185e-08,1.96084305453048e-08,3.86642294539421e-08,3.84415342059972e-08,2.27708694377179e-08,6.15577146883542e-08,3.83407032036227e-08,4.53999344400101e-08,4.6844902187779e-08,5.09400972885698e-08,7.18702203874665e-08,7.47781832153127e-08,1.05716905012352e-07,3.93552006351385e-08,4.47678537620327e-08,1.62789458887011e-08,6.60574910699075e-08,2.80725029378264e-08,4.42987178458233e-08,3.7485172474993e-08,1.55367561692334e-08,1.17683683611482e-08,2.21198359466183e-08,1.51288789579726e-08,2.14984172238398e-08,1.45569761480642e-08,1.09545243232546e-08,1.26560791987683e-08,1.39315465054949e-08,1.2138278299216e-08,1.4797241144885e-08,1.00140522581044e-08,1.03015177861472e-08,1.4260968905464e-09,1.00684420346294e-08,1.05564121960369e-08,7.99938068398304e-09,9.54440921324948e-09,1.2882027090715e-09,6.00608866311346e-09,1.0069864328488e-08,6.75744182600403e-09,1.25689045302582e-08
1.2108298805277e-08,1.17049840437724e-08,2.25613331604495e-08,1.08180729621959e-08,1.83478159715336e-08,1.77334618201689e-08,1.27775455181859e-08,2.53499236927231e-08,7.03533302750865e-08,2.12526916434468e-08,5.25462519052498e-08,4.40182115478115e-08,2.92997600433834e-08,8.33598450503593e-08,3.6065476045344e-08,6.08788717176929e-08,6.82883296044541e-08,4.85189420183786e-08,1.02082391889797e-07,4.1295407900461e-08,2.13963991258071e-08,8.25045233849537e-08,3.54322105296844e-08,7.07098880310411e-08,3.54436374498417e-08,1.84772944888887e-08,1.66981134443671e-08,3.01337147343206e-08,1.85093382422549e-08,2.8429210637398e-08,1.6725986016989e-08,1.56718771500965e-08,7.47559881731346e-09,1.66721400145297e-08,1.61268032965186e-08,1.65566505999936e-08,1.38378449389297e-08,6.48436546202361e-09,3.41787277072252e-09,1.42121894827254e-08,7.25883164970864e-09,1.39857656787693e-08,6.01615284288696e-09,3.23937908215282e-09,2.16629958706713e-09,7.07433608259618e-09,3.57869887454551e-09,8.09477140367687e-09,8.33770081523058e-09,6.44585103505217e-09,1.70045254492288e-08,5.98016650796323e-09,1.13186860248165e-08,9.41313050708522e-09,6.25876411092001e-09,1.82913679722699e-08,4.39648168290553e-08,9.57819275322183e-09,3.40759967298307e-08,2.33818125071195e-08,1.97822973082162e-08,5.43002104780722e-08,2.38827160656471e-08,3.94904728242007e-08,4.14925766538491e-08,3.09647799798954e-08,6.50583487698066e-08,2.84620145006205e-08,8.93466087173482e-09,5.02797045765223e-08,2.17874678321374e-08,4.32095643891768e-08,2.31250280939409e-08,9.08831754623244e-09,1.06729023071841e-08,1.78693152058674e-08,1.09416602673266e-08,1.69757602692067e-08,8.19116120188469e-09,9.71299366219294e-09,7.4524169159069e-09,9.52297320986936e-09,1.08941967079032e-08,9.82053771637969e-09,8.01232464995709e-09,6.65504574136531e-09,2.92522058490380e-09,8.94605610442901e-09,6.4692167605518e-09,8.36691162804504e-09,6.11508462060229e-09,3.16487128675635e-09,4.72827159563575e-09,6.50735491157882e-09,6.6100323529222e-09,1.01352877775613e-08
