1.74030780647043e-07,7.93239153629184e-08,3.78655161454563e-08,1.62756690505799e-07,6.82020763257389e-08,1.38980761813918e-07,7.27064438696958e-08,3.12232666849828e-08,1.71047648076641e-08,6.16029118122443e-08,2.93749059517827e-08,5.79274179817257e-08,2.90104762922587e-08,1.43139477226891e-08,3.39852554732401e-09,2.71880316914301e-08,1.44358005877216e-08,2.67900841714833e-08,1.33885347477131e-08,2.92514311936403e-09,1.32769392450436e-09,1.3062788702327e-08,2.10424669217337e-09,1.1446819566366e-08,1.89120282422237e-09,1.05660002839718e-09,1.7197320670718e-10,1.41134203348486e-09,2.35986803827256e-09,3.04191506826045e-09,6.14032688601536e-10,9.60597286990178e-11,8.33482612433406e-10,2.03638613473254e-09,3.84118038446216e-10,1.56308659002178e-09,-3.3605836284819e-10,3.77095729818551e-10,2.97974524514263e-10,-5.87811108993573e-10,4.13678284203267e-10,-5.71985203393587e-10,1.29526911303416e-10,-1.42262204865528e-11,1.47437342640096e-09,4.16370312332596e-10,6.20283844643454e-10,7.92790683617885e-10,8.51291563575555e-08,4.09616965582257e-08,1.35578059440226e-08,7.01033508278245e-08,2.73546862338549e-08,5.72878235234747e-08,3.69307278406844e-08,1.11190822737764e-08,3.8315834317371e-10,2.52646120147769e-08,6.76801948436332e-09,2.41456295495743e-08,1.04357281835326e-08,3.10642006765739e-10,8.38269717931185e-10,7.16168881469552e-09,-8.96203694311722e-10,7.26084676651798e-09,-1.52421441685845e-10,2.39093045163773e-10,-7.31922050148241e-10,-1.13113189432463e-09,-1.43027492374385e-10,-1.09052491599822e-09,-2.98576775496425e-11,-2.62593456779777e-10,-1.28142599791677e-09,2.0152575767815e-10,-3.05729540836273e-10,-2.9324415205977e-10,-1.98045343633891e-10,-8.70204460562484e-10,4.74989345243479e-10,1.49825585362533e-10,3.79980522574894e-10,-7.30139526647888e-10,-9.11417180551119e-10,1.34205077714458e-11,8.87993031415169e-10,-1.00183927801786e-09,1.2940552987487e-09,3.09742987568807e-10,6.33301804186275e-10,4.29871822038401e-10,1.41274232145737e-09,1.07364615705237e-09,1.79563045393663e-09,1.69898539543496e-09
7.93239153629184e-08,3.34342414612486e-07,1.09722191539208e-07,1.63192591531337e-07,2.98214560327758e-07,1.36885961889084e-07,3.02353706667589e-07,1.01578887977442e-07,3.67770108171981e-08,2.70239017946815e-07,8.81376264013038e-08,2.48364961693973e-07,9.6295293727599e-08,3.49848631901676e-08,2.05566532694282e-08,8.43406674149286e-08,3.55514019921651e-08,8.13860668351145e-08,3.16651574887402e-08,1.88115142717338e-08,1.14350719750113e-08,3.17923144152769e-08,2.11409934500503e-08,3.12573119861251e-08,1.68878500880745e-08,1.07835794031909e-08,7.33246649958669e-09,1.95767193050472e-08,1.36232316307199e-08,2.381964202612e-08,9.49055899263267e-09,6.27691390012265e-09,5.12629470864753e-09,1.22417138881832e-08,7.13743743936971e-09,1.39280910165991e-08,4.64555714430844e-09,3.47649334849128e-09,4.00641369958659e-09,4.52850226498555e-09,4.8012026099821e-09,6.57655388317322e-09,2.72409269976742e-09,3.24949722147811e-09,3.097270581689e-09,3.97133194949616e-09,4.12142677860511e-09,4.77490930336551e-09,3.32881883734944e-08,1.07808502607915e-07,4.45957329388694e-08,7.1659629078027e-08,7.96846288296267e-08,4.32354000430918e-08,1.02047983330166e-07,4.24673826371862e-08,8.32129979052944e-09,7.7675471156664e-08,3.43841543715711e-08,7.57693487987408e-08,4.1239587431943e-08,6.58302937727733e-09,1.32209435470769e-08,3.28461874009674e-08,6.22127397453254e-09,3.28548950908105e-08,7.43956194118135e-09,1.25711452111295e-08,6.60162171451293e-09,8.43550541939079e-09,1.48213673659498e-08,8.2441004976229e-09,1.10800933587636e-08,6.72355542943438e-09,4.5759999922374e-09,1.42169472644598e-08,7.31599794275731e-09,1.62947695498938e-08,5.91319149226896e-09,3.67337286156464e-09,2.30788413447574e-09,6.44671726625894e-09,4.27606643451125e-09,7.9772698296301e-09,2.99803294897249e-09,1.92403984322284e-09,4.99734287005887e-09,3.21513495453963e-09,3.72619466419149e-09,5.48090719481882e-09,1.16304687842123e-09,3.3129954826864e-09,1.5904777665411e-09,2.34061048932422e-09,3.59411449412733e-09,2.4880162988593e-09
3.78655161454563e-08,1.09722191539208e-07,1.83402856509804e-07,1.00044812298236e-07,1.48922599129385e-07,1.39331198662942e-07,1.01570539663843e-07,1.60373186853944e-07,6.76426895196007e-08,1.31177251253265e-07,1.38763580436194e-07,1.12322379874086e-07,1.51409637428722e-07,6.32475848904365e-08,1.79763057224733e-08,1.32194594502664e-07,6.08201786345004e-08,1.26863313653415e-07,5.74681626588463e-08,1.6885303454003e-08,1.3744781292329e-08,5.57145259483107e-08,1.6331836923692e-08,5.23595311659671e-08,1.50508064588036e-08,1.28838049206559e-08,6.58532555495111e-09,1.47585469031549e-08,1.49659664352754e-08,1.52955411064883e-08,1.20439211057248e-08,6.34653259874484e-09,4.3309637693256e-09,1.41734454277601e-08,7.04306305817325e-09,1.62780554334176e-08,5.15103752431317e-09,3.28207550644894e-09,2.81532242194011e-09,5.40931348019763e-09,3.81687893889124e-09,6.62485430513936e-09,2.18172018251291e-09,1.95631658083157e-09,1.62478679772173e-09,2.88181535598253e-09,1.85197447673167e-09,2.97348838804328e-09,1.24024929207962e-08,4.93279897388912e-08,7.93241952547063e-08,4.17049838131343e-08,5.83123233768751e-08,5.11359120881862e-08,4.26855596195972e-08,7.08585212589519e-08,1.50508662638773e-08,5.19232101734443e-08,5.66756238259471e-08,4.31693183546353e-08,6.63095254392418e-08,1.35704786474815e-08,1.02264356451744e-08,5.43546990130979e-08,1.59677177456826e-08,5.86332307133227e-08,1.19434884276349e-08,9.80418397695224e-09,6.89497356273379e-09,1.55098853519962e-08,7.54834874819527e-09,8.75566519006215e-09,9.00568963051361e-09,6.93825275450088e-09,3.70713109666772e-09,7.34455992555879e-09,9.22513320815892e-09,9.55707466335341e-09,6.62591910217083e-09,3.95213782462872e-09,8.33163621875578e-10,9.17691348330654e-09,2.48891743863648e-09,8.84977642833148e-09,3.19802910827191e-09,-6.09342092931407e-11,3.14078147623744e-09,1.35967783407039e-09,2.57794862780362e-09,3.69894581708145e-09,-4.17151187534847e-10,2.36549784194155e-09,1.73044612015137e-09,2.29158286275357e-09,2.50358876029588e-09,1.64216088981758e-09
1.62756690505799e-07,1.63192591531337e-07,1.00044812298236e-07,2.73063244574381e-07,1.34579959833767e-07,2.26776165767189e-07,1.51511886953349e-07,8.90364035619693e-08,3.45409222775428e-08,1.25061101058639e-07,8.04540113453724e-08,1.13054787000823e-07,8.37745776186312e-08,3.26001800477188e-08,1.75348919085836e-08,7.60156729593651e-08,3.21452031194466e-08,7.42331268101214e-08,2.87462564017302e-08,1.61170818436335e-08,6.8641849607139e-09,2.83885872733817e-08,1.68992493655412e-08,2.62351796348076e-08,1.38496359964621e-08,6.21521265582824e-09,2.23821959050317e-09,1.51355383406194e-08,7.50531291912798e-09,1.77951756165251e-08,5.37170303033718e-09,2.02505120190676e-09,2.57253548132523e-09,6.83293854852359e-09,3.12661252619412e-09,7.68804010683892e-09,7.73984223620525e-10,1.41203103165473e-09,1.82135812114243e-09,1.23521341899614e-09,1.7993126693091e-09,1.86121546845837e-09,6.26981277467803e-10,1.66426415418739e-09,6.24110636435415e-10,1.15680191068088e-09,1.66817519747247e-09,1.28161382644627e-09,7.4006107091714e-08,7.40026443557173e-08,4.74845959325062e-08,1.23534053052067e-07,5.52808246972768e-08,1.01534034720893e-07,6.61805562681467e-08,4.18364926081767e-08,6.41859601280977e-09,4.97959937008282e-08,3.27931680069328e-08,4.57842498599385e-08,3.94275449924403e-08,6.22588686114236e-09,5.58281313828856e-09,3.17290734411902e-08,3.55712268280605e-09,3.07369125824925e-08,6.31624073747504e-09,3.88223059405299e-09,3.23381897860266e-09,5.36779191988548e-09,8.61536891524877e-09,4.47662473524957e-09,2.81840012179925e-09,3.84936451362652e-09,1.08601847145144e-09,8.64079455212811e-09,2.75665999500617e-09,7.41223471564083e-09,3.81167338087905e-09,1.68737965334044e-09,2.35730023891244e-09,3.35123849401505e-09,2.95501106084136e-09,4.35477690802842e-09,1.16158861319482e-09,1.37502870477223e-09,3.65902806338951e-09,1.14556285199268e-09,3.3039781222357e-09,3.39268996432896e-09,1.97580601912855e-09,1.68910779513095e-09,6.31422890927664e-10,3.09284565576385e-09,1.50459000297761e-09,2.95060060299936e-09
6.82020763257389e-08,2.98214560327758e-07,1.48922599129385e-07,1.34579959833767e-07,3.529708128379e-07,1.7312971133883e-07,2.70257724458225e-07,1.31195735182174e-07,5.48499199211495e-08,3.11783214809546e-07,1.09315664670504e-07,2.7875538017426e-07,1.23866330416825e-07,5.17771277402578e-08,1.72846244402596e-08,1.04613701940035e-07,4.89721329770502e-08,9.83059887955428e-08,4.7131317353567e-08,1.62731974439283e-08,1.87693567797142e-08,4.48256254766847e-08,1.86808833956579e-08,4.3626351972605e-08,1.48556151090773e-08,1.78689630486679e-08,1.09144353397365e-08,1.73986014857742e-08,2.13267634961706e-08,1.92128882289754e-08,1.64974957450443e-08,9.91449511888794e-09,8.63622558720675e-09,1.97467526747686e-08,1.2101507936682e-08,2.31388728516401e-08,8.31405746323861e-09,7.1748580547913e-09,5.97240294987641e-09,9.68273947325754e-09,8.68948165724617e-09,1.2133877789481e-08,6.07622078172747e-09,5.02195847333445e-09,4.74024283672707e-09,7.53505664907749e-09,5.99268317665076e-09,8.88973255956008e-09,3.04151489251034e-08,8.85413060069642e-08,6.26502240062422e-08,5.54971075475209e-08,1.04687235158318e-07,6.02276982565656e-08,8.43056650809751e-08,5.84765760731489e-08,1.80654932983882e-08,9.88160902347489e-08,4.66099457133398e-08,9.10556075060343e-08,5.60275924851786e-08,1.64724906258601e-08,1.2294872628648e-08,4.48000391070447e-08,1.6032514278164e-08,4.57425562349605e-08,1.58452804428148e-08,1.21885517068888e-08,1.30798475514243e-08,1.66401857152185e-08,1.1447706688974e-08,1.29141026559624e-08,1.15993850967991e-08,1.27113625366062e-08,8.11569303824643e-09,1.12867967349309e-08,1.53067126996676e-08,1.52063024748902e-08,1.17353133136616e-08,7.22234994282938e-09,3.17729531728862e-09,1.42136172006185e-08,7.33932990802076e-09,1.54575552951225e-08,6.37007610354103e-09,2.40632770200182e-09,5.58288043993253e-09,6.09823453333605e-09,5.39621351107303e-09,8.53285089206924e-09,1.85371166658923e-09,4.32303866789974e-09,3.44404406698655e-09,4.51577957264703e-09,6.44552359631506e-09,4.63752331633091e-09
1.38980761813918e-07,1.36885961889084e-07,1.39331198662942e-07,2.26776165767189e-07,1.7312971133883e-07,2.63773651152093e-07,1.27128683814047e-07,1.19825355027345e-07,5.37072847257247e-08,1.53476063076521e-07,1.02818266105847e-07,1.32459371943552e-07,1.12007557668262e-07,5.03460884057918e-08,1.34807610459584e-08,9.72239210461101e-08,4.74007440653282e-08,9.26391566974069e-08,4.49074582086313e-08,1.27385651154398e-08,1.45144377480845e-08,4.2813669050226e-08,1.34307341203739e-08,3.95822196663107e-08,1.08782770606963e-08,1.35962619113415e-08,6.16884511519655e-09,1.18358449691673e-08,1.60422490087605e-08,1.22971273654975e-08,1.26602421887274e-08,5.95905390333701e-09,5.64425059631053e-09,1.50825717002254e-08,7.90606768889157e-09,1.72696694048799e-08,4.46746278410767e-09,4.46493484234559e-09,3.48255643523961e-09,5.88544041242326e-09,5.4083474551628e-09,7.13700463629614e-09,3.20637078881682e-09,3.10003867215979e-09,2.58123674965204e-09,4.35521535948946e-09,3.59502834603201e-09,5.21505182878948e-09,6.72377433391317e-08,6.32165523129567e-08,6.85606355295075e-08,1.02590347663172e-07,7.79210991076834e-08,1.23441603684021e-07,5.57986670809274e-08,6.06290312175777e-08,1.80279065248701e-08,6.99371122374019e-08,4.77518014855361e-08,6.0170024419445e-08,5.58524766809468e-08,1.66795744803487e-08,5.83265294966189e-09,4.54202557211349e-08,1.42980477425566e-08,4.52245052972274e-08,1.50982995742707e-08,5.93008680511356e-09,8.07875691605791e-09,1.45581384875368e-08,6.64474587350111e-09,1.04871654199083e-08,5.49020696656147e-09,8.37354053365939e-09,4.57997230318235e-09,6.83385072549646e-09,9.79622898676662e-09,6.8395596866184e-09,8.12872231981594e-09,5.02651902315613e-09,2.14273476776298e-09,9.89920761464286e-09,5.43264101976034e-09,1.00058706618687e-08,4.20981668896688e-09,6.63454592452583e-10,4.3163539409774e-09,3.10201069722109e-09,4.14634887358219e-09,5.69545876164957e-09,1.75750732563609e-09,2.86423299807097e-09,2.28470806109593e-09,4.53632277518405e-09,4.04066218873677e-09,4.20140879912601e-09
7.27064438696958e-08,3.02353706667589e-07,1.01570539663843e-07,1.51511886953349e-07,2.70257724458225e-07,1.27128683814047e-07,3.54094184553223e-07,1.15869300249739e-07,4.25895474481478e-08,3.11444350951876e-07,1.02496066228177e-07,2.88287712282437e-07,1.10320854175678e-07,4.07249465582979e-08,2.39230270149818e-08,9.84562292085104e-08,4.07534942876975e-08,9.48300161082928e-08,3.72225948791321e-08,2.18112508432445e-08,1.14906056633577e-08,3.68609735369621e-08,2.33298890691964e-08,3.52129256286129e-08,1.96332156226982e-08,1.08447547310087e-08,8.10040606009253e-09,2.16283282943701e-08,1.40860885429798e-08,2.58364370722834e-08,9.50507912221613e-09,7.03243974845011e-09,5.96920398256157e-09,1.26929128156102e-08,8.04930574394746e-09,1.45232647890132e-08,5.4096834411533e-09,4.35092862396107e-09,4.72365643453212e-09,5.46487259449972e-09,6.32623124766853e-09,7.86508673131269e-09,3.73768948578318e-09,3.74282457954885e-09,3.53375664576338e-09,5.22171441393073e-09,4.41993924592006e-09,5.92118323930211e-09,3.10610723680436e-08,1.02072826682942e-07,4.24618639533074e-08,6.46845426011102e-08,7.76751743542487e-08,4.04316511170101e-08,1.15056387300596e-07,4.81631868234377e-08,8.67578493963169e-09,8.51365146937614e-08,4.00296609625331e-08,8.01461535698298e-08,4.67998278013448e-08,6.99133543305442e-09,2.31080350451838e-08,3.86761848257252e-08,6.73115993467314e-09,3.58663998522024e-08,7.89530148751383e-09,2.21601902102446e-08,4.6357651251033e-09,8.62780304637819e-09,2.12643348879003e-08,7.51273296978454e-09,2.04588007308539e-08,4.9838282275577e-09,4.71900527702313e-09,2.06701303838751e-08,4.28928750828702e-09,2.13257299661481e-08,4.24543715059096e-09,3.9148226164017e-09,2.19139134526562e-09,3.70160064458836e-09,4.83967315088663e-09,6.89764053138575e-09,3.2862974360079e-09,1.78529099653176e-09,5.43119019270805e-09,3.74613837873271e-09,5.3384123431822e-09,5.0960805576675e-09,1.01575791730784e-09,3.43621335484248e-09,1.91509459015635e-09,2.65971080072593e-09,2.92164658349459e-09,2.18639358914882e-09
3.12232666849828e-08,1.01578887977442e-07,1.60373186853944e-07,8.90364035619693e-08,1.31195735182174e-07,1.19825355027345e-07,1.15869300249739e-07,1.8687925886452e-07,7.74294399983855e-08,1.51308877544801e-07,1.62030679480517e-07,1.29572912392014e-07,1.77455308522138e-07,7.28925319937848e-08,2.01233220364058e-08,1.55208721684532e-07,7.05007803716913e-08,1.49488561185529e-07,6.68355039324818e-08,1.88430377770531e-08,1.58027784469204e-08,6.51592933678094e-08,1.74206826661243e-08,6.09250154348513e-08,1.68891877330408e-08,1.4893790481268e-08,7.36793524412533e-09,1.58016254788196e-08,1.75705210875942e-08,1.65618694048763e-08,1.39658795191499e-08,7.10496612209712e-09,5.27930351516988e-09,1.66962099767714e-08,7.94771673659967e-09,1.90635370165291e-08,5.91527113558566e-09,4.21465908923457e-09,3.2997675188249e-09,6.33120528773237e-09,5.18224018798399e-09,8.04504111543632e-09,2.91867041276858e-09,2.29263124748384e-09,1.81423275763594e-09,3.88387231928112e-09,2.10914363167148e-09,3.88956311985394e-09,1.08045754819578e-08,4.27000172562814e-08,7.08573228080797e-08,3.54893183507411e-08,5.1924723351649e-08,4.47530345782207e-08,4.36892684010668e-08,7.86321116141661e-08,1.57034069575913e-08,6.06278778532322e-08,6.4767926209712e-08,4.96441297183826e-08,7.39902071077369e-08,1.42223370216101e-08,1.27440490808264e-08,6.24710715502174e-08,1.70399582657141e-08,6.37037703356337e-08,1.23308339748748e-08,1.22413836686243e-08,6.2418414436935e-09,1.63237429551566e-08,8.28727557852031e-09,9.75077092900399e-09,1.13312129092613e-08,6.32799667291239e-09,4.07502841607067e-09,8.0938791101409e-09,1.06616336862925e-08,9.37474275639155e-09,6.00535961539702e-09,4.33068424640761e-09,7.86156691400999e-10,1.06881628931294e-08,2.90756536890061e-09,1.02053861200393e-08,3.59155495851184e-09,-1.59726660673125e-10,2.9502134983452e-09,1.76680950828588e-09,2.60592509706289e-09,3.97997122395095e-09,-4.62752067226383e-10,1.65940638213485e-09,5.72197848962474e-10,1.930096961703e-09,1.03856024943942e-09,-1.70922234049634e-10
1.71047648076641e-08,3.67770108171981e-08,6.76426895196007e-08,3.45409222775428e-08,5.48499199211495e-08,5.37072847257247e-08,4.25895474481478e-08,7.74294399983855e-08,1.46251925412919e-07,6.43950799461572e-08,1.16482095476169e-07,9.61369389683578e-08,7.28730872665777e-08,1.35621236636157e-07,5.57703695213763e-08,1.09468352406716e-07,1.28435511903578e-07,1.03040278744751e-07,1.26651996621484e-07,5.19400637340128e-08,1.95665092379889e-08,1.20675351109107e-07,4.65124896516899e-08,1.1174748257618e-07,4.76796277769192e-08,1.79512950292471e-08,9.23215043565e-09,4.27035172527808e-08,1.87904101397559e-08,4.31492813254728e-08,1.66340731191718e-08,8.87384193490885e-09,3.9068950469342e-09,1.74971377222302e-08,1.02964683274836e-08,1.6902181766235e-08,7.89538593337744e-09,3.19962510581017e-09,3.12588532535594e-09,8.79861761417334e-09,3.95977849374855e-09,1.01256676909048e-08,2.47045504935698e-09,2.57447934395882e-09,1.82914147338364e-09,3.11283021062356e-09,3.10423200443046e-09,3.46400216815478e-09,-4.51042957911822e-09,1.25312465248008e-08,2.41094251360446e-08,1.16438342867043e-08,1.84314004551057e-08,1.77718214695085e-08,1.46128839188525e-08,2.51379147165552e-08,3.46170599983374e-08,2.22913829445897e-08,4.49677980303332e-08,4.00549704808493e-08,2.37521640193064e-08,3.46512979098202e-08,3.03148298341657e-08,4.37468332493952e-08,3.39011393997098e-08,4.70535486896502e-08,2.98131143951198e-08,2.83461670193078e-08,7.45673044413392e-09,3.2091659043209e-08,2.3182761024231e-08,2.54488482467848e-08,2.59887015845509e-08,6.96241521607739e-09,3.63249465980235e-09,2.12806535979348e-08,7.90293654398222e-09,2.26900514013016e-08,6.27269988749696e-09,3.89712473905956e-09,2.58337117068788e-09,7.60700366089832e-09,7.09866539463299e-09,4.94225146153986e-09,3.33614334002755e-09,1.14785107731032e-09,2.25685763505299e-09,4.41191762300622e-09,2.16451442539714e-09,5.20428796004038e-09,6.12264911908399e-10,1.70922638069822e-09,1.57474934272728e-09,1.27174309708987e-09,1.99479950083405e-09,2.20701688442177e-09
6.16029118122443e-08,2.70239017946815e-07,1.31177251253265e-07,1.25061101058639e-07,3.11783214809546e-07,1.53476063076521e-07,3.11444350951876e-07,1.51308877544801e-07,6.43950799461572e-08,3.64979071560446e-07,1.26551213951401e-07,3.26724677473493e-07,1.43435493604586e-07,6.11979337581927e-08,2.18516574954732e-08,1.21579204787703e-07,5.7974784545075e-08,1.1509163031232e-07,5.62349535118982e-08,2.04387167903357e-08,2.11107444313019e-08,5.36076951743392e-08,2.15332346605048e-08,5.10813122562192e-08,1.8804230249767e-08,2.0147287551498e-08,1.17841503065959e-08,2.0129014257065e-08,2.34759045894009e-08,2.19136259155333e-08,1.87043547971572e-08,1.07673774059673e-08,9.69022558072598e-09,2.18348384946728e-08,1.36136343794807e-08,2.62535964841392e-08,9.18354289809009e-09,8.18910257977475e-09,6.66944074207264e-09,1.12281660236632e-08,9.9463121475648e-09,1.37353411493745e-08,6.90786526129192e-09,5.48144587176313e-09,5.40880644267585e-09,8.35768831720291e-09,6.76792791427234e-09,1.0099301176058e-08,2.59783201256662e-08,8.43282745360216e-08,5.84670426356894e-08,5.0808468527955e-08,9.88120424280033e-08,5.76541592674974e-08,8.70050211244864e-08,7.01613858792538e-08,1.99482577840959e-08,1.14675084338767e-07,5.61393160601178e-08,1.03360828746349e-07,6.68107191001273e-08,1.83020030196292e-08,1.73743134111246e-08,5.45625920314664e-08,1.9511184786492e-08,5.49382691646719e-08,1.75162230452437e-08,1.69672993135008e-08,1.246123496284e-08,1.96299621214594e-08,1.40297015849331e-08,1.46384692510392e-08,1.62412622666496e-08,1.21824214330909e-08,8.28653040613965e-09,1.38763043063936e-08,1.57641621062069e-08,1.72991426293783e-08,1.12924294421986e-08,7.44183105795083e-09,3.48780893876925e-09,1.46687590095114e-08,8.61166590465793e-09,1.70556535252877e-08,6.70778507229102e-09,2.61325575130865e-09,5.82357958181791e-09,7.42696538408436e-09,5.32515866699805e-09,8.95306958994216e-09,2.36553062959886e-09,4.10433780066253e-09,2.70537312964897e-09,4.24450586418295e-09,5.29533862633448e-09,2.93471685540502e-09
2.93749059517827e-08,8.81376264013038e-08,1.38763580436194e-07,8.04540113453724e-08,1.09315664670504e-07,1.02818266105847e-07,1.02496066228177e-07,1.62030679480517e-07,1.16482095476169e-07,1.26551213951401e-07,2.08959784447826e-07,1.64953897609114e-07,1.5520691914142e-07,1.0948688952984e-07,4.38231875737694e-08,1.99330981488383e-07,1.02515974141913e-07,1.89209102064416e-07,1.00949698590516e-07,4.07069475072721e-08,1.81145322247132e-08,9.53132727393248e-08,3.72947660196929e-08,8.71008981227911e-08,3.67622861673025e-08,1.65465018721362e-08,1.30949594998682e-08,3.37777205732142e-08,1.7675797878404e-08,3.35672856716376e-08,1.50578512878219e-08,1.26874056543182e-08,6.286549894623e-09,1.61969735551409e-08,1.37009244714874e-08,1.63694370074118e-08,1.10655160784162e-08,5.1113570439636e-09,3.78925972138902e-09,1.15496014038426e-08,6.41052805216575e-09,1.34363400179434e-08,3.89594080116517e-09,2.84437025373001e-09,2.59480287380677e-09,5.15679848981964e-09,3.38983704904273e-09,5.75011492831612e-09,6.62000484640191e-09,3.59018121430004e-08,5.98834218204649e-08,2.99333525809898e-08,4.41193618628737e-08,3.58564906381546e-08,3.74533314208487e-08,6.58042768767445e-08,3.05127629079966e-08,5.07002958996683e-08,8.68842640455963e-08,6.96247484375944e-08,6.28007415673479e-08,3.02552424556575e-08,2.52358285814533e-08,8.4639100028262e-08,3.14911561583969e-08,8.62462890081189e-08,2.59998420649838e-08,2.40364433889852e-08,4.41471708014492e-09,2.97811305966537e-08,1.79848199562329e-08,1.93108326009865e-08,2.19129828990352e-08,4.39333944106203e-09,6.38960967818308e-09,1.6524891978166e-08,6.60157914372523e-09,1.74621001849604e-08,3.68679957187706e-09,6.72798856303082e-09,2.49817213354936e-09,6.51553102341445e-09,7.42902712391344e-09,6.75852588452528e-09,5.65056953915586e-09,1.01901862168357e-09,2.32171378959058e-09,5.13979448348293e-09,3.02435672690567e-09,6.98353592577477e-09,3.90854107998435e-10,1.34147130477184e-09,9.2024414327941e-10,2.14345463666204e-09,1.09569058193457e-09,1.76759077102905e-09
5.79274179817257e-08,2.48364961693973e-07,1.12322379874086e-07,1.13054787000823e-07,2.7875538017426e-07,1.32459371943552e-07,2.88287712282437e-07,1.29572912392014e-07,9.61369389683578e-08,3.26724677473493e-07,1.64953897609114e-07,3.78749432265577e-07,1.24043011441044e-07,9.14847123900294e-08,3.65325878065739e-08,1.57814410350105e-07,8.28961089736422e-08,1.4550191584497e-07,8.47536135984154e-08,3.47752283119399e-08,1.66016661709192e-08,7.71065744030854e-08,3.28650103635819e-08,6.9585197581019e-08,3.18950560066237e-08,1.55308187778616e-08,1.85022216316296e-08,3.03818339731628e-08,1.94201063404235e-08,3.31462772066191e-08,1.41137889636555e-08,1.74920176073455e-08,1.07790886987081e-08,1.78172987423144e-08,2.0474962839214e-08,1.9190503984739e-08,1.52037337676161e-08,9.03738260072521e-09,7.36958811926796e-09,1.72139043882817e-08,1.17126703376808e-08,2.07046740911901e-08,7.74928067785529e-09,6.32100447812762e-09,6.20298146141257e-09,1.01543611049727e-08,8.00581018231547e-09,1.19195558762242e-08,2.15870916990657e-08,7.31398563000541e-08,4.80206926479123e-08,4.12449104229087e-08,8.63208766129353e-08,4.43096808350672e-08,7.51130143171448e-08,5.87104316082553e-08,3.03105659910926e-08,9.8225949744935e-08,7.00274658328095e-08,1.27870838107867e-07,5.67316890434724e-08,3.14231789753975e-08,2.62362259745027e-08,6.92389945704691e-08,3.23448459870286e-08,7.06852737810206e-08,2.92224647748452e-08,2.55188474290308e-08,7.44749284912245e-09,3.12764089798211e-08,1.92366487863104e-08,2.16176276558475e-08,2.38793334585168e-08,7.57259978507532e-09,9.47536088306393e-09,1.83291762549028e-08,8.49446830725356e-09,2.09963403256991e-08,6.7921898833337e-09,8.87513923182216e-09,5.77617614784263e-09,7.60699604666151e-09,1.27348440901311e-08,1.11327886843033e-08,7.70289860847554e-09,4.18476601056496e-09,5.23722202580628e-09,1.0014715225932e-08,5.67405839924084e-09,1.14624318400516e-08,3.31657374066091e-09,3.98706950198858e-09,3.12529691270221e-09,4.4288477239925e-09,5.31811920353128e-09,4.59556969529638e-09
2.90104762922587e-08,9.6295293727599e-08,1.51409637428722e-07,8.37745776186312e-08,1.23866330416825e-07,1.12007557668262e-07,1.10320854175678e-07,1.77455308522138e-07,7.28730872665777e-08,1.43435493604586e-07,1.5520691914142e-07,1.24043011441044e-07,2.0825566027104e-07,8.37695747242385e-08,2.32557025851489e-08,1.83717719524479e-07,8.05052250093301e-08,1.74476460393864e-07,7.62752577672879e-08,2.08654143222181e-08,1.76456489046287e-08,7.32975329685246e-08,2.02143486498302e-08,6.88421568149394e-08,1.88426577542376e-08,1.6709559342589e-08,1.02211472442416e-08,1.8485859449141e-08,2.0213614868233e-08,1.95769716647995e-08,1.56426603019787e-08,9.75757418979163e-09,7.00832226586118e-09,1.91468691079459e-08,1.08840192650895e-08,2.17281925013666e-08,8.43585930311567e-09,5.85719251137113e-09,3.80520916211887e-09,9.10142532792658e-09,6.71447008390899e-09,1.04592962766933e-08,4.39486661762307e-09,2.80489792848038e-09,2.56885897838885e-09,5.288610328306e-09,2.97550212689655e-09,5.28265867116962e-09,9.12850359770295e-09,4.00286032736074e-08,6.62973494335966e-08,3.20206693528695e-08,4.77589638131247e-08,3.97543381251346e-08,4.09662357464529e-08,7.39804634018347e-08,1.42531314602592e-08,5.60383714187599e-08,6.24871648372226e-08,4.77890869311811e-08,8.91233943672802e-08,2.1343168298965e-08,1.55187899395728e-08,7.89924885081558e-08,2.11841806745472e-08,7.54453908555896e-08,1.81938988160667e-08,1.40450481438804e-08,6.66405655041203e-09,1.93584445418886e-08,9.9577526122928e-09,1.1171915586625e-08,1.29684631236225e-08,6.88831176516619e-09,6.63612426581814e-09,9.70820645641825e-09,1.2477956086838e-08,1.22115393337325e-08,6.45783268226707e-09,6.73325663495537e-09,1.42890057633766e-09,1.24149516364851e-08,5.69180232594432e-09,1.13523018664783e-08,6.0814940116336e-09,3.67499522000638e-10,3.48604700871350e-09,4.27280563835151e-09,3.0601077395443e-09,5.61555325171365e-09,-7.08063092751859e-11,2.20664910873887e-09,1.38984273613665e-09,2.47745223205576e-09,2.08417647028174e-09,4.90587577796437e-10
1.43139477226891e-08,3.49848631901676e-08,6.32475848904365e-08,3.26001800477188e-08,5.17771277402578e-08,5.03460884057918e-08,4.07249465582979e-08,7.28925319937848e-08,1.35621236636157e-07,6.11979337581927e-08,1.0948688952984e-07,9.14847123900294e-08,8.37695747242385e-08,1.5773336605542e-07,6.25270198810549e-08,1.26302717794395e-07,1.46650566124428e-07,1.16469824060466e-07,1.46849502953144e-07,5.77195706320251e-08,2.14719726884747e-08,1.36886247666794e-07,5.23383207953929e-08,1.27343891150824e-07,5.31756849593455e-08,1.97917599451618e-08,1.13518083262718e-08,4.82506264683884e-08,2.08730093955506e-08,4.84395059166587e-08,1.83838040584631e-08,1.0940579354179e-08,4.37259024780226e-09,1.9499888682322e-08,1.25316836597327e-08,1.87183213096654e-08,9.8972527978708e-09,3.6426411147884e-09,3.37006067666733e-09,1.07248085329968e-08,4.75229466307293e-09,1.2354205051885e-08,2.87949771402876e-09,2.80922269978173e-09,2.09683004098915e-09,3.89639043887275e-09,3.36007464907764e-09,3.65904947028201e-09,-5.39880066059318e-09,1.19630031822637e-08,2.27527649599807e-08,1.09935869967019e-08,1.78003415532382e-08,1.68137538031854e-08,1.38138664658319e-08,2.37572018318008e-08,3.4668237343964e-08,2.14859884676378e-08,4.37639006450451e-08,4.06570796260464e-08,2.94714918166992e-08,4.10694401377843e-08,3.35421662342583e-08,5.34322666907124e-08,3.96110555978158e-08,5.52758934199553e-08,3.42461103001788e-08,3.09099403978379e-08,7.06071978374261e-09,3.57798849305924e-08,2.54201168719746e-08,2.68026511702467e-08,2.84130472581572e-08,6.73747777191314e-09,5.41279366256481e-09,2.34029214608928e-08,7.78599927129085e-09,2.48593477766379e-08,6.01231694794335e-09,5.62388717815416e-09,2.08355672148086e-09,7.48677104093935e-09,9.18951884843142e-09,4.34377695935331e-09,4.99162579193908e-09,4.31120600764014e-10,2.17199781432012e-09,5.77703102980045e-09,2.09151354811264e-09,6.2983266327835e-09,-8.10543050506943e-11,1.83947004836268e-09,2.44531397022148e-09,1.43984864041325e-09,2.79821825677554e-09,2.27385813294755e-09
3.39852554732401e-09,2.05566532694282e-08,1.79763057224733e-08,1.75348919085836e-08,1.72846244402596e-08,1.34807610459584e-08,2.39230270149818e-08,2.01233220364058e-08,5.57703695213763e-08,2.18516574954732e-08,4.38231875737694e-08,3.65325878065739e-08,2.32557025851489e-08,6.25270198810549e-08,1.38136794867278e-07,4.94637222098106e-08,9.0835818697682e-08,7.28740892872174e-08,5.771588632518e-08,1.23337284762182e-07,5.02378403916496e-08,8.08703597969215e-08,1.12053624349406e-07,7.16929017853475e-08,1.14827612381726e-07,4.62172645253505e-08,1.36738851176544e-08,1.04529469822679e-07,4.56133155578682e-08,1.03686323804385e-07,4.28605968298384e-08,1.25068970734306e-08,7.57239089220605e-09,4.24858698253192e-08,1.38921311507528e-08,4.24282553420665e-08,1.12029931595434e-08,7.18671175433963e-09,4.14745352474825e-09,1.24025027659936e-08,8.00898036826146e-09,1.25302956649057e-08,5.16303433212198e-09,2.97828209970209e-09,2.57931480608901e-09,5.46181287211388e-09,3.42833457764709e-09,5.8664378706885e-09,-7.6188053841726e-09,9.76047373256291e-09,8.30683034308817e-09,8.66887968062393e-09,5.68088426997858e-09,8.46372744435262e-11,1.47259675405063e-08,8.31232462865562e-09,1.24795437177872e-08,8.78580107249641e-09,1.8874123408501e-08,1.85879420340009e-08,1.07227444984877e-08,1.41058717328953e-08,5.88310914263822e-08,2.16310988713346e-08,1.98042043426206e-08,3.29062895368045e-08,9.58342213589396e-09,5.16627654476551e-08,2.31155891389156e-08,1.70517908702773e-08,5.41797255981513e-08,1.69535518207359e-08,4.82339217434451e-08,2.10343969147249e-08,7.34862371807332e-09,4.98850271259063e-08,2.22499375074738e-08,4.88447983273606e-08,1.84236934781684e-08,7.34556226160028e-09,3.17766937252973e-09,2.02200667118292e-08,1.18395391569396e-08,2.0983439613976e-08,6.97692521724679e-09,2.3567270219839e-09,8.33182273107373e-11,9.88590222185149e-09,1.85630115446666e-09,7.11799074558047e-09,2.70226431693178e-09,1.77186177843332e-09,1.95664972074666e-09,3.7347049376112e-09,3.3345280943077e-09,3.91564457465722e-09
2.71880316914301e-08,8.43406674149286e-08,1.32194594502664e-07,7.60156729593651e-08,1.04613701940035e-07,9.72239210461101e-08,9.84562292085104e-08,1.55208721684532e-07,1.09468352406716e-07,1.21579204787703e-07,1.99330981488383e-07,1.57814410350105e-07,1.83717719524479e-07,1.26302717794395e-07,4.94637222098106e-08,2.36817479356462e-07,1.16064853571725e-07,2.19710607757475e-07,1.16701372193205e-07,4.53889391134623e-08,2.05487111221924e-08,1.07236728035202e-07,4.24330675275107e-08,9.83940673021903e-08,4.12128899326287e-08,1.89190531454407e-08,1.70532912135348e-08,3.86911177152962e-08,2.0657774025091e-08,3.8551778818865e-08,1.72590191796515e-08,1.64332089596344e-08,7.94264180388605e-09,1.89601955791165e-08,1.78790600540916e-08,1.92662032582539e-08,1.46115837448639e-08,6.6272963741045e-09,4.3146281905223e-09,1.54054524464367e-08,7.93679584155353e-09,1.69528436996083e-08,5.13981435444552e-09,3.36439480438719e-09,3.35135323858215e-09,6.47101290242016e-09,4.35915433069788e-09,7.09879565869986e-09,5.7564954888341e-09,3.42766225694827e-08,5.70031268606029e-08,2.70761039251366e-08,4.21136701517816e-08,3.28979385716797e-08,3.53979021444062e-08,6.27919196692594e-08,3.02861698301946e-08,4.84389591884937e-08,8.46560243057607e-08,6.84953958810018e-08,7.78061325376754e-08,4.07177115129557e-08,3.08028543504464e-08,1.09708096499519e-07,3.68346107081073e-08,1.02399738946258e-07,3.55237718789139e-08,2.83992315031482e-08,4.05890157010847e-09,3.4265227394141e-08,2.20906584773547e-08,2.13743194614183e-08,2.61794500434078e-08,4.3028031387253e-09,9.64510068188816e-09,2.04456636675603e-08,7.73688308114994e-09,2.23851682155454e-08,3.49003920368145e-09,9.83593208978862e-09,3.12016381471667e-09,7.58098263130969e-09,1.14149196898286e-08,8.37746914606571e-09,8.83614570688339e-09,1.41588696702629e-09,2.63566168574232e-09,8.54702372663752e-09,3.42614241023266e-09,9.08918985551308e-09,5.91876348836004e-10,1.71136395112022e-09,1.61825485800465e-09,2.76083196933181e-09,1.76106890777336e-09,2.09552561706709e-09
1.44358005877216e-08,3.55514019921651e-08,6.08201786345004e-08,3.21452031194466e-08,4.89721329770502e-08,4.74007440653282e-08,4.07534942876975e-08,7.05007803716913e-08,1.28435511903578e-07,5.7974784545075e-08,1.02515974141913e-07,8.28961089736422e-08,8.05052250093301e-08,1.46650566124428e-07,9.0835818697682e-08,1.16064853571725e-07,1.88437277962979e-07,1.51169467540845e-07,1.36898716359147e-07,8.08764372834417e-08,3.65548689583802e-08,1.70916562362997e-07,6.94228552589667e-08,1.51244210894951e-07,7.4190143146694e-08,3.28572788875079e-08,1.20552381826589e-08,6.33019560104926e-08,3.31290099685666e-08,6.24625084982507e-08,2.95837153135069e-08,1.09534536955379e-08,1.00341035375624e-08,3.00151311260974e-08,1.21482438812888e-08,2.92622296800352e-08,9.30375390399544e-09,9.00808811223204e-09,4.53650149164549e-09,1.00574330257897e-08,1.00272853054311e-08,1.06892131648824e-08,6.50254160713999e-09,2.93398935872055e-09,2.31801650042588e-09,7.25553403202848e-09,3.3634358831987e-09,6.80678978943073e-09,-9.74004133393881e-09,1.16875908197317e-08,1.90676179508132e-08,8.28425580748384e-09,1.51912596497097e-08,1.18640134583811e-08,1.49826318973224e-08,2.08328600513691e-08,2.74305870196544e-08,2.04948503864324e-08,4.11383042187953e-08,3.89853057391783e-08,2.61505084857319e-08,3.09356010797403e-08,4.79675723825647e-08,4.79006714849848e-08,4.91336071826601e-08,6.99091465921151e-08,2.54062995788459e-08,4.0572814192886e-08,1.43341624597429e-08,4.37355642724068e-08,3.088938137447e-08,2.96945085411769e-08,3.71022585559274e-08,1.21615099666355e-08,4.44826612683063e-09,2.72730365649991e-08,1.51600018496091e-08,2.8447187778846e-08,9.7163236752526e-09,4.51605227619935e-09,1.57801557729276e-09,1.32389628578432e-08,7.25431508246942e-09,1.20149863149962e-08,4.20150373434649e-09,1.98502821084771e-11,-7.59403621953344e-10,5.64602420291406e-09,7.84273924609028e-11,3.02046469167998e-09,7.67752866114016e-10,1.10029170008742e-09,3.24634946476166e-09,2.39875192532795e-09,3.03638286103917e-09,2.30964484762109e-09
2.67900841714833e-08,8.13860668351145e-08,1.26863313653415e-07,7.42331268101214e-08,9.83059887955428e-08,9.26391566974069e-08,9.48300161082928e-08,1.49488561185529e-07,1.03040278744751e-07,1.1509163031232e-07,1.89209102064416e-07,1.4550191584497e-07,1.74476460393864e-07,1.16469824060466e-07,7.28740892872174e-08,2.19710607757475e-07,1.51169467540845e-07,2.60305666818988e-07,1.07710314243805e-07,6.45083302993052e-08,3.14004105120535e-08,1.3759980290988e-07,5.46925760679218e-08,1.18836626243943e-07,5.85469888357198e-08,2.80980520862953e-08,1.33021850335148e-08,4.92963648486411e-08,2.82250535063569e-08,4.78504544827646e-08,2.47378983505177e-08,1.21299224396792e-08,1.35279865574488e-08,2.50323953020286e-08,1.30041005275292e-08,2.50349725202632e-08,1.04142940794786e-08,1.23586283328556e-08,5.7712424013197e-09,1.10903189221083e-08,1.37652645779048e-08,1.21012441433286e-08,8.97720477132204e-09,3.63481050867769e-09,3.68700757303913e-09,1.02952563854591e-08,4.64765090812151e-09,1.07200444893385e-08,4.38551851906845e-09,3.13208092577424e-08,5.31932915495583e-08,2.29172869292869e-08,3.79481293134082e-08,2.68301390225383e-08,3.321928502839e-08,5.95472746876228e-08,2.2267386726717e-08,4.74979713974398e-08,7.89170252559105e-08,6.62112408090194e-08,7.21930147694478e-08,2.8938373103332e-08,4.07591114891541e-08,9.74281530624521e-08,4.75346072414154e-08,1.19342490606653e-07,2.44849612981388e-08,3.51220509042197e-08,9.33147827386665e-09,4.32494706424225e-08,2.36718565131948e-08,2.52730497198248e-08,3.25347429190276e-08,7.71809588021786e-09,4.8941052192734e-09,2.05260114390909e-08,1.21151631855605e-08,2.20337174005369e-08,5.34436954860465e-09,4.89110397133194e-09,1.33044860022658e-09,1.07619706910744e-08,6.86128979939559e-09,1.30405414181755e-08,4.18098729976196e-09,-2.73416631094801e-10,-4.34955025362873e-10,5.11177799791128e-09,4.39628468445925e-10,3.36740584497684e-09,7.79640832710753e-10,1.09903486517408e-09,2.19621690479791e-09,3.37384245144724e-09,1.63101188947783e-09,1.3096402480417e-09
1.33885347477131e-08,3.16651574887402e-08,5.74681626588463e-08,2.87462564017302e-08,4.7131317353567e-08,4.49074582086313e-08,3.72225948791321e-08,6.68355039324818e-08,1.26651996621484e-07,5.62349535118982e-08,1.00949698590516e-07,8.47536135984154e-08,7.62752577672879e-08,1.46849502953144e-07,5.771588632518e-08,1.16701372193205e-07,1.36898716359147e-07,1.07710314243805e-07,1.77834657132232e-07,6.69935523106405e-08,2.60911993453549e-08,1.62567807144446e-07,5.92987425030649e-08,1.49333356837201e-07,6.20522364771053e-08,2.42649306722756e-08,1.71711868562543e-08,5.48758646509061e-08,2.52753335678266e-08,5.50249047006614e-08,2.26287339467474e-08,1.66212361234022e-08,7.06248230024662e-09,2.35074722464472e-08,1.82319178321174e-08,2.26186158291543e-08,1.44238474251645e-08,6.29294856411635e-09,4.71781161938666e-09,1.52659963698959e-08,8.52564393479267e-09,1.76800800783629e-08,5.58332264290929e-09,4.18091092804034e-09,2.88358405978186e-09,7.74270905223918e-09,4.40793901823416e-09,7.36986666705460e-09,-5.97829766120195e-09,9.68261403976207e-09,1.91702465769161e-08,7.36812864481411e-09,1.46400758366618e-08,1.22263697214143e-08,1.11842918322075e-08,2.03797622043975e-08,2.99483346285886e-08,1.81775664000069e-08,3.79059946192202e-08,3.49056765137635e-08,2.50250403843174e-08,3.43066072542604e-08,3.09583568757828e-08,4.67545885964618e-08,3.58310011751765e-08,5.06787016548445e-08,5.45818950249011e-08,4.38064672883501e-08,7.9736289187242e-09,4.92241031991952e-08,3.48464083993012e-08,3.62359303509683e-08,4.05704478490728e-08,7.53618950568276e-09,9.44248362544793e-09,3.19509272066908e-08,9.24279287812467e-09,3.60787667546101e-08,6.50749349760061e-09,9.35923941659719e-09,6.19387537999211e-09,8.00566332736101e-09,1.40217133093344e-08,6.37315175712745e-09,7.21574393696825e-09,4.586139058429e-09,3.35460635167544e-09,9.14658485653756e-09,5.79405923699325e-09,9.03004805528117e-09,4.10302736726718e-09,2.88621587248311e-09,3.60517952319894e-09,5.2127986753287e-09,4.09473725549289e-09,6.68126195790103e-09
