3.46296772521043e-09,1.9158446196611e-09,9.09922327249967e-10,2.93051789303177e-09,1.84649707241166e-09,2.73303032767617e-09,1.54987187781354e-09,7.06792609259856e-10,5.78551089899486e-10,1.48398152920723e-09,7.52445375269945e-10,1.49874952286008e-09,5.92504091133617e-10,4.72070057609455e-10,3.51611454414358e-10,6.26024238634721e-10,5.20341818632658e-10,6.59100802210028e-10,3.94843055831006e-10,2.84729463411086e-10,2.32187039614184e-10,4.32934868817828e-10,2.94406599001022e-10,4.3359526121549e-10,2.36026324610202e-10,1.88993922970876e-10,1.52683380484582e-10,2.40399220588242e-10,2.07477932797606e-10,2.51900376846489e-10,1.63546950198633e-10,1.28165096031359e-10,1.14630578266753e-10,1.76948133771169e-10,1.45097570286059e-10,1.98502572852256e-10,1.09763489422227e-10,9.43931515042147e-11,9.18132131425505e-11,1.22860726074682e-10,1.1229419581128e-10,1.37158783468905e-10,9.02448003926751e-11,8.23746328086775e-11,7.98422294288205e-11,1.04442299253196e-10,9.64276230384193e-11,1.14158457542145e-10,2.43254091487669e-09,1.23841818815998e-09,6.30523626319766e-10,2.06703045935367e-09,1.17523516470023e-09,1.94881434925661e-09,9.85354132128098e-10,4.87006646644444e-10,3.99140070380742e-10,9.24964479091561e-10,5.01272821373314e-10,8.95845269444492e-10,4.09919963914318e-10,3.39346137869031e-10,2.6353155065472e-10,4.18627142161708e-10,3.61875409762056e-10,4.2954841673043e-10,2.86025801450118e-10,2.19396795325598e-10,1.70417766531635e-10,3.06090720306875e-10,2.39069767403994e-10,3.16616060108489e-10,1.86735024524295e-10,1.41768586770574e-10,1.20121152758422e-10,1.98307852436167e-10,1.59123276042411e-10,2.12623580516536e-10,1.23207577806351e-10,1.04315827179299e-10,9.47571725015479e-11,1.40106187258308e-10,1.15375477458609e-10,1.56999000751064e-10,9.18677082747169e-11,8.30587114485233e-11,7.4147100145194e-11,1.00541864865033e-10,9.63750600171996e-11,1.13734833272623e-10,7.99561004731782e-11,6.69643055585955e-11,6.76396136732803e-11,9.16220962802927e-11,8.67387915430685e-11,1.0699196811351e-10
1.9158446196611e-09,7.21109089362398e-09,2.10024548888302e-09,3.42142727094756e-09,6.30641625317851e-09,2.89741167320297e-09,5.75167518922203e-09,1.6318452787223e-09,8.49142349289304e-10,5.05755022971843e-09,1.56531862083826e-09,4.82282333748861e-09,1.36214781352841e-09,6.98038147336232e-10,6.89964258103015e-10,1.29819884462995e-09,7.75829447516321e-10,1.31715690777579e-09,5.81582699808534e-10,5.53935051496319e-10,3.69237527631066e-10,6.30129784201902e-10,5.96375556612538e-10,6.38046799734313e-10,4.64912540883888e-10,2.99137043194323e-10,2.3911494602826e-10,4.94513847788656e-10,3.40787818718823e-10,5.30179226257616e-10,2.60543502751077e-10,1.99332819830291e-10,1.97653372078824e-10,2.90620911059229e-10,2.36730435207319e-10,3.25309565275648e-10,1.72973934867471e-10,1.6467505121859e-10,1.58910702358951e-10,2.00370466527554e-10,1.92721388623353e-10,2.25628768063928e-10,1.59978219014936e-10,1.48550128057261e-10,1.37334781620363e-10,1.83703620466796e-10,1.73808418788564e-10,2.05147320609869e-10,1.3550658822717e-09,3.79035381738728e-09,1.44403314604853e-09,2.46067162747753e-09,3.14631486112857e-09,2.09143400822772e-09,3.01457848119862e-09,1.11548393913138e-09,5.32056363921154e-10,2.51388750614479e-09,1.01279357791706e-09,2.21588165460048e-09,9.34453178391423e-10,4.42333828376442e-10,5.16155575151214e-10,8.35712528718125e-10,5.08441635351381e-10,8.38649976704364e-10,3.67941726442862e-10,4.23500479152843e-10,2.93818160089007e-10,4.16473711223321e-10,4.66509583200791e-10,4.42091510949844e-10,3.59964738879776e-10,2.40288572769285e-10,1.85858289725031e-10,3.84096333152058e-10,2.73017765571709e-10,4.20200737463492e-10,2.09144706475421e-10,1.57391420310681e-10,1.57196563950737e-10,2.35470319996967e-10,1.90404627908629e-10,2.61310809921684e-10,1.39612397084615e-10,1.342778513564e-10,1.22024622299633e-10,1.62122372166374e-10,1.54382118401139e-10,1.81455839452874e-10,1.29452207041341e-10,1.16184837676099e-10,1.2148491614471e-10,1.46847521853504e-10,1.58346160611952e-10,1.87905495448397e-10
9.09922327249967e-10,2.10024548888302e-09,4.1668483526084e-09,1.73288267470934e-09,3.57607648425593e-09,3.03742646163664e-09,1.63430274677486e-09,3.16870161216401e-09,1.47958478399806e-09,2.72005753461639e-09,2.67195982921672e-09,2.31710950114208e-09,2.67235789800279e-09,1.24312676039694e-09,6.88402245016658e-10,2.25958299849442e-09,1.22628537101354e-09,2.16621920777755e-09,1.05070603237784e-09,5.66445580646241e-10,4.32619333003889e-10,1.02571073251893e-09,5.73816140648888e-10,9.90361650811251e-10,4.81789925755601e-10,3.62500360564396e-10,2.12913622504377e-10,4.84460920317575e-10,3.87286132820367e-10,4.93766996902514e-10,3.17997893095164e-10,1.81879250076165e-10,1.70701483072395e-10,3.38874737111845e-10,2.13316461972431e-10,3.7331202004578e-10,1.58274785699574e-10,1.42805571516045e-10,1.30738967387574e-10,1.83400758558048e-10,1.62793263428272e-10,1.974613797848e-10,1.42607251868102e-10,1.22655130772205e-10,1.11128222093372e-10,1.61304209440795e-10,1.38264257256318e-10,1.73429353823721e-10,6.31848844620797e-10,1.41018587709363e-09,2.75241110105569e-09,1.24894802404636e-09,2.36415132069389e-09,2.13630463211986e-09,1.0781934312129e-09,2.08294545701466e-09,9.32288776860624e-10,1.77994699990878e-09,1.70790523087661e-09,1.45880561732219e-09,1.74212578386456e-09,7.8790061968455e-10,4.40515886372503e-10,1.43122826019663e-09,7.58424376801683e-10,1.32606362250463e-09,6.62654399866037e-10,3.61623452432766e-10,2.86559871715254e-10,6.35353164337123e-10,3.7854006221093e-10,6.2234035932631e-10,3.06960853384206e-10,2.39593366732421e-10,1.50972912385816e-10,3.18773990617609e-10,2.62388991004981e-10,3.3276456476557e-10,2.11648890451121e-10,1.33007146094421e-10,1.26312463299577e-10,2.32829554810823e-10,1.58423920775997e-10,2.56213429166589e-10,1.17543684918614e-10,1.08025931273445e-10,1.03613051271583e-10,1.36940687830494e-10,1.29841283068643e-10,1.54815870892782e-10,1.07079919725687e-10,9.79952502205953e-11,9.51301294273767e-11,1.25642650166106e-10,1.19611465885765e-10,1.44853109173494e-10
2.93051789303177e-09,3.42142727094756e-09,1.73288267470934e-09,4.81866211798044e-09,2.88238385509991e-09,4.00789149141229e-09,2.74207474885392e-09,1.34370723922255e-09,7.50896825212892e-10,2.29525061340502e-09,1.31464937025149e-09,2.21635398468414e-09,1.13409263947695e-09,6.24812831506313e-10,6.04871036749008e-10,1.10521894262168e-09,6.83590632862967e-10,1.13136774178804e-09,5.23167326159748e-10,4.93165842530631e-10,2.93069676929597e-10,5.65575748282613e-10,5.1499836923797e-10,5.56863655227774e-10,4.14544140349726e-10,2.39325144729081e-10,1.80998928838273e-10,4.32329519211435e-10,2.6501234713032e-10,4.51018264404601e-10,2.10151419453543e-10,1.53048783127822e-10,1.38021901862405e-10,2.29028461739427e-10,1.73140201925599e-10,2.51494422710816e-10,1.31012073971836e-10,1.17368767392929e-10,1.07307378133145e-10,1.48128887488194e-10,1.34361525382493e-10,1.63231881989596e-10,1.12747296853918e-10,9.91620726522503e-11,9.23891724022978e-11,1.26739604810918e-10,1.12098609090629e-10,1.3446198775755e-10,2.05930221352497e-09,2.27997508727458e-09,1.20265073512506e-09,3.40197454279555e-09,1.90545669116718e-09,2.89607748483468e-09,1.79414819536219e-09,9.21962436024068e-10,4.73064288015075e-10,1.48510942125162e-09,8.41334434950752e-10,1.3444135501813e-09,7.73682278811115e-10,4.03086453316829e-10,4.2326674211784e-10,7.05348061561241e-10,4.33736551865212e-10,7.02995182884224e-10,3.39425612077481e-10,3.5620819831386e-10,2.21274448891335e-10,3.6585201782201e-10,3.82725420524143e-10,3.76474225640945e-10,3.02859651480902e-10,1.84356997785421e-10,1.43092273115487e-10,3.24347806274301e-10,2.04745090406332e-10,3.44127210643378e-10,1.60655948681335e-10,1.25531439102989e-10,1.1023649851761e-10,1.79425483224724e-10,1.38608823668492e-10,1.94502056715389e-10,1.09832211165098e-10,9.87946670959488e-11,9.06813281079651e-11,1.21070186705168e-10,1.13595070659037e-10,1.33094486359841e-10,9.52331938589271e-11,8.44391493895668e-11,8.72209596377482e-11,1.10429094552248e-10,1.0722838721204e-10,1.29609687435167e-10
1.84649707241166e-09,6.30641625317851e-09,3.57607648425593e-09,2.88238385509991e-09,8.79915394229125e-09,4.44549123837554e-09,5.05839037792257e-09,2.71771477048599e-09,1.4366446181852e-09,6.89013214181670e-09,2.32006584079499e-09,6.08289002971811e-09,2.2755920712002e-09,1.19986408830495e-09,7.66723298776243e-10,1.94003571802219e-09,1.23278449651187e-09,1.89452014820972e-09,1.00801605961439e-09,6.15423256582515e-10,5.39203035134827e-10,1.01265950700736e-09,6.35061491274131e-10,9.9454826730051e-10,5.20969650728592e-10,4.47579954659168e-10,2.81307422161088e-10,5.31743378672423e-10,4.98825216496463e-10,5.56729311418972e-10,3.90155096101095e-10,2.37201590605226e-10,2.290602567922e-10,4.31548788326489e-10,2.81535821278894e-10,4.75232142353473e-10,2.06414678332429e-10,1.88400415584388e-10,1.82477860061926e-10,2.37808857015013e-10,2.24184926784695e-10,2.67233546780348e-10,1.86133956257914e-10,1.69652008554435e-10,1.59223116355112e-10,2.16541058562924e-10,1.97190344245521e-10,2.38541888758926e-10,1.31951028366785e-09,3.2183698980562e-09,2.39125010694058e-09,2.08107852015722e-09,4.60259888807287e-09,3.13259541351109e-09,2.56364768359176e-09,1.82721880325511e-09,8.62737524804966e-10,3.59485488218258e-09,1.49109676016426e-09,2.96363642018822e-09,1.53073017142417e-09,7.26994976540766e-10,4.93779881084218e-10,1.23855044653874e-09,7.50488818004638e-10,1.18269276962696e-09,6.08147192173135e-10,4.00847802531735e-10,3.8775468075226e-10,6.15494847654498e-10,4.39894299601456e-10,6.34030456218538e-10,3.43455587921983e-10,3.2087246696362e-10,2.09280735814072e-10,3.66108404267811e-10,3.65537727096481e-10,3.96226913557135e-10,2.78561479356345e-10,1.79958295155588e-10,1.79476125996031e-10,3.18096122982008e-10,2.15452745185667e-10,3.48485475031934e-10,1.60424230222925e-10,1.49820034598227e-10,1.38443347947601e-10,1.8151876772105e-10,1.794525211231e-10,2.07726391172976e-10,1.46927391527158e-10,1.31237689944436e-10,1.37317299520694e-10,1.70572641090913e-10,1.79082642065477e-10,2.11614534486593e-10
2.73303032767617e-09,2.89741167320297e-09,3.03742646163664e-09,4.00789149141229e-09,4.44549123837554e-09,5.92364922825525e-09,2.30184634991959e-09,2.28831444349662e-09,1.26352675505487e-09,3.44805367153345e-09,1.96041939768622e-09,3.00550043052974e-09,1.93405197338182e-09,1.06254200854196e-09,6.45953156229406e-10,1.65855268851786e-09,1.07667589315619e-09,1.62475055315168e-09,9.01961742044476e-10,5.34382989678235e-10,4.33432510161254e-10,9.01541035282258e-10,5.439510016646e-10,8.73887431314346e-10,4.53983138784693e-10,3.6210983862355e-10,2.11359174021488e-10,4.58516822405338e-10,3.90076522862376e-10,4.69970537170081e-10,3.18960949043862e-10,1.80538477945526e-10,1.5461383281903e-10,3.42561035809187e-10,2.00911320344327e-10,3.67545378328655e-10,1.5621468703603e-10,1.3097018665603e-10,1.21683681965313e-10,1.73118008753281e-10,1.5251159763817e-10,1.90949312005148e-10,1.32958403729037e-10,1.1530157697583e-10,1.04919941378681e-10,1.50607736703476e-10,1.27855561570109e-10,1.58658980616256e-10,1.9306081290734e-09,1.88935008841774e-09,2.04054526346593e-09,2.81316641420582e-09,2.96245252727977e-09,4.18979190916300e-09,1.4760405733104e-09,1.53681035118192e-09,7.73581494686908e-10,2.27316750908976e-09,1.24227401325219e-09,1.87185756749677e-09,1.28729289022306e-09,6.55334275530042e-10,4.06504609806412e-10,1.04468769156812e-09,6.40719818080162e-10,9.87980715142171e-10,5.57084092559711e-10,3.40885749881621e-10,3.01636291592638e-10,5.38650456798761e-10,3.65082810353876e-10,5.43096561777242e-10,2.90389896620692e-10,2.52327560510135e-10,1.57394996178283e-10,3.0698067791618e-10,2.77037302069726e-10,3.19543339500991e-10,2.21999864887789e-10,1.40945327923761e-10,1.24478074840008e-10,2.47015118280406e-10,1.56616548991654e-10,2.67428804637805e-10,1.25815423058561e-10,1.08842963430574e-10,1.01210969444438e-10,1.36194807194102e-10,1.30061682925245e-10,1.49827880875583e-10,1.08770784012914e-10,9.67846270424567e-11,9.43709522889337e-11,1.28227124627045e-10,1.22961465681085e-10,1.45998508236337e-10
1.54987187781354e-09,5.75167518922203e-09,1.63430274677486e-09,2.74207474885392e-09,5.05839037792257e-09,2.30184634991959e-09,8.06305938090158e-09,2.19772643077032e-09,1.15373193785042e-09,7.14511856392876e-09,2.12809553375094e-09,6.87626377147653e-09,1.8028034680214e-09,9.25116585675861e-10,8.94299063095039e-10,1.73323901240753e-09,1.02750450143467e-09,1.76569263963758e-09,7.54434171857387e-10,7.00089763612938e-10,4.79299056125191e-10,8.16329637302941e-10,7.49930348247465e-10,8.18552641337424e-10,5.80353868464161e-10,3.79975857289469e-10,3.20337339418761e-10,6.13050985992109e-10,4.39921472695797e-10,6.59354844996103e-10,3.26037731000517e-10,2.61054324984698e-10,2.61247333578776e-10,3.68203532693208e-10,3.03965140295179e-10,4.05755384424344e-10,2.23726692548399e-10,2.12512396223283e-10,2.06582150474049e-10,2.54129650900254e-10,2.50234597687942e-10,2.8754252967897e-10,1.92551452932086e-10,1.81558977836424e-10,1.7230040879908e-10,2.21738584393377e-10,2.14604792309147e-10,2.49946133495482e-10,1.08186143572264e-09,3.01500497844915e-09,1.11600921789595e-09,1.94665832181433e-09,2.51329043664172e-09,1.63348048960641e-09,4.345075704826e-09,1.57466316000392e-09,7.75899515316311e-10,3.74281642509268e-09,1.48067214161458e-09,3.40980580119426e-09,1.29599403564098e-09,6.34360765685649e-10,6.56001858805736e-10,1.20447701549359e-09,7.18957527192929e-10,1.21527181335883e-09,5.12464840160851e-10,5.27318101779118e-10,3.73760432980167e-10,5.70077367422581e-10,5.80067746520087e-10,5.93848624192155e-10,4.46730817828205e-10,3.01628503040545e-10,2.45597535976797e-10,4.75329034288796e-10,3.5005984527765e-10,5.19485148641886e-10,2.58506015662671e-10,2.03613646579373e-10,2.07935711274005e-10,2.94226097346767e-10,2.44963474570236e-10,3.28095193804919e-10,1.79480518924841e-10,1.75904902147489e-10,1.59466603399411e-10,2.0907625900793e-10,2.07225771181984e-10,2.34959405969757e-10,1.60371608862721e-10,1.42869514855074e-10,1.45643055733747e-10,1.84202947654091e-10,1.86479290435552e-10,2.2595689230626e-10
7.06792609259856e-10,1.6318452787223e-09,3.16870161216401e-09,1.34370723922255e-09,2.71771477048599e-09,2.28831444349662e-09,2.19772643077032e-09,4.04261639325286e-09,1.8730108806075e-09,3.63173647199571e-09,3.37874041269344e-09,3.1039908052169e-09,3.34306103861765e-09,1.54035595640966e-09,8.63596652198076e-10,2.80261619682682e-09,1.51401137252603e-09,2.67715904761033e-09,1.27820552042757e-09,6.92942626589578e-10,5.42221040097804e-10,1.24233398642418e-09,6.99862546673386e-10,1.1950571732376e-09,5.80644079751749e-10,4.50081766120676e-10,2.72857066389547e-10,5.82227394719175e-10,4.85683030356082e-10,5.93185184713234e-10,3.88823374239191e-10,2.26992140290469e-10,2.15867988099946e-10,4.17123689920611e-10,2.64712951733448e-10,4.56233710097586e-10,1.95198512665376e-10,1.79805548071544e-10,1.62651935467499e-10,2.25655952090528e-10,2.04862383643852e-10,2.42153940071249e-10,1.59150246748006e-10,1.41234992790009e-10,1.29500583508349e-10,1.78111549288546e-10,1.58423896637984e-10,1.93633078205267e-10,4.83891778825417e-10,1.07707817212831e-09,2.0820638291406e-09,9.46841498998032e-10,1.77788852319425e-09,1.58775615454655e-09,1.50519981341024e-09,2.75568394823276e-09,1.23180202907096e-09,2.47376963666158e-09,2.2622760882878e-09,2.04585862837006e-09,2.26042383376757e-09,1.02457734118128e-09,5.65283143373213e-10,1.85896191269812e-09,9.77483730705216e-10,1.71516771428918e-09,8.41314409695167e-10,4.54657537295871e-10,3.64718810572007e-10,7.96707221754316e-10,4.78172857860541e-10,7.83172816407178e-10,3.81515928218582e-10,3.01940692949197e-10,1.92139070292281e-10,3.96711432774512e-10,3.29527633553542e-10,4.11638120464902e-10,2.61416562202429e-10,1.63315409551747e-10,1.56641420663221e-10,2.8539918646639e-10,1.96326781068663e-10,3.14052135754573e-10,1.41199111115942e-10,1.33081952484807e-10,1.26755781693969e-10,1.66999161392437e-10,1.62153076610281e-10,1.86549996412551e-10,1.20491502477736e-10,1.1293731832098e-10,1.05341657469152e-10,1.43681147766278e-10,1.3531206656696e-10,1.631639287875e-10
5.78551089899486e-10,8.49142349289304e-10,1.47958478399806e-09,7.50896825212892e-10,1.4366446181852e-09,1.26352675505487e-09,1.15373193785042e-09,1.8730108806075e-09,4.24666790968129e-09,1.92789908639923e-09,3.38400259647937e-09,3.24680962632749e-09,1.54105733594716e-09,3.43756663155295e-09,1.73328611576338e-09,2.74449146883539e-09,3.0208192547744e-09,2.43788481681904e-09,2.84176290116489e-09,1.40013706321907e-09,6.90828386466793e-10,2.49271721982526e-09,1.28328799063889e-09,2.28403838979114e-09,1.17702968819939e-09,5.73168015732827e-10,4.06667088567979e-10,1.07158330479663e-09,5.8973197798419e-10,1.05045082883556e-09,4.94716572473756e-10,3.41411831337213e-10,2.41065089170661e-10,5.0305760961242e-10,3.70926403084731e-10,5.37854849110308e-10,3.00021032477317e-10,2.06772055666732e-10,1.78097428830452e-10,3.25950203282707e-10,2.32814827247619e-10,3.45113545272811e-10,1.83486649022527e-10,1.53288139910474e-10,1.42739039757831e-10,2.03654164900935e-10,1.72242301958865e-10,2.1849593487533e-10,3.90002449527527e-10,5.44581188748415e-10,9.62243179594975e-10,5.04679338037966e-10,9.44650260614167e-10,8.66781014266955e-10,7.82012350037414e-10,1.27632912290433e-09,2.77712398427081e-09,1.32043219024939e-09,2.24608504096903e-09,2.16488161703873e-09,1.04167212231463e-09,2.2671260214255e-09,1.12464568472431e-09,1.81026832652837e-09,1.95127906192637e-09,1.58965900545436e-09,1.86178572396725e-09,9.07701826805949e-10,4.43953530451412e-10,1.5978216015771e-09,8.4647416088777e-10,1.47075471609613e-09,7.55498063157995e-10,3.65337330997704e-10,2.8217360847396e-10,7.01692160265006e-10,3.75547894057189e-10,6.77946078594941e-10,3.16477667521997e-10,2.36228074476934e-10,1.72651225567745e-10,3.25415647599702e-10,2.60377831110741e-10,3.41546680141912e-10,2.05344157927969e-10,1.5024595267414e-10,1.3325332237906e-10,2.28685466783293e-10,1.75309011485814e-10,2.48226281550786e-10,1.3572414144169e-10,1.16876935381465e-10,1.16889962537468e-10,1.56048035062186e-10,1.42928013760947e-10,1.81196342605887e-10
1.48398152920723e-09,5.05755022971843e-09,2.72005753461639e-09,2.29525061340502e-09,6.89013214181670e-09,3.44805367153345e-09,7.14511856392876e-09,3.63173647199571e-09,1.92789908639923e-09,9.68123219826296e-09,3.13048773627367e-09,8.64138777205258e-09,2.98266106046888e-09,1.57036976176258e-09,1.01150648687852e-09,2.56485574037063e-09,1.61316347863659e-09,2.51368021791079e-09,1.29396081931478e-09,7.92417763582938e-10,6.94309182781096e-10,1.29953902699264e-09,8.14889502201357e-10,1.27153698070623e-09,6.56549027103074e-10,5.67016314534472e-10,3.77208236723412e-10,6.67146276466366e-10,6.39442802038011e-10,6.99740036912187e-10,4.87071515782725e-10,3.08668212189504e-10,3.01899938504504e-10,5.42198016445433e-10,3.5889424241489e-10,5.88367502917198e-10,2.65425774190036e-10,2.46172112221746e-10,2.36026527408916e-10,3.00230829658026e-10,2.90537631151267e-10,3.3536772621373e-10,2.22303067323112e-10,2.06118598446516e-10,1.99072831907913e-10,2.55843372302483e-10,2.46360622048574e-10,2.89936142629515e-10,1.0453268560046e-09,2.56367299400995e-09,1.82741815729055e-09,1.63180761303229e-09,3.59358193846044e-09,2.42101731441427e-09,3.81273547263126e-09,2.56581816101862e-09,1.23479357756259e-09,5.33300719755492e-09,2.15343852222573e-09,4.5336223120224e-09,2.10860421361154e-09,1.02824694909846e-09,6.55152648313002e-10,1.76112505640539e-09,1.05413854893779e-09,1.68773582754605e-09,8.36558815993808e-10,5.24673378825567e-10,4.97690628540944e-10,8.39954856562195e-10,5.70212086052032e-10,8.60831095219725e-10,4.41724591731937e-10,4.07895903330348e-10,2.81021103492349e-10,4.67343902165739e-10,4.7124150622088e-10,5.09045520195712e-10,3.48378193416202e-10,2.33494373138981e-10,2.36882830070597e-10,3.99408233956546e-10,2.77126145979818e-10,4.3491587232437e-10,2.04783545979136e-10,1.97379861934363e-10,1.82232245680268e-10,2.33620954440537e-10,2.3934893437902e-10,2.63480546254328e-10,1.80501434242684e-10,1.64390581448339e-10,1.63512480638797e-10,2.10813071576241e-10,2.14627516626075e-10,2.54106822030864e-10
7.52445375269945e-10,1.56531862083826e-09,2.67195982921672e-09,1.31464937025149e-09,2.32006584079499e-09,1.96041939768622e-09,2.12809553375094e-09,3.37874041269344e-09,3.38400259647937e-09,3.13048773627367e-09,5.34080371832799e-09,4.78480453187168e-09,2.80299034541816e-09,2.74399925200325e-09,1.58030732520572e-09,4.36773214347704e-09,2.44138380416684e-09,3.88389145578009e-09,2.26567845675384e-09,1.27642794129182e-09,6.8256012824113e-10,2.00337112646411e-09,1.20248693635127e-09,1.84502881201512e-09,1.07705480770963e-09,5.65692408351564e-10,4.33090355516907e-10,1.00427867885737e-09,5.84010200015038e-10,9.89348250362231e-10,4.89877668133165e-10,3.65157380318639e-10,2.56469022506163e-10,5.00021847599387e-10,3.98454229446103e-10,5.35532451012758e-10,3.18827839591203e-10,2.18766605893512e-10,1.87679153150896e-10,3.48430956914215e-10,2.47694209121679e-10,3.68432326560135e-10,1.93976121388819e-10,1.62920941488051e-10,1.45424049348681e-10,2.16572209354894e-10,1.81364199227523e-10,2.31154655186278e-10,5.03189700584783e-10,1.00878370721848e-09,1.72335138084062e-09,8.96250411029262e-10,1.51137890881883e-09,1.35258981003431e-09,1.42383090832591e-09,2.27313399420785e-09,2.21722713408348e-09,2.12065381570552e-09,3.52677180730633e-09,3.16060583546757e-09,1.86188719353309e-09,1.8139057394995e-09,9.86935604075385e-10,2.86336463704374e-09,1.58068561779796e-09,2.48768229726986e-09,1.48646360187535e-09,7.98425805342248e-10,4.32642535770442e-10,1.28823844586107e-09,7.80283697554696e-10,1.20502146355909e-09,6.64552380081885e-10,3.53476122820411e-10,2.97670919912812e-10,6.40954457369481e-10,3.59862218919856e-10,6.19974977302223e-10,3.06803211118059e-10,2.51603351517943e-10,1.88448961268261e-10,3.13510947813689e-10,2.82420235858963e-10,3.36448038234615e-10,2.18674664936327e-10,1.6256576017827e-10,1.45852324292636e-10,2.45276638747877e-10,1.91445094875725e-10,2.64640738258963e-10,1.47083377776457e-10,1.28645235738546e-10,1.22176603896895e-10,1.69562858770167e-10,1.56562287567712e-10,1.95175467465634e-10
1.49874952286008e-09,4.82282333748861e-09,2.31710950114208e-09,2.21635398468414e-09,6.08289002971811e-09,3.00550043052974e-09,6.87626377147653e-09,3.1039908052169e-09,3.24680962632749e-09,8.64138777205258e-09,4.78480453187168e-09,1.13606786026475e-08,2.553239489737e-09,2.63447593155498e-09,1.60830784964825e-09,3.8964581552087e-09,2.40604049910213e-09,3.52699033887397e-09,2.16445837084156e-09,1.27471493650829e-09,7.48276268048428e-10,1.94889913793404e-09,1.22614782906862e-09,1.82507430314225e-09,1.06736610131839e-09,6.07885806929247e-10,5.44272564425448e-10,1.01382262574977e-09,6.55205014881716e-10,1.0125131065135e-09,5.22920989030004e-10,4.54247335378342e-10,3.36461073642478e-10,5.54381270166284e-10,4.98728506134906e-10,5.91945263432825e-10,3.94587582514251e-10,2.7869109575953e-10,2.54515046620518e-10,4.29611421390174e-10,3.2594926447686e-10,4.70751182174245e-10,2.52017560708907e-10,2.22932084443734e-10,2.09910128705609e-10,2.87194862825548e-10,2.63579045441962e-10,3.19635976424191e-10,1.0264403533416e-09,2.39302790352045e-09,1.54848295948187e-09,1.52253622406278e-09,3.16728228536071e-09,2.11031175062844e-09,3.61411708992826e-09,2.20008212139527e-09,2.04534107765718e-09,4.76534410178272e-09,3.19582325215941e-09,6.15730652210018e-09,1.79922357090819e-09,1.69644904867933e-09,9.81764335910913e-10,2.60819630374413e-09,1.54753490867072e-09,2.3279884840943e-09,1.38302889688683e-09,7.8831730766898e-10,4.93304578204591e-10,1.23890153888726e-09,7.97584539082668e-10,1.20180058897868e-09,6.59674012728027e-10,4.00643587252775e-10,3.76372982419416e-10,6.57252353444419e-10,4.29645961658611e-10,6.51539112336654e-10,3.45545247097258e-10,3.13495730538536e-10,2.58274918789757e-10,3.67161253489463e-10,3.50126516622741e-10,3.97522282536347e-10,2.75416196155636e-10,2.19222066098331e-10,1.95714924177182e-10,3.05991233929203e-10,2.54306456803802e-10,3.373894649469e-10,2.00363982952934e-10,1.72404232184745e-10,1.72608352553779e-10,2.21872599019425e-10,2.29918511818679e-10,2.77567793964759e-10
5.92504091133617e-10,1.36214781352841e-09,2.67235789800279e-09,1.13409263947695e-09,2.2755920712002e-09,1.93405197338182e-09,1.8028034680214e-09,3.34306103861765e-09,1.54105733594716e-09,2.98266106046888e-09,2.80299034541816e-09,2.553239489737e-09,4.09883252912787e-09,1.83025133132184e-09,1.05175381717344e-09,3.36949134671205e-09,1.78326570661812e-09,3.18971131902056e-09,1.48482845733547e-09,8.21867353748742e-10,6.78071602954932e-10,1.4305509465777e-09,8.39432151139718e-10,1.38443761101373e-09,6.77275324246039e-10,5.46616910399727e-10,3.38582273674106e-10,6.82436483001339e-10,5.94471349197495e-10,6.93251888203151e-10,4.63585137475062e-10,2.75661972850259e-10,2.65480684708118e-10,5.00205072768156e-10,3.24463598762563e-10,5.440147631474e-10,2.36307653263438e-10,2.17860691734587e-10,2.01565209299919e-10,2.7444369689885e-10,2.5098577216371e-10,2.96995946684512e-10,1.90275990931971e-10,1.71066938050369e-10,1.62589918344143e-10,2.15051554063265e-10,1.95589221373608e-10,2.37451587418052e-10,3.97097442061212e-10,8.93682461542179e-10,1.74059518958897e-09,7.89147721791015e-10,1.48888937229054e-09,1.3275596239651e-09,1.23132582439864e-09,2.26031205285981e-09,1.02460815542505e-09,2.0377419980479e-09,1.85883656100158e-09,1.69106424578228e-09,2.84780219414071e-09,1.25451297478979e-09,6.99124470236175e-10,2.30841689118215e-09,1.18684529998777e-09,2.10242240185825e-09,1.01102673418216e-09,5.46507090032897e-10,4.5360642439381e-10,9.48333655174178e-10,5.74503531194088e-10,9.36721241648669e-10,4.4996983198134e-10,3.66199247078507e-10,2.40224503752001e-10,4.66994327044703e-10,4.06272532900995e-10,4.87599999925909e-10,3.10904873445508e-10,2.01218588505344e-10,1.91254102908056e-10,3.43827126121315e-10,2.41035377336507e-10,3.77281463708731e-10,1.73825296230684e-10,1.59479633351495e-10,1.5691247807107e-10,2.04535845044868e-10,1.91749450188941e-10,2.24826481851061e-10,1.41621989942973e-10,1.35744257412263e-10,1.32264138538807e-10,1.67127196827188e-10,1.65298183377646e-10,1.95870787299299e-10
4.72070057609455e-10,6.98038147336232e-10,1.24312676039694e-09,6.24812831506313e-10,1.19986408830495e-09,1.06254200854196e-09,9.25116585675861e-10,1.54035595640966e-09,3.43756663155295e-09,1.57036976176258e-09,2.74399925200325e-09,2.63447593155498e-09,1.83025133132184e-09,4.13381593381534e-09,2.0772300716717e-09,3.28177193581275e-09,3.59385824414493e-09,2.88601739894483e-09,3.35071667248669e-09,1.63723917731226e-09,8.20818823198694e-10,2.90558776447509e-09,1.5066251162314e-09,2.65661492508101e-09,1.35623687651422e-09,6.65630823960312e-10,4.90250107816616e-10,1.23536865818153e-09,6.86575890074482e-10,1.20835068210281e-09,5.65205049434111e-10,4.04619622641764e-10,2.92365677909496e-10,5.76743936946182e-10,4.44412446371233e-10,6.17590779549631e-10,3.52070392158024e-10,2.46818613697739e-10,2.15997194631681e-10,3.86018104620328e-10,2.80784346255989e-10,4.11941874774313e-10,2.16339292994924e-10,1.82110963036368e-10,1.71965761178985e-10,2.4150465120727e-10,2.06274415960891e-10,2.61075569966088e-10,3.27968007461702e-10,4.54783155667628e-10,8.02373145789625e-10,4.20326563447343e-10,7.93995322020812e-10,7.22786979658831e-10,6.40030375359272e-10,1.04099323958882e-09,2.2666171264271e-09,1.08546589713432e-09,1.80943963951299e-09,1.76665008456001e-09,1.28340922552519e-09,2.79403695725808e-09,1.37633389935555e-09,2.2306338334857e-09,2.38049360848020e-09,1.94133014654979e-09,2.24580895484963e-09,1.0865814347039e-09,5.31453497581468e-10,1.90531940105393e-09,1.02178431110331e-09,1.75155492687246e-09,8.90934951032993e-10,4.33133241429218e-10,3.41388528265554e-10,8.34798747303035e-10,4.45680939891381e-10,8.04290445804567e-10,3.67433635491339e-10,2.82369785808449e-10,2.04904606410396e-10,3.79164762145525e-10,3.12159628740034e-10,3.96891447914392e-10,2.43553707442406e-10,1.76836473870181e-10,1.60974878743061e-10,2.71359531100265e-10,2.06947068662109e-10,2.97965278261287e-10,1.59056254274209e-10,1.3801543383576e-10,1.37100346284402e-10,1.81288540229745e-10,1.65946676849755e-10,2.08412030976494e-10
3.51611454414358e-10,6.89964258103015e-10,6.88402245016658e-10,6.04871036749008e-10,7.66723298776243e-10,6.45953156229406e-10,8.94299063095039e-10,8.63596652198076e-10,1.73328611576338e-09,1.01150648687852e-09,1.58030732520572e-09,1.60830784964825e-09,1.05175381717344e-09,2.0772300716717e-09,4.91722270927855e-09,1.89246810835862e-09,3.8384651099324e-09,3.45095679763588e-09,1.63848904188313e-09,3.80004055946716e-09,1.7282101921032e-09,2.96421689371858e-09,3.11080212227522e-09,2.4133839546257e-09,3.1397381310382e-09,1.39831324708725e-09,7.02716754647014e-10,2.55811952259577e-09,1.3391367106313e-09,2.40437613358639e-09,1.19841297318415e-09,5.88842434527798e-10,5.31940424484829e-10,1.13815337533606e-09,6.40904847356131e-10,1.16844683236952e-09,5.14219922703081e-10,4.57144046696981e-10,2.75770110286582e-10,5.5267015032951e-10,4.97869623104094e-10,5.83997887889597e-10,4.05392528066205e-10,2.3480579429666e-10,2.10997326837641e-10,4.35257134066694e-10,2.64582469884476e-10,4.67803536498511e-10,2.45694236292384e-10,4.70327186550167e-10,4.52066794054988e-10,4.43652139145387e-10,4.83280296996182e-10,4.31816029767116e-10,6.08167549510458e-10,5.9683498342648e-10,1.15527867783e-09,6.61301209247586e-10,1.06305939895737e-09,1.07373650648981e-09,7.55904286112896e-10,1.42628881081986e-09,3.18192501003848e-09,1.31549717143224e-09,2.49484905551393e-09,2.26588665346224e-09,1.10391872570201e-09,2.43691678250476e-09,1.11437606963946e-09,1.88375537901397e-09,2.04893257126682e-09,1.58728715929886e-09,2.00124805727618e-09,8.89706377619142e-10,4.2653789574756e-10,1.66567417737745e-09,8.27699118461139e-10,1.53008109273921e-09,7.52337756485295e-10,3.53328150020006e-10,3.21055329687358e-10,7.02919573384245e-10,4.01187063781904e-10,7.33524580369797e-10,3.06654936653978e-10,2.76484974142459e-10,1.96013013561217e-10,3.45846996273212e-10,3.06165581010011e-10,3.81416578716002e-10,2.49387953356464e-10,1.71898258838145e-10,1.60193853933629e-10,2.74562106927563e-10,2.00385520074936e-10,3.05526211492032e-10
6.26024238634721e-10,1.29819884462995e-09,2.25958299849442e-09,1.10521894262168e-09,1.94003571802219e-09,1.65855268851786e-09,1.73323901240753e-09,2.80261619682682e-09,2.74449146883539e-09,2.56485574037063e-09,4.36773214347704e-09,3.8964581552087e-09,3.36949134671205e-09,3.28177193581275e-09,1.89246810835862e-09,5.29669250611579e-09,2.88701457743422e-09,4.65073585946092e-09,2.64718921241474e-09,1.48347251230319e-09,8.13056262228272e-10,2.31119153250408e-09,1.40316318192104e-09,2.12811348538997e-09,1.23030409303276e-09,6.56549799692363e-10,5.25695009806059e-10,1.14808625880203e-09,6.81040459104596e-10,1.12996129469759e-09,5.6085360761319e-10,4.34071703079526e-10,3.11610068579256e-10,5.74741955710309e-10,4.77231517139178e-10,6.1770576017324e-10,3.76245826986694e-10,2.62515194064709e-10,2.28545274560295e-10,4.14404626162322e-10,2.98358328951601e-10,4.41248207281687e-10,2.30739162240643e-10,1.9370146341449e-10,1.7647900532505e-10,2.58419924765167e-10,2.18678253379201e-10,2.78627283325342e-10,4.1262814779329e-10,8.30039796815785e-10,1.43769199205694e-09,7.4604644394044e-10,1.2578155251767e-09,1.12977514103453e-09,1.15809447822278e-09,1.86144659975565e-09,1.81365589608669e-09,1.7390490304303e-09,2.86283460690367e-09,2.57791345282281e-09,2.32916732408023e-09,2.24888367376916e-09,1.2171392795404e-09,3.59448054836731e-09,1.94036947728748e-09,3.08885152207664e-09,1.79744575269116e-09,9.53274023563359e-10,5.16538348192204e-10,1.53732351229366e-09,9.31613753355253e-10,1.43586224452609e-09,7.77890141115558e-10,4.16045597136399e-10,3.63495412355819e-10,7.53267380601856e-10,4.26370184872252e-10,7.30859804273874e-10,3.54547874064741e-10,3.02418312137218e-10,2.23457413494386e-10,3.64897300603015e-10,3.39108948284658e-10,3.94883704294247e-10,2.62240392888481e-10,1.9170710323152e-10,1.76897684010496e-10,2.94744535532477e-10,2.24441967159204e-10,3.17061959994513e-10,1.72359054984956e-10,1.51162477808234e-10,1.45140875390382e-10,1.95944714073094e-10,1.85165787933561e-10,2.29735682965341e-10
5.20341818632658e-10,7.75829447516321e-10,1.22628537101354e-09,6.83590632862967e-10,1.23278449651187e-09,1.07667589315619e-09,1.02750450143467e-09,1.51401137252603e-09,3.0208192547744e-09,1.61316347863659e-09,2.44138380416684e-09,2.40604049910213e-09,1.78326570661812e-09,3.59385824414493e-09,3.8384651099324e-09,2.88701457743422e-09,5.83997224333808e-09,4.77739602651918e-09,2.90635883496297e-09,2.96344848407446e-09,1.55297122029339e-09,4.60425682076571e-09,2.40796768180117e-09,3.81129052297145e-09,2.44607300826874e-09,1.26037810049302e-09,6.8540233041349e-10,1.96867430363829e-09,1.21788185080945e-09,1.85710761226813e-09,1.07652726890293e-09,5.72293228904783e-10,5.36902749285645e-10,1.0291570805078e-09,6.24438549854823e-10,1.06539815764954e-09,5.00487768298383e-10,4.58507443298394e-10,2.7486933235699e-10,5.36546314111766e-10,5.05069313303375e-10,5.76890282421497e-10,4.04650562423909e-10,2.29922465014464e-10,2.02208877103014e-10,4.38694935043901e-10,2.53369512532224e-10,4.62699882740794e-10,3.52164755860809e-10,4.95252414430401e-10,7.78589159207163e-10,4.51775217239475e-10,8.01143510228455e-10,7.21477884336967e-10,6.89658893285347e-10,1.01271027289619e-09,1.97910788986181e-09,1.09319479338307e-09,1.60754215341409e-09,1.6153392343217e-09,1.2357807930646e-09,2.42617315341751e-09,2.4906984393792e-09,1.96809268478029e-09,3.78876953290259e-09,3.1320462412927e-09,1.93543106399627e-09,1.90405353814183e-09,9.69492950165443e-10,2.94022307833129e-09,1.59148991289669e-09,2.48455875019422e-09,1.55638769953128e-09,7.81853242654781e-10,4.19023083892207e-10,1.28516669035805e-09,7.42353221724364e-10,1.18811473942094e-09,6.59284198539873e-10,3.46117709302729e-10,3.26990304010645e-10,6.27692804433884e-10,3.92711467960188e-10,6.60410485243716e-10,3.00723831928951e-10,2.81953169807492e-10,1.94207499171467e-10,3.39591294125346e-10,3.17042041297222e-10,3.83719169719386e-10,2.5374371341853e-10,1.680362554779e-10,1.54080334838647e-10,2.8571267404988e-10,1.93059064725396e-10,3.11222830289144e-10
6.59100802210028e-10,1.31715690777579e-09,2.16621920777755e-09,1.13136774178804e-09,1.89452014820972e-09,1.62475055315168e-09,1.76569263963758e-09,2.67715904761033e-09,2.43788481681904e-09,2.51368021791079e-09,3.88389145578009e-09,3.52699033887397e-09,3.18971131902056e-09,2.88601739894483e-09,3.45095679763588e-09,4.65073585946092e-09,4.77739602651918e-09,6.99107296307184e-09,2.31307916016038e-09,2.6565908341294e-09,1.44646117979986e-09,3.74420302287583e-09,2.17546978670714e-09,3.09079955058902e-09,2.19537270105707e-09,1.17347336463695e-09,6.73516049614124e-10,1.77881094838329e-09,1.14467560871447e-09,1.69214176733037e-09,1.0046283335638e-09,5.60749098731090e-10,5.46353366061465e-10,9.71480526302094e-10,6.15375309398217e-10,1.01127531334484e-09,4.90521252251287e-10,4.66266672666002e-10,2.78754552651798e-10,5.2949655623163e-10,5.12059696497859e-10,5.69464290472437e-10,4.11725381838476e-10,2.34225594922315e-10,2.01740365967931e-10,4.46855773149776e-10,2.52665494606746e-10,4.6836861714289e-10,4.26807075280767e-10,8.24896332476159e-10,1.35908447479249e-09,7.53684427542365e-10,1.2108436783696e-09,1.09511780894683e-09,1.16084599388539e-09,1.76634568553948e-09,1.59813097744968e-09,1.68268351648431e-09,2.52429181270176e-09,2.32481224302276e-09,2.19512457336575e-09,1.96420980304367e-09,2.17925578767387e-09,3.14303776394211e-09,3.11298316883102e-09,4.56817661304821e-09,1.54912681479628e-09,1.65297561262456e-09,8.83675151064494e-10,2.40167372326673e-09,1.40247855364671e-09,2.0285140678729e-09,1.34921484967421e-09,7.06601716281562e-10,4.07801335106063e-10,1.12492211204901e-09,6.78894768832263e-10,1.050221612793e-09,5.97068508525447e-10,3.374321640853e-10,3.38017341610762e-10,5.77264270623229e-10,3.85337683389353e-10,6.150170269857e-10,2.94427371818437e-10,2.90348596459522e-10,2.00370858181137e-10,3.32499632850461e-10,3.24730857260356e-10,3.73251087463437e-10,2.62455255294814e-10,1.74997519149905e-10,1.5678786183462e-10,2.93999220707565e-10,2.02905550376792e-10,3.24937171887885e-10
3.94843055831006e-10,5.81582699808534e-10,1.05070603237784e-09,5.23167326159748e-10,1.00801605961439e-09,9.01961742044476e-10,7.54434171857387e-10,1.27820552042757e-09,2.84176290116489e-09,1.29396081931478e-09,2.26567845675384e-09,2.16445837084156e-09,1.48482845733547e-09,3.35071667248669e-09,1.63848904188313e-09,2.64718921241474e-09,2.90635883496297e-09,2.31307916016038e-09,4.22498713632552e-09,1.98649922349153e-09,1.01461495811635e-09,3.62192984175239e-09,1.8281025048221e-09,3.30008767088137e-09,1.61317512551919e-09,8.01354117830425e-10,6.2183509517892e-10,1.46839653322587e-09,8.29934827093553e-10,1.43092657057668e-09,6.71493652050065e-10,5.04402881392385e-10,3.73704282942666e-10,6.83720584867522e-10,5.58326121240544e-10,7.34471463907968e-10,4.32548811951574e-10,3.08370953287718e-10,2.82946597226218e-10,4.76269526767713e-10,3.59446511063621e-10,5.18773928577103e-10,2.65540708603064e-10,2.31963470684937e-10,2.22757468878212e-10,3.02078457515985e-10,2.65278546948059e-10,3.28508097667307e-10,2.74419111052675e-10,3.86046062952224e-10,6.69920575862959e-10,3.54103154719096e-10,6.57117766769544e-10,5.99671323656903e-10,5.2524199639167e-10,8.46730363758845e-10,1.86053201541577e-09,8.7935548991036e-10,1.47857801922117e-09,1.44066406826317e-09,1.01678655729346e-09,2.24557803642583e-09,1.087130977799e-09,1.77872701057644e-09,1.90553139103763e-09,1.53784557187916e-09,2.91917060854069e-09,1.36123213564127e-09,6.71746998578783e-10,2.44668292063035e-09,1.27734922051022e-09,2.25336371689792e-09,1.09409154181493e-09,5.30054485183508e-10,4.35664481574042e-10,1.02265179099979e-09,5.47201559457891e-10,9.84664956307755e-10,4.45976701496425e-10,3.56409209672885e-10,2.69802400807294e-10,4.59035203781081e-10,3.98227599638839e-10,4.86106248154791e-10,3.04481005219458e-10,2.2622005675915e-10,2.10420674836156e-10,3.40868851760655e-10,2.69912221754468e-10,3.76255562659759e-10,1.98413504975007e-10,1.77140079250056e-10,1.7859291939356e-10,2.3123046673587e-10,2.15546415341315e-10,2.67974169107338e-10
