1.4367554083184e-07,7.2255301459795e-08,3.27174997928017e-08,1.13939944961131e-07,6.88231125676747e-08,1.04107114762882e-07,6.2256612774814e-08,2.77289164445013e-08,2.71716439085588e-08,5.91919096350272e-08,2.91310099378918e-08,5.78031786846685e-08,2.2890089214134e-08,2.33169252768242e-08,1.58522714357773e-08,2.42010558657144e-08,2.44177131447237e-08,2.42128322863983e-08,1.99548088132658e-08,1.33651438069164e-08,9.70362574698873e-09,2.09070500888251e-08,1.31348554342245e-08,2.05097335198821e-08,1.15341493709884e-08,8.37159077084755e-09,7.99284770192685e-09,1.13359251213082e-08,9.34825748820727e-09,1.19005521105748e-08,7.36823394653978e-09,7.03011931667937e-09,6.83096962184151e-09,8.22713940091768e-09,8.28075018839412e-09,9.26682424271697e-09,6.48423507923953e-09,5.84252399249933e-09,5.42945800541292e-09,7.26658396970179e-09,6.64275189059193e-09,8.00500355734679e-09,5.56996441184157e-09,4.72073610480763e-09,5.02883125372475e-09,6.22216785499138e-09,6.28194147799446e-09,7.73972196863337e-09,1.12965420610084e-07,5.40113236368583e-08,2.34068175873966e-08,9.40229363343777e-08,5.01774974420304e-08,8.76684502470898e-08,4.63930260397685e-08,1.926979717066e-08,2.04709684231085e-08,4.32076332995348e-08,2.10486899368301e-08,3.85373353648747e-08,1.617645512554e-08,1.7266766468967e-08,1.19966328306373e-08,1.82216818159144e-08,1.68735841695098e-08,1.85252936523873e-08,1.47444810151976e-08,1.01086277975107e-08,8.43347432334987e-09,1.43884873363005e-08,1.05543475028591e-08,1.55996823961047e-08,8.72241938047987e-09,7.27342445465455e-09,5.92617346205291e-09,9.10613703713613e-09,8.60185530983966e-09,9.28096374352422e-09,6.39862132217674e-09,5.21390795079362e-09,5.68735841513915e-09,7.56755291037701e-09,6.4666360988336e-09,8.67353126038943e-09,4.80400821413685e-09,4.6947852257275e-09,3.59276787151492e-09,5.57341644188373e-09,5.28962447100054e-09,5.2947950133453e-09,4.69334947862344e-09,3.01677472381927e-09,3.61284113526832e-09,5.17672336458444e-09,4.72271275442119e-09,6.21778231709733e-09
7.2255301459795e-08,2.77601897564611e-07,8.31140224627305e-08,1.41160332333916e-07,2.27841497929616e-07,1.07712133239447e-07,2.38141140580165e-07,6.99345021221969e-08,3.2581194395723e-08,1.95933254090152e-07,6.56632616698077e-08,1.8534804155455e-07,5.91725447714974e-08,2.72543487195289e-08,2.98114487946774e-08,5.46271725856734e-08,2.71948667778511e-08,5.21947353226124e-08,2.36052139433882e-08,2.54233967570587e-08,1.5426917809519e-08,2.30838410442017e-08,2.69103364667036e-08,2.22135315094322e-08,2.19396196940591e-08,1.33105780973273e-08,1.29052178485182e-08,2.32221693140422e-08,1.67969258711699e-08,2.69880556339594e-08,1.17183968120378e-08,1.13524548925183e-08,1.24245431475828e-08,1.47829554940939e-08,1.3763814791541e-08,1.69967548190059e-08,9.70406807029255e-09,1.02155400548859e-08,9.02080652913636e-09,1.13994887898006e-08,1.19752416919948e-08,1.32449643528796e-08,9.35208213503024e-09,8.46846919478317e-09,6.84542494811246e-09,1.09637967486551e-08,9.81052394202066e-09,1.22472940476851e-08,6.06892146552989e-08,1.89623846224015e-07,6.67466089227568e-08,1.17734021874377e-07,1.55773658302784e-07,9.28199603025609e-08,1.64544348832544e-07,5.62283435033723e-08,2.06391235423213e-08,1.35722372965596e-07,4.86217372991952e-08,1.15437886145413e-07,4.85354074462281e-08,1.73916865408497e-08,2.3870534363516e-08,4.07366134804592e-08,1.83974731242379e-08,4.10348964731649e-08,1.48517754294288e-08,2.03052847482653e-08,1.34143237424803e-08,1.52567314201376e-08,2.23726066210946e-08,1.55688710969283e-08,1.75194943846484e-08,1.1569739676794e-08,8.92552368796994e-09,1.93008130522766e-08,1.41511566859384e-08,2.08549929256142e-08,1.01801783395519e-08,7.85510892436013e-09,8.65381897224051e-09,1.24514515082231e-08,9.7809229897353e-09,1.39582597470121e-08,6.37033300401457e-09,7.3583992539653e-09,4.84840627094875e-09,8.02104766470978e-09,7.79141018716102e-09,8.00155465782978e-09,6.44664603124373e-09,3.99858965899507e-09,5.4379979094269e-09,6.71402889375019e-09,6.67177590914448e-09,9.78642167894359e-09
3.27174997928017e-08,8.31140224627305e-08,1.81510357900706e-07,6.44610488813924e-08,1.49989432337508e-07,1.22617961851345e-07,6.99779431912141e-08,1.50863450710131e-07,6.07033113426887e-08,1.24459688233924e-07,1.23626313607155e-07,1.01655335270826e-07,1.27419170291205e-07,5.04787352671394e-08,2.53013809062367e-08,1.03182770013812e-07,4.70729264527425e-08,9.45618643712788e-08,4.38752252119609e-08,2.16029197514158e-08,2.0332937883638e-08,4.07894724078528e-08,2.23915513918663e-08,3.76884688942024e-08,1.86565337240813e-08,1.75455943115518e-08,1.05202080936082e-08,1.93373376374566e-08,1.87162899391964e-08,1.94180222056856e-08,1.54515518356601e-08,9.26428330287291e-09,8.33858090359803e-09,1.64823793371374e-08,9.85106975940752e-09,1.65966379672412e-08,8.51230976673235e-09,6.91916983704579e-09,5.96898639559919e-09,8.48234703742056e-09,8.04596298770306e-09,9.53178176917427e-09,6.49798252472732e-09,5.55284865779275e-09,5.03551658346967e-09,7.54262297622649e-09,6.61649522641847e-09,8.25750969791967e-09,2.33965024801898e-08,6.55605854982623e-08,1.37966271290392e-07,5.34580506996277e-08,1.12797516062786e-07,9.27190509908413e-08,5.64379141801294e-08,1.13693704437388e-07,4.52432963088129e-08,9.51370383418831e-08,9.52896791622094e-08,7.66501161797363e-08,9.83151333484344e-08,3.7253486863625e-08,2.05347435930885e-08,7.9621887391325e-08,3.69512578613359e-08,7.51071912664182e-08,3.22466298685285e-08,1.76209338225237e-08,1.45601879409804e-08,3.23353810817814e-08,1.81415153610458e-08,2.82083048200605e-08,1.52120299158382e-08,1.25600055764159e-08,8.06814875390813e-09,1.56592970908724e-08,1.41216265661943e-08,1.55959157825841e-08,1.10580278498697e-08,7.10866709435647e-09,6.02723090007861e-09,1.243500879941e-08,5.82105678000133e-09,1.23582871170083e-08,6.40821704742855e-09,5.34427861637573e-09,3.79579312866305e-09,5.0406882269087e-09,7.07484404587654e-09,5.90528897653873e-09,4.9071109625286e-09,3.52715094902112e-09,3.59267914978521e-09,6.66360129581901e-09,4.18501471613695e-09,6.5467323215852e-09
1.13939944961131e-07,1.41160332333916e-07,6.44610488813924e-08,1.96502207833678e-07,1.07988275209903e-07,1.55721870880471e-07,1.19212761682463e-07,5.3687864047742e-08,2.68705633028167e-08,9.1990150123304e-08,4.91439765908474e-08,8.5056683512055e-08,4.60718927143707e-08,2.33853674645549e-08,2.87899930840622e-08,4.20683116434258e-08,2.37699375993579e-08,3.95804886080708e-08,2.00207554528811e-08,2.46943854977654e-08,1.30462765366532e-08,2.02233970596753e-08,2.54222255141947e-08,1.91638837937342e-08,2.13074772249692e-08,1.12563220693054e-08,8.8969022218863e-09,2.19354669587423e-08,1.25824695526402e-08,2.30621089647454e-08,9.90939422029315e-09,7.82834542814032e-09,8.21861873665818e-09,1.1075767137635e-08,9.57476241626435e-09,1.26804744737084e-08,7.41772647131882e-09,7.51780650149213e-09,6.86740177921796e-09,8.73893367857198e-09,8.65220377273856e-09,1.00622640728497e-08,7.1445583799219e-09,6.23784138620152e-09,5.9649546794603e-09,8.07442637436326e-09,7.59624297144845e-09,9.7540638240636e-09,9.09978638800085e-08,1.0622895645143e-07,4.9828569899228e-08,1.56703230839116e-07,8.27189735814463e-08,1.30612490692436e-07,9.00601315108428e-08,4.03860367851755e-08,1.97779401840748e-08,7.05444311558651e-08,3.51521529580064e-08,5.92805729990356e-08,3.49746601787198e-08,1.70549462507823e-08,2.20657688094352e-08,3.02073209615712e-08,1.74454363318532e-08,2.99913642926811e-08,1.441075697186e-08,1.92082233865414e-08,1.18330439849609e-08,1.48949452511248e-08,2.16364237318781e-08,1.49384271407664e-08,1.65713502515395e-08,1.02056423907871e-08,6.48972409770512e-09,1.86639788320598e-08,1.10847053904161e-08,1.87890223161441e-08,8.97906213101029e-09,5.71273809719573e-09,6.59884027290683e-09,9.75409850993987e-09,7.1829728105355e-09,1.09857904354419e-08,5.5064935788742e-09,6.1132676159928e-09,4.89448970705318e-09,6.68401786660462e-09,7.34293998254232e-09,7.13018713092586e-09,5.68967459728967e-09,4.1531917348721e-09,4.31421493812551e-09,6.54658305632087e-09,5.42050099299765e-09,7.77019429171552e-09
6.88231125676747e-08,2.27841497929616e-07,1.49989432337508e-07,1.07988275209903e-07,3.36803189163858e-07,1.8135478401332e-07,1.95954020396365e-07,1.24413118223343e-07,5.87156458839026e-08,2.83484081952551e-07,1.03098807655909e-07,2.45210548662601e-07,1.03831602703797e-07,4.91438273387244e-08,2.74993704644682e-08,8.50020785749966e-08,4.522016125271e-08,7.77157248645428e-08,4.27443111924838e-08,2.32782286185713e-08,2.44760871939483e-08,3.88843915758275e-08,2.41421408872194e-08,3.6545285593767e-08,2.01055987183642e-08,2.11199252609411e-08,1.56580017527316e-08,2.08514375040656e-08,2.39496036217344e-08,2.31316566872193e-08,1.85973026114268e-08,1.37814632196298e-08,1.27032376990459e-08,2.10860293653142e-08,1.50306201567215e-08,2.28574844207792e-08,1.18769924438822e-08,1.03400437595516e-08,9.12092724966481e-09,1.23927951055295e-08,1.16771142816638e-08,1.4098237465256e-08,1.02075050370207e-08,9.12092773969352e-09,7.22504784081232e-09,1.13941147090529e-08,1.04969931387464e-08,1.23174779219414e-08,5.93396919195927e-08,1.57453215069847e-07,1.14649201112401e-07,9.26290373672148e-08,2.27949108571396e-07,1.47500659778631e-07,1.36963607227714e-07,9.64466371924698e-08,3.88591263266201e-08,1.95003703226737e-07,7.57809614951072e-08,1.54791106971681e-07,8.32060139579372e-08,3.21755655669811e-08,2.02135735568588e-08,6.26183730439275e-08,3.05058078415013e-08,5.96255249745057e-08,2.78081851533881e-08,1.68575926971977e-08,1.87907698870853e-08,2.60460602531289e-08,1.74224060366979e-08,2.50368975950535e-08,1.45569102142778e-08,1.62084356948105e-08,1.06640403224112e-08,1.50420808549651e-08,1.94251902233297e-08,1.72826897342078e-08,1.42669100608101e-08,9.39237478688088e-09,8.10768392727187e-09,1.70988088577568e-08,8.93340269637351e-09,1.67678847054518e-08,7.64635834470447e-09,6.6447195407675e-09,4.63290598492915e-09,7.00954264804244e-09,7.43948731741741e-09,7.19868417371887e-09,6.57224960726084e-09,4.56771617319822e-09,5.59231769530735e-09,7.47989321567755e-09,6.68053951534523e-09,9.37873098017125e-09
1.04107114762882e-07,1.07712133239447e-07,1.22617961851345e-07,1.55721870880471e-07,1.8135478401332e-07,2.4602971384271e-07,9.13678202319485e-08,1.00934223929987e-07,4.82110916867809e-08,1.51009835934698e-07,8.04763061558647e-08,1.23579631496895e-07,8.49781505177731e-08,4.0805955655348e-08,2.39539018079521e-08,6.70890150624545e-08,3.76596097946531e-08,6.07392618272254e-08,3.57690236877793e-08,2.08179810078055e-08,2.15831837792362e-08,3.28039676742034e-08,2.09353033823164e-08,3.081641478343e-08,1.7981097710781e-08,1.86241343432412e-08,1.05378879862341e-08,1.80831683316434e-08,1.89205136476752e-08,1.83390872928226e-08,1.64006345006509e-08,9.28069597868056e-09,7.95497107896842e-09,1.66633919289944e-08,1.0486714962633e-08,1.81247499424069e-08,8.76953281611035e-09,7.21328603675056e-09,6.99418109725357e-09,9.50759609987090e-09,7.82837897571561e-09,1.04126329707918e-08,7.1881538478321e-09,6.62543581431003e-09,5.96552589645910e-09,7.47746934123101e-09,8.10214471717666e-09,8.9296769934441e-09,8.45290786785277e-08,8.1841525522468e-08,9.33717264310105e-08,1.24919319858247e-07,1.36219468238904e-07,1.95537791850446e-07,6.96200461447939e-08,7.61946547078525e-08,3.56003217860267e-08,1.14392943791358e-07,5.85424218679487e-08,8.71683502953198e-08,6.53007743215865e-08,2.94632121080114e-08,1.84547888172634e-08,4.85017338228889e-08,2.86936185454703e-08,4.55500817366533e-08,2.57137743673942e-08,1.56126223120431e-08,1.81929633690614e-08,2.46237345162755e-08,1.68967949913413e-08,2.37049459374188e-08,1.3481391632712e-08,1.56922905508894e-08,7.98736720921468e-09,1.45869254807491e-08,1.63553787343527e-08,1.45858785690974e-08,1.38109599585749e-08,7.03852059872208e-09,6.22869001119382e-09,1.43987053322146e-08,6.90003703075854e-09,1.46673651472571e-08,6.72915511871429e-09,5.55214246333578e-09,4.95468245097537e-09,6.3637896466704e-09,7.52133790331953e-09,7.18773669049166e-09,5.61089134890339e-09,4.42142879167574e-09,4.54462918320359e-09,7.06542403943257e-09,5.78207385078418e-09,6.840225069661e-09
6.2256612774814e-08,2.38141140580165e-07,6.99779431912141e-08,1.19212761682463e-07,1.95954020396365e-07,9.13678202319485e-08,2.89145340853956e-07,8.03708588151513e-08,3.59305951446423e-08,2.45551934029434e-07,7.55454147266668e-08,2.33384284317166e-07,6.80542710745271e-08,3.04193794450978e-08,3.10112376678663e-08,6.34442689806873e-08,3.03347457297031e-08,6.10731437629584e-08,2.61984005646726e-08,2.64943415776004e-08,1.67140215843934e-08,2.56012414520815e-08,2.86122272555003e-08,2.46400589403881e-08,2.28552546398725e-08,1.44164740228464e-08,1.40381694863908e-08,2.46815594513817e-08,1.85420205300079e-08,2.87475176229986e-08,1.26812114480969e-08,1.23426544304472e-08,1.35361735800515e-08,1.63068100863825e-08,1.43911738381327e-08,1.85314196468462e-08,1.06518870363018e-08,1.11305105051859e-08,9.89088876708564e-09,1.20803309418086e-08,1.3270502439602e-08,1.39271246085456e-08,9.89515745218986e-09,8.86283444036088e-09,7.29025030213968e-09,1.16935872687269e-08,1.03495467067061e-08,1.30528237345459e-08,5.33277660515326e-08,1.64530725251146e-07,5.62597496248059e-08,9.93623230832251e-08,1.3569464269583e-07,7.94956496459961e-08,1.99262196495173e-07,6.429432228146e-08,2.40828383962271e-08,1.71285631503045e-07,5.72533672420132e-08,1.53096766945884e-07,5.54492611768666e-08,2.08548093201265e-08,2.39918824189619e-08,4.83288888752836e-08,2.13062461019351e-08,4.8131034616463e-08,1.76114899479685e-08,2.08394210401538e-08,1.44514226718199e-08,1.76237003529455e-08,2.31431649019989e-08,1.6889545798239e-08,1.79751015308592e-08,1.24621886998735e-08,9.56011982192035e-09,1.99606293782889e-08,1.55777991107606e-08,2.13726592030176e-08,1.09586849822442e-08,8.40776788937416e-09,1.00316917436053e-08,1.36980867997951e-08,9.98745968558478e-09,1.51863752183787e-08,6.94225161292838e-09,8.43690419830694e-09,5.481423566862e-09,8.33857145001523e-09,9.19245593229184e-09,8.38212392770031e-09,7.60737838689356e-09,4.75183829023213e-09,5.85632162722698e-09,7.81941280934148e-09,7.41224609904227e-09,1.11322938087861e-08
2.77289164445013e-08,6.99345021221969e-08,1.50863450710131e-07,5.3687864047742e-08,1.24413118223343e-07,1.00934223929987e-07,8.03708588151513e-08,1.6449773538168e-07,6.5555113876262e-08,1.42904022445992e-07,1.33949751019105e-07,1.16747718395162e-07,1.39543551170641e-07,5.48618067183954e-08,2.79528052116355e-08,1.12505716572608e-07,5.19615053394568e-08,1.03106382650979e-07,4.72881356587945e-08,2.38532022260652e-08,2.24774588728091e-08,4.4679994764541e-08,2.39472337882821e-08,4.02883041602442e-08,2.05799047223304e-08,1.9386267064726e-08,1.17953679751485e-08,2.06613903435214e-08,2.11583415405027e-08,2.14682448252516e-08,1.70495718620855e-08,1.03733140573255e-08,9.5336101430038e-09,1.86075620805932e-08,1.09354616431653e-08,1.914007359369e-08,9.35012927715739e-09,8.13528819802325e-09,6.828998058366e-09,9.41101868435337e-09,9.44147649164878e-09,1.03488021054469e-08,6.9945224159475e-09,5.97171460470775e-09,5.87945083402209e-09,8.15965662205915e-09,7.63628244067765e-09,9.46970515852712e-09,2.0329164087977e-08,5.64056230625774e-08,1.13692505765094e-07,4.51536118569211e-08,9.50879501728613e-08,7.71248165261495e-08,6.18616365795351e-08,1.25123589985443e-07,4.83805704808219e-08,1.07547661688373e-07,1.04373928854967e-07,8.71374343149303e-08,1.08526194227354e-07,4.10214999161673e-08,2.24769512133075e-08,8.81840013754571e-08,3.96457626609776e-08,8.2141773032638e-08,3.5064490134852e-08,1.94221938683886e-08,1.69845173518232e-08,3.42379385825074e-08,1.9715924712287e-08,3.004632857738e-08,1.67543288912549e-08,1.46464733779728e-08,9.3071459168512e-09,1.70068386137318e-08,1.59625779426247e-08,1.73430286675258e-08,1.287901453465e-08,8.18659671759630e-09,6.77746210703356e-09,1.40376615669748e-08,6.74588877684612e-09,1.45589603410353e-08,7.0235430676662e-09,6.06188174203468e-09,4.10044633314522e-09,5.65850124477899e-09,7.75450644442935e-09,6.07948147546241e-09,5.36837013074554e-09,3.57767567382548e-09,4.29374652629572e-09,6.79974210866846e-09,5.14422603680709e-09,7.61851540069728e-09
2.71716439085588e-08,3.2581194395723e-08,6.07033113426887e-08,2.68705633028167e-08,5.87156458839026e-08,4.82110916867809e-08,3.59305951446423e-08,6.5555113876262e-08,1.68492507316987e-07,6.55504858108488e-08,1.32597444506199e-07,1.24784902492421e-07,5.48730907367007e-08,1.40645434398578e-07,6.24484373677259e-08,1.09858646805265e-07,1.13371446243148e-07,8.89853535595545e-08,1.20433353799531e-07,5.22166867768197e-08,2.21577749815105e-08,9.64777291339815e-08,4.48694929266936e-08,8.3505830249134e-08,4.50448483232807e-08,1.91162378715353e-08,1.66099031780164e-08,3.87111947382831e-08,1.9206583548612e-08,3.75528231451459e-08,1.68253456949372e-08,1.46109838485077e-08,9.32901681061706e-09,1.69066055256178e-08,1.47002083121642e-08,1.84221546974084e-08,1.28505127192628e-08,7.60916996380485e-09,6.7938588112289e-09,1.27720643555959e-08,8.80133748948409e-09,1.33721610017447e-08,6.61117339488316e-09,5.85672991975329e-09,7.02202010611696e-09,7.73027746655893e-09,7.87586730552973e-09,9.83319686581117e-09,1.89465099580515e-08,2.2126755591918e-08,4.67862277641606e-08,1.95320399268688e-08,4.4730625347576e-08,3.66148638557238e-08,2.31798370135405e-08,5.23478320474504e-08,1.25543735635423e-07,5.24080494051194e-08,9.81637549617693e-08,9.32387424701743e-08,4.45228247472856e-08,1.04763612452011e-07,4.67693195798199e-08,8.11329488302916e-08,8.53452665102308e-08,6.77957954473298e-08,8.87775146374834e-08,3.96125435849553e-08,1.63287915092234e-08,7.32321753553821e-08,3.44230033069429e-08,6.25000452495072e-08,3.41686890546445e-08,1.40836304484431e-08,1.28334352134528e-08,2.9693234913863e-08,1.46150653983973e-08,2.87078858621985e-08,1.2392763154559e-08,1.12919740234695e-08,7.31009820957451e-09,1.28637924289804e-08,1.01065898855306e-08,1.29543521665397e-08,9.61816419898628e-09,6.02881710042139e-09,4.42360664801851e-09,8.35738469910587e-09,6.94965792540938e-09,8.63291839482166e-09,4.8934711953773e-09,3.82234249791318e-09,5.09632781270936e-09,6.01048647486727e-09,5.5600224410159e-09,7.46721654752028e-09
5.91919096350272e-08,1.95933254090152e-07,1.24459688233924e-07,9.1990150123304e-08,2.83484081952551e-07,1.51009835934698e-07,2.45551934029434e-07,1.42904022445992e-07,6.55504858108488e-08,3.49553479081369e-07,1.18240800715141e-07,3.06011644199657e-07,1.19971076957062e-07,5.51716183563839e-08,3.08898373879959e-08,9.83003301401543e-08,5.15003276205947e-08,9.07792937870552e-08,4.73882773724829e-08,2.60443424930119e-08,2.75126215990726e-08,4.38626551897959e-08,2.69185663479115e-08,4.07711446384207e-08,2.24749203073847e-08,2.37302516431811e-08,1.79117894632411e-08,2.32292152118099e-08,2.76686185083558e-08,2.57998055214163e-08,2.08729375528774e-08,1.57511340514829e-08,1.44266008036179e-08,2.43346311426656e-08,1.64370554001796e-08,2.58155249737167e-08,1.35413665084242e-08,1.19263685502101e-08,1.01247828332015e-08,1.35758051233779e-08,1.35269557706132e-08,1.50815059316675e-08,1.09755047892008e-08,9.58785277246807e-09,8.35152208575885e-09,1.23934314600026e-08,1.20328849755963e-08,1.44161775047041e-08,5.17772468204879e-08,1.36933566126185e-07,9.6479732404999e-08,7.95385675731575e-08,1.94950509809583e-07,1.24893466128785e-07,1.70319444842642e-07,1.12411262321461e-07,4.40533465944153e-08,2.43516373921819e-07,8.98658773637073e-08,2.02288317675816e-07,9.76354432086155e-08,3.77675814513742e-08,2.1451963100488e-08,7.53068447865772e-08,3.41186909039545e-08,6.97695025110965e-08,3.18417327197018e-08,1.8534172792776e-08,2.17881564103813e-08,2.91773776501173e-08,1.97044506794716e-08,2.74745465910293e-08,1.59924983696551e-08,1.87892342942183e-08,1.25126979960016e-08,1.70004323594178e-08,2.23678875672207e-08,1.94328815337613e-08,1.65231017634223e-08,1.10067251424503e-08,1.01448286314371e-08,1.96705267816675e-08,1.01800737123401e-08,1.98527176041327e-08,8.81262904647294e-09,8.26826304249164e-09,5.16225384426297e-09,7.83989979526609e-09,9.17158485559299e-09,7.60539419845183e-09,7.71938473984481e-09,5.07664791969984e-09,6.40967554877314e-09,8.52219023298482e-09,7.9815202202911e-09,1.14988555833956e-08
2.91310099378918e-08,6.56632616698077e-08,1.23626313607155e-07,4.91439765908474e-08,1.03098807655909e-07,8.04763061558647e-08,7.55454147266668e-08,1.33949751019105e-07,1.32597444506199e-07,1.18240800715141e-07,2.1858754526845e-07,1.90436254803243e-07,1.12515326138881e-07,1.09853384792246e-07,5.53508149605393e-08,1.82701992016988e-07,8.97536045109351e-08,1.5131700405691e-07,9.37847533374931e-08,4.60391676098775e-08,2.25278231355981e-08,7.5852550185293e-08,4.17881523291212e-08,6.53462372467158e-08,3.97200975106626e-08,1.94358665418491e-08,1.96710363220268e-08,3.60558499290596e-08,2.05450494729175e-08,3.51160162645692e-08,1.71075456581573e-08,1.73012704023896e-08,1.08872400294476e-08,1.80840296203181e-08,1.70257847640555e-08,1.88165764666552e-08,1.56818714046277e-08,9.36861766780594e-09,8.23302383882529e-09,1.51607971607133e-08,1.13523300960665e-08,1.63516863440432e-08,7.95643078067097e-09,6.84363633666134e-09,7.93197959407893e-09,9.60878409140116e-09,9.21890791565296e-09,1.17064810497476e-08,2.22951536052219e-08,5.00443589411271e-08,9.33046859242621e-08,3.96539933331586e-08,7.97723446198597e-08,6.12975964158912e-08,5.50469624198918e-08,1.03003916693347e-07,9.79137199952762e-08,9.13647450740134e-08,1.63030466875766e-07,1.41354289754998e-07,8.8650667007706e-08,8.10320198946846e-08,4.07208019175976e-08,1.3743709637663e-07,6.70512049836588e-08,1.16827450827406e-07,6.86424911032783e-08,3.51135540418874e-08,1.74806141989123e-08,5.75762980624197e-08,3.3208384946925e-08,4.83025821339072e-08,3.02906485203431e-08,1.50769388845321e-08,1.51372214384757e-08,2.86467580054041e-08,1.63806027329339e-08,2.73713645064341e-08,1.32663455997941e-08,1.33168167318049e-08,9.09948340747029e-09,1.44160343932438e-08,1.18010472105937e-08,1.41990368887046e-08,1.16667279536067e-08,8.10230271226044e-09,5.35507013839152e-09,1.01974988412132e-08,9.46197848505569e-09,1.00886883909373e-08,6.84652616144266e-09,4.36746868469306e-09,5.50551088227037e-09,7.99730756458105e-09,6.15886126004319e-09,9.42425588384879e-09
5.78031786846685e-08,1.8534804155455e-07,1.01655335270826e-07,8.5056683512055e-08,2.45210548662601e-07,1.23579631496895e-07,2.33384284317166e-07,1.16747718395162e-07,1.24784902492421e-07,3.06011644199657e-07,1.90436254803243e-07,4.18526453491352e-07,9.70494297774633e-08,1.03555796867152e-07,5.39985773281645e-08,1.57680476020139e-07,8.50609235147502e-08,1.32284326956032e-07,8.82640288665711e-08,4.43279428779247e-08,2.45130391621115e-08,7.1304409481782e-08,4.16540190357682e-08,6.28251782566119e-08,3.8251906963866e-08,2.11509384237903e-08,2.46560601513196e-08,3.59475499777656e-08,2.43914885024032e-08,3.56267209850131e-08,1.86225812934241e-08,2.16858842695063e-08,1.6330399362277e-08,2.14721714654819e-08,2.17890328167606e-08,2.29904903067803e-08,1.88960994905705e-08,1.32483542224358e-08,1.15272775332821e-08,1.86828508699248e-08,1.49871639445228e-08,2.01716750441126e-08,1.19844124582039e-08,1.05157523829097e-08,1.00306487961378e-08,1.35459755545619e-08,1.29264033675431e-08,1.60965282398161e-08,5.08155353961638e-08,1.25785140991566e-07,8.07656844164704e-08,7.19896022213565e-08,1.7286717102425e-07,1.05152170568126e-07,1.59804008777091e-07,9.38467259332605e-08,8.55798581794473e-08,2.18902093525143e-07,1.39485071830594e-07,2.79976621756465e-07,8.05396482461066e-08,7.10702898670035e-08,3.65302793392324e-08,1.17199922616793e-07,5.84856886123003e-08,9.98045047603155e-08,5.97895556057579e-08,3.10003286522349e-08,1.92584262945609e-08,4.9682304606483e-08,3.09287903519329e-08,4.28898116177877e-08,2.67489843705293e-08,1.66112491022169e-08,1.72227696612803e-08,2.66856084640726e-08,2.05651382467844e-08,2.65811900926902e-08,1.46195682238538e-08,1.51537004848247e-08,1.2695924720171e-08,1.80988346255764e-08,1.39827685386145e-08,1.75813768133235e-08,1.26614303273193e-08,1.00595800623181e-08,6.23003065960188e-09,1.13905858648489e-08,9.65460104206915e-09,1.01942279858631e-08,9.11010306320754e-09,5.74844772648699e-09,7.1650656568458e-09,8.85367716113776e-09,8.57019029394527e-09,1.25240669217665e-08
2.2890089214134e-08,5.91725447714974e-08,1.27419170291205e-07,4.60718927143707e-08,1.03831602703797e-07,8.49781505177731e-08,6.80542710745271e-08,1.39543551170641e-07,5.48730907367007e-08,1.19971076957062e-07,1.12515326138881e-07,9.70494297774633e-08,1.49400680919176e-07,5.77122261565626e-08,2.89971492030562e-08,1.19284039972689e-07,5.46531887654439e-08,1.09776700226795e-07,4.9097861711208e-08,2.42792406198716e-08,2.36923418909358e-08,4.61321497299545e-08,2.43863037458213e-08,4.11839607725805e-08,2.09391160587088e-08,2.04296924616428e-08,1.21304314906766e-08,2.10316098813022e-08,2.25356067405428e-08,2.17839519273668e-08,1.79570221242474e-08,1.06622167120342e-08,9.64929633023013e-09,1.98077377449424e-08,1.15329053952174e-08,1.97311018962765e-08,9.5078193214475e-09,8.14774903081254e-09,6.91349517187320e-09,9.78942332749638e-09,9.45220624993479e-09,1.05592877707518e-08,7.03445083526393e-09,6.11772616901038e-09,5.97978995717519e-09,8.1956062141991e-09,7.47915063120937e-09,9.2330137665915e-09,1.71109199580335e-08,4.82287069578385e-08,9.82913553933952e-08,3.895002434054e-08,8.13173258427241e-08,6.6405220402027e-08,5.30657692474105e-08,1.08516425882272e-07,4.10257725436981e-08,9.27919458424881e-08,8.8183667652647e-08,7.25625706345348e-08,1.20591694137971e-07,4.40034447837075e-08,2.20749601891794e-08,9.64545049814793e-08,4.19049668509793e-08,9.04144256291907e-08,3.74369251016307e-08,1.8912156049463e-08,1.74405438518924e-08,3.60496290081537e-08,1.90346703224749e-08,3.14746129747249e-08,1.63094346215286e-08,1.50378588469667e-08,9.37487737198445e-09,1.64147281964266e-08,1.69202021380099e-08,1.65850859218234e-08,1.32169894844953e-08,8.24094988024378e-09,7.03780629542684e-09,1.48718542394557e-08,7.5470657849439e-09,1.5168443559268e-08,6.97813569657845e-09,6.25946052436675e-09,4.24478270289592e-09,6.40517624561173e-09,7.80012592960421e-09,6.54704403687171e-09,5.62148895273897e-09,3.75352664564585e-09,4.24872094333865e-09,6.88642908227176e-09,5.03361960432869e-09,7.41838497312003e-09
2.33169252768242e-08,2.72543487195289e-08,5.04787352671394e-08,2.33853674645549e-08,4.91438273387244e-08,4.0805955655348e-08,3.04193794450978e-08,5.48618067183954e-08,1.40645434398578e-07,5.51716183563839e-08,1.09853384792246e-07,1.03555796867152e-07,5.77122261565626e-08,1.48314867966661e-07,6.61472822754008e-08,1.16348210672829e-07,1.20409613616994e-07,9.46731283960229e-08,1.25724435832857e-07,5.42309768389407e-08,2.28762258643334e-08,1.00890170702996e-07,4.64205772407763e-08,8.67432680045701e-08,4.67676868955993e-08,1.97288651698743e-08,1.73931671236786e-08,4.00342938707338e-08,1.97269207040983e-08,3.84797576859878e-08,1.73477800272804e-08,1.52898227491485e-08,9.81942573548271e-09,1.73469641178389e-08,1.57300350986278e-08,1.91564724263701e-08,1.34864246134092e-08,8.15963295618162e-09,7.10724575301695e-09,1.3741264481679e-08,9.06970044578336e-09,1.42733979864827e-08,7.24445107670889e-09,6.26086187918745e-09,6.91922527543299e-09,8.1278232897099e-09,8.06350403195616e-09,1.01710259023439e-08,1.67689298792725e-08,1.91271942988768e-08,3.94156286841492e-08,1.73416872154299e-08,3.75851814450832e-08,3.13083583390073e-08,2.03691233478501e-08,4.45050859042777e-08,1.04759257091246e-07,4.46907683497916e-08,8.11250437207984e-08,7.69991315618189e-08,4.8449393214376e-08,1.12881486916516e-07,4.81475937757658e-08,8.84756518307825e-08,9.09548845274082e-08,7.32776334571205e-08,9.51261032010077e-08,4.06375018547131e-08,1.69905426235388e-08,7.77235228674163e-08,3.54766591845861e-08,6.693739583898e-08,3.50435667983015e-08,1.46511332755537e-08,1.32968148223466e-08,3.05935322836417e-08,1.50784730308924e-08,2.90763606245816e-08,1.28813366712219e-08,1.16903199111292e-08,7.68007536425966e-09,1.32587431987459e-08,1.06005936433312e-08,1.34456711876353e-08,9.98515150806087e-09,6.46402947293963e-09,4.66110307803301e-09,8.96410692091374e-09,7.12685112068501e-09,9.27096317199924e-09,5.41757018975962e-09,4.13134780650398e-09,4.95764694771668e-09,6.29818725012376e-09,5.8563300551311e-09,7.89401790172859e-09
1.58522714357773e-08,2.98114487946774e-08,2.53013809062367e-08,2.87899930840622e-08,2.74993704644682e-08,2.39539018079521e-08,3.10112376678663e-08,2.79528052116355e-08,6.24484373677259e-08,3.08898373879959e-08,5.53508149605393e-08,5.39985773281645e-08,2.89971492030562e-08,6.61472822754008e-08,1.67170195332417e-07,5.86078793438241e-08,1.26001265102268e-07,1.11100851028784e-07,5.42389082698017e-08,1.37730596162166e-07,5.21916196287379e-08,1.03088046011444e-07,1.05872642599988e-07,7.612740385178e-08,1.18765715735355e-07,4.50074725495025e-08,2.15014044983601e-08,9.12999547302659e-08,4.0931563344386e-08,8.36344955850956e-08,3.9567322325951e-08,1.8905209805654e-08,1.95448046047186e-08,3.59878025517461e-08,2.05864777491047e-08,3.77525080162863e-08,1.64140399935522e-08,1.63162431775927e-08,9.61632553499e-09,1.72761569134921e-08,1.69612926976991e-08,1.75248121790456e-08,1.48950250307443e-08,8.53134272865158e-09,8.09109714139327e-09,1.52488146591706e-08,1.02442190512476e-08,1.76876409437745e-08,1.06324682566981e-08,2.12678349416053e-08,1.96110146498532e-08,1.89421494777225e-08,2.22679724494658e-08,1.70106098152226e-08,2.10007860705466e-08,2.29805115719589e-08,5.0022630553361e-08,2.64028786278918e-08,4.2661284673902e-08,4.5072445930182e-08,2.5055016747411e-08,5.38424303421993e-08,1.18495629280301e-07,4.68016017035117e-08,9.11505789430216e-08,8.04037665931019e-08,4.47207194021285e-08,9.9031584939179e-08,3.95609056477856e-08,7.62784284642996e-08,7.84060251741282e-08,5.8048667620667e-08,8.53936618619792e-08,3.41121137232108e-08,1.62829932620005e-08,6.76102798025393e-08,3.00625693667773e-08,6.06705203103186e-08,2.99858994916507e-08,1.43195274275076e-08,1.47719154363589e-08,2.64313507237074e-08,1.61201647492218e-08,2.83591446148422e-08,1.23743571289117e-08,1.24830487173374e-08,6.85714257670521e-09,1.37390252684792e-08,1.28943348415783e-08,1.3735848213204e-08,1.12339275463609e-08,5.94181245250857e-09,5.80161901779745e-09,1.12194718315444e-08,7.46087638049498e-09,1.29717456744046e-08
2.42010558657144e-08,5.46271725856734e-08,1.03182770013812e-07,4.20683116434258e-08,8.50020785749966e-08,6.70890150624545e-08,6.34442689806873e-08,1.12505716572608e-07,1.09858646805265e-07,9.83003301401543e-08,1.82701992016988e-07,1.57680476020139e-07,1.19284039972689e-07,1.16348210672829e-07,5.86078793438241e-08,1.94002725213602e-07,9.51416192847051e-08,1.61612154418731e-07,9.80182733656407e-08,4.75646766608865e-08,2.30722055713613e-08,7.88343836364531e-08,4.28280282238302e-08,6.71653096760152e-08,4.10199272018632e-08,1.98976299420421e-08,2.02374266572035e-08,3.69365593623716e-08,2.09488873651762e-08,3.55228528346233e-08,1.74955903349039e-08,1.77884800202698e-08,1.13274330222913e-08,1.84200754524853e-08,1.79061432033553e-08,1.94075246981808e-08,1.60352317329266e-08,9.9219529689987e-09,8.14826868583971e-09,1.59131406699455e-08,1.129327263397e-08,1.66704580574837e-08,8.61916156216368e-09,6.91472354649911e-09,7.80217907960461e-09,9.7172295599919e-09,9.13303756436391e-09,1.18518261215499e-08,1.91258744584003e-08,4.25534074926573e-08,7.96930251297036e-08,3.43086555225565e-08,6.73447992647237e-08,5.17973222676337e-08,4.73379174670238e-08,8.86310052400203e-08,8.1030303262748e-08,7.81765587210008e-08,1.37430208694846e-07,1.18039188793786e-07,9.75329848195446e-08,8.84018551770227e-08,4.17538650699024e-08,1.50198691769617e-07,7.19869139093517e-08,1.276960730825e-07,7.42394632425553e-08,3.54314297158218e-08,1.77529040504927e-08,6.12579418726627e-08,3.35094061080028e-08,5.16947908502702e-08,3.05548902376367e-08,1.53083148000364e-08,1.53731761405202e-08,2.88972255571141e-08,1.65991413765018e-08,2.70138516759744e-08,1.34584337564248e-08,1.3514327582086e-08,9.39033936933105e-09,1.45944254942011e-08,1.2492019178503e-08,1.46540803663994e-08,1.1744002759314e-08,8.50929849538597e-09,5.24860068275231e-09,1.09964111347367e-08,9.30436799004942e-09,1.05447223407121e-08,7.373899864645e-09,4.37097051496258e-09,5.24685325753919e-09,7.98011369552549e-09,6.17908783740017e-09,9.56669863100035e-09
2.44177131447237e-08,2.71948667778511e-08,4.70729264527425e-08,2.37699375993579e-08,4.522016125271e-08,3.76596097946531e-08,3.03347457297031e-08,5.19615053394568e-08,1.13371446243148e-07,5.15003276205947e-08,8.97536045109351e-08,8.50609235147502e-08,5.46531887654439e-08,1.20409613616994e-07,1.26001265102268e-07,9.51416192847051e-08,1.98268684518155e-07,1.60485643739017e-07,1.00894633691744e-07,1.03080458714245e-07,4.58212660539967e-08,1.64720241903549e-07,7.61716903962355e-08,1.25616316643955e-07,8.889468613017e-08,3.95165523839572e-08,2.03973251198155e-08,6.56959414611441e-08,3.56690317187521e-08,5.93247854436052e-08,3.47460606146581e-08,1.79369446014034e-08,2.03970754279706e-08,3.13673876922447e-08,1.96488584226219e-08,3.33556493775248e-08,1.57319946060395e-08,1.67533482061282e-08,9.54701101853745e-09,1.65758271513816e-08,1.78822965163743e-08,1.73060136992878e-08,1.52922649505685e-08,8.64267360607838e-09,8.70748282794684e-09,1.62972791744087e-08,1.0359469589643e-08,1.87671056182996e-08,1.58428732020345e-08,1.90306253743932e-08,3.81283997814356e-08,1.63872384015129e-08,3.76402781469433e-08,2.96934776084411e-08,1.99024461943303e-08,4.33647071458234e-08,8.59629634766066e-08,4.30528720988691e-08,6.83922146663405e-08,6.62998999717894e-08,4.77648859057006e-08,9.30556410150595e-08,9.21096843737455e-08,7.51330392570459e-08,1.48042208172862e-07,1.21974877127147e-07,7.81979265644573e-08,7.63445125677681e-08,3.33386067620389e-08,1.24695314455731e-07,5.75696279042403e-08,9.66715854419765e-08,6.58356516359956e-08,2.87481275217803e-08,1.43904500075753e-08,4.96477019869642e-08,2.5761728599642e-08,4.33434545614978e-08,2.52750655192525e-08,1.2658422901834e-08,1.50083470318254e-08,2.26549930853962e-08,1.36238389994554e-08,2.43748644166214e-08,1.09322032220709e-08,1.25604731312391e-08,6.15266893230309e-09,1.16244018459696e-08,1.28516298298093e-08,1.1848214892564e-08,1.1126696198261e-08,5.61267823955119e-09,5.66925339027917e-09,1.14336834817078e-08,6.76858820813573e-09,1.31231271093816e-08
2.42128322863983e-08,5.21947353226124e-08,9.45618643712788e-08,3.95804886080708e-08,7.77157248645428e-08,6.07392618272254e-08,6.10731437629584e-08,1.03106382650979e-07,8.89853535595545e-08,9.07792937870552e-08,1.5131700405691e-07,1.32284326956032e-07,1.09776700226795e-07,9.46731283960229e-08,1.11100851028784e-07,1.61612154418731e-07,1.60485643739017e-07,2.44774865150546e-07,7.83603539730494e-08,8.99607746578655e-08,4.07182686179351e-08,1.32199200140273e-07,6.69042076690377e-08,9.85416471448514e-08,7.75836802042029e-08,3.51170678572965e-08,2.07585585202844e-08,5.77061172445747e-08,3.3038293973224e-08,5.27105018897653e-08,3.08808864645785e-08,1.82544132243436e-08,2.2038855429687e-08,2.90562224581019e-08,1.95935154667845e-08,3.07887351979498e-08,1.65893686366397e-08,1.89459520875353e-08,1.0589878599505e-08,1.71428891788203e-08,2.02078371244673e-08,1.84984158868233e-08,1.69819780830136e-08,8.76179812868103e-09,8.99693015938788e-09,1.74945859667755e-08,1.01665657395428e-08,1.96599198383572e-08,1.84109789211936e-08,3.93705623491582e-08,7.41560582724607e-08,3.12732176998191e-08,6.35579530219824e-08,4.84396684568831e-08,4.42883994848373e-08,8.20734845058288e-08,6.78216429724472e-08,7.33871452093566e-08,1.15497979730728e-07,1.02475637551453e-07,9.14829634763692e-08,7.36671664321646e-08,7.76454134752177e-08,1.27538767954643e-07,1.19235395146976e-07,1.8790866316769e-07,6.13867157053208e-08,6.47202794964943e-08,3.00942702356673e-08,1.00428011797845e-07,4.92641260341089e-08,7.45002441602225e-08,5.58138997225631e-08,2.59510510276582e-08,1.46287685864673e-08,4.24871895092742e-08,2.4101948811828e-08,3.73634240867804e-08,2.28176892454023e-08,1.28678945427872e-08,1.61224240978743e-08,2.11968532944584e-08,1.3284569687416e-08,2.24803106630855e-08,1.14931718335824e-08,1.43834503604189e-08,6.4192010751387e-09,1.18903011828279e-08,1.45290595832429e-08,1.21005681860534e-08,1.26881595311514e-08,5.27141532316053e-09,5.70498772297255e-09,1.23727283414289e-08,6.9118508997403e-09,1.46506237662822e-08
1.99548088132658e-08,2.36052139433882e-08,4.38752252119609e-08,2.00207554528811e-08,4.27443111924838e-08,3.57690236877793e-08,2.61984005646726e-08,4.72881356587945e-08,1.20433353799531e-07,4.73882773724829e-08,9.37847533374931e-08,8.82640288665711e-08,4.9097861711208e-08,1.25724435832857e-07,5.42389082698017e-08,9.80182733656407e-08,1.00894633691744e-07,7.83603539730494e-08,1.36025620093947e-07,5.84664565127507e-08,2.55725203067893e-08,1.10578336581455e-07,4.98198027244029e-08,9.49572399929795e-08,5.04068928721962e-08,2.20473647363128e-08,1.88029876974357e-08,4.29521747789737e-08,2.17004155414485e-08,4.11242670008588e-08,1.93705412858579e-08,1.65200718474425e-08,1.12550220816931e-08,1.90657160251707e-08,1.69825396571865e-08,2.06650731236419e-08,1.44134809756165e-08,9.28611600051773e-09,8.00765280869906e-09,1.47329286918653e-08,1.08362772221247e-08,1.6059896648237e-08,8.26806216245908e-09,7.12494148486698e-09,7.26384381921157e-09,9.65210036662455e-09,8.59965554081232e-09,1.13345030690172e-08,1.43928569520245e-08,1.65277180572447e-08,3.44669562068884e-08,1.46845648251889e-08,3.13176822656568e-08,2.71722180733293e-08,1.68755553459087e-08,3.83520557806481e-08,8.87704208486511e-08,3.70844762241046e-08,6.88862370381026e-08,6.3590608102088e-08,4.15632043673299e-08,9.51255250851729e-08,4.06437712977511e-08,7.48376804467755e-08,7.77252376098734e-08,6.26384976849657e-08,1.02859259029742e-07,4.5061279873515e-08,1.92349809123484e-08,8.63077540368815e-08,3.86464955126994e-08,7.492971446586e-08,3.88496112599706e-08,1.65834510944926e-08,1.35698042802112e-08,3.33191008209914e-08,1.61606292455551e-08,3.14437046965033e-08,1.45700145087545e-08,1.19222617847797e-08,9.02152696254469e-09,1.41985284749645e-08,1.15648819468717e-08,1.46883226491019e-08,1.01218715691418e-08,7.64696158180738e-09,5.53647179899662e-09,9.84217739836206e-09,8.51205740750698e-09,1.01679933033368e-08,6.62221232201972e-09,4.96549416028643e-09,5.33856303096472e-09,7.75073366381502e-09,6.65278548303252e-09,9.47036562354344e-09
