8.3185047828577e-08,3.85571097092008e-08,1.88058299727208e-08,6.54818710253655e-08,3.71620481634695e-08,6.05441223636665e-08,3.59384459908273e-08,1.6604263255018e-08,1.69552341650844e-08,3.44656453701605e-08,1.64201918049399e-08,3.30624796148924e-08,1.54190699830078e-08,1.53556887569197e-08,9.12950338872184e-09,1.43968078796063e-08,1.71866475889531e-08,1.54692857942623e-08,1.40140960890309e-08,8.23923587930746e-09,4.77209370688616e-09,1.56557995945416e-08,8.12010839055644e-09,1.46844670995456e-08,7.53357315302489e-09,4.28123000678664e-09,2.0181681452461e-09,7.45878653950692e-09,4.18178495497898e-09,6.33179583252946e-09,3.31418553852081e-09,1.61831687266903e-09,1.3468358327598e-09,3.29761821432349e-09,1.92906549252202e-09,3.23486163063564e-09,1.07662809064643e-09,1.04727018108705e-09,1.02839547844241e-09,1.53224680084254e-09,1.83114695643626e-09,2.08546147996668e-09,8.09084699936588e-10,1.02219636170826e-09,1.3987034138147e-09,1.58483109931135e-09,1.77615698768156e-09,2.76274473063026e-09,5.41878730504978e-08,2.66523812709017e-08,1.09419327807008e-08,4.76335871933457e-08,2.35478119203606e-08,4.13844733887193e-08,2.43338491337384e-08,9.55043350278746e-09,1.17637352486379e-08,2.1054379563183e-08,7.71353320589328e-09,1.80266598736684e-08,1.02739450353708e-08,1.12566476392832e-08,7.01168405120151e-09,7.38086596791244e-09,1.19187582759918e-08,9.39639091361097e-09,1.05130054208299e-08,5.8537210956092e-09,4.22673459399357e-09,1.07798564988587e-08,6.74600971994088e-09,1.0539548527628e-08,5.25871337481416e-09,3.90709099248634e-09,3.23784457525728e-09,6.36582658412849e-09,4.66418481251534e-09,7.17275141947131e-09,2.98974983119168e-09,2.95548438878702e-09,1.32858899478908e-09,3.89635222366811e-09,3.15729607269925e-09,3.39443365844224e-09,2.99205288570419e-09,2.02987131362513e-09,7.8744545864832e-10,2.98996928125924e-09,2.88883580543964e-09,2.14443804806381e-09,1.22316100566505e-09,7.83531447398215e-10,1.9866847512633e-09,1.96251264783898e-09,1.59887026462338e-09,2.31336972325483e-09
3.85571097092008e-08,1.66752403813131e-07,3.50851238026525e-08,6.90751772179833e-08,1.45152697889947e-07,5.31772649350868e-08,1.57234597069128e-07,3.26350173897823e-08,1.79677313791246e-08,1.37714752389561e-07,2.78948360685507e-08,1.18813415388423e-07,2.88824986744395e-08,1.37990657257892e-08,2.17819620116441e-08,2.18974484561857e-08,1.44136865611816e-08,2.13152356308996e-08,1.31496501005747e-08,2.00168284797896e-08,1.07860127636188e-08,1.32970932536378e-08,1.91323274807067e-08,1.38935272930684e-08,1.87872811158311e-08,1.01294389482052e-08,4.10044895436698e-09,1.78668130065619e-08,1.13590227922588e-08,1.91511476806926e-08,8.85119861469348e-09,3.65351082597614e-09,3.78387765895688e-09,1.01341871184881e-08,4.93304615965587e-09,1.21484428723451e-08,3.54499642716845e-09,3.59355956276671e-09,5.07710908418954e-09,5.05986697261868e-09,5.82801677856858e-09,7.25428616182341e-09,3.33487468580298e-09,5.16021807543786e-09,8.04828527814928e-09,5.78384566073832e-09,7.90527530658746e-09,8.87574661082362e-09,2.22513972576946e-08,7.80720900727034e-08,2.00985477392471e-08,4.35812827334491e-08,5.80985869161838e-08,3.1656454371743e-08,7.06106934321262e-08,1.95956819725946e-08,1.23637147651142e-08,5.46713503033736e-08,1.60016724808388e-08,4.60620148255077e-08,1.84131632916703e-08,7.64131493887568e-09,1.62993809039729e-08,1.13202713425825e-08,1.084202082899e-08,1.4221401736861e-08,7.47179641486864e-09,1.46956959526835e-08,9.5578068087754e-09,1.00679203192182e-08,1.52262028663008e-08,9.6380963209098e-09,1.41625238397867e-08,8.98438112520506e-09,6.03738832045179e-09,1.40010132746038e-08,8.81633882496463e-09,1.59031914760556e-08,7.85433490856173e-09,5.72575971499132e-09,4.14175283371971e-09,7.90208734534006e-09,4.22186879563235e-09,9.58189476480305e-09,5.61876227439709e-09,2.65365082493954e-09,3.13520192116398e-09,3.23223425657837e-09,4.05867072186562e-09,4.21888531775687e-09,1.59592588840371e-09,2.95400903186567e-09,9.42670549947972e-09,2.45023994589762e-09,8.42396559331829e-09,8.34614221527674e-09
1.88058299727208e-08,3.50851238026525e-08,9.99446534787364e-08,3.20272215847852e-08,7.29835971188188e-08,6.95137635353783e-08,3.26298463873144e-08,8.95313011701029e-08,4.61674762188271e-08,6.70115152904594e-08,7.24620367894935e-08,5.0222702901944e-08,8.14612264972601e-08,4.12741031799786e-08,2.67814415909501e-08,6.54697588124051e-08,3.77766409989045e-08,5.84694116268012e-08,3.83964024474114e-08,2.53530663839972e-08,1.28515159199684e-08,3.51664539618328e-08,2.0297348851059e-08,3.0922213834226e-08,2.36314239638495e-08,1.18702775033322e-08,2.33104546370975e-09,1.86740749990929e-08,1.28180464829569e-08,1.70985565779869e-08,1.05699401060915e-08,1.7083664737591e-09,1.86326584164943e-09,1.16058632272328e-08,2.59029750771041e-09,1.1748820273077e-08,1.16456614463138e-09,1.2784494986818e-09,1.3069821946887e-09,2.22783106461478e-09,1.51156885222909e-09,2.33816876098922e-09,7.7330648768203e-10,4.44087214322112e-10,1.75989974005848e-09,9.12216590151556e-10,2.05247445330814e-09,3.25917144791193e-09,1.17085448132572e-08,2.46637021033834e-08,5.44291047735095e-08,1.91469825324826e-08,3.86843746606282e-08,3.52122835704049e-08,2.17098792245544e-08,4.84723339572669e-08,2.71608043020177e-08,3.286280895955e-08,3.84369425464144e-08,2.5328961427309e-08,4.65091445905253e-08,2.36629649903684e-08,1.40496526813631e-08,3.54963172276933e-08,2.21730669070116e-08,3.25258457591892e-08,2.20763638097917e-08,1.31781961545858e-08,5.45072304883377e-09,2.07811340865837e-08,9.72773641241424e-09,1.53198356563062e-08,1.24951437211431e-08,5.21994675205229e-09,2.29974644383988e-09,9.14222123032575e-09,4.85962793905879e-09,8.21895769578728e-09,4.76519661647825e-09,2.41557057022535e-09,3.43944400576049e-09,4.65702484582330e-09,3.02245344476373e-09,6.00808400013079e-09,2.04311572256357e-09,2.51171453794702e-09,1.54200611242477e-09,2.46790849816181e-09,1.71503121553305e-09,1.37945553257055e-09,1.71951969671972e-09,7.76019111395438e-10,3.26765102045553e-09,9.18493299261786e-10,2.95473441123227e-09,3.51509871735728e-09
6.54818710253655e-08,6.90751772179833e-08,3.20272215847852e-08,1.03980205952045e-07,5.25838458164577e-08,8.10102867075769e-08,6.5105028562259e-08,2.8962602744159e-08,1.74412344037428e-08,4.96315336432726e-08,2.5390129722556e-08,4.379000568017e-08,2.55094719388755e-08,1.52123619533822e-08,2.16043987023464e-08,2.1847973110115e-08,1.65621755541998e-08,2.23779595338031e-08,1.39919279962487e-08,1.99397904009341e-08,7.11427976606841e-09,1.52424382895386e-08,1.70576785927506e-08,1.43947214808253e-08,1.85545246753902e-08,6.37166428179271e-09,3.68389199656250e-09,1.57381252981999e-08,7.77329008045809e-09,1.62832591775996e-08,5.45507205743406e-09,3.20810626843723e-09,1.29510576536536e-09,6.92258534914613e-09,2.21299959617102e-09,5.93822538934115e-09,2.52279098980741e-09,7.85484759691674e-10,1.4049830796998e-09,1.79238287089345e-09,1.12898229589276e-09,2.58244534152083e-09,5.12383633617582e-10,1.3640047925941e-09,2.21037060587407e-09,1.05681908869531e-09,1.90737329335159e-09,2.31708967369209e-09,4.16145650158898e-08,4.23409756568131e-08,1.68331126110582e-08,6.83941994349975e-08,3.08497539352172e-08,5.1286927085926e-08,3.83834141137939e-08,1.5457757518711e-08,8.67995136442624e-09,2.79222814107878e-08,1.16977243059306e-08,2.34428601050816e-08,1.55956863510309e-08,7.45745803642379e-09,1.24092961670618e-08,1.08224609599517e-08,9.10611992572886e-09,1.26499368239629e-08,7.21505553253975e-09,1.11166409822856e-08,5.03022962662742e-09,8.39008049479334e-09,1.07713264869229e-08,8.12616344982407e-09,1.07397152234395e-08,4.86776516497561e-09,6.2357366465766e-09,1.04073405254533e-08,6.317524799538e-09,1.32555635006466e-08,4.06983342947632e-09,5.97992797933952e-09,2.24098862761367e-09,5.65216579877099e-09,3.71672449809546e-09,4.08052210173637e-09,5.46224979987676e-09,1.87066160677443e-09,2.12868722136201e-09,2.4662285839668e-09,2.4670357696424e-09,2.22468252666855e-09,7.52302807855151e-10,1.88928787450186e-09,2.67383325380974e-09,1.03206918512303e-09,1.72990153587736e-09,8.83489941455061e-10
3.71620481634695e-08,1.45152697889947e-07,7.29835971188188e-08,5.25838458164577e-08,2.02503509143225e-07,9.10104876846592e-08,1.37706219060685e-07,6.70138251071824e-08,3.91391230345559e-08,1.86431136479938e-07,5.31174062569839e-08,1.51666944233078e-07,6.03785915907348e-08,3.36079552439894e-08,2.67334117238425e-08,4.46007404862416e-08,3.08300807864458e-08,3.94412238408605e-08,3.17330443920674e-08,2.52830175605176e-08,2.0209762482679e-08,2.87566649452412e-08,2.23617969927906e-08,2.61351554494924e-08,2.36750570880803e-08,1.90549333982442e-08,3.00387207994486e-09,2.0768182594178e-08,2.02540090148305e-08,1.97017811893759e-08,1.68497979683738e-08,2.35976673059606e-09,2.94940684881368e-09,1.81918636312654e-08,4.83942445929071e-09,1.99439718232384e-08,1.95213187511938e-09,2.70652605317612e-09,5.16712997332684e-09,4.43707782713227e-09,6.18296248245706e-09,7.51308818948927e-09,2.46434483151165e-09,4.96552971186679e-09,7.64751070155808e-09,6.0730044957264e-09,7.95735523023756e-09,9.37422945767126e-09,2.18674976635157e-08,6.48616860870765e-08,3.82268028936819e-08,3.27118581035375e-08,8.32934536222551e-08,5.00764871768179e-08,6.11606894837369e-08,3.53940763709073e-08,2.32194888243678e-08,7.37122958722202e-08,2.8629643607161e-08,6.05984176462807e-08,3.39776957978344e-08,1.80802158193228e-08,1.55835820689108e-08,2.38534395590074e-08,1.91883784000338e-08,2.41798415221867e-08,1.72628377682767e-08,1.45918391316002e-08,1.11406388440417e-08,1.78301312564727e-08,1.38312944331073e-08,1.39654069208036e-08,1.38625454999677e-08,1.04242747633175e-08,3.67551622771363e-09,1.26512323432568e-08,9.22986686683093e-09,1.27172752328227e-08,9.30518466511148e-09,3.69959184515057e-09,5.64224293660104e-09,8.69856226457781e-09,3.67968491183734e-09,1.26446212644813e-08,3.47463250203102e-09,4.48017471780833e-09,2.16973768692642e-09,2.80457908828129e-09,4.29723985432332e-09,3.0771745635455e-09,3.49476190169496e-09,1.87814149380113e-09,9.15449798138831e-09,2.50955435250482e-09,8.25848575991859e-09,9.27602023121852e-09
6.05441223636665e-08,5.31772649350868e-08,6.95137635353783e-08,8.10102867075769e-08,9.10104876846592e-08,1.28233310872881e-07,4.98119618292016e-08,6.24316501374954e-08,3.89346198405152e-08,8.337599989087e-08,5.08332670356477e-08,6.65901272955674e-08,5.56361552743372e-08,3.48204204925906e-08,2.58585465381228e-08,4.46818057438619e-08,3.1503070025459e-08,3.94416901556485e-08,3.23670323136503e-08,2.445071075715e-08,1.38084918167719e-08,2.91234479213117e-08,2.00458373176288e-08,2.53623935197084e-08,2.274877434658e-08,1.27550553391892e-08,2.27327527871998e-09,1.84251507725107e-08,1.39226405805985e-08,1.71453494022901e-08,1.12718194533507e-08,1.64450877502625e-09,7.70323992456314e-10,1.24949066516925e-08,2.56412597800836e-09,1.27723246335301e-08,1.34230584962602e-09,8.15328835036494e-10,1.26011120770948e-09,2.33918661345462e-09,1.53965340414696e-09,3.39327109422723e-09,4.89653736579243e-10,9.71969307278643e-10,1.64096239731225e-09,1.4408818850304e-09,1.54955459520372e-09,2.77301364454594e-09,3.80649035441776e-08,3.37712120575535e-08,3.71873454333517e-08,5.32901787540985e-08,5.00632794616867e-08,7.49962186068824e-08,3.13211485902036e-08,3.26910791361661e-08,2.03259603065298e-08,4.23268602644153e-08,2.71046938550964e-08,3.46055820486488e-08,3.0272457851445e-08,1.73709277308322e-08,1.19775570204337e-08,2.44903073651222e-08,1.57557408812458e-08,2.16554532285288e-08,1.6000578127027e-08,1.08389704069603e-08,5.7374262089158e-09,1.41509645705277e-08,1.00281055527871e-08,1.17607965998547e-08,1.02151227322437e-08,5.54455680243035e-09,3.21586241443742e-09,9.48543460708693e-09,6.23983769200116e-09,1.06869478742969e-08,4.82159651090025e-09,3.18530250670586e-09,2.2263184816906e-09,5.63190857013863e-09,2.7101922211622e-09,6.32004587383496e-09,3.15992422092988e-09,2.49287584433559e-09,1.38482666330802e-09,2.13674670171483e-09,1.80108087624034e-09,8.52491247700457e-10,1.02854762774325e-09,8.24129606537274e-10,2.25041134166002e-09,2.49592943858687e-10,1.30745126120874e-09,5.559366441906e-10
3.59384459908273e-08,1.57234597069128e-07,3.26298463873144e-08,6.5105028562259e-08,1.37706219060685e-07,4.98119618292016e-08,1.9278507341274e-07,3.7915750298831e-08,2.14370874435575e-08,1.71045366719327e-07,3.34358823577389e-08,1.53306967759842e-07,3.40546222193635e-08,1.69396439989223e-08,2.54580433516569e-08,2.72579535916284e-08,1.81872180631769e-08,2.6406335245434e-08,1.60637845326391e-08,2.25942262253899e-08,1.20994965860605e-08,1.63637611075984e-08,2.1836565035118e-08,1.78250251612156e-08,2.12216642251401e-08,1.12969457597657e-08,4.52480347934056e-09,2.03522425103017e-08,1.22826058935002e-08,2.20070106094313e-08,9.96945995769258e-09,3.96301606455214e-09,3.68473828765628e-09,1.10170082802769e-08,4.84512742437468e-09,1.26846196331823e-08,3.79761093496405e-09,3.46886945998062e-09,6.02774167104346e-09,4.94056108546781e-09,5.97313729643382e-09,7.77286116971907e-09,2.5747604317141e-09,5.96275793434164e-09,8.88699325030991e-09,5.39281937540351e-09,9.37227654637031e-09,8.76462074907933e-09,2.09374185722473e-08,7.06235445628886e-08,1.95926049676307e-08,3.97369545267467e-08,5.46686484126437e-08,2.9805059679412e-08,8.73972721913722e-08,2.65010964259261e-08,1.52488420426692e-08,6.72710186448271e-08,2.09845475937409e-08,6.1761816354353e-08,2.54680104761715e-08,1.01333693207691e-08,2.14027076866666e-08,1.64632440150757e-08,1.41239839291512e-08,2.05537166408037e-08,9.19227414153392e-09,1.83493191734366e-08,1.03209480796212e-08,1.20667846323976e-08,1.87077307774039e-08,1.07810036938291e-08,1.7750116839548e-08,9.66998101081879e-09,6.37412949303151e-09,1.72930616348184e-08,9.47900856645283e-09,1.91731322301679e-08,8.47020244258071e-09,5.99803590965794e-09,3.47136631229809e-09,8.48480703703096e-09,4.43572645871041e-09,9.90393192747136e-09,5.68705386953102e-09,2.03594651945839e-09,4.09315915932795e-09,3.35127156506404e-09,3.44273845994281e-09,4.93606133075731e-09,1.34627397305177e-09,4.0851627983688e-09,9.65393676985935e-09,2.8061637346914e-09,8.85845387336076e-09,8.02167845822287e-09
1.6604263255018e-08,3.26350173897823e-08,8.95313011701029e-08,2.8962602744159e-08,6.70138251071824e-08,6.24316501374954e-08,3.7915750298831e-08,1.05087495317279e-07,5.32782109936593e-08,8.02188032850214e-08,8.4839083646117e-08,6.15548882973659e-08,9.64097179510919e-08,4.78173937134636e-08,3.29531572603541e-08,7.72498201428827e-08,4.33840991293774e-08,6.99800778596532e-08,4.46989557029378e-08,3.13235489184651e-08,1.45584790815547e-08,4.0645652579468e-08,2.43503228881483e-08,3.57239791115609e-08,2.93393514159138e-08,1.34706688250314e-08,2.95101281142056e-09,2.25229137208726e-08,1.48872090679602e-08,1.97868138913163e-08,1.20546025857268e-08,2.22022518666256e-09,3.87301522214913e-09,1.35450634206443e-08,3.74666967403665e-09,1.4696739744111e-08,1.75995277336994e-09,3.33982535423943e-09,2.41299684830757e-09,3.36986289239856e-09,3.84403886163752e-09,3.59106392632525e-09,2.31355374614181e-09,1.47217022004715e-09,2.02341642875386e-09,2.54829229133152e-09,3.10930260304781e-09,4.9564003330694e-09,1.06272728853106e-08,2.1716709903785e-08,4.84737308104914e-08,1.71368071812709e-08,3.28643533776824e-08,2.95984377220106e-08,2.45781108992898e-08,6.59238247850104e-08,3.12408829935713e-08,4.73554818395009e-08,4.91277665440361e-08,3.41105560396034e-08,6.36080104590445e-08,2.73182032683356e-08,1.86438488715813e-08,4.57727696955018e-08,2.55221974507715e-08,4.26610101466394e-08,2.56407354454192e-08,1.7650827086207e-08,9.76876802130489e-09,2.40315996192823e-08,1.3761959564044e-08,1.77588578916828e-08,1.67874709641359e-08,9.39062584380346e-09,3.59926450352217e-09,1.29505748043865e-08,9.38735303551694e-09,1.10908211534544e-08,8.77912463016568e-09,3.64184881748647e-09,5.10729170759989e-09,9.01748552082229e-09,4.7444357594156e-09,1.1057135074279e-08,3.24570552197050e-09,4.15068139180137e-09,2.76000099202115e-09,4.09229685684566e-09,3.85427959883579e-09,3.47667796369959e-09,3.53597986554834e-09,2.33817382869766e-09,4.24546156527871e-09,3.61192587043492e-09,4.96946343526653e-09,6.26878025972796e-09
1.69552341650844e-08,1.79677313791246e-08,4.61674762188271e-08,1.74412344037428e-08,3.91391230345559e-08,3.89346198405152e-08,2.14370874435575e-08,5.32782109936593e-08,1.5221570333e-07,4.70554255272502e-08,1.2130974737489e-07,1.01164679440271e-07,4.78091808410409e-08,1.38188442287767e-07,7.82905735446628e-08,1.09459931575264e-07,1.1843391705699e-07,9.23703404184903e-08,1.28182713985145e-07,7.20213153793453e-08,3.02154963934715e-08,1.09663305116971e-07,5.68792080706753e-08,9.20618919930256e-08,6.78774995337436e-08,2.82299745117916e-08,7.03722831050152e-09,5.34524701013025e-08,2.59334831235978e-08,4.75987510048055e-08,2.56202854727494e-08,5.93343874253503e-09,1.16376421767677e-09,2.35516419184167e-08,8.31789339649642e-09,2.00881536977951e-08,5.71253565389935e-09,1.29269023299356e-09,6.31534706001241e-11,8.02870141753142e-09,3.19138332726007e-10,7.83994204952211e-09,7.97178993744984e-10,-1.11536183965461e-10,6.94440574729694e-10,-1.38519664587905e-10,1.45471657439281e-09,3.09682422564632e-09,1.43150878355289e-08,1.11328582124067e-08,2.33938133909414e-08,1.18995508287503e-08,1.85462486665137e-08,2.06478758579097e-08,1.2911024506801e-08,3.29845649672908e-08,7.65843168693231e-08,2.85402285552227e-08,5.83209179901459e-08,5.42750160252417e-08,3.10889683642419e-08,7.18638172620356e-08,3.00597792711484e-08,5.60263501588709e-08,5.39123397007092e-08,4.15473406931839e-08,6.37737218771346e-08,2.6753636695387e-08,1.57557882029638e-08,4.99917832895491e-08,2.38976204948614e-08,4.41255721792132e-08,2.3448142462378e-08,1.46324031335763e-08,6.65852834621892e-09,2.10368119438384e-08,1.53153905558323e-08,1.99393408325371e-08,1.31320469463951e-08,5.98838510371991e-09,1.17634323410901e-09,1.41790705516851e-08,5.7835499433379e-09,1.02187728963954e-08,6.06666956276366e-09,1.09548437273326e-09,-1.9067530338197e-09,5.58310893755131e-09,1.98866176429374e-10,3.66552784938791e-09,8.17516326072198e-10,-2.20794866666067e-09,-2.8545806952045e-10,-4.11506150480747e-10,-1.74951259864181e-09,9.82384094412997e-10
3.44656453701605e-08,1.37714752389561e-07,6.70115152904594e-08,4.96315336432726e-08,1.86431136479938e-07,8.337599989087e-08,1.71045366719327e-07,8.02188032850214e-08,4.70554255272502e-08,2.33883641531001e-07,6.50115764856153e-08,1.98669342370692e-07,7.32908459293015e-08,4.12338691183186e-08,3.32505400108145e-08,5.61755382663392e-08,3.82397886794104e-08,5.07359340797138e-08,3.91448366363557e-08,3.10549863693147e-08,2.28609797037173e-08,3.5689924813896e-08,2.72805161904223e-08,3.2731267686279e-08,2.91841544441842e-08,2.14354482512112e-08,3.97090986551144e-09,2.54037516792449e-08,2.26436483024303e-08,2.27521005035279e-08,1.9124739485871e-08,3.18486868283757e-09,4.42453214419866e-09,2.04723746935569e-08,5.91848529895579e-09,2.24049118357149e-08,2.73127326341079e-09,4.21673596424988e-09,7.00693335699499e-09,5.51438391729628e-09,8.4837256385063e-09,9.46796570252743e-09,3.25160663405637e-09,6.57052236998665e-09,8.47880514807622e-09,7.28183509345738e-09,1.0040083919807e-08,1.06195101002132e-08,2.02078683067246e-08,6.11777020822821e-08,3.53950070396635e-08,3.04550394745751e-08,7.3713637615044e-08,4.26036978834342e-08,7.47232201983868e-08,5.34404620414292e-08,2.75030156811282e-08,1.01271864375008e-07,4.12806275099658e-08,8.59236455674348e-08,5.21028169562916e-08,2.22698838741615e-08,2.34518378714482e-08,3.66663128078906e-08,2.44889632688659e-08,3.77680801744323e-08,2.14630457301714e-08,2.11783694131811e-08,1.59604732985667e-08,2.2431044047723e-08,1.90606114548541e-08,1.66664162428322e-08,2.02415364214547e-08,1.49786800408544e-08,5.25947644106051e-09,1.76941385699361e-08,1.42337461614464e-08,1.64591048785721e-08,1.37320514142338e-08,5.18934985426483e-09,7.58502564962964e-09,1.3530047053394e-08,5.54567766575402e-09,1.82715204457541e-08,4.69194378829595e-09,6.40795112837551e-09,3.95062860309503e-09,4.46052739100552e-09,6.1857713731004e-09,5.75329296559161e-09,5.58580400013988e-09,3.84462151966184e-09,8.90052384980688e-09,5.24562571248714e-09,9.35003426461291e-09,1.0992601378666e-08
1.64201918049399e-08,2.78948360685507e-08,7.24620367894935e-08,2.5390129722556e-08,5.31174062569839e-08,5.08332670356477e-08,3.34358823577389e-08,8.4839083646117e-08,1.2130974737489e-07,6.50115764856153e-08,1.67620317215743e-07,1.29797281392838e-07,7.72432390505074e-08,1.0946515328898e-07,7.28507412358246e-08,1.51839420525483e-07,9.15367796595552e-08,1.2965231995822e-07,1.01543632418227e-07,6.73952183680571e-08,2.80091288234117e-08,8.48642230877279e-08,5.30306964362288e-08,6.97162974933775e-08,6.35071663939659e-08,2.59744270933083e-08,8.96088026376342e-09,4.9585133055433e-08,2.40308553873781e-08,4.35589096280869e-08,2.32944715503644e-08,7.69912293896609e-09,2.95922757434516e-09,2.15116111722927e-08,1.00247773676948e-08,1.94587733888945e-08,6.92666792159664e-09,2.66342277794272e-09,6.13794608929545e-10,9.13919943897748e-09,2.48007578885172e-09,8.84499287283408e-09,1.80650141178344e-09,-2.39081978889116e-11,1.64832545238855e-09,1.39800476480454e-09,2.46606954066537e-09,5.43512420350457e-09,1.07931967812998e-08,1.62784364482127e-08,3.5444368694244e-08,1.47905424613388e-08,2.33219134508273e-08,2.45197144640562e-08,1.76753051459638e-08,4.88993782126467e-08,5.8653925112497e-08,3.49668409033766e-08,8.11792887992202e-08,6.59450267923853e-08,4.68413133134349e-08,5.45969321736442e-08,2.7033028490134e-08,7.73481016849657e-08,3.90126696986342e-08,6.19757337182379e-08,4.88249577147462e-08,2.50693010972098e-08,1.36913415382154e-08,3.66396520451524e-08,1.99709174126792e-08,2.90457396689716e-08,2.30826180618643e-08,1.29512315671405e-08,6.88295650556954e-09,1.83450982405104e-08,1.32607866324451e-08,1.6906514800998e-08,1.19522518193731e-08,6.30250310940679e-09,5.04772832189389e-09,1.26911010959724e-08,8.529957128204e-09,1.08440399446313e-08,6.05446832545709e-09,4.54714423093691e-09,1.34536251517431e-09,7.96747156776286e-09,3.01704109551968e-09,5.0084295042311e-09,3.79395580823244e-09,7.53450551082079e-10,2.02821126820883e-09,2.23220127182165e-09,1.89876250705486e-09,4.7223223418156e-09
3.30624796148924e-08,1.18813415388423e-07,5.0222702901944e-08,4.379000568017e-08,1.51666944233078e-07,6.65901272955674e-08,1.53306967759842e-07,6.15548882973659e-08,1.01164679440271e-07,1.98669342370692e-07,1.29797281392838e-07,2.89380041799518e-07,5.48227016844291e-08,9.14982901555355e-08,6.34560400714189e-08,1.14948963614663e-07,7.66831878489362e-08,9.70508626319943e-08,8.53036136277951e-08,5.83901900307216e-08,2.41457005700217e-08,7.13501703926421e-08,4.75863543151085e-08,5.94276795439215e-08,5.4860914634756e-08,2.22748352192144e-08,1.04710359853806e-08,4.43760067212081e-08,1.99368724362475e-08,3.84168740686454e-08,1.98853621167806e-08,8.97909199028167e-09,5.53099100141957e-09,1.77783148886003e-08,1.3225675530106e-08,1.88352829371717e-08,8.05193277954484e-09,5.64170931577242e-09,5.58664989895652e-09,1.22815650481569e-08,8.09745715644126e-09,1.49574975269417e-08,4.42652874994685e-09,5.34170079044208e-09,8.5961492721181e-09,7.05025498504599e-09,1.00955775747433e-08,1.23995077652604e-08,1.89219095225116e-08,5.41963439643928e-08,2.29437339180996e-08,2.52485307873189e-08,6.14122485850743e-08,3.44359416716629e-08,6.672391445879e-08,3.84037060271444e-08,4.68431592593126e-08,8.57706178711428e-08,6.43556050788028e-08,1.31965235195696e-07,3.7112900783503e-08,4.26348988818146e-08,2.94403687428914e-08,6.09678401104132e-08,3.44652475952164e-08,5.23040094192442e-08,3.94397158503969e-08,2.65432146434462e-08,1.31026077999881e-08,3.24811461543602e-08,2.11613403274245e-08,2.36377235355999e-08,2.46464508766644e-08,1.2230577809539e-08,8.79473245262966e-09,1.93767960775037e-08,1.10358691477593e-08,1.68904940833594e-08,1.16521417383173e-08,8.06552107483851e-09,8.61716607623453e-09,1.11258347775838e-08,1.05179295214157e-08,1.3177865889024e-08,7.69224197343188e-09,8.00539474616147e-09,3.25573111266022e-09,9.75294269687877e-09,6.11937286118152e-09,8.58386756843195e-09,6.95950387326376e-09,2.85519035618777e-09,6.75302513132965e-09,5.09136064107885e-09,7.80454554560744e-09,1.14704827036842e-08
1.54190699830078e-08,2.88824986744395e-08,8.14612264972601e-08,2.55094719388755e-08,6.03785915907348e-08,5.56361552743372e-08,3.40546222193635e-08,9.64097179510919e-08,4.78091808410409e-08,7.32908459293015e-08,7.72432390505074e-08,5.48227016844291e-08,1.16117617621061e-07,5.49568039933578e-08,3.58316889873953e-08,9.42704810871904e-08,4.81692222499797e-08,8.33414134134713e-08,5.13486403758205e-08,3.38881767023174e-08,1.67190846380917e-08,4.51307070633551e-08,2.57633883921095e-08,3.92499418008927e-08,3.1660346236515e-08,1.54680441649346e-08,3.89868794958328e-09,2.38202604868978e-08,1.70613737784178e-08,2.14523184613632e-08,1.39999930433586e-08,3.01945159303844e-09,4.24031954542912e-09,1.55719112708573e-08,5.1515781613831e-09,1.72133819891872e-08,2.35149405789266e-09,3.7304428138794e-09,3.29837754907327e-09,4.55050130847646e-09,4.05657210506816e-09,5.05945611377712e-09,2.61134174316768e-09,2.33484416449762e-09,2.69709435108094e-09,2.82507721706611e-09,3.65744448562738e-09,4.97154891509543e-09,9.80119175561745e-09,1.9939752062182e-08,4.65066806183725e-08,1.53302576927028e-08,3.03557320456143e-08,2.54283702043925e-08,2.26394441933038e-08,6.35989205708441e-08,2.73123152976601e-08,4.44427264613257e-08,4.57704519188826e-08,3.0311367428635e-08,7.19295369095543e-08,2.80904915972296e-08,2.11649336616272e-08,5.55409053050711e-08,2.91047257156527e-08,5.27153072505244e-08,2.5961804918731e-08,1.9959780651146e-08,1.10782053358533e-08,2.73202951778839e-08,1.48881838922741e-08,1.85145001588839e-08,1.8282870718608e-08,1.08660593431737e-08,4.53244936886749e-09,1.37477635868365e-08,1.1111041728914e-08,1.2565136503811e-08,1.03155637775714e-08,4.48092561209185e-09,5.70032404339481e-09,1.07090944347816e-08,5.60512844066933e-09,1.15202745258596e-08,3.72830779761017e-09,4.49013188282036e-09,4.07555082906716e-09,4.81383738115755e-09,3.97243608487703e-09,4.46841897257706e-09,3.87745082609502e-09,3.22835486765987e-09,5.12420775359102e-09,3.62133664132262e-09,5.3964747331261e-09,5.82918071262154e-09
1.53556887569197e-08,1.37990657257892e-08,4.12741031799786e-08,1.52123619533822e-08,3.36079552439894e-08,3.48204204925906e-08,1.69396439989223e-08,4.78173937134636e-08,1.38188442287767e-07,4.12338691183186e-08,1.0946515328898e-07,9.14982901555355e-08,5.49568039933578e-08,1.56050344887674e-07,8.80576790195061e-08,1.2524966286531e-07,1.32864927049069e-07,1.04590620870858e-07,1.44469588940849e-07,8.06568617787894e-08,3.40229783262556e-08,1.22871639964201e-07,6.24527437009163e-08,1.01143299119587e-07,7.59276764845903e-08,3.16978900419599e-08,8.75037257116486e-09,5.86036760142941e-08,2.91107191180204e-08,5.28518395719576e-08,2.86369961182742e-08,7.43647169404433e-09,1.00892299226487e-09,2.61436876229618e-08,9.66580220863294e-09,2.21394110680977e-08,7.09286951990456e-09,1.27052673124768e-09,3.2510513386379e-10,9.30176583896856e-09,2.80652216088945e-10,8.95791940153797e-09,7.22306741841766e-10,-8.26517039339783e-11,1.12417006449951e-09,-2.40215567006384e-10,1.76739676868284e-09,3.23465809322745e-09,1.42207523217808e-08,1.06510475700646e-08,2.21783212467348e-08,1.17972162734291e-08,1.77873385103578e-08,1.92335689991059e-08,1.21317899878211e-08,3.10844838381175e-08,7.18604987765718e-08,2.73951606317395e-08,5.60260239320801e-08,5.13929468316505e-08,3.41972961195905e-08,7.74799402255183e-08,3.47377663241936e-08,6.53584010789316e-08,6.20674677270877e-08,5.05871561239399e-08,6.79353176638635e-08,3.10825498199243e-08,1.77040646545067e-08,5.71988514236125e-08,2.66190306127798e-08,4.84959862301217e-08,2.69938968234479e-08,1.65446715062615e-08,6.78282378989539e-09,2.33113587050101e-08,1.73390761020093e-08,2.32984940523639e-08,1.46888103824281e-08,6.00579800537636e-09,8.5053035446548e-10,1.55888123615636e-08,6.53860325266701e-09,1.13051675022967e-08,6.24050035804686e-09,7.12214966464597e-10,-1.01395637125202e-09,6.60045494864323e-09,5.18960890136216e-10,4.40584100426178e-09,5.59005129254208e-10,-1.96330468493062e-09,3.07121589027395e-10,-1.0357113676632e-10,-1.71451754125155e-09,2.48906060597443e-10
9.12950338872184e-09,2.17819620116441e-08,2.67814415909501e-08,2.16043987023464e-08,2.67334117238425e-08,2.58585465381228e-08,2.54580433516569e-08,3.29531572603541e-08,7.82905735446628e-08,3.32505400108145e-08,7.28507412358246e-08,6.34560400714189e-08,3.58316889873953e-08,8.80576790195061e-08,1.96391474384399e-07,8.06980282772152e-08,1.50600722626229e-07,1.35198741892379e-07,8.06461891777429e-08,1.80354673861935e-07,7.1914909217195e-08,1.36862193423505e-07,1.29796499416391e-07,9.88463696536935e-08,1.71655058880576e-07,6.74624190509655e-08,2.31508105678681e-08,1.22490184439072e-07,6.19717782540607e-08,1.12420925127231e-07,6.22820530322121e-08,2.13876920692289e-08,3.09694421929139e-08,5.70568745784943e-08,2.20418165647312e-08,5.22374855243508e-08,1.95889549080271e-08,2.74925410472785e-08,5.5429588219114e-09,2.01038592789115e-08,2.45658875120459e-08,1.49093855464518e-08,2.49068992326339e-08,4.62188891952545e-09,4.34207525834985e-09,2.21050746720676e-08,6.87219203678736e-09,2.63857418209951e-08,7.59350396050341e-09,1.01571565820107e-08,1.4083311526321e-08,1.36823568801404e-08,1.02676596994599e-08,1.24841478864707e-08,1.21526728721633e-08,2.13510395052179e-08,3.53213539029968e-08,1.61546258846059e-08,3.52733859578749e-08,3.16723881523795e-08,2.13201269452809e-08,3.99524351838736e-08,9.71109450210137e-08,4.02965313000151e-08,6.8524791596945e-08,6.81095617727361e-08,3.26537542490575e-08,8.61061256369278e-08,3.25922032148639e-08,5.92642144319942e-08,5.94360768347402e-08,4.00676666707759e-08,8.12048466706963e-08,3.0717903979532e-08,1.1726903341982e-08,5.55120006075193e-08,2.69594135970756e-08,4.96873022741265e-08,2.7481137856564e-08,1.12461684494802e-08,1.14321169092309e-08,2.41723932032567e-08,1.05388496147626e-08,1.93094098650343e-08,1.0239799035853e-08,9.18630279360645e-09,3.75498207940042e-10,9.19000389039536e-09,6.53582621507621e-09,7.0340783466014e-09,7.19534030999313e-09,-2.08367067645699e-10,6.00977148084731e-11,4.58776592210878e-09,-9.06976649290882e-10,7.8472984752914e-09
1.43968078796063e-08,2.18974484561857e-08,6.54697588124051e-08,2.1847973110115e-08,4.46007404862416e-08,4.46818057438619e-08,2.72579535916284e-08,7.72498201428827e-08,1.09459931575264e-07,5.61755382663392e-08,1.51839420525483e-07,1.14948963614663e-07,9.42704810871904e-08,1.2524966286531e-07,8.06980282772152e-08,1.788476714035e-07,1.03210018425489e-07,1.50712933311424e-07,1.15824667442491e-07,7.40204427600659e-08,3.14147691022952e-08,9.53591981139467e-08,5.70008595086832e-08,7.69621830102061e-08,6.96365792144034e-08,2.90552269731425e-08,1.06012207723423e-08,5.32816699701554e-08,2.65730957169746e-08,4.74400925779831e-08,2.59556276527888e-08,9.20943158721967e-09,3.19424065142145e-09,2.35793350533642e-08,1.20148371751909e-08,2.14936428442743e-08,8.27867175493984e-09,2.98554855920815e-09,1.66513172068951e-09,1.08729597412856e-08,2.66934582784949e-09,1.09290349727961e-08,2.07235971882947e-09,1.00873725370305e-09,2.65559685754264e-09,1.73552736699364e-09,3.34494160116459e-09,5.6094671839576e-09,1.07164125125925e-08,1.49054375584479e-08,3.38293706779534e-08,1.41691103922173e-08,2.141660587472e-08,2.25429832788188e-08,1.65387225338922e-08,4.68319404812992e-08,5.45905294738445e-08,3.30007234486917e-08,7.73463666410156e-08,6.08462701889811e-08,5.46642623096552e-08,5.94801727854451e-08,3.17696017606172e-08,9.31995921306806e-08,4.70867895032939e-08,7.72901087732917e-08,5.23126773238818e-08,2.93319193762703e-08,1.54210647816236e-08,4.35273673348019e-08,2.15264180690983e-08,3.20179278393266e-08,2.63502551909499e-08,1.48095795987812e-08,7.98524013927178e-09,1.95396576686071e-08,1.50520108159323e-08,1.90459532821384e-08,1.34052672183864e-08,7.33823300822009e-09,5.69689343099806e-09,1.39387839259379e-08,9.97020439890488e-09,1.18564461544413e-08,6.81715888804133e-09,5.1057082613127e-09,3.24221624881385e-09,9.34909913055354e-09,3.75003322309489e-09,6.16644719193018e-09,4.47856193673234e-09,1.71041527529661e-09,2.87322709006411e-09,2.81489255261978e-09,2.15780224870244e-09,4.45410801683859e-09
1.71866475889531e-08,1.44136865611816e-08,3.77766409989045e-08,1.65621755541998e-08,3.08300807864458e-08,3.1503070025459e-08,1.81872180631769e-08,4.33840991293774e-08,1.1843391705699e-07,3.82397886794104e-08,9.15367796595552e-08,7.66831878489362e-08,4.81692222499797e-08,1.32864927049069e-07,1.50600722626229e-07,1.03210018425489e-07,2.07134898617478e-07,1.64411493595863e-07,1.22870423384919e-07,1.36871464269628e-07,6.52557999931631e-08,1.89134917934255e-07,9.76236269179944e-08,1.42487021392593e-07,1.29542761137203e-07,6.10886170527098e-08,2.03299949046584e-08,9.16174239887845e-08,5.43293042673799e-08,8.16243274554846e-08,5.63872694966115e-08,1.84375392649981e-08,2.77323583920653e-08,4.98766920393777e-08,1.78974592232442e-08,4.2844807613234e-08,1.71569770706063e-08,2.51899355155147e-08,3.2202187320034e-09,1.64822662835401e-08,2.27927861944421e-08,1.06021575807857e-08,2.25536063600642e-08,2.18340592641966e-09,2.11495406691467e-09,1.99202048141923e-08,4.04092331280291e-09,2.32976155711402e-08,1.42727439919327e-08,1.12931188006826e-08,2.00482983709143e-08,1.36855327495695e-08,1.54216085540838e-08,1.85210033608404e-08,1.3199253219039e-08,2.79873749176034e-08,6.00840639949368e-08,2.37382919041512e-08,4.61161060757133e-08,4.1129299064256e-08,2.97325849854822e-08,6.65675076798541e-08,7.1395649213547e-08,5.21561725974141e-08,1.00971452463033e-07,8.10608366790985e-08,5.91836993196904e-08,6.27428537451038e-08,3.068805378062e-08,8.9490425740925e-08,4.51765984417776e-08,7.0866167040392e-08,5.71673015174463e-08,2.85519579182484e-08,1.0401851588846e-08,4.05612569007172e-08,2.45584259014791e-08,3.60130618475059e-08,2.57075505380624e-08,9.9838090601301e-09,8.77969256274605e-09,2.19926940149608e-08,9.57997212036330e-09,1.72896277918942e-08,9.39093577961656e-09,8.33903183842339e-09,-9.9795985174662e-10,8.99127824380791e-09,5.52547922386758e-09,5.1324629661525e-09,6.10797399629354e-09,-1.64515985760542e-09,-5.09209618262682e-10,3.7355196564212e-09,-1.00975866964114e-09,6.75540801957601e-09
1.54692857942623e-08,2.13152356308996e-08,5.84694116268012e-08,2.23779595338031e-08,3.94412238408605e-08,3.94416901556485e-08,2.6406335245434e-08,6.99800778596532e-08,9.23703404184903e-08,5.07359340797138e-08,1.2965231995822e-07,9.70508626319943e-08,8.33414134134713e-08,1.04590620870858e-07,1.35198741892379e-07,1.50712933311424e-07,1.64411493595863e-07,2.18871873710035e-07,9.64012971441489e-08,1.23098612928668e-07,5.76332586601402e-08,1.50255748465117e-07,8.6644312835798e-08,1.10356495200604e-07,1.16461189518481e-07,5.36148791370928e-08,1.97414014551916e-08,8.10095497500687e-08,4.84369287338742e-08,7.18873961848013e-08,4.88504522104238e-08,1.78373727845451e-08,2.91375006130309e-08,4.39159623734881e-08,1.82583285701566e-08,3.95603317476648e-08,1.65690738029324e-08,2.69425339863407e-08,3.53524501032321e-09,1.69163420624297e-08,2.5325590809109e-08,1.14320798862433e-08,2.35648649227586e-08,2.50708438923652e-09,3.46796888837602e-09,2.18352290226687e-08,5.21822306966928e-09,2.57003492785414e-08,1.16176405403054e-08,1.30586238879402e-08,3.11157739791682e-08,1.58006011311002e-08,1.8673549088942e-08,2.23395612873711e-08,1.51179455594656e-08,4.3450187013037e-08,4.45256299779785e-08,2.88270536032348e-08,6.42931902805053e-08,4.86580119640427e-08,5.00782609511978e-08,5.00367657742906e-08,6.1692298097626e-08,7.61757150850283e-08,7.98019147099724e-08,1.15621982317977e-07,4.36088602609891e-08,5.36991340906196e-08,2.48252092116628e-08,7.07064060408892e-08,3.42074910911784e-08,4.97030935378488e-08,4.96732720268899e-08,2.32235367255242e-08,1.00829814687978e-08,3.1115973689815e-08,2.12120195798864e-08,2.86165000704621e-08,2.05386029326063e-08,9.74370961773467e-09,1.30137385693101e-08,1.89430039943613e-08,1.054555788937e-08,1.58174936722642e-08,8.20789728541121e-09,1.26770614265694e-08,1.79407674583676e-09,9.18974440769645e-09,9.39483459346695e-09,5.24950936324281e-09,1.01132760195524e-08,1.10006544175357e-09,2.20330348537514e-09,7.67874631187903e-09,2.43407964166591e-09,1.24278124100783e-08
1.40140960890309e-08,1.31496501005747e-08,3.83964024474114e-08,1.39919279962487e-08,3.17330443920674e-08,3.23670323136503e-08,1.60637845326391e-08,4.46989557029378e-08,1.28182713985145e-07,3.91448366363557e-08,1.01543632418227e-07,8.53036136277951e-08,5.13486403758205e-08,1.44469588940849e-07,8.06461891777429e-08,1.15824667442491e-07,1.22870423384919e-07,9.64012971441489e-08,1.70270947708348e-07,9.05126496242748e-08,3.79093401788851e-08,1.43405396935806e-07,7.05943082973699e-08,1.19499195382969e-07,8.53311513478589e-08,3.51200191264165e-08,1.02883090531776e-08,6.61560234437418e-08,3.20151287766059e-08,5.95479874714763e-08,3.19274985267148e-08,8.89998608966379e-09,2.35110462607703e-09,2.89007457865817e-08,1.11777983183784e-08,2.40090572924645e-08,8.57267432463522e-09,2.42331373248374e-09,1.33269445521982e-09,1.07004222983595e-08,1.17333989964477e-09,1.11491880551472e-08,1.97108634596803e-09,8.0225355028755e-10,1.73425772191633e-09,6.0046245672717e-10,3.51336861484992e-09,5.03325626018064e-09,1.24117265932051e-08,9.99764260542026e-09,2.13991551089669e-08,1.14340519401536e-08,1.6713735109712e-08,1.89133589209815e-08,1.1379590220734e-08,2.99922336699711e-08,6.37946481325015e-08,2.621620336904e-08,5.14761557539468e-08,4.6548112998646e-08,3.33514724522496e-08,6.79609213543316e-08,3.111197610171e-08,5.95897034688098e-08,5.7232005892332e-08,4.63900024580963e-08,9.45685949675443e-08,3.69461327245095e-08,1.86890457416194e-08,7.8976054037582e-08,3.14557817488473e-08,6.89414407741671e-08,3.21702821096535e-08,1.74967748536119e-08,7.91909991270938e-09,2.71111154672538e-08,1.83480911920773e-08,2.68516174359098e-08,1.55984120855033e-08,6.92796846360459e-09,3.72995296342156e-09,1.63395743870254e-08,8.37114846326335e-09,1.21324245590969e-08,7.14165693720807e-09,3.10098567195105e-09,5.53224193186261e-10,8.16121151478411e-09,2.67128179253976e-09,6.24889510697557e-09,3.04024128096078e-09,-7.42154294130885e-10,1.55247126792765e-09,2.00889856485409e-09,6.61674749330166e-10,3.87868263174043e-09
