1.12494652257668e-06,4.61334436712014e-07,2.1504099533807e-07,9.50588178157894e-07,4.56679781088703e-07,9.13461635476628e-07,4.61334436712014e-07,2.1504099533807e-07,1.63670388647818e-07,4.56679781088703e-07,2.1998928770496e-07,4.26980985645105e-07,2.1504099533807e-07,1.63670388647818e-07,8.54372039145369e-08,2.1998928770496e-07,1.65180088445885e-07,2.23380751031306e-07,1.63670388647818e-07,8.54372039145369e-08,7.08085498190409e-08,1.65180088445885e-07,1.01277022963925e-07,1.77611533168359e-07,8.54372039145369e-08,7.08085498190409e-08,5.24848890221977e-08,1.01277022963925e-07,6.90840672266005e-08,1.06588080020393e-07,7.08085498190409e-08,5.24848890221977e-08,3.31407305218931e-08,6.90840672266005e-08,5.22959079783978e-08,7.1114076235635e-08,5.24848890221977e-08,3.31407305218931e-08,3.25541293660376e-08,5.22959079783978e-08,3.932261480438e-08,6.13822710420848e-08,3.31407305218931e-08,3.25541293660376e-08,2.69503742204164e-08,3.932261480438e-08,3.84311806674046e-08,5.09345247490502e-08,8.33744318474005e-07,3.49497397464229e-07,1.71857385162368e-07,6.94821943063773e-07,3.29155126494739e-07,6.2677402232777e-07,3.49497397464229e-07,1.71857385162368e-07,1.31564828258686e-07,3.29155126494739e-07,1.78406996061787e-07,2.97495867129306e-07,1.71857385162368e-07,1.31564828258686e-07,7.20266215866141e-08,1.78406996061787e-07,1.31130217148102e-07,1.85430352438857e-07,1.31564828258686e-07,7.20266215866141e-08,5.40847974971916e-08,1.31130217148102e-07,8.1718102795764e-08,1.38774632419156e-07,7.20266215866141e-08,5.40847974971916e-08,3.68805607290289e-08,8.1718102795764e-08,5.77236449311945e-08,7.74605272710767e-08,5.40847974971916e-08,3.68805607290289e-08,2.51774062889158e-08,5.77236449311945e-08,4.0459833171921e-08,5.88859220022135e-08,3.68805607290289e-08,2.51774062889158e-08,2.80636450274816e-08,4.0459833171921e-08,3.61459950499073e-08,4.91724690455178e-08,2.51774062889158e-08,2.80636450274816e-08,2.384058406165e-08,3.61459950499073e-08,2.82671913787531e-08,4.66874833163437e-08
4.61334436712014e-07,1.16190357354045e-06,4.93995436509169e-07,9.09605892044105e-07,1.0001177892172e-06,7.86736144183067e-07,1.16190357354045e-06,4.93995436509169e-07,2.12249012640897e-07,1.0001177892172e-06,4.68266885138942e-07,9.30088168692147e-07,4.93995436509169e-07,2.12249012640897e-07,1.44304084684853e-07,4.68266885138942e-07,2.39792780637101e-07,4.854437547589e-07,2.12249012640897e-07,1.44304084684853e-07,8.91737017427377e-08,2.39792780637101e-07,1.60209723668485e-07,2.36363994363739e-07,1.44304084684853e-07,8.91737017427377e-08,7.01002081087874e-08,1.60209723668485e-07,8.81959442139886e-08,1.60617833141701e-07,8.91737017427377e-08,7.01002081087874e-08,4.28780842249417e-08,8.81959442139886e-08,7.11957400065475e-08,8.09086451817733e-08,7.01002081087874e-08,4.28780842249417e-08,3.5667154042459e-08,7.11957400065475e-08,5.62490440087043e-08,8.19597460634534e-08,4.28780842249417e-08,3.5667154042459e-08,2.7328425074679e-08,5.62490440087043e-08,3.5557090734161e-08,6.19705113459094e-08,3.62751294834641e-07,8.59293314845509e-07,3.93353464188669e-07,6.96165923755653e-07,7.2357709677488e-07,5.89373928229853e-07,8.59293314845509e-07,3.93353464188669e-07,1.73904204043516e-07,7.2357709677488e-07,3.75617841385642e-07,6.71775473820299e-07,3.93353464188669e-07,1.73904204043516e-07,1.29495901377934e-07,3.75617841385642e-07,2.03243531601553e-07,3.92288503575962e-07,1.73904204043516e-07,1.29495901377934e-07,8.61243027759919e-08,2.03243531601553e-07,1.44964040364401e-07,2.09688045705173e-07,1.29495901377934e-07,8.61243027759919e-08,6.3260499279052e-08,1.44964040364401e-07,8.05734914814372e-08,1.33780928766106e-07,8.61243027759919e-08,6.3260499279052e-08,1.33678096640434e-08,8.05734914814372e-08,5.61421546147468e-08,6.21289469458222e-08,6.3260499279052e-08,1.33678096640434e-08,3.6415448596354e-08,5.61421546147468e-08,4.51596787818214e-08,7.47509637196922e-08,1.33678096640434e-08,3.6415448596354e-08,3.36410909791277e-08,4.51596787818214e-08,3.37378676204263e-08,5.73801657370083e-08
2.1504099533807e-07,4.93995436509169e-07,1.15358977638856e-06,4.57800816930415e-07,9.55467640441549e-07,9.11681737202477e-07,4.93995436509169e-07,1.15358977638856e-06,5.25882742328262e-07,9.55467640441549e-07,9.956279426126e-07,8.34756524712792e-07,1.15358977638856e-06,5.25882742328262e-07,2.47895459316351e-07,9.956279426126e-07,5.30134516639613e-07,9.69056220578907e-07,5.25882742328262e-07,2.47895459316351e-07,1.38832470187916e-07,5.30134516639613e-07,2.52168475223667e-07,5.08657938102727e-07,2.47895459316351e-07,1.38832470187916e-07,6.51065775036184e-08,2.52168475223667e-07,1.27842635102038e-07,2.40323998260866e-07,1.38832470187916e-07,6.51065775036184e-08,6.59208944737362e-08,1.27842635102038e-07,7.52048621049846e-08,1.34348210825242e-07,6.51065775036184e-08,6.59208944737362e-08,6.11460805729283e-08,7.52048621049846e-08,7.568429412891e-08,8.32701718018296e-08,6.59208944737362e-08,6.11460805729283e-08,4.61871138956374e-08,7.568429412891e-08,6.35725592448887e-08,7.78335443233627e-08,1.75714457634199e-07,3.69339726032275e-07,8.69069753778654e-07,3.50929932922128e-07,7.14759162045328e-07,6.8162524639564e-07,3.69339726032275e-07,8.69069753778654e-07,4.00715684147375e-07,7.14759162045328e-07,7.45641440225078e-07,6.1989423363855e-07,8.69069753778654e-07,4.00715684147375e-07,1.80708625730938e-07,7.45641440225078e-07,4.06724629043754e-07,7.2297472743452e-07,4.00715684147375e-07,1.80708625730938e-07,1.16533996060775e-07,4.06724629043754e-07,2.01055842348869e-07,4.19249180307067e-07,1.80708625730938e-07,1.16533996060775e-07,5.35619314376357e-08,2.01055842348869e-07,9.76856181092938e-08,1.70479552727166e-07,1.16533996060775e-07,5.35619314376357e-08,4.10266986100117e-08,9.76856181092938e-08,6.20941314549284e-08,9.24624312150701e-08,5.35619314376357e-08,4.10266986100117e-08,4.10025640416851e-08,6.20941314549284e-08,4.72985833713477e-08,6.16601378158551e-08,4.10266986100117e-08,4.10025640416851e-08,2.50658753945114e-08,4.72985833713477e-08,4.19217225865999e-08,5.53472398355362e-08
9.50588178157894e-07,9.09605892044105e-07,4.57800816930415e-07,1.53884433663424e-06,7.89042205933182e-07,1.34795143557644e-06,9.09605892044105e-07,4.57800816930415e-07,2.19439850810646e-07,7.89042205933182e-07,4.49216919199291e-07,7.48036486432401e-07,4.57800816930415e-07,2.19439850810646e-07,1.56673991748654e-07,4.49216919199291e-07,2.40844627322046e-07,4.61318969189682e-07,2.19439850810646e-07,1.56673991748654e-07,1.03220670200297e-07,2.40844627322046e-07,1.8510829973578e-07,2.41001724758468e-07,1.56673991748654e-07,1.03220670200297e-07,6.88833448185441e-08,1.8510829973578e-07,9.04743788539588e-08,1.71607412709739e-07,1.03220670200297e-07,6.88833448185441e-08,5.24567887053399e-08,9.04743788539588e-08,8.06763148736117e-08,1.00011164964695e-07,6.88833448185441e-08,5.24567887053399e-08,4.44762893622239e-08,8.06763148736117e-08,6.26880723050465e-08,9.08881191129038e-08,5.24567887053399e-08,4.44762893622239e-08,3.96012792945874e-08,6.26880723050465e-08,5.22300069589584e-08,7.31352251185459e-08,7.09139084388507e-07,6.89781175622321e-07,3.70156918639036e-07,1.15453754852162e-06,5.79036134016633e-07,9.80434179621e-07,6.89781175622321e-07,3.70156918639036e-07,1.70708753309027e-07,5.79036134016633e-07,3.65818824991897e-07,5.31110701479942e-07,3.70156918639036e-07,1.70708753309027e-07,1.36914171129556e-07,3.65818824991897e-07,1.9107425508259e-07,3.76723617272636e-07,1.70708753309027e-07,1.36914171129556e-07,9.71961072143288e-08,1.9107425508259e-07,1.68612040011836e-07,2.01988173739331e-07,1.36914171129556e-07,9.71961072143288e-08,5.50139064902704e-08,1.68612040011836e-07,8.540594752928e-08,1.3961082289381e-07,9.71961072143288e-08,5.50139064902704e-08,3.02939188146123e-08,8.540594752928e-08,6.96124684816131e-08,8.54597044782943e-08,5.50139064902704e-08,3.02939188146123e-08,4.8628146033401e-08,6.96124684816131e-08,4.99029393722651e-08,8.0779791935415e-08,3.02939188146123e-08,4.8628146033401e-08,3.18100253386162e-08,4.99029393722651e-08,4.97211824132806e-08,6.29359891519483e-08
4.56679781088703e-07,1.0001177892172e-06,9.55467640441549e-07,7.89042205933182e-07,1.63066096204445e-06,1.36426385224028e-06,1.0001177892172e-06,9.55467640441549e-07,4.8521926246066e-07,1.63066096204445e-06,8.28303895392021e-07,1.41073985997376e-06,9.55467640441549e-07,4.8521926246066e-07,2.4801701597788e-07,8.28303895392021e-07,5.03517472745772e-07,8.3283504700076e-07,4.8521926246066e-07,2.4801701597788e-07,1.49347448682981e-07,5.03517472745772e-07,2.59871335337877e-07,4.8997870918348e-07,2.4801701597788e-07,1.49347448682981e-07,7.43179677554152e-08,2.59871335337877e-07,1.43871157246197e-07,2.61279994172119e-07,1.49347448682981e-07,7.43179677554152e-08,6.1998453004436e-08,1.43871157246197e-07,8.89951027285104e-08,1.47289104153368e-07,7.43179677554152e-08,6.1998453004436e-08,6.25559850253239e-08,8.89951027285104e-08,7.86156595960326e-08,9.97889894342172e-08,6.1998453004436e-08,6.25559850253239e-08,4.63120338400911e-08,7.86156595960326e-08,6.34213911206109e-08,8.03839894512213e-08,3.52121331438414e-07,7.23925572011387e-07,7.06803076793102e-07,5.87922979690563e-07,1.16614999776621e-06,9.76155413239455e-07,7.23925572011387e-07,7.06803076793102e-07,3.44208851632481e-07,1.16614999776621e-06,5.95903388680756e-07,9.85866242739541e-07,7.06803076793102e-07,3.44208851632481e-07,1.78279187043693e-07,5.95903388680756e-07,3.70248869561339e-07,6.14045244038287e-07,3.44208851632481e-07,1.78279187043693e-07,1.38570250092703e-07,3.70248869561339e-07,2.07005822886584e-07,3.90887764347737e-07,1.78279187043693e-07,1.38570250092703e-07,6.433276809473e-08,2.07005822886584e-07,1.26774896567147e-07,1.95752352225662e-07,1.38570250092703e-07,6.433276809473e-08,3.62539284373161e-08,1.26774896567147e-07,7.50272051976558e-08,1.22851700884835e-07,6.433276809473e-08,3.62539284373161e-08,5.50726646916422e-08,7.50272051976558e-08,6.70672303535786e-08,9.60105114973854e-08,3.62539284373161e-08,5.50726646916422e-08,4.03306227652879e-08,6.70672303535786e-08,5.6170192141686e-08,6.95265056624713e-08
9.13461635476628e-07,7.86736144183067e-07,9.11681737202477e-07,1.34795143557644e-06,1.36426385224028e-06,2.07586227523867e-06,7.86736144183067e-07,9.11681737202477e-07,4.80205205322368e-07,1.36426385224028e-06,7.99204886223671e-07,1.190217413832e-06,9.11681737202477e-07,4.80205205322368e-07,2.62788931590669e-07,7.99204886223671e-07,5.07580767535181e-07,8.12430710857249e-07,4.80205205322368e-07,2.62788931590669e-07,1.64816640713241e-07,5.07580767535181e-07,2.84570664279797e-07,4.96611104608505e-07,2.62788931590669e-07,1.64816640713241e-07,8.05859525212983e-08,2.84570664279797e-07,1.48932836783043e-07,2.73070113381894e-07,1.64816640713241e-07,8.05859525212983e-08,7.48379387986277e-08,1.48932836783043e-07,9.80381028119497e-08,1.65804378384969e-07,8.05859525212983e-08,7.48379387986277e-08,7.44520306985799e-08,9.80381028119497e-08,8.76349617053736e-08,1.08991484303678e-07,7.48379387986277e-08,7.44520306985799e-08,5.54863673278983e-08,8.76349617053736e-08,7.54749953759056e-08,8.88324578138069e-08,6.76654205010922e-07,5.75232089044525e-07,6.69697665085195e-07,9.94619998308734e-07,9.6459612680123e-07,1.47283711746719e-06,5.75232089044525e-07,6.69697665085195e-07,3.15987862289628e-07,9.6459612680123e-07,5.66634521380622e-07,7.97608045500182e-07,6.69697665085195e-07,3.15987862289628e-07,1.86032882148706e-07,5.66634521380622e-07,3.58323066129486e-07,6.0034492435208e-07,3.15987862289628e-07,1.86032882148706e-07,1.4951470227164e-07,3.58323066129486e-07,2.15956436414916e-07,3.7040289133619e-07,1.86032882148706e-07,1.4951470227164e-07,7.81938882687648e-08,2.15956436414916e-07,1.34626224401874e-07,1.90617926346715e-07,1.4951470227164e-07,7.81938882687648e-08,4.91890316837384e-08,1.34626224401874e-07,9.47338076180305e-08,1.41349594795565e-07,7.81938882687648e-08,4.91890316837384e-08,6.74857702982517e-08,9.47338076180305e-08,7.02677772626413e-08,1.06545468600691e-07,4.91890316837384e-08,6.74857702982517e-08,3.39998373529178e-08,7.02677772626413e-08,6.76581649363093e-08,6.61420301792927e-08
4.61334436712014e-07,1.16190357354045e-06,4.93995436509169e-07,9.09605892044105e-07,1.0001177892172e-06,7.86736144183067e-07,1.16190357354045e-06,4.93995436509169e-07,2.12249012640897e-07,1.0001177892172e-06,4.68266885138942e-07,9.30088168692147e-07,4.93995436509169e-07,2.12249012640897e-07,1.44304084684853e-07,4.68266885138942e-07,2.39792780637101e-07,4.854437547589e-07,2.12249012640897e-07,1.44304084684853e-07,8.91737017427377e-08,2.39792780637101e-07,1.60209723668485e-07,2.36363994363739e-07,1.44304084684853e-07,8.91737017427377e-08,7.01002081087874e-08,1.60209723668485e-07,8.81959442139886e-08,1.60617833141701e-07,8.91737017427377e-08,7.01002081087874e-08,4.28780842249417e-08,8.81959442139886e-08,7.11957400065475e-08,8.09086451817733e-08,7.01002081087874e-08,4.28780842249417e-08,3.5667154042459e-08,7.11957400065475e-08,5.62490440087043e-08,8.19597460634534e-08,4.28780842249417e-08,3.5667154042459e-08,2.7328425074679e-08,5.62490440087043e-08,3.5557090734161e-08,6.19705113459094e-08,3.62751294834641e-07,8.59293314845509e-07,3.93353464188669e-07,6.96165923755653e-07,7.2357709677488e-07,5.89373928229853e-07,8.59293314845509e-07,3.93353464188669e-07,1.73904204043516e-07,7.2357709677488e-07,3.75617841385642e-07,6.71775473820299e-07,3.93353464188669e-07,1.73904204043516e-07,1.29495901377934e-07,3.75617841385642e-07,2.03243531601553e-07,3.92288503575962e-07,1.73904204043516e-07,1.29495901377934e-07,8.61243027759919e-08,2.03243531601553e-07,1.44964040364401e-07,2.09688045705173e-07,1.29495901377934e-07,8.61243027759919e-08,6.3260499279052e-08,1.44964040364401e-07,8.05734914814372e-08,1.33780928766106e-07,8.61243027759919e-08,6.3260499279052e-08,1.33678096640434e-08,8.05734914814372e-08,5.61421546147468e-08,6.21289469458222e-08,6.3260499279052e-08,1.33678096640434e-08,3.6415448596354e-08,5.61421546147468e-08,4.51596787818214e-08,7.47509637196922e-08,1.33678096640434e-08,3.6415448596354e-08,3.36410909791277e-08,4.51596787818214e-08,3.37378676204263e-08,5.73801657370083e-08
2.1504099533807e-07,4.93995436509169e-07,1.15358977638856e-06,4.57800816930415e-07,9.55467640441549e-07,9.11681737202477e-07,4.93995436509169e-07,1.15358977638856e-06,5.25882742328262e-07,9.55467640441549e-07,9.956279426126e-07,8.34756524712792e-07,1.15358977638856e-06,5.25882742328262e-07,2.47895459316351e-07,9.956279426126e-07,5.30134516639613e-07,9.69056220578907e-07,5.25882742328262e-07,2.47895459316351e-07,1.38832470187916e-07,5.30134516639613e-07,2.52168475223667e-07,5.08657938102727e-07,2.47895459316351e-07,1.38832470187916e-07,6.51065775036184e-08,2.52168475223667e-07,1.27842635102038e-07,2.40323998260866e-07,1.38832470187916e-07,6.51065775036184e-08,6.59208944737362e-08,1.27842635102038e-07,7.52048621049846e-08,1.34348210825242e-07,6.51065775036184e-08,6.59208944737362e-08,6.11460805729283e-08,7.52048621049846e-08,7.568429412891e-08,8.32701718018296e-08,6.59208944737362e-08,6.11460805729283e-08,4.61871138956374e-08,7.568429412891e-08,6.35725592448887e-08,7.78335443233627e-08,1.75714457634199e-07,3.69339726032275e-07,8.69069753778654e-07,3.50929932922128e-07,7.14759162045328e-07,6.8162524639564e-07,3.69339726032275e-07,8.69069753778654e-07,4.00715684147375e-07,7.14759162045328e-07,7.45641440225078e-07,6.1989423363855e-07,8.69069753778654e-07,4.00715684147375e-07,1.80708625730938e-07,7.45641440225078e-07,4.06724629043754e-07,7.2297472743452e-07,4.00715684147375e-07,1.80708625730938e-07,1.16533996060775e-07,4.06724629043754e-07,2.01055842348869e-07,4.19249180307067e-07,1.80708625730938e-07,1.16533996060775e-07,5.35619314376357e-08,2.01055842348869e-07,9.76856181092938e-08,1.70479552727166e-07,1.16533996060775e-07,5.35619314376357e-08,4.10266986100117e-08,9.76856181092938e-08,6.20941314549284e-08,9.24624312150701e-08,5.35619314376357e-08,4.10266986100117e-08,4.10025640416851e-08,6.20941314549284e-08,4.72985833713477e-08,6.16601378158551e-08,4.10266986100117e-08,4.10025640416851e-08,2.50658753945114e-08,4.72985833713477e-08,4.19217225865999e-08,5.53472398355362e-08
1.63670388647818e-07,2.12249012640897e-07,5.25882742328262e-07,2.19439850810646e-07,4.8521926246066e-07,4.80205205322368e-07,2.12249012640897e-07,5.25882742328262e-07,1.17219430405404e-06,4.8521926246066e-07,9.84008426922574e-07,9.04211710016778e-07,5.25882742328262e-07,1.17219430405404e-06,5.0561345272993e-07,9.84008426922574e-07,1.02368289363273e-06,8.67573638659937e-07,1.17219430405404e-06,5.0561345272993e-07,2.13188329021602e-07,1.02368289363273e-06,4.86904798095132e-07,9.57839618489606e-07,5.0561345272993e-07,2.13188329021602e-07,1.34496228000356e-07,4.86904798095132e-07,2.13684825227563e-07,4.9312411660874e-07,2.13188329021602e-07,1.34496228000356e-07,8.52203362777091e-08,2.13684825227563e-07,1.45085990276954e-07,2.03016190951615e-07,1.34496228000356e-07,8.52203362777091e-08,7.450550944255e-08,1.45085990276954e-07,1.01641366858519e-07,1.64677296166782e-07,8.52203362777091e-08,7.450550944255e-08,4.95806955353912e-08,1.01641366858519e-07,7.61729075947795e-08,9.56609040578379e-08,1.2656739337874e-07,1.56107037186411e-07,3.77614789530152e-07,1.61978949334318e-07,3.6132579072634e-07,3.48860995740331e-07,1.56107037186411e-07,3.77614789530152e-07,9.09260690900271e-07,3.6132579072634e-07,7.24717829900171e-07,6.87947159138328e-07,3.77614789530152e-07,9.09260690900271e-07,3.80939635108627e-07,7.24717829900171e-07,8.01474969633714e-07,6.4273271105329e-07,9.09260690900271e-07,3.80939635108627e-07,1.68969885428715e-07,8.01474969633714e-07,3.80350141391386e-07,7.84445590262917e-07,3.80939635108627e-07,1.68969885428715e-07,1.07028247021003e-07,3.80350141391386e-07,1.82723256973448e-07,3.96619013728124e-07,1.68969885428715e-07,1.07028247021003e-07,5.10049372014839e-08,1.82723256973448e-07,1.02663682470889e-07,1.49052075169852e-07,1.07028247021003e-07,5.10049372014839e-08,5.67637596521824e-08,1.02663682470889e-07,7.236931480797e-08,1.22921466076656e-07,5.10049372014839e-08,5.67637596521824e-08,4.78955470544025e-08,7.236931480797e-08,7.07363093946981e-08,7.81350932301809e-08
4.56679781088703e-07,1.0001177892172e-06,9.55467640441549e-07,7.89042205933182e-07,1.63066096204445e-06,1.36426385224028e-06,1.0001177892172e-06,9.55467640441549e-07,4.8521926246066e-07,1.63066096204445e-06,8.28303895392021e-07,1.41073985997376e-06,9.55467640441549e-07,4.8521926246066e-07,2.4801701597788e-07,8.28303895392021e-07,5.03517472745772e-07,8.3283504700076e-07,4.8521926246066e-07,2.4801701597788e-07,1.49347448682981e-07,5.03517472745772e-07,2.59871335337877e-07,4.8997870918348e-07,2.4801701597788e-07,1.49347448682981e-07,7.43179677554152e-08,2.59871335337877e-07,1.43871157246197e-07,2.61279994172119e-07,1.49347448682981e-07,7.43179677554152e-08,6.1998453004436e-08,1.43871157246197e-07,8.89951027285104e-08,1.47289104153368e-07,7.43179677554152e-08,6.1998453004436e-08,6.25559850253239e-08,8.89951027285104e-08,7.86156595960326e-08,9.97889894342172e-08,6.1998453004436e-08,6.25559850253239e-08,4.63120338400911e-08,7.86156595960326e-08,6.34213911206109e-08,8.03839894512213e-08,3.52121331438414e-07,7.23925572011387e-07,7.06803076793102e-07,5.87922979690563e-07,1.16614999776621e-06,9.76155413239455e-07,7.23925572011387e-07,7.06803076793102e-07,3.44208851632481e-07,1.16614999776621e-06,5.95903388680756e-07,9.85866242739541e-07,7.06803076793102e-07,3.44208851632481e-07,1.78279187043693e-07,5.95903388680756e-07,3.70248869561339e-07,6.14045244038287e-07,3.44208851632481e-07,1.78279187043693e-07,1.38570250092703e-07,3.70248869561339e-07,2.07005822886584e-07,3.90887764347737e-07,1.78279187043693e-07,1.38570250092703e-07,6.433276809473e-08,2.07005822886584e-07,1.26774896567147e-07,1.95752352225662e-07,1.38570250092703e-07,6.433276809473e-08,3.62539284373161e-08,1.26774896567147e-07,7.50272051976558e-08,1.22851700884835e-07,6.433276809473e-08,3.62539284373161e-08,5.50726646916422e-08,7.50272051976558e-08,6.70672303535786e-08,9.60105114973854e-08,3.62539284373161e-08,5.50726646916422e-08,4.03306227652879e-08,6.70672303535786e-08,5.6170192141686e-08,6.95265056624713e-08
2.1998928770496e-07,4.68266885138942e-07,9.956279426126e-07,4.49216919199291e-07,8.28303895392021e-07,7.99204886223671e-07,4.68266885138942e-07,9.956279426126e-07,9.84008426922574e-07,8.28303895392021e-07,1.61150447858597e-06,1.37876636063753e-06,9.956279426126e-07,9.84008426922574e-07,4.91775071899921e-07,1.61150447858597e-06,8.67913159556968e-07,1.42173468538228e-06,9.84008426922574e-07,4.91775071899921e-07,2.21218310919945e-07,8.67913159556968e-07,4.84389331594313e-07,8.16277252275282e-07,4.91775071899921e-07,2.21218310919945e-07,1.30655786776902e-07,4.84389331594313e-07,2.15139586038909e-07,4.85721636880136e-07,2.21218310919945e-07,1.30655786776902e-07,9.0023794776156e-08,2.15139586038909e-07,1.4425407279601e-07,2.05412652322126e-07,1.30655786776902e-07,9.0023794776156e-08,7.20692868020103e-08,1.4425407279601e-07,1.0136462323805e-07,1.61401404230433e-07,9.0023794776156e-08,7.20692868020103e-08,5.24094302171253e-08,1.0136462323805e-07,7.65324725924643e-08,1.02926569749887e-07,1.79157970188518e-07,3.49934717503797e-07,7.16974522142649e-07,3.3620031610932e-07,6.16167227818469e-07,5.9362568467723e-07,3.49934717503797e-07,7.16974522142649e-07,7.59017112546459e-07,6.16167227818469e-07,1.17528751000366e-06,1.04547447426748e-06,7.16974522142649e-07,7.59017112546459e-07,3.42029005222433e-07,1.17528751000366e-06,6.66538378794634e-07,1.03530293633013e-06,7.59017112546459e-07,3.42029005222433e-07,1.73877794482108e-07,6.66538378794634e-07,3.60210378336631e-07,6.6196825734438e-07,3.42029005222433e-07,1.73877794482108e-07,9.42712569461555e-08,3.60210378336631e-07,1.58682454296535e-07,3.47420133031501e-07,1.73877794482108e-07,9.42712569461555e-08,4.74442715443282e-08,1.58682454296535e-07,9.93330042248251e-08,1.35163732473742e-07,9.42712569461555e-08,4.74442715443282e-08,4.66367400497471e-08,9.93330042248251e-08,6.15418672585346e-08,1.08079683812953e-07,4.74442715443282e-08,4.66367400497471e-08,4.02810604601295e-08,6.15418672585346e-08,6.20347291189356e-08,7.82244961108378e-08
4.26980985645105e-07,9.30088168692147e-07,8.34756524712792e-07,7.48036486432401e-07,1.41073985997376e-06,1.190217413832e-06,9.30088168692147e-07,8.34756524712792e-07,9.04211710016778e-07,1.41073985997376e-06,1.37876636063753e-06,2.07498392014425e-06,8.34756524712792e-07,9.04211710016778e-07,4.71617955505338e-07,1.37876636063753e-06,8.130816025549e-07,1.2384338684718e-06,9.04211710016778e-07,4.71617955505338e-07,2.14959348008175e-07,8.130816025549e-07,4.67163140566026e-07,7.63850620506453e-07,4.71617955505338e-07,2.14959348008175e-07,1.28247516687071e-07,4.67163140566026e-07,2.16091732173217e-07,4.82970305417534e-07,2.14959348008175e-07,1.28247516687071e-07,8.52329415175843e-08,2.16091732173217e-07,1.44889310610667e-07,2.04768814088574e-07,1.28247516687071e-07,8.52329415175843e-08,6.37449099662907e-08,1.44889310610667e-07,9.85313352474957e-08,1.64466566126374e-07,8.52329415175843e-08,6.37449099662907e-08,5.04685497480448e-08,9.85313352474957e-08,6.58185377413337e-08,9.75157350053786e-08,3.28363960148123e-07,6.69353837155501e-07,5.880667729751e-07,5.46435814614768e-07,1.0024714145522e-06,8.43812206413225e-07,6.69353837155501e-07,5.880667729751e-07,6.68456791119916e-07,1.0024714145522e-06,9.93730947619884e-07,1.51380575632628e-06,5.880667729751e-07,6.68456791119916e-07,3.25245077420137e-07,9.93730947619884e-07,6.1108851079869e-07,9.02568117969411e-07,6.68456791119916e-07,3.25245077420137e-07,1.86113694800222e-07,6.1108851079869e-07,3.51389548493546e-07,6.08508340303547e-07,3.25245077420137e-07,1.86113694800222e-07,9.05683557598156e-08,3.51389548493546e-07,1.77960524961853e-07,3.53791384870606e-07,1.86113694800222e-07,9.05683557598156e-08,3.51553426003874e-08,1.77960524961853e-07,9.3013036086212e-08,1.53688819453442e-07,9.05683557598156e-08,3.51553426003874e-08,5.06143741038105e-08,9.3013036086212e-08,7.25801609194545e-08,1.31238999885072e-07,3.51553426003874e-08,5.06143741038105e-08,4.41656527415218e-08,7.25801609194545e-08,6.05156771033808e-08,7.51020946238533e-08
2.1504099533807e-07,4.93995436509169e-07,1.15358977638856e-06,4.57800816930415e-07,9.55467640441549e-07,9.11681737202477e-07,4.93995436509169e-07,1.15358977638856e-06,5.25882742328262e-07,9.55467640441549e-07,9.956279426126e-07,8.34756524712792e-07,1.15358977638856e-06,5.25882742328262e-07,2.47895459316351e-07,9.956279426126e-07,5.30134516639613e-07,9.69056220578907e-07,5.25882742328262e-07,2.47895459316351e-07,1.38832470187916e-07,5.30134516639613e-07,2.52168475223667e-07,5.08657938102727e-07,2.47895459316351e-07,1.38832470187916e-07,6.51065775036184e-08,2.52168475223667e-07,1.27842635102038e-07,2.40323998260866e-07,1.38832470187916e-07,6.51065775036184e-08,6.59208944737362e-08,1.27842635102038e-07,7.52048621049846e-08,1.34348210825242e-07,6.51065775036184e-08,6.59208944737362e-08,6.11460805729283e-08,7.52048621049846e-08,7.568429412891e-08,8.32701718018296e-08,6.59208944737362e-08,6.11460805729283e-08,4.61871138956374e-08,7.568429412891e-08,6.35725592448887e-08,7.78335443233627e-08,1.75714457634199e-07,3.69339726032275e-07,8.69069753778654e-07,3.50929932922128e-07,7.14759162045328e-07,6.8162524639564e-07,3.69339726032275e-07,8.69069753778654e-07,4.00715684147375e-07,7.14759162045328e-07,7.45641440225078e-07,6.1989423363855e-07,8.69069753778654e-07,4.00715684147375e-07,1.80708625730938e-07,7.45641440225078e-07,4.06724629043754e-07,7.2297472743452e-07,4.00715684147375e-07,1.80708625730938e-07,1.16533996060775e-07,4.06724629043754e-07,2.01055842348869e-07,4.19249180307067e-07,1.80708625730938e-07,1.16533996060775e-07,5.35619314376357e-08,2.01055842348869e-07,9.76856181092938e-08,1.70479552727166e-07,1.16533996060775e-07,5.35619314376357e-08,4.10266986100117e-08,9.76856181092938e-08,6.20941314549284e-08,9.24624312150701e-08,5.35619314376357e-08,4.10266986100117e-08,4.10025640416851e-08,6.20941314549284e-08,4.72985833713477e-08,6.16601378158551e-08,4.10266986100117e-08,4.10025640416851e-08,2.50658753945114e-08,4.72985833713477e-08,4.19217225865999e-08,5.53472398355362e-08
1.63670388647818e-07,2.12249012640897e-07,5.25882742328262e-07,2.19439850810646e-07,4.8521926246066e-07,4.80205205322368e-07,2.12249012640897e-07,5.25882742328262e-07,1.17219430405404e-06,4.8521926246066e-07,9.84008426922574e-07,9.04211710016778e-07,5.25882742328262e-07,1.17219430405404e-06,5.0561345272993e-07,9.84008426922574e-07,1.02368289363273e-06,8.67573638659937e-07,1.17219430405404e-06,5.0561345272993e-07,2.13188329021602e-07,1.02368289363273e-06,4.86904798095132e-07,9.57839618489606e-07,5.0561345272993e-07,2.13188329021602e-07,1.34496228000356e-07,4.86904798095132e-07,2.13684825227563e-07,4.9312411660874e-07,2.13188329021602e-07,1.34496228000356e-07,8.52203362777091e-08,2.13684825227563e-07,1.45085990276954e-07,2.03016190951615e-07,1.34496228000356e-07,8.52203362777091e-08,7.450550944255e-08,1.45085990276954e-07,1.01641366858519e-07,1.64677296166782e-07,8.52203362777091e-08,7.450550944255e-08,4.95806955353912e-08,1.01641366858519e-07,7.61729075947795e-08,9.56609040578379e-08,1.2656739337874e-07,1.56107037186411e-07,3.77614789530152e-07,1.61978949334318e-07,3.6132579072634e-07,3.48860995740331e-07,1.56107037186411e-07,3.77614789530152e-07,9.09260690900271e-07,3.6132579072634e-07,7.24717829900171e-07,6.87947159138328e-07,3.77614789530152e-07,9.09260690900271e-07,3.80939635108627e-07,7.24717829900171e-07,8.01474969633714e-07,6.4273271105329e-07,9.09260690900271e-07,3.80939635108627e-07,1.68969885428715e-07,8.01474969633714e-07,3.80350141391386e-07,7.84445590262917e-07,3.80939635108627e-07,1.68969885428715e-07,1.07028247021003e-07,3.80350141391386e-07,1.82723256973448e-07,3.96619013728124e-07,1.68969885428715e-07,1.07028247021003e-07,5.10049372014839e-08,1.82723256973448e-07,1.02663682470889e-07,1.49052075169852e-07,1.07028247021003e-07,5.10049372014839e-08,5.67637596521824e-08,1.02663682470889e-07,7.236931480797e-08,1.22921466076656e-07,5.10049372014839e-08,5.67637596521824e-08,4.78955470544025e-08,7.236931480797e-08,7.07363093946981e-08,7.81350932301809e-08
8.54372039145369e-08,1.44304084684853e-07,2.47895459316351e-07,1.56673991748654e-07,2.4801701597788e-07,2.62788931590669e-07,1.44304084684853e-07,2.47895459316351e-07,5.0561345272993e-07,2.4801701597788e-07,4.91775071899921e-07,4.71617955505338e-07,2.47895459316351e-07,5.0561345272993e-07,1.14399026319122e-06,4.91775071899921e-07,9.60933970145755e-07,9.1407962679815e-07,5.0561345272993e-07,1.14399026319122e-06,4.91034791871389e-07,9.60933970145755e-07,9.83007573408979e-07,8.23201378486812e-07,1.14399026319122e-06,4.91034791871389e-07,2.03703508195731e-07,9.83007573408979e-07,4.74286600794005e-07,9.61006665749518e-07,4.91034791871389e-07,2.03703508195731e-07,1.31413720067715e-07,4.74286600794005e-07,2.11774618290136e-07,4.51425524148554e-07,2.03703508195731e-07,1.31413720067715e-07,8.24844092700589e-08,2.11774618290136e-07,1.44320112311115e-07,2.31275114682788e-07,1.31413720067715e-07,8.24844092700589e-08,5.70107902854616e-08,1.44320112311115e-07,8.98059538586254e-08,1.50438266838232e-07,5.74876674120139e-08,1.1416447183523e-07,1.60409984703779e-07,1.26066089126319e-07,1.68940464093014e-07,1.7482476017928e-07,1.1416447183523e-07,1.60409984703779e-07,3.63416062416909e-07,1.68940464093014e-07,3.29897079933631e-07,3.35801879466257e-07,1.60409984703779e-07,3.63416062416909e-07,8.47518576891339e-07,3.29897079933631e-07,7.14334187482646e-07,6.69972255750242e-07,3.63416062416909e-07,8.47518576891339e-07,3.79003207952933e-07,7.14334187482646e-07,7.75084645081387e-07,6.52015156195411e-07,8.47518576891339e-07,3.79003207952933e-07,1.70670722769113e-07,7.75084645081387e-07,3.62697844176522e-07,7.56120323507103e-07,3.79003207952933e-07,1.70670722769113e-07,1.10318212270934e-07,3.62697844176522e-07,1.5532815966694e-07,3.22051422200873e-07,1.70670722769113e-07,1.10318212270934e-07,6.96917276122236e-08,1.5532815966694e-07,1.22295350316956e-07,1.774765332499e-07,1.10318212270934e-07,6.96917276122236e-08,6.39700436653794e-08,1.22295350316956e-07,9.27647985027334e-08,1.48890224349273e-07
2.1998928770496e-07,4.68266885138942e-07,9.956279426126e-07,4.49216919199291e-07,8.28303895392021e-07,7.99204886223671e-07,4.68266885138942e-07,9.956279426126e-07,9.84008426922574e-07,8.28303895392021e-07,1.61150447858597e-06,1.37876636063753e-06,9.956279426126e-07,9.84008426922574e-07,4.91775071899921e-07,1.61150447858597e-06,8.67913159556968e-07,1.42173468538228e-06,9.84008426922574e-07,4.91775071899921e-07,2.21218310919945e-07,8.67913159556968e-07,4.84389331594313e-07,8.16277252275282e-07,4.91775071899921e-07,2.21218310919945e-07,1.30655786776902e-07,4.84389331594313e-07,2.15139586038909e-07,4.85721636880136e-07,2.21218310919945e-07,1.30655786776902e-07,9.0023794776156e-08,2.15139586038909e-07,1.4425407279601e-07,2.05412652322126e-07,1.30655786776902e-07,9.0023794776156e-08,7.20692868020103e-08,1.4425407279601e-07,1.0136462323805e-07,1.61401404230433e-07,9.0023794776156e-08,7.20692868020103e-08,5.24094302171253e-08,1.0136462323805e-07,7.65324725924643e-08,1.02926569749887e-07,1.79157970188518e-07,3.49934717503797e-07,7.16974522142649e-07,3.3620031610932e-07,6.16167227818469e-07,5.9362568467723e-07,3.49934717503797e-07,7.16974522142649e-07,7.59017112546459e-07,6.16167227818469e-07,1.17528751000366e-06,1.04547447426748e-06,7.16974522142649e-07,7.59017112546459e-07,3.42029005222433e-07,1.17528751000366e-06,6.66538378794634e-07,1.03530293633013e-06,7.59017112546459e-07,3.42029005222433e-07,1.73877794482108e-07,6.66538378794634e-07,3.60210378336631e-07,6.6196825734438e-07,3.42029005222433e-07,1.73877794482108e-07,9.42712569461555e-08,3.60210378336631e-07,1.58682454296535e-07,3.47420133031501e-07,1.73877794482108e-07,9.42712569461555e-08,4.74442715443282e-08,1.58682454296535e-07,9.93330042248251e-08,1.35163732473742e-07,9.42712569461555e-08,4.74442715443282e-08,4.66367400497471e-08,9.93330042248251e-08,6.15418672585346e-08,1.08079683812953e-07,4.74442715443282e-08,4.66367400497471e-08,4.02810604601295e-08,6.15418672585346e-08,6.20347291189356e-08,7.82244961108378e-08
1.65180088445885e-07,2.39792780637101e-07,5.30134516639613e-07,2.40844627322046e-07,5.03517472745772e-07,5.07580767535181e-07,2.39792780637101e-07,5.30134516639613e-07,1.02368289363273e-06,5.03517472745772e-07,8.67913159556968e-07,8.130816025549e-07,5.30134516639613e-07,1.02368289363273e-06,9.60933970145755e-07,8.67913159556968e-07,1.63243844456491e-06,1.41098109768036e-06,1.02368289363273e-06,9.60933970145755e-07,4.66201925294567e-07,1.63243844456491e-06,8.18601901720754e-07,1.40794807764039e-06,9.60933970145755e-07,4.66201925294567e-07,2.20873022147096e-07,8.18601901720754e-07,4.60840543208754e-07,8.12231564342344e-07,4.66201925294567e-07,2.20873022147096e-07,1.53960095458281e-07,4.60840543208754e-07,2.28312255825478e-07,4.39635586953524e-07,2.20873022147096e-07,1.53960095458281e-07,8.93583101727306e-08,2.28312255825478e-07,1.70311564662297e-07,2.47514422941598e-07,1.53960095458281e-07,8.93583101727306e-08,5.77910609709985e-08,1.70311564662297e-07,8.98951912695253e-08,1.64625707490381e-07,1.0883215838779e-07,1.71166023319187e-07,3.8118604812911e-07,1.77381998997283e-07,3.67818956367708e-07,3.70054995116334e-07,1.71166023319187e-07,3.8118604812911e-07,7.73086605758801e-07,3.67818956367708e-07,6.30821511457037e-07,6.08699240908547e-07,3.8118604812911e-07,7.73086605758801e-07,6.98443681117692e-07,6.30821511457037e-07,1.24934334154806e-06,1.07090969413317e-06,7.73086605758801e-07,6.98443681117692e-07,3.52154057532574e-07,1.24934334154806e-06,6.29816483372952e-07,1.13880522410105e-06,6.98443681117692e-07,3.52154057532574e-07,1.73638559819858e-07,6.29816483372952e-07,3.51314158089952e-07,6.23749874094219e-07,3.52154057532574e-07,1.73638559819858e-07,9.66470218276143e-08,3.51314158089952e-07,1.50582976259524e-07,2.95686331537462e-07,1.73638559819858e-07,9.66470218276143e-08,7.32210192185335e-08,1.50582976259524e-07,1.21850358360192e-07,1.73699601702462e-07,9.66470218276143e-08,7.32210192185335e-08,6.34555556136741e-08,1.21850358360192e-07,9.1605386623978e-08,1.3734461466801e-07
2.23380751031306e-07,4.854437547589e-07,9.69056220578907e-07,4.61318969189682e-07,8.3283504700076e-07,8.12430710857249e-07,4.854437547589e-07,9.69056220578907e-07,8.67573638659937e-07,8.3283504700076e-07,1.42173468538228e-06,1.2384338684718e-06,9.69056220578907e-07,8.67573638659937e-07,9.1407962679815e-07,1.42173468538228e-06,1.41098109768036e-06,2.07652154726326e-06,8.67573638659937e-07,9.1407962679815e-07,4.64833800299936e-07,1.41098109768036e-06,7.93293850389585e-07,1.22275854200405e-06,9.1407962679815e-07,4.64833800299936e-07,2.083009214661e-07,7.93293850389585e-07,4.49462954639494e-07,7.71995455825165e-07,4.64833800299936e-07,2.083009214661e-07,1.46515105584732e-07,4.49462954639494e-07,2.17774459862574e-07,4.27802368214273e-07,2.083009214661e-07,1.46515105584732e-07,8.69272222195948e-08,2.17774459862574e-07,1.61533356867015e-07,2.36545562075364e-07,1.46515105584732e-07,8.69272222195948e-08,5.90668161124248e-08,1.61533356867015e-07,9.10236464549813e-08,1.6216604965276e-07,1.76375793931747e-07,3.64952992351771e-07,6.99610643406886e-07,3.52152960163389e-07,6.12939898344971e-07,6.00805102026351e-07,3.64952992351771e-07,6.99610643406886e-07,6.49258575583861e-07,6.12939898344971e-07,1.03562828762455e-06,9.31710339897161e-07,6.99610643406886e-07,6.49258575583861e-07,6.45552179247474e-07,1.03562828762455e-06,1.07377715746942e-06,1.55731364477103e-06,6.49258575583861e-07,6.45552179247474e-07,3.59223164795462e-07,1.07377715746942e-06,5.96827956880233e-07,9.95298532149461e-07,6.45552179247474e-07,3.59223164795462e-07,1.80673208736439e-07,5.96827956880233e-07,3.4937756593489e-07,5.7255556551335e-07,3.59223164795462e-07,1.80673208736439e-07,8.9582949429902e-08,3.4937756593489e-07,1.63481268878614e-07,3.01945661784107e-07,1.80673208736439e-07,8.9582949429902e-08,6.65301501288238e-08,1.63481268878614e-07,1.11039059978918e-07,1.82372419866166e-07,8.9582949429902e-08,6.65301501288238e-08,5.95221072153504e-08,1.11039059978918e-07,8.70553816572345e-08,1.31026723644648e-07
1.63670388647818e-07,2.12249012640897e-07,5.25882742328262e-07,2.19439850810646e-07,4.8521926246066e-07,4.80205205322368e-07,2.12249012640897e-07,5.25882742328262e-07,1.17219430405404e-06,4.8521926246066e-07,9.84008426922574e-07,9.04211710016778e-07,5.25882742328262e-07,1.17219430405404e-06,5.0561345272993e-07,9.84008426922574e-07,1.02368289363273e-06,8.67573638659937e-07,1.17219430405404e-06,5.0561345272993e-07,2.13188329021602e-07,1.02368289363273e-06,4.86904798095132e-07,9.57839618489606e-07,5.0561345272993e-07,2.13188329021602e-07,1.34496228000356e-07,4.86904798095132e-07,2.13684825227563e-07,4.9312411660874e-07,2.13188329021602e-07,1.34496228000356e-07,8.52203362777091e-08,2.13684825227563e-07,1.45085990276954e-07,2.03016190951615e-07,1.34496228000356e-07,8.52203362777091e-08,7.450550944255e-08,1.45085990276954e-07,1.01641366858519e-07,1.64677296166782e-07,8.52203362777091e-08,7.450550944255e-08,4.95806955353912e-08,1.01641366858519e-07,7.61729075947795e-08,9.56609040578379e-08,1.2656739337874e-07,1.56107037186411e-07,3.77614789530152e-07,1.61978949334318e-07,3.6132579072634e-07,3.48860995740331e-07,1.56107037186411e-07,3.77614789530152e-07,9.09260690900271e-07,3.6132579072634e-07,7.24717829900171e-07,6.87947159138328e-07,3.77614789530152e-07,9.09260690900271e-07,3.80939635108627e-07,7.24717829900171e-07,8.01474969633714e-07,6.4273271105329e-07,9.09260690900271e-07,3.80939635108627e-07,1.68969885428715e-07,8.01474969633714e-07,3.80350141391386e-07,7.84445590262917e-07,3.80939635108627e-07,1.68969885428715e-07,1.07028247021003e-07,3.80350141391386e-07,1.82723256973448e-07,3.96619013728124e-07,1.68969885428715e-07,1.07028247021003e-07,5.10049372014839e-08,1.82723256973448e-07,1.02663682470889e-07,1.49052075169852e-07,1.07028247021003e-07,5.10049372014839e-08,5.67637596521824e-08,1.02663682470889e-07,7.236931480797e-08,1.22921466076656e-07,5.10049372014839e-08,5.67637596521824e-08,4.78955470544025e-08,7.236931480797e-08,7.07363093946981e-08,7.81350932301809e-08
