1.23594820863598e-07,4.85497698343153e-08,2.41116623566742e-08,1.02364981661542e-07,4.69034400719071e-08,9.94940688752701e-08,3.900553058527e-08,1.98378511233976e-08,1.39503030346822e-08,3.7547188369671e-08,1.96832869698533e-08,3.86350855520426e-08,1.49510218153891e-08,1.00583586664964e-08,5.66757315855456e-09,1.4187803844866e-08,1.13217844779932e-08,1.50549286102479e-08,7.99493932569836e-09,3.83751065310376e-09,5.42080862368056e-09,8.70667454627644e-09,5.34786658009281e-09,1.00568755766349e-08,3.77150813965006e-09,4.36854143919174e-09,3.67270932704376e-09,4.43624155948657e-09,4.41899675325312e-09,5.01309480210895e-09,4.20897421023806e-09,3.23013239370515e-09,3.7260027767741e-09,3.88850066316626e-09,3.70651802252475e-09,4.50348800567707e-09,2.94101741059843e-09,3.37542397800386e-09,3.16456105969465e-09,3.36242884752513e-09,4.38916100225631e-09,3.85886520146524e-09,2.56890557447982e-09,2.60779480030093e-09,2.05187050220667e-09,3.15852118158243e-09,2.30819941991896e-09,2.9979064787287e-09,9.78350455364998e-08,4.01952485059781e-08,1.98998536554148e-08,8.11680451555916e-08,4.06709539895462e-08,7.94326978260537e-08,3.1849966325054e-08,1.63983245971618e-08,1.15679105631731e-08,3.36691563163592e-08,1.56389290541103e-08,3.43741770361987e-08,1.2574532340977e-08,7.77495809715845e-09,5.44668396027144e-09,1.12565433589415e-08,8.82836819928525e-09,1.3468378280992e-08,5.82874040920967e-09,4.35556532546787e-09,4.41413714843371e-09,7.15872861779159e-09,4.71019112286865e-09,7.48342579720062e-09,4.0237893738784e-09,3.47579851916499e-09,3.12331275093045e-09,3.70816466531207e-09,3.8442276121823e-09,3.85011099730568e-09,3.26163994298169e-09,2.42458680474735e-09,3.96082886712472e-09,3.00435808410588e-09,3.41355999266775e-09,4.10335798391372e-09,2.33747238372749e-09,3.70205630135976e-09,1.7989381698792e-09,2.95604734334895e-09,3.86055053133077e-09,2.41729848514177e-09,2.91406121747478e-09,1.54843088224287e-09,2.04546699219185e-10,2.47354039589786e-09,1.34370841833456e-09,2.14326354188849e-09
4.85497698343153e-08,1.09720655728831e-07,4.90731191469993e-08,8.5512441539305e-08,9.3959333313859e-08,7.16586457657163e-08,8.7575467207487e-08,4.02541284583581e-08,2.02288519955986e-08,7.54350316909869e-08,3.94117418543155e-08,7.36849257349246e-08,3.23429176068262e-08,1.47931284339005e-08,1.22840580846515e-08,3.02538588039479e-08,1.38829353514502e-08,2.79876152303813e-08,1.18533982132852e-08,9.40932200833358e-09,4.89601351351514e-09,1.06817432117643e-08,9.72463495523307e-09,1.090825104448e-08,7.10333254776907e-09,4.2535551782509e-09,3.49428070123126e-09,7.83585015067421e-09,4.58477254785876e-09,8.67733718180515e-09,3.78478766110463e-09,3.25420925649383e-09,2.89427528078702e-09,3.96202356951814e-09,3.4355193342474e-09,4.29465860251857e-09,2.79954286704397e-09,2.73648674131385e-09,1.88721597718419e-09,2.97216410084985e-09,3.27211750615212e-09,3.34719380848371e-09,2.08570428657287e-09,1.80269978500396e-09,1.57357179009215e-09,2.7657161096494e-09,2.32601380145116e-09,2.90978615004162e-09,3.86014189490997e-08,7.92279510199775e-08,3.76557010253334e-08,6.46277742320111e-08,7.34533528021531e-08,5.86698524446617e-08,6.25610061442243e-08,3.09727090825772e-08,1.78085434924654e-08,5.94453337706096e-08,2.9232329573581e-08,5.73430044882143e-08,2.48288519954727e-08,1.28816804872938e-08,8.52110181331597e-09,2.28678525202954e-08,1.25809699912106e-08,2.28085522392365e-08,9.81560958667555e-09,6.95178184637538e-09,4.76060727350717e-09,9.90320404513952e-09,8.04701070192233e-09,1.09551601865804e-08,5.54689936518263e-09,4.13182093424551e-09,3.05434941166416e-09,6.68300325498149e-09,4.14897490798619e-09,7.16142958276995e-09,3.67604969308706e-09,2.56429617892333e-09,2.98990435867909e-09,3.48421202447096e-09,3.47843115321705e-09,4.19772358174952e-09,2.07987732846267e-09,2.7425404012731e-09,1.5123509471909e-09,2.84163019076038e-09,3.02799074685508e-09,2.29402508440407e-09,1.96244727166983e-09,7.47031028959148e-10,7.30551628391096e-10,1.82318956700713e-09,1.24205387006506e-09,1.83219760360215e-09
2.41116623566742e-08,4.90731191469993e-08,1.32128264844899e-07,4.49107176952366e-08,1.08858339551503e-07,1.01045327798518e-07,4.02720751716184e-08,1.00595482785209e-07,4.33914606682799e-08,8.17167853375632e-08,8.02381192390349e-08,6.40743107992882e-08,7.51582418090967e-08,3.22853766733977e-08,1.64063926218484e-08,6.30919957638587e-08,2.91283420530283e-08,5.80304617052121e-08,2.62947313686162e-08,1.33223877042477e-08,1.18977191903821e-08,2.35183960253277e-08,1.2745083376106e-08,2.28649766517964e-08,1.08366583453222e-08,9.72327424116556e-09,5.53471969174525e-09,1.0122924845008e-08,1.04362416538824e-08,1.03951504473164e-08,8.39743844515749e-09,4.75991683842028e-09,3.99440571551905e-09,9.03541137431323e-09,5.94121251379227e-09,9.83602338105587e-09,4.04960453581176e-09,2.74114911895491e-09,2.15759539981138e-09,4.2627471412213e-09,3.26415374849635e-09,3.88376939709859e-09,2.33754692032802e-09,1.71202256586173e-09,1.35613056773601e-09,2.33251796013214e-09,2.18974203696052e-09,2.52268428212732e-09,1.63777603552907e-08,3.56837784992934e-08,8.36174685037773e-08,3.27676239941921e-08,7.03001897227441e-08,6.62161830608477e-08,2.85783078018951e-08,6.64219154528857e-08,3.64681322738209e-08,5.57107320657314e-08,5.98103621577187e-08,4.98812783338759e-08,5.62021748265219e-08,2.74327864804167e-08,1.54466369562809e-08,4.85533773648945e-08,2.48931947529157e-08,4.52163951629905e-08,2.18283907644459e-08,1.29240766486862e-08,9.62158906798933e-09,1.94877456053576e-08,1.42164098242103e-08,2.1958398570534e-08,9.90903513885396e-09,8.58615698217773e-09,5.59624910409565e-09,1.01333558570614e-08,1.00315363269191e-08,1.06547409167304e-08,7.7006936324406e-09,4.53448560312691e-09,4.49760669247432e-09,8.72375627575958e-09,6.62921575760902e-09,9.13182764924463e-09,3.54690400056282e-09,2.5594520559248e-09,1.87510516629327e-09,3.61473540850488e-09,3.6950053612466e-09,3.7183415215059e-09,2.04984572327935e-09,1.2324986017421e-09,8.85323132764587e-10,2.32430576792008e-09,1.30900312007731e-09,2.78135761246072e-09
1.02364981661542e-07,8.5512441539305e-08,4.49107176952366e-08,1.45711760523975e-07,7.14912612394409e-08,1.28026458413721e-07,6.75021302936131e-08,3.70052200561794e-08,1.9880621013544e-08,5.65574554410291e-08,3.63989016605109e-08,5.69080837329839e-08,2.942835178127e-08,1.45243804923806e-08,1.31209546498917e-08,2.74905582338459e-08,1.3990799608531e-08,2.58781502839029e-08,1.10236566365516e-08,1.03907549362685e-08,6.12694078545025e-09,1.04368857992707e-08,1.04430850317527e-08,1.11131574290413e-08,8.3626595693141e-09,5.35639803090796e-09,4.32107488224394e-09,8.36434381293987e-09,5.53894961706385e-09,9.38553154982113e-09,4.83565955172862e-09,3.95587727468912e-09,3.91962044322474e-09,4.69042435818314e-09,4.31824815432471e-09,5.52661209006132e-09,3.81714232308106e-09,3.79930884510369e-09,2.2386349305118e-09,4.19058218758858e-09,4.39344167855031e-09,4.26782815936394e-09,2.95460833673446e-09,2.09736912900767e-09,2.22564973515191e-09,3.46692966808655e-09,2.22207535579814e-09,3.72590289313054e-09,8.081962757495e-08,6.25180818208302e-08,3.4787681769735e-08,1.10020986793128e-07,5.86668878719278e-08,1.02333720402361e-07,4.92651104272313e-08,2.86644696543664e-08,1.73382592804252e-08,4.86425811716043e-08,2.68470606367104e-08,4.68571264459675e-08,2.33462660837727e-08,1.27234281392311e-08,9.86331043194191e-09,2.14693061623762e-08,1.36064439055443e-08,2.25988802241196e-08,8.98294831639404e-09,8.26971434059791e-09,5.84280281386854e-09,1.01911577213429e-08,8.27726062489185e-09,1.10058377331756e-08,7.09332430553992e-09,5.14047895302643e-09,3.54977320271059e-09,6.87220800267539e-09,4.990547263683e-09,7.22179823628746e-09,4.50716259155805e-09,2.83078943116806e-09,3.97553767555367e-09,3.82081601801029e-09,3.71487188703622e-09,4.94924506013822e-09,2.81779932009748e-09,3.84005323135036e-09,1.58358339713608e-09,3.54100084247396e-09,3.93740354023741e-09,3.00846782845506e-09,2.83296216710531e-09,1.24889190644527e-09,6.00890220059984e-10,2.60556603989559e-09,1.51928020405909e-09,2.92078975598486e-09
4.69034400719071e-08,9.3959333313859e-08,1.08858339551503e-07,7.14912612394409e-08,1.64141016735915e-07,1.33941699784291e-07,7.54556165525e-08,8.17188923104952e-08,4.0694946172435e-08,1.26700207690523e-07,6.41409335693459e-08,1.04443085990687e-07,6.0444312463175e-08,3.06302843534232e-08,1.62139237811964e-08,4.99838079916397e-08,2.74800956236167e-08,4.53016468249415e-08,2.49086519978477e-08,1.27139806214563e-08,1.27195910250945e-08,2.21039798714834e-08,1.21484933274886e-08,2.18269579520936e-08,1.02710818106497e-08,1.05907417761712e-08,6.12336986955516e-09,9.60020924360208e-09,1.13689012315357e-08,9.29600908118463e-09,9.34428591736814e-09,5.42993691606191e-09,4.98846233298479e-09,1.00726412525086e-08,5.91149771821033e-09,1.01835469125663e-08,4.672366839288e-09,4.60689167419838e-09,3.41963892441146e-09,5.25263066755176e-09,6.04862566434133e-09,5.86202993048407e-09,4.00262380688688e-09,3.29536591652324e-09,1.90359156744172e-09,5.04827155745489e-09,3.7045231050842e-09,4.63720650890542e-09,3.58728279477567e-08,6.91279125989543e-08,7.27651158112671e-08,5.40989203395623e-08,1.16045300250259e-07,9.69134033415595e-08,5.57520016215613e-08,5.70517900385488e-08,3.46267174630282e-08,9.27135828468874e-08,5.04864709521399e-08,8.25988473142153e-08,4.69474579821613e-08,2.58414357636252e-08,1.43489843982881e-08,3.98723983736642e-08,2.39252283374715e-08,3.70565975565443e-08,2.06724083552655e-08,1.16547054344233e-08,1.02009070058239e-08,1.90474206320936e-08,1.21480593192571e-08,2.01560906850193e-08,8.73339228499174e-09,9.26973611915519e-09,5.3818294771554e-09,8.56670720659138e-09,9.99395488535137e-09,8.44015499114452e-09,8.59733304308954e-09,4.39763119315807e-09,5.06284758823037e-09,8.9310912388255e-09,5.60651711704147e-09,7.91514859327334e-09,3.7315609669784e-09,4.82775294114885e-09,1.82650553706411e-09,4.82520653596363e-09,5.22643815062305e-09,3.99065233133747e-09,3.82898409528265e-09,1.45559310321602e-09,1.35763083901324e-09,3.61535259462862e-09,2.51148860879331e-09,4.04218538588966e-09
9.94940688752701e-08,7.16586457657163e-08,1.01045327798518e-07,1.28026458413721e-07,1.33941699784291e-07,2.02905640278941e-07,5.66490527616761e-08,7.49964697056813e-08,3.87540466193633e-08,1.00838048584597e-07,5.92476721312284e-08,8.25959193396387e-08,5.55150221439294e-08,2.9657908042151e-08,1.52169928332614e-08,4.59738571263433e-08,2.6746803399794e-08,4.21165812965587e-08,2.35201764368442e-08,1.21643680257809e-08,1.43896651321786e-08,2.10286789568453e-08,1.214034339025e-08,2.11676037596068e-08,1.00009837422184e-08,1.20056439659305e-08,6.10547400740162e-09,9.46460689908988e-09,1.17398598062026e-08,9.34967070503366e-09,1.08711259598619e-08,5.49765950371384e-09,5.59565380109332e-09,1.05394631615387e-08,6.66609461899915e-09,1.14852040923053e-08,5.11682258095507e-09,5.19165256565214e-09,3.22972135317266e-09,6.35398992517578e-09,6.20258189974519e-09,6.44812582763058e-09,3.9841045238127e-09,2.6909461399989e-09,2.15409866466475e-09,4.48430047824001e-09,3.02766684986397e-09,4.67222298401875e-09,7.70089914830817e-08,5.44730731592489e-08,6.75238175308056e-08,9.74852817940742e-08,9.69916275491259e-08,1.48492386732912e-07,4.38961038439754e-08,5.36052672048086e-08,3.30110387373791e-08,7.88211814309249e-08,4.6629091403288e-08,6.93930473792366e-08,4.45008791742383e-08,2.53261894624764e-08,1.48091486026709e-08,3.76086787674642e-08,2.48562602888344e-08,3.64116799731504e-08,1.94930105518085e-08,1.20983790584372e-08,1.137004866132e-08,1.89482830212823e-08,1.27812286592988e-08,2.02839994030748e-08,9.25250389674841e-09,1.00545070642602e-08,5.32479494519857e-09,8.82179135685143e-09,9.2972625802505e-09,7.91430398002913e-09,9.45329367407103e-09,4.27537711966704e-09,5.56979653684555e-09,8.14784371123713e-09,5.65557274120264e-09,8.53011523269647e-09,4.13889154606457e-09,5.43167138501063e-09,1.83283587443495e-09,5.33076530220905e-09,5.6769916761241e-09,4.51032180238477e-09,4.10675615193808e-09,1.32771982843836e-09,8.03795347803337e-10,3.73850123925014e-09,1.98046400864246e-09,4.36852011374601e-09
3.900553058527e-08,8.7575467207487e-08,4.02720751716184e-08,6.75021302936131e-08,7.54556165525e-08,5.66490527616761e-08,1.13971007420923e-07,5.05416717918169e-08,2.47296487632013e-08,9.92071518255322e-08,4.89120033859986e-08,9.64528763393332e-08,3.92650851298993e-08,1.84626488092382e-08,1.53103133155578e-08,3.67160981803303e-08,1.91611566512814e-08,3.55327795798339e-08,1.41302879187538e-08,1.18711876319189e-08,6.36107930839121e-09,1.43210621139169e-08,1.21465550662395e-08,1.44280104417866e-08,8.91262356155828e-09,5.16095803463628e-09,4.14953770040747e-09,9.624293875336e-09,5.27012232279933e-09,1.02404685029068e-08,4.54791978649142e-09,3.7707305445888e-09,4.15083066404736e-09,4.4633220845634e-09,4.08004995682252e-09,5.13808708791497e-09,3.15386767383258e-09,3.75015570895664e-09,2.77888099173901e-09,3.46334864891546e-09,4.47021793601143e-09,4.21682126244054e-09,2.99784033035829e-09,2.22394327594223e-09,1.72099946435131e-09,3.58875508581631e-09,2.86612850612531e-09,3.62033794866486e-09,2.98677105858799e-08,6.25601596786467e-08,3.09772511605275e-08,5.07372543065622e-08,5.94406963875366e-08,4.69669667753137e-08,8.15831053850048e-08,3.92687798053976e-08,2.20077479193731e-08,7.93522968905636e-08,3.72171415563998e-08,7.69682797029069e-08,3.05549391850446e-08,1.62608096321507e-08,1.08740122572296e-08,2.87196959634709e-08,1.71046207674827e-08,2.95671663891541e-08,1.20745633537155e-08,9.12301101396881e-09,5.74763011803668e-09,1.30890513142703e-08,9.34316508408507e-09,1.42445122549564e-08,7.2281191293882e-09,4.28739471073655e-09,3.24229552468118e-09,7.88712520531638e-09,4.19038471938617e-09,8.1156785303811e-09,3.7858977404068e-09,2.66168941391502e-09,3.97959342116233e-09,3.62808014630995e-09,3.90956328423212e-09,4.355782962042e-09,2.05610525899188e-09,3.63422478100562e-09,1.52920807294543e-09,3.15006284635921e-09,4.20698220778372e-09,2.93153060792329e-09,2.98799684203504e-09,7.38863654756211e-10,8.54904769149815e-10,3.09973714686159e-09,4.15531681626179e-10,2.62150055386526e-09
1.98378511233976e-08,4.02541284583581e-08,1.00595482785209e-07,3.70052200561794e-08,8.17188923104952e-08,7.49964697056813e-08,5.05416717918169e-08,1.26575072131233e-07,5.24882684996314e-08,9.91300451461053e-08,1.03418386211057e-07,7.93339508541731e-08,9.41944315537134e-08,3.9202655284673e-08,2.03948994114936e-08,8.0574983768193e-08,3.67886595742433e-08,7.52890554629441e-08,3.1398915069427e-08,1.66303632351786e-08,1.39504451724006e-08,2.92102658282643e-08,1.63251279668996e-08,2.85059433036502e-08,1.32668284260228e-08,1.13374396197724e-08,6.46061596029272e-09,1.24939071195139e-08,1.17875790869647e-08,1.26116022189777e-08,9.93173893701769e-09,5.68517137838441e-09,5.38654293056063e-09,1.02885729378543e-08,7.07757352828607e-09,1.13490500639985e-08,4.87903220260153e-09,3.9848248622715e-09,3.39487761674934e-09,5.21041285873673e-09,4.8441847746075e-09,5.37642777711741e-09,3.37387195422184e-09,2.56565366065051e-09,1.95974494855632e-09,3.48891378681664e-09,3.38652732606458e-09,3.76512501168958e-09,1.36254447815184e-08,2.85647781066634e-08,6.64153587893883e-08,2.5884898411917e-08,5.56904647204371e-08,5.27522617641817e-08,3.78205554731183e-08,8.47154014631846e-08,4.47681168970893e-08,7.11538563392532e-08,7.77020296849701e-08,6.51299949535779e-08,7.01159601636373e-08,3.42742021849209e-08,1.92651464229987e-08,6.22991709959495e-08,3.20239303048195e-08,5.96320493549746e-08,2.68836836097946e-08,1.61325904518165e-08,1.11372490073968e-08,2.46896073622088e-08,1.74327943049385e-08,2.68949794152082e-08,1.22353051962736e-08,9.70813004250574e-09,6.35572970550262e-09,1.21601755938235e-08,1.0768489466935e-08,1.26737452739783e-08,8.74362431335436e-09,5.23784414438508e-09,5.36477704964921e-09,9.61218316392443e-09,7.6058269941579e-09,1.02765039873963e-08,4.24005838758494e-09,3.45348452148648e-09,2.52368298421414e-09,4.35960133502607e-09,5.1983074188673e-09,5.04213295882433e-09,3.10626280791243e-09,1.87396551645161e-09,9.3537044877438e-10,3.68065366288518e-09,1.13331104240149e-09,3.36286268144074e-09
1.39503030346822e-08,2.02288519955986e-08,4.33914606682799e-08,1.9880621013544e-08,4.0694946172435e-08,3.87540466193633e-08,2.47296487632013e-08,5.24882684996314e-08,1.18273841169759e-07,4.83937773903319e-08,9.8918543805418e-08,9.09614298803923e-08,3.92274008681471e-08,8.42835391902615e-08,3.97732309997828e-08,6.93701264649387e-08,7.04136916406677e-08,5.69949548053035e-08,6.72780938891804e-08,3.06796415718153e-08,1.61773263308125e-08,5.52613730726797e-08,2.89668021233926e-08,5.2075215575917e-08,2.49257881752704e-08,1.29730205944548e-08,1.20945447326412e-08,2.25956189845194e-08,1.27091349191309e-08,2.16672610810044e-08,1.1646663115694e-08,1.10118195064832e-08,7.06520611589319e-09,1.1187022991145e-08,1.19739538178873e-08,1.19252218189028e-08,9.08527867897054e-09,5.89717840018445e-09,4.97906938176667e-09,1.01912617953341e-08,7.79783828455484e-09,1.09438684938645e-08,4.70051195186543e-09,4.0319007213022e-09,2.06081777754489e-09,5.59349214640481e-09,3.38469312413445e-09,5.21505296896977e-09,1.03887323756624e-08,1.30222494737084e-08,3.13757871850436e-08,1.24207660556318e-08,3.22863756825541e-08,3.03840213028483e-08,1.64450167509908e-08,3.91016222571249e-08,8.40632377879272e-08,3.92945552405816e-08,6.6367435190003e-08,6.48475913747829e-08,2.99195396932505e-08,6.147647641961e-08,3.20888773460191e-08,4.78534858331961e-08,5.64858436706176e-08,4.50264711976269e-08,4.97027332133014e-08,2.55677288816323e-08,1.26212351197163e-08,4.42008587552435e-08,2.49309643729183e-08,4.19457194735687e-08,2.02521763106557e-08,9.59214942682241e-09,8.4932351122878e-09,1.80512040349937e-08,1.00365196053796e-08,1.86871321886765e-08,8.3580373118227e-09,7.4379778172563e-09,6.84408209453799e-09,8.20664548710776e-09,8.15319396773135e-09,7.44673915352088e-09,6.43963718440993e-09,6.08889731590141e-09,4.10003614909786e-09,6.94819464240804e-09,7.62628181901023e-09,6.86968006848785e-09,5.03832343556736e-09,2.90594350536312e-09,2.41528551484702e-09,4.87736567978732e-09,2.98880451120035e-09,4.88621267406472e-09
3.7547188369671e-08,7.54350316909869e-08,8.17167853375632e-08,5.65574554410291e-08,1.26700207690523e-07,1.00838048584597e-07,9.92071518255322e-08,9.91300451461053e-08,4.83937773903319e-08,1.62443284824242e-07,7.88078274341313e-08,1.35679308762557e-07,7.23334969612832e-08,3.66932245280011e-08,2.13738673609411e-08,6.00794718525738e-08,3.58232740818929e-08,5.67609815316641e-08,2.94476225575802e-08,1.71453160855948e-08,1.48238744109407e-08,2.84010957556171e-08,1.61699792131984e-08,2.76646700190864e-08,1.30369652724396e-08,1.22947527744422e-08,7.19565913932925e-09,1.2087094326443e-08,1.29354263667764e-08,1.14611736987543e-08,1.08732095201532e-08,6.37337807847217e-09,6.0752770500158e-09,1.13833587733449e-08,6.68303905922045e-09,1.16468112552805e-08,5.46207111460647e-09,5.48203737514288e-09,4.5680398308743e-09,5.87249277822854e-09,7.39738701627685e-09,7.38303656035894e-09,4.7620081664531e-09,3.87476730551225e-09,2.12512737167703e-09,5.91895703089337e-09,4.46117041041941e-09,5.48025042145715e-09,2.76868325446453e-08,5.57365824515672e-08,5.70437363050721e-08,4.17047215907477e-08,9.26908806590494e-08,7.64747358176663e-08,7.38831316939944e-08,7.1948542041929e-08,4.23399627606103e-08,1.22505348794897e-07,6.46969718639566e-08,1.1066454930932e-07,5.8197403476786e-08,3.18811004807124e-08,1.86896713308236e-08,5.06904569501857e-08,3.09447822776466e-08,4.9240067393441e-08,2.536255595148e-08,1.52710781724945e-08,1.09792210355329e-08,2.41731001273434e-08,1.49313789098124e-08,2.4690708843929e-08,1.14511304295203e-08,1.00405726679649e-08,6.10209171229533e-09,1.06972404609156e-08,1.06754657797247e-08,1.0421942944321e-08,9.30491935197524e-09,5.02799860867413e-09,5.57254496357383e-09,9.83466650884255e-09,6.33647702935918e-09,8.66513996926006e-09,4.2257237149416e-09,5.30777549019038e-09,1.9001100733902e-09,5.33912987086549e-09,6.39600093004165e-09,5.19053018610426e-09,4.43501932222378e-09,1.38573947652953e-09,1.56190536013772e-09,4.61421188253168e-09,1.62397258493037e-09,4.47253763453226e-09
1.96832869698533e-08,3.94117418543155e-08,8.02381192390349e-08,3.63989016605109e-08,6.41409335693459e-08,5.92476721312284e-08,4.89120033859986e-08,1.03418386211057e-07,9.8918543805418e-08,7.88078274341313e-08,1.63738627783383e-07,1.29558911945895e-07,8.06030765568795e-08,6.93708150250287e-08,3.74521202895734e-08,1.20591222374447e-07,5.73817419664412e-08,1.03301043526186e-07,5.47014768177317e-08,2.94697239196183e-08,1.59279928389631e-08,4.49182374136956e-08,2.79278042091531e-08,4.33363053526792e-08,2.4022311192915e-08,1.32259416264189e-08,1.25808174136959e-08,2.19042727835737e-08,1.27331300453369e-08,2.10308443829155e-08,1.17478951135008e-08,1.1175908580714e-08,7.51785363934888e-09,1.11679796016647e-08,1.34427493660432e-08,1.25033323561966e-08,9.25271833869162e-09,5.86414675390873e-09,4.74961916074579e-09,1.05148108455418e-08,7.24886363401139e-09,1.08479532275693e-08,5.27098055435158e-09,4.22365956303698e-09,2.9895249326845e-09,5.62073188684166e-09,4.87808455306911e-09,5.78268394774075e-09,1.37487109077939e-08,2.75514454826525e-08,5.90285483933935e-08,2.46726515722671e-08,5.07010348699633e-08,4.70943075448521e-08,3.60852004011949e-08,7.51647235507126e-08,7.19365164679712e-08,6.42914769258385e-08,1.09296537445372e-07,9.43786510241105e-08,6.06072481629247e-08,5.46287150570389e-08,3.23584794815946e-08,8.43797222542326e-08,5.04056637283357e-08,7.96259950130341e-08,4.2785507568162e-08,2.59217326909843e-08,1.33104195688412e-08,3.8247251900497e-08,2.56892073440631e-08,3.86738919214437e-08,2.00475311308608e-08,1.11376073159263e-08,1.01364539902969e-08,1.85349086675427e-08,1.17241424877839e-08,1.94062526500149e-08,9.54883747031851e-09,8.91769129145298e-09,8.5500257707896e-09,9.97879710698311e-09,1.21906923443575e-08,1.20968089661859e-08,7.64948371842372e-09,6.03697428632034e-09,4.00725990111632e-09,8.20725083967699e-09,7.38285324109989e-09,8.72687658265024e-09,5.71924787937651e-09,3.27164601923269e-09,2.82945407578116e-09,5.83668501484123e-09,3.32175636420851e-09,5.68250066137788e-09
3.86350855520426e-08,7.36849257349246e-08,6.40743107992882e-08,5.69080837329839e-08,1.04443085990687e-07,8.25959193396387e-08,9.64528763393332e-08,7.93339508541731e-08,9.09614298803923e-08,1.35679308762557e-07,1.29558911945895e-07,1.968091867282e-07,6.01775749112239e-08,6.46851682076675e-08,3.69822756250368e-08,9.3806685870049e-08,5.40615015454657e-08,7.99298787819832e-08,5.13767320793398e-08,2.92841435053059e-08,1.60308187575763e-08,4.2713115160155e-08,2.73864950615049e-08,4.1302847418303e-08,2.37968192672397e-08,1.36519209640394e-08,1.34180891633147e-08,2.18280282645493e-08,1.31546768302652e-08,2.03334410486781e-08,1.19860831659931e-08,1.19856053357796e-08,7.69332334699352e-09,1.12143395726577e-08,1.24232182256923e-08,1.15008610129454e-08,9.91011725479184e-09,6.71230929399285e-09,5.81423162232738e-09,1.06197191436803e-08,8.67830492922202e-09,1.11757136096845e-08,5.83628267185811e-09,5.23588392160237e-09,3.51530256281233e-09,6.84230564326683e-09,5.7971983899175e-09,6.65754856799048e-09,2.86236016848433e-08,5.37903927647966e-08,5.02317024234727e-08,4.16180476682969e-08,8.35584678201967e-08,6.91972909073766e-08,7.1481941372031e-08,6.38294342195692e-08,6.71715006716303e-08,1.10242924092843e-07,9.22352127793256e-08,1.50015054852135e-07,4.97121349423133e-08,5.03391140890466e-08,3.18075693641901e-08,7.01334448082108e-08,4.73235757677995e-08,6.65853826339691e-08,4.04198724136972e-08,2.51290898522851e-08,1.21238811721997e-08,3.66490897495929e-08,2.34829636628357e-08,3.61232867652119e-08,1.97077784506739e-08,1.05321432741834e-08,1.0255906282539e-08,1.76348379666182e-08,1.14132459587973e-08,1.80585785716258e-08,8.90704661369428e-09,9.13878337355458e-09,7.32991307342538e-09,9.46110182618531e-09,9.38293348086649e-09,9.26957301129879e-09,8.00173033477571e-09,6.73837308869726e-09,4.09010606645974e-09,8.21070905052407e-09,8.51536668209372e-09,8.57627525544977e-09,5.83812259619969e-09,3.22259961565069e-09,3.12096114512871e-09,6.3711611368835e-09,3.83980165502918e-09,5.70143074146061e-09
1.49510218153891e-08,3.23429176068262e-08,7.51582418090967e-08,2.942835178127e-08,6.0444312463175e-08,5.55150221439294e-08,3.92650851298993e-08,9.41944315537134e-08,3.92274008681471e-08,7.23334969612832e-08,8.06030765568795e-08,6.01775749112239e-08,1.25662547505694e-07,4.84805206179389e-08,2.58367863537148e-08,1.06134957436677e-07,4.69208379931187e-08,1.01091371585143e-07,3.82568839534821e-08,2.0539781046674e-08,1.68326683558874e-08,3.63634660285549e-08,1.99939998563613e-08,3.49793606649647e-08,1.66969898047598e-08,1.36174591078541e-08,8.48048401977097e-09,1.56148567456983e-08,1.44152995058361e-08,1.56898138145662e-08,1.19211716647956e-08,7.24998196391365e-09,6.46167644702172e-09,1.23202715120267e-08,8.76900416415429e-09,1.35217362547497e-08,6.22627984796901e-09,4.9521301210582e-09,4.22661738367279e-09,6.68315137873976e-09,5.99900646047306e-09,6.99306581396503e-09,4.37464981459628e-09,3.29880637328267e-09,2.44449730927521e-09,4.6579135743097e-09,4.16645892476618e-09,4.82087640070341e-09,1.08604151375169e-08,2.28305980822255e-08,5.618017511469e-08,2.05813049128421e-08,4.67964352057472e-08,4.32810041235508e-08,2.84064697300234e-08,7.01130949379528e-08,3.42883706754124e-08,5.71081145367385e-08,6.23104499429715e-08,5.00006984056376e-08,9.03729458472087e-08,4.38855229688675e-08,2.36930674898458e-08,8.3073406059113e-08,4.14185153822759e-08,7.78462273519163e-08,3.47461031221155e-08,1.98276701760354e-08,1.31678769834438e-08,3.23495338276305e-08,2.10009222361043e-08,3.37731527643205e-08,1.55437888625819e-08,1.13708035452176e-08,8.12896423720129e-09,1.53557995103129e-08,1.2899699564154e-08,1.5978552581864e-08,1.05011255611149e-08,6.50620779404688e-09,6.15352772710179e-09,1.17170757629586e-08,8.9084181592395e-09,1.21886485983336e-08,5.58642998067817e-09,4.1244901394228e-09,3.11721892486753e-09,5.47681446960884e-09,6.10200204749136e-09,6.91251019292833e-09,3.81188864887055e-09,2.37072384767373e-09,1.06140534657698e-09,4.5732953130224e-09,1.46301634782562e-09,3.78293477592864e-09
1.00583586664964e-08,1.47931284339005e-08,3.22853766733977e-08,1.45243804923806e-08,3.06302843534232e-08,2.9657908042151e-08,1.84626488092382e-08,3.9202655284673e-08,8.42835391902615e-08,3.66932245280011e-08,6.93708150250287e-08,6.46851682076675e-08,4.84805206179389e-08,1.09264977700049e-07,4.96705614042074e-08,8.37606557514165e-08,9.32907310876304e-08,7.12718277418324e-08,8.81207834821678e-08,3.84682073417951e-08,1.95152469355012e-08,7.41791506874779e-08,3.54709235880956e-08,6.9091226953704e-08,3.20858909469374e-08,1.56188015880919e-08,1.50680381792194e-08,2.8489717224744e-08,1.52106094433896e-08,2.74274598038821e-08,1.41623505373517e-08,1.36129667544989e-08,8.6634677831526e-09,1.34403843117245e-08,1.44556661749964e-08,1.46493212893451e-08,1.14564308839911e-08,7.0095688085658e-09,5.84351901997788e-09,1.22125494917344e-08,9.04560049262904e-09,1.32680326231661e-08,5.84592842938325e-09,4.95538088831419e-09,2.96592779072979e-09,6.87574888947383e-09,4.2723585935422e-09,6.54301690305693e-09,7.1594068043264e-09,9.60343458606003e-09,2.39090766062628e-08,8.76685315624204e-09,2.53208825403426e-08,2.38950423522475e-08,1.26013172873281e-08,2.9905647995043e-08,6.14695503759606e-08,3.08902317280937e-08,4.78439891941701e-08,4.80813311636593e-08,3.78894534311909e-08,8.1158874008288e-08,4.05930660841142e-08,6.15012512111962e-08,7.38450162465812e-08,5.73969013770251e-08,6.72201668561163e-08,3.27294342969308e-08,1.54473865427076e-08,5.9619599533029e-08,3.08085318182453e-08,5.55454015342325e-08,2.68553367547438e-08,1.19403848355965e-08,1.125088904068e-08,2.34311738786415e-08,1.20268158433058e-08,2.40339386924105e-08,1.05824911966322e-08,1.01154446936298e-08,8.57910726811208e-09,9.9990115887449e-09,1.02696581348714e-08,9.49067725425114e-09,8.96617433926783e-09,7.15536541734663e-09,4.69572700179531e-09,8.64996110359855e-09,9.04193466517467e-09,9.70682788221237e-09,6.15679506465337e-09,3.46104081345908e-09,2.79929738796395e-09,6.27342079685167e-09,3.72818391551924e-09,6.4758484370815e-09
5.66757315855456e-09,1.22840580846515e-08,1.64063926218484e-08,1.31209546498917e-08,1.62139237811964e-08,1.52169928332614e-08,1.53103133155578e-08,2.03948994114936e-08,3.97732309997828e-08,2.13738673609411e-08,3.74521202895734e-08,3.69822756250368e-08,2.58367863537148e-08,4.96705614042074e-08,1.29555922421397e-07,4.56837344590991e-08,1.0558079300824e-07,9.94631723327812e-08,3.84947683108259e-08,9.5963835718859e-08,4.15339723326962e-08,7.6138457856828e-08,7.51674804410566e-08,5.93567122783452e-08,7.113633244715e-08,3.15655141257258e-08,1.76489982815711e-08,5.69584179602007e-08,2.98519211615143e-08,5.37845840128722e-08,2.73393768998473e-08,1.50995400113053e-08,1.1043471904156e-08,2.5370509717335e-08,1.63075838963346e-08,2.62654464653197e-08,1.25524727499539e-08,9.22474466019441e-09,6.11150712842888e-09,1.31124095048203e-08,1.14068566769577e-08,1.29030799018081e-08,8.07664169326685e-09,5.58502874932706e-09,2.95811009087266e-09,9.85228232474648e-09,5.14637354034085e-09,9.61376312139693e-09,4.92560625910409e-09,8.4531391045826e-09,1.08154634004699e-08,9.15761870424731e-09,1.15270612036345e-08,1.24061788248716e-08,1.04907817683311e-08,1.4020787922614e-08,3.00540044278557e-08,1.71238568984959e-08,2.59534862479137e-08,2.7462415202399e-08,1.72941086234065e-08,3.94576340288358e-08,9.0814831506089e-08,3.3604269819537e-08,7.41603697851464e-08,6.64428743916264e-08,3.03058885913167e-08,6.9553579442029e-08,3.14159758532486e-08,5.55686208846639e-08,5.62975137974053e-08,4.67717459427644e-08,5.37583686996285e-08,2.4742208879167e-08,1.53897446116661e-08,4.32943323461907e-08,2.56526510748158e-08,4.35161232781386e-08,2.15344761388995e-08,1.29802738023663e-08,8.58529032692030e-09,2.12624330320928e-08,1.33314388197388e-08,2.11411478933349e-08,1.14554580121613e-08,7.10670260953412e-09,6.09458993001579e-09,1.12212195935511e-08,9.79917428147866e-09,1.09428638023136e-08,6.37908559700092e-09,5.07635867556933e-09,2.88099826421555e-09,8.26429136917172e-09,4.587576369796e-09,6.94922878316243e-09
1.4187803844866e-08,3.02538588039479e-08,6.30919957638587e-08,2.74905582338459e-08,4.99838079916397e-08,4.59738571263433e-08,3.67160981803303e-08,8.0574983768193e-08,6.93701264649387e-08,6.00794718525738e-08,1.20591222374447e-07,9.3806685870049e-08,1.06134957436677e-07,8.37606557514165e-08,4.56837344590991e-08,1.55125248218821e-07,7.07619574719361e-08,1.35382799786775e-07,6.61696804304154e-08,3.62081406959709e-08,1.94036725105559e-08,5.52068699200666e-08,3.34168338001654e-08,5.21936442549755e-08,3.00830389878659e-08,1.58642233787459e-08,1.59388125994792e-08,2.66406626591225e-08,1.56965378947867e-08,2.59602591502235e-08,1.43024602125006e-08,1.37278936429029e-08,8.94113180004474e-09,1.36511156379719e-08,1.5874119587922e-08,1.5149984639244e-08,1.16367567227111e-08,7.11906915045968e-09,5.45079315448289e-09,1.26567501407625e-08,8.49572075459655e-09,1.3493262535843e-08,6.57269194031123e-09,4.91125481048716e-09,3.53660715617547e-09,6.91147671879923e-09,5.54371973529273e-09,7.19518562094507e-09,1.04207567448915e-08,2.14627629591282e-08,4.84846269838392e-08,1.90160480424102e-08,4.11140813543034e-08,3.84044378164175e-08,2.66671725961887e-08,6.05915571341565e-08,5.46204579174176e-08,5.00475238683527e-08,8.43686272114959e-08,7.23844047192153e-08,7.81287624892662e-08,6.81652245504541e-08,3.88380927457222e-08,1.11873145610034e-07,6.21015490165617e-08,1.03077976204772e-07,5.42839300601351e-08,3.17307222116098e-08,1.62670983572367e-08,4.81626572831925e-08,3.05073154564445e-08,4.70453440978555e-08,2.52870218607263e-08,1.33935716001105e-08,1.28293213004754e-08,2.26879185493281e-08,1.41062843544925e-08,2.38296916264533e-08,1.18649875460531e-08,1.09646557616046e-08,9.41386479964935e-09,1.21510765921763e-08,1.42826685561856e-08,1.44119661499128e-08,9.73671709279263e-09,6.78987879239074e-09,4.53303387486894e-09,1.01602594997133e-08,8.59014313846833e-09,1.18780389244992e-08,6.5282315706073e-09,3.66466643762522e-09,2.76419659323181e-09,6.94757647579067e-09,3.47574126552023e-09,6.42573897543371e-09
1.13217844779932e-08,1.38829353514502e-08,2.91283420530283e-08,1.3990799608531e-08,2.74800956236167e-08,2.6746803399794e-08,1.91611566512814e-08,3.67886595742433e-08,7.04136916406677e-08,3.58232740818929e-08,5.73817419664412e-08,5.40615015454657e-08,4.69208379931187e-08,9.32907310876304e-08,1.0558079300824e-07,7.07619574719361e-08,1.62533780188677e-07,1.28874295477196e-07,7.42074559518875e-08,7.61425781798952e-08,3.84760462079513e-08,1.23100971641635e-07,5.98211181276773e-08,1.00209113971088e-07,5.75022440572687e-08,2.87535641455067e-08,1.71893262197661e-08,4.6086350242644e-08,2.70162866706392e-08,4.23115076637913e-08,2.57256962256411e-08,1.4483230286734e-08,1.40501510281123e-08,2.32622702385121e-08,1.62590841852681e-08,2.49565838574248e-08,1.20558344163829e-08,1.09781279658507e-08,7.10451385362373e-09,1.31610450666433e-08,1.28186281827465e-08,1.34607740242022e-08,9.6534987592129e-09,6.76184262597185e-09,3.54086681391043e-09,1.14569718685817e-08,5.88521274794783e-09,1.0757508465077e-08,8.26014436736554e-09,9.60787353374976e-09,2.10640789727668e-08,9.14300537204547e-09,2.16302521647866e-08,2.07200299992953e-08,1.31691355679655e-08,2.80046893943871e-08,5.53310394053551e-08,2.96085199927873e-08,4.32627621158357e-08,4.32857085910669e-08,3.61064462820828e-08,7.44008294923107e-08,7.67133147296725e-08,5.62318132715148e-08,1.18810478145029e-07,9.32290107093577e-08,5.99538910097012e-08,5.74791614998344e-08,2.80523703636543e-08,9.24847143764293e-08,4.81118936165314e-08,8.06061166571835e-08,4.4959983865821e-08,2.13617551428825e-08,1.4392803624281e-08,3.67452736216877e-08,2.16771537312202e-08,3.53446227226405e-08,1.93759115712698e-08,1.14849071992628e-08,1.20960218718517e-08,1.83022081107313e-08,1.25781095158568e-08,1.93636017808064e-08,1.00333048371734e-08,9.50009411692384e-09,5.58162320054084e-09,1.01986456595375e-08,1.02870087518041e-08,9.8013780147673e-09,8.4950824743973e-09,4.86090623859414e-09,3.38065101029124e-09,8.80686075968255e-09,4.59665398523692e-09,8.44567629851979e-09
1.50549286102479e-08,2.79876152303813e-08,5.80304617052121e-08,2.58781502839029e-08,4.53016468249415e-08,4.21165812965587e-08,3.55327795798339e-08,7.52890554629441e-08,5.69949548053035e-08,5.67609815316641e-08,1.03301043526186e-07,7.99298787819832e-08,1.01091371585143e-07,7.12718277418324e-08,9.94631723327812e-08,1.35382799786775e-07,1.28874295477196e-07,2.08130111755191e-07,5.56467869496691e-08,7.38559268395895e-08,3.74125444411297e-08,9.682680966124e-08,5.70025333247897e-08,7.93912261042123e-08,5.5800446876416e-08,2.82709378414635e-08,1.78406678458576e-08,4.36680955880059e-08,2.71641095359971e-08,4.07873228317334e-08,2.52854770810709e-08,1.48639878853078e-08,1.32495758099599e-08,2.35837088591047e-08,1.71349338709682e-08,2.51045692172134e-08,1.25069218033865e-08,1.08174251743321e-08,6.60890042243408e-09,1.33371502818261e-08,1.1953545501602e-08,1.27027998314921e-08,9.56893713063307e-09,6.52813190119118e-09,4.20316119197589e-09,1.07347908367655e-08,6.55775383149141e-09,1.07232646188765e-08,1.11363548500235e-08,2.02157601938917e-08,4.47518588853603e-08,1.86719065247439e-08,3.60778187880597e-08,3.48391698368805e-08,2.60844085418819e-08,5.72394132511182e-08,4.82485532977536e-08,4.65473146191967e-08,7.65648863885454e-08,6.45249579768503e-08,7.42093361320901e-08,6.25382842249032e-08,7.35172705638179e-08,1.02519973635761e-07,9.99529297623558e-08,1.4974910069712e-07,4.92412577132099e-08,5.65258036666166e-08,2.81825742250426e-08,7.64571439636777e-08,4.73904527186436e-08,6.89413120507716e-08,4.40492771792662e-08,2.18669760888067e-08,1.5257330182158e-08,3.57484397943601e-08,2.25157019298999e-08,3.44820104146436e-08,1.96400574388968e-08,1.22010009424135e-08,1.15605832711648e-08,1.95175945513455e-08,1.54845031092964e-08,2.22982153237123e-08,1.06598531377528e-08,8.6711644211835e-09,5.59032736383809e-09,1.09049934546555e-08,1.01262698817817e-08,1.12317298538127e-08,8.37489303816664e-09,5.25714306376088e-09,3.64312269984099e-09,9.53722258635654e-09,4.5145914477508e-09,8.29703589065975e-09
7.99493932569836e-09,1.18533982132852e-08,2.62947313686162e-08,1.10236566365516e-08,2.49086519978477e-08,2.35201764368442e-08,1.41302879187538e-08,3.1398915069427e-08,6.72780938891804e-08,2.94476225575802e-08,5.47014768177317e-08,5.13767320793398e-08,3.82568839534821e-08,8.81207834821678e-08,3.84947683108259e-08,6.61696804304154e-08,7.42074559518875e-08,5.56467869496691e-08,1.18960830416424e-07,4.76682835853042e-08,2.54821477499254e-08,9.89793558753746e-08,4.61303927363579e-08,9.38671211078669e-08,3.88267797401341e-08,1.86829674485471e-08,1.85104554641109e-08,3.5726703681177e-08,1.86987875260663e-08,3.55377227260239e-08,1.69106883825337e-08,1.63939788781024e-08,1.00776128070951e-08,1.65911482924309e-08,1.72737605959569e-08,1.79579405824964e-08,1.3939606767326e-08,8.32007429831249e-09,7.64747386592136e-09,1.45071839295362e-08,1.09479187724777e-08,1.62004458303414e-08,6.54855009582802e-09,6.2067605328052e-09,4.67996651568509e-09,8.31484819223439e-09,5.54333338467815e-09,8.24229163201802e-09,5.6160609169995e-09,7.11848875125987e-09,2.0586986288959e-08,6.60919223346964e-09,2.08434145022897e-08,1.98083393847529e-08,9.15328648153507e-09,2.58054843437157e-08,4.9682497861154e-08,2.53320178013682e-08,3.88479341377391e-08,3.84365564715137e-08,3.2133245347638e-08,6.72142709741649e-08,3.27454285179558e-08,4.9922721479836e-08,5.9630647535485e-08,4.54564240875766e-08,9.09796916462119e-08,3.99017547828584e-08,2.17427867939284e-08,7.88490150523439e-08,4.05925180573234e-08,7.75284186630425e-08,3.21973550134182e-08,1.50330294494294e-08,1.36685973016414e-08,2.92913379711269e-08,1.40210456834436e-08,2.96951088219639e-08,1.36051143295117e-08,1.25436546701328e-08,9.49329776858232e-09,1.23792228733748e-08,1.30555550689486e-08,1.22248793625247e-08,1.13518480477447e-08,8.07349936010281e-09,6.4224311304771e-09,1.11820715828079e-08,1.05787367480744e-08,1.27841929998804e-08,6.87697102665715e-09,4.42584347434398e-09,3.92820284278793e-09,7.43237837207631e-09,5.03699415120269e-09,7.81866508857473e-09
