3.95850563539128e-08,1.90788595655829e-08,9.66631128517179e-09,3.00639967200926e-08,1.77430374450799e-08,2.69330225153217e-08,1.5998627341826e-08,8.16356042237235e-09,1.00988276465951e-08,1.47384221864055e-08,9.19134733922726e-09,1.50433869612003e-08,6.96143708830376e-09,8.44545100354087e-09,5.40597654814918e-09,7.73466637579515e-09,9.18390582924096e-09,8.12717770447728e-09,6.94589929272623e-09,4.30093634189274e-09,3.31767494919954e-09,7.50215793102437e-09,4.29963528074744e-09,7.42197275754196e-09,3.75238241140748e-09,2.89380725239992e-09,2.57435992779263e-09,3.75213150994391e-09,3.14139881746727e-09,3.99687864312852e-09,2.57486677571671e-09,2.28860193197835e-09,2.24974599261798e-09,2.79465893211106e-09,2.77741961554214e-09,3.10050857750923e-09,1.94276779107051e-09,1.93455456024984e-09,1.94788677674187e-09,2.36627150172633e-09,2.45023585048527e-09,3.00915950203899e-09,1.82086809460551e-09,1.72066533411874e-09,1.55444285974801e-09,2.20693450322609e-09,1.70468979612067e-09,2.13237488347547e-09,2.46661539942151e-08,9.62928704862998e-09,4.50543961983626e-09,1.92608118342776e-08,9.20923424194272e-09,1.68307080518856e-08,8.19421147667637e-09,4.00407968516597e-09,5.52689307562768e-09,8.03865168650197e-09,5.2427352698567e-09,9.28385707699033e-09,3.52042632897492e-09,4.62331862611162e-09,3.03892944179616e-09,4.5146066782898e-09,5.14578929057057e-09,4.53748983936704e-09,3.99871211627201e-09,2.46664912698015e-09,1.43297378076831e-09,4.183414171209e-09,2.14975619107159e-09,4.1431536740176e-09,2.15611263891464e-09,1.25305134769876e-09,1.11489889960416e-09,1.88123570442666e-09,1.50646278020693e-09,2.28987178554834e-09,1.11516091023849e-09,9.93179504692683e-10,9.57204333554696e-10,1.34245983523291e-09,9.55668074495567e-10,1.3018561352241e-09,8.58427820543788e-10,7.08965453580534e-10,1.09769950863524e-09,7.22002412682788e-10,8.49142562114384e-10,1.31149992447816e-09,6.12660716046978e-10,1.01663797159366e-09,8.34036883159707e-10,8.53081873270528e-10,8.99730141254818e-10,7.89868817308806e-10
1.90788595655829e-08,7.47881837489733e-08,2.12987118627088e-08,3.91291405442366e-08,6.17223206921934e-08,2.89201942816325e-08,6.37116373404362e-08,1.81411087684662e-08,1.06084547421086e-08,5.25165950680238e-08,1.72778439699925e-08,5.03915944329846e-08,1.51703593082043e-08,9.0505499931193e-09,1.23448690183674e-08,1.43089928368174e-08,1.00726968601544e-08,1.43484827397397e-08,7.64630826350096e-09,1.06533746184488e-08,5.33041093646655e-09,8.39280191768877e-09,1.06398287969957e-08,8.34369739602422e-09,9.28538574521909e-09,4.64924526716113e-09,3.70804425782317e-09,9.27499765381982e-09,5.18569238820682e-09,1.0024757049619e-08,4.13664932287806e-09,3.29728522495826e-09,3.38510558000583e-09,4.61272631914536e-09,4.09914821495322e-09,5.09386818418411e-09,2.87309657457064e-09,3.05365173678177e-09,2.79535898265535e-09,3.53902704091919e-09,3.76675626332889e-09,4.33218282354704e-09,3.10822003731229e-09,2.51718861599511e-09,2.24262706798233e-09,3.32593954306588e-09,2.77541261568363e-09,3.39064035067165e-09,1.11861882593993e-08,3.84954752194785e-08,1.18443167162709e-08,2.39738079154597e-08,3.08142827123017e-08,1.74632842096278e-08,3.29315445135752e-08,1.03995595485133e-08,5.63515532212258e-09,2.75439366550454e-08,1.02314526609702e-08,2.60956674081444e-08,8.91041596333763e-09,4.63899504116983e-09,6.09259106916891e-09,8.54536447706732e-09,5.44444456768445e-09,8.38825176225686e-09,3.97331004588292e-09,5.122428988088e-09,2.46596812571603e-09,4.59844432594955e-09,5.04498422205127e-09,4.98335256570638e-09,4.47263615234865e-09,2.15549562556099e-09,1.93984080319596e-09,4.40658058723517e-09,2.38582314127095e-09,4.73049239475347e-09,1.91775943279418e-09,1.72736066468234e-09,1.89315479832785e-09,2.12610281635935e-09,2.27788409970277e-09,2.47446332802978e-09,1.60946602185116e-09,1.65272184356939e-09,1.59311964152345e-09,2.01725216692285e-09,1.61275309311929e-09,2.29768649935121e-09,1.67433461549146e-09,1.60927729846127e-09,1.29670981721641e-09,1.36022638173597e-09,1.86776784269543e-09,1.633750765887e-09
9.66631128517179e-09,2.12987118627088e-08,5.00143665273601e-08,1.69864963367501e-08,3.99764303044466e-08,3.30782033243252e-08,1.81490748758983e-08,4.11136773453776e-08,1.70793071077031e-08,3.23269192174699e-08,3.26719976176448e-08,2.54701427964404e-08,3.52808351316018e-08,1.44122420001938e-08,9.34373819437945e-09,2.80414152302112e-08,1.42426410108482e-08,2.60010942317686e-08,1.2245423251381e-08,7.70861493884632e-09,6.87535803458274e-09,1.20142609925711e-08,7.34033075991447e-09,1.13716093476372e-08,6.72132158678862e-09,5.99203736449766e-09,3.61682645949259e-09,6.40212534216177e-09,6.72108866653011e-09,6.3345043122209e-09,5.32571001042425e-09,3.21529590004313e-09,3.30180827768611e-09,5.97253507286772e-09,3.88982158727407e-09,6.81106370349979e-09,2.7805708343972e-09,2.77159118869188e-09,2.40569643709255e-09,3.40961468897696e-09,3.33795341903148e-09,3.73202993305928e-09,2.99241626789523e-09,2.15339091206288e-09,2.38299947965398e-09,3.32956081690224e-09,2.36495600688482e-09,3.37082067338194e-09,5.97067586580517e-09,1.0856769466514e-08,2.43442717524761e-08,1.08350465730286e-08,1.86840028271745e-08,1.82035551994212e-08,9.28920514127947e-09,2.0412727513349e-08,1.07500572940775e-08,1.60611800159837e-08,1.83995843588239e-08,1.39605307691178e-08,1.78807003195751e-08,9.07743967302597e-09,4.14412610577884e-09,1.59187132754767e-08,8.39074706668681e-09,1.41592988124364e-08,7.86611243086434e-09,3.36410298702348e-09,2.83116700400709e-09,7.29089897086024e-09,3.51968101127513e-09,6.57156822776127e-09,2.94089452294477e-09,2.47203449020262e-09,1.64479048441559e-09,3.07742066950928e-09,2.92655194707485e-09,3.29868671044231e-09,2.19768798171631e-09,1.46485627542655e-09,1.59367089443344e-09,2.60434028620954e-09,1.56517031932631e-09,2.08482292934255e-09,1.1641137191983e-09,1.24655447358738e-09,1.00994680265151e-09,1.34936484659578e-09,1.90796376107219e-09,2.16977264729224e-09,1.14837325670688e-09,1.09700153059873e-09,1.25687261041632e-09,1.73962404721998e-09,1.59230474699567e-09,2.02050721033235e-09
3.00639967200926e-08,3.91291405442366e-08,1.69864963367501e-08,5.38529235765654e-08,2.75608672339547e-08,3.87327644124055e-08,3.267520069643e-08,1.44017428019349e-08,9.66789494024964e-09,2.31052974791029e-08,1.41260974128283e-08,2.20753745144408e-08,1.23735890858659e-08,8.11912044012758e-09,1.1679870101354e-08,1.19787596587962e-08,8.94307923550875e-09,1.22666348554215e-08,6.7313807832236e-09,9.80966274861572e-09,4.39722767638976e-09,7.28268322857693e-09,9.56119256387258e-09,7.12441083647249e-09,8.54902776498419e-09,3.83572503421335e-09,3.31783163236805e-09,8.3340493133341e-09,4.42859634557123e-09,9.06910714763095e-09,3.41331888696037e-09,2.94998749537853e-09,2.74754944023145e-09,3.93937798252337e-09,3.4951189124336e-09,4.12578879774805e-09,2.53941161400298e-09,2.51581254287369e-09,2.23124122657813e-09,2.99800961130043e-09,2.9591081606527e-09,3.48490297745054e-09,2.39875759921093e-09,1.97074965547344e-09,2.04568116886061e-09,2.70479149951257e-09,2.36986670516414e-09,3.05471447581647e-09,1.91333337047349e-08,2.14847113703818e-08,9.20703098623025e-09,3.35628737709451e-08,1.48178876606491e-08,2.42118478314018e-08,1.77209931251955e-08,8.08815687181809e-09,5.36449130010623e-09,1.32613669212516e-08,7.92736582141684e-09,1.25968543702107e-08,7.02408380136716e-09,4.59246528301293e-09,6.30305255058742e-09,6.80779317213437e-09,5.64626537078689e-09,7.04049075659255e-09,3.90652042358832e-09,5.29420556275476e-09,2.14030673438822e-09,4.79532342948933e-09,5.10926708884965e-09,4.68798741781335e-09,4.61988035013325e-09,1.87076424550553e-09,1.49863946992028e-09,4.46011543443751e-09,2.07024595566588e-09,4.62526477828235e-09,1.66438651946195e-09,1.33512028590047e-09,1.35800780004667e-09,1.84480642759819e-09,1.42615623707182e-09,1.72205017825347e-09,1.1783014738026e-09,1.2568269550892e-09,1.16267179218865e-09,1.21312323297068e-09,1.11967439636002e-09,1.31196249163026e-09,1.12910988470066e-09,1.25431054484357e-09,1.35141498243599e-09,1.24455128692679e-09,1.69813556625277e-09,1.6912576570768e-09
1.77430374450799e-08,6.17223206921934e-08,3.99764303044466e-08,2.75608672339547e-08,9.29588957585441e-08,4.80971946689568e-08,5.25232887423102e-08,3.23207741513605e-08,1.66128886119146e-08,7.60080602935405e-08,2.56910489585754e-08,6.5595504975675e-08,2.69568457658926e-08,1.38333620360583e-08,9.89856143404248e-09,2.11642732977773e-08,1.43136726388616e-08,2.03818298495082e-08,1.17815940770666e-08,8.26607247502575e-09,8.32185910784842e-09,1.20945049160947e-08,8.20250157653652e-09,1.18624455915153e-08,7.21569901728393e-09,7.2571336998505e-09,4.14643942643766e-09,7.16241486415491e-09,8.2151803210657e-09,7.21964092291634e-09,6.45546190336896e-09,3.69014630857133e-09,3.81446582250355e-09,7.30556588186617e-09,4.56365509757905e-09,8.11216951159143e-09,3.35999298368524e-09,3.37117499337397e-09,3.36287008216361e-09,4.10919533421497e-09,4.52569920463054e-09,5.25107986897392e-09,3.84886333229958e-09,3.22801167087464e-09,3.00680163495518e-09,4.4410038430293e-09,3.1757127431293e-09,4.121217860737e-09,1.02829843569275e-08,3.14496463210732e-08,2.15639363220876e-08,1.64768185950855e-08,4.41351337222002e-08,2.69668305584163e-08,2.74215113521689e-08,1.76912732552145e-08,9.45100368800399e-09,3.82798412324956e-08,1.58502055791143e-08,3.43204815723691e-08,1.53923288155015e-08,7.6171482693135e-09,4.08814992270577e-09,1.31294143461434e-08,7.60997054994155e-09,1.2254760435762e-08,6.58825238593809e-09,3.54724850797146e-09,3.82993268013231e-09,6.74546704502121e-09,3.32674569923106e-09,6.39882797046683e-09,3.10928609888357e-09,3.3466993453851e-09,2.1384615221141e-09,2.91935873025173e-09,4.17388244974136e-09,3.3580289879142e-09,2.97692668004941e-09,1.90672120260166e-09,2.28266263050633e-09,3.71637967895734e-09,2.22112763149232e-09,3.51006233328248e-09,1.74490403309402e-09,1.80610568047484e-09,1.44473182198808e-09,1.89520296855298e-09,2.17903296331924e-09,2.7617200053482e-09,1.67176187564847e-09,1.55053177168877e-09,1.42106309959195e-09,1.69202254519995e-09,1.93897526421582e-09,2.01063861522043e-09
2.69330225153217e-08,2.89201942816325e-08,3.30782033243252e-08,3.87327644124055e-08,4.80971946689568e-08,6.19459957390674e-08,2.42747018653518e-08,2.66834349820704e-08,1.45235512308678e-08,3.86844557480832e-08,2.13357764203586e-08,3.17758535643754e-08,2.26526982191885e-08,1.20355857799313e-08,9.18937512841219e-09,1.78404423511447e-08,1.24659910501728e-08,1.73368609980568e-08,1.01595431074785e-08,7.59575406579961e-09,7.32576105285982e-09,1.04130741591294e-08,7.32471453468299e-09,9.96017151493874e-09,6.62826887640727e-09,6.3875181241005e-09,3.90467432477068e-09,6.3941177386259e-09,7.43902729190797e-09,6.57792996692593e-09,5.68075392666005e-09,3.4734097961916e-09,3.42278746956251e-09,6.61363967500693e-09,4.05500797042267e-09,6.94573027278754e-09,3.18021381571832e-09,3.16320094421296e-09,2.782525202695e-09,3.7815330140561e-09,3.85486178837521e-09,4.41754781187754e-09,3.31933404835068e-09,2.47028804681388e-09,2.69792964445051e-09,3.69471236317677e-09,2.74445980878218e-09,3.90836804612639e-09,1.70881312194662e-08,1.49453821714384e-08,1.74724274082154e-08,2.40681252686948e-08,2.49555649176549e-08,3.63822452019299e-08,1.27159698775022e-08,1.46032911662251e-08,8.43980847016712e-09,2.13792135549712e-08,1.23293508742463e-08,1.84827748923109e-08,1.28629093395651e-08,7.11394734136953e-09,4.21997024261103e-09,1.04987918632958e-08,7.59440506393082e-09,1.03012067475203e-08,5.95839108110528e-09,3.57876689101507e-09,3.58345801417926e-09,6.63477429156295e-09,2.91018886048774e-09,5.59398500633372e-09,3.13263097866164e-09,3.12968956928796e-09,1.58748790780278e-09,2.5525155969748e-09,3.70846175954066e-09,2.748226421786e-09,2.78285875676635e-09,1.41629318513712e-09,2.03494546479883e-09,3.30097808252073e-09,1.51021675475937e-09,2.95831064325157e-09,1.31407549450842e-09,1.86261314107142e-09,9.90875247152648e-10,1.31280649058936e-09,1.86480072695492e-09,1.6768446272005e-09,1.51653111418488e-09,1.19095276827499e-09,1.38882836012863e-09,1.77164463414254e-09,1.72253110560246e-09,2.18008470101745e-09
1.5998627341826e-08,6.37116373404362e-08,1.81490748758983e-08,3.267520069643e-08,5.25232887423102e-08,2.42747018653518e-08,7.74233275023073e-08,2.18941283077306e-08,1.23030244404845e-08,6.59956728291897e-08,2.09198733910438e-08,6.36703424757337e-08,1.82529345522547e-08,1.0451498102985e-08,1.37447382851524e-08,1.74066666483324e-08,1.18211524720545e-08,1.78961972452144e-08,8.85232478888201e-09,1.16445060419828e-08,5.98968807431282e-09,9.85703567395696e-09,1.16120179317106e-08,9.42454510514273e-09,1.01420582155516e-08,5.21887682422191e-09,4.0027673355742e-09,1.01147077797918e-08,5.80185236447222e-09,1.08699769149173e-08,4.63698890857413e-09,3.55548265294983e-09,3.78840987152358e-09,5.1541952881726e-09,4.48883599018662e-09,5.59625130776259e-09,3.07788604380435e-09,3.45919849810616e-09,3.06322625051029e-09,3.90449284295735e-09,4.23074236412529e-09,4.81154832292757e-09,3.31704616897188e-09,2.64443794887805e-09,2.42963955826552e-09,3.58002337619088e-09,2.86959795555323e-09,3.62460648097245e-09,9.38447850950915e-09,3.29277388216445e-08,1.04017993517754e-08,1.95077467641974e-08,2.7542403026282e-08,1.54652630460393e-08,3.83717659247785e-08,1.220676542144e-08,6.67910256917005e-09,3.17612753260927e-08,1.29868388648126e-08,3.18473676656242e-08,1.04868526474482e-08,5.6675070450852e-09,6.4153524540349e-09,1.10290996904029e-08,6.6797293029124e-09,1.11142003382164e-08,4.85606436068048e-09,5.63309871418123e-09,2.98353249775724e-09,5.88290484689115e-09,5.39749694972479e-09,5.61314876472092e-09,4.91147431125387e-09,2.60236195814754e-09,2.27127265190085e-09,4.70735764177969e-09,2.86905696349366e-09,5.24660454863557e-09,2.31183249210321e-09,2.01878330364741e-09,2.16060871291888e-09,2.55101261791997e-09,2.51343133865499e-09,2.83521837242229e-09,1.8425492643618e-09,1.96309722699743e-09,1.75337382487264e-09,2.22747062504817e-09,2.09124727733674e-09,2.89817060452778e-09,1.72749423851113e-09,1.57504970901286e-09,1.35327302446923e-09,1.5858150724659e-09,1.8745399824029e-09,2.00153535324796e-09
8.16356042237235e-09,1.81411087684662e-08,4.11136773453776e-08,1.44017428019349e-08,3.23207741513605e-08,2.66834349820704e-08,2.18941283077306e-08,4.6901154535434e-08,1.92285926563376e-08,3.88209064148942e-08,3.67933654423984e-08,3.06458142740099e-08,4.00864392262927e-08,1.6036040758042e-08,1.01422891403446e-08,3.15089891575304e-08,1.57449335367153e-08,2.94105334011926e-08,1.36242453084478e-08,8.32559191111540e-09,8.31067296700005e-09,1.32863617132914e-08,8.06094978308222e-09,1.25258527161208e-08,7.25054563276009e-09,7.23551588842702e-09,4.05780366215437e-09,7.02087847805996e-09,7.82272304965033e-09,6.96757166089217e-09,6.42196985796858e-09,3.60211921609663e-09,3.55538399482759e-09,6.94283916181588e-09,4.31764689627403e-09,7.74398030505968e-09,3.13238446368123e-09,3.01003344133826e-09,2.60206728008264e-09,3.81064560900929e-09,3.52418418546123e-09,4.02174200567112e-09,2.75364405571749e-09,2.21566587274127e-09,2.01737290259854e-09,3.06092165729743e-09,2.31464994449767e-09,3.19852484003938e-09,5.07228742951826e-09,9.28079420811927e-09,2.04120008018148e-08,9.13022555946088e-09,1.60541567090652e-08,1.542894752836e-08,1.10741670787375e-08,2.32459163672363e-08,1.17600636036688e-08,1.92028710870585e-08,2.045915050974e-08,1.67846106561003e-08,2.05027947416373e-08,1.01216983744725e-08,4.50482020252732e-09,1.7812338952997e-08,9.58342132357481e-09,1.62470129087853e-08,8.75510240506537e-09,3.78170907501694e-09,3.63614155718953e-09,8.48698969016372e-09,3.73453409913743e-09,7.03249957385687e-09,3.2969117675224e-09,3.16779767154409e-09,1.84330404257578e-09,3.25642153368591e-09,3.48075460699377e-09,3.69992411756367e-09,2.81173158565415e-09,1.63757395526957e-09,1.63758628799666e-09,3.09096333964562e-09,1.62401699864966e-09,2.4871056279723e-09,1.3639614260288e-09,1.34843253747264e-09,1.03924508064315e-09,1.50142609618704e-09,2.08000967327707e-09,2.38949150542166e-09,1.20440629591001e-09,1.02627492534355e-09,1.24271682468893e-09,1.87145484517541e-09,1.43079349211135e-09,2.22273116537953e-09
1.00988276465951e-08,1.06084547421086e-08,1.70793071077031e-08,9.66789494024964e-09,1.66128886119146e-08,1.45235512308678e-08,1.23030244404845e-08,1.92285926563376e-08,5.19340855857647e-08,1.98803792017626e-08,3.96333612024916e-08,3.74099420048303e-08,1.60415362695181e-08,4.25741229320792e-08,2.03109610436657e-08,3.27101964105994e-08,3.47003872601172e-08,2.64180865408083e-08,3.47238551877783e-08,1.59935148371765e-08,8.14322276170133e-09,2.81797608438241e-08,1.40817367859258e-08,2.51743087575344e-08,1.39299329168464e-08,7.09538082073491e-09,6.89873821140908e-09,1.22678498756933e-08,7.04964482792864e-09,1.15927143175025e-08,6.30439760945501e-09,6.12575079449004e-09,4.00929408867373e-09,6.26418069856986e-09,6.9449598330461e-09,6.74251870702267e-09,5.39271908696791e-09,3.48867334636334e-09,3.10809379171509e-09,6.10535392843141e-09,4.06203890487085e-09,6.7883433127106e-09,3.20269145192733e-09,2.74587182370382e-09,2.11987626650768e-09,3.56838138681525e-09,2.59784998558915e-09,3.51739438888764e-09,5.82713507394443e-09,4.49089697742179e-09,8.22490480579512e-09,5.44870484396337e-09,8.98092453936406e-09,8.22815033826346e-09,5.46277730186227e-09,9.01323575406871e-09,2.84304052004984e-08,1.10333684345294e-08,1.985622814863e-08,2.26914661981869e-08,7.5577304070933e-09,2.3612059858365e-08,1.13066768472823e-08,1.64118982350029e-08,1.98869111991592e-08,1.38841850684973e-08,2.01008472872007e-08,9.03061284516988e-09,3.99356192767743e-09,1.66012326868455e-08,7.10703899669261e-09,1.38229338347509e-08,7.8713660007095e-09,3.48358206243589e-09,3.62965318919191e-09,6.19895499630097e-09,3.7031424980545e-09,6.85198866058542e-09,3.09481871089895e-09,3.22510048465713e-09,2.2329939626235e-09,3.29320557442554e-09,3.45169322434417e-09,3.24200889437228e-09,2.84440867730536e-09,1.87380045054619e-09,1.51797798016609e-09,3.17263631317711e-09,2.04190590067228e-09,3.4884566492775e-09,1.75426727481958e-09,1.41768195995534e-09,1.11109751793918e-09,1.82826036021721e-09,1.45385681829974e-09,2.19490007111669e-09
1.47384221864055e-08,5.25165950680238e-08,3.23269192174699e-08,2.31052974791029e-08,7.60080602935405e-08,3.86844557480832e-08,6.59956728291897e-08,3.88209064148942e-08,1.98803792017626e-08,9.48637597035269e-08,3.09132316240558e-08,8.19188326361899e-08,3.22228924538016e-08,1.6350694255968e-08,1.12973704604523e-08,2.54637935864501e-08,1.68716291958411e-08,2.48438009654179e-08,1.39902096165435e-08,9.34815765630933e-09,1.0418706470031e-08,1.4272973575384e-08,9.08550599789411e-09,1.37470768520733e-08,8.14607896895960e-09,9.07371430889047e-09,4.80384644472877e-09,7.91864140859055e-09,9.66014679122978e-09,7.99089617314792e-09,8.05695643281345e-09,4.26693630942953e-09,4.31832728005315e-09,8.57727327350248e-09,5.19424387944510e-09,9.29368415555024e-09,3.86631378995039e-09,3.84657951583883e-09,3.70678257200759e-09,4.70559056004536e-09,5.0747111701966e-09,5.86086583321363e-09,3.77289133156232e-09,3.32992714545071e-09,2.78532000616517e-09,4.39494011500862e-09,3.22930821202242e-09,4.19495742435137e-09,8.93943277337245e-09,2.74115081886153e-08,1.76923904092178e-08,1.40555468091971e-08,3.82727567210758e-08,2.28233562560873e-08,3.25533782799377e-08,2.03925774998285e-08,1.07518572410936e-08,4.50921137326411e-08,1.83885533124253e-08,4.14164079901339e-08,1.78997344835061e-08,9.1654151531932e-09,4.89988837224764e-09,1.56004875645773e-08,9.55350154260781e-09,1.5383069393211e-08,7.92488163720318e-09,4.44578455141704e-09,4.65740410451579e-09,8.62787950317083e-09,3.44269964403712e-09,7.26803355250301e-09,3.88034344626099e-09,4.05990208226615e-09,2.75178918554375e-09,3.00863651700846e-09,4.59127649902309e-09,4.05008916258385e-09,3.60507671515708e-09,2.44574233808736e-09,2.63743015128417e-09,4.07945207057817e-09,2.47536953222997e-09,3.55988978172638e-09,2.22942711374308e-09,2.28826102509496e-09,1.46838080636778e-09,2.19575594954862e-09,2.93241820230572e-09,3.4194118533782e-09,1.90245481322847e-09,1.45899944337211e-09,1.60283921301837e-09,2.05331441638307e-09,1.90909011171666e-09,2.38645116544468e-09
9.19134733922726e-09,1.72778439699925e-08,3.26719976176448e-08,1.41260974128283e-08,2.56910489585754e-08,2.13357764203586e-08,2.09198733910438e-08,3.67933654423984e-08,3.96333612024916e-08,3.09132316240558e-08,6.31677708167448e-08,5.20270006327581e-08,3.15115575405203e-08,3.27062741210039e-08,1.85120198472887e-08,5.32947609855858e-08,2.64281297579681e-08,4.37048885504735e-08,2.69610899809581e-08,1.4691404319836e-08,8.180787101339e-09,2.15889429440316e-08,1.29757466779743e-08,1.89765355412048e-08,1.27944991181193e-08,7.12628594090404e-09,7.71126176352008e-09,1.13028349471563e-08,7.29028470035764e-09,1.08975151663599e-08,6.32966080754019e-09,6.84485332329625e-09,4.78786634187363e-09,6.47536988907704e-09,7.80242335229627e-09,7.24641500219226e-09,6.00477530523509e-09,4.19355271645195e-09,3.65370104985303e-09,6.89549638085431e-09,4.90220718684962e-09,7.6812369701115e-09,3.83553242227061e-09,3.31049004314538e-09,2.60343932307732e-09,4.30607609756327e-09,3.17749657694073e-09,4.2792462017383e-09,5.8545014149915e-09,8.28621851280583e-09,1.62438854994699e-08,8.92775822536791e-09,1.33357942296411e-08,1.332467082015e-08,1.02856890373094e-08,1.80568114442072e-08,2.20569571105534e-08,1.58425196076634e-08,3.28424638650461e-08,2.94319021655936e-08,1.53734207650838e-08,1.83416913334442e-08,9.57054464874595e-09,2.76285066163253e-08,1.57198357103608e-08,2.39135916151686e-08,1.60279802472108e-08,7.70758342215602e-09,4.13037545486136e-09,1.35179257354926e-08,6.69891119887018e-09,1.05270170653205e-08,6.71781722544118e-09,3.60107690588017e-09,3.65845717495697e-09,5.84121131490918e-09,3.5499396740562e-09,6.13140014983079e-09,3.19802829820828e-09,3.24953381696574e-09,2.18111800509109e-09,3.155739348801e-09,3.23649570558185e-09,3.00825528026681e-09,2.80675010062356e-09,1.92574452909785e-09,1.68949379228500e-09,2.85767628745903e-09,2.5153304889311e-09,3.71434495309212e-09,1.78337518646346e-09,1.56807970244334e-09,1.56937245166271e-09,2.13306298273617e-09,1.92157056880622e-09,2.9228538684848e-09
1.50433869612003e-08,5.03915944329846e-08,2.54701427964404e-08,2.20753745144408e-08,6.5595504975675e-08,3.17758535643754e-08,6.36703424757337e-08,3.06458142740099e-08,3.74099420048303e-08,8.19188326361899e-08,5.20270006327581e-08,1.1341433045518e-07,2.5197608150644e-08,3.05325997676811e-08,1.74905533319374e-08,4.27721317346964e-08,2.56939738603929e-08,3.59849666419086e-08,2.52661715681081e-08,1.39396392048189e-08,8.86118697303878e-09,2.10866904585115e-08,1.29932875344413e-08,1.92257909229247e-08,1.21471970915294e-08,7.72301824629988e-09,8.6073570998409e-09,1.13254430844823e-08,7.95282103292033e-09,1.10116449833785e-08,6.86454368717146e-09,7.64324297418703e-09,5.23051926644567e-09,7.06876073452890e-09,8.74561516900361e-09,7.67568266710768e-09,6.76314787024435e-09,4.64419494113718e-09,4.58870119399656e-09,7.74614026036525e-09,6.11673351852747e-09,9.39097667294016e-09,4.48739579309038e-09,4.10027484530402e-09,3.16430553191290e-09,5.25553220764339e-09,3.92807547031154e-09,4.95629360217955e-09,9.05325360288221e-09,2.58734902431798e-08,1.43568746032903e-08,1.37002719614566e-08,3.31784374126283e-08,1.9367326691105e-08,3.20878781096493e-08,1.62792203281974e-08,2.01502664311533e-08,3.99345090025331e-08,2.86585133150838e-08,5.79600139639078e-08,1.3749014060239e-08,1.68438912107806e-08,8.7591518512849e-09,2.40757937584667e-08,1.53282731508549e-08,2.19635000189794e-08,1.45904095461829e-08,7.47517243852952e-09,4.35412665727726e-09,1.32124054378034e-08,6.25257320513224e-09,1.04930916428675e-08,6.52215038451518e-09,3.79986621020139e-09,3.98502817273504e-09,5.45996370849887e-09,3.95327287424738e-09,6.25380588693377e-09,3.3769257164066e-09,3.54208709478204e-09,2.95443139745054e-09,3.51770737934036e-09,3.76754704666566e-09,3.3619184043801e-09,3.2699082602046e-09,2.7029888190229e-09,2.06128730759476e-09,3.46326396392641e-09,3.04001908991887e-09,4.62456084341925e-09,2.46888759557637e-09,1.82919264303686e-09,1.84646818982212e-09,2.3091309989313e-09,2.37725785617632e-09,3.144114743284e-09
6.96143708830376e-09,1.51703593082043e-08,3.52808351316018e-08,1.23735890858659e-08,2.69568457658926e-08,2.26526982191885e-08,1.82529345522547e-08,4.00864392262927e-08,1.60415362695181e-08,3.22228924538016e-08,3.15115575405203e-08,2.5197608150644e-08,4.59549048458798e-08,1.7980102681089e-08,1.12237606090751e-08,3.59428016970479e-08,1.75449069118545e-08,3.35536470119489e-08,1.49327649338802e-08,9.25746136818676e-09,8.8919540096405e-09,1.46048395431125e-08,9.21280153023419e-09,1.39764871849271e-08,8.05849036888773e-09,7.73927494361639e-09,4.42382044732939e-09,8.01997807103629e-09,8.35055218723282e-09,7.82104468267016e-09,6.86629194165969e-09,3.92511401548951e-09,3.70699957492201e-09,7.40844061531773e-09,4.57484363400832e-09,8.23202403753345e-09,3.41945871358329e-09,3.12376937426119e-09,2.75502066034356e-09,4.01279750978886e-09,3.6516379821053e-09,4.27605005109986e-09,2.79705448341545e-09,2.23032770748786e-09,2.20713208350161e-09,3.08012572893023e-09,2.5121021315579e-09,3.35952603830633e-09,4.29368735288685e-09,8.20343912010226e-09,1.78699409577667e-08,8.04076853773962e-09,1.44361823130842e-08,1.37694050255899e-08,9.53206180931894e-09,2.04980123409252e-08,1.01199699281547e-08,1.71381602981795e-08,1.78115404030517e-08,1.40852720050553e-08,2.40805646207108e-08,1.18504646090678e-08,5.24588590439898e-09,2.13051702076984e-08,1.02627502563394e-08,1.82612859686676e-08,1.00348513282072e-08,4.41279480707199e-09,3.61450297080892e-09,8.9282037822327e-09,4.65245311153914e-09,8.1344440791641e-09,3.84325526891711e-09,3.14725261192717e-09,1.81172061651415e-09,4.05209598496733e-09,3.57510129697979e-09,4.31346932656229e-09,2.79241922968171e-09,1.60832945258455e-09,1.6243893212851e-09,3.17282675538883e-09,1.67559090548418e-09,2.75936375369096e-09,1.36314624076268e-09,1.30906445764694e-09,1.07469379828073e-09,1.58335022107573e-09,1.94620115951294e-09,2.34726271108766e-09,1.11118005039627e-09,1.03638854981763e-09,1.24160836680825e-09,1.72476029924588e-09,1.33422456875061e-09,2.11923297904385e-09
8.44545100354087e-09,9.0505499931193e-09,1.44122420001938e-08,8.11912044012758e-09,1.38333620360583e-08,1.20355857799313e-08,1.0451498102985e-08,1.6036040758042e-08,4.25741229320792e-08,1.6350694255968e-08,3.27062741210039e-08,3.05325997676811e-08,1.7980102681089e-08,4.64373565559443e-08,2.1652984331565e-08,3.60668325494727e-08,3.78049235608519e-08,2.90645896007648e-08,3.77454130937078e-08,1.71598548012699e-08,8.6226050597211e-09,3.0677057684229e-08,1.52087302867863e-08,2.76210042403733e-08,1.49373608166375e-08,7.5073129164998e-09,7.59628475011647e-09,1.3240419463226e-08,7.51336891376723e-09,1.23598070840176e-08,6.66347128418031e-09,6.74021791114809e-09,4.32317713677083e-09,6.66901255217051e-09,7.66808317014102e-09,7.21923434826383e-09,6.01724305913056e-09,3.80241209611259e-09,3.41202888687484e-09,6.83291688288576e-09,4.48292960652371e-09,7.56592710438828e-09,3.48889323444903e-09,2.97304314479088e-09,2.5613013123691e-09,3.94628459221081e-09,3.03430709754055e-09,4.07936126936469e-09,4.94167279785141e-09,3.82913016582213e-09,7.04554514432749e-09,4.7766621550503e-09,7.8219098841419e-09,7.11914005979523e-09,4.68351354171415e-09,7.55002756649941e-09,2.36061403536924e-08,9.10425555156622e-09,1.64050274955046e-08,1.8793581271275e-08,8.74027425326504e-09,2.68285072912333e-08,1.21604918880458e-08,1.9431691561894e-08,2.16764970383367e-08,1.5852267928822e-08,2.27440379201015e-08,9.87495752126705e-09,4.20277828383206e-09,1.81164491780918e-08,8.25731083764568e-09,1.6174205126973e-08,8.59889002949059e-09,3.66114662406634e-09,3.7294527904959e-09,7.19205809267271e-09,3.90584471857881e-09,7.53428103010742e-09,3.24943425259930e-09,3.31038374686742e-09,2.34671744457037e-09,3.46827935076258e-09,3.7232425910615e-09,3.49323101013334e-09,2.93594114017678e-09,1.93931709172306e-09,1.79683998844436e-09,3.4522931900319e-09,2.08529812062544e-09,3.72605238527304e-09,1.81730647600025e-09,1.8010142741448e-09,1.48483673271318e-09,1.98387591870839e-09,1.85086611926156e-09,2.34620201205658e-09
5.40597654814918e-09,1.23448690183674e-08,9.34373819437945e-09,1.1679870101354e-08,9.89856143404248e-09,9.18937512841219e-09,1.37447382851524e-08,1.01422891403446e-08,2.03109610436657e-08,1.12973704604523e-08,1.85120198472887e-08,1.74905533319374e-08,1.12237606090751e-08,2.1652984331565e-08,6.43807591755068e-08,1.99135973176736e-08,4.68725783967827e-08,4.28742453117951e-08,1.71644086795246e-08,5.25516481399989e-08,1.91530160389441e-08,3.79058577563359e-08,3.6643678467354e-08,2.57883813682832e-08,4.57323653320351e-08,1.66709735732434e-08,9.30484982437715e-09,3.18924850824462e-08,1.53516892067748e-08,3.01813458975963e-08,1.47914614950542e-08,8.2566397954106e-09,1.07645129843689e-08,1.36218001229627e-08,8.33365719414473e-09,1.32385401105622e-08,7.22147266695449e-09,9.59298782697005e-09,4.47057378597315e-09,7.17417574753249e-09,9.83318134968588e-09,8.03710079053484e-09,8.53639196073418e-09,4.09471395236419e-09,2.88087362688474e-09,8.80254852594667e-09,4.02743972331517e-09,9.40541778051765e-09,3.6144239067655e-09,5.8029342565457e-09,4.17076387622526e-09,6.34291573634377e-09,4.63759301244429e-09,4.76323825243843e-09,6.02959647699603e-09,4.71095066635751e-09,1.04717044803153e-08,5.65716558620705e-09,8.72659090790691e-09,9.59883112135577e-09,5.20996356594806e-09,1.16859168617823e-08,3.21214033262808e-08,1.0542076406665e-08,2.50777446963978e-08,2.31242114658197e-08,1.02395955029949e-08,2.58661641260099e-08,9.32858044836625e-09,2.03120218035739e-08,1.88684587605732e-08,1.40340736322393e-08,2.25143469918882e-08,8.12230575283833e-09,4.64756917630321e-09,1.64267925142647e-08,8.09433004918681e-09,1.61257025046709e-08,7.20633679800913e-09,4.12558244483927e-09,4.8947633812602e-09,7.18398477280642e-09,3.99136910232186e-09,6.8130028162395e-09,3.50667246128138e-09,4.13424230931537e-09,2.6122085375442e-09,3.51356110890447e-09,3.74096195795709e-09,4.00431518195568e-09,3.7270639021631e-09,2.71447616897732e-09,1.96264406839697e-09,3.86014081157857e-09,2.94096972076387e-09,4.52541347132288e-09
7.73466637579515e-09,1.43089928368174e-08,2.80414152302112e-08,1.19787596587962e-08,2.11642732977773e-08,1.78404423511447e-08,1.74066666483324e-08,3.15089891575304e-08,3.27101964105994e-08,2.54637935864501e-08,5.32947609855858e-08,4.27721317346964e-08,3.59428016970479e-08,3.60668325494727e-08,1.99135973176736e-08,5.96190077528944e-08,2.89695291592353e-08,4.88961178832048e-08,2.94409197312245e-08,1.58842484524588e-08,8.72914997095856e-09,2.3521760812784e-08,1.42617127286402e-08,2.10348673464756e-08,1.38270801200325e-08,7.59970328114584e-09,8.26483524594656e-09,1.24159897458944e-08,7.74235386807679e-09,1.18152500649996e-08,6.74502698667237e-09,7.33281614578163e-09,4.99928681008324e-09,6.87168464766289e-09,8.34614154352356e-09,7.63356166831278e-09,6.50552846472039e-09,4.38989171421661e-09,3.94076093874873e-09,7.42858407666828e-09,5.21867818397646e-09,8.34835278258635e-09,4.00967468290466e-09,3.46053770737121e-09,3.0011488297103e-09,4.5524919355764e-09,3.52674914672974e-09,4.68567780026869e-09,4.98642908033195e-09,7.27821954894429e-09,1.36613068416171e-08,8.01602923781071e-09,1.11503416161224e-08,1.13060983296214e-08,8.89439630983097e-09,1.53664074405761e-08,1.83376911558045e-08,1.30651684454216e-08,2.7624725560696e-08,2.42883451958411e-08,1.85829053927822e-08,2.15028471245267e-08,1.03231968505608e-08,3.30140358727532e-08,1.7043256146997e-08,2.72312568527382e-08,1.84928108712652e-08,8.33384774561672e-09,3.9991755039688e-09,1.45198873092533e-08,7.6857580855506e-09,1.22570326636521e-08,7.25762312708796e-09,3.48373458317129e-09,3.72036644146864e-09,6.69431805675325e-09,3.43321805237556e-09,6.86963725128009e-09,3.09194215709218e-09,3.3021336257252e-09,2.16836353174507e-09,3.048893092573e-09,3.44196895243043e-09,2.89694249070641e-09,2.86837396136849e-09,1.92053140781456e-09,1.77759774438726e-09,3.07293889902903e-09,2.36410279322851e-09,3.84924002158943e-09,1.79063780249292e-09,1.72167371371919e-09,1.73973356617642e-09,2.07594859062287e-09,2.10090278202948e-09,2.95995768169438e-09
9.18390582924096e-09,1.00726968601544e-08,1.42426410108482e-08,8.94307923550875e-09,1.43136726388616e-08,1.24659910501728e-08,1.18211524720545e-08,1.57449335367153e-08,3.47003872601172e-08,1.68716291958411e-08,2.64281297579681e-08,2.56939738603929e-08,1.75449069118545e-08,3.78049235608519e-08,4.68725783967827e-08,2.89695291592353e-08,7.00419188881838e-08,5.5917166795555e-08,3.06807135270561e-08,3.79038247918653e-08,1.69444563087228e-08,5.71134245762588e-08,2.55763749539125e-08,4.17614170434109e-08,3.29894184195583e-08,1.47503869834681e-08,9.20826565307546e-09,2.22648843997243e-08,1.37292543815929e-08,2.04739010238397e-08,1.30895315352785e-08,8.17176175973534e-09,1.08866855480622e-08,1.21842907460762e-08,8.29349160061222e-09,1.18010534793847e-08,7.24765559357933e-09,9.66935380492962e-09,4.77972527141766e-09,7.31613991878741e-09,9.95765726881197e-09,8.34219923417213e-09,8.53128403836276e-09,4.27600765649603e-09,3.18561483089669e-09,8.72654316119687e-09,3.93160578597581e-09,9.12721291384254e-09,6.07002780696425e-09,4.74130812032004e-09,6.62336788050786e-09,5.582669084537e-09,7.70015739484799e-09,7.56627070697437e-09,5.53655921444175e-09,7.69287395217133e-09,1.99652683856841e-08,9.77831578669087e-09,1.36103076548894e-08,1.60508109493214e-08,8.73591048383469e-09,2.21702311234248e-08,2.51010718154051e-08,1.60755010836941e-08,3.80283870921277e-08,2.94344387744484e-08,1.87296931399854e-08,2.0383978760684e-08,8.59410090240577e-09,3.13174797775605e-08,1.37875286662332e-08,2.37528980328879e-08,1.77459102053498e-08,7.48411178805469e-09,4.59423881734975e-09,1.20075790324435e-08,7.65694120296115e-09,1.27949941654808e-08,6.64094673343519e-09,4.07889581829031e-09,5.1778929174222e-09,6.79700515744276e-09,4.03000974258277e-09,6.48364108778949e-09,3.58137118225735e-09,4.35567337725123e-09,2.87021459126072e-09,3.71147098237031e-09,3.82179113261906e-09,4.33074724173784e-09,3.9784026261121e-09,2.83555913023195e-09,1.90456197172727e-09,3.97072472742787e-09,2.78364603561639e-09,4.3945951149097e-09
8.12717770447728e-09,1.43484827397397e-08,2.60010942317686e-08,1.22666348554215e-08,2.03818298495082e-08,1.73368609980568e-08,1.78961972452144e-08,2.94105334011926e-08,2.64180865408083e-08,2.48438009654179e-08,4.37048885504735e-08,3.59849666419086e-08,3.35536470119489e-08,2.90645896007648e-08,4.28742453117951e-08,4.88961178832048e-08,5.5917166795555e-08,8.12972821320325e-08,2.36638035341456e-08,3.45551859461484e-08,1.56769320001558e-08,4.53717316894664e-08,2.30745158743523e-08,3.21629312981761e-08,3.00751602399702e-08,1.3647032908454e-08,9.10200360127919e-09,2.00873002089303e-08,1.28160892192357e-08,1.84988476046211e-08,1.21104648148662e-08,8.07710019459574e-09,1.10675032372694e-08,1.13738579320249e-08,8.72644298018901e-09,1.17505547953755e-08,7.06510579684606e-09,9.86673073645494e-09,5.14178769249794e-09,7.64189458164766e-09,1.05186622238856e-08,8.77286138630902e-09,8.75322780362025e-09,4.56772724271664e-09,3.57558179803407e-09,9.24638016678955e-09,4.41897282432965e-09,9.68572033509314e-09,5.82936953148748e-09,7.55719102728921e-09,1.32250226632667e-08,8.69882718898922e-09,1.06830981686144e-08,1.142063470427e-08,9.30435173051148e-09,1.53307731889854e-08,1.5149242898034e-08,1.31227233244474e-08,2.39980355999158e-08,2.06178460983295e-08,1.84600385049472e-08,1.72723905241555e-08,2.12389911959809e-08,2.87392562094646e-08,3.00458904719771e-08,4.40647611274864e-08,1.49557745387879e-08,1.74139651189501e-08,7.81317757018414e-09,2.52952627419892e-08,1.24022258869312e-08,1.79545973373705e-08,1.51611008475047e-08,6.80419758139557e-09,4.12208972700154e-09,1.0801483502705e-08,6.88969003402926e-09,1.12544038429272e-08,6.03772581620694e-09,3.65987301182225e-09,4.78960338532033e-09,6.11614341521359e-09,3.6964705020543e-09,5.96061340332995e-09,3.10207037799538e-09,3.99058662280333e-09,2.81017266926228e-09,3.29043874671952e-09,4.0573931771282e-09,4.26563289577197e-09,3.63673997826558e-09,2.73285392656702e-09,2.32877948615382e-09,4.10126063325397e-09,3.0925848842485e-09,4.9663181809692e-09
6.94589929272623e-09,7.64630826350096e-09,1.2245423251381e-08,6.7313807832236e-09,1.17815940770666e-08,1.01595431074785e-08,8.85232478888201e-09,1.36242453084478e-08,3.47238551877783e-08,1.39902096165435e-08,2.69610899809581e-08,2.52661715681081e-08,1.49327649338802e-08,3.77454130937078e-08,1.71644086795246e-08,2.94409197312245e-08,3.06807135270561e-08,2.36638035341456e-08,4.40363644851788e-08,1.94259878422476e-08,9.67842755833006e-09,3.60636056884868e-08,1.70954583264231e-08,3.2528212036229e-08,1.6901566766503e-08,8.42070894413504e-09,8.65632964596982e-09,1.48738912355137e-08,8.51707275068685e-09,1.41717950979348e-08,7.46714145297246e-09,7.67608028716356e-09,4.91850562189525e-09,7.55259294871275e-09,8.54721666880853e-09,8.13518343381474e-09,6.82482596576714e-09,4.2827651529734e-09,3.86007685263432e-09,7.53414859330322e-09,5.07343034641531e-09,8.40827769379753e-09,3.71998071325141e-09,3.25890084657974e-09,2.83774981795695e-09,4.34569979727838e-09,3.40061124988442e-09,4.42675799325342e-09,4.32924995084518e-09,3.24346127543377e-09,5.87840035237608e-09,4.1491899033144e-09,6.46567371111275e-09,5.95757060383254e-09,4.04495973465592e-09,6.29651919110055e-09,2.00848054635659e-08,7.69707326838232e-09,1.4084186287605e-08,1.63210470518316e-08,7.17453027090684e-09,2.27405257933606e-08,9.87630369741877e-09,1.65962863238053e-08,1.81174522110677e-08,1.3245212818676e-08,2.57578251844602e-08,1.12369413409037e-08,4.72042796396325e-09,2.08566152667073e-08,9.53371542325071e-09,1.90153026635568e-08,9.77669274102581e-09,4.10700495888711e-09,4.51429281538624e-09,8.29480225497068e-09,4.36504638239803e-09,8.76961265578265e-09,3.64192459085393e-09,4.00309086043217e-09,2.78135219896006e-09,3.87074520713048e-09,4.26163887916135e-09,3.66736363738498e-09,3.58600338278345e-09,2.34637559251969e-09,2.10907495369689e-09,3.9075939842692e-09,2.51640853755533e-09,4.19284797861827e-09,1.99887664616092e-09,1.95060651805418e-09,1.83884922884793e-09,2.20443963199724e-09,2.20204300300977e-09,2.7349492269008e-09
