6.67214702311362e-07,3.55225558771128e-07,1.32818086010536e-07,5.0571587554384e-07,3.49681806791025e-07,4.55147759397706e-07,3.07524731660926e-07,1.10599983584088e-07,1.23483645775545e-07,3.04461273243975e-07,1.10851586312208e-07,2.84227644024449e-07,8.67111658412925e-08,1.04815507310463e-07,8.35755640784355e-08,8.59592560054539e-08,1.34308085746121e-07,9.372812156277e-08,8.92001219744802e-08,7.25433101023722e-08,6.13477483142967e-08,1.15303104040854e-07,7.33348131743991e-08,1.14519315139134e-07,5.6344318021095e-08,4.77060857995797e-08,3.78694799506453e-08,5.42882551302245e-08,4.21960318802254e-08,5.15294799615234e-08,4.22681281414761e-08,3.50568580246291e-08,4.00595250642227e-08,3.70734312207589e-08,5.28940052602314e-08,5.73211292833222e-08,3.06558433378568e-08,3.35950062371981e-08,3.79039429477391e-08,4.47392748681643e-08,4.81257940851827e-08,5.05586267207915e-08,3.44631190174312e-08,3.76370938033587e-08,3.01514639694711e-08,4.98598291595329e-08,4.3687899299959e-08,5.68398934774456e-08,4.95709483067888e-07,2.34880081972323e-07,9.75909560527691e-08,3.83794881046832e-07,2.29021609497193e-07,3.7913962888427e-07,2.05001612392866e-07,8.36761586904007e-08,7.00643725234463e-08,2.00811455660713e-07,8.84979090600953e-08,2.06318578324809e-07,6.75679690199027e-08,6.18581476190395e-08,5.29141019754821e-08,7.01548249339108e-08,8.45194248709391e-08,6.41207204265242e-08,4.97391360302265e-08,5.02476677253235e-08,4.04781155365615e-08,7.74935737150417e-08,5.16182678372662e-08,7.79254414925584e-08,3.29091075651926e-08,2.79507069138863e-08,3.06741846153773e-08,3.22121328861169e-08,3.27712166024955e-08,3.55427285048379e-08,2.25477598946377e-08,2.7199421093127e-08,3.45740501168437e-08,2.79933914961686e-08,3.71075068922072e-08,4.27173634729666e-08,2.56149009840596e-08,3.33618126031185e-08,1.35959388124821e-08,3.30040266017364e-08,3.39421604752031e-08,2.9034578882879e-08,3.2031399435207e-08,1.37238037827667e-08,1.98836754516181e-08,3.46106882026569e-08,2.91529881927199e-08,4.40910394555061e-08
3.55225558771128e-07,1.41880129773152e-06,3.7720743201689e-07,6.10371706553325e-07,1.31266982231968e-06,5.28787121608252e-07,1.21584605981752e-06,3.10094733976915e-07,1.51143596627947e-07,1.12774882845491e-06,2.73359776456483e-07,1.07132564687435e-06,2.26418353694497e-07,1.22569640373952e-07,1.27099668473973e-07,2.05694033161875e-07,1.24149136530098e-07,1.83917227336043e-07,1.07403756667394e-07,1.09568652224558e-07,7.24041812956391e-08,1.09060541156062e-07,1.10591802165628e-07,1.07340880640371e-07,8.65853869076413e-08,6.08883035590816e-08,6.10668790355381e-08,8.70378770188549e-08,7.0592542325266e-08,1.00813806343723e-07,5.54388828143052e-08,5.52667744043129e-08,5.87770046454824e-08,6.22666291673857e-08,6.76985767576658e-08,8.31620067623309e-08,4.78714015034054e-08,5.01846888652148e-08,6.26316458014164e-08,6.03058324893391e-08,5.7705621553446e-08,6.89499039748232e-08,4.69418561643201e-08,5.85872586414145e-08,4.53237778536782e-08,5.68783854790578e-08,6.40969474078171e-08,6.11708471756722e-08,2.27145168405339e-07,5.42700053300889e-07,2.54209081631607e-07,3.76401072098482e-07,5.41814652754138e-07,3.37545925902061e-07,4.58363041130557e-07,2.22026382836928e-07,1.09243073284681e-07,4.81277741872577e-07,2.40130346303573e-07,4.74894020070018e-07,1.83017477199675e-07,8.2086871252329e-08,9.57764645150755e-08,1.87597208368586e-07,9.02972028376489e-08,1.72017195961316e-07,6.95177381630132e-08,8.39859221788264e-08,6.05534118447646e-08,7.98507007167791e-08,8.85720170389363e-08,9.76217617263474e-08,5.95976113857146e-08,4.89907016370212e-08,4.76368248578445e-08,6.62562129256675e-08,5.64482446421448e-08,7.21257861305092e-08,4.30546868252207e-08,4.22464132069855e-08,5.41522891367486e-08,4.81339124732101e-08,4.90107690219022e-08,6.54597967113062e-08,3.67976653727335e-08,4.58779031736451e-08,3.30459606295056e-08,4.29213419109934e-08,3.49686537979524e-08,4.05086415703889e-08,4.34092031676525e-08,3.03524559743441e-08,3.11400884224101e-08,3.33658055195303e-08,5.29052655520834e-08,4.99588159585784e-08
1.32818086010536e-07,3.7720743201689e-07,6.68317232071315e-07,2.56673578087974e-07,6.40132381472766e-07,4.66097771367753e-07,3.10403845852146e-07,5.36375524710737e-07,2.30286389443805e-07,5.29022053843314e-07,4.285245318059e-07,4.24987906464828e-07,4.18443052862461e-07,1.87106751103969e-07,9.50727291362168e-08,3.35910162900342e-07,1.56327625501409e-07,2.62599795062347e-07,1.60572676335003e-07,8.12856932450427e-08,9.79918734487119e-08,1.33154402714172e-07,8.49525569532826e-08,1.31547356467698e-07,6.62788137584355e-08,8.27721276098329e-08,6.02469498649762e-08,6.78675510075643e-08,9.05088395094615e-08,7.30771066672216e-08,7.53521949951324e-08,5.43767027333081e-08,5.34858920053856e-08,8.13863999310605e-08,6.67499907638608e-08,9.79666838712181e-08,4.81409777315625e-08,4.59263481432344e-08,3.9126907883422e-08,5.82901723631864e-08,5.01836790449028e-08,5.70667205579632e-08,4.02328200682308e-08,3.79846572860978e-08,2.78028718297137e-08,4.98044006625687e-08,3.95865822983586e-08,4.85612629770614e-08,8.48702754505663e-08,2.21821045101769e-07,4.80406955955867e-07,1.59614082459671e-07,4.09514130415899e-07,3.21279692280071e-07,1.89381172195265e-07,4.00581520958491e-07,1.67735306145172e-07,3.51575836697335e-07,3.46289228955714e-07,3.12623008100319e-07,3.12363938666739e-07,1.28634940325681e-07,7.27875368322166e-08,2.65742550222821e-07,1.07465156570874e-07,2.05257557292547e-07,1.08424069017259e-07,6.27796093377854e-08,6.42670413454064e-08,8.93529111465791e-08,7.51032507752377e-08,1.02628263339539e-07,4.62188796069037e-08,5.90640347708636e-08,4.36657483081326e-08,5.44173949272719e-08,5.91047297636052e-08,5.69216370967293e-08,5.32457610540541e-08,3.76465149873729e-08,4.02063163787313e-08,5.37410264494044e-08,4.74256560122838e-08,6.76209894133185e-08,3.25488264332665e-08,3.7612815969848e-08,3.00529631618686e-08,4.26268014929006e-08,3.7949404154845e-08,3.77843288221264e-08,3.43502329532132e-08,3.00010384809339e-08,2.00919405173916e-08,3.67335244502296e-08,3.43498698413664e-08,3.66214489488426e-08
5.0571587554384e-07,6.10371706553325e-07,2.56673578087974e-07,7.9914755733439e-07,5.21644922705652e-07,6.23920636105479e-07,5.16592814599594e-07,2.12012370024733e-07,1.25454189097435e-07,4.44623561983545e-07,1.86294212469038e-07,3.90129471293788e-07,1.64895925984582e-07,1.05309167646387e-07,1.2234595742206e-07,1.43610860229236e-07,1.23910716174447e-07,1.41760102878706e-07,8.79310927955445e-08,1.07424428781891e-07,6.89360374235418e-08,1.0412611620915e-07,1.08455013890994e-07,1.03463442381304e-07,8.63361059031613e-08,5.89375245779859e-08,5.00523296223297e-08,8.63159257499345e-08,5.93784905882251e-08,9.14936655125432e-08,5.10910316752896e-08,4.57040943485926e-08,4.79276970787161e-08,5.02137658759592e-08,6.09032744563363e-08,7.22192257997428e-08,4.02851433884911e-08,4.09320482256561e-08,4.91438100342976e-08,5.28084817563048e-08,5.29222405091702e-08,6.17618063926612e-08,3.98893557307095e-08,4.63204975906675e-08,4.00100880321733e-08,5.28531174121561e-08,5.00452638429949e-08,5.65502503720857e-08,3.4015501215225e-07,3.79740653530943e-07,1.90005020398363e-07,5.73723344547464e-07,3.18619865729546e-07,4.71058460306667e-07,3.26668820757676e-07,1.63133726117384e-07,7.98527718439059e-08,2.81411340323126e-07,1.64313615887427e-07,2.86641862710171e-07,1.27396767610174e-07,6.52401251097482e-08,7.00827960692215e-08,1.26715937214842e-07,6.87022914408486e-08,1.07793056237071e-07,5.31768070831647e-08,6.57422572592768e-08,4.49998876780309e-08,6.13391587690283e-08,7.18031012886875e-08,7.37234814737149e-08,4.54041846563382e-08,3.50603061878591e-08,3.99960607668347e-08,5.1108428450571e-08,4.1805635516404e-08,5.49742115044152e-08,3.05707542988622e-08,3.40807398917476e-08,3.45970868939897e-08,3.52349809996724e-08,4.47839599948052e-08,5.25595091869659e-08,3.22686690876766e-08,3.27358146015286e-08,2.25213906368392e-08,4.09509361557499e-08,3.33658686232794e-08,3.47572675448963e-08,3.29643300280945e-08,2.06563412963701e-08,2.87514348692855e-08,3.43384545236665e-08,3.68631104439744e-08,4.96768725154881e-08
3.49681806791025e-07,1.31266982231968e-06,6.40132381472766e-07,5.21644922705652e-07,1.93966953202275e-06,8.39711616800861e-07,1.12795932554637e-06,5.28767679634037e-07,2.44394885246099e-07,1.64022622205989e-06,4.11421548832366e-07,1.43370510727492e-06,3.95018807318252e-07,2.00237946164706e-07,1.14872428035518e-07,3.13636755373301e-07,1.87665919471715e-07,2.65396552558795e-07,1.72116744300212e-07,9.7699713594402e-08,1.18963645995042e-07,1.5918404517429e-07,9.8881019031294e-08,1.55352775695424e-07,8.15389098956949e-08,1.00347119765787e-07,7.26887262386557e-08,8.13963615528137e-08,1.07548747391817e-07,9.24780394659261e-08,9.10123986950192e-08,6.36980483424204e-08,7.73622359413577e-08,9.23835399440235e-08,7.864287622061e-08,1.13345776723407e-07,5.48773541540196e-08,6.26274169713638e-08,6.23183985109494e-08,6.98049728106668e-08,6.98906201777337e-08,7.05284399079048e-08,5.56652367682375e-08,5.90889977149898e-08,4.91138908469771e-08,6.99129138489534e-08,6.91649360120926e-08,7.41223738833942e-08,2.35120585470086e-07,4.57745221849826e-07,4.22215979718014e-07,3.10634699434337e-07,8.96954529661646e-07,5.43707255132899e-07,3.7910594251474e-07,3.73232971018943e-07,1.59425001421152e-07,7.76856642471615e-07,3.39949111328066e-07,6.70001534240696e-07,2.99905435589401e-07,1.21157528669136e-07,1.06885545936667e-07,2.59223081022566e-07,1.34522658940526e-07,2.23889268775502e-07,1.03126932800206e-07,9.16806654734428e-08,9.22460297223302e-08,1.12583668185345e-07,9.7952453891969e-08,1.26063038397444e-07,7.40783786304364e-08,8.43155203692788e-08,5.40574873708958e-08,7.99101006563278e-08,8.80318212487669e-08,8.29573753493218e-08,7.66881158897714e-08,4.78254426545571e-08,7.00334113407566e-08,7.96331731218365e-08,5.81033670992637e-08,9.7538530907808e-08,4.19762468000129e-08,5.59686890787909e-08,3.45817993377499e-08,5.0685584022613e-08,4.7864064549883e-08,4.52376158061392e-08,5.0452884299121e-08,3.33383478349923e-08,3.37785972412408e-08,4.44608542958076e-08,6.09517366506878e-08,5.82769979222396e-08
4.55147759397706e-07,5.28787121608252e-07,4.66097771367753e-07,6.23920636105479e-07,8.39711616800861e-07,9.75111807382854e-07,4.48198333755681e-07,3.76850538515442e-07,1.72056054638265e-07,6.98105239133288e-07,2.84962071353799e-07,5.6128907594926e-07,2.8900617016985e-07,1.41439109998828e-07,1.06107518034553e-07,2.18635867838562e-07,1.54020809341141e-07,2.04547665657763e-07,1.2071105003776e-07,8.93831254629462e-08,1.04006613954125e-07,1.33320840979923e-07,9.18795155841534e-08,1.3481204720288e-07,7.42405931521607e-08,8.92863431250601e-08,5.55813841278143e-08,7.65889205004492e-08,8.69989923519572e-08,7.30980184379475e-08,7.90298909135738e-08,4.91365151863609e-08,5.72491279301687e-08,7.61365794286486e-08,7.28504120394519e-08,1.1536664781081e-07,4.28384190451488e-08,5.05536540322116e-08,5.03339199344636e-08,6.34415117794754e-08,5.88142449929252e-08,6.47556073110645e-08,4.61337770968126e-08,4.85612510491605e-08,4.2399388505137e-08,5.89300757760242e-08,5.52920464500927e-08,6.31460879770924e-08,3.2660323134212e-07,3.30871325310297e-07,3.43221785010131e-07,4.70030003103303e-07,5.56636042388701e-07,7.31031211878962e-07,2.82666576700422e-07,2.86864297822266e-07,1.23174363653328e-07,4.773330479521e-07,2.46731324055299e-07,4.17953126993187e-07,2.19693807157772e-07,9.79090689959319e-08,8.5410758826039e-08,1.87486530593091e-07,1.09283561148789e-07,1.59299009807351e-07,7.81850012006736e-08,7.33424358393385e-08,7.69166452455789e-08,9.05987954940897e-08,7.9189486192752e-08,1.00088596903808e-07,5.97937050490117e-08,6.71701874169897e-08,3.39148633479271e-08,6.51380758381546e-08,6.48264465180263e-08,5.84824822497274e-08,5.8138626510995e-08,2.87061670988134e-08,5.19321536087923e-08,5.67955628284697e-08,5.34356192319905e-08,9.16156063201167e-08,2.84816774701519e-08,4.32983380159113e-08,2.4364485822546e-08,4.55740633438326e-08,3.65232067749772e-08,3.31841674451683e-08,4.0636247665722e-08,2.45087025090673e-08,3.04034338698438e-08,3.75119655058749e-08,4.65113719718296e-08,4.98108358899656e-08
3.07524731660926e-07,1.21584605981752e-06,3.10403845852146e-07,5.16592814599594e-07,1.12795932554637e-06,4.48198333755681e-07,1.56421529062198e-06,3.91266184283448e-07,1.69321189074061e-07,1.44913720170181e-06,3.53126490896961e-07,1.38605321824082e-06,2.88321471224218e-07,1.31712296149557e-07,1.37004816628189e-07,2.65603000799434e-07,1.39112175507648e-07,2.52614191418373e-07,1.13564929198029e-07,1.1665903593664e-07,7.8971581470191e-08,1.20767708278458e-07,1.17804633546333e-07,1.21178418351976e-07,8.89043020332562e-08,6.58779666075802e-08,6.61712193186854e-08,8.95241844864933e-08,7.34900163837854e-08,1.03160776466778e-07,5.92604600024787e-08,5.89946653782907e-08,6.36297509202091e-08,6.33565230168194e-08,6.84879712444044e-08,8.3993157481301e-08,4.84815174731262e-08,4.89828181432009e-08,6.65217477630089e-08,5.85540031934591e-08,5.88579963116866e-08,7.10106153369998e-08,4.51931608334107e-08,6.0335377055261e-08,4.80859930439377e-08,5.31779252298258e-08,6.64197722927724e-08,5.87909705331692e-08,1.9412420193089e-07,4.58137637973676e-07,2.21835049518921e-07,3.13485269440072e-07,4.81106186411287e-07,2.9048357446508e-07,6.73985641950884e-07,2.68319449465381e-07,1.14496716768739e-07,6.708546571554e-07,2.95103420862451e-07,6.65260199430984e-07,2.2423389201866e-07,8.47111539975088e-08,1.05387964398893e-07,2.36970962219738e-07,1.00489870884524e-07,2.32903442371761e-07,7.06253888435637e-08,9.41294624739796e-08,6.99668818263241e-08,8.85321227705137e-08,1.01607917691178e-07,1.06275315125853e-07,6.72730944322259e-08,5.69929288775079e-08,5.16241783934053e-08,7.47057409683979e-08,6.10267216293879e-08,8.02304928564041e-08,4.98519042580819e-08,4.44883774039134e-08,5.78473998458374e-08,5.06503433533655e-08,5.04906129473818e-08,6.68409854752841e-08,3.48938256893519e-08,4.43981206007368e-08,3.74852702450336e-08,4.10452763568796e-08,3.77908161966813e-08,4.68187812267689e-08,4.04250673905644e-08,3.32182046914128e-08,3.41091388508711e-08,3.30874616536056e-08,5.08879312205918e-08,4.68950506929451e-08
1.10599983584088e-07,3.10094733976915e-07,5.36375524710737e-07,2.12012370024733e-07,5.28767679634037e-07,3.76850538515442e-07,3.91266184283448e-07,6.79130147222805e-07,2.79021320489256e-07,6.66724871764552e-07,5.44741214637861e-07,5.42512649891386e-07,5.30094231133537e-07,2.27299914265266e-07,1.13350266739712e-07,4.30376307847024e-07,1.91701998950837e-07,3.42562143757332e-07,1.94034830192146e-07,9.74345492114313e-08,1.11234241976834e-07,1.61797557186014e-07,1.05403655812075e-07,1.66325344111612e-07,8.12921704898909e-08,9.55691430956171e-08,7.57600791870663e-08,8.70659196416217e-08,1.0311390447196e-07,9.36178939696056e-08,8.64065814704893e-08,6.70470582164262e-08,5.50732627726509e-08,9.07945719306e-08,7.73924437561889e-08,1.08867153001506e-07,5.724494492066e-08,4.70950492727465e-08,4.85966464462475e-08,6.55897692915764e-08,5.75372019227981e-08,6.6543162180385e-08,3.9567152424388e-08,4.45372843734794e-08,3.99718833039412e-08,4.94249491056458e-08,5.29536444426237e-08,5.58755530214257e-08,7.02485648251391e-08,1.89052087891119e-07,4.00474389695894e-07,1.32183641292668e-07,3.51196960763481e-07,2.66857941425559e-07,2.69173204128803e-07,4.9377600537291e-07,2.02873974026441e-07,4.45707817347032e-07,4.16941328647523e-07,3.90193551512683e-07,3.97291494214521e-07,1.58117314564321e-07,8.36269774023591e-08,3.30505272118126e-07,1.30955676703086e-07,2.57425484856869e-07,1.31290720589792e-07,7.25029572792062e-08,8.4099078493757e-08,1.07062890579078e-07,9.5340329534041e-08,1.29157198755398e-07,5.58077651036319e-08,7.72084416300779e-08,6.11798430017282e-08,7.36041647728234e-08,7.34400555514286e-08,7.56809436861309e-08,6.94007523203895e-08,5.30426057626125e-08,4.10236484050251e-08,6.63895938547565e-08,6.00669248078239e-08,8.05480496091549e-08,4.37538658327076e-08,3.77251307699651e-08,3.55666595813745e-08,5.14058260944239e-08,4.23828737472215e-08,4.50585884748417e-08,3.17506974725654e-08,3.2793955106567e-08,3.37533424154884e-08,3.58967052010856e-08,4.533162648103e-08,4.25511715510904e-08
1.23483645775545e-07,1.51143596627947e-07,2.30286389443805e-07,1.25454189097435e-07,2.44394885246099e-07,1.72056054638265e-07,1.69321189074061e-07,2.79021320489256e-07,6.55520920071116e-07,2.91371367326245e-07,5.0736066607747e-07,4.69052477139235e-07,2.27310372419214e-07,5.30543170995723e-07,2.49262047668011e-07,3.99167103972987e-07,4.26784964069032e-07,3.18953963164437e-07,4.45368650984921e-07,2.09736503544715e-07,9.52204804279645e-08,3.55586698695335e-07,1.80421679869348e-07,3.18140113318029e-07,1.69866858945714e-07,8.1176055377098e-08,8.53890653975841e-08,1.4691100456988e-07,7.72725830466545e-08,1.32017514192238e-07,6.90419359793263e-08,7.16661751016936e-08,6.38396607003336e-08,6.72144714067417e-08,8.66614008022057e-08,7.50184823471399e-08,6.17013158171558e-08,5.17290007315609e-08,4.10524939609649e-08,7.16253148808321e-08,6.19524042064779e-08,7.30347693106159e-08,4.53946464160005e-08,3.73291691542278e-08,3.59908558473945e-08,5.43514326760912e-08,4.75781366217672e-08,6.39082543632033e-08,7.156428057624e-08,1.22823977498592e-07,1.78634415655258e-07,1.08538776057979e-07,1.82339410512171e-07,1.44008630540329e-07,1.33202737579087e-07,2.23038022006264e-07,4.58327445121415e-07,2.24740713844915e-07,3.82924431646753e-07,3.29409356992849e-07,1.78228123746652e-07,3.76070285772174e-07,1.78590730905946e-07,3.07967364303642e-07,2.91189320469351e-07,2.40954979559865e-07,3.1626655995218e-07,1.52104459307558e-07,7.99182541374685e-08,2.46310279286803e-07,1.43372194503024e-07,2.37571418564415e-07,1.18519243845939e-07,7.05173437360531e-08,7.78948356112333e-08,1.11143343000723e-07,6.29459873846617e-08,9.40206481773999e-08,5.8357631373396e-08,6.18846608714193e-08,4.37176918304778e-08,5.22862490591878e-08,5.44393274180831e-08,5.27276309267735e-08,5.20253361957852e-08,3.84156345877864e-08,3.10009030278869e-08,4.79775731604013e-08,4.87075129026966e-08,4.91299136772806e-08,3.32631095020311e-08,2.78931109091017e-08,2.92082651769645e-08,4.21313858643486e-08,3.76626429765298e-08,4.89145266252133e-08
3.04461273243975e-07,1.12774882845491e-06,5.29022053843314e-07,4.44623561983545e-07,1.64022622205989e-06,6.98105239133288e-07,1.44913720170181e-06,6.66724871764552e-07,2.91371367326245e-07,2.04996980498306e-06,5.321317282578e-07,1.80876832971073e-06,5.04062570593069e-07,2.36428028365414e-07,1.33276823513728e-07,4.10806424710551e-07,2.19669254322056e-07,3.62175182504728e-07,2.01486096351675e-07,1.14146760703398e-07,1.26405235092875e-07,1.84102838378644e-07,1.16081008130113e-07,1.84138974482147e-07,9.65743543645612e-08,1.07532796937737e-07,8.24156075581576e-08,9.74696009145616e-08,1.14642000347405e-07,1.08302124956767e-07,9.62398601501107e-08,7.10004869168928e-08,8.38819386247186e-08,9.59502195747962e-08,8.02993198130717e-08,1.15229649597318e-07,5.8372519011576e-08,6.24334060599973e-08,6.92949309094515e-08,6.80813631304999e-08,7.39775020383271e-08,7.35334563330286e-08,5.52804226214065e-08,6.34893063568e-08,6.23318205877346e-08,6.54088651940442e-08,8.45758713773089e-08,8.20013966412513e-08,1.99395244969075e-07,3.7869635605492e-07,3.73002565504427e-07,2.6188601667503e-07,7.76457461538119e-07,4.7331796323e-07,6.0833419549452e-07,4.69032549612317e-07,1.88115010523945e-07,1.04833327588344e-06,4.25245153247126e-07,9.14260440908678e-07,3.84545322910736e-07,1.46519166211455e-07,1.15832328094918e-07,3.37911711739824e-07,1.5066785858424e-07,3.02853668966947e-07,1.22251756974361e-07,1.0062800221597e-07,1.05678756674938e-07,1.2351671110125e-07,1.11401775255006e-07,1.39791221094009e-07,8.24615654541565e-08,9.6689929975314e-08,6.38370340419938e-08,9.33109893805931e-08,9.62143657223197e-08,9.37611524336847e-08,8.73216041376814e-08,5.48217842180715e-08,7.51335820134876e-08,8.4723273328653e-08,6.26683150910502e-08,1.01836320746043e-07,4.23739424495038e-08,5.42389289925611e-08,4.14685851720912e-08,4.97188562670431e-08,5.16936830453137e-08,5.25881770025067e-08,4.73701533738316e-08,3.80961528010912e-08,4.90896156799109e-08,4.43408809663218e-08,7.05840187734183e-08,6.32974065543569e-08
1.10851586312208e-07,2.73359776456483e-07,4.285245318059e-07,1.86294212469038e-07,4.11421548832366e-07,2.84962071353799e-07,3.53126490896961e-07,5.44741214637861e-07,5.0736066607747e-07,5.321317282578e-07,8.57894843994511e-07,7.98679782501885e-07,4.30386451581326e-07,3.99152351960847e-07,2.12879450415136e-07,6.67413318557468e-07,3.15986120410307e-07,5.10861255146387e-07,3.35639950276515e-07,1.75432192049057e-07,1.08816712882093e-07,2.63122912165896e-07,1.60532178693321e-07,2.35113417647028e-07,1.43830742601856e-07,9.28050216008339e-08,1.06065430797074e-07,1.31743135488169e-07,9.35171558237365e-08,1.2699539185403e-07,7.88577608942227e-08,8.86978823771614e-08,7.34398558475728e-08,7.7866189948246e-08,1.06892890081337e-07,8.76874221819048e-08,7.60361280331809e-08,5.85795803853676e-08,5.14125272365487e-08,8.87929665316534e-08,7.00717567070284e-08,9.11576456891637e-08,5.08039900669986e-08,4.54744442102711e-08,3.38824150730812e-08,5.83770566225685e-08,4.74790374059095e-08,5.87506886229349e-08,6.39603067249373e-08,1.75680023891994e-07,3.29710699549043e-07,1.29851102374337e-07,2.82426833970128e-07,2.18792826188733e-07,2.45552638691388e-07,4.21981730185085e-07,3.62529165335175e-07,3.76323402130801e-07,6.43722028106554e-07,5.61522571153433e-07,3.32188290337877e-07,2.88146320534445e-07,1.38347123018182e-07,5.12559537279129e-07,2.17527685327637e-07,3.74138312833116e-07,2.37928923154221e-07,1.1521090199717e-07,8.5895289713568e-08,1.8108544709277e-07,1.27649978082443e-07,1.82901613276681e-07,9.06599822207559e-08,7.30767672209066e-08,8.90365708080131e-08,1.00183933904048e-07,6.72023509948222e-08,8.9670161427123e-08,6.04026831681482e-08,7.2143591890765e-08,5.437143105092e-08,5.53729876533304e-08,7.54592752674902e-08,6.2296204663735e-08,5.97479440366268e-08,4.47190369620575e-08,3.72592377702116e-08,6.44572313740326e-08,5.08205508401601e-08,6.34343794142011e-08,3.83428230877342e-08,3.25684809233762e-08,2.52467227744339e-08,4.11221678443384e-08,3.55402098967927e-08,3.93697799047101e-08
2.84227644024449e-07,1.07132564687435e-06,4.24987906464828e-07,3.90129471293788e-07,1.43370510727492e-06,5.6128907594926e-07,1.38605321824082e-06,5.42512649891386e-07,4.69052477139235e-07,1.80876832971073e-06,7.98679782501885e-07,2.2610992687038e-06,4.16199521642196e-07,3.69817302200117e-07,2.1588452226505e-07,6.17615276354781e-07,3.07524517663632e-07,4.97021835933539e-07,3.13441935149317e-07,1.76697227314042e-07,1.07529760942009e-07,2.57118342199349e-07,1.57183992553419e-07,2.27257408436987e-07,1.44590665921848e-07,8.77441176441367e-08,1.22047164621186e-07,1.29482739198166e-07,8.93305138236786e-08,1.28714513456937e-07,7.50140916371676e-08,1.00466170697644e-07,1.07788160982232e-07,7.50864347825042e-08,1.17842550387764e-07,9.16572514892212e-08,8.52616677893852e-08,7.75079489715944e-08,7.77989409187842e-08,9.80965144418971e-08,9.36117066871255e-08,1.07948896306529e-07,7.04598208449522e-08,6.98895516896187e-08,5.4100300449777e-08,8.03453351045847e-08,7.45544018595522e-08,8.39019506091179e-08,1.86675587256118e-07,3.35992074593049e-07,3.15454594832918e-07,2.40299144693002e-07,6.50821383567e-07,4.06550165047301e-07,5.55811471744717e-07,4.12510336999431e-07,2.84994068447983e-07,9.10177550026285e-07,6.00927274155514e-07,1.15569111436171e-06,3.29804420848751e-07,2.33894599260262e-07,1.44162599910084e-07,4.86511570991e-07,2.0526893050733e-07,3.94794168722645e-07,1.92980613722181e-07,1.1964048383499e-07,9.63465559045585e-08,1.69026826634372e-07,1.19012628636996e-07,1.65167632857264e-07,9.57461720022972e-08,8.08735546430831e-08,9.79511503425789e-08,9.98218719391557e-08,7.91680248522238e-08,9.16034759682247e-08,6.6420024079835e-08,7.54575658837863e-08,9.97518631174159e-08,6.37084413327786e-08,8.30819923370703e-08,7.90441387154017e-08,6.09084558784407e-08,6.75041981718404e-08,5.06349997800468e-08,6.63253301175207e-08,6.41062177089086e-08,7.68574145937186e-08,5.98161300292311e-08,4.44180029398391e-08,3.93195296713652e-08,5.25152418362808e-08,6.13025106620092e-08,6.08442913663413e-08
8.67111658412925e-08,2.26418353694497e-07,4.18443052862461e-07,1.64895925984582e-07,3.95018807318252e-07,2.8900617016985e-07,2.88321471224218e-07,5.30094231133537e-07,2.27310372419214e-07,5.04062570593069e-07,4.30386451581326e-07,4.16199521642196e-07,5.93928809276983e-07,2.5325206696032e-07,1.27708821269961e-07,4.8260926093719e-07,2.14429076089166e-07,3.88269602108138e-07,2.11087234594282e-07,1.08220200977873e-07,1.24482382333902e-07,1.78758571671751e-07,1.19345468576588e-07,1.83969139897471e-07,9.11518509444353e-08,1.04279775042329e-07,8.25726844439679e-08,9.78137694001463e-08,1.13363781401371e-07,1.02524198054323e-07,9.3294323736692e-08,7.29730310567908e-08,5.77584270052296e-08,9.92600973037948e-08,8.49747373410156e-08,1.18696370924727e-07,6.16417037278778e-08,4.75619398864438e-08,5.27012571029112e-08,7.03040709541066e-08,5.84845998591766e-08,7.25821919776165e-08,3.93188560706562e-08,4.45060213544332e-08,4.06345814287311e-08,4.92591307868706e-08,5.28163914536945e-08,5.62480925515857e-08,5.59593632023175e-08,1.77282125988601e-07,3.12165355725684e-07,1.22821934362324e-07,2.8254893836468e-07,2.14704183442598e-07,2.34379405631355e-07,3.9724073644389e-07,1.58106781205338e-07,3.60543485572859e-07,3.30466500166766e-07,3.12077114118132e-07,4.53028465893114e-07,1.84224961736027e-07,9.69818753784775e-08,3.8341863462507e-07,1.52670812097128e-07,3.01604963829251e-07,1.47964436301873e-07,8.18726144283017e-08,9.24648777697441e-08,1.22676658065441e-07,9.84634421079715e-08,1.41361262754399e-07,6.4209776339077e-08,8.32649772512265e-08,6.59714748844824e-08,7.83829987376543e-08,8.48899246840675e-08,8.35643561836413e-08,7.41974514929276e-08,5.71684063002615e-08,4.23767987399819e-08,7.53135029328384e-08,6.93945525896533e-08,8.97154480477634e-08,4.7598102187099e-08,3.63147820497513e-08,3.44617948633946e-08,5.79815363503923e-08,3.79712082099808e-08,4.83455936738766e-08,3.11655361375583e-08,3.25880859844372e-08,3.49827282286268e-08,3.51281214056733e-08,4.46816501696963e-08,4.22224542217245e-08
1.04815507310463e-07,1.22569640373952e-07,1.87106751103969e-07,1.05309167646387e-07,2.00237946164706e-07,1.41439109998828e-07,1.31712296149557e-07,2.27299914265266e-07,5.30543170995723e-07,2.36428028365414e-07,3.99152351960847e-07,3.69817302200117e-07,2.5325206696032e-07,6.18010007986846e-07,2.93796511204116e-07,4.67075142534213e-07,5.00520469032967e-07,3.71882545901779e-07,5.05600657855547e-07,2.40641347995866e-07,1.10802482442506e-07,4.09060970271361e-07,2.044825595179e-07,3.58122109011214e-07,1.96902484335361e-07,9.42636439131631e-08,9.74697895741217e-08,1.68720441411352e-07,8.86694702087647e-08,1.5027982290945e-07,7.57317950361995e-08,7.97069608152062e-08,6.55892013797693e-08,7.30600249795836e-08,9.44922123287424e-08,8.40321744575533e-08,7.01096146187008e-08,5.4068839852232e-08,4.67385107992376e-08,7.98026141514707e-08,6.37969192799358e-08,8.1978350709892e-08,4.62005750557781e-08,3.85653495648232e-08,3.65713070848525e-08,5.45109642632814e-08,4.7824809157233e-08,6.30879666301035e-08,6.07207297856832e-08,1.02405172876515e-07,1.4175022869552e-07,9.49070019869419e-08,1.50257763597451e-07,1.20225041209492e-07,1.12395112901093e-07,1.78205309799944e-07,3.76050169859657e-07,1.80525536818426e-07,3.07935923448962e-07,2.75441238981591e-07,2.06059389260579e-07,4.54721043189603e-07,2.04261030322915e-07,3.67682405472869e-07,3.52798639215515e-07,2.83280022111842e-07,3.68702020837979e-07,1.69279303776602e-07,8.83567253942232e-08,2.91285143540922e-07,1.54264312056181e-07,2.67246037717609e-07,1.339563402465e-07,7.71562334447378e-08,8.43603154832062e-08,1.21723055184256e-07,7.0761726721779e-08,1.0556888882832e-07,6.22175355810854e-08,6.61607728981242e-08,4.54112189558645e-08,5.6625462879468e-08,5.98281644925522e-08,6.0583754707057e-08,5.6763814722789e-08,4.0500763415479e-08,3.16282578542041e-08,5.38280736638655e-08,4.64843910922085e-08,5.3651998153873e-08,3.55488483387577e-08,2.88305634602433e-08,2.94123526050975e-08,4.23569988443967e-08,3.79358280414058e-08,4.92623294629254e-08
8.35755640784355e-08,1.27099668473973e-07,9.50727291362168e-08,1.2234595742206e-07,1.14872428035518e-07,1.06107518034553e-07,1.37004816628189e-07,1.13350266739712e-07,2.49262047668011e-07,1.33276823513728e-07,2.12879450415136e-07,2.1588452226505e-07,1.27708821269961e-07,2.93796511204116e-07,7.83932239672481e-07,2.48354466481275e-07,6.13216029395869e-07,4.9461876840693e-07,2.40715131013632e-07,5.98617105124767e-07,2.69216764105907e-07,4.74498459484413e-07,4.68924438467641e-07,3.7313075322769e-07,4.84852727569765e-07,2.19938576986412e-07,1.10241583884701e-07,3.74916755604528e-07,2.01124723211904e-07,3.39836559503254e-07,1.8154370850337e-07,9.11924854333835e-08,8.53137538177437e-08,1.63052773710547e-07,1.00334294541176e-07,1.62304730912966e-07,7.58284019289786e-08,6.70182209880028e-08,5.60391093525094e-08,8.09068863771354e-08,8.32736458047261e-08,7.85981510093213e-08,5.9495008069789e-08,4.54227977637107e-08,3.80707546965039e-08,7.13968884190823e-08,5.24903546733722e-08,7.5163526727946e-08,2.6976735990305e-08,6.52083851383134e-08,7.1468097755163e-08,5.21880991141291e-08,7.75127098620942e-08,6.92288975094595e-08,6.92092816009787e-08,8.95190561758775e-08,1.87300245792982e-07,9.34289909831935e-08,1.68476664029019e-07,1.6484738968488e-07,1.04478400035061e-07,2.17337703551797e-07,4.80832182750554e-07,1.91739192848312e-07,3.78460031025048e-07,3.11554349034695e-07,1.80381072634797e-07,3.87692360019644e-07,1.87941961722744e-07,3.21907069039097e-07,3.34015444521849e-07,2.74564262377859e-07,3.02152809569052e-07,1.59103117167972e-07,6.96448755235001e-08,2.58043487667148e-07,1.400788042055e-07,2.13605012617399e-07,1.40715708750791e-07,5.34262083152371e-08,5.59518151730079e-08,1.19223965479797e-07,5.78630142413765e-08,1.10743886081413e-07,4.65781159497774e-08,4.55803120936993e-08,4.33534002622577e-08,5.20080707802871e-08,5.80684823464515e-08,5.01710582699598e-08,4.26960812141727e-08,3.50217189377958e-08,2.64499941267722e-08,4.86091916707349e-08,3.68696341219391e-08,4.94735159344711e-08
8.59592560054539e-08,2.05694033161875e-07,3.35910162900342e-07,1.43610860229236e-07,3.13636755373301e-07,2.18635867838562e-07,2.65603000799434e-07,4.30376307847024e-07,3.99167103972987e-07,4.10806424710551e-07,6.67413318557468e-07,6.17615276354781e-07,4.8260926093719e-07,4.67075142534213e-07,2.48354466481275e-07,7.68633596313128e-07,3.66511436321807e-07,5.90031113377335e-07,3.79224434350094e-07,1.99042939956159e-07,1.21307575390915e-07,2.97232055629526e-07,1.82324782640968e-07,2.63624374678923e-07,1.63900934092971e-07,1.02586150888795e-07,1.16696145502558e-07,1.50613578911169e-07,1.01773705811255e-07,1.39839987659229e-07,8.61863600486273e-08,9.62141708949047e-08,7.37019040602297e-08,8.44168714610741e-08,1.14731986252819e-07,9.67182831292173e-08,8.25428985795925e-08,5.87924668420166e-08,5.82908824102812e-08,9.55606252827128e-08,7.15569634632841e-08,1.00675056129749e-07,4.97676769030393e-08,4.71398236916717e-08,3.57018128980582e-08,5.84560246904185e-08,4.94920578875266e-08,5.90423542612365e-08,5.05880973462353e-08,1.60935624846731e-07,2.54211378850899e-07,1.15642953856059e-07,2.30333492599457e-07,1.75431416995872e-07,2.11607857036228e-07,3.32094564631879e-07,2.88111951303213e-07,3.03438339652816e-07,5.12474350928119e-07,4.59898191275673e-07,3.88334042323121e-07,3.51226895646291e-07,1.68643168760813e-07,6.10230238618003e-07,2.66435576841737e-07,4.45756602581696e-07,2.78124737785726e-07,1.36198300772407e-07,9.37756274017347e-08,2.15689937973753e-07,1.39270872314459e-07,2.08626390002907e-07,1.08475858525201e-07,7.96369455017735e-08,9.47443127510796e-08,1.11218671531386e-07,7.5197191844014e-08,1.01420385460462e-07,6.56971236559017e-08,7.71086807154875e-08,5.43315345934621e-08,6.21977748419946e-08,8.4705169389309e-08,7.05083933649261e-08,6.51243451443576e-08,4.38132619641018e-08,3.73309767408352e-08,7.24371620874022e-08,4.61804282985606e-08,6.89442434856477e-08,3.86825734849525e-08,3.43136026661914e-08,2.6613800577766e-08,4.11162786156109e-08,3.70672948581688e-08,4.04075107950624e-08
1.34308085746121e-07,1.24149136530098e-07,1.56327625501409e-07,1.23910716174447e-07,1.87665919471715e-07,1.54020809341141e-07,1.39112175507648e-07,1.91701998950837e-07,4.26784964069032e-07,2.19669254322056e-07,3.15986120410307e-07,3.07524517663632e-07,2.14429076089166e-07,5.00520469032967e-07,6.13216029395869e-07,3.66511436321807e-07,9.14268555491492e-07,6.70248260772396e-07,4.09128612415511e-07,4.74436370855304e-07,2.5603528917709e-07,7.23150935530322e-07,3.71047893863416e-07,5.74403313966825e-07,3.8124900604238e-07,2.0533115527585e-07,1.04978445818501e-07,2.96420331053545e-07,1.84940821651368e-07,2.53464148110834e-07,1.69332996485236e-07,8.48714151520406e-08,9.88771747364057e-08,1.49448119854539e-07,1.04654735561584e-07,1.59969934415001e-07,6.99757316677341e-08,7.74879771271188e-08,6.0492292362326e-08,8.20288376525573e-08,9.13291227937763e-08,8.17942338265947e-08,6.66103167018862e-08,5.10214101007533e-08,4.76660446233039e-08,7.86182766802344e-08,6.6081394421375e-08,9.4249050552798e-08,6.05742961028437e-08,1.01751949497877e-07,1.30302202435999e-07,8.62222761765182e-08,1.47182339450776e-07,1.22599782755762e-07,1.13784727518112e-07,1.54533488943663e-07,2.86588464883673e-07,1.67858599582216e-07,2.40536481382188e-07,2.42764252920022e-07,1.75145341425539e-07,3.52597789445917e-07,3.93546944317557e-07,2.85140620160555e-07,5.92533630493072e-07,4.53389216354307e-07,2.9101594965812e-07,3.14127751900145e-07,1.75236045697036e-07,4.94433687301601e-07,2.62349593177684e-07,4.04348411843194e-07,2.44521853723074e-07,1.45336888312522e-07,7.9155453035302e-08,2.00814456340288e-07,1.34995325491159e-07,1.67058180145517e-07,1.25732759367838e-07,5.95914280551027e-08,6.91767927815391e-08,1.12703216477702e-07,5.97664352179557e-08,1.09047526354612e-07,5.33662250640838e-08,5.83273055995272e-08,4.43689755360859e-08,5.37389188259018e-08,6.76286561563476e-08,5.88003431580087e-08,5.13393393164244e-08,3.94953808046106e-08,3.57036513431423e-08,5.75156330388515e-08,4.84501084641813e-08,6.53774461552865e-08
9.372812156277e-08,1.83917227336043e-07,2.62599795062347e-07,1.41760102878706e-07,2.65396552558795e-07,2.04547665657763e-07,2.52614191418373e-07,3.42562143757332e-07,3.18953963164437e-07,3.62175182504728e-07,5.10861255146387e-07,4.97021835933539e-07,3.88269602108138e-07,3.71882545901779e-07,4.9461876840693e-07,5.90031113377335e-07,6.70248260772396e-07,9.35704613267695e-07,3.00650311955643e-07,3.68714672411423e-07,1.98404441681779e-07,5.22104366415948e-07,2.77996242987156e-07,4.05656700859013e-07,2.98276409749686e-07,1.60164677253421e-07,9.10604146493361e-08,2.22835866794981e-07,1.50658865674478e-07,1.98347012319675e-07,1.30447834872673e-07,7.24071744562964e-08,1.09357550655301e-07,1.18755405085191e-07,9.67213846206458e-08,1.31991975690717e-07,6.10479609486301e-08,8.45169042482575e-08,6.34556915461405e-08,7.67479801638463e-08,1.01787172318398e-07,8.187404920502e-08,7.04840881510052e-08,5.18013423728502e-08,4.11082532066516e-08,8.35575931070831e-08,5.12308726916436e-08,7.99750345444783e-08,5.41564951758563e-08,1.38082307117605e-07,2.05825427519783e-07,1.04503066302238e-07,1.9974258717097e-07,1.67196882549427e-07,1.94747041419549e-07,2.59044930793138e-07,2.25853412414519e-07,2.68748268642597e-07,3.74284468613671e-07,3.81244966054454e-07,3.15737034762873e-07,2.7732778735916e-07,3.12974119098007e-07,4.49327229399039e-07,4.43987096223032e-07,6.5826890507207e-07,2.20955070689864e-07,2.42750670352156e-07,1.35879889218103e-07,3.64929214676348e-07,1.98509505868473e-07,2.97838243201667e-07,1.93719943902517e-07,1.11208459576918e-07,6.31429001900437e-08,1.59250866547192e-07,1.05844961484369e-07,1.36576709188662e-07,9.67946459424671e-08,4.80071638246736e-08,7.54202658509972e-08,8.85310182055731e-08,6.47313534476503e-08,9.11557189157718e-08,4.3769387661181e-08,6.04820891305639e-08,4.12431107930772e-08,5.43259050559467e-08,6.48671006510301e-08,5.63322454757971e-08,5.24280675210044e-08,3.60026122435874e-08,3.21002255077925e-08,5.35289283503881e-08,3.91928158564109e-08,5.15457102149116e-08
8.92001219744802e-08,1.07403756667394e-07,1.60572676335003e-07,8.79310927955445e-08,1.72116744300212e-07,1.2071105003776e-07,1.13564929198029e-07,1.94034830192146e-07,4.45368650984921e-07,2.01486096351675e-07,3.35639950276515e-07,3.13441935149317e-07,2.11087234594282e-07,5.05600657855547e-07,2.40715131013632e-07,3.79224434350094e-07,4.09128612415511e-07,3.00650311955643e-07,5.9832168628609e-07,2.75443381742695e-07,1.19792284925823e-07,4.86879930690195e-07,2.44775880123801e-07,4.33899781841712e-07,2.24229657208614e-07,1.01524714005351e-07,1.03636208822961e-07,2.01636610511002e-07,9.83676904344632e-08,1.8348509733739e-07,8.22902307699037e-08,8.36577107714415e-08,7.37678155243205e-08,8.03080016179097e-08,1.01552605797025e-07,9.33497482093343e-08,7.2415932173562e-08,6.04734589410764e-08,5.37498969998009e-08,8.28049491917763e-08,6.96824091223466e-08,8.81599765589868e-08,5.25479869274221e-08,4.57546790288618e-08,4.43395946196399e-08,6.07107553165571e-08,5.65063651944949e-08,7.02774816079907e-08,5.11193014285127e-08,8.83598482286601e-08,1.22857333616468e-07,7.81430923883254e-08,1.32586289983453e-07,1.04449803476076e-07,9.52119201654293e-08,1.53497101282302e-07,3.16322875150212e-07,1.56923482645132e-07,2.59516686211243e-07,2.33601539794451e-07,1.72704014898831e-07,3.68724124731412e-07,1.69269763048203e-07,3.01603997687118e-07,2.91260636833076e-07,2.37108760109484e-07,4.27409995980518e-07,1.96360152575737e-07,8.73699495030118e-08,3.45064234248789e-07,1.85755140893333e-07,3.23919177371708e-07,1.57608162281345e-07,7.69035309591357e-08,8.80151561952712e-08,1.51945413123841e-07,7.55875180583401e-08,1.35621070355616e-07,6.41114322771234e-08,6.78908988175783e-08,5.10950695366815e-08,6.05797013873475e-08,6.67286839460189e-08,6.62060476802929e-08,5.72676841925776e-08,4.44966358182732e-08,3.71341337545238e-08,5.71411188801332e-08,5.28901808195553e-08,5.99011120119619e-08,3.99203772997471e-08,3.41245112320581e-08,3.62923504587497e-08,4.86305280570857e-08,4.72437870509832e-08,5.67251303872349e-08
