3.01725783045065e-08,1.45765450147428e-08,6.32837928630732e-09,2.07086135874782e-08,1.38093402303842e-08,1.81343176857082e-08,1.21687665161823e-08,5.38374241466039e-09,1.17181137304196e-08,1.17451836668789e-08,5.31139173579692e-09,1.2101777575225e-08,4.16266409455789e-09,9.24715629032945e-09,5.26425711004077e-09,3.79253051048542e-09,9.66408593022057e-09,5.48931714551957e-09,6.86232782184545e-09,3.34006515104743e-09,2.64582967012069e-09,7.22755650703271e-09,3.06672247243535e-09,7.75414887649012e-09,2.72433907590547e-09,2.23797654166016e-09,1.78525870216214e-09,2.66717925797619e-09,2.31700307884681e-09,2.8712955557792e-09,1.6154157749252e-09,1.33239605563032e-09,1.5504784234951e-09,1.55554616956483e-09,1.41325789398709e-09,1.63274707457613e-09,1.15745174996811e-09,1.30829171804074e-09,1.26575128088923e-09,1.24243912636777e-09,1.43779425139759e-09,1.83374847300729e-09,1.05923163925031e-09,9.99514613584846e-10,1.14858131055736e-09,1.22466541701405e-09,1.28998673808284e-09,1.53675236278796e-09,1.59996819377661e-08,8.230619415492e-09,2.68450024660791e-09,1.40888520511615e-08,7.88601263086377e-09,1.05445058837409e-08,6.95504752328004e-09,2.75747972204189e-09,4.57499756817687e-09,6.87215614932068e-09,1.91189852580671e-09,5.54432982065537e-09,2.43024548492502e-09,3.93684956738285e-09,2.47821469258761e-09,1.7009527648511e-09,3.31415885412274e-09,3.57540252138367e-09,3.19070329022096e-09,2.28113044566509e-09,2.03379368526511e-09,2.5333593506899e-09,2.77591538302481e-09,3.92508415377116e-09,1.98110449435404e-09,1.49490032532528e-09,1.22741960456878e-09,2.30685871171930e-09,1.91458081859549e-09,2.54122477548442e-09,1.11927283249267e-09,1.03264217980281e-09,1.02751259320922e-09,1.11066005428834e-09,5.89017034137715e-10,7.60107545065575e-10,7.85892943143044e-10,8.58056698368291e-10,9.45255453226514e-10,4.32531344176212e-10,2.70291122534208e-10,1.40742697120198e-09,5.3257065485004e-10,9.03663103924554e-10,9.60195137688308e-10,4.23612076200877e-10,8.72742557715788e-10,8.83171787179401e-10
1.45765450147428e-08,9.81994140361809e-08,1.46464245697021e-08,3.91463265853266e-08,7.98784373013411e-08,2.08108593233479e-08,8.1844757389722e-08,1.22763157571686e-08,9.02507627153165e-09,6.76429816042179e-08,1.08867277722052e-08,7.25756500408363e-08,9.40560496299374e-09,6.83620079433264e-09,1.67183161075784e-08,8.06306348459385e-09,8.40301400663863e-09,9.59535066543636e-09,4.70639618215241e-09,1.29932060129611e-08,4.11225705970507e-09,6.16025365041691e-09,1.24106145549713e-08,5.83355532281917e-09,1.11544989495726e-08,3.47145293602579e-09,2.58489178093458e-09,1.05773413641194e-08,4.24114954572774e-09,1.07288404773016e-08,2.52674925974429e-09,2.02423908112941e-09,2.25873542169665e-09,2.91743547388328e-09,2.23146962798195e-09,3.11318771439576e-09,1.78406645006399e-09,2.19936838973157e-09,1.78022347721516e-09,1.99841674709397e-09,3.04308453646523e-09,3.1439760693249e-09,2.1003489214262e-09,1.39327940160648e-09,2.04730201786678e-09,1.68566718624155e-09,2.45050022147514e-09,3.03433045670189e-09,7.22758713324803e-09,4.722185243017e-08,9.38233485879295e-09,2.91526212539919e-08,3.39030635217736e-08,1.30867581982175e-08,4.07663259639727e-08,8.03021577330276e-09,3.94748357034585e-09,3.21265011689321e-08,5.32840491357172e-09,2.79780363008824e-08,6.3600034913092e-09,3.7318568909526e-09,8.16733626735118e-09,4.45209889836284e-09,4.83801471802824e-09,5.78727519202236e-09,3.13669429717745e-09,7.82319304677977e-09,3.19347071512674e-09,3.80713836589071e-09,8.33541696960678e-09,4.28008905127501e-09,7.08302632424036e-09,2.67182038296001e-09,1.8901112760592e-09,7.65495154573416e-09,3.39996252934073e-09,7.81959711599406e-09,1.91258255475146e-09,1.33421550866477e-09,1.97166946892309e-09,1.84886165951499e-09,1.62648831156428e-09,2.13638966674818e-09,1.20966002393601e-09,1.86504955547507e-09,1.38286447934383e-09,1.4113026281881e-09,2.64332919319707e-09,3.10618066414467e-09,1.7870490314154e-09,1.10410451172646e-09,1.58082236221642e-09,1.34163634393355e-09,2.01705513093932e-09,2.77415024254655e-09
6.32837928630732e-09,1.46464245697021e-08,4.32782300523037e-08,1.1684700582035e-08,3.1297199884633e-08,2.7843939564276e-08,1.22798815510953e-08,3.34604778193993e-08,1.14395299485848e-08,2.46452336164449e-08,2.31529980678462e-08,1.72744331719988e-08,2.71367123791741e-08,9.24170174341781e-09,7.65989564657829e-09,1.84678606929618e-08,1.03229566521944e-08,1.86733379448036e-08,7.29457376975579e-09,5.85473368165368e-09,7.64672151509162e-09,7.94682456280068e-09,5.39277174033497e-09,7.85227276447103e-09,4.58625064496492e-09,6.31792608514221e-09,2.69251629051989e-09,4.28749782201295e-09,6.62501120711384e-09,4.3391407063745e-09,5.15429086532675e-09,2.24372524116158e-09,2.13415842773901e-09,5.46766893698681e-09,2.2166630697478e-09,5.43400927351588e-09,1.76369476415351e-09,1.73019986380545e-09,1.86805826761066e-09,1.88170803866057e-09,2.25493099011971e-09,2.54828008081749e-09,1.77343277464236e-09,1.83419742786025e-09,2.06797301650876e-09,2.19223072860336e-09,2.39287811761332e-09,3.05363789914517e-09,3.34363665836258e-09,9.38415571784085e-09,2.24049466778294e-08,8.23771508574559e-09,1.96576342292881e-08,1.58650209398205e-08,7.8900368048407e-09,1.74129364986144e-08,7.06209284326161e-09,1.49244676930664e-08,1.33376671932051e-08,1.02979526900582e-08,1.50596283629889e-08,5.50718120957147e-09,3.99045642082089e-09,1.07603306100299e-08,6.46201317063266e-09,9.95072027590906e-09,4.33773844963335e-09,3.86931755544312e-09,4.65855414785797e-09,5.6608342871521e-09,3.25400014484154e-09,5.09277251259894e-09,3.15738792012573e-09,3.7086770064437e-09,1.82877173862577e-09,3.00656953551337e-09,4.30181593583076e-09,2.67224237481831e-09,3.02295458673778e-09,1.78049273261632e-09,1.65945740600324e-09,3.58018026257895e-09,2.02890930735947e-09,3.06200444736536e-09,1.45332795966156e-09,1.16252171337323e-09,7.90385151955326e-10,1.75745660676518e-09,1.77829464449998e-09,2.02397672942506e-09,1.17529908184962e-09,8.90943188583641e-10,1.91881842779935e-09,1.8375217396384e-09,1.54784384603897e-09,2.33000455864512e-09
2.07086135874782e-08,3.91463265853266e-08,1.1684700582035e-08,4.80541036780116e-08,2.13016282730242e-08,2.75919700699444e-08,3.17554659727122e-08,9.4012875209718e-09,7.82319441745853e-09,1.77688296013598e-08,8.7953789617625e-09,1.70325953549878e-08,7.27490871666541e-09,6.39378338834811e-09,1.64868888777252e-08,6.84589929594616e-09,7.68622865207034e-09,8.38578478384818e-09,4.23413231258645e-09,1.24744847583695e-08,3.5334914442733e-09,5.41103229033783e-09,1.23761236990962e-08,5.17129976186204e-09,1.0769868705636e-08,3.01631691600673e-09,2.64305701786772e-09,1.06813383421244e-08,3.55615355838228e-09,1.03627352781267e-08,2.30100275846978e-09,2.06245798164651e-09,1.82994240708459e-09,2.66534658681381e-09,2.15497105862374e-09,2.5708915622446e-09,1.59301469801621e-09,1.70741454897514e-09,1.38709168175042e-09,1.63429371889734e-09,1.82984827056188e-09,2.09690943533763e-09,1.43694005649754e-09,1.14904873612031e-09,1.95583064359524e-09,1.46187730127842e-09,2.09100602583094e-09,2.54851512461685e-09,1.22482124817281e-08,2.46794869858442e-08,7.28205910182533e-09,3.32687788401984e-08,1.22173462457948e-08,1.58104671449503e-08,1.9773401172332e-08,6.27850741973917e-09,3.48314139632865e-09,1.04996191581959e-08,5.00765754460141e-09,7.91123085701427e-09,5.02346876544821e-09,3.14630304106842e-09,8.20855564244247e-09,4.15495454755312e-09,3.87926101405559e-09,5.28138185054333e-09,2.52959547675779e-09,8.07802277504957e-09,2.80925778932887e-09,3.09411294490245e-09,8.30812620571538e-09,3.38293817571376e-09,7.18587725996916e-09,2.39912583799082e-09,1.7748814475812e-09,7.42528175526318e-09,3.22298197521416e-09,7.27042287277015e-09,1.90882088816734e-09,1.42850822921259e-09,1.33323446930595e-09,2.0864110321745e-09,1.17513155102262e-09,1.71351284778664e-09,1.01938727020414e-09,1.24326854997004e-09,8.84186403006979e-10,9.65589460398119e-10,1.22474502455378e-09,1.42985672873944e-09,8.93598538800142e-10,9.17653445443208e-10,1.6546840299141e-09,1.26955887081614e-09,1.83566839992047e-09,2.19741939518538e-09
1.38093402303842e-08,7.98784373013411e-08,3.1297199884633e-08,2.13016282730242e-08,1.07308783467749e-07,3.88045829088844e-08,6.76422729091684e-08,2.4639185499188e-08,1.29217983836949e-08,8.90119719421215e-08,1.65524452167403e-08,8.33259398983264e-08,1.98120565828499e-08,1.019727050293e-08,9.14450524053667e-09,1.27751857359838e-08,1.15689730651787e-08,1.38874865172026e-08,7.89548747223495e-09,6.94649676900369e-09,8.49161727514146e-09,8.76327044663813e-09,5.78881781041502e-09,8.52605568646328e-09,5.59931623494375e-09,7.29877051490292e-09,2.76698771004207e-09,4.73629801664106e-09,7.68215521451409e-09,5.28195325570043e-09,5.94766396782061e-09,2.26264386527133e-09,2.63337954245787e-09,6.39222593402717e-09,2.23031527108598e-09,6.44663552591113e-09,1.89446159890726e-09,2.27823680753945e-09,2.78362538882052e-09,1.97182131177578e-09,4.1142680346018e-09,4.14711106890264e-09,2.48078701471176e-09,2.3158696807929e-09,2.84190337043953e-09,2.79200300149463e-09,3.25946272935052e-09,3.971221238379e-09,6.65337802290743e-09,3.54549658605337e-08,1.83955715723083e-08,1.45172858635903e-08,5.03306401578128e-08,2.29747615069218e-08,3.16875830771516e-08,1.49090159285329e-08,7.68340177136102e-09,4.44392229447735e-08,1.01209557746256e-08,3.6421062083057e-08,1.2408828976674e-08,6.31337407230233e-09,4.62818976595537e-09,8.12588872656355e-09,7.18690492680603e-09,9.28684327828366e-09,4.93559991773721e-09,4.21684210194102e-09,6.11374539162328e-09,5.84358839703326e-09,2.9363745881535e-09,5.20838407618048e-09,3.6570163625405e-09,5.33425345495665e-09,2.13452215209077e-09,3.12355126249778e-09,5.82592389090371e-09,3.18064492818022e-09,3.8903391661663e-09,1.94737884762062e-09,2.49703028477092e-09,4.32097141933036e-09,1.68545912305826e-09,3.86262683317156e-09,1.6809728898321e-09,1.8817739101212e-09,1.39137117777693e-09,1.41682437065989e-09,3.43767106816995e-09,3.91681754729147e-09,1.86662916513425e-09,1.08687074819679e-09,2.19760528053168e-09,1.81494526279166e-09,2.05676641198985e-09,2.98517384467504e-09
1.81343176857082e-08,2.08108593233479e-08,2.7843939564276e-08,2.75919700699444e-08,3.88045829088844e-08,4.85966215780506e-08,1.73092512021259e-08,2.10908954907025e-08,1.01920188874209e-08,3.05005032730858e-08,1.31219757544329e-08,2.18671675006677e-08,1.70110829268667e-08,8.14382617772039e-09,7.45377898290265e-09,1.02254319449996e-08,9.27048610035921e-09,1.11112602506612e-08,6.48094780172079e-09,5.83948370090461e-09,8.65322832925784e-09,7.24454028287399e-09,5.35353393625894e-09,7.12987069152412e-09,4.62697806340452e-09,7.32213506328415e-09,2.68222340274877e-09,4.24325960599131e-09,7.59657710843377e-09,4.39462157934612e-09,6.06133387452851e-09,2.21600638054861e-09,2.34917350769397e-09,6.37499923751555e-09,2.0551678103939e-09,6.06488994694383e-09,1.89029031785354e-09,1.99544360420455e-09,2.19768537188544e-09,1.81739745022302e-09,2.47815539628965e-09,2.87697102501632e-09,1.94728715245658e-09,1.91859405182869e-09,2.67636465944396e-09,2.29007780498717e-09,2.89033718430763e-09,3.39702078046153e-09,9.69220753754983e-09,1.35980022825125e-08,1.55478505873236e-08,1.61823595261591e-08,2.50987709432021e-08,2.61014100714368e-08,1.09085673189291e-08,1.27309896338324e-08,5.91107848064284e-09,1.96227585690645e-08,8.92004937340066e-09,1.35798316158851e-08,1.08682488622247e-08,4.64262833046081e-09,4.15437279388283e-09,7.31203920604604e-09,5.84576974530278e-09,8.22670421235895e-09,3.52911478511853e-09,4.05545009922956e-09,5.57300519873889e-09,5.0459290676048e-09,2.60816548234204e-09,3.68056928896535e-09,3.40381844239423e-09,4.80676305333678e-09,1.7596201998469e-09,2.64363517509248e-09,5.45635390044783e-09,2.78320537637076e-09,3.88136679186067e-09,1.70621091628198e-09,2.10725057464711e-09,4.44473897497469e-09,1.0985670372732e-09,3.24547398257901e-09,1.38432322078858e-09,1.59812029923367e-09,7.21348875397705e-10,9.07788641657751e-10,1.85294791654113e-09,1.72824781544246e-09,1.33666282891784e-09,8.39285620881132e-10,2.15877965693634e-09,1.95428058376599e-09,1.81418854357077e-09,2.45884136826923e-09
1.21687665161823e-08,8.1844757389722e-08,1.22798815510953e-08,3.17554659727122e-08,6.76422729091684e-08,1.73092512021259e-08,8.86554461211242e-08,1.52115138849121e-08,9.79493596954636e-09,7.63409576427661e-08,1.31810283781477e-08,7.97554796093135e-08,1.18965149183344e-08,7.34058515933821e-09,1.87320173280752e-08,9.86804773495678e-09,9.43230841583717e-09,1.16917272535768e-08,5.21222662232294e-09,1.42185515626351e-08,5.40812770188816e-09,6.99494470911856e-09,1.3797315603871e-08,6.80217787696131e-09,1.2197958952591e-08,4.53574534454699e-09,3.27208555006938e-09,1.1754660191212e-08,5.38085066854996e-09,1.19757258168047e-08,3.4745457382286e-09,2.48268068120292e-09,2.5773429434039e-09,3.85805471669575e-09,2.76043117808603e-09,3.92527358731281e-09,2.06672386690761e-09,2.41263354205211e-09,1.85157916895187e-09,2.32098729140355e-09,3.1230142633195e-09,3.30966439460263e-09,2.09563076650755e-09,1.36728585543527e-09,1.88067768283541e-09,1.76034169753641e-09,2.29466106834088e-09,2.8550010696995e-09,5.81834814030272e-09,4.0754159961385e-08,8.02404335943218e-09,2.33218417876694e-08,3.21171496361181e-08,1.0971878427829e-08,4.6091811223052e-08,9.36939389659435e-09,4.39052939006542e-09,4.03710465865733e-08,6.17216494193142e-09,3.73810526551428e-08,7.62678322466300e-09,3.98266409620838e-09,8.57190296966138e-09,4.95332805502049e-09,5.45986560841846e-09,5.05725929233036e-09,3.21666272280147e-09,9.29678839884714e-09,4.11581366734127e-09,4.62753162098658e-09,9.21562722306981e-09,4.6740824501345e-09,8.44000368228377e-09,3.45207324538409e-09,2.44896058890474e-09,8.40239820074775e-09,4.33183854697246e-09,8.84190334766751e-09,2.61958495499093e-09,1.70384609190445e-09,2.25736484457537e-09,2.77143290595964e-09,2.15019776343743e-09,2.91688901984176e-09,1.40401182528496e-09,2.21237119553536e-09,1.81412789451405e-09,1.70988384976863e-09,3.30198772896187e-09,3.854175644894e-09,1.77801049484374e-09,1.22509228905746e-09,1.44590125307765e-09,1.60194963386557e-09,1.98854160826407e-09,3.01028495322316e-09
5.38374241466039e-09,1.22763157571686e-08,3.34604778193993e-08,9.4012875209718e-09,2.4639185499188e-08,2.10908954907025e-08,1.52115138849121e-08,4.08416133567227e-08,1.45369122092203e-08,3.18534489949774e-08,2.9046443753124e-08,2.2506456080537e-08,3.34331201631985e-08,1.17628625458132e-08,9.60630549638917e-09,2.36650568104529e-08,1.26942377083663e-08,2.34053630555731e-08,9.57771000550015e-09,7.49167010553779e-09,1.01589106675489e-08,1.00684732800889e-08,7.1924175358247e-09,1.0312372013335e-08,5.88805588585278e-09,8.27650961593507e-09,3.95641963956442e-09,5.75288006395924e-09,8.46099490963099e-09,6.06140230343937e-09,6.82350836748862e-09,3.06588138374068e-09,2.56239293997582e-09,6.86187823288979e-09,2.98819689511134e-09,6.74021551649219e-09,2.43779540907946e-09,2.07329698217668e-09,1.92529791719768e-09,2.52905264693759e-09,2.40735718180029e-09,2.91778589866109e-09,1.89122255725681e-09,1.71949472310537e-09,2.09707277908421e-09,2.09688558039385e-09,2.39305763556538e-09,2.9140296548257e-09,3.23304147744888e-09,7.87241518860509e-09,1.74038640825742e-08,6.9115969602565e-09,1.49103371763983e-08,1.15574780441234e-08,1.0619806288185e-08,2.15090110673835e-08,8.50081624122519e-09,1.92566445007168e-08,1.55775868424973e-08,1.36160003865822e-08,1.89726246942467e-08,6.69630466385679e-09,6.45669287215493e-09,1.27405012804456e-08,7.64492243386618e-09,1.15985752440526e-08,5.39920434796356e-09,6.38876427893602e-09,6.40187020980005e-09,6.9661100104897e-09,5.31656255109525e-09,6.4003644075249e-09,4.97894868202142e-09,5.21890031610722e-09,2.64724025555302e-09,4.35850141812507e-09,5.7824183329103e-09,4.77730229468691e-09,4.30396396438611e-09,2.18156992888127e-09,1.77647876826815e-09,4.85254299147732e-09,2.28568838899215e-09,3.91765022295444e-09,1.79324978971338e-09,1.36528729003766e-09,9.01442673043783e-10,2.05179575077967e-09,2.22511003591171e-09,2.24933529529619e-09,1.21736359533107e-09,8.53872279899283e-10,2.18721975597642e-09,2.00221802226674e-09,1.76332073281244e-09,2.73440958528046e-09
1.17181137304196e-08,9.02507627153165e-09,1.14395299485848e-08,7.82319441745853e-09,1.29217983836949e-08,1.01920188874209e-08,9.79493596954636e-09,1.45369122092203e-08,4.75368591618731e-08,1.58214259153003e-08,3.04305187555258e-08,2.9563774067166e-08,1.17689433067242e-08,3.73838540025497e-08,1.70520502900943e-08,2.40622512857274e-08,2.84941085559756e-08,1.84131373917816e-08,2.93873261063686e-08,1.24163721024051e-08,7.76074663928137e-09,2.18667264189605e-08,1.14684491477627e-08,2.16918470514467e-08,9.46724980266836e-09,6.03404101865254e-09,6.92005325233089e-09,8.4265532990102e-09,5.42281046173206e-09,7.90767035802158e-09,4.73960767860654e-09,5.86885762196828e-09,3.22972930016205e-09,4.23257555542753e-09,6.20278289894836e-09,4.40209850942387e-09,5.01193562858908e-09,2.6181556095266e-09,2.46147593097854e-09,5.35422348665918e-09,3.16232665389014e-09,5.88222255269427e-09,2.334925452805e-09,1.94438870313089e-09,2.03361301818945e-09,2.55320100574326e-09,2.60344100182635e-09,3.08609281081285e-09,5.72364905319304e-09,4.28658999770907e-09,4.90552989443234e-09,4.96888129040626e-09,7.34464679254384e-09,5.07122477698655e-09,5.91281650060812e-09,5.77613812245303e-09,2.49951737911793e-08,8.15194424518894e-09,1.65250092932197e-08,1.97161391113709e-08,5.07030040691245e-09,1.96445578141666e-08,1.10509244055351e-08,1.37803274803703e-08,1.4541349747339e-08,1.09602308635898e-08,1.61472204666811e-08,9.63388542697406e-09,4.27838050668547e-09,1.13392904876819e-08,8.89059420145568e-09,1.26058731398539e-08,7.67803992309085e-09,3.302368333197e-09,4.80864697341866e-09,7.15130919816019e-09,2.54458543451047e-09,5.69825531249587e-09,2.58117129267635e-09,4.13360266758664e-09,1.55440363938994e-09,2.17632525465135e-09,3.85007095678592e-09,1.87021483912789e-09,3.70747797862349e-09,1.27152999097357e-09,1.65400598200627e-09,3.64791822336717e-09,1.31185007139488e-09,4.02811836179189e-09,1.14449714884747e-09,1.43108706624922e-09,1.75000232946327e-09,9.21939079061992e-10,2.13387441627167e-09,2.13741976410137e-09
1.17451836668789e-08,6.76429816042179e-08,2.46452336164449e-08,1.77688296013598e-08,8.90119719421215e-08,3.05005032730858e-08,7.63409576427661e-08,3.18534489949774e-08,1.58214259153003e-08,1.12060098739887e-07,2.13629657602293e-08,9.90909735617779e-08,2.59280749460675e-08,1.25805931589284e-08,1.28966588615378e-08,1.69046521382363e-08,1.35738570860125e-08,1.76646116942116e-08,1.0132462974562e-08,8.84784430438594e-09,1.3354733415184e-08,1.05316717355517e-08,7.62236170952870e-09,1.14558999050977e-08,7.08593822154343e-09,1.13117865470128e-08,4.12057846705128e-09,6.15775980309986e-09,1.05482164780309e-08,6.84517369262765e-09,9.58253974013793e-09,3.24918118054849e-09,3.22166916412008e-09,8.81409604162363e-09,3.09199844366994e-09,8.87264165437603e-09,2.70245498760602e-09,2.73039051801525e-09,2.78677352539806e-09,2.65241410263654e-09,4.44897845398255e-09,4.47270705299554e-09,2.58998189090119e-09,2.19727670979204e-09,2.78990057219267e-09,2.72954065505424e-09,3.1587707648282e-09,3.69774971393877e-09,5.75513469050754e-09,3.16704499900306e-08,1.49003497220317e-08,1.1587815983278e-08,4.44261697676322e-08,1.75092979641176e-08,3.76725959366788e-08,1.5702809530936e-08,8.63901490250733e-09,5.97306566854551e-08,1.11010028825166e-08,5.30580205602833e-08,1.32614527878061e-08,6.91772475150158e-09,5.48497764897355e-09,8.74659054854081e-09,7.13779269376477e-09,5.61649811912179e-09,5.41907344197609e-09,7.61520551082261e-09,8.0387754300245e-09,6.47771264194651e-09,4.49047526314569e-09,6.10231807832386e-09,6.17740713277562e-09,7.08788872296333e-09,3.00634125346044e-09,4.18279684289557e-09,6.99548866232395e-09,4.82613469651947e-09,5.48873658693843e-09,2.54110958695469e-09,3.09381637938728e-09,5.41554837814062e-09,2.11797516124566e-09,4.14590226522296e-09,2.12006018610292e-09,2.66821581632532e-09,1.48904875589796e-09,1.76122751916434e-09,5.00742878294998e-09,4.42272487617627e-09,1.88372629757324e-09,1.14283632183712e-09,2.4713020774636e-09,2.03592889733279e-09,2.14161859512386e-09,3.13038900344859e-09
5.31139173579692e-09,1.08867277722052e-08,2.31529980678462e-08,8.7953789617625e-09,1.65524452167403e-08,1.31219757544329e-08,1.31810283781477e-08,2.9046443753124e-08,3.04305187555258e-08,2.13629657602293e-08,5.17309624348156e-08,3.87675260137061e-08,2.36678676432019e-08,2.40579666103784e-08,1.46621093825993e-08,4.13853631942584e-08,1.85579650583808e-08,3.33076849244728e-08,1.93965489615926e-08,1.14231426876723e-08,8.60502483433371e-09,1.46501138567342e-08,1.11211231139865e-08,1.44977482808976e-08,8.54653659466827e-09,6.28841827959346e-09,7.72140424494826e-09,8.11468176363515e-09,6.16507932778012e-09,7.6490219121577e-09,4.77764246103376e-09,6.32835682697976e-09,3.15389886743516e-09,4.50161636403182e-09,6.42605853004342e-09,4.47535667229665e-09,5.31356142781578e-09,2.6829087424038e-09,2.4975782394852e-09,5.43444968832692e-09,3.09472655833757e-09,5.93202243812227e-09,2.39913878789065e-09,2.30045039018398e-09,2.43755738713461e-09,2.738357569575e-09,3.00970411476803e-09,3.60672139675806e-09,2.64899929602897e-09,5.97528693623063e-09,1.0977206127337e-08,5.75732038833387e-09,8.79870972571009e-09,7.08385670327098e-09,7.7389215365458e-09,1.39672995433821e-08,1.79395635216482e-08,1.05757839610871e-08,2.77164366487765e-08,2.1362773218204e-08,1.18300198818755e-08,1.34791300421848e-08,9.820381131176e-09,2.190098700649e-08,1.13248538647786e-08,1.68821670352782e-08,1.10433368513315e-08,9.01631130283385e-09,5.20448023111934e-09,9.6116790850003e-09,8.7101120222072e-09,9.37178148978824e-09,6.69923357734464e-09,3.95801296579461e-09,4.96756594968535e-09,6.44851951168303e-09,3.64920907539111e-09,5.84187241975051e-09,3.17765624458656e-09,4.07681672729833e-09,1.68296794048131e-09,2.98321273905729e-09,3.81639625714558e-09,2.54279827817308e-09,3.71476023387313e-09,1.7434929729573e-09,1.42435561221575e-09,3.54069110696997e-09,2.18084775927966e-09,4.10318142759675e-09,1.51428370259094e-09,1.32592486320105e-09,2.28278327973015e-09,1.91527238529145e-09,2.30095662043981e-09,3.29765800786561e-09
1.2101777575225e-08,7.25756500408363e-08,1.72744331719988e-08,1.70325953549878e-08,8.33259398983264e-08,2.18671675006677e-08,7.97554796093135e-08,2.2506456080537e-08,2.9563774067166e-08,9.90909735617779e-08,3.87675260137061e-08,1.29169344279201e-07,1.818999488527e-08,2.32177372417897e-08,1.58676716747705e-08,3.01699379481754e-08,1.8115850990072e-08,2.39636713549328e-08,1.86713613946075e-08,1.13634352656152e-08,9.4740491579727e-09,1.41489950170136e-08,1.09097783138528e-08,1.42413824170929e-08,8.53517553033267e-09,6.99423035970614e-09,7.82671466746618e-09,8.03836115526074e-09,6.98722742397882e-09,7.92298014509021e-09,5.19002334940616e-09,6.56648654036294e-09,3.42679327512817e-09,4.96171866697966e-09,6.96414997861432e-09,4.68357172422544e-09,5.52382730975398e-09,2.94451135761241e-09,3.18243438070958e-09,5.82869343255083e-09,4.87444059709283e-09,7.74515887299434e-09,2.67851799296436e-09,2.47240541776602e-09,2.75625734167821e-09,3.05747091712971e-09,3.55006446806626e-09,3.89379663995396e-09,4.07276292859581e-09,3.15057463426992e-08,9.02367777154701e-09,9.31265202684007e-09,3.76502383456894e-08,1.05616361662849e-08,3.65074780418379e-08,8.86143616536809e-09,1.64218384724881e-08,4.88505746028452e-08,1.96875017583335e-08,6.57172798177895e-08,6.89961621596764e-09,1.34970872357014e-08,6.92899769954971e-09,1.57353886345228e-08,1.11242086793587e-08,9.73339783002539e-09,1.08826241615025e-08,8.52681704167762e-09,5.33432774946158e-09,9.26286254941943e-09,7.3088239529001e-09,8.60195689710248e-09,6.24749671487928e-09,4.32619513911547e-09,5.39517925007311e-09,5.92449483845783e-09,4.63290902091478e-09,5.76065060406207e-09,3.31153238353742e-09,4.39423090005184e-09,2.30405759602334e-09,3.39488925891082e-09,3.92924695735275e-09,2.38328421753978e-09,3.89059994801757e-09,2.27109913706966e-09,1.753486685395e-09,3.35327658381943e-09,3.78937738248437e-09,6.12221136547829e-09,1.75675092644504e-09,1.36241154200603e-09,2.25778318999973e-09,1.71675217131809e-09,2.3825293099179e-09,3.17364920388561e-09
4.16266409455789e-09,9.40560496299374e-09,2.71367123791741e-08,7.27490871666541e-09,1.98120565828499e-08,1.70110829268667e-08,1.18965149183344e-08,3.34331201631985e-08,1.17689433067242e-08,2.59280749460675e-08,2.36678676432019e-08,1.818999488527e-08,4.00454522689299e-08,1.38762924098076e-08,1.17645508672491e-08,2.81959041463608e-08,1.50009088418702e-08,2.82112804885407e-08,1.12524255250996e-08,9.17518524851315e-09,1.13673215040002e-08,1.18073817545331e-08,8.79133799197916e-09,1.19818480309183e-08,7.2118147235764e-09,9.17958871312508e-09,4.3315249906532e-09,7.06723213370389e-09,9.5015686954704e-09,7.27539043218439e-09,7.42564750295628e-09,3.31827716022412e-09,2.81579804753949e-09,7.57362054423893e-09,3.23356944440423e-09,7.45623168413017e-09,2.69186000710746e-09,2.25469925562992e-09,1.99645020736188e-09,2.69318100896147e-09,2.52553157292403e-09,3.12754298741326e-09,2.053894062183e-09,1.79027332553253e-09,2.30978333835709e-09,2.21140564900556e-09,2.53993944686492e-09,3.01218387291329e-09,2.73309557720387e-09,6.0237537745574e-09,1.50402008474847e-08,4.59863644117146e-09,1.30047677534363e-08,1.01804706232845e-08,7.84668766846899e-09,1.89697473325379e-08,6.69645857441544e-09,1.66639687225406e-08,1.27413564261982e-08,1.07207856431753e-08,2.49202679154247e-08,8.22746931885856e-09,7.52707184902609e-09,1.80080717484952e-08,9.32375513484039e-09,1.63359654363209e-08,6.84432665862906e-09,7.07284735228263e-09,6.57422132970873e-09,8.54574542749818e-09,5.8869544055268e-09,8.19935875390183e-09,5.72338730408376e-09,5.26127743319366e-09,2.64912580515347e-09,4.85710081303632e-09,5.63994070805852e-09,4.9898548470625e-09,4.11858708593288e-09,2.12416699886424e-09,1.89356476580177e-09,4.74723810465667e-09,2.1398325818706e-09,3.97322933312079e-09,1.77663865054505e-09,1.41967655418709e-09,1.13214017588785e-09,1.94485734061417e-09,2.44343100755292e-09,2.32016631214432e-09,1.24224772170276e-09,1.00133914571578e-09,2.06780656346446e-09,1.98512290350288e-09,1.70661205803105e-09,2.72183421378111e-09
9.24715629032945e-09,6.83620079433264e-09,9.24170174341781e-09,6.39378338834811e-09,1.019727050293e-08,8.14382617772039e-09,7.34058515933821e-09,1.17628625458132e-08,3.73838540025497e-08,1.25805931589284e-08,2.40579666103784e-08,2.32177372417897e-08,1.38762924098076e-08,4.40295586462504e-08,1.98732300986873e-08,2.94635377214248e-08,3.33590709157155e-08,2.27914877320976e-08,3.3562618778225e-08,1.44149209213091e-08,8.51654441749983e-09,2.52546053953429e-08,1.32050365706646e-08,2.49310493133959e-08,1.08407823692932e-08,6.55332332466941e-09,7.27899680581919e-09,9.69931810242522e-09,6.03421868574361e-09,9.19431323412897e-09,5.21994683848394e-09,6.15731441922387e-09,3.58669355937517e-09,4.82928850697751e-09,6.62055718548296e-09,5.17549882729538e-09,5.2161962151368e-09,2.94689830718123e-09,2.69045372274629e-09,5.67425183188504e-09,3.55450513817826e-09,6.40101261010439e-09,2.6644138052449e-09,2.1592475186649e-09,2.26241142490281e-09,2.92971846682385e-09,2.83220446438278e-09,3.42842352899071e-09,4.9765452770583e-09,3.25701045735385e-09,4.50716954512579e-09,3.58077220661954e-09,6.60786555518200e-09,4.50851378682833e-09,4.55449999658306e-09,5.0645311195019e-09,1.96397853689791e-08,6.84352274152272e-09,1.3776312252303e-08,1.65055241641195e-08,7.39237252873998e-09,2.44631340881316e-08,1.24910165604036e-08,1.9129012315402e-08,1.76492129079333e-08,1.4713058657815e-08,1.85986785904455e-08,1.06438393100443e-08,3.99893185880935e-09,1.31028189577053e-08,1.01749380953779e-08,1.44815507069756e-08,8.40137956563926e-09,2.98137072876554e-09,5.04124784682921e-09,8.18933363878402e-09,2.45950675644046e-09,6.73942557079909e-09,2.34505255750903e-09,4.19244624463478e-09,1.8479782424358e-09,2.10364055685248e-09,3.9114300226349e-09,1.58809808982021e-09,3.73848036528604e-09,1.51293547808477e-09,2.10901316597892e-09,3.69375393951243e-09,1.58576888380394e-09,4.56597738937307e-09,1.37390854980939e-09,1.93683161588364e-09,1.71401801668159e-09,1.28271205711607e-09,2.31487961884085e-09,2.18617325402081e-09
5.26425711004077e-09,1.67183161075784e-08,7.65989564657829e-09,1.64868888777252e-08,9.14450524053667e-09,7.45377898290265e-09,1.87320173280752e-08,9.60630549638917e-09,1.70520502900943e-08,1.28966588615378e-08,1.46621093825993e-08,1.58676716747705e-08,1.17645508672491e-08,1.98732300986873e-08,7.5979975921719e-08,1.78255108060837e-08,5.07532666218494e-08,4.76586525273344e-08,1.44236955135958e-08,5.80244563201519e-08,1.94892165724304e-08,3.7647177522443e-08,4.02256908672265e-08,2.40319560019782e-08,4.6401923348617e-08,1.51538766758908e-08,9.26254925250831e-09,3.10000262913432e-08,1.3427785901443e-08,2.87421403518897e-08,1.15091169764504e-08,7.42970779061861e-09,1.29599174694963e-08,1.02075334018418e-08,7.11242751453723e-09,1.01056718564507e-08,5.83055725590153e-09,1.11107219303409e-08,3.82370887925436e-09,5.72040322289062e-09,1.07024042397224e-08,6.48064422656982e-09,9.64499903725817e-09,3.59736293081432e-09,2.9038030857147e-09,9.19076536141612e-09,4.12762540994481e-09,1.1074616614747e-08,3.55928788707592e-09,8.79612521110957e-09,3.41443367610295e-09,9.58469515881502e-09,5.00467629932839e-09,4.42442021726259e-09,1.04420850133227e-08,4.14518138626055e-09,9.3025653187662e-09,7.10531810473403e-09,7.81322322939307e-09,1.17549981264322e-08,6.53841159157005e-09,1.10621899001443e-08,4.47061134261467e-08,1.17030162297312e-08,2.98101546020861e-08,3.13066954681812e-08,9.13842977150176e-09,3.62558111933052e-08,1.13772910894423e-08,2.2505314627487e-08,2.65590074770835e-08,1.47260439822832e-08,2.91625550180838e-08,9.00207984588637e-09,5.01204481724113e-09,2.03523479957462e-08,8.06230795235753e-09,1.78635194759402e-08,6.75505978165612e-09,4.53096073402614e-09,7.55217673267611e-09,6.5372601622291e-09,4.39933894983519e-09,5.91882675098237e-09,3.37395402058544e-09,5.76873722384695e-09,3.2981798778114e-09,3.59195456835037e-09,4.7297475808201e-09,4.52342257266855e-09,4.87653172820083e-09,3.39937398776794e-09,2.3017587791359e-09,4.75713695722835e-09,3.64978366292458e-09,6.4383061767041e-09
3.79253051048542e-09,8.06306348459385e-09,1.84678606929618e-08,6.84589929594616e-09,1.27751857359838e-08,1.02254319449996e-08,9.86804773495678e-09,2.36650568104529e-08,2.40622512857274e-08,1.69046521382363e-08,4.13853631942584e-08,3.01699379481754e-08,2.81959041463608e-08,2.94635377214248e-08,1.78255108060837e-08,5.01356640038503e-08,2.27674645822344e-08,4.05356372744744e-08,2.32546733393741e-08,1.37108719347625e-08,9.60315059319695e-09,1.76149224813662e-08,1.31475760357422e-08,1.73800407609592e-08,1.00994861539889e-08,7.03612054467315e-09,8.22750811230774e-09,9.59564242697487e-09,6.95887879342406e-09,9.30557034602811e-09,5.4300858612098e-09,6.67422556141093e-09,3.60299274906552e-09,5.18155700887277e-09,6.82537844520285e-09,5.31226465755298e-09,5.60284877927764e-09,3.05925480265327e-09,2.85147039831195e-09,5.73471144395168e-09,3.54831953127284e-09,6.42556281004296e-09,2.79400791022458e-09,2.60948105667299e-09,2.75982075014738e-09,3.15336923745777e-09,3.32518674040024e-09,3.95110373350036e-09,2.24967312383185e-09,4.65237188011646e-09,9.12537235246862e-09,4.37482218695904e-09,7.13269457677683e-09,5.95828858382593e-09,5.60450475550739e-09,1.18253255577287e-08,1.34770324283112e-08,8.06332464582904e-09,2.18997335264191e-08,1.6547262845835e-08,1.71775919933665e-08,1.67905467156883e-08,1.12894221771548e-08,3.04335536565063e-08,1.34550095436657e-08,2.3495914673852e-08,1.32711643639853e-08,9.71590686329097e-09,4.73466112937754e-09,1.0789287689026e-08,9.78818347829969e-09,1.13453994535826e-08,7.48235231834314e-09,3.47027198325918e-09,5.10420057078524e-09,7.28866876175605e-09,3.076398307546e-09,6.50856186769485e-09,2.70374011602857e-09,4.07791454104168e-09,1.8352196008753e-09,2.56765501922859e-09,3.75820443272733e-09,1.79168878999083e-09,3.70711175946654e-09,1.86820121957392e-09,1.84470186616854e-09,3.51563724765903e-09,2.4338492486899e-09,4.40832601177772e-09,1.65627661562991e-09,1.74523292798692e-09,2.18040955529535e-09,2.06640027955166e-09,2.38426606333513e-09,3.20105217779061e-09
9.66408593022057e-09,8.40301400663863e-09,1.03229566521944e-08,7.68622865207034e-09,1.15689730651787e-08,9.27048610035921e-09,9.43230841583717e-09,1.26942377083663e-08,2.84941085559756e-08,1.35738570860125e-08,1.85579650583808e-08,1.8115850990072e-08,1.50009088418702e-08,3.33590709157155e-08,5.07532666218494e-08,2.27674645822344e-08,7.39451518257161e-08,5.77654708402948e-08,2.52598724761442e-08,3.7641044896457e-08,1.65776084561584e-08,5.48955072189019e-08,2.35204855989271e-08,3.86690682795108e-08,3.01596147598247e-08,1.29092263081297e-08,8.29894814556294e-09,1.77337780687958e-08,1.13791757577658e-08,1.65640981081129e-08,9.71444577492769e-09,6.75482680204418e-09,1.22668974257109e-08,8.53007202876939e-09,6.61929822546309e-09,8.10547834285113e-09,5.64183069061978e-09,1.05196251913313e-08,4.07849136362862e-09,5.67818856354216e-09,1.03523321647947e-08,6.8387730787101e-09,8.99773874899437e-09,3.51072289402983e-09,3.06289220360899e-09,8.5721743117323e-09,3.99941772708873e-09,9.97796811771567e-09,5.80800136969072e-09,5.05849830989047e-09,4.48023600000534e-09,5.25361449595765e-09,6.50372126707991e-09,5.16274759125227e-09,5.43738793365041e-09,5.50330017694686e-09,1.4976234282838e-08,7.68117657552352e-09,1.01955289548449e-08,1.27247140678216e-08,7.12987508227237e-09,1.78955252124297e-08,3.24598597466811e-08,1.39331193216019e-08,4.12882214345337e-08,3.66532936210424e-08,1.42993755387849e-08,2.52155510849116e-08,9.91816429863734e-09,3.16673745825787e-08,1.74985957375501e-08,2.424941401725e-08,2.04503210630629e-08,8.14770514822874e-09,4.4681901642895e-09,1.34172236179331e-08,6.39671671045178e-09,1.15059517604649e-08,6.28852588800439e-09,3.94051364706168e-09,6.67008288012194e-09,5.45652839951062e-09,4.1338867057338e-09,4.25343817167166e-09,3.26828604628223e-09,5.23991513069504e-09,3.03647806704867e-09,3.55871031669453e-09,3.55057203992514e-09,4.94494975490802e-09,4.30434850893162e-09,2.9639671244905e-09,2.42902462782489e-09,3.73878929503133e-09,3.57342923130192e-09,5.52193237700138e-09
5.48931714551957e-09,9.59535066543636e-09,1.86733379448036e-08,8.38578478384818e-09,1.38874865172026e-08,1.11112602506612e-08,1.16917272535768e-08,2.34053630555731e-08,1.84131373917816e-08,1.76646116942116e-08,3.33076849244728e-08,2.39636713549328e-08,2.82112804885407e-08,2.27914877320976e-08,4.76586525273344e-08,4.05356372744744e-08,5.77654708402948e-08,8.26840658075039e-08,1.73583806272586e-08,3.61345460104934e-08,1.68407263287134e-08,4.32996229141018e-08,2.28643399614782e-08,2.91357750484328e-08,2.83448339324272e-08,1.25836555980161e-08,8.44420646858393e-09,1.68129754974931e-08,1.13713297782053e-08,1.5620380296096e-08,9.25495417524021e-09,6.73415415773791e-09,1.23730094921795e-08,8.23191511823429e-09,6.48242308792182e-09,7.86917227138869e-09,5.64130920133038e-09,1.06661619907285e-08,4.2758812809036e-09,5.61861807563604e-09,1.09026382142016e-08,6.55205618614862e-09,9.27371385049824e-09,3.93493951469867e-09,3.95524617859597e-09,9.38562287505769e-09,4.84866394635479e-09,1.13255238620992e-08,3.99992914338611e-09,6.05523593836472e-09,9.16306754343622e-09,6.78856092280721e-09,7.27478660891648e-09,6.62397176521044e-09,6.88981941249953e-09,1.16016620891179e-08,1.05848052585603e-08,9.44510916436813e-09,1.78400380366224e-08,1.46876941097351e-08,1.65193803624812e-08,1.32529498179212e-08,3.0682767586978e-08,2.45170147953376e-08,3.43945167940945e-08,5.0849842062998e-08,1.07580940525468e-08,2.45493512743535e-08,1.01787435174148e-08,2.79716735520178e-08,1.80309506327252e-08,1.96979596464968e-08,1.9419746520463e-08,7.80226084401834e-09,4.86356237430538e-09,1.22877899782893e-08,7.02174752899437e-09,1.09753227833108e-08,6.02705132748504e-09,4.0889237094703e-09,7.03924546588242e-09,5.81981586264066e-09,4.07155519029128e-09,4.47898646272319e-09,3.45149280274897e-09,5.61020725272924e-09,2.85703418318455e-09,3.60662946465939e-09,4.62906670978583e-09,4.29176035159643e-09,4.72036346890458e-09,2.79737000083323e-09,3.32121291757347e-09,4.69088055207948e-09,3.8178464103268e-09,6.94414017695907e-09
6.86232782184545e-09,4.70639618215241e-09,7.29457376975579e-09,4.23413231258645e-09,7.89548747223495e-09,6.48094780172079e-09,5.21222662232294e-09,9.57771000550015e-09,2.93873261063686e-08,1.0132462974562e-08,1.93965489615926e-08,1.86713613946075e-08,1.12524255250996e-08,3.3562618778225e-08,1.44236955135958e-08,2.32546733393741e-08,2.52598724761442e-08,1.73583806272586e-08,4.07594064966273e-08,1.66180114973231e-08,9.8973446109503e-09,3.12477406326565e-08,1.5241051933547e-08,3.10700513228567e-08,1.27684201746584e-08,7.64550364422567e-09,8.32908446914798e-09,1.15630906722618e-08,7.11864166023062e-09,1.09267509981257e-08,6.11396263039854e-09,7.0225168759373e-09,4.17039492699037e-09,5.57484659122878e-09,7.5455675051297e-09,5.94594163304039e-09,5.98184029254092e-09,3.2426728879052e-09,2.95041618129383e-09,6.29201838693849e-09,3.85185482240542e-09,6.97932738292448e-09,2.79872874066798e-09,2.39193148185461e-09,2.50589280075358e-09,3.13213890795277e-09,3.04180943455461e-09,3.71145178050916e-09,3.92069777317787e-09,3.26231575604715e-09,3.44857808802726e-09,3.56882375899521e-09,4.78642942574204e-09,3.42926390207364e-09,4.53141285871228e-09,3.99638748710824e-09,1.61279526218219e-08,5.19483227705536e-09,1.17525385552561e-08,1.38732948719513e-08,5.94808374653478e-09,1.8590924701756e-08,1.06388154738e-08,1.59974957100696e-08,1.30998458236585e-08,1.18986583959754e-08,2.32849422334412e-08,1.16507483595343e-08,4.38771890629168e-09,1.54828683863376e-08,1.11285341920964e-08,1.70401207992522e-08,9.3003112181398e-09,3.07526634453439e-09,5.71970863822569e-09,8.99408980349872e-09,3.01548296349372e-09,8.10439143979695e-09,2.42175831918061e-09,4.67697534003031e-09,2.20515104915959e-09,2.47538101843226e-09,4.01869628819096e-09,1.6403616757213e-09,4.25956030564447e-09,1.85717679022805e-09,2.2728283589153e-09,3.72284691187834e-09,1.83192603769126e-09,4.60287252581256e-09,1.53621821198033e-09,2.1103254773373e-09,1.92154784668913e-09,1.36795439100515e-09,2.67766601508915e-09,2.48808297558077e-09
