5.0416262345362e-07,2.51662061846987e-07,1.06639550129382e-07,3.94828917319409e-07,2.29693421881995e-07,3.26736334855911e-07,2.05956098530512e-07,8.09479830342928e-08,1.06824042865267e-07,1.79607616008596e-07,8.86743757383806e-08,1.80330359885626e-07,6.80076370672084e-08,8.859991186967e-08,8.27311144239387e-08,7.14678467170216e-08,1.11707174290279e-07,8.45489264685762e-08,6.87463898322676e-08,6.79362901741827e-08,4.13056501227108e-08,8.95276469472688e-08,6.44952978484337e-08,8.91936412655034e-08,5.91054748105261e-08,3.44142096015348e-08,3.38833593795319e-08,5.52870666140914e-08,3.64544719915366e-08,5.29301950022567e-08,2.85946770664509e-08,2.88724032262711e-08,3.19210222837193e-08,2.876672064756e-08,3.50126223957403e-08,3.83497658183603e-08,2.10110472278592e-08,2.57854771727165e-08,2.27200850588441e-08,2.57050602805159e-08,2.73323380048057e-08,2.90672959013254e-08,2.35326135901127e-08,2.19872640708491e-08,2.20776514599072e-08,2.59474412435483e-08,2.44339252769217e-08,2.59834341258319e-08,3.86756212342561e-07,1.75587294303135e-07,8.79113083427113e-08,3.14520211874102e-07,1.56952994814642e-07,2.6168224378812e-07,1.37682535194417e-07,6.66092910754662e-08,8.75297566739816e-08,1.23557916752642e-07,6.75051182031633e-08,1.11605926046706e-07,5.77288539245617e-08,7.45244133529043e-08,5.77575060574646e-08,5.7769120881983e-08,7.87472337517812e-08,6.85119996126792e-08,5.71279849572323e-08,4.74804988713549e-08,4.12018904124677e-08,6.13223261381611e-08,5.0160512593553e-08,7.58942891141418e-08,3.90676578048952e-08,3.01144976784055e-08,2.27674605594163e-08,3.73899529733307e-08,3.03947904480029e-08,3.62471164729723e-08,2.76990658766277e-08,2.1146624384002e-08,2.7131207359218e-08,2.57116397136904e-08,3.12396389051517e-08,3.48229932325497e-08,1.53983643502032e-08,2.11055255146974e-08,1.72816340255199e-08,2.2029524806682e-08,1.85177915207188e-08,1.94146115456359e-08,1.66932196657929e-08,1.49903763016896e-08,1.51657071264152e-08,1.83029860304432e-08,2.131742821243e-08,2.14853261015789e-08
2.51662061846987e-07,1.16135345874949e-06,2.98559962958275e-07,5.04180654822493e-07,9.92720879568764e-07,4.01070637052199e-07,8.60524940350437e-07,2.33603291865539e-07,1.43717109735157e-07,7.35111147537303e-07,2.19084634733897e-07,6.88258951765436e-07,1.89789543529515e-07,1.19725661042202e-07,1.37194926062993e-07,1.69900357896945e-07,1.34822736489788e-07,1.77125457982481e-07,1.00369608114452e-07,1.10377287124254e-07,7.74124267184531e-08,1.10259795739258e-07,1.15884083865177e-07,1.05596280761195e-07,9.53116220614854e-08,6.58491345411457e-08,5.78373462275709e-08,9.77854271455592e-08,7.2316386962567e-08,1.02135017819011e-07,5.52247962714631e-08,5.17753718487225e-08,5.25541285808947e-08,6.03578584680562e-08,5.40179391529704e-08,6.18042660162845e-08,3.95025772663382e-08,4.13663996728789e-08,3.33475988107672e-08,4.08735064275311e-08,3.78462598400757e-08,4.06882582777121e-08,3.61869267171598e-08,3.19776364911076e-08,2.85025259936871e-08,3.5580718177349e-08,3.74538646202627e-08,3.84113783292293e-08,1.95999353992304e-07,6.02614599606638e-07,1.8188578659051e-07,3.83484252462128e-07,4.35886338927919e-07,2.854713236428e-07,5.07218563056541e-07,1.8405274507135e-07,1.0732060219909e-07,4.22746429272688e-07,1.37405822319222e-07,3.2148187132991e-07,1.60893064325833e-07,8.95104280426312e-08,7.92725130661577e-08,1.15881592648369e-07,1.2612714010322e-07,1.65388662846674e-07,7.90308129597983e-08,6.32925354514944e-08,7.23906282180034e-08,1.08663363676437e-07,8.93391145892729e-08,1.1328058281141e-07,5.28833655968379e-08,5.86592382450074e-08,3.5205366587806e-08,7.21081809976233e-08,6.38030104351204e-08,8.15170697062931e-08,5.15162304758916e-08,2.8070128160568e-08,2.90427289943744e-08,5.0896115946971e-08,3.2187649045906e-08,4.77993378543092e-08,1.93859429276881e-08,2.19680282891687e-08,2.49192001869196e-08,2.25433591919281e-08,1.80723282560315e-08,1.99555629153006e-08,1.91326613431557e-08,2.34610848628809e-08,1.06582959559249e-08,1.95548939219968e-08,2.76803518353748e-08,2.21849591947857e-08
1.06639550129382e-07,2.98559962958275e-07,5.80393848386693e-07,2.11026102437778e-07,5.49322679609406e-07,3.88631256401938e-07,2.33817370414201e-07,4.43197582055221e-07,2.09274537991981e-07,4.19374711196687e-07,3.35044242528541e-07,3.28525434757926e-07,3.69051316676949e-07,1.73772027490005e-07,8.48988303918772e-08,2.77243033741864e-07,1.59923667037215e-07,2.65347614905024e-07,1.32512582802384e-07,6.84663179536758e-08,6.60975045609638e-08,1.23441653601034e-07,7.76365243864281e-08,1.22917354798218e-07,5.39330532359276e-08,5.37390250684253e-08,4.09453495406518e-08,6.32752021187204e-08,5.94077014773402e-08,6.27146341033825e-08,4.63096304378136e-08,3.59040219580272e-08,3.11605090676186e-08,5.1103856092421e-08,4.06866954549121e-08,5.82573082728054e-08,3.09408769972953e-08,2.63954929138322e-08,2.56468014738933e-08,3.37038428585891e-08,2.87290087963804e-08,3.48428395991533e-08,3.02517475915626e-08,1.95797136169188e-08,1.548987656322e-08,2.8803471755213e-08,2.18072183100336e-08,2.89243605108116e-08,7.46077979774115e-08,1.88879913799855e-07,4.0026906552851e-07,1.71085761685444e-07,3.44915334234392e-07,2.76545933631445e-07,1.59490812247417e-07,3.30801561423276e-07,1.38469272483635e-07,2.81888519948166e-07,2.19198835345049e-07,1.8977697721097e-07,2.8802059355491e-07,1.16686404447367e-07,5.13230493009327e-08,1.8577534031427e-07,1.35285186038598e-07,2.25912666116395e-07,8.41205863738045e-08,4.31148283830626e-08,4.27240709952038e-08,1.07477752264892e-07,5.36542712131776e-08,1.02118390048884e-07,3.06059015737904e-08,3.53966701903627e-08,2.6809542372565e-08,3.93092597817548e-08,4.52229046202276e-08,4.58208224039724e-08,3.04106644723233e-08,2.20702152484935e-08,3.03772834427553e-08,3.85071205222795e-08,3.5250766118504e-08,4.50842216493427e-08,2.04407040521114e-08,2.43336252265206e-08,2.03843722953132e-08,2.64031394592425e-08,2.15164499166967e-08,2.32235014275394e-08,2.17151290451525e-08,1.25594822096684e-08,9.52933646390525e-09,1.84542835720027e-08,1.34163145318097e-08,1.73046620835264e-08
3.94828917319409e-07,5.04180654822493e-07,2.11026102437778e-07,6.71058096714222e-07,3.99813329347602e-07,4.81310641827765e-07,3.94359801235464e-07,1.65308649369915e-07,1.12842289588699e-07,3.10058753329703e-07,1.58260321765473e-07,2.88706295544594e-07,1.34769712651199e-07,8.91450335646196e-08,1.34469842737152e-07,1.21739701373503e-07,1.06474686688519e-07,1.29996090725822e-07,7.02889688652003e-08,1.05779554694441e-07,5.69322280299899e-08,8.42517911381757e-08,1.08924647588295e-07,7.85412472240044e-08,9.08951647325435e-08,4.68964759483625e-08,3.38057585341896e-08,9.38842899011999e-08,4.4235321101618e-08,8.87834318809362e-08,4.10466486394217e-08,3.01659474784407e-08,3.96703987530504e-08,3.8205145174015e-08,4.07245774249866e-08,4.94514921484882e-08,2.30903800149968e-08,3.24403648241999e-08,2.66250744820384e-08,3.2590725204913e-08,3.11874249448511e-08,3.28473492038302e-08,3.0402535774306e-08,2.52633790808186e-08,2.52344147970085e-08,2.93838323439026e-08,3.13962337123555e-08,3.58355302035838e-08,3.03573045570221e-07,3.36485885791857e-07,1.51410117001671e-07,5.31431582572443e-07,2.44494968319852e-07,3.71146018099039e-07,2.77829546221766e-07,1.30507965402267e-07,7.56233146703713e-08,2.14184422330263e-07,1.07582299340142e-07,1.74589770464884e-07,1.1536908378829e-07,6.23031445028423e-08,8.32463626247767e-08,9.02206136079104e-08,8.70838895838975e-08,1.21070246596913e-07,5.1174539041898e-08,6.45092378984213e-08,5.06780174464262e-08,7.09331252392617e-08,8.08135263331932e-08,7.6077441659379e-08,5.43356761150228e-08,3.89240380384655e-08,2.72778263262707e-08,6.55923042466298e-08,4.14152053185109e-08,6.31621598443134e-08,3.49286675275887e-08,2.15311863989923e-08,2.57805774147921e-08,3.34491434045554e-08,2.85970554151305e-08,3.98387028744814e-08,1.57689117114017e-08,2.14028273931112e-08,2.70736662633317e-08,2.27248412544398e-08,1.98445433689423e-08,2.04681842305587e-08,1.63455350289399e-08,2.43504523336032e-08,1.55145004277691e-08,1.98259469707203e-08,2.89974993929582e-08,2.47016349623162e-08
2.29693421881995e-07,9.92720879568764e-07,5.49322679609406e-07,3.99813329347602e-07,1.46861888404339e-06,6.57977154287193e-07,7.35315315102666e-07,4.19191649227516e-07,2.42754019467342e-07,1.08053015679706e-06,3.30856155393186e-07,9.26560233816215e-07,3.40067969775131e-07,2.08224542552507e-07,1.41025933658132e-07,2.71211209620591e-07,2.02009244375953e-07,2.61578333217055e-07,1.6587324146611e-07,1.16196878200577e-07,1.04755691834964e-07,1.62912364594791e-07,1.15145740337399e-07,1.48903987711557e-07,9.75490535847546e-08,8.94440027017358e-08,7.51831657640789e-08,9.64540187605543e-08,1.00354226833973e-07,9.12277698431497e-08,7.50972719303746e-08,6.76083641205809e-08,6.79771728077553e-08,8.42558198504247e-08,7.03840410083662e-08,8.86498678553571e-08,5.32290709945554e-08,5.64563920979709e-08,4.98019530950373e-08,5.44649420658029e-08,5.17801710624693e-08,5.04872817143445e-08,5.54180125651312e-08,4.85851656364927e-08,3.31002153584812e-08,5.76659674164137e-08,4.90964990143322e-08,5.59861788469348e-08,1.64047251460384e-07,4.89219057768962e-07,3.24481018685038e-07,3.12360645748946e-07,6.68110705161243e-07,4.31966459154153e-07,4.04502455187952e-07,3.02262662165806e-07,1.63515332728923e-07,5.98782619280556e-07,1.92007250579337e-07,4.37231748149538e-07,2.6263989626512e-07,1.42105137483977e-07,8.37590763556822e-08,1.60946965605494e-07,1.67748280296742e-07,2.06344580162497e-07,1.14604996440141e-07,7.48518291848933e-08,9.22340566727492e-08,1.44902665723564e-07,9.45831498649686e-08,1.40365020926971e-07,5.79014358585164e-08,7.73505885283467e-08,4.00611309208436e-08,7.37227939283463e-08,8.16707950452414e-08,7.07235736798295e-08,6.8149703168158e-08,3.42061641727672e-08,3.85813833460118e-08,6.93163655279722e-08,4.07213953914241e-08,6.44185837819405e-08,2.57542286445939e-08,3.07460111506799e-08,4.36249047645881e-08,2.68216839837739e-08,3.3654156737959e-08,2.91038184490099e-08,3.40056286647659e-08,3.72083102094152e-08,1.18245449489179e-08,3.98657692389037e-08,3.29469588345231e-08,3.49799031860246e-08
3.26736334855911e-07,4.01070637052199e-07,3.88631256401938e-07,4.81310641827765e-07,6.57977154287193e-07,7.66338524000816e-07,3.11936252148103e-07,2.90832453063747e-07,1.66048137323154e-07,4.84152734328436e-07,2.19589423788229e-07,3.92690891872135e-07,2.39022487073661e-07,1.38529214644476e-07,8.84198947743081e-08,1.79924431644584e-07,1.41685791186136e-07,1.81351092999805e-07,1.0488462819148e-07,7.16615658434481e-08,7.61165797082545e-08,1.09747381040196e-07,7.11017009146571e-08,9.66694466867628e-08,5.93639099704986e-08,6.60891577922502e-08,4.5169833648193e-08,5.90812570218082e-08,6.32672812790599e-08,5.50507059925949e-08,5.73783224818024e-08,4.07128677564049e-08,4.21333056976039e-08,5.4641814171764e-08,4.52702464851051e-08,6.61226657197623e-08,3.39468601967236e-08,3.65664359855229e-08,3.05806049415056e-08,3.68335500872364e-08,3.70411352393719e-08,4.09037172889772e-08,3.47870100700355e-08,2.70628264691742e-08,2.37958826107904e-08,3.71318205924973e-08,3.15723529474723e-08,4.22876812693511e-08,2.44964574309216e-07,2.56277084954749e-07,2.57709051339246e-07,3.98087412671771e-07,3.94508841958064e-07,5.34003306198469e-07,2.064152805344e-07,2.11341762772418e-07,1.07174626307685e-07,3.25177246028386e-07,1.36626923956675e-07,2.42296619923051e-07,1.84343132000916e-07,9.10766031385862e-08,6.45338293136604e-08,1.12301510370561e-07,1.17549124524541e-07,1.49271348654772e-07,6.87969835004483e-08,5.56077144426815e-08,5.85458095148176e-08,9.56937907712656e-08,5.6626653846811e-08,9.11842487174859e-08,4.35723424487455e-08,5.03419502081684e-08,3.27569563078282e-08,4.24034490201998e-08,5.00920668732961e-08,4.25086044723186e-08,4.54011028011946e-08,2.88034150460001e-08,3.43783955974368e-08,4.41930896318336e-08,3.53461363057195e-08,5.2551559686699e-08,2.370898900805e-08,3.01201124432834e-08,2.91370400723893e-08,2.70634891026195e-08,3.05274093158278e-08,2.44851605519838e-08,2.61204616281911e-08,2.24448914604532e-08,1.35590801879888e-08,3.42560707241976e-08,2.27407066321137e-08,3.46118831008625e-08
2.05956098530512e-07,8.60524940350437e-07,2.33817370414201e-07,3.94359801235464e-07,7.35315315102666e-07,3.11936252148103e-07,1.08012410404657e-06,2.97803895015278e-07,1.65274779613827e-07,9.47276270226532e-07,2.85618846254235e-07,9.06722545313832e-07,2.4693597012832e-07,1.3955607276962e-07,1.51053782955516e-07,2.29696969519444e-07,1.57006376360822e-07,2.41962771010886e-07,1.15743213065613e-07,1.21829708919588e-07,8.39136261134333e-08,1.293728041428e-07,1.25204960052359e-07,1.22790453274101e-07,1.04392646297978e-07,7.07061349567574e-08,6.64673774881953e-08,1.05428931199521e-07,8.00202583773214e-08,1.12851429210158e-07,5.94979604939275e-08,5.92560971998056e-08,6.52661091525824e-08,6.72239121837197e-08,6.402253849336e-08,7.18233328504739e-08,4.55007217578058e-08,5.39186355641579e-08,3.76822881980948e-08,5.04038883218638e-08,5.2936920367971e-08,5.20941288324391e-08,4.37829008330251e-08,3.21134214480774e-08,2.67883280932426e-08,4.32227876363574e-08,3.63380088462569e-08,4.5361943115225e-08,1.62357122143541e-07,5.0696396377274e-07,1.83914188868182e-07,3.15174438459175e-07,4.22402985976519e-07,2.55115070856142e-07,6.82235824766122e-07,2.40814206253609e-07,1.31348128268583e-07,6.00880237026445e-07,1.95732987861708e-07,5.13600689378378e-07,2.12319741780886e-07,1.09726971545652e-07,9.13021145374224e-08,1.68527302392726e-07,1.46236551771965e-07,2.225024208128e-07,9.25953280632071e-08,7.17134230006439e-08,8.17680838055901e-08,1.23022204598069e-07,9.67440184098759e-08,1.30895846738813e-07,5.86263097261873e-08,6.61035911066107e-08,4.37809991405732e-08,7.74107829822276e-08,7.09826390650829e-08,8.19112863819598e-08,5.73301188326177e-08,3.47324303238543e-08,4.02526618620024e-08,5.68980934393832e-08,4.14208473479894e-08,5.63821508943672e-08,2.54557151163262e-08,3.25166713938838e-08,2.77401275884814e-08,3.28658600109376e-08,2.88345258397281e-08,3.00382490683744e-08,2.63619204042505e-08,2.44648810560711e-08,1.0093511673835e-08,2.37632305783535e-08,2.62694324463434e-08,2.35941691784959e-08
8.09479830342928e-08,2.33603291865539e-07,4.43197582055221e-07,1.65308649369915e-07,4.19191649227516e-07,2.90832453063747e-07,2.97803895015278e-07,5.29402097038635e-07,2.5112242510447e-07,5.07240282810393e-07,4.21173443234384e-07,4.17290168014406e-07,4.4047218714818e-07,2.09451500200025e-07,9.8211700039952e-08,3.49201114587627e-07,1.85864989913413e-07,3.24294511098402e-07,1.61722678730893e-07,8.00590030378692e-08,7.35121668375624e-08,1.45586095956732e-07,8.84838750111413e-08,1.45490396123312e-07,6.39159901679496e-08,5.9670591811399e-08,4.51202506803695e-08,7.23642487714734e-08,6.52496912770422e-08,7.03484916162891e-08,5.17972248940485e-08,3.98137289577546e-08,3.66870750986346e-08,5.6692197444719e-08,4.47439352197017e-08,6.44888962327257e-08,3.397290232366e-08,3.2006722299981e-08,3.05661561734452e-08,3.7733494469612e-08,3.60910936866922e-08,4.11104592624251e-08,2.50826753127121e-08,2.02302349313802e-08,1.54711164636518e-08,2.44152335915061e-08,2.30756650573956e-08,2.65582757279925e-08,5.96695268858914e-08,1.59185527533383e-07,3.30641421915697e-07,1.34492377397514e-07,2.81469211595539e-07,2.17891468595419e-07,2.09797401516337e-07,4.00267307834001e-07,1.86362641699305e-07,3.61595921584595e-07,2.90531344647551e-07,2.68944808312709e-07,3.40624768359435e-07,1.58703673742582e-07,5.36918360687999e-08,2.38860947835083e-07,1.60446614679517e-07,2.58849859901521e-07,1.13783218851028e-07,4.49649067783101e-08,4.89340425284085e-08,1.23846193663793e-07,5.99601843394388e-08,1.23166468934292e-07,3.28963362794668e-08,4.15047657890621e-08,2.93142101516985e-08,4.7078238739296e-08,4.88115751399961e-08,4.83610431735267e-08,3.62695895207574e-08,2.35957503243701e-08,3.10285314985585e-08,4.17007469547354e-08,3.60116796608533e-08,4.69441045261064e-08,2.12417372926234e-08,2.57710677498904e-08,2.31885094841212e-08,2.82538743976198e-08,2.40345036228e-08,2.80841831351595e-08,1.99896564447481e-08,1.47151376230388e-08,1.00396493980659e-08,1.54409407862241e-08,1.36716902502647e-08,1.22389141893912e-08
1.06824042865267e-07,1.43717109735157e-07,2.09274537991981e-07,1.12842289588699e-07,2.42754019467342e-07,1.66048137323154e-07,1.65274779613827e-07,2.5112242510447e-07,6.65411585255575e-07,2.83161448170447e-07,5.05875229571294e-07,5.08733751918026e-07,2.0946485062093e-07,5.28304470328857e-07,2.4937534571085e-07,3.95898989143522e-07,4.27617676605865e-07,3.12777704874393e-07,4.04254589177653e-07,1.98263222341053e-07,9.86645116688552e-08,3.29138179724202e-07,1.87085108061366e-07,2.98402912455469e-07,1.7085478697582e-07,8.27964560251589e-08,6.54947433138559e-08,1.59321179886022e-07,7.19871339612362e-08,1.40900290379296e-07,7.21696023046089e-08,5.63124129429023e-08,6.14846348889212e-08,6.03199635545184e-08,6.75396917702797e-08,7.41984249672496e-08,4.43176852177003e-08,5.1943225594864e-08,4.90000462113638e-08,5.47347278573017e-08,5.56265060506968e-08,6.08080723288557e-08,4.17419481861001e-08,3.83952603571071e-08,2.57021661078053e-08,4.34115624076e-08,3.33648744508949e-08,4.0293142598006e-08,7.32944519982824e-08,9.14349816811943e-08,1.43324279562589e-07,7.29261430530513e-08,1.66116680273871e-07,1.21498918213695e-07,1.0404151692903e-07,1.78305648304968e-07,4.63741210860532e-07,2.02202452071294e-07,3.2555869820987e-07,3.12463812524109e-07,1.47293513937547e-07,3.86683235982558e-07,1.66643614738474e-07,2.47177402879474e-07,3.22619645742365e-07,2.13574652849328e-07,2.86199276657617e-07,1.33415243314865e-07,6.55920165952738e-08,2.41497111675775e-07,1.34080696223362e-07,2.30064096705745e-07,1.12299403119857e-07,5.57645493174341e-08,3.75807221973504e-08,1.15187602623484e-07,5.04313608738073e-08,9.84028436500184e-08,5.13201631678994e-08,3.09244729533467e-08,3.67743246289461e-08,4.41848408170558e-08,4.77780748624978e-08,5.2013014551469e-08,2.34922149574194e-08,3.1221106082652e-08,3.80044336226247e-08,3.70884443795439e-08,3.45011066039216e-08,3.94220469448394e-08,2.38922299345224e-08,2.7846742648206e-08,2.01190498617553e-08,2.41636036733385e-08,2.81855004037791e-08,2.56047824459386e-08
1.79607616008596e-07,7.35111147537303e-07,4.19374711196687e-07,3.10058753329703e-07,1.08053015679706e-06,4.84152734328436e-07,9.47276270226532e-07,5.07240282810393e-07,2.83161448170447e-07,1.35237064426639e-06,4.22376612542859e-07,1.19731036475256e-06,4.18018514440266e-07,2.42527646652264e-07,1.55180318350868e-07,3.50572464513185e-07,2.34608904025512e-07,3.37727794498396e-07,1.91730640812961e-07,1.2759130205716e-07,1.1144044083558e-07,1.90175546999412e-07,1.26119582001982e-07,1.75401926925372e-07,1.07677411240256e-07,9.5516398209768e-08,8.3810126894286e-08,1.06469025066757e-07,1.08675403661068e-07,1.03169188450025e-07,8.08237590312567e-08,7.58283279316661e-08,7.87161594093607e-08,9.2406911643477e-08,7.8846442245385e-08,9.63046015541185e-08,6.00317711649535e-08,6.74313554538605e-08,5.35184639417564e-08,6.31948709734417e-08,6.58198120428838e-08,6.15279393078502e-08,5.44024535430272e-08,4.73981209992126e-08,3.78001080392192e-08,5.57813987328833e-08,5.39511716545773e-08,6.16261289331981e-08,1.38195784880263e-07,4.03993592045295e-07,3.01991454867665e-07,2.53088155514575e-07,5.98089039412263e-07,3.70349384377074e-07,5.81741197310722e-07,3.81751631852633e-07,2.17891576424265e-07,8.37066581229976e-07,2.72463070497781e-07,6.71751347579092e-07,3.30858694106128e-07,1.88108021427539e-07,9.12864480527642e-08,2.28827447058148e-07,2.01372501754059e-07,2.62722052289046e-07,1.44262166385852e-07,7.7490024229173e-08,9.99888296117392e-08,1.65218678787116e-07,1.01336175787397e-07,1.65655404178963e-07,6.02916255043194e-08,8.50158856295542e-08,4.70744968809004e-08,8.09767449999917e-08,8.73985719417443e-08,7.28998314957735e-08,7.52213251688937e-08,3.97714141180735e-08,4.90120506038292e-08,7.40282370209412e-08,4.93714087932756e-08,7.13100876461108e-08,3.09771570760769e-08,4.11528142302129e-08,4.6152363772854e-08,3.73460367398396e-08,4.29460057953581e-08,3.87957409122946e-08,3.80028966320659e-08,4.09601667226837e-08,1.63377933720196e-08,3.70751614882637e-08,3.6457506957222e-08,3.38281956576493e-08
8.86743757383806e-08,2.19084634733897e-07,3.35044242528541e-07,1.58260321765473e-07,3.30856155393186e-07,2.19589423788229e-07,2.85618846254235e-07,4.21173443234384e-07,5.05875229571294e-07,4.22376612542859e-07,7.3662575218067e-07,6.88495061922339e-07,3.49229287819208e-07,3.95875707059616e-07,1.94145268466949e-07,5.86825379439828e-07,3.11515422941057e-07,4.82825162128847e-07,3.03626862894924e-07,1.53717269290481e-07,8.86076041481107e-08,2.40980669319234e-07,1.49422058252996e-07,2.24478267537357e-07,1.29032542352161e-07,7.19599019913512e-08,7.4434004702322e-08,1.24894556539439e-07,7.51776000467624e-08,1.20642201084581e-07,6.26276222882436e-08,6.43351462774025e-08,4.83108519263891e-08,6.32282480074578e-08,6.04344925787575e-08,6.52800043931163e-08,5.18097513183891e-08,4.29187950203995e-08,3.94718956401834e-08,5.21167087688345e-08,4.67818008923711e-08,5.66411082505734e-08,3.44124875229039e-08,2.96324242399571e-08,2.51124214305947e-08,3.59293413167049e-08,2.98566307229545e-08,3.69408197730522e-08,5.86989313311543e-08,1.60561129146249e-07,2.50170925636524e-07,1.21912998688233e-07,2.48568561094363e-07,1.76777357361742e-07,2.10319720978849e-07,3.26666416245415e-07,3.57738424973161e-07,3.29731125523024e-07,5.00957824059715e-07,4.50076171320812e-07,2.70386758843219e-07,2.97083091174162e-07,1.32752368460819e-07,3.95371658051877e-07,2.56418769794267e-07,3.5947557185577e-07,2.1942406833426e-07,1.08122674149783e-07,5.69047455826429e-08,1.99822630822458e-07,1.2038137533479e-07,1.98289552672061e-07,8.81257502810687e-08,4.97368463389752e-08,4.45504734444998e-08,1.0261244612924e-07,5.30663681578024e-08,9.15968008542453e-08,4.53541739450536e-08,3.48849723289248e-08,3.4446592449846e-08,4.52123378092065e-08,4.29674210881998e-08,4.85031630978712e-08,2.61306493283227e-08,3.08242948380413e-08,3.14367284557795e-08,3.55444541365811e-08,2.66471953872201e-08,3.34040020503697e-08,2.50866153762997e-08,2.2891770693538e-08,1.67519367206075e-08,1.92979812945122e-08,2.18151167454716e-08,1.93610368955163e-08
1.80330359885626e-07,6.88258951765436e-07,3.28525434757926e-07,2.88706295544594e-07,9.26560233816215e-07,3.92690891872135e-07,9.06722545313832e-07,4.17290168014406e-07,5.08733751918026e-07,1.19731036475256e-06,6.88495061922339e-07,1.62474902003547e-06,3.46577606409584e-07,4.03198337273669e-07,2.2343461872187e-07,5.4614496341428e-07,3.27110243677768e-07,4.56232183546054e-07,3.16718858230241e-07,1.78833414728412e-07,1.13407626975127e-07,2.60760507846642e-07,1.69426998485323e-07,2.34711096117221e-07,1.50094399520972e-07,9.52953110040873e-08,1.11051014596575e-07,1.4125178045871e-07,1.05308059734516e-07,1.35560175404737e-07,8.2678342952527e-08,9.92429635164149e-08,9.6137162428345e-08,8.97703180574474e-08,9.89215988235096e-08,9.54807153914592e-08,7.70628527945665e-08,8.14101849819764e-08,6.52780382338201e-08,8.11227370439861e-08,7.95482008723236e-08,7.86408059026076e-08,6.58127196145926e-08,5.86429315942394e-08,4.53002831413013e-08,7.00828976723641e-08,5.92550660208985e-08,6.90585932473206e-08,1.45117432748816e-07,3.85919957712594e-07,2.4209775693016e-07,2.37571439306833e-07,5.49119300553252e-07,3.22996444317959e-07,5.67402625027929e-07,3.31969187559727e-07,3.65572078691876e-07,7.87748605066445e-07,4.38133016267272e-07,9.45489594460144e-07,2.83189450737781e-07,2.99529168754342e-07,1.44019494770162e-07,3.47005456846132e-07,2.70089826592243e-07,3.30422892760045e-07,2.30086772421427e-07,1.20333127586949e-07,9.57768295473016e-08,2.19334871713521e-07,1.47353193043679e-07,2.24774482718518e-07,9.49008275044958e-08,8.21884028680126e-08,6.21995694173597e-08,1.21577332969144e-07,7.79888881159108e-08,9.87433466313808e-08,7.44223466702813e-08,4.99574133978296e-08,5.66403034958168e-08,6.47403450377621e-08,5.99936347038927e-08,6.49730563106715e-08,3.46201373209502e-08,4.77545018031425e-08,5.86717760205752e-08,4.60279800766028e-08,4.8230976913718e-08,4.6982494075078e-08,4.4808544978803e-08,5.16653217539242e-08,2.16600064021135e-08,4.29336816002958e-08,4.19114299225756e-08,3.74462580246671e-08
6.80076370672084e-08,1.89789543529515e-07,3.69051316676949e-07,1.34769712651199e-07,3.40067969775131e-07,2.39022487073661e-07,2.4693597012832e-07,4.4047218714818e-07,2.0946485062093e-07,4.18018514440266e-07,3.49229287819208e-07,3.46577606409584e-07,5.00915519569122e-07,2.32468370794377e-07,1.11379104997412e-07,3.97160359280649e-07,2.15217088097509e-07,3.7513700396457e-07,1.80641872281771e-07,8.93044790534364e-08,8.35129938316017e-08,1.68040335724958e-07,1.00709748514591e-07,1.63696041876492e-07,7.2223036405021e-08,6.8690655187751e-08,5.01727801180574e-08,8.23541490986204e-08,8.22158043926552e-08,8.11185318290652e-08,5.81533740997283e-08,4.32506986096953e-08,4.53520575838561e-08,6.9452924556094e-08,5.10365000177587e-08,7.25222986416114e-08,3.73570253829557e-08,3.76923759628175e-08,4.21453153327383e-08,4.22107058363088e-08,4.74416299861276e-08,5.14856970441411e-08,3.03952026268192e-08,3.12358876916378e-08,2.82554985704981e-08,3.50156784014987e-08,3.11699524813211e-08,4.11666748623735e-08,5.15815727937237e-08,1.25640920791887e-07,2.87802273592128e-07,1.09053154531906e-07,2.41199371919323e-07,1.93094354621003e-07,1.70215348247631e-07,3.40598241087381e-07,1.58675018293666e-07,3.12873235846756e-07,2.38826578188588e-07,2.26351542378688e-07,3.89453028898008e-07,1.69322273754645e-07,6.6226051717369e-08,2.70353290643182e-07,1.82696579974949e-07,2.98778805275641e-07,1.2250495734289e-07,5.34491668145976e-08,5.40434117606609e-08,1.41764983052178e-07,7.17037836331333e-08,1.3536185936523e-07,4.08650513622628e-08,4.44712278865099e-08,3.1885485478807e-08,5.57960675867976e-08,6.098323974099e-08,5.53670071363128e-08,3.84054501819763e-08,2.52146979632996e-08,3.73537389185207e-08,5.17619871754374e-08,4.06147698294853e-08,5.69840123782743e-08,2.2722322695764e-08,3.11883756743494e-08,3.37938263849591e-08,3.16770870526712e-08,3.4376479544701e-08,3.58716431253212e-08,2.60033235646034e-08,2.45645361990777e-08,2.17820384353334e-08,2.56441677227058e-08,2.12655180217743e-08,2.65155486333962e-08
8.859991186967e-08,1.19725661042202e-07,1.73772027490005e-07,8.91450335646196e-08,2.08224542552507e-07,1.38529214644476e-07,1.3955607276962e-07,2.09451500200025e-07,5.28304470328857e-07,2.42527646652264e-07,3.95875707059616e-07,4.03198337273669e-07,2.32468370794377e-07,5.79704385491097e-07,2.71414668710495e-07,4.36906685992112e-07,4.77512732119334e-07,3.54401123998836e-07,4.4069977539333e-07,2.13262173059764e-07,1.05329931615117e-07,3.63485671962678e-07,2.00897514136197e-07,3.28416148709654e-07,1.83491767034092e-07,8.77059806102228e-08,6.81091088275893e-08,1.70619652833259e-07,7.89148115231084e-08,1.58672782341784e-07,7.60736941152851e-08,5.89699158729113e-08,6.65148804002292e-08,6.58473097630705e-08,7.37141379187979e-08,8.04221047432573e-08,4.69821252473547e-08,5.59883348793978e-08,5.30935277017698e-08,6.02069600359924e-08,6.217232594394e-08,6.81276292439919e-08,4.46051995831601e-08,4.06215626937096e-08,2.77394606063513e-08,4.7514792381721e-08,3.71315722806592e-08,4.53375349519913e-08,6.51367484040472e-08,7.40357333559781e-08,1.25788999653739e-07,5.87572833775285e-08,1.45601161612668e-07,1.04597113265976e-07,8.57712520846964e-08,1.47299256427836e-07,3.86708666168684e-07,1.77653845868425e-07,2.4719103293718e-07,2.53204393847337e-07,1.63086111468091e-07,4.09847592849037e-07,1.83411776292799e-07,2.67764116123584e-07,3.46413067457902e-07,2.38845833552537e-07,2.99690807304558e-07,1.45588132217612e-07,7.04717238663523e-08,2.59338735899596e-07,1.43656079961923e-07,2.4242682473802e-07,1.22590530170388e-07,6.20705100187467e-08,3.56243198346731e-08,1.2417145049552e-07,5.63296657061941e-08,1.1309687434671e-07,5.7183255143504e-08,2.84528677551253e-08,4.40436377651763e-08,4.93428555173074e-08,4.94598749836391e-08,6.09483013471824e-08,2.13449924415487e-08,3.83902082063833e-08,4.22455732613751e-08,3.94967755364444e-08,4.12693351764305e-08,4.17701593701322e-08,3.07908306935144e-08,3.07777157280781e-08,2.27010395427416e-08,2.91163191238446e-08,3.27030441416643e-08,3.10804894530071e-08
8.27311144239387e-08,1.37194926062993e-07,8.48988303918772e-08,1.34469842737152e-07,1.41025933658132e-07,8.84198947743081e-08,1.51053782955516e-07,9.8211700039952e-08,2.4937534571085e-07,1.55180318350868e-07,1.94145268466949e-07,2.2343461872187e-07,1.11379104997412e-07,2.71414668710495e-07,6.32156389211187e-07,2.16409335746401e-07,4.92627445768917e-07,4.21538455719863e-07,2.13328198560792e-07,4.97843588253633e-07,2.01353810116664e-07,3.88451861374847e-07,3.93260711891751e-07,3.05598088172912e-07,4.10684583037038e-07,1.57372581298351e-07,7.28809573081395e-08,3.17232141396619e-07,1.49960896087255e-07,2.89019420720833e-07,1.25891717839995e-07,5.57428969279121e-08,9.4148777895404e-08,1.16794615343947e-07,7.49367983941722e-08,1.249461066454e-07,4.3234789396935e-08,8.26870599236208e-08,5.73905455591528e-08,6.07790176042053e-08,8.58821912394281e-08,7.06136522243117e-08,6.74572974681165e-08,4.77104305598019e-08,3.26399985078563e-08,6.95567201397081e-08,4.66927357336512e-08,6.62811831024614e-08,5.49283347671063e-08,6.61298135975673e-08,6.57821774250541e-08,9.56569505841719e-08,7.47722646429217e-08,7.30344601106941e-08,7.65643284378938e-08,7.58626876270869e-08,1.90868009983683e-07,8.77128183904629e-08,1.40134491528056e-07,1.3762175936231e-07,9.04240070398525e-08,2.05595612728006e-07,4.42753064120163e-07,1.61050153751883e-07,3.32730587362773e-07,2.89429454868183e-07,1.63170294498814e-07,3.45112158615109e-07,1.30191337850954e-07,2.6507498146672e-07,2.81864539909539e-07,2.15352522994431e-07,2.84391295212664e-07,1.12749295756666e-07,6.2399879542474e-08,2.36659614159994e-07,1.10656566405011e-07,2.15925594366717e-07,8.84637290323012e-08,4.81636733537652e-08,6.25193877810118e-08,8.6712739689456e-08,6.31281451387576e-08,8.86618225621373e-08,3.80410713986962e-08,5.41864481455231e-08,5.14301626468335e-08,5.03316252358944e-08,5.70623467519833e-08,6.30331885860146e-08,4.32734757753223e-08,4.32023909256073e-08,2.59112280634497e-08,4.64711591516462e-08,4.49531087449875e-08,4.61902940389968e-08
7.14678467170216e-08,1.69900357896945e-07,2.77243033741864e-07,1.21739701373503e-07,2.71211209620591e-07,1.79924431644584e-07,2.29696969519444e-07,3.49201114587627e-07,3.95898989143522e-07,3.50572464513185e-07,5.86825379439828e-07,5.4614496341428e-07,3.97160359280649e-07,4.36906685992112e-07,2.16409335746401e-07,6.59281763369062e-07,3.53513771375068e-07,5.50439269107246e-07,3.33773365510853e-07,1.69596730695384e-07,9.36542323796742e-08,2.7138159504383e-07,1.62221225587067e-07,2.49287796747913e-07,1.41902527033198e-07,7.54097338490347e-08,7.89544824980371e-08,1.35385361704459e-07,8.01561003292946e-08,1.3529310341078e-07,6.5654132636334e-08,6.84416344390737e-08,5.72298507855942e-08,6.78802351770877e-08,6.87031935270469e-08,7.21051735384704e-08,5.60312375768272e-08,5.03136550033518e-08,4.81325939066633e-08,5.96755265784532e-08,5.8891036703862e-08,6.86564393624451e-08,4.02802611321353e-08,3.71809368533243e-08,3.15629831670157e-08,4.59869143322948e-08,3.95237647229049e-08,4.80397368104206e-08,5.04728446286345e-08,1.20602983686961e-07,2.1657310011106e-07,9.45679831632072e-08,2.04837193663267e-07,1.5044661187358e-07,1.66354606893099e-07,2.70352615675137e-07,2.97086783339166e-07,2.7955555463016e-07,3.95340483437674e-07,3.67905883585649e-07,3.07903413244133e-07,3.2094650906877e-07,1.50681094393905e-07,4.41435692113973e-07,2.81639960287865e-07,4.07796127285764e-07,2.35846949516754e-07,1.19965522677714e-07,6.1626216122475e-08,2.18012175452411e-07,1.29936383910369e-07,2.12543523699732e-07,9.7687201832597e-08,5.21443019249675e-08,4.45700580534271e-08,1.09494125388602e-07,5.80530272065366e-08,1.05000980353688e-07,4.80502861635533e-08,3.45363986880226e-08,4.44276539037041e-08,4.90870726843147e-08,4.88768390517161e-08,5.78724794321501e-08,2.59723330525014e-08,3.99309929811915e-08,4.02980960072582e-08,4.14766265311974e-08,3.87430127205817e-08,4.07619700656374e-08,3.3424505785893e-08,3.04178217449716e-08,2.31996569797535e-08,2.95781350760179e-08,3.19192024186079e-08,3.08083217892735e-08
1.11707174290279e-07,1.34822736489788e-07,1.59923667037215e-07,1.06474686688519e-07,2.02009244375953e-07,1.41685791186136e-07,1.57006376360822e-07,1.85864989913413e-07,4.27617676605865e-07,2.34608904025512e-07,3.11515422941057e-07,3.27110243677768e-07,2.15217088097509e-07,4.77512732119334e-07,4.92627445768917e-07,3.53513771375068e-07,7.62349032783159e-07,5.95164733052672e-07,3.6352027131963e-07,3.88388707444964e-07,1.79372852495567e-07,5.84776147707062e-07,3.07601730564875e-07,4.65652876158651e-07,3.16003515041999e-07,1.37358085093857e-07,7.38664606376579e-08,2.44437852371188e-07,1.32707347908816e-07,2.24519555485386e-07,1.06848514211445e-07,5.36080858794244e-08,1.02557320302452e-07,9.96597049596854e-08,7.54202132297948e-08,1.11688649829285e-07,4.29808119095592e-08,8.80303607071376e-08,6.28418447600993e-08,6.12344606082618e-08,9.37763542281477e-08,7.29387876812496e-08,7.21433940582376e-08,4.87435470817095e-08,2.87437016693734e-08,7.40909691549547e-08,4.06145474379609e-08,6.44636066181482e-08,7.52701878922396e-08,7.04051904098744e-08,1.21374977686604e-07,7.7370035671715e-08,1.23704450020634e-07,1.11678501983045e-07,8.16416366846278e-08,1.35720014133275e-07,3.07197775114903e-07,1.54315784335738e-07,2.07720683736217e-07,2.0374493546941e-07,1.63192423465782e-07,3.2804746366257e-07,3.41919906423116e-07,2.35204993864951e-07,5.12508162110058e-07,4.00523951045847e-07,2.42929697837004e-07,2.69679245318265e-07,1.07050423858248e-07,3.91529487286624e-07,2.13106879915604e-07,3.21465167741539e-07,2.1320940553994e-07,9.4819339507565e-08,4.65192549232081e-08,1.73637189093193e-07,9.01329221009482e-08,1.61598778798484e-07,7.76608334014664e-08,3.50042698147663e-08,6.78693221149465e-08,7.14441991868648e-08,5.66117973261942e-08,8.18872425199392e-08,2.84438425792963e-08,6.16876525263405e-08,5.16521135030305e-08,4.77436396781878e-08,6.55884307895873e-08,6.12421840197139e-08,5.01710852844089e-08,3.91940364722415e-08,2.31972947364171e-08,5.0085289442389e-08,3.80244525390674e-08,4.47275131549772e-08
8.45489264685762e-08,1.77125457982481e-07,2.65347614905024e-07,1.29996090725822e-07,2.61578333217055e-07,1.81351092999805e-07,2.41962771010886e-07,3.24294511098402e-07,3.12777704874393e-07,3.37727794498396e-07,4.82825162128847e-07,4.56232183546054e-07,3.7513700396457e-07,3.54401123998836e-07,4.21538455719863e-07,5.50439269107246e-07,5.95164733052672e-07,8.65678534955903e-07,2.71891016288633e-07,3.3037831134344e-07,1.64564616582415e-07,4.58145400631043e-07,2.60470925878025e-07,3.61240429821843e-07,2.59150291488489e-07,1.21068520428702e-07,7.13122851379978e-08,2.01445839575178e-07,1.21425760137746e-07,1.91680064620586e-07,9.31888049252205e-08,5.25879425011636e-08,8.63027347873857e-08,9.16808085692552e-08,6.63379506768161e-08,1.00809779730396e-07,4.27171961262886e-08,7.47629556375423e-08,5.79562651183656e-08,5.49611118369442e-08,8.57699433238829e-08,6.86984282113231e-08,5.98955387725489e-08,4.45849141336295e-08,2.93739410668864e-08,6.74641788021779e-08,3.9515901009818e-08,6.25820057506872e-08,6.17844148929906e-08,1.10254584350894e-07,2.15082227941529e-07,1.05351021323435e-07,1.87182852791482e-07,1.56870150412776e-07,1.56326543475882e-07,2.58742523213341e-07,2.39896664672362e-07,2.54362397971049e-07,3.40229810764392e-07,3.09340864145452e-07,3.07218292423579e-07,2.59402885879511e-07,3.00990491345286e-07,3.89681354948567e-07,4.36641424331567e-07,6.41123160660581e-07,1.98083546056566e-07,2.35404383030338e-07,1.0477334789434e-07,3.43305434118918e-07,1.94239250293841e-07,2.86208912941369e-07,1.78162100325891e-07,8.76976623789332e-08,4.89013279499382e-08,1.49969224300816e-07,8.04527418894755e-08,1.39508989325096e-07,6.92905368377996e-08,3.34778126817871e-08,6.41421320124063e-08,6.04702476603343e-08,5.61160429383986e-08,7.54184695614513e-08,2.72761270386579e-08,5.81083278529273e-08,5.02948935365301e-08,4.64595976110862e-08,6.07839624273365e-08,5.45740347884001e-08,4.75513321507912e-08,3.85709324948692e-08,2.2061689902402e-08,4.79099706104899e-08,3.60241707219096e-08,4.33069928610783e-08
6.87463898322676e-08,1.00369608114452e-07,1.32512582802384e-07,7.02889688652003e-08,1.6587324146611e-07,1.0488462819148e-07,1.15743213065613e-07,1.61722678730893e-07,4.04254589177653e-07,1.91730640812961e-07,3.03626862894924e-07,3.16718858230241e-07,1.80641872281771e-07,4.4069977539333e-07,2.13328198560792e-07,3.33773365510853e-07,3.6352027131963e-07,2.71891016288633e-07,5.1911376580244e-07,2.31814424964755e-07,1.10882722340975e-07,4.24298581757143e-07,2.13067053092045e-07,3.76248649863447e-07,1.99118625792684e-07,9.12628563751537e-08,8.10474758803377e-08,1.82683786096179e-07,8.96502970120604e-08,1.73418200895347e-07,7.92305650579359e-08,7.12040349764005e-08,7.14698582731612e-08,7.59612308389102e-08,8.19900123454692e-08,8.76544533214495e-08,5.9041026659162e-08,6.06899367358755e-08,5.90488829311335e-08,6.78085631588881e-08,7.16536692488407e-08,7.8252999589564e-08,4.87931483216824e-08,4.42113677507076e-08,3.24665492144681e-08,5.16134075783183e-08,4.23747107791207e-08,5.10530938489139e-08,4.63348978402926e-08,6.39352396803161e-08,1.0495205418584e-07,4.46752488764022e-08,1.26163288173226e-07,8.87061266079152e-08,7.29137359200712e-08,1.2339968038006e-07,2.86256087228984e-07,1.53853795197293e-07,2.0148229175566e-07,2.11300657080304e-07,1.39730642227924e-07,2.99715874362254e-07,1.45635427012974e-07,2.20184672060276e-07,2.59377982179355e-07,2.01918231981728e-07,3.29241457752482e-07,1.51883590998156e-07,7.6581729359783e-08,2.77538876146393e-07,1.47967347746694e-07,2.50145388288161e-07,1.283133912133e-07,6.53347495033921e-08,4.97091028693917e-08,1.29057766379621e-07,6.53885670487911e-08,1.18891187700618e-07,6.15254889523983e-08,4.14825786395825e-08,4.72352905136145e-08,5.89171356094093e-08,5.85023938056776e-08,6.79791214915967e-08,3.36248852312857e-08,4.13819015715045e-08,4.46764056512548e-08,4.74100127836352e-08,4.72034303524094e-08,4.90032371908667e-08,3.34189823132762e-08,3.27550487503394e-08,2.36559359457901e-08,3.03830976364028e-08,3.24242834125564e-08,3.07081967066082e-08
