1.75131773593686e-06,3.85609571627072e-07,2.17533017654574e-07,1.51487386869257e-06,3.16003451075231e-07,1.08583326231863e-06,3.44038201236571e-07,1.10271100776498e-07,3.80723308237166e-07,2.25067354357348e-07,2.54082818678414e-07,4.36741015972351e-07,9.53018851562511e-08,3.29986863638935e-07,3.23077675752908e-07,2.21819320272535e-07,3.24005484232432e-07,2.4589955418808e-07,2.32959769529462e-07,2.51910837688685e-07,1.14598040300123e-07,2.45455297293737e-07,2.72717737532044e-07,2.56991296590786e-07,1.62761861944228e-07,9.21457073671002e-08,1.12620702246673e-07,2.13391109235125e-07,2.06446205244053e-07,3.4826590736894e-07,2.11102582007035e-08,4.95808126235761e-08,2.22515009572016e-08,3.78539114061221e-08,5.88019023827843e-08,3.19315037684824e-08,4.72619551970884e-08,1.22575405844975e-08,3.68887503250184e-08,4.82852387770176e-08,5.95416816921792e-08,1.17127117299173e-07,1.29855272767654e-08,5.08712891975793e-08,6.40822265514302e-08,7.63526462410137e-08,7.39593656693829e-08,9.70306548003963e-08,1.17713658803831e-06,1.10135690953838e-07,6.41505704559667e-08,3.34099953721753e-07,3.38818024076791e-08,1.26797380053218e-06,2.53327553365949e-07,-1.49216007395984e-08,-1.11335822760185e-07,-7.67969520207958e-08,-8.80249667285408e-08,-5.89337253862254e-08,-3.8790933454797e-08,-1.26065824661641e-07,1.13833251250442e-07,-1.23123581302721e-07,-3.73050386689081e-08,-3.43148778832006e-08,-1.44473503427575e-07,1.12457932698626e-07,1.1422975677741e-07,-5.9741891361175e-08,9.57891121716554e-08,-9.47928681844105e-08,3.64214314101075e-08,6.61430572741983e-08,1.0024200839353e-07,6.15228425877893e-08,9.27057266912158e-08,6.93117180767575e-08,3.38233365750699e-08,9.141126814618e-09,2.6686998943192e-08,4.40793748617243e-08,8.94170638744299e-09,2.47757532334295e-08,1.50426930303025e-08,2.3678164173516e-08,1.1227493723037e-08,8.71536472825345e-10,1.58484199180576e-08,-3.18857492501275e-08,2.4073510365371e-08,1.71875321674711e-08,4.93246784453197e-08,2.83599100898834e-08,9.85073642375991e-08,1.12923865287868e-07
3.85609571627072e-07,3.44299357703444e-06,1.01155159095683e-06,1.38614850317078e-06,2.38292056747212e-06,1.45286982730427e-06,2.96515760784951e-06,7.52923432235956e-07,4.7462467075069e-07,1.85424209369305e-06,1.75140910053715e-06,2.61792613781747e-06,5.43320351003975e-07,3.01713858048255e-07,1.18000294144469e-06,1.40609110440567e-06,6.7447215381346e-07,2.74433700731374e-07,2.43578362396938e-07,9.71138399466328e-07,3.33411458144975e-07,5.58234687610365e-07,1.05957113145446e-06,6.29724863997415e-07,7.24585268035432e-07,2.64585860816865e-07,2.70064049196026e-07,8.23109496355369e-07,3.97137905396589e-07,4.445809619309e-07,2.26823639765245e-07,2.06899913773873e-07,1.51161161867836e-07,1.83713839407601e-07,3.96564217010759e-07,3.2387107697339e-07,1.96554857178125e-07,1.24590626438599e-07,4.37836426316638e-07,3.64345452255817e-07,4.11192688822174e-07,1.61227470892254e-07,1.14198852527439e-07,3.86738634129814e-07,3.48202377015398e-07,4.00454711739016e-07,3.37246644076422e-07,3.33788858696362e-07,2.24803600849848e-07,3.11533084203425e-06,-4.83293343028315e-09,1.79843552882523e-06,1.21502323954043e-06,4.29955987976312e-07,2.5971152447785e-06,1.63505644928173e-07,5.4280786286475e-07,9.84376227118921e-07,1.31242919060669e-06,1.8438809430489e-06,3.94649150214365e-07,3.98999774812464e-07,1.27568874867528e-06,1.11599955328495e-06,9.19457030348722e-07,2.67986966888624e-07,3.20246754845064e-07,1.04590737342015e-06,2.45572273250132e-07,7.57672039560413e-07,1.27554349316635e-06,8.24586517586818e-07,8.0695628146939e-07,1.31908232341647e-07,2.67139126045807e-07,1.00474500239194e-06,-1.8589838898067e-07,6.19296382919739e-07,1.61546861383547e-07,1.03430884029118e-07,1.0855309956567e-07,6.68775710234065e-08,3.78130743151152e-07,2.49231746586764e-07,1.10726748064901e-07,8.68091013182539e-08,2.875565380161e-07,3.3603896405227e-07,2.72673983253015e-07,-1.47876654520993e-09,7.25019769772909e-08,2.8662303477418e-07,4.18719044479188e-07,2.50031346171862e-07,3.86385619195477e-07,3.82916068433593e-07
2.17533017654574e-07,1.01155159095683e-06,2.86446255546487e-06,7.35693273717219e-07,2.62871563381623e-06,1.87995429182643e-06,7.53619976945477e-07,1.08797172257377e-06,5.34362797794901e-07,9.14422507623625e-07,8.34222405446707e-07,8.40238596080301e-07,7.06464317465718e-07,2.37724982733083e-07,2.93703845554539e-07,5.69597210468282e-07,2.24120061683186e-07,4.73760040436349e-07,1.90123324762295e-07,2.50830173644149e-07,2.23555967427997e-07,1.90636219704596e-07,2.5231092602865e-07,2.05245400162621e-07,1.41094689903991e-07,1.83222735468961e-07,1.64847884464375e-07,1.64960574940551e-07,1.7355148440415e-07,1.28970328247581e-07,1.2791223630918e-07,1.03701107135634e-07,6.11444267205813e-08,1.15360260772848e-07,1.34484405495386e-07,1.250532828728e-07,9.79293896927574e-08,5.76056087201234e-08,1.51697837508288e-07,1.29692683443528e-07,1.46559268353229e-07,8.29801770502197e-08,8.02121408562759e-08,3.4874754789066e-07,1.51420302581662e-07,4.20355887683752e-07,1.85426979339292e-07,2.2173386821155e-07,1.47891400367981e-07,1.24870822208858e-06,1.01310703937992e-06,1.20645962695002e-06,1.60415522898538e-06,1.55296883802121e-06,1.11194760564043e-06,3.68679209908267e-07,6.2700495858921e-07,5.64061606517409e-07,6.81255233354424e-07,7.72691734009851e-07,2.54657947984704e-07,1.15083090755678e-07,-8.86227113566413e-08,3.15506017871431e-07,6.17046534809968e-08,2.95090824802152e-07,1.02463517952838e-07,-6.01447174798374e-08,1.11226136592824e-07,6.8741235403924e-08,1.46447152091865e-07,9.89996686982618e-08,-7.29982561852401e-08,5.81661672905603e-08,4.72290413174072e-08,9.52301439556569e-08,-2.42696396848077e-08,5.39318154217384e-08,5.168765173633e-08,4.4618490104826e-08,5.00174346382806e-08,2.55582217610591e-08,9.8217662895364e-08,1.14470471227841e-08,4.52617651846286e-08,4.49291259326378e-08,8.77557699476295e-08,9.38747248629105e-08,6.24389706547502e-08,-6.9421796755278e-08,5.70482505713766e-08,1.54486195741805e-07,1.73579014395488e-07,1.96233427364115e-07,1.77443304480547e-07,1.8401659209855e-07
1.51487386869257e-06,1.38614850317078e-06,7.35693273717219e-07,2.71054775919594e-06,8.48869212089823e-07,1.76148293437901e-06,1.14473429589636e-06,5.02439339743656e-07,6.55200133510649e-07,5.67386553505933e-07,5.44088092815564e-07,7.56929196001149e-07,2.48972501332959e-07,3.95675029683002e-07,6.77574897918415e-07,3.42441515034859e-07,2.9997054900237e-07,2.82488770411586e-07,2.21095417496442e-07,5.54652857554348e-07,1.91502780654342e-07,2.23103408643687e-07,6.41556874925147e-07,2.65401801699409e-07,3.61608547611451e-07,1.53642534360007e-07,1.35843436635269e-07,4.75973878087916e-07,2.36984768744289e-07,5.74740108800929e-07,7.95019995669276e-08,7.49840044586736e-08,7.95827685464718e-08,8.22438356335843e-08,1.39408073463805e-07,1.18173017838455e-07,6.81552516353302e-08,6.83189006588744e-08,1.41360531525802e-07,1.24814869946483e-07,1.90657859315688e-07,1.88422227977454e-07,6.50043762688108e-08,1.42627618314723e-07,9.5928046003683e-08,1.90221774807973e-07,1.10870537196296e-07,1.44812836693804e-07,7.67546488494003e-07,1.93107305265828e-06,-2.32121539930557e-08,2.16825929489078e-06,3.76929796012887e-07,1.86200646003781e-06,1.7478297592282e-06,4.02526774422606e-08,4.9959803227138e-07,1.87763166870728e-07,2.05871525763145e-07,6.61818663043709e-07,4.26776678834718e-08,1.13894796032404e-07,4.76598612542734e-07,-3.75853732837398e-08,5.85909552608856e-08,2.33123621115225e-09,-6.51557232056137e-08,4.29828432702805e-07,9.55603618173687e-08,-3.93734289574886e-08,5.12153747140254e-07,-5.23477225171142e-08,3.25223005590355e-07,5.66388468145504e-08,1.19846292536005e-07,4.04003634406266e-07,4.27067489289126e-08,3.77581062143552e-07,3.89199548691252e-08,4.16065919504952e-08,4.26427734016939e-08,2.70871859668499e-08,1.08811990581981e-07,1.66598873895949e-08,3.93191295208866e-08,4.07322376605653e-08,6.72021111715011e-08,9.4366403169612e-08,1.12442871487383e-07,7.32677389708585e-08,3.77802665104224e-08,7.2789878554267e-08,1.13284984227011e-07,1.13481237954566e-07,1.31236412828025e-07,1.70188578471067e-07
3.16003451075231e-07,2.38292056747212e-06,2.62871563381623e-06,8.48869212089823e-07,5.05159542553318e-06,2.4635497120259e-06,1.85493491867345e-06,9.14049018531255e-07,6.05946856578255e-07,2.81370985640065e-06,6.7683087144842e-07,2.41529634007769e-06,6.69055681942552e-07,3.97722925317368e-07,3.39385165485455e-07,4.95260554594264e-07,1.87158551645383e-07,2.47263708931242e-07,3.27595232471876e-07,2.86253598922403e-07,4.80938715495919e-07,1.61356824777795e-07,5.31476168800879e-07,4.6695172321351e-07,2.01029563030734e-07,3.81853341336144e-07,2.79954010101001e-07,4.28963265721686e-07,2.96818531125414e-07,2.09051768311593e-07,3.07909127453799e-07,2.11015701388755e-07,7.46880756299194e-08,2.40374690500737e-07,3.78091704044312e-07,3.65042133695727e-07,2.01523161241906e-07,5.80315163871954e-08,4.99921254269534e-07,3.58505113895087e-07,4.1600803979071e-07,1.03491574227834e-07,9.40029457772005e-08,6.34323661538934e-07,4.47802746935668e-07,7.05229151176228e-07,4.6350460340363e-07,4.85671422451202e-07,2.45885460308674e-07,2.25259655166937e-06,1.40798916025669e-06,9.57687136184995e-07,3.23002539288904e-06,1.72143740643054e-06,1.60048176976711e-06,7.74238950298587e-07,8.73262986630843e-07,1.91628783378057e-06,8.38576536591516e-07,2.03784364447527e-06,7.51099863563037e-07,5.30367920729464e-07,-3.18941331656596e-07,6.02032016735636e-07,1.20676466738876e-07,3.33352940976447e-07,4.49032751326797e-07,-2.52031955968714e-07,3.30095396425863e-07,1.29353487418049e-07,2.26330270219675e-07,4.2302657724859e-07,-2.75880436289649e-07,1.36785300622977e-07,5.49906556611932e-08,1.59726461971533e-07,-9.18971358949508e-08,-1.05245289727252e-07,1.2874726542094e-07,5.49777072398577e-08,7.72207129097142e-08,-5.10254962530144e-08,3.57756282701588e-07,1.92280065254145e-07,7.13171538621616e-08,4.9780996627578e-08,4.45753201717767e-07,3.25344495310329e-07,4.06249706193177e-07,1.13828148747397e-07,7.48969898217637e-08,5.19700447403755e-07,5.22145238095119e-07,5.59096858771174e-07,5.27778071748007e-07,4.97159929623393e-07
1.08583326231863e-06,1.45286982730427e-06,1.87995429182643e-06,1.76148293437901e-06,2.4635497120259e-06,2.95311285795472e-06,1.08285135657594e-06,7.77540841582289e-07,7.34828641758922e-07,1.19223041343356e-06,1.17211000832159e-06,1.38326775841563e-06,4.23353209869979e-07,3.71164494577362e-07,6.28641280164083e-07,8.69071551397325e-07,5.18421096187703e-07,2.41108130654045e-07,2.36300362860708e-07,5.24202141829165e-07,2.49402285010303e-07,4.17803835087458e-07,5.47444033283356e-07,4.4889911019288e-07,3.81040476370638e-07,1.9878365374931e-07,1.56725520936346e-07,4.3840005793998e-07,3.23468075057781e-07,2.8759777555102e-07,1.25638342204477e-07,6.25591925444546e-08,3.30235598896798e-08,1.17856075074967e-07,1.01445227890972e-07,1.32829928024368e-07,5.63079133631171e-08,2.8265388835054e-08,1.52598361112735e-07,9.80485355326101e-08,1.73759232289653e-07,1.15041945857742e-07,3.5744118730239e-08,2.42848409652708e-07,1.64281277113765e-07,3.05235259064546e-07,1.87300795096577e-07,2.24272644203898e-07,6.94679636331131e-07,1.78745724677152e-06,7.81614301916363e-07,1.4312337016167e-06,1.40464099870319e-06,2.45832143609441e-06,1.47021710954019e-06,5.60078904926239e-07,8.8461420397592e-07,6.77332492772682e-07,8.48343536400756e-07,1.00362640503216e-06,3.44594247602254e-07,1.30946358295648e-07,1.71614941731736e-07,3.31598667805208e-07,4.80422329736799e-07,1.28394591425916e-07,3.64948488828152e-08,1.73469311171459e-07,1.18013692738725e-07,3.60600103998343e-07,4.14951173841898e-07,3.29298508638274e-07,7.89174047070036e-08,2.52349502500925e-08,1.30481723436716e-07,3.21897244169637e-07,-1.54522130821964e-07,1.07333983289872e-07,3.70513581364259e-08,2.66248093711298e-08,4.52311097862839e-08,-1.45340935513883e-08,1.17604918453012e-07,1.14514253338627e-08,3.1026080997592e-08,3.64298143048887e-08,1.72695119809155e-07,1.09123520396961e-07,2.08070309656319e-07,1.65401776730898e-07,3.87651238897573e-08,2.04449935912249e-07,1.87156032549442e-07,2.72895659259094e-07,2.33702699681584e-07,2.45367451016583e-07
3.44038201236571e-07,2.96515760784951e-06,7.53619976945477e-07,1.14473429589636e-06,1.85493491867345e-06,1.08285135657594e-06,3.23279416666612e-06,7.83909392208758e-07,4.47636211511665e-07,2.12609216215706e-06,1.6648472314412e-06,2.79083441232858e-06,5.78332632891849e-07,2.88313216162856e-07,1.1358026530997e-06,1.33557483308401e-06,6.30455733438218e-07,2.87298999099868e-07,2.3445584078915e-07,9.35601785369138e-07,4.06266549585335e-07,5.26597876902232e-07,1.09798254510395e-06,6.33868861589194e-07,7.00509110034665e-07,3.26890372990043e-07,2.94535731546127e-07,8.59731731016266e-07,4.36048551925169e-07,5.1008091219076e-07,2.82553310553074e-07,2.31817363136615e-07,1.39604370616407e-07,2.31880919908812e-07,3.8786752844477e-07,3.38666261923501e-07,2.21300569374598e-07,1.16096767145231e-07,4.20477533645418e-07,3.58242432369038e-07,4.31012636152502e-07,2.49957957967033e-07,1.06424809755637e-07,3.79754558149153e-07,3.20166409107757e-07,4.01423005251621e-07,3.18523331778409e-07,3.23096221583566e-07,2.42024886406481e-07,2.59690082887049e-06,1.63319484661518e-07,1.65969823867216e-06,9.8435177584773e-07,4.79346601177687e-07,2.79782321345613e-06,1.87426721533561e-07,5.41871174063547e-07,1.06670837872642e-06,1.25886841882926e-06,1.94108789460104e-06,3.89402314253152e-07,3.87892744492439e-07,1.25181035868386e-06,1.05066588958485e-06,9.39291398349606e-07,3.85886633203913e-07,3.11789259149762e-07,1.02621085877552e-06,2.9815397260699e-07,7.73782832491316e-07,1.37538903074788e-06,9.02720139314178e-07,7.91795859024629e-07,1.79656130654387e-07,2.84618819666844e-07,1.08677718913518e-06,-9.71832747434033e-08,7.58787171905913e-07,1.99944106598469e-07,1.29931122016137e-07,1.5062395449499e-07,1.26266280121451e-07,4.1083841966589e-07,3.36775522160299e-07,1.34771332675687e-07,1.29058580594249e-07,2.74880918376959e-07,3.69782673398439e-07,3.13677543281513e-07,7.90645780723371e-08,9.38636025455482e-08,2.75315122047026e-07,3.81683205293898e-07,2.39801774779725e-07,3.46742311549085e-07,3.71206438092634e-07
1.10271100776498e-07,7.52923432235956e-07,1.08797172257377e-06,5.02439339743656e-07,9.14049018531255e-07,7.77540841582289e-07,7.83909392208758e-07,1.71360613442028e-06,6.61724250968265e-07,1.12285274154932e-06,1.27127439360049e-06,8.9660270005412e-07,1.26154849556295e-06,3.59872599532322e-07,2.63025528949714e-07,9.53295028072544e-07,3.62287646913322e-07,8.97913866934963e-07,2.16247623541911e-07,2.31605841106341e-07,3.08059428046086e-07,1.99735250677764e-07,2.72764435660232e-07,2.06522066484955e-07,1.29605521118849e-07,2.51551829041225e-07,1.76775431492347e-07,1.85395098420683e-07,2.39258898660502e-07,1.45998636254439e-07,1.94369168638257e-07,1.18621159647359e-07,5.41785551774505e-08,1.77792099339837e-07,1.30418561645578e-07,1.5320895360719e-07,1.11008387192072e-07,5.25828002816677e-08,1.33368407807487e-07,1.25716480203705e-07,1.45544100914596e-07,1.08320231296564e-07,4.39045340488034e-08,1.21143261938619e-07,1.22495356470848e-07,1.21010456592166e-07,1.22887903705578e-07,1.14042490549887e-07,-2.36079482669627e-08,1.11175603821754e-06,3.67869001661579e-07,1.05191529100878e-06,5.63063881862624e-07,5.27121900240788e-07,1.08158657588013e-06,3.0421235787102e-07,6.48978250595187e-07,5.40842029024018e-07,8.32475858431147e-07,6.92390211190094e-07,2.0224707588464e-07,1.70429272261976e-07,-5.2705958114332e-08,4.69819677981766e-07,1.74280963260465e-07,5.55067740028381e-07,1.03602049112388e-07,-2.59775481388094e-08,9.09288991552406e-08,9.45850696421412e-08,2.11808832733784e-07,9.31697607640497e-08,-4.75559639154247e-08,4.38571448501459e-08,5.55563523505216e-08,1.47198329668657e-07,-1.94032243040807e-08,1.24917865342831e-07,3.99309138150427e-08,5.12100621815853e-08,5.4679796502006e-08,2.8468001033815e-08,9.18135775829068e-08,-8.90097072129832e-11,5.35080405060839e-08,5.25172572861099e-08,7.4416323555702e-08,9.05729609485411e-08,9.00224723259051e-08,-6.47392178867671e-08,2.67172223778206e-08,6.75974660547094e-08,1.21070407398037e-07,3.89294791397039e-08,1.47909026638027e-07,1.18082385575374e-07
3.80723308237166e-07,4.7462467075069e-07,5.34362797794901e-07,6.55200133510649e-07,6.05946856578255e-07,7.34828641758922e-07,4.47636211511665e-07,6.61724250968265e-07,1.43736180648121e-06,6.12886828538234e-07,1.27963970952185e-06,1.2247843324675e-06,3.59262561765435e-07,9.97671485519596e-07,5.12817037934223e-07,9.42641533614534e-07,7.26834220917966e-07,7.25233552740426e-07,7.29399998755686e-07,4.234564171472e-07,2.02321946356609e-07,5.50456435453152e-07,2.56843865115756e-07,3.24213642412767e-07,2.85614799226291e-07,1.59988276887959e-07,3.01669969291964e-07,1.93215655499277e-07,1.7284933493599e-07,2.65478715092809e-07,1.07527711340909e-07,2.32040061129118e-07,1.2137285296347e-07,9.81223112064412e-08,3.06674371380844e-07,1.47124194121229e-07,2.17906766730545e-07,1.12609743800283e-07,1.65749168120077e-07,2.87879403260681e-07,1.81403471063544e-07,2.29546750226146e-07,7.78659748129096e-08,1.55927620533316e-07,1.19437924170448e-07,1.38675501958591e-07,1.61236274187858e-07,1.32370730252891e-07,8.28893735005774e-08,1.0060253498513e-06,4.79434027936633e-07,1.03227385238445e-06,5.75524818046749e-07,8.17002365296244e-07,9.14701951005138e-07,4.54026524059087e-07,8.98879884588967e-07,5.34310404793252e-07,1.03908735626856e-06,8.87374591083825e-07,3.98528187436629e-07,3.30205947721488e-07,5.50993439001289e-08,6.08784705753478e-07,3.30366280761647e-07,8.97501662266415e-07,1.51074450102074e-07,6.41557951589651e-08,2.14367401688999e-07,1.90575083246756e-07,2.71729157697196e-08,1.00772108091742e-07,-5.27365455686904e-08,1.80344718200758e-07,2.78181121390866e-08,-1.81790574453282e-08,1.37323761574951e-07,-4.17469020229025e-08,1.52095091609267e-07,9.77516408761678e-09,7.72013686168286e-08,1.20806672470869e-07,1.48029130041702e-07,1.55707865044528e-07,5.46945768265269e-09,8.11655011628902e-08,1.84839232099713e-07,1.43154462387263e-07,1.97302290926707e-07,1.31823196932382e-07,3.19700276485719e-08,1.82134517954618e-07,9.64162967959829e-08,1.23623119986862e-07,2.21191684573646e-07,1.39190596428394e-07
2.25067354357348e-07,1.85424209369305e-06,9.14422507623625e-07,5.67386553505933e-07,2.81370985640065e-06,1.19223041343356e-06,2.12609216215706e-06,1.12285274154932e-06,6.12886828538234e-07,3.28891188325972e-06,7.48545168276763e-07,2.76675564147739e-06,8.53901332472985e-07,4.08300517778567e-07,3.61103108521522e-07,5.55081810248114e-07,2.06401683599607e-07,3.01425642269093e-07,3.37846280578241e-07,3.03399974634663e-07,6.00126158567956e-07,1.79792266371995e-07,6.19653389299739e-07,4.97935136352696e-07,2.1557083471136e-07,4.8065442469188e-07,3.06893150145536e-07,5.01962279721973e-07,3.88508566293256e-07,2.77197647014524e-07,4.03966245832913e-07,2.42364599127578e-07,6.64341484951414e-08,3.25654955458818e-07,3.69053798264451e-07,3.97736546968328e-07,2.32238962624273e-07,5.38175757669358e-08,4.55371677839619e-07,3.52182639208477e-07,4.19154474520951e-07,1.83302202431991e-07,5.66444914500428e-08,3.91576598559809e-07,3.90866770216455e-07,4.00155284984907e-07,3.78351525870386e-07,3.63168917606449e-07,1.13952927439331e-07,1.60017625499401e-06,7.7333324915258e-07,7.81720026297817e-07,1.91528232639833e-06,8.18427515638766e-07,1.72378380433436e-06,8.36867532497935e-07,9.20813177289522e-07,1.97344426155716e-06,8.76101946596499e-07,2.19185440449611e-06,8.05380150612952e-07,5.82414871207802e-07,-1.58417978988165e-07,6.32682651685543e-07,3.14734168622713e-07,5.25454537275017e-07,4.87924199477664e-07,-1.24778624085183e-07,3.57060696036247e-07,2.80455183152424e-07,4.45761144788934e-07,5.75803918702346e-07,-1.69126957415283e-07,1.71580915069376e-07,8.76997382297982e-08,3.38886586013297e-07,-2.92738232696967e-08,1.08346966901053e-07,1.64583675060134e-07,8.6669759044505e-08,1.24126448552563e-07,1.23394709525161e-08,3.9825180857181e-07,2.77599034690845e-07,9.98947829097053e-08,9.92154797920216e-08,4.00942668568664e-07,3.66533394340988e-07,4.41380846194487e-07,1.48975155331283e-07,7.3023422695495e-08,4.03111652667207e-07,4.50092852905459e-07,3.81871583403527e-07,4.66947510195699e-07,4.35383157456643e-07
2.54082818678414e-07,1.75140910053715e-06,8.34222405446707e-07,5.44088092815564e-07,6.7683087144842e-07,1.17211000832159e-06,1.6648472314412e-06,1.27127439360049e-06,1.27963970952185e-06,7.48545168276763e-07,4.00017198535827e-06,2.80627852280791e-06,9.52736983507053e-07,9.4219903974356e-07,1.42137486645344e-06,3.29635174511449e-06,1.54174971059975e-06,1.46411525197284e-06,6.79011797165257e-07,1.17369970794294e-06,2.30250094069629e-07,1.16946466619047e-06,8.51371022551874e-07,7.94483381732292e-07,8.5273540146482e-07,1.90466139043688e-07,4.85837778976179e-07,6.52343993160895e-07,5.15052778672301e-07,2.50804903582593e-07,1.31713719690453e-07,3.47721306206192e-07,1.71443771080134e-07,1.34547822370675e-07,3.92773078626907e-07,1.54608340013769e-07,3.31728747376827e-07,1.60233557547236e-07,1.54101557652571e-07,3.72625005604613e-07,2.12877069099619e-07,2.79404301488942e-07,1.27865966669064e-07,1.44013299205161e-07,1.2276181918573e-07,1.69436600295671e-07,1.29872047589366e-07,1.54973352310417e-07,-4.38338166351477e-08,1.86151451827012e-06,3.79540015152445e-07,8.22006348933597e-07,7.47886857583826e-07,8.52802916523374e-07,1.71383599217091e-06,3.13445038180786e-07,4.86684151145405e-07,7.01724692591143e-07,2.2604432613291e-06,1.46300968115124e-06,4.53096557693977e-07,2.49078179694381e-07,1.21959135221965e-06,1.86972588972669e-06,1.55376107810851e-06,1.20068330322177e-06,1.44941837680471e-07,1.00712468321122e-06,1.18732964361803e-07,1.20410245099892e-06,8.43114277113648e-07,9.6124364770188e-07,6.89886638921868e-07,9.10509578696321e-08,2.76476745703302e-07,6.30317145223012e-07,-2.6468954856297e-07,2.31164870805798e-07,1.08482024192904e-07,1.75863338055291e-08,1.14672179475589e-07,9.38352721026186e-08,1.8338843034366e-07,1.06349584560827e-07,2.31437782948198e-08,1.11264372612604e-07,1.59230936361301e-07,1.77580483916268e-07,2.41714391708431e-07,1.81132493485115e-07,4.9352385976862e-08,1.44235557809396e-07,7.20604625394829e-08,1.56059837417057e-07,1.07756170524373e-07,9.9224407410038e-08
4.36741015972351e-07,2.61792613781747e-06,8.40238596080301e-07,7.56929196001149e-07,2.41529634007769e-06,1.38326775841563e-06,2.79083441232858e-06,8.9660270005412e-07,1.2247843324675e-06,2.76675564147739e-06,2.80627852280791e-06,4.76749684086755e-06,6.97885700253413e-07,9.61850657444948e-07,1.13083038525866e-06,2.3079897676903e-06,1.00017131470078e-06,7.94038629776505e-07,7.45384750716198e-07,9.34818142238159e-07,4.86307013969585e-07,8.20897838787629e-07,9.38395049985051e-07,8.26796153361003e-07,7.04766049046899e-07,3.96029220410758e-07,6.77224899012105e-07,7.63362672184966e-07,5.60386591518012e-07,4.21668384313088e-07,2.99146646813615e-07,5.29835344262251e-07,2.15349353504256e-07,2.43972861597318e-07,7.5266223701466e-07,3.99654962657126e-07,5.09931494998103e-07,1.92549488446879e-07,5.4170260326456e-07,7.16401596472033e-07,5.33089494143698e-07,4.66296957366178e-07,1.93921559569323e-07,4.93957454147762e-07,4.41239156559466e-07,5.23770254499416e-07,4.64651515999612e-07,4.88086552980243e-07,2.00494736955019e-07,2.45216207672962e-06,5.83765452670382e-07,1.03740487205094e-06,2.57067015504099e-06,1.573213458707e-06,2.40374928031481e-06,6.25043306598834e-07,1.14865674968001e-06,2.5247485145538e-06,1.98336599363477e-06,3.39399156766672e-06,7.68389662006041e-07,8.98363785654542e-07,7.72151775478713e-07,1.66024356781867e-06,1.24404711057304e-06,6.95439485929311e-07,6.8658573485376e-07,6.4221997316972e-07,4.43773832362436e-07,9.85095919957069e-07,7.89577489738663e-07,1.02729197527186e-06,3.87063199532924e-07,2.8913494805706e-07,2.96488645634096e-07,6.00053570175303e-07,-6.03486735690175e-08,2.34154952670783e-07,2.76813353535419e-07,9.25115554950329e-08,1.84134193967501e-07,1.49925226173595e-07,5.57373559618185e-07,5.37067838659795e-07,1.10161684086199e-07,1.56624576003982e-07,4.05356355054326e-07,5.17215344996525e-07,4.14719308507136e-07,1.30844514211892e-07,1.29642014867123e-07,4.06513908950734e-07,4.57736067096034e-07,3.68811313946145e-07,5.09588025405817e-07,5.08117970379904e-07
9.53018851562511e-08,5.43320351003975e-07,7.06464317465718e-07,2.48972501332959e-07,6.69055681942552e-07,4.23353209869979e-07,5.78332632891849e-07,1.26154849556295e-06,3.59262561765435e-07,8.53901332472985e-07,9.52736983507053e-07,6.97885700253413e-07,1.30598440020197e-06,3.86552964533751e-07,2.41205773123211e-07,9.79917139521037e-07,3.80176042635782e-07,9.3025942898438e-07,2.40969567919045e-07,2.11243401071562e-07,3.42800917622033e-07,2.2544833240192e-07,3.01747360585025e-07,2.55338093138666e-07,1.22163337099009e-07,2.66976182991888e-07,1.91932002445993e-07,1.91156097974952e-07,2.18053404877213e-07,1.50752852937923e-07,2.10149558685216e-07,1.29805129903569e-07,7.45024963294985e-08,1.66595384001913e-07,1.3721782713567e-07,1.47028481041158e-07,1.02696227486499e-07,5.51390864301916e-08,1.37624290497666e-07,1.02787342906978e-07,1.38133722261184e-07,8.83221437638559e-08,3.388773291447e-08,1.04047699690911e-07,1.11595441629432e-07,1.07676332686207e-07,1.02507206394286e-07,1.05535827099921e-07,-2.10940322979445e-08,5.76320345140463e-07,2.54606664540813e-07,3.48361853878426e-07,5.37318119203172e-07,4.11280124875092e-07,5.87388615917737e-07,2.02353144050769e-07,1.68903735770231e-07,5.06797536280044e-07,4.68489123770863e-07,4.91840143702723e-07,1.68055803741064e-07,2.14542156875412e-07,-6.60640123619696e-08,5.32866516582252e-07,1.92314693468196e-07,5.94549222012326e-07,1.41738353539581e-07,-4.35122033133185e-08,1.69407392868563e-07,1.18151626724663e-07,2.74468015205841e-07,2.75318838456921e-07,-4.58453368145039e-08,9.03682396184685e-08,6.51700802300415e-08,1.99974198209103e-07,-2.13746237908073e-09,1.33014352255813e-07,8.75627337598295e-08,4.48102357854767e-08,3.75508630801029e-08,3.91990867059684e-08,9.17611019105681e-08,2.66117181480089e-08,4.2434782687534e-08,2.80850442149254e-08,7.18938921553431e-08,6.11181092597132e-08,9.2969095748914e-08,-8.32662106905204e-08,2.20330003144276e-08,6.23227082920665e-08,1.14982984514321e-07,5.53992872614376e-08,1.2484280414496e-07,1.21340503581699e-07
3.29986863638935e-07,3.01713858048255e-07,2.37724982733083e-07,3.95675029683002e-07,3.97722925317368e-07,3.71164494577362e-07,2.88313216162856e-07,3.59872599532322e-07,9.97671485519596e-07,4.08300517778567e-07,9.4219903974356e-07,9.61850657444948e-07,3.86552964533751e-07,1.59469994787777e-06,9.43998079295841e-07,1.28260381487747e-06,1.04299030610833e-06,9.15036411881627e-07,8.69797197283931e-07,5.53408552997971e-07,4.10646626586238e-07,6.55705854399335e-07,4.54777253807263e-07,4.93827829561859e-07,3.9618032576762e-07,3.25728408664742e-07,2.73611627889323e-07,3.53499727928062e-07,1.81980582955582e-07,2.93301217611173e-07,2.54719569788488e-07,2.12915315522922e-07,1.54642784218705e-07,1.13227969144254e-07,2.75634178975687e-07,1.45649364420799e-07,2.0700881516678e-07,1.45611606823653e-07,2.13257623931335e-07,2.61121912061672e-07,2.02684743995942e-07,2.06571974475431e-07,9.41654607742481e-08,1.67906011337945e-07,1.20037790400136e-07,1.50431713201145e-07,1.63756841492344e-07,1.43261531328666e-07,9.73993931815995e-08,4.46619907448294e-07,4.22476283772932e-07,3.09377830770868e-07,6.00156522016377e-07,6.9686045160413e-07,4.11529483199711e-07,3.98147819730228e-07,3.29505552828037e-07,5.49844400736567e-07,6.0592158464129e-07,6.21903621312087e-07,3.53410081961333e-07,8.80790829204821e-07,2.0759177535433e-07,7.15658757745451e-07,6.78308363145352e-07,9.49104810143736e-07,2.66971127197175e-07,2.03502097450583e-07,2.50400578224257e-07,2.59628678248607e-07,2.48805951236067e-07,3.12475134881487e-07,7.68145058446576e-08,2.09787049269585e-07,1.72209023035165e-08,1.63163877288796e-07,9.36665504628142e-08,3.31329996388959e-08,1.78300155369543e-07,4.33348522177292e-09,5.46002656218172e-08,8.139657316634e-08,1.25166972498018e-07,1.07451272165406e-07,8.24969349156099e-09,6.18716980381442e-08,2.0803665319157e-07,1.28693504737238e-07,2.06941503429994e-07,1.09513342852109e-07,4.17814226836244e-08,1.88220284561759e-07,8.98351030287262e-08,1.37661473617165e-07,2.07358866119109e-07,1.52452172396365e-07
3.23077675752908e-07,1.18000294144469e-06,2.93703845554539e-07,6.77574897918415e-07,3.39385165485455e-07,6.28641280164083e-07,1.1358026530997e-06,2.63025528949714e-07,5.12817037934223e-07,3.61103108521522e-07,1.42137486645344e-06,1.13083038525866e-06,2.41205773123211e-07,9.43998079295841e-07,3.95746187977057e-06,1.57139357017243e-06,2.88638551750412e-06,2.61344871449987e-06,5.53768349196199e-07,2.47720814047077e-06,9.33885595211315e-07,1.74462396055364e-06,1.81755267844121e-06,1.11138299270373e-06,1.79468202664273e-06,7.0883792032872e-07,2.30358329593415e-07,1.37169868130156e-06,5.87210238095021e-07,8.95012794725315e-07,5.59785938928746e-07,1.47509430100697e-07,3.81812821441157e-07,2.6922624634608e-07,1.72756942823616e-07,2.34585073043534e-07,1.35226138828453e-07,3.65163135040909e-07,2.52276282829055e-07,1.58018095507209e-07,4.23734549038601e-07,1.37928463832665e-07,2.63107090036353e-07,1.72757549353382e-07,8.73699649259813e-08,3.17962713390877e-07,1.35532882822635e-07,2.82457661709311e-07,-2.70274374413235e-08,1.34143254602663e-06,3.9213464058755e-07,7.7701853737606e-07,3.15550375879668e-07,2.95192245457164e-07,1.29264622192623e-06,3.76952256883146e-07,-3.12097479568049e-07,3.34887007104093e-07,9.02249470509278e-07,7.91055643895891e-08,3.7863597877141e-07,-4.98026060904679e-08,2.01451221223222e-06,9.030983585853e-07,1.92711259932129e-06,1.83785719656631e-06,-2.54566460821501e-07,1.34463727709704e-06,1.74317367198694e-07,1.04239123790741e-06,1.53191529386669e-06,7.66896144709267e-07,9.66356158797812e-07,1.066222504829e-07,2.76269383715536e-07,1.19897025686849e-06,-1.9578263527681e-07,7.04977064262975e-07,1.7594149649425e-07,1.54693809386265e-07,1.64484870291431e-07,5.76540785103184e-08,1.2672505942654e-07,-2.59465669385608e-08,1.33903139210076e-07,1.61584514128646e-07,1.87314323427585e-07,1.15650932471333e-07,2.57859077076976e-07,1.35612115808391e-07,7.81173738388427e-08,1.09990534761814e-07,1.22850914507116e-07,1.0159763477885e-07,1.52213266475788e-07,1.5140482885033e-07
2.21819320272535e-07,1.40609110440567e-06,5.69597210468282e-07,3.42441515034859e-07,4.95260554594264e-07,8.69071551397325e-07,1.33557483308401e-06,9.53295028072544e-07,9.42641533614534e-07,5.55081810248114e-07,3.29635174511449e-06,2.3079897676903e-06,9.79917139521037e-07,1.28260381487747e-06,1.57139357017243e-06,3.43363960584922e-06,1.64879072766651e-06,1.69963097158735e-06,7.30473791908732e-07,1.16133100504662e-06,4.04468476756669e-07,1.16033899013256e-06,9.53336689003298e-07,8.88689090773262e-07,8.5775903746713e-07,3.16451672099241e-07,4.38849349636507e-07,7.08415772261576e-07,4.93795043163112e-07,2.54532497380075e-07,2.43481138439386e-07,3.18204015490849e-07,1.88893753483478e-07,1.57245069732878e-07,3.58445834703397e-07,1.6401254140887e-07,3.05240672690442e-07,1.64660451467091e-07,1.77405223824056e-07,3.30926896702252e-07,2.15657123022523e-07,2.49249540191563e-07,1.32458227160076e-07,1.64908390246911e-07,1.12049078733816e-07,1.76728731641708e-07,1.17602776962082e-07,1.45929148899141e-07,-2.56576981937408e-08,1.24988442623612e-06,5.31676481333734e-07,3.60600040857391e-07,8.278321434239e-07,9.12298810863343e-07,1.16653474976104e-06,4.52671671467366e-07,2.4954403443155e-07,7.71678908382446e-07,1.86807191492637e-06,1.20733534822288e-06,4.67526982831097e-07,5.91089964965308e-07,1.16483666800166e-06,1.94824323059653e-06,1.64097303612336e-06,1.28914030802401e-06,2.16800359638403e-07,9.46889724995717e-07,1.8133002963445e-07,1.129233655822e-06,9.25069623177149e-07,1.11855798512881e-06,6.62655965872661e-07,1.05360604982568e-07,2.2108487886784e-07,7.06548841272056e-07,-2.44439410777166e-07,2.19902576057227e-07,1.17273634925086e-07,6.67034347884877e-10,1.04981789832201e-07,6.7635988476403e-08,1.49980326738337e-07,7.16243742482789e-08,5.84806105643188e-09,1.03195132321056e-07,1.68234016541276e-07,1.30929071178178e-07,2.36596614131966e-07,1.31754902012566e-07,5.42954525715145e-08,1.6384987286043e-07,6.48682125861755e-08,1.71647732247821e-07,9.54913545050497e-08,9.86862660697882e-08
3.24005484232432e-07,6.7447215381346e-07,2.24120061683186e-07,2.9997054900237e-07,1.87158551645383e-07,5.18421096187703e-07,6.30455733438218e-07,3.62287646913322e-07,7.26834220917966e-07,2.06401683599607e-07,1.54174971059975e-06,1.00017131470078e-06,3.80176042635782e-07,1.04299030610833e-06,2.88638551750412e-06,1.64879072766651e-06,3.20079409059006e-06,2.83184281465836e-06,6.55895491373645e-07,1.7443012911768e-06,6.09681587609854e-07,2.04342299956078e-06,1.06976806053198e-06,1.26539285809329e-06,1.24704319196242e-06,4.419933380557e-07,2.19973826971494e-07,8.05509967725937e-07,4.51649508049916e-07,5.00768890218058e-07,3.56696006723439e-07,1.51411871651343e-07,3.77299760799723e-07,2.1752593621239e-07,1.70940739344401e-07,1.8413758736383e-07,1.15993767254323e-07,3.51738927551651e-07,1.62608229713275e-07,1.25916305644947e-07,3.1336757642523e-07,8.46241618368746e-08,2.79142088052487e-07,1.29706617374231e-07,6.3790607923864e-08,2.33367956110749e-07,1.02356359437305e-07,2.12819872508411e-07,4.94089586312587e-09,6.337929704121e-07,5.45608507286276e-07,1.5299171415757e-07,3.05212854655467e-07,3.65407738957341e-07,6.07317288824101e-07,5.20908918606924e-07,-1.08764779855567e-07,3.34012559760451e-07,1.255783440405e-06,2.11539741897575e-07,4.86811610655847e-07,1.145923242187e-07,1.2179942238331e-06,1.2147514125061e-06,1.855975991306e-06,2.18266304581369e-06,-9.96890596462371e-08,7.40916889413933e-07,6.58909399790789e-08,1.01166488809708e-06,6.34309997130474e-07,7.68929701026202e-07,4.68085884795841e-07,2.46843524729847e-08,2.7593768641778e-07,4.69038263322098e-07,-7.91698924141173e-08,2.92517856983563e-07,4.30873576751679e-08,1.08064656121573e-07,1.86173406677408e-07,5.98894836856411e-08,1.3083078457973e-07,-1.66756459739465e-08,8.2446849706171e-08,1.7062809623571e-07,1.19454355663568e-07,9.07920155267514e-08,1.4105028617059e-07,7.62163132692265e-08,6.31184239577609e-08,7.08774338314359e-08,3.71649368487385e-08,3.33831309081057e-09,9.09136395464039e-08,-8.2032699575818e-09
2.4589955418808e-07,2.74433700731374e-07,4.73760040436349e-07,2.82488770411586e-07,2.47263708931242e-07,2.41108130654045e-07,2.87298999099868e-07,8.97913866934963e-07,7.25233552740426e-07,3.01425642269093e-07,1.46411525197284e-06,7.94038629776505e-07,9.3025942898438e-07,9.15036411881627e-07,2.61344871449987e-06,1.69963097158735e-06,2.83184281465836e-06,4.0008878270418e-06,6.08338247109757e-07,1.57124556898096e-06,7.82492003623193e-07,1.70394964319108e-06,9.26202478355452e-07,1.01721096191317e-06,1.09569228572977e-06,5.89069319096845e-07,3.92088664884083e-07,6.68111070302162e-07,5.16099365181306e-07,5.34184540522731e-07,4.50547313593216e-07,3.09337949825855e-07,4.88094305860839e-07,3.4708244767802e-07,2.71504544223993e-07,2.39722581871195e-07,2.37335616569909e-07,4.39664699802074e-07,2.02653569736042e-07,1.86872277303042e-07,3.90341501390211e-07,1.41695228881039e-07,3.58594674525104e-07,1.46805622746172e-07,1.03640678487255e-07,3.07396984321178e-07,7.84453598346358e-08,2.7605583787314e-07,-2.25835012754111e-07,3.49475977398819e-07,7.25293375361202e-07,1.13389412241165e-07,4.59902195361922e-07,1.83138940246561e-07,3.6386688754983e-07,6.47279022094879e-07,-4.05781658975195e-08,5.10944306076834e-07,1.24380903180509e-06,3.12092416179039e-07,6.8063309396585e-07,8.33708085436966e-08,7.72148072118668e-07,1.33140886070756e-06,1.35017514443058e-06,2.90761614044023e-06,-3.26105518078387e-08,3.08372892017691e-07,7.02198580805853e-08,5.72640336583643e-07,3.33683317147136e-07,4.98965197328293e-07,1.23427266411759e-07,4.55286189750187e-08,2.38389049090111e-07,2.20418003524234e-07,1.12917493333763e-07,1.63393114644047e-07,6.35461472596169e-08,1.93730637252876e-07,1.79205050252968e-07,1.40339567429012e-07,2.00238225121666e-07,-1.40160329267225e-08,1.4805109881896e-07,1.49651610155351e-07,9.9868686472325e-08,1.11546635464368e-07,1.334606260763e-07,5.37274895140714e-08,5.88424541166863e-08,4.4931252743857e-08,6.27805196143359e-08,-2.22201362505588e-09,1.38515203502937e-08,-4.52846991457065e-08
2.32959769529462e-07,2.43578362396938e-07,1.90123324762295e-07,2.21095417496442e-07,3.27595232471876e-07,2.36300362860708e-07,2.3445584078915e-07,2.16247623541911e-07,7.29399998755686e-07,3.37846280578241e-07,6.79011797165257e-07,7.45384750716198e-07,2.40969567919045e-07,8.69797197283931e-07,5.53768349196199e-07,7.30473791908732e-07,6.55895491373645e-07,6.08338247109757e-07,1.09821444411545e-06,5.59460527031762e-07,4.53135817869878e-07,8.69019804285874e-07,5.32100372771623e-07,8.66370941669406e-07,3.89709906294771e-07,3.1710401572002e-07,2.75299395317257e-07,3.80992541025345e-07,1.88206248855568e-07,2.94299406466458e-07,1.99521555398879e-07,1.81610367139553e-07,1.2722814009203e-07,1.06748262410763e-07,2.35850029013914e-07,1.21795018350065e-07,1.71769461373839e-07,1.19027335860822e-07,1.75060745298112e-07,2.23129707281643e-07,1.73483248076224e-07,1.76638594941496e-07,7.75865306875426e-08,1.33519500032301e-07,1.41615354426172e-07,1.25393487605849e-07,1.49703952566603e-07,1.18028842776791e-07,7.15014142277546e-08,3.11544559170496e-07,3.52339452528132e-07,1.46720557089724e-07,4.4952550991027e-07,2.90938723616492e-07,2.890566518565e-07,3.60295090822227e-07,1.49066345789402e-07,4.19500630527905e-07,4.63942180917497e-07,3.62137009082002e-07,2.97695643844887e-07,2.65371884950159e-07,2.02008279983782e-07,4.81442449937353e-07,2.56751456862873e-07,7.2961047952747e-07,6.56798731922316e-07,1.01082004250499e-07,2.61002484204013e-07,4.20118497883365e-07,3.50285045651944e-07,9.02012186782185e-07,-2.39286003405986e-08,1.81898254542066e-07,6.45694209269661e-08,1.95016236170356e-07,1.15166771219178e-07,1.22369989382252e-08,1.4158187875669e-07,1.4235600593541e-08,2.3372751806977e-08,1.22363731272555e-07,5.95952018932845e-08,1.15997833771363e-07,1.1240483547889e-08,2.92797123465868e-08,1.73352872796995e-07,6.21496487102475e-08,1.49944317313822e-07,7.46603687617861e-08,2.05447369902959e-08,1.50673522050862e-07,1.29186760449807e-07,1.05424795756107e-07,1.83869873038795e-07,1.40068774061761e-07
