7.52724910260845e-08,3.64351774580142e-08,1.50573014160606e-08,6.27238069838363e-08,3.16800439606301e-08,5.42076786144845e-08,3.46354182715289e-08,1.39848923712523e-08,1.3489628555025e-08,2.99579622549164e-08,1.34175168979848e-08,2.79017539159214e-08,1.31516444423956e-08,1.27019117795161e-08,6.07898145840718e-09,1.2599879793114e-08,1.22319619128341e-08,1.09178170989452e-08,1.14837756633015e-08,5.36866363460958e-09,3.99844543442892e-09,1.12293795412178e-08,5.479465932215e-09,1.11607994998109e-08,4.49423159031962e-09,3.1756713999482e-09,1.48311189672693e-09,4.56094916847867e-09,3.59067437187248e-09,5.1937463113031e-09,2.77531204883633e-09,1.14093084108495e-09,-2.16054570781058e-10,3.15131402422751e-09,1.06906179642225e-09,2.41611945653755e-09,5.22586843540945e-10,-3.29052426161246e-10,1.71684616134591e-10,5.81752247654895e-10,5.37890811056735e-11,1.35810690303215e-09,-6.17853005898651e-10,7.18730311878646e-11,1.00109072551837e-11,-1.3457410207411e-10,-2.78174292919071e-11,8.03521330884192e-11,4.51413422565488e-08,1.95326674781344e-08,7.29579095745195e-09,3.03264263948286e-08,1.71353773725693e-08,2.68184226326077e-08,1.79064700043423e-08,7.07502077240126e-09,7.63697435823473e-09,1.67152265653119e-08,8.20544154031084e-09,1.53810058728897e-08,6.73440168558435e-09,7.96632262244292e-09,1.8567114040737e-09,7.76074088226237e-09,5.20095297464149e-09,4.73925766779235e-09,7.08760854067991e-09,1.77387577307212e-09,1.44002622096408e-09,5.09437145206512e-09,3.75745909981697e-09,8.90106120027479e-09,1.70056705469652e-09,1.50891888895516e-09,1.92402640447947e-09,3.92687177869858e-09,1.88771734570151e-09,2.82615791206373e-09,1.39858210671236e-09,1.94349542054275e-09,3.35857373088426e-10,1.97579970791643e-09,8.3797045572199e-10,2.04879358882838e-09,1.39229283431875e-09,2.77025824837414e-13,1.27258120668319e-09,9.69648404196184e-11,7.62020698150627e-10,1.18827834331427e-09,-2.45870418710338e-10,1.11951684322326e-09,-1.83012525013781e-10,3.54802836074324e-10,1.39846787842068e-09,4.87547614335696e-10
3.64351774580142e-08,1.51333516011232e-07,4.33408818194097e-08,7.88391363067639e-08,1.22273156616649e-07,5.76510218103883e-08,1.42988446662933e-07,4.03636656167059e-08,2.25037581171767e-08,1.16015498035311e-07,3.58196590871537e-08,1.05486209865259e-07,3.68730786913535e-08,2.0240835277322e-08,2.13538844673361e-08,3.19824762396501e-08,1.96440230580561e-08,2.87708348430248e-08,1.82115370201338e-08,1.91165501585244e-08,6.34874464763166e-09,1.71288042357425e-08,2.0093298886226e-08,1.74893779640503e-08,1.75915258772372e-08,5.01868952298451e-09,1.8908545357458e-09,1.81157914387949e-08,4.67511441371447e-09,1.86438290264749e-08,3.91389918176927e-09,1.36316283258377e-09,2.90860693865373e-09,3.99040814240702e-09,3.25414062911725e-09,5.2622356059986e-09,8.30930600603694e-10,2.41593784556773e-09,3.62420993490359e-09,2.50934315490842e-09,3.51301682122414e-09,4.35488938844091e-09,2.09574997890906e-09,2.58838966206528e-09,8.89996974122773e-10,2.67038795636193e-09,1.46195778724426e-09,2.30762275816634e-09,2.01685545247099e-08,5.52559962508043e-08,2.19265443837061e-08,3.53614822454009e-08,4.46240568305359e-08,2.59518558709744e-08,4.91694632836984e-08,2.01516624289599e-08,1.09077004259982e-08,4.23620935077195e-08,2.14668935049613e-08,3.69739655494345e-08,1.76847724892705e-08,1.01306043247624e-08,9.00376903082281e-09,1.83958474727455e-08,6.86986841485612e-09,1.40847329387031e-08,9.3511945418212e-09,7.70590884927418e-09,5.36891915923e-09,6.25814339720579e-09,9.62547578589816e-09,1.20956221595534e-08,7.20335172068166e-09,4.85805334630868e-09,2.91165047156853e-09,8.15103175352933e-09,5.57065301871124e-09,6.72154734813641e-09,4.34561412088229e-09,2.796982362622e-09,4.00135484060234e-09,5.47329456889162e-09,3.41960124235433e-09,5.32822750652277e-09,2.20309426525685e-09,2.58686970445769e-09,3.76120426937669e-09,2.09647849212497e-09,4.68422748816559e-09,3.97797149198726e-09,2.15008662596074e-09,2.86985415971004e-09,1.45333271018313e-09,3.77422153859951e-09,2.6852913313191e-09,3.70634932557978e-09
1.50573014160606e-08,4.33408818194097e-08,1.24089146964684e-07,3.96217062543927e-08,9.99397950596895e-08,9.07340885471428e-08,4.03507552202075e-08,1.14635312472597e-07,6.09059084847255e-08,9.24885270244992e-08,9.24473557743513e-08,7.16465041771675e-08,1.0653464264003e-07,5.57789201595636e-08,2.75229384177227e-08,8.5506276501055e-08,4.77456151751373e-08,7.4541350864148e-08,5.1224302154087e-08,2.52550628347527e-08,1.02316324564161e-08,4.33280008238394e-08,2.10324776550119e-08,3.78389035111285e-08,2.31165081541614e-08,8.69456570616047e-09,-1.51763392871185e-10,1.90063814431956e-08,7.55198551076565e-09,1.60851076297444e-08,7.31650880569991e-09,-9.12295650142745e-10,-1.47341644577279e-09,6.36808163612281e-09,-1.24726441340116e-09,6.88313312536171e-09,-1.63925802767865e-09,-1.72923492088106e-09,-3.28681326180909e-10,-2.0112018717829e-09,-2.35949516386144e-10,3.42314960597621e-10,-2.40061495885501e-09,-6.77131055456345e-10,-1.85204140501952e-09,-1.08142730820033e-09,-5.49796264396481e-10,-3.11185626020356e-10,9.78271576891552e-09,2.12344682535077e-08,5.61416514429474e-08,1.83466832909633e-08,4.68389367716457e-08,4.20989406021716e-08,1.91625857610688e-08,5.39294528967587e-08,2.30470502921478e-08,4.52994109649976e-08,4.51202136512284e-08,3.70920303909237e-08,4.91514676812344e-08,2.20295217478569e-08,9.39872087277827e-09,4.08782937365416e-08,1.43446579247068e-08,2.88743035602036e-08,2.03583139462093e-08,8.0596532737902e-09,2.47309578283463e-09,1.31194969676264e-08,5.48832930723691e-09,1.38691624252941e-08,7.68064975317946e-09,2.1744298834066e-09,1.70211905793689e-09,5.29886047724023e-09,4.6006598479339e-09,2.69473355097203e-09,1.83143010298166e-09,1.65364222923517e-09,9.12399845433624e-11,4.43575962774383e-09,7.58801934484607e-10,2.361508388906e-09,1.5608930581456e-09,-1.85343802293739e-10,1.30798467482465e-09,5.0577619415377e-10,7.27380115349116e-10,2.13103332014005e-09,-8.46076339868897e-10,9.66382768092602e-10,6.83047132490682e-10,-8.18346487285081e-11,1.14992175205593e-09,3.71621725077882e-10
6.27238069838363e-08,7.88391363067639e-08,3.96217062543927e-08,1.18020722174842e-07,5.76799298893241e-08,8.85525839922709e-08,7.40477033945655e-08,3.62934671609931e-08,2.12226888120154e-08,5.42040956653494e-08,3.16818228427019e-08,4.67732732023039e-08,3.28414068511003e-08,1.92301287207775e-08,1.87627074078856e-08,2.86537158291452e-08,1.72076162085204e-08,2.48075797052734e-08,1.64368163395304e-08,1.71765550322164e-08,5.79161067824866e-09,1.48395576107287e-08,1.86093708726561e-08,1.38170866933854e-08,1.49643772550489e-08,3.83182390900379e-09,1.53555843924038e-09,1.61169891044251e-08,4.42220936688024e-09,1.73970177692934e-08,3.21574920805766e-09,1.06126907860286e-09,-1.35393084449669e-09,3.78799525494457e-09,1.31931191064242e-09,3.59439020015065e-09,3.86828826492829e-10,-1.26560650192756e-09,4.18081235842677e-10,8.70544849592542e-10,-1.9479072665665e-10,3.06642844878023e-09,-1.1842214154986e-09,1.56740291080637e-10,-1.31989191100584e-09,-3.2170316000267e-10,-7.01677892749609e-10,-2.18024181544951e-10,3.55912524414496e-08,4.01550875932007e-08,1.94741007324973e-08,5.74481339983486e-08,3.04730351975167e-08,4.54024098685394e-08,3.59179890107713e-08,1.8234346428686e-08,7.72269988662921e-09,2.88372042413492e-08,1.65140734182812e-08,2.47633167868299e-08,1.59601561136361e-08,8.37011246583698e-09,6.56323299680078e-09,1.52102597379529e-08,5.37346354300952e-09,1.23955432525688e-08,7.38951087333579e-09,6.02477010505589e-09,2.35518546041574e-09,5.09712252862899e-09,7.88501354185363e-09,7.80025082013995e-09,6.01998418980439e-09,2.32335099920562e-09,2.37974835636334e-09,7.64011737048523e-09,4.01621416305233e-09,6.36609491783715e-09,2.23359279777213e-09,2.36160563471938e-09,1.66412578522093e-10,4.05978609371691e-09,1.09991017623691e-09,3.16954834654403e-09,1.90021601363173e-09,-1.26401905952447e-10,7.7551291833583e-10,6.13110885900872e-10,1.95590103490462e-09,2.4722250996445e-09,1.12029520701072e-10,8.29756126349289e-10,1.01610759134025e-09,2.07177811340886e-09,1.39103267739299e-09,2.14414128159773e-09
3.16800439606301e-08,1.22273156616649e-07,9.99397950596895e-08,5.76799298893241e-08,1.99612767356915e-07,1.1186865250091e-07,1.16005135916061e-07,9.24976965369371e-08,5.22948898097572e-08,1.85585559529917e-07,7.20539583302018e-08,1.5386459760381e-07,8.52714250057645e-08,4.67855345628918e-08,2.56268139646804e-08,6.44977363415967e-08,4.05488169231543e-08,5.54094671771289e-08,4.31437435907026e-08,2.29689839488492e-08,1.52282697025343e-08,3.64927969992459e-08,1.95279175768589e-08,3.26259751878554e-08,2.10164397503398e-08,1.32647385088378e-08,1.52036000311447e-09,1.74472391904121e-08,1.13773638907928e-08,1.51516635710882e-08,1.08698721513424e-08,6.07890007245599e-10,2.66560022298377e-09,9.95635029606773e-09,1.80816835050128e-09,1.150963811469e-08,9.17481236333784e-11,1.93075731242783e-09,2.9189517637862e-09,9.98673564094065e-10,4.11813866711752e-09,4.28924575175437e-09,8.79117428363719e-10,1.61054646760449e-09,9.81859929725359e-10,2.31731293936881e-09,2.12559848494962e-09,3.23833504790521e-09,1.99325597527899e-08,3.96248224241955e-08,4.66346555268828e-08,2.2809813292576e-08,7.87892815569468e-08,5.21843887490018e-08,3.88785771133618e-08,4.49729313198906e-08,2.14266362864132e-08,7.62934026047214e-08,3.88823707355745e-08,6.1968138945827e-08,4.02896953375718e-08,1.97577569823956e-08,9.52009316836288e-09,3.38210804149216e-08,1.26376252569211e-08,2.25469205320827e-08,1.83551368861553e-08,7.95553004006932e-09,5.9879922508556e-09,1.10862467119302e-08,5.95989049059133e-09,1.26440129674924e-08,7.46269031732682e-09,5.13221880932949e-09,2.92611808531931e-09,5.04187966611187e-09,6.8486972466349e-09,3.0590549133288e-09,4.04035455972126e-09,2.78017248203094e-09,4.34993894204e-09,6.38703834337417e-09,4.23577283154387e-09,7.38606161394937e-09,2.2635532818577e-09,3.05481269213447e-09,2.6557710993172e-09,2.87670660738039e-09,4.60436189102131e-09,5.10159847295922e-09,1.77678675419871e-09,1.43464396296661e-09,1.23851712623326e-09,2.60320207232032e-09,2.50924881327243e-09,3.37434217890406e-09
5.42076786144845e-08,5.76510218103883e-08,9.07340885471428e-08,8.85525839922709e-08,1.1186865250091e-07,1.49787118928238e-07,5.41370914714766e-08,8.35999775411705e-08,5.14138246865894e-08,1.0346685616594e-07,6.61894975349363e-08,8.13116311011607e-08,7.67853719375421e-08,4.62946805476304e-08,2.41925461771856e-08,5.9858694096209e-08,3.90269193777461e-08,5.01420488662392e-08,4.19236110046278e-08,2.2173629580288e-08,1.14672653992663e-08,3.50266479894012e-08,1.87966831257812e-08,2.99835265764935e-08,1.95312524106735e-08,9.17929193325882e-09,3.88252230591793e-10,1.60996937944325e-08,8.38262018198467e-09,1.3811973486329e-08,7.72198919853888e-09,-3.63005721026081e-10,-1.65047386318582e-09,7.17531809125036e-09,-7.18398048133608e-10,7.35992187944864e-09,-1.1246925687667e-09,-1.76423279040475e-09,5.92802066713784e-10,-1.39697055291928e-09,3.21861437196725e-10,1.95758311675769e-09,-2.4613558189467e-09,2.1827241204121e-11,-1.67978124600195e-09,-7.30869741894506e-10,8.4530487477893e-11,5.06239233155942e-11,3.32179350259161e-08,2.97934917791765e-08,4.13695140990929e-08,4.02463307296758e-08,5.93727291713505e-08,7.30676152093451e-08,2.8559775289147e-08,4.00819155588937e-08,1.73476597859399e-08,5.76014471721111e-08,3.03702640146787e-08,4.50582537209823e-08,3.58868637161788e-08,1.65710752146249e-08,7.10665025084819e-09,2.73730531839937e-08,1.05787749100818e-08,1.90914758208029e-08,1.48204756651321e-08,6.80686255404389e-09,2.68674344520059e-09,9.82166633513776e-09,3.97866752006679e-09,8.79863130731198e-09,6.69959122809829e-09,2.4393690029341e-09,2.01260982713129e-09,3.91802990307589e-09,5.94551606226463e-09,1.69240007710933e-09,2.00540233771572e-09,2.07695925335498e-09,-7.30069200988228e-11,5.76878472835794e-09,6.22194385457909e-10,4.07748131421522e-09,1.62123447010951e-09,-2.53303710534998e-10,1.22474688528465e-09,5.66765376033878e-12,1.25603018824519e-09,1.63447039067916e-09,-1.06587980314367e-09,1.01572246251757e-09,3.26355641818279e-10,2.02532801896192e-10,2.45652676953854e-09,1.37732297813542e-09
3.46354182715289e-08,1.42988446662933e-07,4.03507552202075e-08,7.40477033945655e-08,1.16005135916061e-07,5.41370914714766e-08,1.72919992579571e-07,4.6612618140923e-08,2.46048350392776e-08,1.41138793181966e-07,4.2258274249571e-08,1.32666802080674e-07,4.25952095884208e-08,2.20352602553416e-08,2.23741447062466e-08,3.80477663628901e-08,2.08223509728209e-08,3.43322667976415e-08,2.01124363506053e-08,2.0048575959013e-08,6.27440607636298e-09,1.8395600549515e-08,2.14283675857728e-08,1.84019810785413e-08,1.84467413751216e-08,4.92758011064825e-09,2.32431581938046e-09,1.93773230457184e-08,5.11663781408595e-09,1.98329629888388e-08,3.7990772114224e-09,1.74318209847283e-09,3.37503133332665e-09,4.37506703718537e-09,3.8348985220123e-09,5.84771596964122e-09,1.22474263653458e-09,2.9025561793318e-09,4.6538538348298e-09,3.12375303605113e-09,4.3553285001061e-09,5.36961249802248e-09,2.74134043881683e-09,3.64540817455098e-09,1.52306457129267e-09,3.56262507838346e-09,2.50881142825388e-09,3.29059455823957e-09,1.94182388311637e-08,4.91776852632459e-08,2.01444972055535e-08,3.17122986595857e-08,4.23421468384113e-08,2.40961201697659e-08,6.56631243361876e-08,2.63145484731782e-08,1.30918181597648e-08,5.54704206583325e-08,2.64260267582965e-08,5.26663301909867e-08,2.30654487350781e-08,1.20707110303803e-08,9.9642199312927e-09,2.32107252975239e-08,8.38612907686824e-09,1.90573753167413e-08,1.12160298495375e-08,8.37729445151532e-09,5.97454509618345e-09,7.88967665620623e-09,1.06050200202717e-08,1.25017318052313e-08,7.82385491541191e-09,5.43917568535297e-09,3.12334592492914e-09,9.14213061199271e-09,6.65104775535231e-09,7.30298608841728e-09,4.97664765030403e-09,2.96198145183533e-09,5.13428420607837e-09,6.58184486293541e-09,4.81260687651098e-09,6.8001750076967e-09,2.35470089675704e-09,3.75366013921583e-09,3.63897574030739e-09,3.28066113421137e-09,5.43928535696504e-09,4.11758007832709e-09,2.83362741220152e-09,3.22934210306392e-09,1.76636080361657e-09,4.50778795190044e-09,3.23566553947835e-09,4.19683493599216e-09
1.39848923712523e-08,4.03636656167059e-08,1.14635312472597e-07,3.62934671609931e-08,9.24976965369371e-08,8.35999775411705e-08,4.6612618140923e-08,1.29412272490125e-07,6.73904559127948e-08,1.04599883014152e-07,1.05112350678587e-07,8.158935834387e-08,1.19662082170906e-07,6.14111516268976e-08,3.01008214626102e-08,9.69990014647213e-08,5.24424479532547e-08,8.51135821092378e-08,5.65032650295313e-08,2.74712962831666e-08,1.12719125646029e-08,4.768755913663e-08,2.29415567907802e-08,4.16037914097756e-08,2.51721665209973e-08,9.54029641925613e-09,-4.11762145016621e-10,2.0774435345352e-08,8.1382028542571e-09,1.70376272314702e-08,8.07752867787966e-09,-1.2178422259834e-09,-1.60651828647934e-09,6.87235070365986e-09,-1.41111938801572e-09,7.50149546587593e-09,-1.83174751240649e-09,-1.76208773445583e-09,-4.71567806238868e-10,-2.04716929349338e-09,-4.47385960835053e-10,2.65153503675758e-10,-2.17981250464459e-09,-6.38180228509491e-10,-2.14646425335501e-09,-9.56873798806947e-10,-5.89511724475182e-10,-2.33196574749738e-10,8.87702609655829e-09,1.91691240269614e-08,5.39335099808453e-08,1.63790305167589e-08,4.52969314055941e-08,4.0681362211918e-08,2.2924631598503e-08,6.33653609247593e-08,2.86325890980843e-08,5.33150435570043e-08,5.40636306901246e-08,4.42919715980918e-08,5.7734543185175e-08,2.70068174521461e-08,1.06099214591222e-08,4.89602478725054e-08,1.86060776958818e-08,3.60807881657345e-08,2.46305111218012e-08,8.41778452207755e-09,3.47027519812395e-09,1.62508785795199e-08,6.32343184859748e-09,1.63785667618251e-08,8.03413689030368e-09,2.94306139216593e-09,2.18676133320982e-09,6.14875940992879e-09,5.29062380976658e-09,2.64068114346703e-09,2.58201578572789e-09,2.09976256152542e-09,1.01288070389083e-10,5.12837639402916e-09,1.61950289266033e-09,3.31284180337956e-09,1.98979115988291e-09,-4.3515927210458e-10,1.38926537712912e-09,9.9036455041993e-10,3.95932668769939e-10,2.32266761901835e-09,-4.5193501152534e-10,9.98936966216486e-10,7.75406063098279e-10,1.13607028683504e-11,1.10583547391663e-09,4.91050769126751e-10
1.3489628555025e-08,2.25037581171767e-08,6.09059084847255e-08,2.12226888120154e-08,5.22948898097572e-08,5.14138246865894e-08,2.46048350392776e-08,6.73904559127948e-08,1.37245696815136e-07,5.76366836338701e-08,1.1010510651564e-07,9.36705491421969e-08,6.14050395809627e-08,1.2549764254612e-07,5.68641593953471e-08,1.00517554872848e-07,1.01049757956905e-07,7.95852996500044e-08,1.15927217945544e-07,5.23942105923722e-08,1.59543002152802e-08,9.29977104551313e-08,4.36240493966019e-08,8.28729311929527e-08,4.89285717086979e-08,1.39102188263205e-08,8.49681585799575e-09,4.04955229438498e-08,1.11924708512916e-08,3.48033785427901e-08,1.24836836218441e-08,7.34324966411548e-09,-1.47479561720813e-09,9.72247617672310e-09,7.29656162778232e-09,7.58172699792339e-09,6.36400525270705e-09,-1.76167754411562e-09,5.17735835046877e-10,6.11399167044891e-09,5.25465126135891e-10,9.31218627283599e-09,-1.80559216540599e-09,4.3247032708911e-10,-1.77161019758167e-09,4.71610330495853e-10,3.3204819608228e-10,1.45015539055263e-09,6.73939540687656e-09,1.31427908339084e-08,2.81899576290479e-08,9.44885893745586e-09,2.58725134712402e-08,2.22233146299365e-08,1.46312976713631e-08,3.10888975747899e-08,6.66919995949604e-08,2.7790857205996e-08,5.30964203244099e-08,4.54541517215121e-08,2.82539205912292e-08,6.29649904532163e-08,2.18667242338052e-08,4.95707108734689e-08,4.32720067626506e-08,3.39594987336814e-08,5.78742275704422e-08,2.01196904529413e-08,9.4002229309693e-09,4.07699340679079e-08,1.64879120313155e-08,3.7920057589065e-08,1.8711904152806e-08,8.73099697260762e-09,7.36659214236454e-09,1.55032278906514e-08,7.66302319932566e-09,9.8341406687796e-09,8.31858245540017e-09,6.97293749459543e-09,9.20655831698169e-10,7.40963186220814e-09,7.50907086372883e-09,6.01610659289544e-09,5.95821754289164e-09,-6.38697109076689e-11,8.87097988778218e-10,5.45719041234241e-09,4.43855622335156e-10,7.23143572112298e-09,-1.99910529155399e-10,3.11980442102557e-10,3.3769611256181e-10,-5.41437132533316e-10,5.67735606687547e-10,1.12453379896121e-09
2.99579622549164e-08,1.16015498035311e-07,9.24885270244992e-08,5.42040956653494e-08,1.85585559529917e-07,1.0346685616594e-07,1.41138793181966e-07,1.04599883014152e-07,5.76366836338701e-08,2.18869698099342e-07,8.1462597304496e-08,1.84789637305446e-07,9.61052956469047e-08,5.14145722986752e-08,2.76982699255194e-08,7.30061372415598e-08,4.44944828460406e-08,6.32292272713717e-08,4.7563925841562e-08,2.45827130231903e-08,1.63205743112355e-08,4.02298552200273e-08,2.09224809144192e-08,3.54503892883877e-08,2.25104556354723e-08,1.41405558288396e-08,1.71809174285315e-09,1.87479582536703e-08,1.25442484009886e-08,1.65464102487393e-08,1.1706234470723e-08,7.52563018995586e-10,3.39327301739201e-09,1.10523828738972e-08,2.54218367343489e-09,1.33432680509238e-08,2.72830972910281e-10,2.73391384010223e-09,3.90905305111388e-09,1.8077701435943e-09,5.02713482977232e-09,5.4874237034428e-09,1.89539381529452e-09,2.57940521910173e-09,1.63073640485426e-09,3.44669926760685e-09,3.02505007973384e-09,4.41115382686224e-09,1.87370733807611e-08,3.8889664443996e-08,4.4971098563163e-08,2.20165525098128e-08,7.62772454926919e-08,5.04487756478105e-08,5.28936527515107e-08,5.36198367677419e-08,2.56800406206814e-08,9.48509109166969e-08,4.56463425441692e-08,7.96193543935501e-08,4.78696178408696e-08,2.35125699033568e-08,9.78129328936773e-09,3.9990446112267e-08,1.5217921627394e-08,2.88452055924266e-08,2.13173550061752e-08,7.15260100784640e-09,7.12188327806085e-09,1.27211677955044e-08,5.68268199597123e-09,1.31747894051682e-08,6.68976002334649e-09,5.93372038175048e-09,3.27091354427578e-09,4.81204800612276e-09,8.08316444792096e-09,2.5264530884147e-09,4.91003247497156e-09,3.07400014511838e-09,5.17284000880479e-09,7.6694014553119e-09,5.75868273461227e-09,9.58871485386349e-09,2.40979576600042e-09,3.90809500524323e-09,2.91358959345073e-09,3.89472837907145e-09,5.34646534081379e-09,5.20888347877902e-09,2.80958000195975e-09,1.86879709780453e-09,1.58718142351418e-09,3.39857094070671e-09,3.33445151606493e-09,4.43129184145254e-09
1.34175168979848e-08,3.58196590871537e-08,9.24473557743513e-08,3.16818228427019e-08,7.20539583302018e-08,6.61894975349363e-08,4.2258274249571e-08,1.05112350678587e-07,1.1010510651564e-07,8.1462597304496e-08,1.58026801836612e-07,1.25799632416694e-07,9.7000398929631e-08,1.00524921689061e-07,5.19117607893465e-08,1.45318636987111e-07,7.97252986505128e-08,1.19659761462355e-07,9.27442488448151e-08,4.77951523464887e-08,1.50617070487972e-08,7.31505361968785e-08,3.95293614755103e-08,6.34925505662906e-08,4.43629673996498e-08,1.30565260507809e-08,8.88753673685684e-09,3.64967608922279e-08,9.93746732702186e-09,3.07085962518569e-08,1.16475471512509e-08,7.64248732755978e-09,-1.84875015803402e-09,8.45350549025567e-09,8.30594004481829e-09,6.44522698459762e-09,5.92069252082188e-09,-2.23739546000849e-09,2.93446092945177e-10,6.49043705454582e-09,-1.09408827443572e-10,9.39559977968318e-09,-2.12520344741224e-09,3.98040588438913e-10,-2.36012950833168e-09,8.74213233816601e-11,2.10302480037914e-10,1.13718011176925e-09,6.94895437538463e-09,1.64659819515076e-08,4.38489253970308e-08,1.25348624802539e-08,3.51692439166579e-08,3.09065138572896e-08,1.99802370650379e-08,5.11540993510223e-08,5.6049601253674e-08,4.04800139014494e-08,8.15706749279612e-08,6.56505900945832e-08,4.65063430254236e-08,5.15981192648174e-08,2.05838448430978e-08,7.41960020030685e-08,3.35300870129261e-08,5.24510657110122e-08,4.76988547216717e-08,1.8676892112394e-08,7.65464686722456e-09,3.16062827434353e-08,1.54959325664703e-08,2.77265987471763e-08,1.74049180198507e-08,7.25288998906471e-09,8.69268734042125e-09,1.46234886258211e-08,6.29866012160226e-09,7.64935570223632e-09,6.82297112530814e-09,8.28452829623207e-09,6.99001601118938e-11,6.02322792711231e-09,8.89989459324251e-09,5.13904643610397e-09,7.02699872098897e-09,-1.22187234083274e-09,3.41861575714408e-10,6.46590480428804e-09,-1.01171898570051e-10,7.41938828376021e-09,-5.16238666709914e-10,2.40930962039392e-10,-8.22044668674253e-10,2.1102410301912e-10,3.68627585161668e-11,5.8135915409762e-10
2.79017539159214e-08,1.05486209865259e-07,7.16465041771675e-08,4.67732732023039e-08,1.5386459760381e-07,8.13116311011607e-08,1.32666802080674e-07,8.158935834387e-08,9.36705491421969e-08,1.84789637305446e-07,1.25799632416694e-07,2.4965284583604e-07,7.39474038639453e-08,8.42128864432923e-08,4.36818498434085e-08,1.13510715432955e-07,6.6005179476464e-08,9.13071884140188e-08,7.79574229155841e-08,4.00994280428621e-08,1.42210526255895e-08,6.05950152002583e-08,3.29703124218246e-08,5.25689098090847e-08,3.72080166625381e-08,1.22117140862671e-08,1.22384594537942e-08,3.04021810151695e-08,1.03611386826561e-08,2.69924590512662e-08,1.06611517937538e-08,1.0806097691772e-08,2.91500290429941e-09,8.81340530313836e-09,1.27736975760163e-08,8.16479302891855e-09,8.95721645521712e-09,2.44036532394493e-09,5.39618473433941e-09,1.10305016754373e-08,5.58230236244732e-09,1.53248118259594e-08,2.18010104114588e-09,4.24383510103322e-09,2.3676867300065e-09,4.88405103446152e-09,4.43170009419212e-09,6.25508546628264e-09,1.47120072809802e-08,3.10493117379036e-08,3.58909122650046e-08,1.69761572872936e-08,5.88250193998425e-08,3.97873869118957e-08,4.68226503653496e-08,4.33342471494642e-08,4.54404158874187e-08,7.51718965057363e-08,7.04476493191922e-08,1.09660935580195e-07,3.78446917306832e-08,4.10058115278645e-08,1.64518583855787e-08,6.25295133074955e-08,2.47129025427763e-08,4.25553432757774e-08,3.84534923552012e-08,1.45146077929129e-08,7.73076975876484e-09,2.34618023581242e-08,1.0542710049708e-08,1.94285868823186e-08,1.35434192536053e-08,7.41662181096787e-09,9.42863148209570e-09,9.95875807394658e-09,5.61381687557535e-09,4.42386229901655e-09,6.90645952069103e-09,8.85751090375091e-09,4.67036060864465e-09,5.39779705538398e-09,1.17687269972625e-08,9.20514347609233e-09,7.09683287129717e-09,3.74030848469623e-09,2.87774798083123e-09,9.18634623411065e-09,5.48517813297028e-09,9.57085304446877e-09,2.94941740827739e-09,2.73544359025773e-09,8.61096133497676e-10,4.33432018611541e-09,3.03514593903803e-09,4.55658057309267e-09
1.31516444423956e-08,3.68730786913535e-08,1.0653464264003e-07,3.28414068511003e-08,8.52714250057645e-08,7.67853719375421e-08,4.25952095884208e-08,1.19662082170906e-07,6.14050395809627e-08,9.61052956469047e-08,9.7000398929631e-08,7.39474038639453e-08,1.33280211137946e-07,6.69162676031037e-08,3.21740455835807e-08,1.08158406768609e-07,5.70479180812748e-08,9.51654695318176e-08,6.18396996665978e-08,2.94745365664836e-08,1.21833680971076e-08,5.22283335491228e-08,2.47835253152767e-08,4.60399685630208e-08,2.70240726712851e-08,1.03914482428911e-08,-3.59347887999738e-10,2.24683829924885e-08,9.2558579480497e-09,1.82106746329472e-08,8.64451374322328e-09,-1.17157132640852e-09,-1.89335283084869e-09,7.72003769204128e-09,-1.45683627848282e-09,8.088536677282e-09,-1.85658488354077e-09,-2.07106963501319e-09,-3.05552738577848e-11,-2.24862550591683e-09,-8.3835425734087e-11,7.02728530352942e-10,-2.48104397442048e-09,-4.21700501952262e-10,-1.81379682760033e-09,-9.15005875196004e-10,-3.26714310575175e-10,-1.13700408816842e-10,7.84177468062435e-09,1.88925294686146e-08,4.91646140743504e-08,1.55207660548308e-08,4.23231402172495e-08,3.73744559966357e-08,2.20509652651838e-08,5.77378725686219e-08,2.70085707758573e-08,4.99990582464996e-08,4.89683701409083e-08,4.08453137977882e-08,6.67537237447625e-08,3.06361099023584e-08,1.32473890748875e-08,5.70403759353032e-08,2.2533271940297e-08,4.44764854629059e-08,2.81456736527583e-08,1.09756276884281e-08,3.88565000058315e-09,2.0156957362529e-08,8.16530978547609e-09,1.95840016706194e-08,1.03807991191335e-08,3.30860686576956e-09,2.70745840685979e-09,7.83398903626892e-09,5.78142020506909e-09,4.67380265935233e-09,3.02500427138028e-09,2.61882220713243e-09,-4.55803376504617e-10,5.63730802732183e-09,1.34935094006417e-09,3.17924751651527e-09,2.45334180568059e-09,-9.77234414736488e-10,1.95330468324234e-09,7.56128801919676e-10,-4.48942256989411e-10,2.47240243753658e-09,-5.61236228423144e-10,1.26541086127394e-09,5.48445975778196e-10,8.79887803870276e-11,1.42271464244113e-09,5.71098443637325e-10
1.27019117795161e-08,2.0240835277322e-08,5.57789201595636e-08,1.92301287207775e-08,4.67855345628918e-08,4.62946805476304e-08,2.20352602553416e-08,6.14111516268976e-08,1.2549764254612e-07,5.14145722986752e-08,1.00524921689061e-07,8.42128864432923e-08,6.69162676031037e-08,1.40550257090171e-07,6.23115400668679e-08,1.11543082575477e-07,1.11487305061657e-07,8.74511460196366e-08,1.30006647251665e-07,5.75227329836186e-08,1.80387746177513e-08,1.02909679884525e-07,4.85664794006156e-08,9.24640396791613e-08,5.3503369949578e-08,1.57906823484284e-08,1.00696015699719e-08,4.48777443183751e-08,1.28086751912664e-08,3.83159743593887e-08,1.42185524241036e-08,8.84731248056287e-09,-1.51293272209483e-09,1.12206109585828e-08,8.82941752938086e-09,8.62504521123068e-09,7.82421807125228e-09,-1.63818518050109e-09,7.9858220359246e-10,7.70983659872127e-09,1.01139380238936e-09,1.11005474844368e-08,-1.70438723791879e-09,7.06300446463511e-10,-1.2742676389909e-09,8.81200381137485e-10,6.52468289758979e-10,1.88731598970631e-09,6.91838541155786e-09,1.05487034938337e-08,2.56425936524601e-08,8.09630530388596e-09,2.30392777037761e-08,2.00376716069848e-08,1.17193308880417e-08,2.82592465988432e-08,6.29674638406611e-08,2.47783706905309e-08,4.95787344677127e-08,4.16875702771032e-08,3.14833116524977e-08,7.27049905959462e-08,2.30998458312149e-08,5.52218252308146e-08,4.89085791090456e-08,3.66324744462906e-08,6.64778787690165e-08,2.11593261827278e-08,9.82457732401557e-09,4.56254580472838e-08,1.95986491972453e-08,4.36005052451885e-08,1.94156707616519e-08,9.03692388781947e-09,8.81004183611268e-09,1.82259720158569e-08,7.71386514280157e-09,1.21912209016221e-08,8.69521256438492e-09,8.33210469144827e-09,1.85180986462744e-09,7.42348277551300e-09,7.98560312794017e-09,5.9404506688241e-09,7.29510587196423e-09,1.11498082754622e-09,7.05947924137905e-10,6.02132931425251e-09,1.28839454256431e-09,8.31391655670893e-09,1.08470815116602e-09,8.79310795979243e-11,6.93816105171076e-10,4.85756122897108e-10,4.24935747227826e-10,1.99614353309117e-09
6.07898145840718e-09,2.13538844673361e-08,2.75229384177227e-08,1.87627074078856e-08,2.56268139646804e-08,2.41925461771856e-08,2.23741447062466e-08,3.01008214626102e-08,5.68641593953471e-08,2.76982699255194e-08,5.19117607893465e-08,4.36818498434085e-08,3.21740455835807e-08,6.23115400668679e-08,1.7483426925378e-07,5.69074687890937e-08,1.31498214308178e-07,1.24005149821766e-07,5.75050307879747e-08,1.60831498827304e-07,6.71131009964112e-08,1.20768035176399e-07,1.23373525817578e-07,8.75381255335938e-08,1.51023926114063e-07,6.14941791877786e-08,2.89284157065871e-08,1.15050535898706e-07,4.99430371771544e-08,1.00407988580483e-07,5.69987021890117e-08,2.65602561905459e-08,1.89572469751076e-08,4.65480175380799e-08,2.31281104995379e-08,4.08140175625266e-08,2.3944561520606e-08,1.73324315116475e-08,5.95608457091582e-09,2.04513983022788e-08,2.10902563533534e-08,1.89384463135303e-08,1.55820678643948e-08,5.36767741432814e-09,2.7764298365698e-10,1.91918824796972e-08,5.93621416955252e-09,2.08053929412543e-08,6.6919185244915e-11,6.54915584327656e-09,9.48335527592041e-09,6.40605594170043e-09,9.83711216340664e-09,7.54373220573555e-09,5.21080595904889e-09,1.01103062942606e-08,2.30976086892384e-08,8.76001306623596e-09,1.86450209364291e-08,1.78100924849477e-08,1.19515732244092e-08,2.73100914679657e-08,6.78518032547197e-08,2.32869684591427e-08,4.92960577443424e-08,4.8697561954452e-08,2.46261790980748e-08,6.11129538043338e-08,2.35258584436841e-08,4.40283730078562e-08,4.97844297431406e-08,3.43153622256431e-08,5.78630469928337e-08,2.150738207442e-08,8.97484928640034e-09,4.63401503893504e-08,1.33328221166691e-08,3.06416178137989e-08,1.95612867797515e-08,7.96095155387692e-09,2.6557166540938e-10,1.25321874807134e-08,6.38964706678457e-09,1.15567827065358e-08,7.23988773762384e-09,1.86205268761422e-09,2.7815287896349e-09,5.84581241249355e-09,2.76471007632327e-09,9.22519608730013e-09,2.87586777598428e-09,1.62600696669808e-09,1.71909089797986e-09,2.71303955421701e-09,2.72539733920518e-09,5.71816096296901e-09
1.2599879793114e-08,3.19824762396501e-08,8.5506276501055e-08,2.86537158291452e-08,6.44977363415967e-08,5.9858694096209e-08,3.80477663628901e-08,9.69990014647213e-08,1.00517554872848e-07,7.30061372415598e-08,1.45318636987111e-07,1.13510715432955e-07,1.08158406768609e-07,1.11543082575477e-07,5.69074687890937e-08,1.64102900580663e-07,8.73815270693327e-08,1.34180773826929e-07,1.02966025870875e-07,5.24680096805666e-08,1.63069186774041e-08,8.04378705763963e-08,4.36663780608899e-08,7.05830925294688e-08,4.8520246488245e-08,1.41535818299999e-08,9.91858085405272e-09,4.01250714682193e-08,1.09231779370421e-08,3.35733596934113e-08,1.26026915264177e-08,8.57416346991362e-09,-1.82849376613462e-09,9.30058811805383e-09,9.89999140710316e-09,7.38231627282481e-09,6.85029495218238e-09,-2.21041986761457e-09,1.03875784992462e-09,8.00164093715157e-09,5.55723494645153e-10,1.11322133986262e-08,-2.03373311352087e-09,1.1335959369708e-09,-1.75120017910456e-09,7.34286292744321e-10,9.81447049245614e-10,1.8045317897875e-09,7.08191140118339e-09,1.51424929867119e-08,3.94134763115101e-08,1.21882259688577e-08,3.15188691910942e-08,2.74457499568288e-08,1.83554190899809e-08,4.65091381692078e-08,5.15996670184626e-08,3.66380388621055e-08,7.42039572062296e-08,5.94452968355708e-08,5.36805337592734e-08,5.87416449685498e-08,2.29060751209397e-08,8.55346559938096e-08,3.77238776309424e-08,6.15037493512476e-08,5.37440779082184e-08,2.08266189288203e-08,8.02936447320242e-09,3.50213243524702e-08,1.81173492634486e-08,3.16388384731583e-08,1.91267019893284e-08,7.51316536286918e-09,9.93390060226386e-09,1.68535824301934e-08,6.69914559450071e-09,1.02440924829996e-08,7.11125425843292e-09,9.4079879548612e-09,8.87444242289747e-10,6.45968224101834e-09,8.73275930566218e-09,5.24216558921688e-09,8.20527886452933e-09,-3.40168220656212e-10,6.21469080157799e-10,6.3954227831023e-09,8.34797650300109e-10,8.29413882451312e-09,5.07576791140015e-10,4.632930048667e-10,-4.37253125952576e-10,1.48291278920305e-09,1.76391748706208e-10,1.5522328247605e-09
1.22319619128341e-08,1.96440230580561e-08,4.77456151751373e-08,1.72076162085204e-08,4.05488169231543e-08,3.90269193777461e-08,2.08223509728209e-08,5.24424479532547e-08,1.01049757956905e-07,4.44944828460406e-08,7.97252986505128e-08,6.6005179476464e-08,5.70479180812748e-08,1.11487305061657e-07,1.31498214308178e-07,8.73815270693327e-08,1.92346119238179e-07,1.60757773062467e-07,1.0290346226743e-07,1.20783135838893e-07,5.59303454994723e-08,1.7656924938254e-07,8.64841072687426e-08,1.36391926963046e-07,1.12822774854459e-07,5.15216618971335e-08,2.39356519855363e-08,8.0241420500834e-08,4.19735797948084e-08,6.80409775525308e-08,4.78382035721264e-08,2.17316074933638e-08,1.92301237715208e-08,3.87080335155468e-08,1.83391789608877e-08,3.31848179120343e-08,1.93588007942842e-08,1.75687641804253e-08,4.17672912911468e-09,1.58041929092046e-08,2.08846145868821e-08,1.57988315205502e-08,1.50204101351472e-08,3.16893375798959e-09,-1.53378139635024e-10,1.82095796136069e-08,3.93052999803285e-09,1.9691040355961e-08,5.85137529474582e-09,9.71620735034632e-09,2.17140389582543e-08,7.19270792661402e-09,1.90636473540658e-08,1.58338629401747e-08,9.642104892989e-09,2.45920431050884e-08,4.89554839132025e-08,1.9299879118859e-08,3.88800382573891e-08,3.14264741431165e-08,2.67011233445771e-08,5.47673934185395e-08,4.91101999070081e-08,4.29420940898726e-08,8.00787813806275e-08,6.61924701331347e-08,5.1509441614089e-08,4.49158545043535e-08,1.94334762066323e-08,7.48963935995777e-08,3.10932144775657e-08,6.1088670965676e-08,4.17855705876405e-08,1.77618707159708e-08,9.39737811336144e-09,2.85754517283346e-08,1.2483852399347e-08,1.97544541051563e-08,1.63268547054926e-08,8.58305482558118e-09,2.72803225938322e-09,1.15925000992715e-08,8.54701170182573e-09,1.25955312194519e-08,8.18095051811022e-09,3.18201319656096e-09,6.86642238127116e-10,7.6074163486574e-09,3.75869222354469e-09,8.84917883799283e-09,2.79222104520307e-09,-8.7045189345709e-10,1.52322543007088e-09,2.45541127482151e-09,1.83505789037263e-09,5.44696844015963e-09
1.09178170989452e-08,2.87708348430248e-08,7.4541350864148e-08,2.48075797052734e-08,5.54094671771289e-08,5.01420488662392e-08,3.43322667976415e-08,8.51135821092378e-08,7.95852996500044e-08,6.32292272713717e-08,1.19659761462355e-07,9.13071884140188e-08,9.51654695318176e-08,8.74511460196366e-08,1.24005149821766e-07,1.34180773826929e-07,1.60757773062467e-07,2.21745393369321e-07,8.05250433298372e-08,1.13538822808466e-07,5.15421113362283e-08,1.47137624612253e-07,7.83801217057604e-08,1.08943591034807e-07,1.05861463373464e-07,4.72434972857665e-08,2.12481486126086e-08,7.24870060580153e-08,3.7425112984499e-08,6.01775480810899e-08,4.35252151411874e-08,1.90672321462852e-08,1.93333838239701e-08,3.42967710137153e-08,1.56548141286388e-08,2.91872366217289e-08,1.69469364668663e-08,1.77776742741931e-08,4.79548609726051e-09,1.3376240318054e-08,2.21648069007494e-08,1.32516545490413e-08,1.5851962713273e-08,4.20373331246008e-09,3.23874877489082e-11,2.00762484999845e-08,4.65555942948714e-09,2.1376173002289e-08,6.57129816661075e-09,1.45303078167046e-08,3.39269882060357e-08,1.2331568782596e-08,2.55204896994906e-08,2.31996911387796e-08,1.73615456999296e-08,4.20546888770294e-08,3.84430240411365e-08,2.99157000095897e-08,6.23905338500825e-08,4.83762652384403e-08,4.8311276650766e-08,4.29394658424432e-08,4.76066484237431e-08,7.20294475043319e-08,6.47757370776543e-08,9.86195277848924e-08,4.04032050924097e-08,4.32301098083747e-08,1.70916006618745e-08,6.06374093640271e-08,2.97142724788282e-08,4.8531042930065e-08,4.01071295508045e-08,1.56768030122657e-08,9.27184781378576e-09,2.73523580757509e-08,1.16188952151018e-08,1.89847459711559e-08,1.41203863187442e-08,8.57180608520289e-09,7.61096351215796e-10,1.08010480540434e-08,6.58549011384054e-09,9.84295322806478e-09,8.16603892870846e-09,1.0934747674293e-09,1.49654386300698e-09,6.30566049612995e-09,1.86091077749551e-09,8.78446816936925e-09,2.53938981290156e-09,6.36811603807911e-10,9.26308235608217e-10,2.86752412374085e-09,1.92784012635652e-09,5.75159486882148e-09
1.14837756633015e-08,1.82115370201338e-08,5.1224302154087e-08,1.64368163395304e-08,4.31437435907026e-08,4.19236110046278e-08,2.01124363506053e-08,5.65032650295313e-08,1.15927217945544e-07,4.7563925841562e-08,9.27442488448151e-08,7.79574229155841e-08,6.18396996665978e-08,1.30006647251665e-07,5.75050307879747e-08,1.02966025870875e-07,1.0290346226743e-07,8.05250433298372e-08,1.50529985944891e-07,6.32091704545115e-08,1.95270546164878e-08,1.19841805239369e-07,5.30291714291892e-08,1.06661888128847e-07,5.87951711004139e-08,1.72019077042814e-08,1.20527311499156e-08,4.90140837804369e-08,1.4187016143028e-08,4.20095504276856e-08,1.54812279863949e-08,1.06805620079286e-08,-9.05843912815097e-10,1.24799041232512e-08,1.04376564561803e-08,9.95996712123078e-09,8.88727644807277e-09,-9.81677302008217e-10,1.87186987516146e-09,8.59013800204303e-09,1.64733465556735e-09,1.21933104950833e-08,-1.01424990668717e-09,1.6764729862722e-09,-1.45536352750252e-09,1.51138521034082e-09,1.91223568344888e-09,3.06960579951754e-09,6.18863063805589e-09,9.61748563661707e-09,2.28231150343395e-08,7.00426860383586e-09,2.0504532259042e-08,1.79588860277564e-08,1.06894485869644e-08,2.52615315388743e-08,5.79038807181316e-08,2.19758626204459e-08,4.50039730448913e-08,3.73868373122287e-08,2.82507874433332e-08,6.64954418983883e-08,2.11695318247017e-08,4.98311587182625e-08,4.56465029761036e-08,3.37554195005008e-08,8.02858500102525e-08,2.5683873253759e-08,1.01639982634357e-08,5.74646796341451e-08,2.28833158950399e-08,5.16815081980325e-08,2.35104005954492e-08,9.35745292839203e-09,1.2070381613875e-08,2.12189808672303e-08,8.95363543215822e-09,1.37973550722687e-08,8.97233257297744e-09,1.14349683048366e-08,1.94317968100765e-09,8.73732722008395e-09,8.99869527492987e-09,6.41872957349359e-09,9.30000903366589e-09,1.39458973011249e-09,2.45596432673597e-09,5.940452403277e-09,2.35336878968541e-09,9.05740768019604e-09,1.50868613079283e-09,1.73270966243937e-09,2.01547366244263e-09,1.55358568247643e-09,2.89521421467216e-09,3.78459092198881e-09
