1.09447984723733e-07,5.17226063249465e-08,2.42225266390552e-08,8.48434404314285e-08,4.7722184633708e-08,7.74303108009969e-08,4.65387238305639e-08,2.05248380082731e-08,2.35004936204966e-08,4.23826307863137e-08,2.0784652124375e-08,4.42835226527318e-08,1.91009376636235e-08,2.12341493299595e-08,1.27214010503462e-08,1.93936821825498e-08,2.30040696369959e-08,2.00938700048912e-08,1.95428706072883e-08,1.17214293327501e-08,8.77229217333471e-09,2.09819381780076e-08,1.22544934440024e-08,2.01239575112188e-08,1.13634678242386e-08,8.50013628248329e-09,5.89335086345042e-09,1.18280509463268e-08,8.37956543241088e-09,1.14564709372662e-08,8.3238928405426e-09,5.7366744234922e-09,5.52666110112298e-09,8.15195122228878e-09,7.49085426420704e-09,9.73827284157311e-09,5.43305833390675e-09,4.83056509909622e-09,5.5480021236353e-09,6.96027407501405e-09,7.65361234060156e-09,9.32840619129931e-09,4.18563011892116e-09,4.57417174815767e-09,4.83045752183921e-09,6.5359519011754e-09,5.75097803271545e-09,7.29015022029714e-09,8.45299566081732e-08,3.27113620814268e-08,1.94728269092871e-08,5.76334870929013e-08,3.40971077339418e-08,5.50257468205271e-08,2.91920542666687e-08,1.66011301701127e-08,1.49846447294019e-08,2.90214404274569e-08,1.54749368898855e-08,2.9766040698677e-08,1.54347466062173e-08,1.52825853402079e-08,1.08496261572394e-08,1.46132575598265e-08,1.79879731883002e-08,1.58198491704637e-08,1.4970641016512e-08,9.87172519580352e-09,5.55608630725518e-09,1.70056685569143e-08,8.2218003997375e-09,1.42708085552206e-08,9.62770474641329e-09,5.5993545832644e-09,4.26045272798418e-09,8.18641871996074e-09,5.3291148295858e-09,7.47770053371893e-09,5.6813133085291e-09,4.77727601466823e-09,2.8153641418015e-09,5.75104285051028e-09,5.88136254913307e-09,6.65634557204673e-09,4.59356565763803e-09,2.81308586651773e-09,4.40209456345285e-09,5.71593041342001e-09,5.25872165435619e-09,8.75256535830971e-09,2.70062401076569e-09,4.00600836763658e-09,3.85941140464497e-09,4.65748208131528e-09,5.07068097445459e-09,5.52439002480328e-09
5.17226063249465e-08,1.94564524351957e-07,5.55222805059554e-08,9.39538681897275e-08,1.71858623593938e-07,7.52700501241304e-08,1.77903973238765e-07,4.76477406193677e-08,2.81562351217547e-08,1.56288135236221e-07,4.58112506766715e-08,1.490523182445e-07,4.26280590997934e-08,2.39364133165892e-08,2.83476811247262e-08,4.13406717643939e-08,2.7719452372188e-08,4.15830949596303e-08,2.07174292782666e-08,2.62961256297231e-08,1.81102363141899e-08,2.4101469712373e-08,3.02987811074675e-08,2.23786581622647e-08,2.50332726162414e-08,1.7291282507904e-08,1.30761924989062e-08,2.87930899653792e-08,1.80784758507057e-08,2.96264780048113e-08,1.6938307923433e-08,1.28744142245368e-08,1.12440588499324e-08,1.77204702424086e-08,1.3835993127222e-08,1.7384312193353e-08,1.14150341160458e-08,9.91550663588171e-09,7.58369552396731e-09,1.21694181433976e-08,1.2774934038645e-08,1.40816863865817e-08,9.02205854165358e-09,7.12651366663597e-09,6.97397891109202e-09,1.1142820352348e-08,8.777869453115e-09,1.27867048755117e-08,4.07703821604555e-08,9.16385772117608e-08,4.07821510072165e-08,5.87135912358073e-08,8.59225978696157e-08,4.92415538727231e-08,9.02146001930782e-08,3.51692236008471e-08,1.83940064705506e-08,7.70425562207387e-08,3.31991641614671e-08,7.34439646043281e-08,3.1765650444074e-08,1.5665356438592e-08,2.08664025825089e-08,3.07012596644492e-08,1.85245947890063e-08,2.97907282954592e-08,1.39515431263644e-08,1.87833588366575e-08,1.3285987359843e-08,1.68335441173478e-08,2.1123373080768e-08,1.65108547823678e-08,1.71869020244448e-08,1.22473958715235e-08,7.94622406930839e-09,1.91635443533069e-08,1.17103591794005e-08,1.89647277252043e-08,1.27150214777308e-08,8.08212488652266e-09,8.14346889814196e-09,1.20937510587076e-08,1.08494432985358e-08,1.2011511978966e-08,6.49688125177274e-09,7.36000962450773e-09,4.26646627932591e-09,9.68578869548431e-09,7.5166920336743e-09,9.03536037165249e-09,7.41315306998296e-09,4.38835482295183e-09,4.45788059180063e-09,6.83533037626608e-09,6.27133591076335e-09,9.69743621855923e-09
2.42225266390552e-08,5.55222805059554e-08,1.32446444256223e-07,4.86837439649029e-08,9.52206094029752e-08,8.28709464801486e-08,4.7682544129161e-08,1.11873550046524e-07,4.94111056183324e-08,8.10666499749229e-08,8.68891394577736e-08,6.71464882396863e-08,1.018221848553e-07,4.52531191113099e-08,2.20411248890201e-08,7.98537881293615e-08,4.35241728529671e-08,7.60623405721011e-08,3.95352084525256e-08,1.98083216332367e-08,1.77989567138079e-08,3.78546185033362e-08,2.07969949345818e-08,3.55724479275487e-08,1.80946825998785e-08,1.65230369429105e-08,8.78313092976213e-09,1.8956758900565e-08,1.85614775441809e-08,1.94759321301901e-08,1.59417078342701e-08,8.3430057603819e-09,6.93288366222269e-09,1.76405603584973e-08,1.03020366516503e-08,1.76125690777284e-08,8.12258901186937e-09,5.86788787884715e-09,6.10196421500216e-09,9.21973174185879e-09,7.95932878239634e-09,1.19603423207229e-08,5.82938833963491e-09,5.31665236490011e-09,6.25542675366247e-09,7.39265575222202e-09,6.50384942425475e-09,8.93206322096995e-09,1.59628424945158e-08,3.06863040604003e-08,8.79292326877343e-08,2.56275018879155e-08,6.45339341778018e-08,5.01541357908782e-08,3.21632722911437e-08,7.65499079133453e-08,3.04754370192568e-08,5.49910720639812e-08,5.61325073766596e-08,4.20318511703624e-08,6.93318946340007e-08,3.00662698292183e-08,1.61230518874281e-08,5.31271865127813e-08,2.96199265219779e-08,5.01842460539212e-08,2.86958141972181e-08,1.50904113372042e-08,1.36049536250297e-08,2.86535793315498e-08,1.63223054288425e-08,2.75405181170697e-08,1.19534739716351e-08,1.25000660314001e-08,7.32903188090955e-09,1.36932772511471e-08,1.25161539950584e-08,1.28379007037373e-08,1.20004593088588e-08,6.94779937336225e-09,5.50728530134882e-09,1.1849251318432e-08,8.94952356438496e-09,1.05238703181048e-08,6.83018104144075e-09,5.26853167936557e-09,4.73802664655135e-09,9.14354184687945e-09,5.44490573488802e-09,1.08738736798794e-08,4.79834489126768e-09,4.4526943442938e-09,5.11326259329187e-09,4.82130770384583e-09,4.56173892900191e-09,6.36730493751406e-09
8.48434404314285e-08,9.39538681897275e-08,4.86837439649029e-08,1.37689141555348e-07,7.55698320672103e-08,1.09750185790742e-07,8.34968389925567e-08,4.14499623319996e-08,2.50495554253177e-08,6.59636336642988e-08,3.8776372482932e-08,6.39536789829077e-08,3.76547715880147e-08,2.23785454264177e-08,2.53933136274287e-08,3.54898583295685e-08,2.49856509152517e-08,3.56332459637943e-08,1.96565799038884e-08,2.37936719592037e-08,1.39865859582517e-08,2.23820710346233e-08,2.62444487503321e-08,2.11524269791962e-08,2.25032577049873e-08,1.3221022515379e-08,9.00762280783004e-09,2.47206394811727e-08,1.42785844894486e-08,2.48893485077473e-08,1.29298281317479e-08,8.81629147683139e-09,7.23306537651424e-09,1.39312786946495e-08,9.85699444805218e-09,1.33568945535203e-08,8.36672596105285e-09,7.11727168995366e-09,5.84249024940331e-09,9.44284091764913e-09,1.04133749602218e-08,1.23377875984267e-08,6.4926183414033e-09,5.34972381506976e-09,6.14609780315708e-09,9.44737443306821e-09,7.2720815158315e-09,1.10442380308459e-08,6.61246933477619e-08,5.35448765524638e-08,3.56062252095332e-08,8.70688687126641e-08,4.96506779740001e-08,7.44724545124119e-08,5.38913584841681e-08,3.10149169727984e-08,1.65637520960252e-08,4.39174664233569e-08,2.62447356273768e-08,4.26610702037832e-08,2.83297906106412e-08,1.57772285784049e-08,1.97271194203876e-08,2.45360702601339e-08,1.88725767030093e-08,2.58240847106302e-08,1.3984016340804e-08,1.94350223947548e-08,9.35986935996119e-09,1.78595483554909e-08,1.83532392046615e-08,1.55475500291508e-08,1.6755762017679e-08,9.07762394228519e-09,5.14832522332254e-09,1.61276668819353e-08,8.94388033648612e-09,1.42390729852491e-08,9.00287742885031e-09,5.26121646329147e-09,4.88284965119505e-09,9.06655613348718e-09,6.08176148369812e-09,6.69993248776407e-09,5.10209802915525e-09,5.10862071485463e-09,4.7221571523029e-09,6.2492561273566e-09,7.00073102717335e-09,9.6141237056812e-09,5.0975960366358e-09,4.46868298911209e-09,4.66936933765781e-09,6.65355255856572e-09,5.6995977598286e-09,8.50112815959163e-09
4.7722184633708e-08,1.71858623593938e-07,9.52206094029752e-08,7.55698320672103e-08,2.41534142207607e-07,1.17794403171744e-07,1.56306328561381e-07,8.10386816492313e-08,4.3657136681019e-08,2.16810615024023e-07,6.65967985269704e-08,1.90244094577278e-07,7.31082442657222e-08,3.8769282231692e-08,2.34195379946807e-08,6.05536481132221e-08,3.86408378147372e-08,5.79975785846187e-08,3.37364016706603e-08,2.07799826533958e-08,2.41272896017348e-08,3.30570988878567e-08,2.52858560688838e-08,3.19346430704553e-08,1.95961802295942e-08,2.28351294644534e-08,1.32381305215244e-08,2.38117101912153e-08,2.44933724914952e-08,2.33093041092152e-08,2.23345087432911e-08,1.30115200862473e-08,1.06782190570453e-08,2.39615925221482e-08,1.4233706304524e-08,2.29663865726962e-08,1.23362005879082e-08,9.40433612818907e-09,9.56133680278874e-09,1.31728222350801e-08,1.28551679374369e-08,1.66716832689519e-08,9.21927751683256e-09,8.98603643493527e-09,7.84050878757266e-09,1.19032077329618e-08,9.23454259573413e-09,1.29358154358592e-08,3.72474773667267e-08,7.94845731327907e-08,6.5956129245023e-08,4.68064764628538e-08,1.28677804727135e-07,7.73233785933512e-08,7.82361571285091e-08,5.64711856843993e-08,2.5063245516748e-08,1.13890169905736e-07,4.340032794268e-08,9.62263297719664e-08,5.16483441412879e-08,2.31715619190407e-08,1.85481992624353e-08,4.09903328741378e-08,2.4551597367711e-08,4.06355520578261e-08,2.19031372695547e-08,1.58018218718482e-08,1.93919810040436e-08,2.33823646939323e-08,1.92567402232089e-08,2.3277390967662e-08,1.42607584095675e-08,1.7608891590986e-08,8.73631998454326e-09,1.75034486281298e-08,1.68200496791476e-08,1.52013526217469e-08,1.757865378057e-08,8.92789451993986e-09,8.51091021048996e-09,1.68841395073969e-08,1.19697137806664e-08,1.52855781668859e-08,8.0146912487224e-09,7.72512279025048e-09,6.58212119505312e-09,1.14649200774077e-08,7.48935973862172e-09,1.08621171648443e-08,7.77933466861573e-09,7.12473659433679e-09,6.93133417772834e-09,7.23218080259856e-09,7.72153787500272e-09,9.74672841489659e-09
7.74303108009969e-08,7.52700501241304e-08,8.28709464801486e-08,1.09750185790742e-07,1.17794403171744e-07,1.61380688428467e-07,6.58859016545067e-08,6.93266700208973e-08,3.89263869825621e-08,1.02365404416357e-07,5.69231243494014e-08,8.88114348758271e-08,6.28574235517562e-08,3.5499713123525e-08,1.83049162435439e-08,5.22157787901724e-08,3.40860330015283e-08,5.01917777039707e-08,3.1202407681592e-08,1.64269377915658e-08,1.91529572921806e-08,2.98358692503611e-08,1.91287649864958e-08,2.95287483294758e-08,1.52154792672119e-08,1.7942330949379e-08,1.06157944088848e-08,1.76283204903651e-08,1.96334765930729e-08,1.85741383533293e-08,1.76788325239345e-08,1.04269142650095e-08,7.7001654003248e-09,1.92481883388358e-08,1.15975864424356e-08,1.8726001488656e-08,1.01704031065162e-08,7.27638699445228e-09,6.88999117662983e-09,1.11367897115264e-08,1.03782777561724e-08,1.44025771451451e-08,7.30177253797413e-09,6.40168388633550e-09,6.22330424014783e-09,9.86547361673259e-09,7.84188448513812e-09,1.13635698308463e-08,5.98202908651815e-08,4.51663984167296e-08,5.40158024138574e-08,6.62975986040526e-08,8.08543555558516e-08,1.08052468649761e-07,4.48109058998023e-08,4.65705655159603e-08,2.35978908055507e-08,7.06898515812342e-08,3.38880021154801e-08,5.94975821299462e-08,4.25036970283004e-08,2.35278622552289e-08,1.64967201460787e-08,3.25233960713408e-08,2.44655033428609e-08,3.36757802200068e-08,2.1999128882966e-08,1.47435415000921e-08,1.3787256062177e-08,2.39250422243986e-08,1.59183294506053e-08,2.32516881969927e-08,1.22349059556207e-08,1.30803222582012e-08,7.37217073834797e-09,1.39632246634322e-08,1.25837362754625e-08,1.24071403385822e-08,1.25032588738963e-08,7.66483943288796e-09,4.6022832200847e-09,1.23351349793799e-08,6.42513063029762e-09,9.55576748121785e-09,7.26855374266607e-09,4.47875015921946e-09,5.18067383788004e-09,6.34732626795368e-09,6.66887526273906e-09,1.00398760828285e-08,5.13595059033506e-09,5.8905709055796e-09,5.74560126784595e-09,7.27230452882943e-09,6.41221664420106e-09,8.71211291484895e-09
4.65387238305639e-08,1.77903973238765e-07,4.7682544129161e-08,8.34968389925567e-08,1.56306328561381e-07,6.58859016545067e-08,2.2550686193361e-07,5.66087389340089e-08,3.22813727749807e-08,1.93008342315089e-07,5.63162622979926e-08,1.90560404326325e-07,5.07828421423968e-08,2.78795916010839e-08,3.2110966100998e-08,5.10226896212764e-08,3.29909079433845e-08,5.09466568502009e-08,2.44596337649455e-08,2.89281503744041e-08,2.05919476358096e-08,2.84986532220463e-08,3.27300652548841e-08,2.5435031971684e-08,2.7262030658555e-08,1.89503273865638e-08,1.38506861959951e-08,3.09467121670664e-08,1.95175531087448e-08,3.18330988081292e-08,1.85454766397426e-08,1.36878984870142e-08,1.33982349351452e-08,1.91299388205357e-08,1.53813766543136e-08,2.02039617750312e-08,1.22665554362013e-08,1.20717576059753e-08,9.41870561851215e-09,1.37548485271283e-08,1.58306846541805e-08,1.59357390061638e-08,1.10283497561711e-08,8.88093746452167e-09,7.55712853628595e-09,1.41753794352125e-08,1.02949448274429e-08,1.50350452856588e-08,3.87657675812031e-08,9.02235873778903e-08,3.51617639457359e-08,6.03663669062122e-08,7.70584306055785e-08,4.52605526945316e-08,1.18860660409072e-07,3.93020467435901e-08,2.372884392999e-08,1.04166636124916e-07,3.99294749916304e-08,1.04501214845509e-07,3.49352781694539e-08,2.07687514432238e-08,2.120568751392e-08,3.65423715847161e-08,2.48752710746814e-08,3.57986549766243e-08,1.8549534314885e-08,2.03434218901528e-08,1.47729173526192e-08,2.2075319487668e-08,2.27241007420047e-08,1.98003039862436e-08,1.83561664840751e-08,1.39298080502977e-08,8.81631505968489e-09,2.05219957511936e-08,1.3679287242086e-08,2.11303601604022e-08,1.3806474708031e-08,8.97934155770897e-09,9.26512306664706e-09,1.34995522795054e-08,1.1919497632166e-08,1.33271123859136e-08,7.44732721415827e-09,8.51469134625096e-09,5.94676018059528e-09,1.08240757874464e-08,1.12666316074347e-08,1.08055808193968e-08,8.17462451054693e-09,5.58842355341652e-09,5.62875381145542e-09,1.03584566541001e-08,7.53680462262938e-09,1.22094378597872e-08
2.05248380082731e-08,4.76477406193677e-08,1.11873550046524e-07,4.14499623319996e-08,8.10386816492313e-08,6.93266700208973e-08,5.66087389340089e-08,1.23720229971889e-07,5.35603640125361e-08,9.33508616681733e-08,9.66213534011172e-08,7.79127968126013e-08,1.12471314547084e-07,4.87260768614641e-08,2.41871515169139e-08,8.81969801163532e-08,4.81401947223683e-08,8.54297894557375e-08,4.28211197485454e-08,2.1863278234475e-08,1.98612699951471e-08,4.22683643985339e-08,2.26104119889972e-08,3.86681234409817e-08,1.97851646997442e-08,1.84046578571267e-08,9.27392896601245e-09,2.05437779276749e-08,2.05228241034381e-08,2.11514402320235e-08,1.77093330569426e-08,8.80365372165683e-09,7.80642199400463e-09,1.95334214796691e-08,1.08489238358142e-08,2.00554473554247e-08,8.56412103563766e-09,6.78861877530255e-09,7.60104536799573e-09,9.78717825951943e-09,9.96763013176825e-09,1.32269308321028e-08,6.12082457628719e-09,6.4199158968085e-09,6.36273938538234e-09,8.79719789779148e-09,7.09470930519878e-09,9.30481551422385e-09,1.56902171265683e-08,3.21594702208228e-08,7.65449544297491e-08,2.81000534830245e-08,5.49881866155864e-08,4.42982045024447e-08,3.87099011859224e-08,8.28731793036149e-08,3.07485704398992e-08,6.39834017952028e-08,5.94032341154021e-08,4.97567701303453e-08,7.45463320333411e-08,2.99763251242679e-08,1.89094699493333e-08,5.50245112852829e-08,3.22000900441786e-08,5.55522785836288e-08,2.88293578694943e-08,1.77634149089747e-08,1.52366085794444e-08,3.16519560986322e-08,1.8763371478162e-08,2.86163564355749e-08,1.41670928736712e-08,1.40766096894646e-08,7.7586001633153e-09,1.59126410413186e-08,1.47251261454492e-08,1.50410733898093e-08,1.33410868969023e-08,7.37239237516075e-09,5.63314389596824e-09,1.39575918344869e-08,9.03273988694118e-09,1.15825639433443e-08,7.24186176260187e-09,5.50826262679076e-09,5.21219250144153e-09,9.27987328365831e-09,7.53860026995109e-09,1.14636511297323e-08,4.35548503126527e-09,4.48383591046684e-09,5.23739856889205e-09,6.49782241950656e-09,4.8416812935976e-09,7.17289282226906e-09
2.35004936204966e-08,2.81562351217547e-08,4.94111056183324e-08,2.50495554253177e-08,4.3657136681019e-08,3.89263869825621e-08,3.22813727749807e-08,5.35603640125361e-08,1.30533873240759e-07,4.90675454558284e-08,9.75238834065476e-08,8.96783606718886e-08,4.87344540857051e-08,1.16803319474803e-07,4.72328057820159e-08,8.85483661804911e-08,9.55158272738637e-08,7.15599548402135e-08,1.03463157019615e-07,4.23313142902596e-08,2.14818994326437e-08,8.40037226261907e-08,3.94015313237833e-08,7.54556124434821e-08,3.88008161220651e-08,2.01867145174314e-08,1.7915553061998e-08,3.61263058764549e-08,1.90887003983738e-08,3.52428015341524e-08,1.90874746254073e-08,1.6832508295748e-08,1.08120563283504e-08,1.81760136739665e-08,1.64868296564321e-08,1.95569948460118e-08,1.5957164981095e-08,1.01610091214195e-08,8.73048066769287e-09,1.55959225792859e-08,1.23044195388567e-08,1.93879475159618e-08,8.50936423988446e-09,6.33080391234456e-09,4.77288625984304e-09,9.51481419173158e-09,6.98135321713608e-09,9.77954075096065e-09,1.67545348802237e-08,1.7950943872222e-08,3.23986870026668e-08,1.85387302488522e-08,2.8527446603301e-08,2.47674727522178e-08,1.96659756928322e-08,3.51141375847523e-08,7.89654427439004e-08,3.24484530413296e-08,5.94980320329134e-08,5.66959554135048e-08,3.24266703874138e-08,7.38898074188137e-08,3.97472006975622e-08,5.56152295884429e-08,6.67081473397653e-08,5.03734722032589e-08,6.87493983966071e-08,3.40580704197729e-08,1.59189484380917e-08,5.97259359056798e-08,2.92590375584624e-08,5.02788650542292e-08,2.98266903664566e-08,1.51286909698553e-08,1.1935589675553e-08,2.59429627623407e-08,1.34100044730611e-08,2.48213862968889e-08,1.35493775799072e-08,1.09039727972688e-08,7.61794239673865e-09,1.22695892171697e-08,1.14540614384779e-08,1.20907335548972e-08,1.04627381032099e-08,7.51393379839662e-09,5.13529127083826e-09,1.10837190193351e-08,7.80240869729091e-09,1.25146424538894e-08,6.11715278522458e-09,4.40326866230932e-09,4.34296722789297e-09,6.26209160842595e-09,5.50403247431123e-09,6.77375294561409e-09
4.23826307863137e-08,1.56288135236221e-07,8.10666499749229e-08,6.59636336642988e-08,2.16810615024023e-07,1.02365404416357e-07,1.93008342315089e-07,9.33508616681733e-08,4.90675454558284e-08,2.57474297631232e-07,7.75513725742793e-08,2.29604209919459e-07,8.3720160069111e-08,4.30064376322376e-08,2.68173847531017e-08,6.94132802167068e-08,4.35443463312497e-08,6.63996364359818e-08,3.78528647559786e-08,2.35845424484065e-08,2.7281184845755e-08,3.74654232144069e-08,2.7723679256685e-08,3.50146294959622e-08,2.19115412717501e-08,2.55010079359186e-08,1.4247665358549e-08,2.58613326476809e-08,2.74388635293802e-08,2.57074704348661e-08,2.49134628884466e-08,1.40104427013096e-08,1.24000343296201e-08,2.68664886531253e-08,1.56027569123777e-08,2.69743729605182e-08,1.33664929237773e-08,1.11409321977704e-08,1.18055010970071e-08,1.45668105755778e-08,1.59843847235921e-08,1.8936639156135e-08,1.06182816302794e-08,1.08266479152519e-08,8.43310768615372e-09,1.47728792223059e-08,1.06890519248082e-08,1.50176623497626e-08,3.57767665065107e-08,7.82413917790179e-08,5.64626016535587e-08,4.71949150475389e-08,1.13901418313346e-07,6.98289727602291e-08,1.00300077936726e-07,6.46966536780147e-08,3.01957487767851e-08,1.39607425660531e-07,5.18416671519015e-08,1.22815814117772e-07,5.78809888992521e-08,2.75328062347651e-08,2.07305207937403e-08,4.69349349522968e-08,3.02643689796453e-08,4.71201365786464e-08,2.58254279111285e-08,1.85745305529916e-08,2.22516010997169e-08,2.85751605998592e-08,2.2192236794177e-08,2.66495990040313e-08,1.64960433177288e-08,2.04593880552144e-08,9.74598106884421e-09,2.00622506002834e-08,2.05052927838324e-08,1.82020493529056e-08,2.01108503559936e-08,9.97404860361382e-09,9.14952421890347e-09,2.02999154990597e-08,1.27601212332273e-08,1.80314433586475e-08,9.11326015981734e-09,8.44534848258182e-09,8.17627171780822e-09,1.2327144528466e-08,1.07253881702125e-08,1.28017602805114e-08,7.81340660855865e-09,7.76819331108059e-09,7.85946665580953e-09,9.86074378942004e-09,8.55330639514909e-09,1.12869286647025e-08
2.0784652124375e-08,4.58112506766715e-08,8.68891394577736e-08,3.8776372482932e-08,6.65967985269704e-08,5.69231243494014e-08,5.63162622979926e-08,9.66213534011172e-08,9.75238834065476e-08,7.75513725742793e-08,1.53295176274917e-07,1.24406490057909e-07,8.81949238913891e-08,8.85384457316159e-08,4.19778629664897e-08,1.40329617825152e-07,7.14603868628519e-08,1.15629920866692e-07,7.73861456609876e-08,3.73214306049494e-08,2.02184668645906e-08,6.23852721908978e-08,3.62113554339347e-08,5.48287608063358e-08,3.41071776245366e-08,1.88054831220192e-08,1.83234778437936e-08,3.31849382343195e-08,1.76779701327379e-08,3.16761947513346e-08,1.77966664915976e-08,1.71791504659848e-08,1.10144450974974e-08,1.68662599402386e-08,1.67408477428318e-08,1.7670235636957e-08,1.68575582554985e-08,1.00852854476028e-08,8.41537279187666e-09,1.58297962666898e-08,1.24649024652885e-08,1.96053910551135e-08,8.8333157874852e-09,6.5920327887648e-09,5.82207911475893e-09,1.0397051658475e-08,7.15673182409831e-09,1.12204444451548e-08,1.58824520639374e-08,3.1739935520675e-08,5.75939099831244e-08,2.88428371813746e-08,4.26835534535495e-08,3.62165511004917e-08,3.77839444020608e-08,6.26910637984824e-08,5.95271511002787e-08,5.15953514247271e-08,9.57934277705857e-08,8.35150098047864e-08,5.76835510881158e-08,5.65110462160604e-08,3.39446437459439e-08,8.93481600452376e-08,4.97428290670643e-08,7.52693504208669e-08,5.10464991058292e-08,2.92720432241386e-08,1.46695399424311e-08,4.47666448338997e-08,2.65919626564694e-08,3.63122606995849e-08,2.45597282862826e-08,1.38262531727693e-08,1.28320366587651e-08,2.31434373332426e-08,1.18176860493947e-08,2.24828343355536e-08,1.25727324858869e-08,1.19966053487132e-08,7.80423949005223e-09,1.13163325910565e-08,1.1611304946227e-08,9.52046015995811e-09,1.17113073289004e-08,7.85238281555392e-09,6.0048776480831e-09,1.16088093939688e-08,8.93347040147049e-09,1.27654178370246e-08,6.9382079019963e-09,5.22549354325376e-09,4.77375613924133e-09,7.88029100688899e-09,5.39211048069773e-09,8.06586365487014e-09
4.42835226527318e-08,1.490523182445e-07,6.71464882396863e-08,6.39536789829077e-08,1.90244094577278e-07,8.88114348758271e-08,1.90560404326325e-07,7.79127968126013e-08,8.96783606718886e-08,2.29604209919459e-07,1.24406490057909e-07,3.07415184873362e-07,7.00873851459884e-08,8.03627016334051e-08,4.03516210397193e-08,1.12569350079626e-07,6.39103498164502e-08,9.09882631915406e-08,7.04236622709916e-08,3.47378374578424e-08,2.42855068335647e-08,5.49092571057638e-08,3.70668100720666e-08,4.84791039644919e-08,3.18602779531641e-08,2.21050881998266e-08,2.85967420042063e-08,3.43120105332252e-08,2.15067657386138e-08,3.1981453114366e-08,2.11717336720673e-08,2.74627542235115e-08,1.62544541650324e-08,2.07903687716346e-08,2.74736039217249e-08,2.15516876247248e-08,2.56991823057993e-08,1.44577203260351e-08,1.32776077058263e-08,2.50836244964709e-08,1.97068248314608e-08,3.11923689288043e-08,1.27883163273473e-08,1.1077531120967e-08,9.06592538281779e-09,1.69896397621032e-08,1.17665047643236e-08,1.83087014960063e-08,3.90724272914022e-08,7.6706564454311e-08,4.52006555411788e-08,4.74335753566833e-08,9.95599418013195e-08,6.08274445734398e-08,9.94431887630996e-08,5.10213356017805e-08,5.83991019857585e-08,1.26624025344715e-07,8.24723559833823e-08,1.72825330467708e-07,4.61808684733489e-08,5.37109984650381e-08,3.09496510605073e-08,7.51511462385935e-08,4.30872629465014e-08,5.99188744547647e-08,4.80521919404996e-08,2.56833413762173e-08,1.78174328933332e-08,3.80662930587821e-08,2.78303299192981e-08,3.27636585587985e-08,2.2476336930534e-08,1.65753827991789e-08,1.8355765840087e-08,2.52761548521019e-08,1.49967403127562e-08,2.24878693557425e-08,1.58270965425817e-08,1.75770377190673e-08,1.00986011937575e-08,1.47455514060318e-08,1.8122542791179e-08,1.28586075321107e-08,1.67578826916454e-08,9.63894650037903e-09,8.87738325034218e-09,1.79035009936619e-08,1.13509416032953e-08,1.8382323850491e-08,8.81852242161365e-09,8.1320674724713e-09,7.60019381132395e-09,9.92546584690806e-09,8.85619153768786e-09,1.27369386505624e-08
1.91009376636235e-08,4.26280590997934e-08,1.018221848553e-07,3.76547715880147e-08,7.31082442657222e-08,6.28574235517562e-08,5.07828421423968e-08,1.12471314547084e-07,4.87344540857051e-08,8.3720160069111e-08,8.81949238913891e-08,7.00873851459884e-08,1.31978112245971e-07,5.42382216117158e-08,2.95867774272224e-08,9.97991490310091e-08,5.31832585524189e-08,9.6419631181705e-08,4.765296185776e-08,2.6762488898839e-08,2.44547168686816e-08,4.64784435643231e-08,2.65378409846008e-08,4.25439157750184e-08,2.31711246926583e-08,2.17980339818915e-08,1.00653093514903e-08,2.33809279073127e-08,2.40642645885561e-08,2.42777160233666e-08,2.0905827808014e-08,9.54629315573234e-09,8.11215979862132e-09,2.28641842015677e-08,1.17819515289296e-08,2.34442932343548e-08,8.98382598433912e-09,7.0021736182639e-09,7.87183383914513e-09,1.03783800302801e-08,1.02009377654188e-08,1.37058301576629e-08,6.31605540746272e-09,6.70650351508768e-09,6.77892511339092e-09,9.05631069386472e-09,7.3350514183984e-09,9.47075693633125e-09,1.49759146628962e-08,2.88403137373686e-08,6.93039547892909e-08,2.53549255739068e-08,5.06704985003666e-08,4.09481004983196e-08,3.58851797288141e-08,7.45412691036528e-08,2.99687576265569e-08,5.98009585839185e-08,5.50128389506126e-08,4.8608242606092e-08,8.89173989112141e-08,3.46953400779184e-08,2.19828454291337e-08,6.54200582427123e-08,3.45423446547925e-08,6.1445115846028e-08,3.29730141571665e-08,2.05306167485679e-08,1.8653452167914e-08,3.36218187275422e-08,2.0846740264541e-08,3.05075944570904e-08,1.65317115001148e-08,1.72765917946874e-08,8.1651018119494e-09,1.74807012986794e-08,1.83190688636444e-08,1.67904859559438e-08,1.64346550989447e-08,7.77409937423792e-09,6.18729520125414e-09,1.74870306006151e-08,9.26818396889675e-09,1.45208564727784e-08,7.59326749343943e-09,5.86866876440331e-09,5.21685577798597e-09,9.4491359508871e-09,7.66008075428625e-09,1.16420389387481e-08,4.61695809341906e-09,4.6212924139028e-09,5.33151920915714e-09,6.66797369719212e-09,5.17549486732442e-09,6.96932325048904e-09
2.12341493299595e-08,2.39364133165892e-08,4.52531191113099e-08,2.23785454264177e-08,3.8769282231692e-08,3.5499713123525e-08,2.78795916010839e-08,4.87260768614641e-08,1.16803319474803e-07,4.30064376322376e-08,8.85384457316159e-08,8.03627016334051e-08,5.42382216117158e-08,1.37020279742665e-07,5.77101149656932e-08,1.00666645388307e-07,1.10536171261142e-07,8.12649667683263e-08,1.21368764560785e-07,5.19938768436385e-08,2.49793407399528e-08,9.71054718639546e-08,4.90297801854119e-08,9.03525611379692e-08,4.24892974905627e-08,2.24835996601237e-08,1.95753296917953e-08,4.02671905191801e-08,2.16847201742751e-08,3.97705788638846e-08,2.06819776194197e-08,1.80866181774147e-08,1.12509703531206e-08,2.02377634346041e-08,1.79010297001059e-08,2.14235586947542e-08,1.71450408278508e-08,1.06057036620106e-08,9.62511455077811e-09,1.69693915746554e-08,1.31808436438028e-08,2.10849065755108e-08,8.87233376541801e-09,7.2714317579932e-09,5.18556111211631e-09,1.04001437167559e-08,7.59168539028978e-09,1.04564955416752e-08,1.64630002996073e-08,1.63921209978066e-08,3.05139934032469e-08,1.66993052620837e-08,2.75341285663164e-08,2.37345695361181e-08,1.87810403118894e-08,3.24189322069805e-08,7.38851462962067e-08,3.18138263398208e-08,5.56056300816231e-08,5.3221198432159e-08,3.67513074355399e-08,8.35321631889716e-08,4.6738216398838e-08,6.12078249545093e-08,7.52855937569993e-08,5.5811350440396e-08,7.88207094058121e-08,4.0727450388667e-08,1.81009369006214e-08,6.78094848055633e-08,3.70027526994959e-08,5.83375922080422e-08,3.14437298791983e-08,1.7314558405498e-08,1.25753727183746e-08,2.97676054347332e-08,1.5133244085791e-08,2.71044912224437e-08,1.56768626530308e-08,1.18258758892681e-08,8.2123713309009e-09,1.43714998113624e-08,1.22990635875821e-08,1.37881277534762e-08,1.13237005092922e-08,8.24375689539222e-09,5.92438291535183e-09,1.18301051739124e-08,8.49890639103201e-09,1.37117224520248e-08,6.82792555385868e-09,5.26483895471028e-09,4.54695860856565e-09,7.00839681969162e-09,6.19945685012976e-09,7.32563746023859e-09
1.27214010503462e-08,2.83476811247262e-08,2.20411248890201e-08,2.53933136274287e-08,2.34195379946807e-08,1.83049162435439e-08,3.2110966100998e-08,2.41871515169139e-08,4.72328057820159e-08,2.68173847531017e-08,4.19778629664897e-08,4.03516210397193e-08,2.95867774272224e-08,5.77101149656932e-08,1.50644587349804e-07,4.86254190389578e-08,1.09470226288068e-07,9.64394521080503e-08,5.19902331389177e-08,1.32725207373576e-07,5.58590371491265e-08,9.71485543966939e-08,1.05387003000738e-07,7.50626973547742e-08,1.15771357151032e-07,5.01530394583497e-08,2.5551136802449e-08,9.10538347742036e-08,4.6535119267186e-08,8.66155385848139e-08,4.58797374721123e-08,2.29362178797861e-08,2.36326751463141e-08,4.22503240720578e-08,2.49319779864705e-08,4.2363283295456e-08,2.04966623023856e-08,2.12516629601129e-08,1.06306997401352e-08,2.23707460685226e-08,2.38921893891208e-08,2.26331989895151e-08,1.71618216179001e-08,8.66764096719988e-09,7.3014255909931e-09,1.86848052274654e-08,1.05989991937628e-08,2.12853198145522e-08,7.98130288521134e-09,1.85395840460244e-08,1.20449579733691e-08,1.62029429571572e-08,1.32304621124367e-08,9.62602274015948e-09,1.96690473185605e-08,1.52069006046682e-08,3.01275635747861e-08,1.79421252588461e-08,2.64338942846951e-08,2.64987113843393e-08,2.08687068582045e-08,3.69228566238089e-08,9.99625644894506e-08,2.97959908290763e-08,6.74397770349934e-08,5.87280193620689e-08,3.26984009202016e-08,9.06111442099613e-08,4.01040728176261e-08,6.13921796062193e-08,7.09751872674901e-08,4.85688489512832e-08,7.75661868927607e-08,3.70943594171148e-08,1.76777827287392e-08,6.07872808848938e-08,3.34685577468721e-08,5.96743637387096e-08,3.33858962915106e-08,1.59125729944698e-08,1.37089019756835e-08,2.92317821727617e-08,2.24094224803548e-08,3.23182511232721e-08,1.41638573034201e-08,1.18173284547431e-08,5.63194297408491e-09,2.0436331232705e-08,1.28232387399829e-08,1.77662058417204e-08,8.65903538491617e-09,5.11796448358354e-09,5.66706150123822e-09,1.02137719184365e-08,8.47139392171158e-09,1.32608904832461e-08
1.93936821825498e-08,4.13406717643939e-08,7.98537881293615e-08,3.54898583295685e-08,6.05536481132221e-08,5.22157787901724e-08,5.10226896212764e-08,8.81969801163532e-08,8.85483661804911e-08,6.94132802167068e-08,1.40329617825152e-07,1.12569350079626e-07,9.97991490310091e-08,1.00666645388307e-07,4.86254190389578e-08,1.58636368594865e-07,8.11521706169919e-08,1.31432962702566e-07,8.85347961266826e-08,4.3597984814368e-08,2.34105137248368e-08,7.12298122488256e-08,4.24512746164459e-08,6.40961712598905e-08,3.76345099854121e-08,2.08052360872166e-08,1.98281548520167e-08,3.67413295154983e-08,2.01787176188196e-08,3.58368556904245e-08,1.93872336702786e-08,1.84977941605469e-08,1.16548967122209e-08,1.89838594403621e-08,1.84881324238176e-08,1.98004086976456e-08,1.80066330016797e-08,1.07280513899351e-08,8.97078372427974e-09,1.74466835771501e-08,1.32355892754781e-08,2.10684446477003e-08,9.33175645092167e-09,7.15648414983595e-09,6.2869921386112e-09,1.11328076293396e-08,7.57416290134355e-09,1.1743108650155e-08,1.49489608464161e-08,3.00509647214947e-08,5.40538906238495e-08,2.66275467745615e-08,4.1125187564894e-08,3.41713435698647e-08,3.678069181062e-08,5.76794548511809e-08,5.65032287510388e-08,5.03875767972881e-08,8.93366937109226e-08,8.00800639917128e-08,6.72408921512617e-08,6.51977199265413e-08,3.71901636054759e-08,1.03892978660764e-07,5.55360702537758e-08,8.66616753860449e-08,5.97670733080452e-08,3.24778794280181e-08,1.58192857101632e-08,5.07036511046788e-08,2.8777436806442e-08,4.07692519909467e-08,2.57526544254414e-08,1.5400919904856e-08,1.36508098491821e-08,2.5061149146715e-08,1.38539988749509e-08,2.39572881739338e-08,1.40146989503162e-08,1.29818288877536e-08,8.6849790114359e-09,1.34775395616381e-08,1.26010152160332e-08,1.10949296208986e-08,1.25380724690447e-08,8.81264807854679e-09,6.07166750324563e-09,1.23837129809494e-08,9.46753164241802e-09,1.34794372574857e-08,7.65122249136284e-09,5.4121063954473e-09,4.92737922136647e-09,8.4582854984903e-09,5.70570587909429e-09,8.41648661526212e-09
2.30040696369959e-08,2.7719452372188e-08,4.35241728529671e-08,2.49856509152517e-08,3.86408378147372e-08,3.40860330015283e-08,3.29909079433845e-08,4.81401947223683e-08,9.55158272738637e-08,4.35443463312497e-08,7.14603868628519e-08,6.39103498164502e-08,5.31832585524189e-08,1.10536171261142e-07,1.09470226288068e-07,8.11521706169919e-08,1.74949970267267e-07,1.39147389200123e-07,9.71050616994401e-08,9.71530178760576e-08,4.73841823636373e-08,1.53973213419495e-07,7.56917015900334e-08,1.22797970459716e-07,8.33000650900152e-08,4.27469471335097e-08,2.33144399755816e-08,6.3885168072159e-08,3.92571339200636e-08,6.01475348317807e-08,3.95939687790417e-08,2.1030406321777e-08,2.34590202063575e-08,3.62134492272633e-08,2.37458298267938e-08,3.61010863472399e-08,1.92498155857106e-08,2.09592964478124e-08,1.30154874375334e-08,2.21022262277425e-08,2.60793607956144e-08,2.53202454508826e-08,1.70618053788755e-08,9.4068683913481e-09,7.27883981043145e-09,2.02576650659994e-08,1.10653471723806e-08,2.1805951777447e-08,1.5295362903627e-08,2.07065591098549e-08,2.59427961766516e-08,1.80579639500732e-08,2.67809131222767e-08,2.21931861750502e-08,2.3613930720631e-08,2.96929660268944e-08,5.23482097461771e-08,3.22042690705156e-08,3.99498021593177e-08,4.44048649583328e-08,3.26960594749446e-08,6.13853083042971e-08,8.04667092447521e-08,4.44378969751513e-08,1.11297560061252e-07,8.94586129270305e-08,5.89900970860278e-08,7.14637488961712e-08,3.30514679738511e-08,1.01499927629733e-07,5.51934233207084e-08,8.19138439760698e-08,5.97450923849972e-08,3.14163505183348e-08,1.67406466862251e-08,4.67997441154067e-08,2.90979913976528e-08,4.42137158217192e-08,2.84045798699247e-08,1.57470794471927e-08,1.20257010288607e-08,2.62960276974807e-08,2.11145205702919e-08,2.72601465283945e-08,1.42060215671571e-08,9.924321205102e-09,8.13745071873635e-09,1.91506748859434e-08,1.40467418105657e-08,1.97265974301895e-08,7.34147472876893e-09,6.24674640681002e-09,6.36773325888902e-09,1.08094153026415e-08,8.55474485619728e-09,1.21693971145803e-08
2.00938700048912e-08,4.15830949596303e-08,7.60623405721011e-08,3.56332459637943e-08,5.79975785846187e-08,5.01917777039707e-08,5.09466568502009e-08,8.54297894557375e-08,7.15599548402135e-08,6.63996364359818e-08,1.15629920866692e-07,9.09882631915406e-08,9.6419631181705e-08,8.12649667683263e-08,9.64394521080503e-08,1.31432962702566e-07,1.39147389200123e-07,2.02221792854125e-07,7.1200394029514e-08,8.4728091686507e-08,4.6130154976761e-08,1.22206680482432e-07,6.69383162199053e-08,9.53894121218845e-08,7.40769625058069e-08,4.09192310513365e-08,2.46752277341511e-08,5.84471220720225e-08,3.74266706364716e-08,5.37250378248289e-08,3.79887723302666e-08,2.25232504125707e-08,2.47909480232392e-08,3.48927675866664e-08,2.45055413723677e-08,3.43443261790889e-08,2.08913201951521e-08,2.21818758845622e-08,1.20415158380738e-08,2.23612666360772e-08,2.69767832857916e-08,2.50211058096575e-08,1.87797174650062e-08,9.27828729822112e-09,7.84022587139443e-09,2.1898176689104e-08,1.0439027269233e-08,2.30430278594623e-08,1.39696061427611e-08,3.21666597269038e-08,4.7642355097038e-08,2.61045884371269e-08,3.94588465199891e-08,3.27208328583038e-08,3.93498696076761e-08,5.30146483214709e-08,3.99138209085842e-08,4.87340554146656e-08,6.6932728605013e-08,6.65951952622633e-08,6.24883054045188e-08,4.6435043610922e-08,6.58625804210958e-08,7.86173000960761e-08,9.04902185455279e-08,1.28735553944325e-07,4.34067770032515e-08,5.82477210790452e-08,3.14760051661541e-08,8.32708701386651e-08,4.54285558553307e-08,6.20313778475992e-08,5.04466304214575e-08,2.93114098049703e-08,1.7189553956763e-08,4.09829435119483e-08,2.75365067999885e-08,3.97942413515223e-08,2.63717331660781e-08,1.66795695414514e-08,1.2905847689793e-08,2.5556243381722e-08,1.9699466741736e-08,2.35263791515315e-08,1.57143102404157e-08,1.09272248285694e-08,7.54174512856696e-09,1.8971565185872e-08,1.55122020437479e-08,1.92314156243737e-08,8.82765387256034e-09,6.21938761797065e-09,6.61791662329731e-09,1.32879700163708e-08,7.4590856082921e-09,1.31549491895917e-08
1.95428706072883e-08,2.07174292782666e-08,3.95352084525256e-08,1.96565799038884e-08,3.37364016706603e-08,3.1202407681592e-08,2.44596337649455e-08,4.28211197485454e-08,1.03463157019615e-07,3.78528647559786e-08,7.73861456609876e-08,7.04236622709916e-08,4.765296185776e-08,1.21368764560785e-07,5.19902331389177e-08,8.85347961266826e-08,9.71050616994401e-08,7.1200394029514e-08,1.38127307208079e-07,5.84559341412422e-08,2.80393465914074e-08,1.1018989088898e-07,5.48493061271767e-08,1.02655460191467e-07,4.82934203507476e-08,2.52476399641418e-08,2.39510627208756e-08,4.52536005609226e-08,2.4120375124847e-08,4.37544085410687e-08,2.32302035866371e-08,2.20933398585117e-08,1.30219539345298e-08,2.23908868902649e-08,2.17751975906841e-08,2.35296727119511e-08,2.05009762514666e-08,1.21354211065564e-08,1.04699790319366e-08,2.00621310745247e-08,1.49016573978817e-08,2.44987214488481e-08,9.96399372559059e-09,7.89873662085674e-09,5.66342355470933e-09,1.16375539278413e-08,8.7132288546177e-09,1.16900026614745e-08,1.56742350834864e-08,1.54220453157124e-08,2.84261513164699e-08,1.60324123622911e-08,2.44785580389256e-08,2.16651031238637e-08,1.78502560343125e-08,3.00376706202826e-08,6.87218972742696e-08,2.86215593650531e-08,5.2141565233048e-08,5.10098926053174e-08,3.38810746926231e-08,7.88058908871936e-08,4.07122456165737e-08,5.79494656459541e-08,6.77962553829359e-08,5.12874235918171e-08,8.88223289248733e-08,4.644696196268e-08,2.01485691958227e-08,7.58715981561584e-08,4.16985637927219e-08,6.65543763430085e-08,3.65870972123625e-08,1.92479395189271e-08,1.5994063455893e-08,3.37542254473098e-08,1.66453484562677e-08,3.05696652763896e-08,1.75378748949171e-08,1.52064754140275e-08,8.97491154799426e-09,1.58519801211801e-08,1.50963714164869e-08,1.41188681342892e-08,1.39588601617818e-08,8.76707924891078e-09,6.79162239464258e-09,1.46419827305336e-08,9.12243240021754e-09,1.63566952412323e-08,7.28070312999006e-09,5.97699934288528e-09,4.92364907951833e-09,7.73721810227956e-09,7.34626252283678e-09,8.81255771345216e-09
