9.07047452485617e-07,3.95410403081819e-07,2.4910213828045e-07,6.60717458830196e-07,3.61861988100492e-07,5.32355160426219e-07,3.16771099543039e-07,1.84693557950598e-07,2.03270547814037e-07,2.90112324779911e-07,1.79395599261892e-07,2.80765476401369e-07,1.47524041575327e-07,1.60682455113635e-07,9.49005036807912e-08,1.3965718470618e-07,1.66675334123484e-07,1.45620598742983e-07,1.29467598407417e-07,7.26635936317054e-08,6.5628071114459e-08,1.342202019479e-07,7.77443355629849e-08,1.46975964250525e-07,3.88444764942746e-08,3.81891390312183e-08,2.19910602497154e-08,4.09608810017549e-08,3.57159469509141e-08,3.62252687293076e-08,1.40094825484871e-08,6.7081450826154e-09,2.74341304319803e-08,9.96964120185212e-09,1.15190199321207e-08,1.41307965590337e-08,-1.80306030482675e-09,1.64306102123402e-08,1.96069427357156e-08,1.63556126829092e-09,1.90700011796681e-08,1.37926306760277e-08,1.4754083570957e-08,1.79543135707338e-08,1.12173367100233e-08,1.5485301522559e-08,1.56444000996034e-08,5.74163684671736e-09,7.31925704356894e-07,3.24373558242233e-07,2.09251437968475e-07,5.70601779868151e-07,2.42746293357343e-07,4.54539355349947e-07,2.68750109125309e-07,1.64581847580334e-07,1.32157818185933e-07,1.88460979015592e-07,1.69285936497601e-07,1.90239421854457e-07,1.28554709761514e-07,1.12838893699788e-07,5.70140838191534e-08,1.25660864606556e-07,1.05397797125663e-07,1.31170075589218e-07,8.65868098093222e-08,4.02727557855348e-08,4.17207190528975e-08,8.5055105531494e-08,3.57492788353663e-08,8.89103355543241e-08,1.61763990736354e-08,2.00021153687169e-08,5.25003700112267e-09,-3.73833392928429e-10,1.75975424664032e-08,9.27872005881002e-09,-1.57112919191494e-09,-5.47151976321573e-09,3.89057429226102e-08,-4.0162591451293e-09,6.98479815846747e-11,-6.41554918336472e-09,-4.27678806305669e-09,2.2746096732363e-08,-8.11422587591629e-10,-9.37018189819682e-09,2.47292599025938e-08,-1.26176391196052e-09,1.7203435339139e-08,-1.20554768002265e-09,-7.96372795197371e-10,1.445789244644e-08,-1.40921639474398e-09,6.7732977605559e-09
3.95410403081819e-07,1.83132676560033e-06,5.50557362394747e-07,7.74701246621397e-07,1.43818218866963e-06,6.07823582040272e-07,1.45358171010925e-06,3.94588035014569e-07,2.19561844283785e-07,1.11857301886148e-06,3.63792002581389e-07,1.1062523647524e-06,3.21969971767586e-07,1.82250748420222e-07,2.26113112665731e-07,2.751663817703e-07,1.76885213645854e-07,2.55549704166164e-07,1.58041794617298e-07,1.73644896682313e-07,1.52985503273156e-07,1.49509826989722e-07,1.89031456168459e-07,1.44160986301528e-07,1.26383308237327e-07,1.1734052424323e-07,9.72564266821191e-08,1.407983792511e-07,1.07731837309817e-07,1.25878681302959e-07,8.22845236854245e-08,7.03581779329205e-08,4.64256823665309e-08,6.77442713626047e-08,5.88109268520913e-08,7.09897849111615e-08,4.19734851636358e-08,3.25949193097897e-08,6.7281630292287e-08,4.47300147586083e-08,5.37984128494086e-08,6.78238906159002e-08,2.53270368021854e-08,5.68356431357769e-08,4.07104348798636e-08,4.78390896814642e-08,5.23000800062638e-08,3.35198928562103e-08,3.02638126663088e-07,1.00117001543065e-06,4.69713776774107e-07,5.58197507525456e-07,6.93159068935526e-07,4.82876341003599e-07,8.45632059150324e-07,3.46174868846696e-07,1.6452419695133e-07,5.20089873928794e-07,3.19885972570961e-07,5.45054545273949e-07,2.87365981662371e-07,1.34422967546196e-07,1.66730465509365e-07,2.24333738600261e-07,1.46650000774569e-07,2.29759557685366e-07,1.10677751937846e-07,1.16590573534728e-07,8.81397988392148e-08,1.15876069523322e-07,1.29207645990852e-07,9.67010056605934e-08,8.33077311039643e-08,6.34578684497917e-08,5.30206487685913e-08,8.6322440169709e-08,5.51255222585592e-08,9.16275927119308e-08,4.38443686873926e-08,3.10113502957145e-08,3.33737624392017e-08,2.84338339889944e-08,1.67290208341967e-08,1.09685776352208e-08,1.99258357584476e-08,2.43141837943952e-08,3.72731444513882e-08,7.76274438744103e-09,4.29179824244618e-08,2.384266094953e-08,1.13210909639477e-08,3.95738536593513e-08,1.85216937399209e-08,4.14772096730937e-08,2.63587806655086e-08,2.0818961777196e-08
2.4910213828045e-07,5.50557362394747e-07,1.24564203296956e-06,4.19033468581105e-07,1.01594617828992e-06,8.05862132738837e-07,3.9567999112125e-07,8.80213541277551e-07,4.3734574059063e-07,7.13279954781987e-07,7.0276864981765e-07,5.89460253765889e-07,7.32559769278177e-07,3.72280064590494e-07,1.83437589433151e-07,5.95078427192645e-07,3.1539290787703e-07,5.09575791600884e-07,3.16506874213077e-07,1.45162312878578e-07,1.19916426807234e-07,2.67776289731575e-07,1.40564752482988e-07,2.3240121627967e-07,9.85414904365286e-08,8.41437322009382e-08,8.179366220577e-08,9.69876890845071e-08,1.08032042154721e-07,9.33270942346173e-08,5.25041661052079e-08,5.76541269205318e-08,4.50592994439654e-08,7.7037595606722e-08,6.2069757894078e-08,8.0145517143124e-08,2.91835793422192e-08,3.44741951305362e-08,6.92827769860781e-08,4.4986143811906e-08,5.18768250272726e-08,5.06489853421864e-08,2.91745248258808e-08,6.44037319662969e-08,2.43604795940157e-08,5.00998890783939e-08,4.68623994026643e-08,5.74618925512828e-08,1.41204473908696e-07,3.38542405794482e-07,9.73439112102315e-07,3.10735224302696e-07,7.75148111326371e-07,6.72755440241229e-07,2.86238057691263e-07,7.42477075758904e-07,3.90802878572201e-07,5.63749623209024e-07,6.06865849347987e-07,4.61891258763284e-07,6.29358854907612e-07,3.23408316898824e-07,1.42135045221423e-07,5.18071731988194e-07,2.88726474175084e-07,4.61988044467286e-07,2.74649707245547e-07,1.08996118085975e-07,7.33095884956797e-08,2.4398839111914e-07,9.80880849909251e-08,2.24524916590169e-07,7.85688928231413e-08,4.55285958798825e-08,5.98755692373781e-08,6.4827631808773e-08,7.48797072813943e-08,9.03673535789606e-08,2.24953657482618e-08,3.59605059410652e-08,2.75609382310629e-08,4.34738509737135e-08,3.15605690318921e-08,1.49201817053882e-08,1.8375874273213e-08,1.91746437394101e-08,4.61155480552357e-08,1.69115422957819e-08,4.03559641042706e-08,2.6332373977612e-08,1.90818646752033e-08,4.24160945773396e-08,9.89531011586343e-09,3.43852403524392e-08,2.90257270167534e-08,2.33476842615124e-08
6.60717458830196e-07,7.74701246621397e-07,4.19033468581105e-07,1.14787622428193e-06,6.11796201813801e-07,8.46614104118654e-07,5.80873352726991e-07,2.99152046380838e-07,1.52734956524244e-07,4.66840166550991e-07,2.57179842886265e-07,4.07226592242506e-07,2.40202995679211e-07,1.24089504797374e-07,1.85981893377239e-07,2.01984027438036e-07,1.30825952620118e-07,1.95903800251367e-07,1.01419871057919e-07,1.33496126404134e-07,1.05534745380398e-07,1.02870175588265e-07,1.61857011184635e-07,1.07777571255576e-07,9.19429682371415e-08,7.03500783022418e-08,6.3630845552126e-08,1.16953941258151e-07,7.54430035505179e-08,1.15785440241947e-07,4.59325031651305e-08,4.46824571082128e-08,4.35389650186843e-08,4.88355722731346e-08,4.13268430627818e-08,5.44695787716377e-08,1.82581157360889e-08,2.58261004843593e-08,2.69966372335211e-08,2.01724030571445e-08,4.0760563898676e-08,3.54186809092359e-08,2.40302938575278e-08,2.37920151002402e-08,2.02865375883003e-08,3.61268449781238e-08,2.62983728182642e-08,2.74395247149435e-08,5.26157357459836e-07,6.16499340023833e-07,3.90318440562601e-07,9.07278131236837e-07,5.30640878044334e-07,7.65011334603986e-07,5.18877554267398e-07,3.13814168824372e-07,1.36206995799395e-07,4.26843396106512e-07,2.6823116009775e-07,3.38177929339155e-07,2.48159357834791e-07,1.1112219622619e-07,1.0615460636802e-07,2.0377684347244e-07,1.17946687098871e-07,2.12987877161185e-07,8.76247597116256e-08,6.82049828139805e-08,6.38445094350381e-08,9.45713909146316e-08,7.19562592651792e-08,7.68234516982583e-08,3.80332104669877e-08,3.53504033467019e-08,2.45823284207624e-08,3.33415010442908e-08,3.62231977896418e-08,4.51930500509822e-08,1.8877845231445e-08,9.68504230715305e-09,4.75249957435289e-08,1.56065585870521e-08,2.4250332851773e-08,1.85557954938365e-08,5.19769962593035e-09,2.83014141919754e-08,1.90235569670554e-08,1.11030038397557e-08,4.10406614388385e-08,1.41088748288419e-08,2.23638558818523e-08,1.71872446652512e-08,7.73460798920782e-09,3.14619736844596e-08,1.43558272320264e-08,1.86352333452678e-08
3.61861988100492e-07,1.43818218866963e-06,1.01594617828992e-06,6.11796201813801e-07,2.30095434640343e-06,1.08530979835351e-06,1.11964282167396e-06,7.1254621189053e-07,3.91755814934831e-07,1.69870929004852e-06,5.78896073185625e-07,1.47731043250104e-06,5.87339773413127e-07,3.27208799197063e-07,2.38393016377938e-07,4.69990608187491e-07,2.85182312050741e-07,4.0038059855851e-07,2.66025995851609e-07,1.61647044925998e-07,1.653552337069e-07,2.27217074561619e-07,2.01953266810354e-07,2.24109481031446e-07,1.05104616646054e-07,1.17691735354295e-07,1.05389985687886e-07,1.3987598796252e-07,1.30160278649907e-07,1.38662756495363e-07,7.82307952358665e-08,6.94507901515562e-08,4.53498674150361e-08,8.34764877146945e-08,6.27214239875915e-08,7.62443850797474e-08,3.24428956871e-08,3.15295374642185e-08,8.3719722434341e-08,4.1019616951983e-08,4.72911455627707e-08,6.22610434910723e-08,1.89207428899497e-08,7.15398173713861e-08,5.31620927499894e-08,3.78246781112558e-08,6.95248144014269e-08,3.47678051580193e-08,2.7201676266526e-07,6.9744753021156e-07,7.37440888687326e-07,4.24633059566646e-07,1.23051445487719e-06,7.69900066009761e-07,5.9369743378598e-07,5.79442629683716e-07,3.22204430439218e-07,8.96070047537843e-07,4.96975000380774e-07,8.07704004089916e-07,4.84825905308797e-07,2.57751435117621e-07,1.90433176142198e-07,3.96971828123004e-07,2.43920689894999e-07,3.68297063673159e-07,2.01858936281326e-07,1.25758581997357e-07,9.64819338309859e-08,1.80167062052746e-07,1.57207402096465e-07,1.67417589325987e-07,8.41900578705502e-08,6.19203123289909e-08,6.22761702695653e-08,1.02726190933032e-07,7.01356320054837e-08,1.20217809280581e-07,4.22530397474605e-08,3.27415459436583e-08,2.37241250178793e-08,3.509233631363e-08,1.42581764246774e-08,1.51811251728111e-08,1.30332976447008e-08,1.6080337093633e-08,4.06799806923276e-08,1.96967272803862e-09,3.20729728287241e-08,1.64895771748757e-08,2.04439710298701e-09,4.22816058600181e-08,2.02769134512915e-08,2.51521476900271e-08,3.62610211771851e-08,1.28954526220136e-08
5.32355160426219e-07,6.07823582040272e-07,8.05862132738837e-07,8.46614104118654e-07,1.08530979835351e-06,1.4756253243405e-06,4.61878414322919e-07,5.54813872495339e-07,3.0633679737359e-07,7.70218207650739e-07,4.22082154857192e-07,6.11831593746103e-07,4.5575901877139e-07,2.54695096411566e-07,1.64250459413408e-07,3.50872463249983e-07,2.27773571178048e-07,3.19272191898966e-07,2.08874068530432e-07,1.31242324090969e-07,1.61517880994319e-07,1.86301183862719e-07,1.36950660040358e-07,1.65367662695369e-07,7.80529054862446e-08,1.16641539147241e-07,8.96279207773037e-08,8.21278954423409e-08,1.42910002334674e-07,9.06760553477991e-08,7.83169880691633e-08,5.69746912300208e-08,4.50902090161076e-08,1.04385179850191e-07,5.68166829206077e-08,1.03755490260744e-07,2.15525434078774e-08,2.23832599925376e-08,3.11115218351265e-08,2.66652783500936e-08,4.2087014809873e-08,4.65066560408669e-08,1.82587869513476e-08,2.58898305348955e-08,2.65679963600192e-08,3.16945054612736e-08,3.54067279716927e-08,4.04822405404718e-08,4.03574496053258e-07,4.04943261455405e-07,6.07623859858162e-07,6.02588481652351e-07,8.36282431888976e-07,1.17393628472766e-06,3.57014630010961e-07,5.04572733120761e-07,2.82931316590097e-07,6.24789814220547e-07,4.10856624624934e-07,4.88076613185064e-07,4.26475211237669e-07,2.31905791555169e-07,1.14581858223536e-07,3.51003216017949e-07,2.06768053342231e-07,3.32742939257275e-07,1.86266315824162e-07,9.19809414070062e-08,1.03276646693207e-07,1.69467124037893e-07,9.18829265940597e-08,1.48247102038288e-07,4.79199108799558e-08,6.41044272546765e-08,3.39060985296382e-08,3.79583440065514e-08,7.08155839876398e-08,4.75178474573339e-08,3.6226553226106e-08,1.11297157006676e-08,4.5282798417909e-08,3.84012839760434e-08,3.96392987914554e-08,4.29905697672507e-08,-2.02959999424402e-09,2.30669771280013e-08,1.93069892286188e-08,1.31426363520382e-08,3.65928708739189e-08,1.73441978248168e-08,1.78612636113918e-08,1.5749337056026e-08,-1.69925529139742e-09,2.44123366085035e-08,1.26610118068338e-08,1.69683752350127e-08
3.16771099543039e-07,1.45358171010925e-06,3.9567999112125e-07,5.80873352726991e-07,1.11964282167396e-06,4.61878414322919e-07,2.6358471296594e-06,5.54760327561226e-07,3.36737344108278e-07,2.07864614965818e-06,5.5367977460456e-07,2.0939542821915e-06,4.60323536842964e-07,2.68544926971091e-07,2.99908976041169e-07,4.26244130869839e-07,2.55631367272673e-07,4.14419620925146e-07,2.34856320610605e-07,2.3650818043333e-07,1.68210379928319e-07,2.18692822630735e-07,2.27680992565297e-07,1.84976945041233e-07,1.71696755269293e-07,1.19263413561669e-07,1.10552801596759e-07,1.66634174755577e-07,1.13536018003104e-07,1.34070309936007e-07,6.15719967079733e-08,7.76819199595655e-08,5.54640682374225e-08,6.04858951992267e-08,6.06298602980172e-08,5.55044153217751e-08,5.06166284266009e-08,4.33223529708812e-08,8.98348348991892e-08,4.02983124922495e-08,6.92122159835198e-08,6.76187495522e-08,3.580212339404e-08,7.59516370030967e-08,5.22566027337797e-08,6.25065254709173e-08,5.54646139678417e-08,4.17659435220252e-08,2.46999113663768e-07,8.44354317897541e-07,3.46808862245154e-07,4.40032965277894e-07,5.20937840863672e-07,3.60304456654619e-07,1.54723813820854e-06,4.85997524363108e-07,2.59294703332465e-07,1.10271553108787e-06,4.47246233125584e-07,1.08768664393052e-06,4.19819932381682e-07,2.10781252831401e-07,2.60066610483506e-07,3.36657014632735e-07,2.0564334873248e-07,3.49773532031138e-07,1.79654540369716e-07,2.00306798552526e-07,9.74499854870777e-08,1.73849564020634e-07,1.71814015678593e-07,1.21157201485256e-07,1.51260560287827e-07,6.39586297874401e-08,6.4341846702092e-08,1.18722616665257e-07,5.40242353400392e-08,1.14479534578802e-07,2.51721575101627e-08,4.14121388649456e-08,3.1145569844682e-08,1.20372405889146e-08,1.08825632223401e-08,-1.63682052443187e-08,2.65812773735563e-08,2.51446424403621e-08,3.44454217721068e-08,-2.15941499583851e-09,4.9287060874607e-08,3.18152844749802e-09,7.96903242699526e-09,3.3704508080914e-08,5.01318225469779e-08,3.96667657588336e-08,1.95137211036535e-08,1.54842351944695e-08
1.84693557950598e-07,3.94588035014569e-07,8.80213541277551e-07,2.99152046380838e-07,7.1254621189053e-07,5.54813872495339e-07,5.54760327561226e-07,1.15909335941711e-06,5.37444678056759e-07,1.00267505915854e-06,9.02525134486837e-07,8.2884991496063e-07,9.72005230721126e-07,4.5191506795357e-07,2.44634350019057e-07,7.64305153523905e-07,3.87417655894414e-07,6.50488401419858e-07,3.83596230055594e-07,1.99622666596002e-07,1.59406041566649e-07,3.3118377481455e-07,1.87747426264286e-07,2.85587684769434e-07,1.41292665827363e-07,1.15729469404101e-07,1.0557846516004e-07,1.35825956671745e-07,1.40702360858031e-07,1.23093163496788e-07,7.69561569603648e-08,7.74039157761237e-08,7.49009478861456e-08,1.03853270294004e-07,9.66145538336516e-08,1.13233443452175e-07,4.11851080568584e-08,6.27013667593405e-08,7.17025605009296e-08,6.78768565634203e-08,6.58461732522537e-08,5.87914411902796e-08,4.15091373399688e-08,5.51713446134903e-08,3.10239000602576e-08,4.50158095438941e-08,4.02603285198793e-08,5.69719872554752e-08,1.49082020587645e-07,2.85078550981293e-07,7.42303749014295e-07,2.67065848198436e-07,5.62991296279208e-07,4.82761215594108e-07,3.83450460518263e-07,9.60705709131304e-07,4.73071215080677e-07,7.85474087516954e-07,7.5178677098048e-07,6.20077837282486e-07,8.20875712392233e-07,3.93215109714547e-07,2.11419596979002e-07,6.48294683828919e-07,3.64473005936034e-07,5.80602466230062e-07,3.35932875630966e-07,1.7418651932256e-07,9.43046054807773e-08,3.15704915824376e-07,1.37473479625075e-07,2.81926154733375e-07,1.30383769762218e-07,6.31751756646988e-08,6.46332023270741e-08,9.71544865034772e-08,8.38418351200365e-08,1.13546079159132e-07,3.56488594327413e-08,3.88727142377022e-08,3.94491190445066e-08,4.80268818395998e-08,4.74270378631218e-08,2.73608484662875e-08,1.86462146982478e-08,2.96928639238327e-08,4.68358783243851e-08,2.46713851150573e-08,4.1308397714204e-08,2.26875235550491e-08,1.84662969815179e-08,3.04471373830337e-08,1.17219929215372e-08,2.15540511589884e-08,1.91337703616239e-08,1.3005647557945e-08
2.03270547814037e-07,2.19561844283785e-07,4.3734574059063e-07,1.52734956524244e-07,3.91755814934831e-07,3.0633679737359e-07,3.36737344108278e-07,5.37444678056759e-07,1.4798507929175e-06,5.29679325957223e-07,1.12133207645621e-06,1.09212200005518e-06,4.51838068968903e-07,1.17039588595831e-06,5.85360299964759e-07,8.97607043359874e-07,9.60939835501523e-07,7.30978371770611e-07,9.41529661324419e-07,4.57617607280365e-07,1.89948933689679e-07,7.81224904904628e-07,3.65146935681033e-07,6.31119519300993e-07,3.4976776185112e-07,1.3766058003258e-07,1.30133633837686e-07,2.69534382685696e-07,1.19574614650279e-07,2.27425820019503e-07,8.0282881671951e-08,9.40107064127856e-08,6.141260478022e-08,6.84430549083112e-08,9.39834379959451e-08,9.24852806746489e-08,7.25365687575611e-08,6.05132016639625e-08,5.6670485869549e-08,8.79960324648573e-08,6.40251088694432e-08,9.114322804566e-08,5.63066745938474e-08,4.95921991735188e-08,4.35509002488952e-08,5.4172871394479e-08,3.8159533870351e-08,4.80759230366882e-08,1.5900850070778e-07,1.58903068245561e-07,3.89285011835058e-07,1.27662259703711e-07,3.45983625734298e-07,2.97132643512178e-07,2.526383883785e-07,4.94515503887826e-07,1.12915628548494e-06,4.74130710228472e-07,8.9973905501883e-07,8.42069995097062e-07,4.24409643469619e-07,9.37915931915157e-07,5.30599155059141e-07,7.62388907709049e-07,8.12429450193785e-07,6.78546008847118e-07,7.7489295020244e-07,4.21216558420366e-07,1.31171906016856e-07,6.79395161307899e-07,3.48533013126504e-07,5.68186000919367e-07,3.3497301232614e-07,9.40474461742911e-08,7.95973929432193e-08,2.66726989300405e-07,6.55812355170097e-08,2.36356123677091e-07,5.03309041386382e-08,5.9610287876797e-08,3.41356448450344e-08,2.85207403728413e-08,4.47543753036712e-08,1.08700658950246e-08,3.93407987307631e-08,3.34911445702678e-08,2.59082558476471e-08,4.17612532123487e-08,3.41041578521645e-08,5.7002394239323e-08,3.1580583154145e-08,1.69848208304179e-08,1.20448233080413e-08,3.05848315377292e-08,-4.72587174861374e-10,1.55356829316679e-08
2.90112324779911e-07,1.11857301886148e-06,7.13279954781987e-07,4.66840166550991e-07,1.69870929004852e-06,7.70218207650739e-07,2.07864614965818e-06,1.00267505915854e-06,5.29679325957223e-07,2.89714170763411e-06,8.44006447579733e-07,2.62760613773001e-06,8.40127474026566e-07,4.26208165216553e-07,2.98534884245978e-07,6.81320559249173e-07,3.79995965409823e-07,6.11240109456939e-07,3.52345676251395e-07,2.15670703065045e-07,1.84007920362236e-07,3.10642594416206e-07,2.5309330049934e-07,2.88596991920247e-07,1.38538624676897e-07,1.2114824115684e-07,1.05616742107062e-07,1.62033505961889e-07,1.33041711839149e-07,1.34622466095822e-07,6.01543502198286e-08,6.37421468797903e-08,6.83498364796297e-08,7.32468021933522e-08,7.15117369910298e-08,7.65187206511844e-08,2.96347671161918e-08,5.18314216538396e-08,9.88732809158154e-08,4.30704594897473e-08,6.21007340832328e-08,5.90147952961581e-08,3.91646850734662e-08,7.87254540267042e-08,4.27646493944636e-08,4.86771243900898e-08,6.74016950507568e-08,4.89941291159756e-08,2.3216680992761e-07,5.91702869089253e-07,5.79698832940217e-07,3.61549852154507e-07,8.95896899028964e-07,5.47911992726613e-07,1.1917470560586e-06,8.5074055686779e-07,4.33054410981675e-07,1.69057258468734e-06,6.84951080702936e-07,1.49273920063499e-06,7.40097974423341e-07,3.47687718087189e-07,2.61335864093568e-07,5.61908835690837e-07,3.26695751626579e-07,5.29228999093699e-07,2.78195250512399e-07,1.93244939015366e-07,1.14307198325494e-07,2.58649597973342e-07,2.03473870269572e-07,2.21004477462737e-07,1.31155922667006e-07,6.82012947304879e-08,6.29057977210395e-08,1.2368809087941e-07,7.37328139878906e-08,1.40862123902279e-07,3.23296475718793e-08,3.18281600589112e-08,2.39381205123582e-08,2.61913354169915e-08,1.81930581016593e-08,9.64656617759230e-09,1.24774497933737e-08,1.49583697018844e-08,3.16450238257926e-08,-2.13554901306466e-09,2.75997206030266e-08,-7.3782170195491e-09,2.88655836435353e-09,2.50821271622971e-08,1.66558068946776e-08,1.33224958299693e-08,2.178251118418e-08,6.28521681062379e-09
1.79395599261892e-07,3.63792002581389e-07,7.0276864981765e-07,2.57179842886265e-07,5.78896073185625e-07,4.22082154857192e-07,5.5367977460456e-07,9.02525134486837e-07,1.12133207645621e-06,8.44006447579733e-07,1.59609032120696e-06,1.49422289387297e-06,7.6430490560872e-07,8.97664327369014e-07,4.89181252185261e-07,1.28650072584281e-06,7.26002224139378e-07,1.03715918405918e-06,7.33745343232687e-07,3.81003457824823e-07,1.71634873686294e-07,5.98574816590925e-07,3.14244518257121e-07,4.78641421661768e-07,2.82116603423288e-07,1.18559379568361e-07,1.55654847698723e-07,2.2853973765454e-07,1.2668069993933e-07,1.95691800663222e-07,6.62366429197253e-08,1.2003832752531e-07,7.85670719178257e-08,7.8700274842458e-08,1.24987436239682e-07,1.03277336663228e-07,8.76203691892098e-08,7.05188131164824e-08,7.15835359871641e-08,1.03730184719199e-07,7.15673400649007e-08,9.57917835338649e-08,5.36367501691918e-08,6.19105213749971e-08,5.45532360473647e-08,5.65769467346198e-08,5.40045646430966e-08,5.37598930871146e-08,1.46812404295017e-07,3.09588322547691e-07,5.68844810841562e-07,2.21346303141977e-07,4.68023035635825e-07,3.67873245392397e-07,4.40490522263754e-07,7.48351564493883e-07,8.8185337170644e-07,6.93860209260632e-07,1.26150967711333e-06,1.16994032775326e-06,6.47109237408494e-07,7.42369545590208e-07,4.33749830927147e-07,1.05468747056777e-06,6.5107845418165e-07,8.91671053959491e-07,6.14902288823085e-07,3.43827193553029e-07,1.18169896983279e-07,5.46615108189265e-07,2.88708695158502e-07,4.61315480595072e-07,2.72824115481117e-07,7.72511314309087e-08,9.44752011109893e-08,2.19707810117832e-07,7.62979979212478e-08,2.03226452840361e-07,3.46006241333445e-08,7.47692408170545e-08,4.73981210892719e-08,3.59906469681464e-08,6.46610108923976e-08,3.3861134362317e-08,5.01848446835655e-08,3.98173470632101e-08,3.93243022395623e-08,5.0916291591053e-08,4.1480247780907e-08,5.55980823698032e-08,3.06039130136965e-08,2.60316036355898e-08,2.61820311464671e-08,2.51422839330326e-08,1.49212326209139e-08,1.14105353134691e-08
2.80765476401369e-07,1.1062523647524e-06,5.89460253765889e-07,4.07226592242506e-07,1.47731043250104e-06,6.11831593746103e-07,2.0939542821915e-06,8.2884991496063e-07,1.09212200005518e-06,2.62760613773001e-06,1.49422289387297e-06,3.88664685553842e-06,6.86372424302728e-07,8.18192857616562e-07,4.92464981131109e-07,1.1371171435329e-06,6.77131422151752e-07,9.44688025287296e-07,6.51116200649543e-07,3.55188839245677e-07,2.21606104700198e-07,5.38008217158737e-07,3.6155384141769e-07,4.75622183448404e-07,2.45083102530702e-07,1.48235401510696e-07,1.40461116209222e-07,2.43568212948319e-07,1.4161175494333e-07,2.03329933088443e-07,7.44473350915926e-08,9.66223720087367e-08,7.33121143188363e-08,7.5298667698009e-08,9.00873776294555e-08,9.10262308284718e-08,6.49455014131856e-08,6.78068042940569e-08,1.01375026270305e-07,7.50203249971466e-08,7.98888188892494e-08,9.62622837126234e-08,5.77343821004312e-08,8.87767303460113e-08,5.12905974013935e-08,6.87726895174622e-08,7.65410552879923e-08,5.53070803510111e-08,2.23034535070883e-07,6.38870626678705e-07,4.93584285337402e-07,3.10558355323867e-07,7.78572121758578e-07,4.30070502365927e-07,1.28112855693569e-06,7.29777552784516e-07,8.32758134356354e-07,1.61983598245198e-06,1.13508160413473e-06,2.44396810418052e-06,6.22919821088132e-07,6.56286288360407e-07,4.43436038909244e-07,8.94344855777554e-07,5.68455053896497e-07,7.75564040979736e-07,5.3095218089113e-07,3.37887271320486e-07,1.45804278149799e-07,4.56199792168546e-07,3.40828443691491e-07,3.82332374946859e-07,2.55087384192125e-07,8.95651185624315e-08,8.91970392501785e-08,2.41850078499427e-07,5.9077829442365e-08,2.28321694789824e-07,3.46437480621977e-08,6.19195947030063e-08,3.32036908825841e-08,1.4110606334005e-08,4.41222238201991e-08,2.02854263754318e-08,3.97923948176555e-08,2.88352552145033e-08,4.96746256618858e-08,3.23115998257528e-08,4.42614131652416e-08,3.90610861031491e-08,1.9763329790507e-08,3.44799619503059e-08,2.19677079456221e-08,2.17744631723445e-08,2.63268535150888e-08,9.15285271087062e-09
1.47524041575327e-07,3.21969971767586e-07,7.32559769278177e-07,2.40202995679211e-07,5.87339773413127e-07,4.5575901877139e-07,4.60323536842964e-07,9.72005230721126e-07,4.51838068968903e-07,8.40127474026566e-07,7.6430490560872e-07,6.86372424302728e-07,1.21717958869865e-06,5.29526544042579e-07,2.97932334638556e-07,9.21365017994266e-07,4.69748405402228e-07,7.67356528461929e-07,4.4627307369631e-07,2.44607865558492e-07,1.96282528226561e-07,3.96752573082659e-07,2.15495778798509e-07,3.31623236672088e-07,1.79354593339608e-07,1.45683803240858e-07,1.25653161243853e-07,1.58612414826733e-07,1.770927829621e-07,1.45327134790578e-07,9.75552052412794e-08,9.21659178639128e-08,9.54010619991591e-08,1.32160437104062e-07,1.29835915454398e-07,1.70337951765348e-07,5.43807388425557e-08,7.69689025172283e-08,7.89946343172538e-08,8.54106716604423e-08,8.4685307429878e-08,8.00685355752832e-08,5.40814889999234e-08,6.39544655332701e-08,4.84635482675251e-08,6.16729656026688e-08,5.5006015051303e-08,7.3724927474017e-08,1.20021213615983e-07,2.3727243009684e-07,6.29207141105296e-07,2.1147713327125e-07,4.64224393170842e-07,4.03816518469211e-07,3.27738224096344e-07,8.20942578829137e-07,3.92966282584059e-07,6.69741653462449e-07,6.48197230067459e-07,5.27340759894653e-07,1.00534059475981e-06,4.54465493015342e-07,2.35435169281733e-07,7.50470602498002e-07,4.23345344498243e-07,6.48552988825631e-07,3.89580667310225e-07,1.94878727712679e-07,1.30056425535617e-07,3.69094295892741e-07,1.59399586390404e-07,3.23516939956374e-07,1.45172753218192e-07,9.20043290097661e-08,7.50871937495057e-08,1.15859029455735e-07,1.14301964770163e-07,1.27051889054182e-07,5.96180447549887e-08,4.95031457614248e-08,5.83803376045372e-08,7.59461503808271e-08,7.19009932797455e-08,6.55954625167352e-08,2.47145280670265e-08,4.3971203153083e-08,5.1821531344433e-08,3.44716912571156e-08,5.27994141908799e-08,3.13296369770026e-08,3.02429148248302e-08,3.39877759385223e-08,2.22171323246193e-08,2.87788079229744e-08,2.86331779726267e-08,2.59561671549035e-08
1.60682455113635e-07,1.82250748420222e-07,3.72280064590494e-07,1.24089504797374e-07,3.27208799197063e-07,2.54695096411566e-07,2.68544926971091e-07,4.5191506795357e-07,1.17039588595831e-06,4.26208165216553e-07,8.97664327369014e-07,8.18192857616562e-07,5.29526544042579e-07,1.43400312373856e-06,7.4746984445489e-07,1.07790821654006e-06,1.18166704506919e-06,8.61243586142555e-07,1.15208904225887e-06,5.74258923837734e-07,2.25695061883349e-07,9.40275269149176e-07,4.52012952110338e-07,7.55783574379799e-07,4.52077059190325e-07,1.63898086790914e-07,1.54463661660357e-07,3.4064181960432e-07,1.34946335937906e-07,2.81488328052472e-07,1.02283255853064e-07,1.17891954180565e-07,8.77484676485041e-08,8.09917710746751e-08,1.3617030205482e-07,1.25213829197817e-07,9.28807098478536e-08,7.90336348024774e-08,7.57754711088756e-08,1.19176007833217e-07,9.13497167635948e-08,1.38682288758823e-07,7.58784307253801e-08,6.86440109218429e-08,6.7078826130066e-08,8.27904427593532e-08,6.70187354678835e-08,8.48641232433714e-08,1.36342513786017e-07,1.20236338403568e-07,3.35029878629913e-07,1.15682322180222e-07,2.82953252484717e-07,2.49324892573414e-07,2.02138273106992e-07,4.24527045972607e-07,9.37869499404195e-07,4.01598381191754e-07,7.62441456700924e-07,6.81330172950173e-07,4.92431359014937e-07,1.15991470414707e-06,6.35916662028593e-07,9.28522402961503e-07,9.8390228706899e-07,7.72200768381824e-07,9.52506804733039e-07,4.93706094373387e-07,1.66007009271584e-07,7.98063860616659e-07,3.98542984974731e-07,6.59688221073681e-07,4.02730966840432e-07,1.18995035416815e-07,1.11465239395891e-07,3.08920215443101e-07,8.94925147324217e-08,2.72935145581757e-07,7.06780338804158e-08,9.05531230843742e-08,5.44003140703096e-08,4.94069929027547e-08,8.30135514169619e-08,4.72312666715131e-08,6.73959811394134e-08,4.60776212348825e-08,3.15959987493787e-08,6.8235982289163e-08,4.98474748965529e-08,9.17498328095062e-08,4.55991515505541e-08,2.24629009018291e-08,2.15507484051854e-08,4.61827628344514e-08,6.66895236177458e-09,3.45749967396809e-08
9.49005036807912e-08,2.26113112665731e-07,1.83437589433151e-07,1.85981893377239e-07,2.38393016377938e-07,1.64250459413408e-07,2.99908976041169e-07,2.44634350019057e-07,5.85360299964759e-07,2.98534884245978e-07,4.89181252185261e-07,4.92464981131109e-07,2.97932334638556e-07,7.4746984445489e-07,1.93447375346196e-06,5.89593467937901e-07,1.46808864482884e-06,1.17692229356139e-06,5.7430870032587e-07,1.48332624930857e-06,6.08407643484358e-07,1.12729009513579e-06,1.07320679079439e-06,8.04479287272033e-07,1.15979451322458e-06,4.76841596139832e-07,2.33238699174059e-07,8.37688426656684e-07,4.13665014784189e-07,6.86656138182196e-07,3.76631415609147e-07,1.68460963827862e-07,2.19441982656621e-07,3.07092308511594e-07,1.67285133054544e-07,3.28323805373343e-07,1.22554328642388e-07,1.68970570169361e-07,1.27108672823421e-07,1.16295927141912e-07,1.79481787824357e-07,1.29877848892483e-07,1.23860859572769e-07,9.35288978836691e-08,1.10271344497173e-07,1.34821670890231e-07,9.25339455520692e-08,1.27252967992912e-07,8.52792150470382e-08,1.49560280304424e-07,1.75114267775368e-07,1.37976762749323e-07,2.16055444495723e-07,1.67373910421872e-07,2.12230654520684e-07,2.23065387397821e-07,4.89290667477757e-07,2.6550630405403e-07,4.31288915947072e-07,3.81222735209727e-07,2.68944289691635e-07,6.1630689515661e-07,1.46421392751174e-06,5.0561392969836e-07,1.20653098218565e-06,9.63592730335208e-07,4.40602834842365e-07,1.10417398151513e-06,4.41029531000945e-07,8.89225525050896e-07,7.97465889181467e-07,6.60806267396591e-07,8.49356622590712e-07,3.37649056877728e-07,1.50666687465917e-07,6.07921648349892e-07,3.12601711692982e-07,5.33209340047741e-07,2.65058593994694e-07,9.49729012025912e-08,1.51476246409594e-07,2.29504015722328e-07,1.23183042687453e-07,2.39073934898094e-07,7.37592868753837e-08,1.16065374819093e-07,8.40657677804565e-08,8.49942782280146e-08,1.04549614167599e-07,9.71819207327213e-08,8.4741609757689e-08,5.39919094341572e-08,8.55173351773e-08,7.87872302830381e-08,5.42977696431594e-08,9.19729805982871e-08
1.3965718470618e-07,2.751663817703e-07,5.95078427192645e-07,2.01984027438036e-07,4.69990608187491e-07,3.50872463249983e-07,4.26244130869839e-07,7.64305153523905e-07,8.97607043359874e-07,6.81320559249173e-07,1.28650072584281e-06,1.1371171435329e-06,9.21365017994266e-07,1.07790821654006e-06,5.89593467937901e-07,1.56707840717414e-06,8.47473612882489e-07,1.21856380647236e-06,8.8236914860141e-07,4.58100611378627e-07,2.01829473646293e-07,6.92309314039372e-07,3.77379117555738e-07,5.57990470569227e-07,3.49036375612342e-07,1.39724739781703e-07,1.90525446524083e-07,2.79876325284918e-07,1.46828898976795e-07,2.39643823492029e-07,8.17801614143995e-08,1.49735265146891e-07,1.13336063889475e-07,9.14775438670589e-08,1.79952949251818e-07,1.3488917745901e-07,1.0998158073418e-07,9.85970735329424e-08,8.96029814190295e-08,1.43223048059465e-07,1.04024989124486e-07,1.44905286724485e-07,7.9518459363836e-08,8.01646638585799e-08,7.31024734488579e-08,8.68645183647152e-08,7.60088376163096e-08,8.668988506435e-08,1.18771569319199e-07,2.13707365583822e-07,4.894876925206e-07,1.89096027167953e-07,3.71730193809326e-07,3.153879342724e-07,3.35260370489333e-07,6.47159361231066e-07,7.42184279161005e-07,5.76024590563126e-07,1.05461513825724e-06,9.19675254452077e-07,7.68054809731728e-07,9.05596211899304e-07,5.09390922180045e-07,1.28928321259007e-06,7.60881673545953e-07,1.03027459551251e-06,7.52885334525744e-07,4.0357463135979e-07,1.49610848445735e-07,6.32156844308355e-07,3.39000096921658e-07,5.33852935525834e-07,3.26959086939079e-07,9.94822991190815e-08,1.27923812479269e-07,2.64922473109794e-07,9.83211653563877e-08,2.47340813837398e-07,5.27907405902201e-08,1.04884397727058e-07,7.1526114856254e-08,5.32457916354352e-08,1.03446122030826e-07,6.67560736001259e-08,7.55544459161395e-08,6.20263130983759e-08,4.74156239851164e-08,7.96486110703176e-08,6.16704886143004e-08,8.40206911221986e-08,5.27841221424385e-08,3.17732224539469e-08,3.26546575094506e-08,4.1584661425854e-08,2.36681426345994e-08,3.44171690044575e-08
1.66675334123484e-07,1.76885213645854e-07,3.1539290787703e-07,1.30825952620118e-07,2.85182312050741e-07,2.27773571178048e-07,2.55631367272673e-07,3.87417655894414e-07,9.60939835501523e-07,3.79995965409823e-07,7.26002224139378e-07,6.77131422151752e-07,4.69748405402228e-07,1.18166704506919e-06,1.46808864482884e-06,8.47473612882489e-07,2.02783364980613e-06,1.50178151737128e-06,9.40400579879525e-07,1.12727863435198e-06,5.01820870333084e-07,1.58759050449173e-06,7.95013168026702e-07,1.15625736155599e-06,8.73248351607239e-07,3.79311151052819e-07,1.86471758759044e-07,6.0668093193786e-07,3.17373638977868e-07,4.92824845363625e-07,2.70794123317475e-07,1.15289318639187e-07,2.00295738587868e-07,2.0739152477867e-07,1.20973920660768e-07,2.48200876777269e-07,8.96975036230864e-08,1.67733569985738e-07,1.11835166512508e-07,9.07198196213375e-08,1.75667478503815e-07,1.19468919511565e-07,1.33174172314562e-07,8.6454821882535e-08,7.94648116251427e-08,1.39061421500746e-07,8.10487127891494e-08,1.35355901301e-07,1.27874791774632e-07,1.1267133733814e-07,2.89963076018838e-07,1.04126441883666e-07,2.47850726808561e-07,2.16188880160129e-07,1.72111656363979e-07,3.5003466857309e-07,7.66787772736494e-07,3.36267717684093e-07,6.27521675274532e-07,5.70851096458162e-07,4.00986194342208e-07,9.36121490850496e-07,1.18278167651392e-06,7.06238680915789e-07,1.57971234804463e-06,1.2257591507366e-06,7.44809372409241e-07,9.00415997902703e-07,3.73517486440667e-07,1.24492815647466e-06,6.51247354973528e-07,9.54690885615358e-07,6.99632631202005e-07,2.79667163363574e-07,1.2231212006071e-07,4.92696705092246e-07,2.35650427775291e-07,4.15758620007936e-07,2.05269680511704e-07,6.49498561896193e-08,1.45081816738422e-07,1.59444107455512e-07,8.83920056606218e-08,1.64229404496038e-07,5.37856531479092e-08,1.21863154492439e-07,6.44076824407155e-08,6.55952251724774e-08,1.06146118812218e-07,8.49675700758973e-08,9.39518266334962e-08,4.23108567120359e-08,5.01872793872618e-08,8.39541266143171e-08,4.50698957712288e-08,1.00379311203936e-07
1.45620598742983e-07,2.55549704166164e-07,5.09575791600884e-07,1.95903800251367e-07,4.0038059855851e-07,3.19272191898966e-07,4.14419620925146e-07,6.50488401419858e-07,7.30978371770611e-07,6.11240109456939e-07,1.03715918405918e-06,9.44688025287296e-07,7.67356528461929e-07,8.61243586142555e-07,1.17692229356139e-06,1.21856380647236e-06,1.50178151737128e-06,2.00298859147825e-06,7.06576914590573e-07,9.10095516742928e-07,4.46300619128503e-07,1.19911244689367e-06,6.66905449030611e-07,8.88494425667526e-07,6.91192033406967e-07,3.34294259153618e-07,2.04764142459468e-07,5.03950220158193e-07,2.99468374648266e-07,4.07690739162921e-07,2.2177004914838e-07,1.30578243181423e-07,2.52085365117548e-07,1.8856893086045e-07,1.39219809949659e-07,2.10748153310106e-07,1.00693781170572e-07,1.99279878491039e-07,1.404273202136e-07,1.13556896362692e-07,2.07222651181466e-07,1.19076745968779e-07,1.49180572605182e-07,1.08045863265947e-07,9.78318144454883e-08,1.61416509989677e-07,9.51396478065019e-08,1.55480436126315e-07,9.98876459176173e-08,1.90258775557262e-07,4.24648230547501e-07,1.64702773198068e-07,3.17939069921371e-07,2.80693603515977e-07,2.91612354208122e-07,5.4395928762696e-07,6.11867966386298e-07,4.86025954969067e-07,8.73561272418948e-07,7.67807880412819e-07,6.27115543413351e-07,7.27611193295589e-07,9.81811085244813e-07,9.99325046917149e-07,1.22359725027019e-06,1.57488137628521e-06,5.87246552039643e-07,7.68851949015789e-07,3.25398881568346e-07,9.8807369443849e-07,5.75777068952085e-07,7.75750209749288e-07,5.96597445926467e-07,2.40995428378865e-07,1.16654010941698e-07,4.39072253897074e-07,2.00418956376393e-07,3.69235752103309e-07,1.58438682298904e-07,6.13758637696442e-08,1.75171814227511e-07,1.22959798014937e-07,7.56852025597808e-08,1.37129485077556e-07,5.43112554828168e-08,1.43044217140712e-07,8.34680253361216e-08,6.56582568528031e-08,1.2914623560085e-07,6.46148780669397e-08,1.08831059613002e-07,5.91977559810826e-08,6.58173811348268e-08,9.28655434032685e-08,6.03806929384459e-08,1.06348529595805e-07
1.29467598407417e-07,1.58041794617298e-07,3.16506874213077e-07,1.01419871057919e-07,2.66025995851609e-07,2.08874068530432e-07,2.34856320610605e-07,3.83596230055594e-07,9.41529661324419e-07,3.52345676251395e-07,7.33745343232687e-07,6.51116200649543e-07,4.4627307369631e-07,1.15208904225887e-06,5.7430870032587e-07,8.8236914860141e-07,9.40400579879525e-07,7.06576914590573e-07,1.45453871681988e-06,6.74305113847654e-07,2.73672106998396e-07,1.18145957660833e-06,5.3170050035974e-07,9.68111123153641e-07,5.23790620607093e-07,1.86420766801381e-07,1.71120640370271e-07,3.84802503493205e-07,1.51286249640808e-07,3.16704140129373e-07,1.19773733000941e-07,1.30111052002208e-07,1.11788420276362e-07,9.00469831746806e-08,1.60932476672423e-07,1.29843514628799e-07,1.06322166969077e-07,9.83854797933463e-08,1.00995656587964e-07,1.43822330295028e-07,1.15279207977619e-07,1.77887313419461e-07,8.74651528971688e-08,9.13721031880582e-08,9.04237404094688e-08,1.02952135769483e-07,9.21356132894599e-08,1.14485338191018e-07,1.07088075339126e-07,1.07743925516004e-07,2.85545114189852e-07,9.58647270728088e-08,2.35659520608639e-07,2.1114814155599e-07,1.77591564775083e-07,3.7047565245687e-07,7.74857293508753e-07,3.42204356487816e-07,6.41021677194066e-07,5.64885791243782e-07,4.27651787464808e-07,9.52592657888419e-07,4.93677953698851e-07,7.7968113339443e-07,7.98622564447391e-07,6.46986301133314e-07,1.17986545097798e-06,5.38780238448707e-07,1.92118498036516e-07,9.66567962292748e-07,4.39837315694024e-07,8.05716794068726e-07,4.39009596793678e-07,1.27962934697617e-07,1.19878272498207e-07,3.30150667775705e-07,8.74504254843618e-08,2.91676272465887e-07,7.42180920824814e-08,1.00892667345511e-07,7.75174409000369e-08,4.64557682841782e-08,1.03581605654166e-07,4.9574134950985e-08,8.41300973230276e-08,6.41666975707879e-08,4.40942469280579e-08,8.75036841738693e-08,6.73794619767683e-08,1.17210156160021e-07,5.80276654336401e-08,3.201009367559e-08,3.59449432883207e-08,5.98143175771189e-08,1.88862672298722e-08,5.01304209787892e-08
