3.48122449636714e-07,1.57542964835381e-07,7.19592037246243e-08,2.91242281130209e-07,1.49690502922903e-07,2.86726792263513e-07,1.1656173611028e-07,5.77261388618587e-08,6.40915395948088e-08,1.1041405789004e-07,6.10264907496182e-08,1.24713477764698e-07,5.14478998771345e-08,5.33762307302876e-08,4.2357814766505e-08,5.28557115888056e-08,7.00186290642413e-08,6.82714207328593e-08,4.38877508872584e-08,3.57696057137566e-08,2.71664765701989e-08,6.04365467336989e-08,3.7826720508221e-08,6.45059097287068e-08,3.06572153068498e-08,1.99150328682554e-08,1.36074596727125e-08,3.18628103588665e-08,2.00827487319484e-08,2.42306099755787e-08,1.58062260084944e-08,1.0730045183056e-08,1.62670961549765e-08,1.60000142105859e-08,1.30119815342616e-08,2.3600674164341e-08,8.89360495634084e-09,1.5763217860022e-08,2.13515724562793e-08,1.11101705448116e-08,1.9870117718489e-08,1.60058752011991e-08,1.59406715341156e-08,2.05571302863213e-08,8.89619720123579e-09,1.93293576089209e-08,1.47094157126979e-08,1.56762474905096e-08,2.33354536378095e-07,9.33897627935202e-08,8.70166053283753e-08,1.62139713690407e-07,1.04993256387852e-07,1.81623335351681e-07,7.51860980947805e-08,4.7251775429871e-08,2.69305057456576e-08,6.55529946312526e-08,1.49744321235503e-08,1.11093894821632e-07,4.73013481890157e-08,4.13717896243887e-08,3.65563222590783e-08,2.60231726664697e-08,5.81519062375635e-08,4.43144796468864e-08,3.16352223210714e-08,3.03890259827013e-08,1.71776723862476e-08,4.76120856760406e-08,2.90406486168215e-08,5.0616624319215e-08,2.71984246755459e-08,1.59371495956937e-08,2.2363407834271e-08,2.74710708203427e-08,1.45541380676483e-08,2.03685731268428e-08,1.24451009492504e-08,1.92016711345221e-08,1.6917092058991e-08,1.05455080170892e-08,2.06969560995885e-08,2.07820306767388e-08,1.80408086024666e-08,1.72093279491603e-08,1.57401564688786e-08,1.94835766990308e-08,1.35610866399803e-08,1.73905717082177e-08,1.66152659241961e-08,1.35446326523198e-08,5.9796528238762e-09,1.23235108443109e-08,1.87936833285193e-09,2.40594373733013e-09
1.57542964835381e-07,6.33366178003972e-07,2.65401805679625e-07,3.93238766628249e-07,5.6000025202697e-07,3.46638332324641e-07,5.02125628033352e-07,2.29271024810668e-07,1.58890334676111e-07,4.43062673642002e-07,2.28876506930094e-07,4.4131190611656e-07,1.80625081574671e-07,1.39817395907763e-07,7.44760001955804e-08,1.94962573545486e-07,1.54118442637968e-07,2.00994571496786e-07,1.13521509369328e-07,5.86432354118225e-08,1.94389633851675e-08,1.2994420401683e-07,4.65021791330412e-08,9.40579326283347e-08,5.05873550755766e-08,1.7696410031855e-08,2.39079211089932e-08,4.35517893822573e-08,2.46516784111633e-08,4.66448282506425e-08,1.40636427460964e-08,2.05411679793501e-08,1.13424960271117e-08,2.03050029061399e-08,2.05493190440204e-08,2.11241188109605e-08,1.93718589286484e-08,9.03347068009147e-09,2.44072293908322e-08,1.80390680326288e-08,1.92137117499287e-08,2.40185546849553e-08,1.01639123645886e-08,2.42213558620972e-08,1.1598291906867e-08,1.98505125798402e-08,1.57121888270293e-08,1.5336967013397e-08,1.16541589982926e-07,4.82579802205764e-07,1.45412153651295e-07,2.82439826582166e-07,3.70377849400517e-07,2.07664854700778e-07,4.35596928549339e-07,1.33974686216738e-07,2.70030626431369e-08,3.88536732389278e-07,8.18862869656529e-08,3.7509433649036e-07,1.2093427570837e-07,3.00514953907832e-08,3.41734694410972e-08,7.27664678848243e-08,8.49275796985993e-08,1.38533191952624e-07,1.19528796523354e-08,3.41561800464241e-08,7.67864030463084e-09,6.48670645705407e-08,4.2956500486193e-08,5.61948410590983e-08,3.33171193651381e-08,1.62762344632613e-08,3.49956335851784e-08,4.04448052696382e-08,1.18485993540215e-08,3.18422768866982e-08,8.84915613023460e-09,2.97103077839907e-08,8.2646628675784e-09,6.16416317064553e-09,2.69700526739484e-08,1.04247592340481e-08,2.63200231786478e-08,4.79531374965164e-09,2.13368277982606e-08,2.40140791875493e-08,1.28026496412811e-08,2.81906140210103e-08,7.42718648328686e-09,2.0658682443658e-08,4.78507706991337e-09,1.54658718518988e-08,2.7767441239321e-09,5.83306587895579e-09
7.19592037246243e-08,2.65401805679625e-07,6.15635818174652e-07,2.45864836708763e-07,4.56763588144771e-07,4.39599410648359e-07,2.2947474035443e-07,5.10728119332494e-07,2.25095726396301e-07,3.75925538214348e-07,4.47941211740528e-07,3.13195492592656e-07,3.66567077648202e-07,1.89224119000924e-07,5.07516221729995e-08,3.47598653593201e-07,1.75605172862725e-07,3.14126753750534e-07,1.52252518495852e-07,4.31995981210407e-08,2.49419269218627e-08,1.4480440393269e-07,3.4906344342011e-08,1.1671587750254e-07,3.57995671349772e-08,2.35878587661396e-08,2.27596170871481e-08,3.28550376269445e-08,2.8130551007023e-08,3.61112944322357e-08,2.19393874703471e-08,2.10332722319251e-08,1.91150806786901e-08,2.56091665277115e-08,3.31745033711727e-08,3.99904179897619e-08,1.80115490314409e-08,1.52588335321755e-08,3.16090547454387e-08,2.75089925187224e-08,3.00569117359974e-08,3.54363133200299e-08,1.59900471530433e-08,3.07756386602717e-08,1.45869761568896e-08,2.89065595152411e-08,2.34131721761977e-08,2.50492684285753e-08,7.33116119942745e-08,3.30918957359333e-07,3.75365375272399e-07,2.01409720340649e-07,4.58148148976184e-07,3.2497918421066e-07,3.0106563914898e-07,2.5746704924768e-07,8.86215159862128e-08,3.73283530088246e-07,2.86361999079678e-07,3.12991549841552e-07,2.76148550436332e-07,6.51393340814751e-08,3.3067732048709e-08,2.15134146757511e-07,9.39588858250563e-08,2.24230716195091e-07,5.00720614613926e-08,2.35359503872666e-08,1.8639953639914e-08,7.44216002014572e-08,2.61257448317959e-08,5.94814825749973e-08,2.19419201014707e-08,2.46040289008978e-08,2.62458021636706e-08,2.48055533145067e-08,2.27941828968337e-08,1.50835084877915e-08,2.16613462679122e-08,2.24949829416826e-08,1.66621283092794e-08,2.09201833401398e-08,3.55716156094369e-08,3.84564973976829e-08,1.75366718294154e-08,1.28505319380586e-08,2.75153968057326e-08,2.61328378385324e-08,2.89952683917062e-08,3.14241224807493e-08,1.0946271470357e-08,2.53150895182037e-08,5.76554854542732e-09,2.64928957382522e-08,7.96828913184091e-09,1.93807886446374e-08
2.91242281130209e-07,3.93238766628249e-07,2.45864836708763e-07,6.20031212581305e-07,3.5255646833495e-07,5.3720592027113e-07,3.0499484423942e-07,2.11396663809812e-07,1.53445211550755e-07,2.79922688775303e-07,1.99109185745716e-07,2.68643006436576e-07,1.74992273795813e-07,1.3724758198081e-07,8.1591883020322e-08,1.73108381452178e-07,1.55252317695869e-07,1.96228284486553e-07,1.05051020011234e-07,6.5774626519007e-08,3.48009894636986e-08,1.25757397521727e-07,5.45847832903741e-08,1.12005831811946e-07,5.65585241634112e-08,1.83976118017408e-08,2.73610703059561e-08,4.8375603332169e-08,2.64038481396287e-08,4.86515745393334e-08,1.48719032003834e-08,2.29812452978861e-08,2.44525845955776e-08,2.17811412218394e-08,2.19620855256283e-08,2.10335293506126e-08,1.8793406345667e-08,2.08994451995415e-08,2.63043477366644e-08,1.45154181495349e-08,3.30711150226832e-08,2.65772434308232e-08,2.20451238845177e-08,2.50855012410787e-08,1.64026756342259e-08,3.28155790719644e-08,1.75099913962809e-08,2.61277053111128e-08,2.05481020364816e-07,3.64513540032191e-07,1.68375742021054e-07,4.42110186868714e-07,2.88313497727243e-07,3.75890462746756e-07,3.10298308763177e-07,1.41561185285464e-07,5.1968670485185e-08,2.55984521225837e-07,8.77610855868796e-08,2.49714610343667e-07,1.32479126246006e-07,4.39152477054416e-08,3.48169538811223e-08,7.83559102986267e-08,7.4118174782039e-08,1.18992648299625e-07,1.77850618161153e-08,4.45987236699865e-08,2.42151268778611e-08,5.12658861585937e-08,4.93320100858615e-08,6.99374539627281e-08,4.46254656143807e-08,1.11244021954434e-08,5.57765011346195e-08,3.98579593149756e-08,3.25124736465259e-08,5.36403740900183e-08,8.81478481100859e-09,4.85153546438937e-08,2.53581253990933e-08,2.67124586899309e-08,3.12562697726045e-08,2.17579281491942e-08,4.5475631426708e-08,2.21114310859469e-08,2.71718137099676e-08,2.33465267628074e-08,3.53331910176275e-08,3.06159684598216e-08,2.37038477316726e-08,2.36322854060157e-08,1.68087925311072e-08,3.63084246644063e-08,2.83322760389623e-09,1.6875948742506e-08
1.49690502922903e-07,5.6000025202697e-07,4.56763588144771e-07,3.5255646833495e-07,8.39217671660077e-07,5.5713628128742e-07,4.43412784118408e-07,3.75833977816603e-07,2.25489257482005e-07,6.49153524475629e-07,3.22577711068419e-07,5.94322619403185e-07,2.79027000056429e-07,1.83050562193993e-07,4.897201253311e-08,2.65913430478173e-07,1.80882458958603e-07,2.58738326425334e-07,1.5376961804589e-07,4.15181118969314e-08,6.26066926580037e-08,1.55303833314302e-07,3.54578439150564e-08,1.51889373419781e-07,3.46577621072082e-08,2.83345104435978e-08,2.36000461972072e-08,3.18083351802707e-08,3.40042083639498e-08,3.62190140307248e-08,2.44122360027672e-08,2.01510530468649e-08,9.29728366038099e-09,2.85536872819384e-08,2.40937446024188e-08,3.2910394471621e-08,1.87090503800895e-08,7.71297729453926e-09,2.82981212410413e-08,2.09715871914256e-08,2.40158162140024e-08,3.44201035056996e-08,8.69877991741545e-09,2.85348790610036e-08,1.41413058855612e-08,2.45424296553101e-08,2.14437653702743e-08,2.02915617968433e-08,1.16747221219471e-07,4.23079191120665e-07,3.2156825041936e-07,2.76733860057249e-07,5.52667658699725e-07,4.08716148461677e-07,4.16419904156538e-07,2.45833690784472e-07,8.04926753074695e-08,5.29054950708512e-07,1.68955186566416e-07,4.82136993149018e-07,2.31356756833693e-07,6.61631092251419e-08,-6.78467590296610e-09,1.62155821114901e-07,9.72172623405508e-08,1.97855218103066e-07,4.82792414972491e-08,-7.10472412572067e-09,5.75556640397203e-08,7.8562507169315e-08,3.88217269604901e-08,1.3455983282232e-07,5.25073726009977e-09,1.54007082299537e-08,3.09613731036654e-08,2.42760304581827e-08,1.88724558511328e-08,2.19592063317771e-08,1.10323865409477e-08,2.73059818338038e-08,3.54871425454983e-09,1.47396385016012e-08,2.68918697598996e-08,1.83362559899234e-08,2.38822543101394e-08,2.08535338183128e-09,2.12745778358183e-08,2.32206082787461e-08,1.9844463835718e-08,3.4531835181206e-08,1.85935986450744e-09,2.2885421375869e-08,8.56588443698892e-09,1.95506573108929e-08,5.85481066952833e-09,5.14340023515407e-09
2.86726792263513e-07,3.46638332324641e-07,4.39599410648359e-07,5.3720592027113e-07,5.5713628128742e-07,7.84621604420366e-07,2.71364835251266e-07,3.63918893886132e-07,2.35459598547642e-07,4.32182308469155e-07,3.19452879265972e-07,3.91975664897783e-07,2.80200685765795e-07,1.9958434895679e-07,6.03549666851602e-08,2.64762672001631e-07,1.92395207908341e-07,2.67824825258861e-07,1.54707687446596e-07,5.01527733197222e-08,3.5290182881979e-08,1.55323750631241e-07,3.69095516756168e-08,1.30256655137028e-07,4.23398318808045e-08,2.76021391965779e-08,3.00328465686235e-08,3.31685180617939e-08,3.76817444331947e-08,3.70050973510092e-08,2.28414920301765e-08,2.47920473223262e-08,3.05389831303506e-08,3.04420298174886e-08,3.0790922276015e-08,4.02858015501857e-08,1.98503663791418e-08,2.46942728040886e-08,3.61910616577528e-08,2.23810094160011e-08,4.39004159855908e-08,4.13122817623862e-08,2.54150374211962e-08,3.50530583077885e-08,1.81163991686577e-08,4.31896718639093e-08,2.72722115058266e-08,3.6200450970436e-08,2.2153674903987e-07,3.3197367814249e-07,3.27958224064363e-07,4.24165450702281e-07,4.65700737589153e-07,6.18242014695372e-07,3.13953125764829e-07,2.60484442148804e-07,1.00132959479541e-07,4.05350008580297e-07,1.96046156291129e-07,3.63800519720112e-07,2.50524546225678e-07,8.10128852116521e-08,2.90656065629838e-08,1.80209293886968e-07,7.73995543683245e-08,1.88825600590242e-07,5.70246651001073e-08,2.26070636456071e-08,1.86483432834416e-08,5.88837028503495e-08,3.65710889147121e-08,7.96927571351735e-08,2.21390300075031e-08,1.80442621034036e-08,6.18034242469292e-08,2.87052869408792e-08,4.47429493296622e-08,5.04993265345048e-08,1.59332285778221e-08,5.45803077915106e-08,2.79154103707251e-08,3.79343800736839e-08,3.70330966065603e-08,3.80651106364828e-08,4.7062428364485e-08,2.26922182832292e-08,3.16333978060935e-08,2.46770803255985e-08,4.25043768473672e-08,4.20932345844411e-08,2.20377199379088e-08,2.92361580984123e-08,2.44378998671569e-08,4.0539209490264e-08,1.20729289481638e-08,2.29346059043564e-08
1.1656173611028e-07,5.02125628033352e-07,2.2947474035443e-07,3.0499484423942e-07,4.43412784118408e-07,2.71364835251266e-07,9.30434947432788e-07,2.71113075140194e-07,1.88137890756002e-07,8.36181899731742e-07,2.9286461714052e-07,7.64727396400146e-07,2.17354022063841e-07,1.56358779465909e-07,1.31586930582658e-07,2.42342298369731e-07,1.80879961271649e-07,2.73254244060286e-07,1.28259395270689e-07,1.09099570480103e-07,3.600700099526e-08,1.53609898786051e-07,9.70908183500531e-08,1.16636536767741e-07,9.38846874163069e-08,3.23080339590381e-08,3.13154069352376e-08,8.6753373891986e-08,3.2878301446686e-08,8.10143258940236e-08,2.26369180622224e-08,2.48499434352117e-08,2.30846031413482e-08,2.61530333156826e-08,2.90431685531605e-08,2.70691931376294e-08,1.85769068961268e-08,1.94435322078668e-08,2.48607434728043e-08,2.05257002680279e-08,1.40711877858698e-08,1.96045895355001e-08,2.22474613427461e-08,2.21580811972485e-08,1.46914799672671e-08,1.57086224607942e-08,3.3109082428963e-08,2.53982055347885e-08,8.64572353834021e-08,4.34829368726677e-07,1.34699088735967e-07,2.28168805364655e-07,3.88240478971351e-07,1.7907973520877e-07,6.16311652675988e-07,1.80810710983255e-07,7.70933531560912e-08,3.169053675842e-07,2.10034599241735e-07,5.73743363812715e-07,1.6367769787452e-07,6.75904218241045e-08,1.01567794283848e-07,1.75432930306669e-07,1.7713374433568e-07,3.21621875612614e-07,4.56534500117195e-08,9.09420358388602e-08,2.9825463536942e-08,1.45006858048234e-07,8.06675349253548e-08,9.25872704082969e-08,8.20331829133113e-08,3.45489711147342e-08,3.46736513891546e-08,7.27219459364848e-08,1.81330580200294e-08,5.38026862061014e-08,3.38448929186327e-08,3.14886907033384e-08,2.05259603979093e-08,1.76851061413409e-08,4.78060713657997e-08,2.83479744220233e-08,2.80053312674367e-08,1.61791309150323e-08,2.05798606837006e-08,4.26478108658193e-08,1.32039151884868e-08,2.63974465088069e-08,2.2130498937877e-08,1.87917099205636e-08,1.66233474848377e-08,1.5084098211159e-08,2.33132919111059e-08,2.51728514870803e-08
5.77261388618587e-08,2.29271024810668e-07,5.10728119332494e-07,2.11396663809812e-07,3.75833977816603e-07,3.63918893886132e-07,2.71113075140194e-07,5.56970687698315e-07,2.38317773451941e-07,4.43882346575378e-07,4.94442677063507e-07,3.91178689495734e-07,3.96342683193953e-07,1.97877603950386e-07,6.20393680325331e-08,3.71611349492003e-07,1.90133643092556e-07,3.49240499588784e-07,1.59006503746094e-07,5.20165382058393e-08,3.57132450262109e-08,1.56101986510321e-07,5.24826230860745e-08,1.37653895845048e-07,4.33166283298532e-08,3.26106138050325e-08,2.17213759572536e-08,4.76749424962685e-08,3.68432247199364e-08,3.82816068085359e-08,2.99263492656344e-08,1.96477881430983e-08,2.22352378656425e-08,3.31057863129162e-08,3.28880360935401e-08,4.57772581951087e-08,1.75138578962558e-08,1.8903944241518e-08,3.69792538387662e-08,2.7704978516149e-08,2.84160332561695e-08,3.40390027202724e-08,2.003096130259e-08,3.68751627830842e-08,1.41261344340726e-08,2.83761835392869e-08,3.43018030592348e-08,2.69627903306066e-08,6.08178888903956e-08,3.00693572883813e-07,2.57605362966609e-07,1.88944325725854e-07,3.73142826345588e-07,2.6737288507683e-07,3.67149235958521e-07,2.83154636164139e-07,1.01834224511116e-07,4.40261830750253e-07,3.2760270549381e-07,3.86959274544798e-07,2.84000395193229e-07,8.26543901955971e-08,4.44889379578228e-08,2.40016746030483e-07,1.29713929175308e-07,2.74661631612522e-07,6.59152329566069e-08,2.86451212195968e-08,3.48098733679092e-08,1.04405803295991e-07,3.23293105975878e-08,8.47983566724501e-08,2.59849296858864e-08,3.75979285708863e-08,2.30704543278368e-08,2.98259483829738e-08,2.74265516095025e-08,1.38990356797227e-08,3.29679207718524e-08,1.97378440538275e-08,1.94564909133119e-08,2.47236822882365e-08,3.89264931057923e-08,4.32915522910767e-08,1.49381505844519e-08,1.62363466973607e-08,3.54953729824904e-08,2.89190609171753e-08,3.0046593442208e-08,3.014520975758e-08,1.60051083440699e-08,3.43395426191412e-08,9.90727095631526e-09,2.90094768110325e-08,2.11210591689211e-08,2.53037136809089e-08
6.40915395948088e-08,1.58890334676111e-07,2.25095726396301e-07,1.53445211550755e-07,2.25489257482005e-07,2.35459598547642e-07,1.88137890756002e-07,2.38317773451941e-07,7.13798885145155e-07,2.55887430649575e-07,5.91765492231926e-07,5.51599721350553e-07,1.98058052727932e-07,5.63014201246486e-07,2.27330376140258e-07,4.55655868963271e-07,4.81215551790813e-07,3.81164451194088e-07,4.4523364340654e-07,1.7397338006165e-07,7.8310630882838e-08,3.87115768313863e-07,1.56066037862793e-07,3.51470075003393e-07,1.44099369330885e-07,6.89689704484218e-08,5.03709911454559e-08,1.33129104632988e-07,5.63901129656801e-08,1.08743516628493e-07,5.65056457918547e-08,4.3780479586072e-08,6.71100048874262e-08,4.45454360657178e-08,7.33961023233302e-08,6.71286494133479e-08,3.07682483153605e-08,2.81585146196265e-08,2.76139305875257e-08,3.67027994724835e-08,2.85579977722723e-08,5.53762044127509e-08,2.81015749512517e-08,2.73686099080571e-08,4.01593543792121e-08,2.81131650399898e-08,3.40262609588253e-08,3.13582172685118e-08,6.59905091853238e-08,2.0565163324e-07,1.16757137744488e-07,8.46902014403144e-08,2.83833148752902e-07,1.76207512958816e-07,1.93046585793871e-07,1.21830767471171e-07,2.54981947063727e-07,2.80935042547321e-07,2.53616096273113e-07,4.69524491671122e-07,1.21274826190052e-07,2.34159750786493e-07,1.60842529472595e-07,2.29513315034662e-07,1.94159539135994e-07,2.1524128349167e-07,1.88608266545375e-07,1.26493962235545e-07,3.92567382663219e-08,1.59734499772458e-07,1.1278878703116e-07,1.39616911904637e-07,1.0676211192035e-07,4.76421176787213e-08,7.21992626287406e-08,1.06446313875418e-07,3.27066456754029e-08,4.86778212944336e-08,3.96976698461909e-08,6.54631373677294e-08,5.62018075485994e-08,2.89828434052256e-08,6.96982997941839e-08,4.53952427831e-08,3.04031701761779e-08,2.09657004335447e-08,2.62831595265349e-08,3.13448979655763e-08,2.66066050151499e-08,5.50830627856682e-08,2.01636780263811e-08,2.84767018640139e-08,3.24536847930473e-08,2.9909326162604e-08,3.2877009099932e-08,2.53796218813708e-08
1.1041405789004e-07,4.43062673642002e-07,3.75925538214348e-07,2.79922688775303e-07,6.49153524475629e-07,4.32182308469155e-07,8.36181899731742e-07,4.43882346575378e-07,2.55887430649575e-07,1.11805176285376e-06,4.08809135491289e-07,9.84647654002331e-07,3.3706978783903e-07,2.01850569115413e-07,8.56359866621828e-08,3.30916407781674e-07,2.2432448161968e-07,3.66807396072009e-07,1.69680187244626e-07,7.289653505326e-08,8.55364875991973e-08,1.92374977962184e-07,7.97985051770614e-08,1.96113387391442e-07,6.14387870672679e-08,5.04142435537075e-08,2.77432992046465e-08,6.98385791729221e-08,4.71369699309634e-08,4.79139178119049e-08,3.8750324183319e-08,2.27092367899452e-08,3.03344764710598e-08,3.90812993024034e-08,3.62610687797989e-08,4.46497562587323e-08,1.77847949747248e-08,2.72155205497043e-08,3.02511304551423e-08,2.72810339595098e-08,1.94329194195737e-08,3.16872906449303e-08,2.94684058383665e-08,3.03666872220488e-08,1.70594711018277e-08,2.15563155092387e-08,5.10301594020913e-08,3.71082585665497e-08,8.5020669063351e-08,4.1543548060051e-07,2.46396984398193e-07,2.2962066801711e-07,5.28679982094226e-07,3.19954409290374e-07,5.10591739515082e-07,2.82092316688225e-07,1.39037715945275e-07,4.5822251406964e-07,3.29522360816369e-07,7.52241118550832e-07,2.63969901225701e-07,1.13041248599529e-07,3.74567613860774e-08,2.91098869535738e-07,1.98271364120778e-07,3.99284188681849e-07,9.03009167253912e-08,2.75741736306199e-08,7.9207382516244e-08,1.66050501024509e-07,5.78799301077587e-08,1.82195466526517e-07,3.32760418640461e-08,3.6770511715659e-08,3.02276769486127e-08,4.10747344061558e-08,2.43505948514429e-08,3.11736875046328e-08,3.89211508621073e-08,2.97215588651354e-08,2.6044642562307e-08,2.60789443340954e-08,6.27725381363015e-08,3.85232911629993e-08,2.64079772957299e-08,2.18218340082124e-08,2.10228593945224e-08,5.43380184741786e-08,2.06318397983296e-08,3.543705301526e-08,2.78248892224971e-08,2.33436335040986e-08,2.60219283868753e-08,2.43936979405882e-08,4.1454456395286e-08,4.03707370885425e-08
6.10264907496182e-08,2.28876506930094e-07,4.47941211740528e-07,1.99109185745716e-07,3.22577711068419e-07,3.19452879265972e-07,2.9286461714052e-07,4.94442677063507e-07,5.91765492231926e-07,4.08809135491289e-07,9.30872488604607e-07,7.58215567621318e-07,3.71800398353894e-07,4.55545665255693e-07,1.86834985599002e-07,6.90379928943107e-07,3.67500889024041e-07,5.67658552419425e-07,3.51569289751707e-07,1.33398369460367e-07,5.66511362919961e-08,2.84237743152532e-07,1.37310532710313e-07,2.53371441385684e-07,1.1008919326431e-07,5.21886284424409e-08,6.10427133797367e-08,1.19212260013764e-07,4.72160438999115e-08,9.90425569255699e-08,4.28437793804462e-08,5.36824379214791e-08,6.06171392993931e-08,3.74942862440885e-08,8.81430824435923e-08,5.83436333508345e-08,4.04124754273323e-08,2.84692925741347e-08,3.63014781707571e-08,5.3584515216186e-08,3.24611905703615e-08,6.38807296755593e-08,2.90388902421124e-08,3.65472905374291e-08,4.10028240321639e-08,3.34286056462839e-08,4.20299119702283e-08,3.75796014370482e-08,8.69133725134511e-08,3.58613348543681e-07,2.06009496941814e-07,2.0171423411238e-07,3.999894452881e-07,2.70917169319738e-07,4.01362574765589e-07,2.31771011065329e-07,2.21654233633236e-07,4.18348415730883e-07,4.75598541569189e-07,6.51571539399268e-07,2.45672121689914e-07,2.01898415002796e-07,1.31070673610317e-07,4.02658945831532e-07,1.81598041141885e-07,3.86018490608481e-07,1.82099680800711e-07,8.79122872564918e-08,3.28363694530572e-08,1.53480231935112e-07,1.21109616547975e-07,1.38839750747501e-07,7.36218783926708e-08,4.05108756631809e-08,6.00927879341472e-08,1.06340870984187e-07,2.57035073537558e-08,5.88946886173564e-08,3.17467047621696e-08,5.26056428275236e-08,4.45357240318916e-08,2.23231686249186e-08,7.43427624858443e-08,2.73736395505305e-08,2.31648218431257e-08,1.77567062107819e-08,3.00582733041978e-08,3.9188125263448e-08,2.94861129821746e-08,5.45723902448059e-08,1.97308253615109e-08,3.24879905368886e-08,3.23149056562013e-08,3.3845920716329e-08,3.57002722616508e-08,3.38587280397087e-08
1.24713477764698e-07,4.4131190611656e-07,3.13195492592656e-07,2.68643006436576e-07,5.94322619403185e-07,3.91975664897783e-07,7.64727396400146e-07,3.91178689495734e-07,5.51599721350553e-07,9.84647654002331e-07,7.58215567621318e-07,1.41666956234587e-06,3.22378050018586e-07,4.29933796761029e-07,1.95707022194464e-07,5.94039288650531e-07,3.81710802067237e-07,5.49931221593885e-07,3.41008636521593e-07,1.42116271892196e-07,8.41044954927298e-08,3.05585699052833e-07,1.46263391844915e-07,2.8004578773353e-07,1.1962694131977e-07,5.98388772914715e-08,6.78141931339893e-08,1.26886420381578e-07,5.45727524661551e-08,1.00086161308058e-07,4.5204513390201e-08,5.51582987003637e-08,6.5510103430188e-08,4.02191078236269e-08,9.21920566435051e-08,5.55514398254914e-08,4.2955417733183e-08,3.73273798850198e-08,3.05211761653163e-08,5.97215685315799e-08,2.41447713854976e-08,6.78365186918338e-08,3.93949222138949e-08,3.15633931436143e-08,4.02197457302428e-08,2.65348545327379e-08,6.35316311620408e-08,5.15313728028608e-08,1.01860121597484e-07,4.552679170279e-07,2.14741359096388e-07,2.26425193418961e-07,5.41801197711918e-07,2.98897428225153e-07,6.50347334100388e-07,2.72064430960152e-07,2.215011189925e-07,6.0024337227868e-07,4.21181017096722e-07,1.13141965485012e-06,2.60168395863901e-07,2.30077348552194e-07,8.43197119800585e-08,4.46093565942992e-07,2.46048709420233e-07,4.9118588293922e-07,2.01179477064237e-07,6.04662310164977e-08,4.17076497756033e-08,2.10386263996531e-07,9.07993842727755e-08,1.92622321139416e-07,5.91840618794172e-08,2.70730056949068e-08,6.10622513764309e-08,7.98155631887456e-08,1.33772137690208e-08,6.06104914635543e-08,3.03597030531943e-08,5.56900349991766e-08,5.5097787681116e-08,2.07352550485086e-08,9.67335172366202e-08,2.92038429049517e-08,3.43793254345532e-08,2.88971673408186e-08,1.861815810528e-08,6.94886100576984e-08,2.53453346188485e-08,6.93175146159935e-08,3.49559105901939e-08,2.30679536185562e-08,4.37332736964417e-08,3.05512231888648e-08,5.60009891211373e-08,5.00680911354831e-08
5.14478998771345e-08,1.80625081574671e-07,3.66567077648202e-07,1.74992273795813e-07,2.79027000056429e-07,2.80200685765795e-07,2.17354022063841e-07,3.96342683193953e-07,1.98058052727932e-07,3.3706978783903e-07,3.71800398353894e-07,3.22378050018586e-07,4.9776700630735e-07,2.12954871813776e-07,7.0624026131501e-08,4.45531377798147e-07,2.05125129436425e-07,4.29153724379215e-07,1.71524309364588e-07,5.78720979310652e-08,4.72549325231363e-08,1.69420890035274e-07,5.92101981913326e-08,1.39348101627799e-07,4.80352322933755e-08,4.22266770681337e-08,3.16356208862113e-08,5.31091428194599e-08,4.84865744457119e-08,4.55126879219248e-08,3.75533462509348e-08,2.66153554554855e-08,2.30737395160585e-08,4.31286564896549e-08,3.33093928403832e-08,4.67489999513148e-08,2.35300513445354e-08,1.85786514947472e-08,4.72657039354233e-08,2.8073450396058e-08,2.95341771671422e-08,3.52428245281799e-08,1.93264378796197e-08,4.775087409631e-08,1.54788150910417e-08,2.92562050927285e-08,3.45484761844828e-08,2.86513347220315e-08,5.53620506731675e-08,2.48621891917008e-07,2.75711577450608e-07,1.61476197888745e-07,3.38825039672126e-07,2.58782215829058e-07,3.07373053564343e-07,2.83365638066775e-07,8.25673317108785e-08,4.0669477892876e-07,2.39898856758334e-07,3.44292283096223e-07,3.0027595235918e-07,8.43857403786838e-08,2.7745070029108e-08,2.58443653172251e-07,1.30992032110554e-07,3.26468375856854e-07,6.5916483405149e-08,1.67691972339148e-08,3.10249994429929e-08,1.06888037510864e-07,3.64344097147628e-08,7.26969536928097e-08,1.45683916971151e-08,3.3907860429579e-08,1.74676715992037e-08,3.2182109526213e-08,2.67433020472014e-08,2.11116316319926e-08,2.96936727721309e-08,1.57935642232822e-08,1.5265478532006e-08,2.57801809936665e-08,3.28598077610112e-08,3.98911035439399e-08,1.22279064043785e-08,1.19795184603539e-08,4.2363556364092e-08,2.53948728063142e-08,2.89024840887808e-08,3.25352107567657e-08,1.5073922521416e-08,4.13496332783609e-08,1.11324329052503e-08,2.99366380125795e-08,1.96162783210006e-08,2.58574531743316e-08
5.33762307302876e-08,1.39817395907763e-07,1.89224119000924e-07,1.3724758198081e-07,1.83050562193993e-07,1.9958434895679e-07,1.56358779465909e-07,1.97877603950386e-07,5.63014201246486e-07,2.01850569115413e-07,4.55545665255693e-07,4.29933796761029e-07,2.12954871813776e-07,5.86612518543904e-07,2.4869272728671e-07,4.88454856765343e-07,5.15770852512204e-07,4.22967551489708e-07,4.61282075403156e-07,1.90427372904663e-07,8.76409607869301e-08,4.14808466727058e-07,1.60424836113571e-07,3.60877401729142e-07,1.56203097469671e-07,7.18802734110158e-08,5.70092084491505e-08,1.34405757222963e-07,6.06502524278468e-08,1.10360395534553e-07,5.87274132237058e-08,4.86473288035428e-08,6.9373108600931e-08,4.8744238714547e-08,6.99702337849936e-08,6.28745906647299e-08,3.50952713336037e-08,3.24076907173088e-08,3.39279056682159e-08,3.54235878828394e-08,3.5584881814567e-08,5.45326841624441e-08,3.17693702738075e-08,3.37898479664874e-08,3.73303693683406e-08,3.48916767930096e-08,3.2476500679589e-08,4.00990942558829e-08,5.67220029783522e-08,1.76848953249453e-07,1.13299265863508e-07,7.66842563351428e-08,2.28193156203286e-07,1.50211497795508e-07,1.95514531755695e-07,1.20859455782664e-07,2.34127968686183e-07,2.53343188807998e-07,2.29463707838783e-07,4.01164774540008e-07,1.20705280364729e-07,2.51875978225026e-07,1.6524871424487e-07,2.48257752299617e-07,2.35220913450717e-07,2.74057905082393e-07,1.95932692715538e-07,1.33156117102217e-07,3.22897158175477e-08,1.9086851830234e-07,1.23356507350009e-07,1.52975631578644e-07,1.13850066876632e-07,4.02913686157492e-08,6.19848282352776e-08,1.14301061518985e-07,2.14313238960231e-08,5.80527491958284e-08,3.33594466169726e-08,5.77179642872441e-08,5.49829936671195e-08,2.1077072102606e-08,5.88956644533912e-08,3.32842191928893e-08,2.7263584803526e-08,2.26424257358918e-08,3.14106625219444e-08,2.80585195028219e-08,3.1126912237193e-08,5.20643174994798e-08,2.22817484858263e-08,3.31292363521574e-08,2.62682431070715e-08,3.49118626229568e-08,3.26102628965991e-08,2.91961055543213e-08
4.2357814766505e-08,7.44760001955804e-08,5.07516221729995e-08,8.1591883020322e-08,4.897201253311e-08,6.03549666851602e-08,1.31586930582658e-07,6.20393680325331e-08,2.27330376140258e-07,8.56359866621828e-08,1.86834985599002e-07,1.95707022194464e-07,7.0624026131501e-08,2.4869272728671e-07,8.14881688925877e-07,2.14799229942442e-07,6.69255776625781e-07,5.56816123432866e-07,1.90477256178226e-07,6.57965687260246e-07,1.93577455228609e-07,5.41928487011024e-07,3.69640954157361e-07,2.96499268176318e-07,5.50561958809922e-07,1.54415049780622e-07,9.80002662656181e-08,3.07062540422485e-07,1.56029688706949e-07,2.87302964765485e-07,1.19641478422848e-07,7.05329636076422e-08,1.70361642152989e-07,1.1626128357547e-07,9.34871607812846e-08,1.16730767565325e-07,4.40591904896877e-08,1.22055109580967e-07,3.79722185603042e-08,4.26886544831141e-08,1.14758159487743e-07,4.41286259486443e-08,1.21184819949477e-07,3.77815461179804e-08,3.39339896963062e-08,1.13989179839815e-07,3.74908407516566e-08,1.55231581860194e-07,4.92877075470526e-08,5.81475983629196e-08,3.76584227679258e-08,7.0022968982696e-08,3.51620575816621e-08,7.03878148311291e-08,1.39902405060614e-07,4.79466209654384e-08,1.47944796697555e-07,8.30952526268489e-08,8.09047040244863e-08,1.99658312490102e-07,5.0109983626794e-08,1.67890857865585e-07,6.65598986113939e-07,1.06771076828289e-07,5.49942358361099e-07,4.44460829661062e-07,1.44296941073109e-07,5.67851655008022e-07,1.41289887578281e-07,4.68303002455941e-07,2.71732518400376e-07,1.74399866890532e-07,4.79110192567902e-07,1.16389144911663e-07,1.24018954312705e-07,2.28263998585389e-07,1.79837900385893e-07,2.3619054207601e-07,1.01179221137593e-07,1.09437540507034e-07,1.45701525692447e-07,1.57498468884848e-07,7.60548395614406e-08,1.36275164705632e-07,7.71302616215697e-08,1.07921680914044e-07,5.01131460146077e-08,4.16547694439816e-08,1.15489821654508e-07,4.25383013335253e-08,1.0838839750721e-07,5.03599700844875e-08,3.10579213969343e-08,1.16578613448451e-07,3.80982724157978e-08,1.21976745825956e-07
5.28557115888056e-08,1.94962573545486e-07,3.47598653593201e-07,1.73108381452178e-07,2.65913430478173e-07,2.64762672001631e-07,2.42342298369731e-07,3.71611349492003e-07,4.55655868963271e-07,3.30916407781674e-07,6.90379928943107e-07,5.94039288650531e-07,4.45531377798147e-07,4.88454856765343e-07,2.14799229942442e-07,7.95011401175945e-07,4.04817902475683e-07,6.74644728432398e-07,3.78176567734657e-07,1.57609036638557e-07,7.8481676919748e-08,3.17061540749413e-07,1.48451278604332e-07,2.59449060071517e-07,1.28053598965601e-07,6.55225463239278e-08,7.13057758940949e-08,1.256643215026e-07,6.07436578782929e-08,1.04560164238753e-07,5.35205973748192e-08,6.01913007358209e-08,6.41085228984071e-08,5.01136037244204e-08,8.41703366404052e-08,6.3268113841499e-08,4.58092679378981e-08,3.22584805972755e-08,4.77469603217741e-08,5.13710455912608e-08,3.84518755394581e-08,6.30110646657945e-08,3.20039400395497e-08,4.84121258945244e-08,3.9431496626842e-08,3.89031850920195e-08,4.1038156374732e-08,4.54880032353853e-08,8.20469551803148e-08,3.10830281277635e-07,2.3053272130398e-07,1.75451979772169e-07,3.56457892991158e-07,2.56975782129157e-07,3.57107233579637e-07,2.44849295990867e-07,2.01811949813636e-07,3.96951424796437e-07,4.02534977029409e-07,5.91693443916943e-07,2.47369048708209e-07,1.98157218357518e-07,1.25591746305039e-07,4.10804232291559e-07,2.07143247075807e-07,4.91815658350867e-07,1.74306874505051e-07,8.46041628726862e-08,2.73182575736197e-08,1.72884191316944e-07,1.2817657039462e-07,1.32950093020775e-07,7.04959542258129e-08,3.39252185023343e-08,4.47331766650229e-08,1.09664084958324e-07,1.06147674308949e-08,5.9203585161216e-08,2.59553326855285e-08,4.16990077602091e-08,4.29175306579261e-08,1.33688513151484e-08,6.15131715388866e-08,1.72761298558558e-08,1.72964694983717e-08,1.80097875661709e-08,3.8985643758446e-08,3.50303830909557e-08,3.32040449792357e-08,5.40726295130623e-08,2.16067466165183e-08,4.09220219008384e-08,2.77285433816983e-08,3.85390561644738e-08,3.34291973397994e-08,3.56195084533031e-08
7.00186290642413e-08,1.54118442637968e-07,1.75605172862725e-07,1.55252317695869e-07,1.80882458958603e-07,1.92395207908341e-07,1.80879961271649e-07,1.90133643092556e-07,4.81215551790813e-07,2.2432448161968e-07,3.67500889024041e-07,3.81710802067237e-07,2.05125129436425e-07,5.15770852512204e-07,6.69255776625781e-07,4.04817902475683e-07,1.0123907942773e-06,7.97051531588647e-07,4.14846723265405e-07,5.41910870070908e-07,2.02382843544952e-07,8.2389845569096e-07,2.86314633354369e-07,5.51650961394372e-07,4.51364623489851e-07,1.59048135742441e-07,9.50798611993071e-08,2.37811756849186e-07,1.49113953181112e-07,2.00658155984561e-07,1.21090709512784e-07,6.62701222046726e-08,1.5556293851368e-07,1.07461323263596e-07,8.77294453700596e-08,1.09830259849703e-07,3.7775265146995e-08,1.0705053197796e-07,4.17136795788804e-08,3.6019472046913e-08,1.08202099737039e-07,4.51005102535044e-08,1.05031745019125e-07,4.18504560758439e-08,3.7157783725621e-08,1.05802608454159e-07,4.35819908814955e-08,1.45217759934052e-07,7.27863206192635e-08,1.7752016715769e-07,1.32589728078483e-07,9.33877835667701e-08,2.12810537226321e-07,1.33375912535891e-07,2.25344468440667e-07,1.44449257330981e-07,1.38081653849196e-07,2.76742946736718e-07,1.57408968053124e-07,3.4543257634938e-07,1.34093064664688e-07,1.87318431165262e-07,5.7081032570522e-07,2.03410700230773e-07,6.57606820287457e-07,6.31709579207495e-07,1.53108761500971e-07,4.86533772754552e-07,1.32879409734774e-07,5.53805066788163e-07,2.30064402994022e-07,2.66653080385817e-07,4.1568048838601e-07,1.16803514797239e-07,8.58299584967931e-08,2.01015028059942e-07,1.19665106471969e-07,1.73469768566874e-07,9.85241140264013e-08,7.87183247768382e-08,1.22178076341061e-07,1.08326510037093e-07,6.25029777429934e-08,1.08915238825552e-07,4.65534040505905e-08,8.37497455099321e-08,5.19721007656489e-08,2.68576156934756e-08,9.84844776839931e-08,4.33740071561878e-08,8.94935013973824e-08,5.22520929812596e-08,2.26153827678839e-08,1.05306506151273e-07,4.19717429823861e-08,1.07232085952741e-07
6.82714207328593e-08,2.00994571496786e-07,3.14126753750534e-07,1.96228284486553e-07,2.58738326425334e-07,2.67824825258861e-07,2.73254244060286e-07,3.49240499588784e-07,3.81164451194088e-07,3.66807396072009e-07,5.67658552419425e-07,5.49931221593885e-07,4.29153724379215e-07,4.22967551489708e-07,5.56816123432866e-07,6.74644728432398e-07,7.97051531588647e-07,1.09988298001979e-06,3.30464933788942e-07,4.39071149812755e-07,1.69443275965288e-07,6.31792510491892e-07,2.50103241169564e-07,4.13739452684415e-07,3.65143594193012e-07,1.34249590068232e-07,9.86048251059164e-08,2.08407889604185e-07,1.31750686658084e-07,1.73701194383207e-07,9.81591836718374e-08,6.4335978546232e-08,1.49106293601034e-07,9.13328829854366e-08,8.10615565439786e-08,8.72006417548021e-08,4.278341464223e-08,1.08424092540694e-07,5.47864375208954e-08,3.89621537544199e-08,1.15132615368713e-07,5.3296519241808e-08,1.08281138796997e-07,5.49669012347908e-08,4.44470558041722e-08,1.15838367924168e-07,5.7754554124095e-08,1.50176148829559e-07,8.53168995653603e-08,2.95855661359769e-07,2.49979252583632e-07,1.82890234551478e-07,3.52213448135522e-07,2.53353037783578e-07,3.79340361595621e-07,2.6834403836597e-07,1.15407411685684e-07,4.28766985744182e-07,3.31611276676234e-07,5.59823238890017e-07,2.73498461202815e-07,1.32928945112217e-07,4.03278971154513e-07,3.73382389889476e-07,5.06456910664628e-07,8.84526473572363e-07,1.20451559962281e-07,3.22769692680756e-07,9.91181128444657e-08,4.2056828924628e-07,1.9677121499695e-07,1.99255483283365e-07,2.73998352290559e-07,9.09617464674608e-08,9.4412733438304e-08,1.66214104366675e-07,1.04249210199824e-07,1.510000734881e-07,7.53315482939244e-08,8.71738580723189e-08,1.15229038692529e-07,9.57737698226487e-08,7.86857024192254e-08,7.73054379638276e-08,5.84828545613878e-08,8.38872951046821e-08,5.55422180805303e-08,4.4397455180881e-08,1.09561276274095e-07,6.36819336809338e-08,8.84319023760421e-08,5.55541782420126e-08,4.10526608580951e-08,1.12622804855581e-07,4.61252950799441e-08,1.00707242876905e-07
4.38877508872584e-08,1.13521509369328e-07,1.52252518495852e-07,1.05051020011234e-07,1.5376961804589e-07,1.54707687446596e-07,1.28259395270689e-07,1.59006503746094e-07,4.4523364340654e-07,1.69680187244626e-07,3.51569289751707e-07,3.41008636521593e-07,1.71524309364588e-07,4.61282075403156e-07,1.90477256178226e-07,3.78176567734657e-07,4.14846723265405e-07,3.30464933788942e-07,5.79823319370726e-07,2.65458491307839e-07,1.02709324047846e-07,5.20008323761001e-07,2.12258607280716e-07,4.4563075096172e-07,2.20398995201121e-07,8.24958867435037e-08,6.83522766638337e-08,1.77394512579825e-07,7.07209142006656e-08,1.48058797391408e-07,6.90343677250392e-08,5.63946569133033e-08,8.29854876642839e-08,5.8515000013599e-08,7.89405350495979e-08,7.00108216237686e-08,4.40045108615827e-08,4.93745867936557e-08,3.84184774153827e-08,4.93546303180518e-08,5.70615757816878e-08,7.56022583570986e-08,4.88298934460982e-08,3.61634147796992e-08,3.97495147610742e-08,5.2789758409704e-08,3.96945030310096e-08,6.34368930430058e-08,3.13284952879511e-08,1.44024370752376e-07,1.00212889808919e-07,5.02185915827145e-08,2.0053137090543e-07,1.08208586895705e-07,1.67496962415723e-07,1.02310276728853e-07,1.88423317418607e-07,2.19395373637213e-07,1.95619371085001e-07,3.42688777978097e-07,1.0196936154307e-07,1.95954961236659e-07,1.32789077996516e-07,2.08685052729036e-07,1.90963651606998e-07,2.27879844700432e-07,2.61731233247542e-07,2.44279402143677e-07,4.29213543206197e-08,2.98192210132612e-07,1.80100124591111e-07,2.09199918251529e-07,2.07766210100597e-07,4.56573910973623e-08,6.42492613261278e-08,1.57754365367241e-07,3.03028680563714e-08,1.1588780204148e-07,3.89681515861815e-08,5.84342115035351e-08,6.50240395831022e-08,2.9521824560576e-08,5.83029702402457e-08,4.06412631189351e-08,3.07076161953499e-08,3.48340323873372e-08,3.56290684713756e-08,3.08174363409014e-08,3.76106870644127e-08,5.3015449980916e-08,3.53540516422553e-08,3.59853329960359e-08,2.82288658327914e-08,4.0230892196507e-08,4.02126691606937e-08,4.6883610723603e-08
