1.28419433834203e-07,6.1146694975814e-08,2.05291183554797e-08,1.01499965652114e-07,4.98456236366026e-08,8.68280384755583e-08,5.94232490151455e-08,1.92160943512295e-08,9.02737927678584e-09,4.80399320185151e-08,1.58939938835736e-08,4.43333196033845e-08,1.79825572278078e-08,7.99476284102913e-09,8.57825979349251e-10,1.43324351235868e-08,6.26417161904953e-09,1.24028343767941e-08,6.80068001702327e-09,1.67858220424021e-10,3.61971315663091e-10,5.10015153251318e-09,1.04036500642332e-09,6.87748462084267e-09,-1.0187458684826e-09,-3.81620112897545e-10,-2.07568759077611e-09,9.96636984398454e-11,7.76699105781205e-10,1.30516471051829e-09,-1.31440033080142e-09,-2.65986614562306e-09,-3.90139384039997e-09,-3.4607080911213e-11,-2.97199723483211e-09,-8.55955750676041e-11,-2.70422587642779e-09,-3.46781280875471e-09,-1.79159023115086e-09,-2.92271954635884e-09,-3.77505602197009e-09,-3.41651736933633e-09,-3.02975713877127e-09,-1.55238640989351e-09,-1.49365580337011e-09,-3.45154630114863e-09,-2.14169777296107e-09,-3.57693229707603e-09,5.47333411347567e-08,2.79265082004359e-08,9.88896894404891e-09,5.25234365367337e-08,2.09259229982718e-08,4.44898406560249e-08,2.7570355391412e-08,1.05132490737553e-08,3.92237599203978e-09,1.99699263508116e-08,6.32070770935822e-09,1.47101335300567e-08,1.05293460602833e-08,3.45113000093404e-09,3.67798632618394e-10,6.7033860906024e-09,-7.14706801985324e-11,5.96608341415534e-09,3.26333970752518e-09,3.76381291527234e-10,4.4568478896832e-10,-6.12463306283437e-10,1.71835308235872e-09,1.48669818868044e-10,1.43950911912152e-10,5.48451561150672e-10,-2.06517816213511e-10,1.85061569599397e-09,1.70195614983663e-09,1.65256012374739e-09,1.27181107179434e-10,-2.51917785333771e-10,-4.93202224450965e-10,1.71379741140871e-09,1.80900696892266e-09,1.98991398170115e-09,-5.56573636185161e-10,-3.71614414777095e-10,4.99679886417846e-11,1.29987331526955e-09,-6.3670187560786e-10,1.94328950365237e-09,-3.06024123625421e-10,4.03056849587077e-10,-5.3371128560388e-10,-7.58787677762067e-10,-7.3413370795817e-10,-3.94643869348248e-11
6.1146694975814e-08,2.31676690792264e-07,6.70285553512315e-08,1.21469355654645e-07,1.8625991518756e-07,8.83417933153017e-08,2.17185404385349e-07,6.19255364185535e-08,3.0337688196594e-08,1.75282234485158e-07,5.67767891973923e-08,1.66951420375728e-07,5.66006408332778e-08,2.78405217685293e-08,1.5178845162865e-08,5.16477319649501e-08,2.6836745770427e-08,5.02043572618424e-08,2.46349278819649e-08,1.23246466340091e-08,3.27227181248252e-09,2.33289167243648e-08,1.41995392924291e-08,2.10533576913124e-08,1.07705657883044e-08,2.00671777429546e-09,1.82731699519623e-10,1.23332173313141e-08,4.8207583525064e-09,1.54242681396246e-08,1.07002423169692e-09,-7.05280759920273e-10,-1.29744955366345e-09,3.65954148310642e-09,-4.61876584393159e-10,3.31127528629206e-09,-9.17900173183255e-10,-1.10213851811866e-09,-2.12026582880463e-10,-7.29754577739371e-10,-1.44086540334868e-09,-1.22780413274484e-09,-8.43363020623833e-10,4.14675754426874e-10,7.71850469929842e-10,-1.175736667949e-09,6.01495337434207e-10,-8.39249569194566e-10,2.02439718113274e-08,1.08291695743839e-07,2.9164730636309e-08,6.35763819722222e-08,7.43816085169506e-08,3.93094699272676e-08,9.72599978491994e-08,2.73275154451739e-08,1.11080265403581e-08,6.9884019049063e-08,1.46267044837237e-08,4.55209517204302e-08,2.34112690748872e-08,1.14151743391487e-08,1.08474938460983e-08,1.4953437158662e-08,1.1829228795738e-08,1.35195915946358e-08,1.11223520168956e-08,7.50186321268766e-09,-2.35078911603534e-11,1.13415654681696e-08,9.34814693336267e-09,1.27316345525362e-08,6.94678863792264e-09,-3.69637553831427e-10,1.47590991598278e-09,8.78384526089203e-09,2.40369863702294e-09,1.18698457657179e-08,-6.15132741888533e-10,1.120125263013e-09,3.01390502721393e-10,2.04141089923278e-09,4.03667487235029e-09,1.78320931355928e-09,6.50247922134224e-10,6.31253733736482e-10,2.23285247101638e-10,3.48825267884355e-09,-7.43225051356774e-10,3.28365661195687e-09,-2.46311376257416e-10,4.77390654344461e-10,1.53275133876781e-09,-1.14384495176857e-09,1.25542842561324e-09,7.92819972674545e-10
2.05291183554797e-08,6.70285553512315e-08,1.45751630937941e-07,6.041981462342e-08,9.7265142430589e-08,9.20363186151546e-08,6.1909322426176e-08,1.33862507128957e-07,6.09177599876657e-08,8.83352521339693e-08,1.09795532930399e-07,6.98104494130232e-08,1.25316140571499e-07,5.72142651406148e-08,1.75148145611013e-08,1.03359396545767e-07,5.13168522977131e-08,9.61598490075648e-08,5.27491450714327e-08,1.57410269149515e-08,8.91107178520002e-09,4.72412106141181e-08,1.46964235741687e-08,4.18723257359374e-08,1.37180487685066e-08,7.95069195450098e-09,-1.52228087513675e-09,1.29771666816692e-08,7.87710216504886e-09,1.09670828113459e-08,6.72144791018328e-09,-2.12497720738275e-09,-2.9557726733961e-09,6.7764555230408e-09,-2.10457724159264e-09,7.44256387784192e-09,-2.0091345833348e-09,-2.75452464478289e-09,3.89742835903933e-10,-1.93870705704839e-09,-3.08999802168958e-09,-2.48741547475913e-09,-3.95730537460015e-09,-5.37732962646684e-10,-1.61075074418315e-09,-4.21784791508869e-09,-1.49453613174563e-09,-4.79229496356395e-09,7.48195001505149e-09,3.66401384956054e-08,6.55322303492219e-08,2.99958117232276e-08,4.7085298597988e-08,4.48549706899521e-08,3.27312294891036e-08,6.08711996174521e-08,2.66971843125987e-08,4.26805121314003e-08,4.37330056497271e-08,2.84280876587718e-08,5.55868171929236e-08,2.63124593904902e-08,3.65399312127444e-09,4.14645582355932e-08,1.94318125815973e-08,3.36416159778146e-08,2.39328233949396e-08,3.35805711626048e-09,4.54060679812809e-09,1.95328623638888e-08,3.15983737825713e-09,1.79987374882375e-08,2.67763799503299e-09,4.47870621780764e-09,1.79254414485578e-09,2.96640182596948e-09,4.4168897855774e-09,3.05526954349262e-09,4.01735364629872e-09,1.75068092849138e-09,-6.58258544684363e-10,4.17793060278495e-09,2.98441624167931e-09,4.19693948693408e-09,1.73913788354669e-09,-8.97235305831767e-10,1.17206875672215e-09,2.90214103914735e-09,-1.51963073130058e-09,2.21189140943191e-09,-1.11606956610698e-09,2.01624487693165e-09,1.11516813897094e-09,-1.87501670931467e-09,5.49417610038952e-10,-2.46343009781091e-09
1.01499965652114e-07,1.21469355654645e-07,6.041981462342e-08,1.73715580068634e-07,8.7390486067555e-08,1.33301757662367e-07,1.13774989883156e-07,5.50159161246772e-08,2.74997706347786e-08,8.21020384418523e-08,4.92627727050163e-08,7.5402265008049e-08,5.08424837387159e-08,2.49359428320104e-08,1.30013863498512e-08,4.44312158364899e-08,2.26710333016921e-08,4.15588622087752e-08,2.24847465797174e-08,1.12929653250947e-08,2.10229952587944e-09,2.02595698326329e-08,1.2792250835128e-08,1.7627523862729e-08,9.33350812865394e-09,1.08965244158476e-09,-2.68830266957795e-09,1.1130014000866e-08,2.02570661813838e-09,1.21109045350777e-08,-2.01466008460615e-10,-3.47608583677549e-09,-4.05311583368578e-09,8.85120875069321e-10,-3.36186288628286e-09,9.71647319821227e-10,-3.43616859144299e-09,-3.56143927526124e-09,-2.69478904465696e-09,-3.21019626704842e-09,-5.01339018709056e-09,-4.66009566136021e-09,-3.69781075028603e-09,-2.26965042446642e-09,-1.71423655297989e-09,-5.1923860129926e-09,-2.92565636063155e-09,-5.2889036296174e-09,4.03835003739764e-08,6.12043598902009e-08,2.05122439740413e-08,9.068840288946e-08,3.87951953803463e-08,6.31321303866487e-08,5.56042374855761e-08,2.07570740608788e-08,1.19513721266213e-08,3.75463766144494e-08,1.46051190185146e-08,3.07518660013728e-08,1.81809952178958e-08,1.16737227368712e-08,4.7430895276522e-09,1.3444645844778e-08,9.27127139525136e-09,1.25311124201537e-08,1.06535515244531e-08,3.48933692038022e-09,-5.52448755471064e-10,8.78720147692291e-09,5.12695471301873e-09,7.74863320586269e-09,3.05235492356961e-09,-4.0243211723981e-10,4.42851168403479e-10,5.30289066502925e-09,1.59014356490435e-09,6.14039199478272e-09,-9.53411126566888e-10,3.92324290635624e-10,-2.34792927642159e-10,1.48187961676972e-09,4.32412767607687e-09,1.91326593530599e-09,-5.41673703964386e-11,1.82326314231158e-10,-5.05894355431641e-10,3.78673980397505e-09,-8.39647057540969e-10,3.58998459601027e-09,-3.6384208312869e-10,-2.76973232285422e-10,-7.78152057629252e-10,-1.3715245013939e-09,-1.99912023785573e-09,-1.82978985720046e-09
4.98456236366026e-08,1.8625991518756e-07,9.7265142430589e-08,8.7390486067555e-08,2.22911874157098e-07,1.1725953288026e-07,1.75293597574162e-07,8.83538865105378e-08,4.61280697916191e-08,2.06505491030499e-07,7.35821906135355e-08,1.82114255850179e-07,8.18820780998664e-08,4.28863034938792e-08,1.63803638734827e-08,6.80061675125191e-08,3.96505877897297e-08,6.4683769063929e-08,3.85868355732613e-08,1.44322556999125e-08,1.1656285517492e-08,3.56481739027394e-08,1.33838567995018e-08,3.06861701413288e-08,1.27175182779535e-08,1.0099727592139e-08,1.61633195945205e-09,1.14884085686991e-08,1.16854920399824e-08,1.29274774598759e-08,8.91757456068861e-09,6.7700542532134e-10,4.61620293216932e-11,1.02783205140094e-08,1.03619719123844e-09,1.08875035862482e-08,3.50213563053608e-10,-5.59138727430958e-11,1.51579722338137e-09,6.08461864432258e-10,5.69974642674356e-10,8.4961095038847e-10,-1.08532875138557e-09,7.47074363872385e-10,1.20301194788881e-09,-5.80661881162954e-10,1.27409560881769e-09,-3.62320711170677e-10,1.67485273002634e-08,7.51132467580758e-08,4.71829883030245e-08,4.31749730031079e-08,8.98366683949461e-08,5.73854580851569e-08,6.95198396865422e-08,4.23582405932609e-08,1.49790475768438e-08,8.12694935932269e-08,2.31366531188105e-08,4.92090260600629e-08,3.74283025949308e-08,1.51955954350373e-08,6.643846926411e-09,2.22956550278019e-08,1.36104841025924e-08,2.00633170971726e-08,1.39810763380828e-08,5.69834305298793e-09,5.18502496693854e-09,1.38222437118784e-08,5.0220800804662e-09,1.43251304292923e-08,5.12316766794627e-09,4.64216124038908e-09,1.534923136066e-09,4.47161025076483e-09,5.16990683963488e-09,6.2376165882634e-09,4.21992742852959e-09,1.13194836942278e-09,-1.66190201696273e-10,4.7318660442222e-09,3.34776744901626e-09,4.88643091836481e-09,6.5216650098992e-10,-4.12830402560676e-10,-5.36201772448256e-10,2.6111928587312e-09,-1.03872863523667e-09,2.13279460256346e-09,-1.50602136842179e-09,2.6864214906844e-11,1.84447866365284e-09,-1.68289069593793e-09,4.43187406597529e-10,-5.47244790492489e-10
8.68280384755583e-08,8.83417933153017e-08,9.20363186151546e-08,1.33301757662367e-07,1.1725953288026e-07,1.7118321791524e-07,8.29613296973533e-08,8.21384550051957e-08,4.43218837813612e-08,1.07469884938076e-07,6.68881742482333e-08,8.87819683967656e-08,7.63816743422689e-08,4.0803519817577e-08,1.5150786071139e-08,6.14162847954944e-08,3.59676698830146e-08,5.60702442789756e-08,3.72947470784345e-08,1.34574527562889e-08,9.36654089252389e-09,3.27347692635481e-08,1.21617470081077e-08,2.75005582911205e-08,1.11972262784107e-08,8.18362646798604e-09,-9.17985957425091e-10,1.02972130595063e-08,7.79165908525054e-09,9.44448403753792e-09,6.73818635909208e-09,-1.68469161759834e-09,-3.21116005833773e-09,6.52152010938966e-09,-1.91968520783643e-09,6.97319561582698e-09,-1.72269842638816e-09,-2.97564837724685e-09,-1.43420650110342e-09,-1.87655404890914e-09,-3.29120570738097e-09,-2.5225012650141e-09,-3.81286495394735e-09,-1.83348872672733e-09,-1.11550543135346e-09,-4.16572753082321e-09,-2.17677733220099e-09,-4.43038592629616e-09,3.53284625413076e-08,3.96291972695686e-08,4.14914564949933e-08,6.62276038859562e-08,5.38677694752841e-08,8.79422750935532e-08,3.77098479710213e-08,3.78400645961248e-08,1.94811925273233e-08,4.93445011607056e-08,2.53402672019047e-08,3.57228581396169e-08,3.3809773385448e-08,1.87503349348472e-08,5.22410615629143e-09,2.29464223413037e-08,1.45329527179636e-08,1.95320691520269e-08,1.66015695552576e-08,4.78612100562217e-09,4.55251479325084e-09,1.37737311406172e-08,3.52414469518818e-09,1.16278742470198e-08,4.03454700784362e-09,4.51129502736919e-09,9.1730165533879e-10,3.48464035573015e-09,4.07738965806746e-09,2.70476215591004e-09,3.85959917169851e-09,8.32663927785365e-10,-2.2955188300883e-10,3.8220425312416e-09,3.32814669665317e-09,4.52364075947863e-09,3.79050047287124e-10,-3.51474990051644e-10,-6.67161357198068e-10,2.73458216946767e-09,-9.84885346605126e-10,2.77737587737838e-09,-7.47760861878087e-10,-2.25331593843019e-10,-7.54367450669728e-10,-1.53620343055022e-09,-1.83043303853751e-09,-1.96952687986535e-09
5.94232490151455e-08,2.17185404385349e-07,6.1909322426176e-08,1.13774989883156e-07,1.75293597574162e-07,8.29613296973533e-08,2.78167885657428e-07,7.21726391895023e-08,3.53361073667226e-08,2.29232918108073e-07,6.59817580575165e-08,2.16929999717465e-07,6.65809053947907e-08,3.27495573405589e-08,1.96029560328888e-08,6.05977041544013e-08,3.13109524111423e-08,5.84493034327057e-08,2.93178061485022e-08,1.63234694704522e-08,4.803370339403e-09,2.75255734235489e-08,1.68551850061241e-08,2.40040137719349e-08,1.44753938301162e-08,3.41267811380903e-09,1.94433187573426e-10,1.47607741241399e-08,7.02893743331888e-09,1.80837428971412e-08,2.34984659325586e-09,-7.48234926729807e-10,-1.49178680257105e-09,5.73903147538764e-09,-4.96438834791175e-10,4.97713834288349e-09,-9.07692277176394e-10,-1.20481036256101e-09,-9.57326212072345e-11,-6.6719552721323e-10,-1.6039184774122e-09,-1.36423924639771e-09,-1.47211394831579e-09,-4.9839852183124e-10,5.59569106528667e-10,-2.19968972667254e-09,-7.72840350466561e-10,-2.076539152224e-09,1.95151903595849e-08,9.72710616329558e-08,2.7315975609759e-08,5.72097044715776e-08,6.98920719098925e-08,3.69411699917789e-08,1.20752333543679e-07,2.91191258836002e-08,1.01945371723287e-08,9.09146761075986e-08,1.59040819436972e-08,6.16652953196813e-08,2.52905320723803e-08,1.02890379945957e-08,1.42195815066706e-08,1.64986276955934e-08,1.32748532699737e-08,1.55107015286637e-08,1.00819837892797e-08,1.03821329856623e-08,-1.46589668999198e-09,1.24387824490108e-08,8.6441470271919e-09,1.32199338842532e-08,9.60792323152620e-09,-1.77919639904436e-09,1.69661304204254e-09,8.02686220165407e-09,2.94667530121074e-09,1.35572788658421e-08,-1.97276769607947e-09,1.40032110766264e-09,2.86267413934499e-10,2.6192779175146e-09,5.97684946189764e-09,4.84816028764481e-09,8.38512335946901e-10,6.57799241527129e-10,-7.58036828548495e-10,5.40462623986908e-09,-1.34310518310467e-09,3.66674157231501e-09,6.88890405167925e-10,-2.76767262701569e-10,5.87282827824752e-10,-1.62082044805615e-09,6.52362370250667e-10,-1.65162072621546e-10
1.92160943512295e-08,6.19255364185535e-08,1.33862507128957e-07,5.50159161246772e-08,8.83538865105378e-08,8.21384550051957e-08,7.21726391895023e-08,1.5403595432337e-07,6.91594715573866e-08,1.03578247606688e-07,1.25200326022464e-07,8.0590721664666e-08,1.44755312068749e-07,6.51791612618676e-08,2.08722620020894e-08,1.18280809813393e-07,5.83457308133718e-08,1.09374012482072e-07,6.04238482260013e-08,1.89123200258233e-08,1.15201332576783e-08,5.3940615307553e-08,1.78118410896557e-08,4.81888186779677e-08,1.64941212008018e-08,1.04266630664367e-08,-1.44195020414909e-09,1.56888004677566e-08,1.04896606869346e-08,1.336456049999e-08,9.02518020969737e-09,-2.12471681242544e-09,-3.06748879050334e-09,9.21894770230606e-09,-2.01781608303858e-09,9.58214599818598e-09,-1.9903020421098e-09,-2.82300181572928e-09,5.78238162817146e-10,-1.81493723125653e-09,-3.29157295978454e-09,-2.39335745300362e-09,-3.86340849046936e-09,-5.60431141434055e-10,-1.62333611256417e-09,-4.26902140850201e-09,-1.41824584442129e-09,-4.72681419880043e-09,5.77572927924843e-09,3.27360637590816e-08,6.08698869063754e-08,2.61261227709529e-08,4.26874664022543e-08,3.94337124071857e-08,3.89054725412732e-08,6.8533622279732e-08,3.08100865472831e-08,4.99417447949993e-08,5.03501074273932e-08,3.43485590631258e-08,6.28096151542622e-08,3.03406012869269e-08,7.26806312896966e-09,4.77951487283997e-08,2.26636652461594e-08,3.8496349100135e-08,2.78222010023537e-08,6.84421212540181e-09,5.28189758133514e-09,2.30169410155524e-08,5.57223825120467e-09,2.13661999005137e-08,5.70875894936232e-09,5.23562687829266e-09,1.79839774011092e-09,4.9664843247244e-09,5.82145802660883e-09,5.88012565730361e-09,4.70256654040936e-09,1.77509556093061e-09,-6.73572569046654e-10,5.55855328789156e-09,3.07433172438151e-09,5.21038485900465e-09,1.73775245361138e-09,-9.28324578505693e-10,1.09699193764299e-09,2.98546060561835e-09,-1.5014741345356e-09,2.12632253564264e-09,-8.31555695690154e-10,1.33198430520601e-09,-1.69932084885163e-10,-1.3961309180523e-09,2.57835072335113e-11,-2.14015127299516e-09
9.02737927678584e-09,3.0337688196594e-08,6.09177599876657e-08,2.74997706347786e-08,4.61280697916191e-08,4.43218837813612e-08,3.53361073667226e-08,6.91594715573866e-08,1.4219804140669e-07,5.24666399893714e-08,1.12529028095336e-07,8.52757784509887e-08,6.51646926642291e-08,1.29663774683189e-07,4.67376449543895e-08,1.01789449779529e-07,1.1665386259011e-07,8.99850240739052e-08,1.21689354077008e-07,4.30491516986288e-08,1.88558841333323e-08,1.09644095137131e-07,3.65943878939847e-08,9.58656657638216e-08,3.94861744752717e-08,1.7305964681062e-08,1.11974625036695e-08,3.35138735886102e-08,1.50003811504139e-08,2.80277597858999e-08,1.56401148842114e-08,1.0127395933368e-08,1.07704988022206e-09,1.35752080624232e-08,1.09224837658481e-08,1.34548469036356e-08,9.31998667720392e-09,8.22113865644903e-10,1.42692432723632e-09,1.00228087636186e-08,6.1680771582154e-10,9.84150395126711e-09,-1.2684214333629e-10,5.46098659094635e-10,-9.43893447727036e-10,-5.14747355688284e-10,-2.96650586175825e-10,-1.10619192548753e-09,3.85095649346008e-09,9.16413340723429e-09,2.46373960680956e-08,1.01935411005148e-08,1.80928909570773e-08,1.91112098111306e-08,1.11200239480297e-08,2.6205460296259e-08,6.5946751586819e-08,1.97136679337554e-08,5.08287550347995e-08,4.00876583554228e-08,2.30358650064604e-08,5.93990332820781e-08,2.30338592332569e-08,4.26608342328086e-08,4.83541192705075e-08,3.21215093855668e-08,5.52038869626116e-08,2.1627739193962e-08,6.3696320722462e-09,4.65422280670868e-08,1.50532233486113e-08,4.09883685820594e-08,1.97786573009579e-08,6.22717602711082e-09,5.64141855894813e-09,1.39121904113094e-08,5.9128711574958e-09,1.23342627656468e-08,5.82283194479785e-09,5.65217278253605e-09,3.20633216675663e-10,5.85311909205202e-09,5.90674766507326e-09,6.30722953790326e-09,5.4522207716673e-09,2.45507131644283e-10,1.32753780910695e-09,5.25995733852049e-09,6.85041880270154e-10,4.26620584473758e-09,1.24182207320621e-10,1.22859831937613e-09,-3.57196008800917e-10,2.18373421747396e-10,-5.89978955494237e-11,-4.97008233180017e-10
4.80399320185151e-08,1.75282234485158e-07,8.83352521339693e-08,8.21020384418523e-08,2.06505491030499e-07,1.07469884938076e-07,2.29232918108073e-07,1.03578247606688e-07,5.24666399893714e-08,2.66143849362467e-07,8.45265650182304e-08,2.34026790061489e-07,9.64765842747002e-08,4.90414870788297e-08,2.04835613153072e-08,7.86723350654957e-08,4.50764995966128e-08,7.40496435083552e-08,4.44829577598657e-08,1.82342666334377e-08,1.45159222058287e-08,4.0736702219383e-08,1.63075876561979e-08,3.48675560705698e-08,1.6162581664314e-08,1.27891152553445e-08,1.72134649765382e-09,1.41152747476855e-08,1.44630681105858e-08,1.53703072438948e-08,1.14222848910409e-08,7.2222290434365e-10,6.56387339747168e-11,1.28858564009042e-08,1.13963755236642e-09,1.33573136154214e-08,4.32468978755925e-10,3.77332833603496e-11,1.82103941372626e-09,7.60818978078866e-10,6.24476819016533e-10,7.85378169791212e-10,-1.38663351314905e-09,1.52399188111693e-10,8.63017091122482e-10,-1.16727667306495e-09,2.4261412053633e-10,-8.05048244392205e-10,1.55461230905952e-08,6.95291670914937e-08,4.23458980941887e-08,3.89851575330404e-08,8.12738748733497e-08,5.11595707967633e-08,8.90629722323259e-08,4.66447637023795e-08,1.53718699454058e-08,1.04572188686589e-07,2.44908658565186e-08,6.56036893702556e-08,4.18160051464155e-08,1.53338148122699e-08,1.03793884849656e-08,2.38179717563708e-08,1.54047547381627e-08,2.15187062620735e-08,1.42482026133334e-08,9.0232907236475e-09,6.03505120588816e-09,1.54293247381684e-08,5.60339595992751e-09,1.60626216566332e-08,8.18395861014751e-09,5.49516344063698e-09,1.4849277474657e-09,4.96814677598145e-09,7.46882329484893e-09,8.40206752096312e-09,5.02696657431181e-09,1.12349795748429e-09,-1.01144000022459e-10,6.98497245521704e-09,5.29121899805884e-09,9.40749651888812e-09,5.46656992633337e-10,-3.40825101827435e-10,-9.09051121274484e-10,4.40761447257225e-09,-1.72050030456422e-09,1.78134979854202e-09,-1.46658267061802e-10,-2.67630996136573e-10,3.0985335865635e-10,-1.55162119069202e-09,4.35807986637627e-11,-3.95668896081996e-10
1.58939938835736e-08,5.67767891973923e-08,1.09795532930399e-07,4.92627727050163e-08,7.35821906135355e-08,6.68881742482333e-08,6.59817580575165e-08,1.25200326022464e-07,1.12529028095336e-07,8.45265650182304e-08,1.79782372473915e-07,1.27422520199979e-07,1.18280069689076e-07,1.01802448963561e-07,4.22524993778504e-08,1.64480706845118e-07,9.00704261807263e-08,1.50761555446109e-07,9.42994328061438e-08,3.87228257128806e-08,1.63891696457379e-08,8.34112079118821e-08,3.30398793560156e-08,7.18174128095545e-08,3.49156922394419e-08,1.48235571305568e-08,1.16719056427155e-08,2.96917873095195e-08,1.30831935654222e-08,2.48938793669665e-08,1.30187782831984e-08,1.04343205441035e-08,8.95771764771652e-10,1.15201641823606e-08,1.1498894227856e-08,1.10584732903909e-08,9.63082475569025e-09,8.21688417518401e-10,1.64628131774001e-09,1.07398025564459e-08,5.6837614958246e-10,1.08144976493238e-08,-2.92792930641091e-10,7.19329091590726e-10,-1.04288885877612e-09,-5.73175997158476e-10,-1.8389401534403e-10,-9.65672923758432e-10,4.23608290314681e-09,2.72728624225436e-08,4.83450399707787e-08,2.35171676312543e-08,3.42626445821502e-08,3.02189649951552e-08,3.24549992516141e-08,5.32650251845179e-08,5.49876186200991e-08,3.82022864422963e-08,7.87796994849799e-08,5.89181333794484e-08,4.85290169170935e-08,4.9585034769612e-08,1.89122567990061e-08,6.94954168678238e-08,4.08590106640753e-08,5.83938638695457e-08,4.52814896615711e-08,1.73732445437772e-08,5.02818634949628e-09,3.94807451929295e-08,1.14009878241274e-08,3.26203166002555e-08,1.52813571974382e-08,4.90196400019536e-09,6.28884843889549e-09,1.00350558913503e-08,4.72573748805549e-09,8.4543882866109e-09,4.48597986274287e-09,6.30637766689e-09,6.83390866496036e-10,4.68896108660571e-09,6.2837177467549e-09,4.70969524028012e-09,6.15775617688597e-09,5.53016393271624e-10,1.95701790461208e-09,5.62037294467724e-09,1.29655611288391e-09,5.49170070845673e-09,2.46402446986557e-10,2.11768551625e-09,-4.96769147325785e-10,7.48975274206054e-10,5.93085752536274e-10,-1.6735916419265e-10
4.43333196033845e-08,1.66951420375728e-07,6.98104494130232e-08,7.5402265008049e-08,1.82114255850179e-07,8.87819683967656e-08,2.16929999717465e-07,8.0590721664666e-08,8.52757784509887e-08,2.34026790061489e-07,1.27422520199979e-07,3.09102459998804e-07,7.48435030620021e-08,7.79770173753312e-08,3.32294829179551e-08,1.15459972562532e-07,6.59785512733053e-08,1.02580014270793e-07,7.1650157427171e-08,3.02933514369705e-08,1.10705415627701e-08,6.02323644097826e-08,2.35135493889882e-08,4.87749534488538e-08,2.71486888550358e-08,9.29529780500463e-09,1.85029714844769e-08,2.05574547506097e-08,9.18914373357729e-09,1.86714480466166e-08,7.71859197554481e-09,1.68244736247551e-08,7.27283065370027e-09,7.60747646623931e-09,1.88660442187093e-08,6.28341966097331e-09,1.57261617327229e-08,6.74418418771767e-09,4.64725661691943e-09,1.75914303477202e-08,7.21193342709646e-09,1.76982621971247e-08,5.22112473089926e-09,3.40095196937817e-09,2.69301587881829e-09,5.47797086510277e-09,4.17342340779354e-09,6.42709096693152e-09,1.3999337374022e-08,6.48850756409608e-08,3.10368077588978e-08,3.46599695794542e-08,7.31711305580051e-08,4.02455825541639e-08,8.08320874773164e-08,3.18183819267205e-08,3.03563370874491e-08,9.12306086533294e-08,4.36109572425753e-08,9.50305850652256e-08,2.75329708742582e-08,2.70449898774042e-08,1.70327206851954e-08,3.77999063523451e-08,2.59175464983561e-08,3.2589979869379e-08,2.50234913701899e-08,1.54982918914231e-08,2.49723850257391e-09,2.42115825585639e-08,9.86493679438475e-09,2.16914083417096e-08,1.40025474329215e-08,2.25663625471874e-09,4.67202430432139e-09,8.8538934515747e-09,1.72264282236522e-09,6.9275300563276e-09,2.04378768010586e-09,4.38469912028351e-09,2.97585076003852e-09,1.70040144831513e-09,7.81446746422914e-09,3.63916892852737e-09,4.05278336097718e-09,2.91827336403707e-09,1.73933222908737e-09,6.71813817284468e-09,1.90237855473531e-09,4.13322032445848e-09,2.26308669816478e-09,1.40939698565652e-09,8.29640702555453e-10,1.20586259290668e-09,2.3607744358015e-09,3.0418161001916e-09
1.79825572278078e-08,5.66006408332778e-08,1.25316140571499e-07,5.08424837387159e-08,8.18820780998664e-08,7.63816743422689e-08,6.65809053947907e-08,1.44755312068749e-07,6.51646926642291e-08,9.64765842747002e-08,1.18280069689076e-07,7.48435030620021e-08,1.6393923700285e-07,7.12853877465043e-08,2.30587381439454e-08,1.32836781906218e-07,6.32836726934483e-08,1.21730492320941e-07,6.62003408150943e-08,2.09405055902235e-08,1.40521822037429e-08,5.86261827332826e-08,1.98792539256451e-08,5.23835457826095e-08,1.83953623911736e-08,1.28613292033002e-08,-1.10003107165838e-09,1.76760680780773e-08,1.33405936159949e-08,1.51168937382914e-08,1.1366238610154e-08,-1.78382673227871e-09,-2.99073544979989e-09,1.19681495807842e-08,-1.87012474250926e-09,1.18375705638421e-08,-1.62462440179217e-09,-2.76851577593549e-09,3.41121748334499e-10,-1.60535933752906e-09,-3.33151575902236e-09,-2.24118480031091e-09,-3.77395157357981e-09,-7.30784110006641e-10,-1.45593836840107e-09,-4.29133935739386e-09,-1.53801057082155e-09,-4.88637115526078e-09,4.83480522853462e-09,2.86225447173139e-08,5.56043173379659e-08,2.31171459747618e-08,3.80786174743655e-08,3.54483127281204e-08,3.43854977536918e-08,6.28270557406305e-08,3.03444771009e-08,4.48971808066008e-08,4.78127045166122e-08,3.28524022561382e-08,7.33855745300157e-08,3.4475072712881e-08,8.76959340809302e-09,5.67558388029595e-08,2.44259208682156e-08,4.44242541315142e-08,3.1674356413419e-08,8.223081650904e-09,7.02243130149748e-09,2.49257174611627e-08,6.31417661979469e-09,2.36717945205085e-08,7.01193408385352e-09,6.9909796583822e-09,2.33177005568674e-09,5.74741707576112e-09,7.67362960363508e-09,6.99151813393615e-09,6.38078283178264e-09,2.29448197664577e-09,-2.79872572237478e-10,7.34094603502397e-09,4.19884015130842e-09,6.95226319778519e-09,1.95560503926697e-09,-5.9942388552401e-10,1.24868308166644e-09,4.18372733494895e-09,-1.17376741977255e-09,3.36407689004276e-09,-5.08455839662778e-10,1.46755503572084e-09,1.66085931917749e-10,-9.19916266718072e-10,-2.70896771365105e-10,-1.99851588090489e-09
7.99476284102913e-09,2.78405217685293e-08,5.72142651406148e-08,2.49359428320104e-08,4.28863034938792e-08,4.0803519817577e-08,3.27495573405589e-08,6.51791612618676e-08,1.29663774683189e-07,4.90414870788297e-08,1.01802448963561e-07,7.79770173753312e-08,7.12853877465043e-08,1.42661908770054e-07,5.17670286571124e-08,1.11631005676744e-07,1.27560857644445e-07,9.81755362795786e-08,1.33866838689408e-07,4.76674459310299e-08,2.13114353322738e-08,1.19832019644588e-07,4.10623403092986e-08,1.05336459339906e-07,4.37678213580964e-08,1.96268024173565e-08,1.25988981475253e-08,3.7757068177148e-08,1.73626000603402e-08,3.19626639462969e-08,1.78278824136951e-08,1.14798021807601e-08,1.39353531785609e-09,1.5841109080542e-08,1.21076288979477e-08,1.57967447886672e-08,1.05068054825633e-08,1.13355367051116e-09,1.75562243108854e-09,1.10552576798186e-08,1.11040384013546e-09,1.10056917115873e-08,1.6728770347766e-10,9.21292438574636e-10,-7.30875689473368e-10,-4.21902248428838e-11,-1.05841148397266e-11,-6.59096937135947e-10,2.95522934672387e-09,9.56585960596162e-09,2.17713658027795e-08,9.17089006227687e-09,1.63547945781145e-08,1.66831052678877e-08,1.15085416789921e-08,2.30509791797903e-08,5.94026473348502e-08,1.77956812639842e-08,4.2676844027329e-08,3.41888594828771e-08,2.83523236769524e-08,6.851470604756e-08,2.71420105806697e-08,5.05652523868381e-08,5.40395939394536e-08,3.70203232034124e-08,6.39077726867962e-08,2.51681080240161e-08,8.29634197377039e-09,5.20300886389048e-08,1.77012656040405e-08,4.77077374944641e-08,2.30182719687453e-08,8.12968498537296e-09,6.21002350362774e-09,1.65972169269554e-08,7.12941176923738e-09,1.4018318008735e-08,7.66891842687531e-09,6.17757499877666e-09,4.65538604300493e-10,7.0131785495967e-09,6.83370685320607e-09,8.27888976149316e-09,5.78501020062253e-09,4.41031514741138e-10,2.01989575265233e-09,6.11851594555393e-09,1.07201558965553e-09,5.41470466049146e-09,4.3268550650819e-10,1.90555135511417e-09,-3.3803041643453e-10,6.84164487955741e-10,5.55922118917282e-10,-7.6622590964837e-11
8.57825979349251e-10,1.5178845162865e-08,1.75148145611013e-08,1.30013863498512e-08,1.63803638734827e-08,1.5150786071139e-08,1.96029560328888e-08,2.08722620020894e-08,4.67376449543895e-08,2.04835613153072e-08,4.22524993778504e-08,3.32294829179551e-08,2.30587381439454e-08,5.17670286571124e-08,1.83297792447584e-07,4.73012404158362e-08,1.36434587640193e-07,1.24245574681273e-07,4.76745212506441e-08,1.70441004738086e-07,8.58311723640804e-08,1.25554664002168e-07,1.41657656265458e-07,1.00524815520256e-07,1.6150086882949e-07,8.07710406036742e-08,3.89535318976731e-08,1.33669845169539e-07,7.096216193347e-08,1.1825115228785e-07,7.65435462905372e-08,3.65842802003492e-08,1.81686826394395e-08,6.71122130138098e-08,3.65991069840423e-08,6.5647795115973e-08,3.32486990177636e-08,1.61462823429879e-08,6.08061062435889e-09,3.35287661468502e-08,1.6142639030322e-08,3.30703180595698e-08,1.41099163717653e-08,4.68818746469246e-09,2.69107038024706e-09,1.35247580500378e-08,5.12258735842869e-09,1.42081804257035e-08,-1.44941562693003e-09,3.90726298314508e-09,2.20896414767892e-09,5.72206588140168e-09,2.69617834931545e-09,1.5130278554233e-09,4.81412954176358e-09,4.5151176476913e-09,2.0929716983906e-08,1.33233268008236e-09,1.76185949373704e-08,1.31752807397835e-08,5.42133609212097e-09,2.45622511136234e-08,8.66704684541828e-08,1.97012273029317e-08,6.14675297777151e-08,5.12966264911687e-08,2.19580918106059e-08,7.70657345295361e-08,3.11010022769707e-08,5.58333674610446e-08,5.24381199414754e-08,3.91222280651892e-08,7.16401636985317e-08,2.9160159350896e-08,1.12680260874325e-08,4.85996592325575e-08,2.78210139350076e-08,4.47618258716814e-08,2.70362818703479e-08,1.0672684515686e-08,6.54745679437649e-09,2.6405052027407e-08,1.25482773002457e-08,3.11797444325312e-08,9.27843384777998e-09,5.35620648456452e-09,2.98505754958644e-09,1.15415686156097e-08,6.25301813212589e-09,9.20782434667769e-09,4.90685179435054e-09,3.50227684851985e-09,7.54636445223563e-10,5.16009598627471e-09,2.30058017112906e-09,3.97129159932208e-09
1.43324351235868e-08,5.16477319649501e-08,1.03359396545767e-07,4.44312158364899e-08,6.80061675125191e-08,6.14162847954944e-08,6.05977041544013e-08,1.18280809813393e-07,1.01789449779529e-07,7.86723350654957e-08,1.64480706845118e-07,1.15459972562532e-07,1.32836781906218e-07,1.11631005676744e-07,4.73012404158362e-08,1.84405960508587e-07,9.85392322736486e-08,1.6808287812801e-07,1.03526615103673e-07,4.33529816912748e-08,1.9157742475821e-08,9.12918970852732e-08,3.76655118079046e-08,7.91203853527158e-08,3.9265311714166e-08,1.74621593416392e-08,1.3554745144164e-08,3.41029930293687e-08,1.57516812325091e-08,2.90173271199946e-08,1.55840493520932e-08,1.22853621016632e-08,1.28581565282481e-09,1.41399954382507e-08,1.32696000866332e-08,1.37348764178974e-08,1.1126505811085e-08,1.09394783650789e-09,1.7565152838977e-09,1.21684686240665e-08,1.13548216105591e-09,1.2492835450696e-08,-2.29674267185257e-11,8.93088368629405e-10,-7.38526768649333e-10,-9.64873972297394e-12,4.73991138091499e-11,-4.49510553039879e-10,2.8643479443303e-09,2.51048717595656e-08,4.41739308505617e-08,2.0099775254605e-08,3.09532772498244e-08,2.65361046850881e-08,3.00101114371711e-08,4.85454594061984e-08,4.95887018331917e-08,3.45025416212075e-08,6.95120086734726e-08,5.1015530279533e-08,5.65374183200816e-08,5.55525756537565e-08,2.31834588546521e-08,8.1557017936125e-08,4.54433136513691e-08,6.80471737578444e-08,5.09466888399384e-08,2.1233371805297e-08,6.39056387264423e-09,4.40276037346586e-08,1.42565240483607e-08,3.77002615689043e-08,1.89202242589035e-08,6.30638404875603e-09,7.46460507139019e-09,1.28810675718922e-08,6.18952872748660e-09,1.12047303788495e-08,5.9174890386139e-09,7.47727456391538e-09,1.27809782554719e-09,6.20040270975214e-09,7.81587306654553e-09,6.5729554127977e-09,6.87832979892274e-09,1.17012465304267e-09,2.43387952338469e-09,7.19798499086559e-09,2.11188263663313e-09,7.78603257987576e-09,9.01626116735792e-10,2.50985884645056e-09,2.01582706200878e-10,1.53796861817669e-09,1.50524672214355e-09,1.03723049080119e-09
6.26417161904953e-09,2.6836745770427e-08,5.13168522977131e-08,2.26710333016921e-08,3.96505877897297e-08,3.59676698830146e-08,3.13109524111423e-08,5.83457308133718e-08,1.1665386259011e-07,4.50764995966128e-08,9.00704261807263e-08,6.59785512733053e-08,6.32836726934483e-08,1.27560857644445e-07,1.36434587640193e-07,9.85392322736486e-08,2.34900643277796e-07,1.95553057554383e-07,1.19826584426634e-07,1.25539358129087e-07,7.06752551495327e-08,2.19114806343592e-07,9.9485220700077e-08,1.81520811681211e-07,1.17770387935632e-07,6.58625658869983e-08,3.06459032776871e-08,9.27324751131152e-08,5.71286926238866e-08,7.9919499976117e-08,6.17290640598578e-08,2.83185500254225e-08,1.73318960431716e-08,5.34304613959609e-08,2.7938695481281e-08,5.29961684328509e-08,2.5662705657223e-08,1.51299395542404e-08,6.3760134205402e-09,2.53760600791654e-08,1.64373006067512e-08,2.54338615649004e-08,1.2739641107257e-08,4.60021881855652e-09,2.12510906364031e-09,1.37410424614694e-08,4.94778403058989e-09,1.45521008639652e-08,1.40210084462151e-09,9.21570893453438e-09,1.91631866728997e-08,7.81417371361429e-09,1.57106583465943e-08,1.57447184558417e-08,1.17744118071586e-08,2.0264084471154e-08,5.61054802749905e-08,1.74193040052644e-08,3.79135695478796e-08,2.89294868611461e-08,2.45042008990738e-08,6.30799816701219e-08,6.71030503756892e-08,4.42069703087943e-08,1.03320445219525e-07,7.80687902715203e-08,5.87866082886232e-08,6.00830983775585e-08,2.97701027757857e-08,9.75708461030243e-08,4.39263078818505e-08,8.12038864341002e-08,5.58840581124342e-08,2.81180509124802e-08,9.89254957960996e-09,4.11905086941625e-08,2.41136609383032e-08,3.55259087503648e-08,2.61959942794182e-08,9.37305351438873e-09,6.62117281947103e-09,2.29225658620803e-08,1.24425478979135e-08,2.8142678114885e-08,8.12909184075886e-09,5.05305946366598e-09,5.43454674097107e-09,1.12824462778582e-08,7.19579372049877e-09,8.6667627608644e-09,4.29049808670303e-09,4.87957833775348e-09,2.22292396522956e-10,6.05586786449253e-09,2.67230599138929e-09,4.13041352278271e-09
1.24028343767941e-08,5.02043572618424e-08,9.61598490075648e-08,4.15588622087752e-08,6.4683769063929e-08,5.60702442789756e-08,5.84493034327057e-08,1.09374012482072e-07,8.99850240739052e-08,7.40496435083552e-08,1.50761555446109e-07,1.02580014270793e-07,1.21730492320941e-07,9.81755362795786e-08,1.24245574681273e-07,1.6808287812801e-07,1.95553057554383e-07,2.81677901152555e-07,9.09480757157687e-08,1.141298456093e-07,6.40218137655915e-08,1.80981206242521e-07,8.93155990992852e-08,1.46547169174587e-07,1.06384596366333e-07,5.93977955609873e-08,2.63534918394728e-08,8.25985717917637e-08,5.16805713905653e-08,7.09767140600695e-08,5.5239423178571e-08,2.38841373322092e-08,1.80913315747782e-08,4.78916430053704e-08,2.33961141310331e-08,4.68870271557291e-08,2.16526871260903e-08,1.58489783382291e-08,6.85630676374387e-09,2.13336831597782e-08,1.731782017313e-08,2.15664904077679e-08,1.30210764760189e-08,4.95613902616239e-09,2.56013887628484e-09,1.42980451604401e-08,5.1309994105772e-09,1.52757168511194e-08,1.68848930557459e-09,2.37178970572539e-08,4.06556379434559e-08,1.93855087776488e-08,2.96026832100802e-08,2.61803181459135e-08,2.98353207448414e-08,4.51135296258805e-08,4.68655664205099e-08,3.41120038144868e-08,6.51598749655748e-08,4.62281088744798e-08,5.22618726174116e-08,5.1143247492101e-08,6.24149433101358e-08,7.49356049674901e-08,9.13423028007593e-08,1.15900441398435e-07,4.66862050315152e-08,5.56276818103151e-08,2.77542830015516e-08,8.65281759142953e-08,3.98677364533688e-08,6.77610979747272e-08,5.12885620663878e-08,2.62556047592136e-08,9.39144627582299e-09,3.69604425468065e-08,2.24149183421483e-08,3.16485379316298e-08,2.41543535563813e-08,8.8686443852187e-09,5.89768223595066e-09,2.13183388538985e-08,1.16978821151242e-08,2.45112232470559e-08,7.09461438343071e-09,4.39886049592931e-09,5.0268952207064e-09,1.01745707979343e-08,6.05564533954267e-09,8.10559687301018e-09,4.15337424740363e-09,4.89258954471367e-09,4.35681807358174e-10,5.73165168429986e-09,3.38293056589216e-09,5.20872552734064e-09
6.80068001702327e-09,2.46349278819649e-08,5.27491450714327e-08,2.24847465797174e-08,3.85868355732613e-08,3.72947470784345e-08,2.93178061485022e-08,6.04238482260013e-08,1.21689354077008e-07,4.44829577598657e-08,9.42994328061438e-08,7.1650157427171e-08,6.62003408150943e-08,1.33866838689408e-07,4.76745212506441e-08,1.03526615103673e-07,1.19826584426634e-07,9.09480757157687e-08,1.51205367497488e-07,5.58262900091769e-08,2.27783864741182e-08,1.35948129469872e-07,4.7907918906619e-08,1.20169514914142e-07,5.13490977229303e-08,2.10530070842752e-08,1.34672485200846e-08,4.43122630215865e-08,1.90884613246154e-08,3.80559683929791e-08,1.91201765918161e-08,1.22863423659406e-08,1.38090180967284e-09,1.74796385487115e-08,1.27546597970309e-08,1.73612536367013e-08,1.12431332034019e-08,1.09191895308708e-09,1.69143276972169e-09,1.16346077378556e-08,1.22399798351662e-09,1.18925988484171e-08,2.19639735204653e-10,8.5592661261131e-10,-6.16923528924254e-10,8.9652605478426e-11,8.58605597372767e-12,-2.59825295877345e-10,2.45855304671085e-09,8.83541398422311e-09,1.94665123159491e-08,8.3580973549956e-09,1.4006107081204e-08,1.41488804291153e-08,1.07312593890264e-08,2.069445664902e-08,5.52175761065887e-08,1.53685096807261e-08,3.931075580661e-08,3.1602626964854e-08,2.5430070292772e-08,6.39067162556951e-08,2.51978053836226e-08,4.65145621539784e-08,5.2025802039187e-08,3.55615640742264e-08,7.83106510259326e-08,3.14504171773579e-08,8.5865002091587e-09,6.27292785307714e-08,2.26817280465354e-08,5.69501868653142e-08,2.8967909778556e-08,8.09894299457523e-09,6.50467424732701e-09,2.09433279077349e-08,7.66160924765913e-09,1.82674962482764e-08,7.66229142222903e-09,6.47927208849642e-09,1.00870597026041e-09,7.86336785775091e-09,7.56536264713793e-09,9.43180082699769e-09,6.12324886338716e-09,1.00569293253354e-09,2.31900004954048e-09,6.78337833395698e-09,1.64344884523928e-09,6.86530315444195e-09,8.73356519614323e-10,1.90589904306294e-09,-3.94850077260526e-10,1.17370688090955e-09,5.81361382388078e-10,6.29441871125853e-10
