3.39250621141046e-08,1.69300434542473e-08,7.5570812796906e-09,2.73518344691176e-08,1.60107638612142e-08,2.55804767053076e-08,1.42174073856924e-08,6.55716331171188e-09,6.5809583497272e-09,1.34891276507327e-08,7.05697827436734e-09,1.41373744235448e-08,5.43809018614995e-09,5.74127222328673e-09,3.7424175251379e-09,5.83200083261167e-09,6.17784619104409e-09,6.72814914090292e-09,4.84022553617748e-09,2.92621148694024e-09,2.09296739984445e-09,5.13772807458881e-09,2.85459416527943e-09,5.24225407209834e-09,2.53312826653844e-09,1.78358705518963e-09,1.50851439559219e-09,2.5096417077027e-09,1.98661283543906e-09,2.6758884517518e-09,1.68483540752533e-09,1.43061725851608e-09,1.46930391284302e-09,1.8332736209237e-09,1.70605004963228e-09,2.02401777744339e-09,1.28709927079743e-09,1.32926325605456e-09,1.82112099329687e-09,1.55116612392542e-09,2.03208764738489e-09,2.17092721915358e-09,1.3679909055294e-09,1.68601175803825e-09,1.5605922904305e-09,1.93746416502896e-09,1.7315404668415e-09,1.94602673690632e-09,1.81189079895391e-08,8.83803136663437e-09,2.92027998064652e-09,1.55273147407787e-08,8.57842109289122e-09,1.39832965014438e-08,7.25312540693430e-09,2.6730160500571e-09,2.00322247709081e-09,7.3922101576428e-09,2.50285898566051e-09,7.27996983340794e-09,2.18902414028755e-09,1.67120088773242e-09,1.58788389826215e-09,2.14716022685363e-09,1.61233582861484e-09,2.25787936467476e-09,1.47981291596974e-09,1.40904127050829e-09,7.47839073072872e-10,1.30984149853604e-09,1.37706584942685e-09,1.49846946971357e-09,1.3185262212472e-09,5.46233273169106e-10,4.63023326527932e-10,1.20095269648227e-09,9.84312394246001e-10,1.4484862574427e-09,4.03214418260453e-10,5.39305629139497e-10,5.76733373266726e-10,8.27920565777691e-10,3.87987127580236e-10,8.6243357083873e-10,4.29428173207669e-10,5.49356237395269e-10,8.742606469291e-10,3.35087941751276e-10,6.55216483844125e-10,8.91037996196783e-10,5.73864767597566e-10,8.30286190794726e-10,6.5118061985961e-10,6.87925298432008e-10,9.01287321049223e-10,7.87496959420847e-10
1.69300434542473e-08,6.96834710302698e-08,1.84383684491039e-08,3.2992975812372e-08,6.13829277317585e-08,2.5866643481349e-08,5.90285664958945e-08,1.57199501393352e-08,8.22303117613745e-09,5.25542360145237e-08,1.502526355962e-08,5.33217500306319e-08,1.33421521762783e-08,7.18677739618266e-09,8.21062382730621e-09,1.26842297284192e-08,7.79845668344219e-09,1.30252021882191e-08,6.13352329889844e-09,7.27574607132779e-09,3.76718202441356e-09,6.63519857311488e-09,7.43276344645582e-09,6.80683263789114e-09,6.27194706119395e-09,3.38152226621777e-09,2.67916191322143e-09,6.33369786094896e-09,3.98401385806925e-09,6.9303635040103e-09,3.15048420732493e-09,2.52291231222361e-09,2.73729808684665e-09,3.61944202559762e-09,3.00865221828543e-09,3.88450901997711e-09,2.25351959906951e-09,2.52341854073353e-09,2.59439289633643e-09,2.69185372070249e-09,3.29645247046875e-09,3.47632582962024e-09,2.57543174195156e-09,2.29681021949315e-09,2.47230406382152e-09,2.81949998993253e-09,2.80819671408079e-09,3.16878900804055e-09,8.07598454294276e-09,3.06603839636622e-08,9.40016478802674e-09,1.87322247396157e-08,2.51144069228841e-08,1.37787641806787e-08,2.55822768825319e-08,7.88555852615634e-09,3.95344311900048e-09,2.27634377719131e-08,7.10364369298306e-09,2.17530566669313e-08,6.52618828340583e-09,3.57682979311429e-09,3.30347236545386e-09,5.89220277573899e-09,3.97479503320063e-09,5.76053243493995e-09,3.16085595260687e-09,2.75149019874534e-09,1.99431590820345e-09,3.35094389564899e-09,3.19747877916542e-09,3.71268668826144e-09,2.5497712561067e-09,1.69105644280515e-09,1.26674548098734e-09,2.75720550859831e-09,1.99089197027219e-09,2.70932105974524e-09,1.44835491504402e-09,1.19454822102267e-09,1.43015204785622e-09,1.64082807716581e-09,1.54459463515938e-09,1.83735973452612e-09,1.10242745349458e-09,1.33789456352974e-09,1.22164984532364e-09,1.40946973711598e-09,1.34375626245999e-09,1.63654164881383e-09,1.359193481292e-09,1.11411991623358e-09,1.32378205616976e-09,9.42522378278322e-10,1.78728962017098e-09,1.53439099049798e-09
7.5570812796906e-09,1.84383684491039e-08,3.97321952348628e-08,1.5318690692698e-08,3.28232461435688e-08,2.82662558491751e-08,1.57257946202218e-08,3.29845632510627e-08,1.50360923964057e-08,2.68984938309954e-08,2.74819528140338e-08,2.253901715874e-08,2.78870522527398e-08,1.28285118897203e-08,7.16048720691338e-09,2.33930293563063e-08,1.25083133314033e-08,2.25416182620019e-08,1.0802559389161e-08,5.80519286614635e-09,5.47386021570649e-09,1.04990634368049e-08,5.89898858866834e-09,1.04110261922305e-08,4.79956224974532e-09,4.8275868238009e-09,2.47631859325057e-09,4.87371704442456e-09,5.22148592654934e-09,4.84670524811136e-09,4.33944992022493e-09,2.29822607234041e-09,2.56657444986137e-09,4.75381168074428e-09,2.96744810768024e-09,5.65361023094435e-09,2.02175127235385e-09,2.13418317287974e-09,2.36536659183118e-09,2.56099988149774e-09,2.79472244449376e-09,3.0572371551226e-09,2.20869128114742e-09,2.0612621237354e-09,2.36681777153167e-09,2.63685076852558e-09,2.34467921479905e-09,2.88717847400003e-09,4.65704691378915e-09,8.44366915013796e-09,1.86481847003858e-08,8.91085215434896e-09,1.53016114764283e-08,1.56379227451325e-08,6.97920978431958e-09,1.53503553370669e-08,7.70423806605967e-09,1.31932513602859e-08,1.36458096011069e-08,1.12061378765355e-08,1.29720410116395e-08,6.74646637795773e-09,2.77079228402245e-09,1.18015809999368e-08,5.93399125350106e-09,1.01481407043422e-08,6.04260393415854e-09,2.28977451026224e-09,1.91953296285774e-09,5.171938996858e-09,2.49600542553655e-09,5.40988477903394e-09,1.81328118009508e-09,1.55402299075931e-09,9.70460045270497e-10,2.07320105364799e-09,1.94797307512521e-09,2.21392425711158e-09,1.31711279672755e-09,1.03319132238826e-09,6.29657597104842e-10,1.84303523927551e-09,6.61936893813756e-10,1.26693402294743e-09,8.97146229205187e-10,6.04715368148304e-10,9.68819249809198e-10,6.4290269546074e-10,1.38053389475647e-09,1.66067017578679e-09,6.51717035651942e-10,9.74128029916113e-10,1.33341038500792e-09,1.27470720514782e-09,1.48306247235647e-09,1.77138586362035e-09
2.73518344691176e-08,3.2992975812372e-08,1.5318690692698e-08,4.72680010837683e-08,2.50813903134144e-08,3.71288604313249e-08,2.73323856935947e-08,1.29910066565508e-08,7.60531594235973e-09,2.09473481133962e-08,1.25433049752205e-08,2.07028707044679e-08,1.09557351184596e-08,6.5975517732963e-09,7.6338813934202e-09,1.05809219047329e-08,7.05739637110964e-09,1.10634599429069e-08,5.45891171434565e-09,6.45024326669165e-09,2.93500551429228e-09,5.77720341134785e-09,6.57992805037607e-09,5.86061463647927e-09,5.68562556136775e-09,2.6274370228603e-09,2.21229425694191e-09,5.74364042615019e-09,3.14427068902407e-09,6.17882054938692e-09,2.51401572751859e-09,2.07159133752825e-09,2.02978726243326e-09,2.93537755881351e-09,2.40728274470304e-09,3.01316538106481e-09,1.8494119594136e-09,1.867021106857e-09,2.08256680484958e-09,2.18233019136891e-09,2.43755993069716e-09,2.6773673227819e-09,1.87305236829058e-09,1.92227113529958e-09,2.11503398786432e-09,2.31095139556929e-09,2.32060771807434e-09,2.6811052676153e-09,1.45131159850915e-08,1.78729318905256e-08,7.28672844356967e-09,2.68213338943287e-08,1.37505398673115e-08,2.12835188553073e-08,1.40463961055e-08,6.05729685312773e-09,2.84017442026586e-09,1.1526538164098e-08,5.07001634049272e-09,1.0161948638957e-08,5.10918810996721e-09,2.50613920112155e-09,3.21918375158212e-09,4.17995229021598e-09,2.91267321838701e-09,4.00771908176169e-09,2.17445821031562e-09,2.77316514450205e-09,1.29457512893769e-09,2.52087545613529e-09,2.80065347220799e-09,3.04039804706047e-09,2.69346441220558e-09,1.06580001481415e-09,9.49523009293817e-10,2.56427012415443e-09,1.50057529217621e-09,2.46075122920474e-09,9.42880769028645e-10,1.09310742598947e-09,6.79321220836944e-10,1.36508637146507e-09,9.10918776273934e-10,1.0494583945226e-09,9.32141749266324e-10,7.59039900461966e-10,9.90440845239797e-10,8.8129987418347e-10,7.80757846586367e-10,1.01371703204152e-09,8.35521053410744e-10,9.86506219904152e-10,1.23606173916052e-09,9.02706720900061e-10,1.69230951931348e-09,1.50302574315164e-09
1.60107638612142e-08,6.13829277317585e-08,3.28232461435688e-08,2.50813903134144e-08,8.66013842881901e-08,4.13892539016423e-08,5.25564847730794e-08,2.6892878476554e-08,1.42620256479216e-08,7.26833293532339e-08,2.24506914262226e-08,6.66812905214278e-08,2.27868766360416e-08,1.23308899505068e-08,7.6202394733653e-09,1.91092112537963e-08,1.23936455418461e-08,1.87603365569426e-08,1.05448767046087e-08,6.39651907990891e-09,6.19034833698325e-09,1.05552335630536e-08,6.36468268339507e-09,1.04295880284328e-08,5.49826631608002e-09,5.61635155089647e-09,3.06784600852139e-09,5.55777263002532e-09,6.25937463643647e-09,5.90784614010096e-09,5.15773513317719e-09,2.9192377311233e-09,3.1741423968021e-09,5.83572471329732e-09,3.53833994550625e-09,6.5607172083446e-09,2.5988646547417e-09,2.78763430730249e-09,3.24292278135335e-09,3.11384872430764e-09,4.05891425823157e-09,4.41536314997437e-09,3.0279656406562e-09,2.95362991568009e-09,3.13701842740292e-09,3.6135198625107e-09,3.17469059900106e-09,3.63970007723738e-09,7.65602067920801e-09,2.47795666830637e-08,1.67132608399091e-08,1.31326623046949e-08,3.42813694867091e-08,2.09489087337536e-08,2.09806135644716e-08,1.37611604218435e-08,7.59813459420418e-09,3.06003966521622e-08,1.15048615817105e-08,2.8002224394441e-08,1.15912082956061e-08,6.83873050257244e-09,2.44668800665807e-09,9.64318884791674e-09,6.19711857944068e-09,8.4023212664891e-09,6.05731668799134e-09,2.14975323132591e-09,2.70329696017162e-09,5.38243519662029e-09,2.69970431086486e-09,5.20020013947337e-09,2.12793267986588e-09,2.39049819878388e-09,1.48214147800748e-09,2.5604047398414e-09,2.91885004381343e-09,2.70902226306153e-09,1.9338744806527e-09,1.56999162418024e-09,1.61736059387394e-09,2.69005331125235e-09,1.23350919752721e-09,2.39538271728494e-09,1.42609545127407e-09,1.41695106835156e-09,1.21877894482007e-09,1.02432804174213e-09,2.04136988319908e-09,2.12846216652603e-09,1.34706928537053e-09,1.14597573036291e-09,1.52736892589531e-09,1.47528620560397e-09,1.76936921150135e-09,1.95254688247437e-09
2.55804767053076e-08,2.5866643481349e-08,2.82662558491751e-08,3.71288604313249e-08,4.13892539016423e-08,5.5545932208863e-08,2.16365621980472e-08,2.29650465031982e-08,1.25955762049414e-08,3.34669299160701e-08,1.89869777579467e-08,2.86361885644206e-08,1.93282683687659e-08,1.08193949383403e-08,6.59248517360206e-09,1.61168729666319e-08,1.06913376592771e-08,1.58744425031204e-08,9.09771804611287e-09,5.42306981580093e-09,5.2512082240737e-09,8.93845959958020e-09,5.52135768061262e-09,8.85603495027129e-09,4.57543608040646e-09,4.70694586251361e-09,2.53193559627282e-09,4.6564083288208e-09,5.32570345141757e-09,4.78940778279401e-09,4.35122741175374e-09,2.43907763636412e-09,2.35960779560363e-09,4.99001897619999e-09,2.82780060050344e-09,5.36748622408655e-09,2.14634906726297e-09,2.12163268301017e-09,2.66701191901704e-09,2.51054532352158e-09,3.04161653584911e-09,3.32588393858235e-09,2.25758079360417e-09,2.42644223390763e-09,2.59228933683355e-09,2.91094333559924e-09,2.65245006341592e-09,3.15715115797595e-09,1.39356795994333e-08,1.26471208811244e-08,1.39915004915076e-08,1.99677677997674e-08,2.09179948791103e-08,3.03799543699565e-08,9.99170369628421e-09,1.19269670457905e-08,5.89042915796932e-09,1.78390601670005e-08,8.97689271723008e-09,1.47114183729734e-08,1.01080236109496e-08,5.24210659209753e-09,2.38544781740791e-09,7.52447544536148e-09,5.01637348736898e-09,6.58270082056982e-09,4.56594241622094e-09,2.1306184959196e-09,2.07446136291967e-09,4.50364854158418e-09,1.98570957676641e-09,4.18127446366956e-09,1.93179899405386e-09,1.7530018631092e-09,1.04300812469295e-09,1.78270181249221e-09,2.33565722966533e-09,2.03287672227734e-09,1.51750315667452e-09,1.22082004859925e-09,1.04828388394403e-09,2.27550403640181e-09,7.15985782830062e-10,1.80453235237603e-09,9.93929195800682e-10,1.03434029433701e-09,1.06683446893138e-09,6.92809635804241e-10,1.52641793548398e-09,1.39252404964988e-09,1.01925389921587e-09,1.07020219472462e-09,1.3530465258444e-09,1.55591038468156e-09,1.64962026519382e-09,1.94042238421208e-09
1.42174073856924e-08,5.90285664958945e-08,1.57257946202218e-08,2.73323856935947e-08,5.25564847730794e-08,2.16365621980472e-08,7.07830628408441e-08,1.85206705708673e-08,9.85241148604015e-09,6.34617726497958e-08,1.78629026508796e-08,6.46528304412475e-08,1.57948372976564e-08,8.63043075225898e-09,9.62359626044116e-09,1.52122215839681e-08,9.48574412292316e-09,1.57449571668174e-08,7.37738228187426e-09,8.32884743391174e-09,4.53276798904291e-09,8.10417893732957e-09,8.45054063026916e-09,7.8729640176201e-09,7.09205074099202e-09,3.98075532385775e-09,3.00032496480209e-09,7.13910821268525e-09,4.52161791566332e-09,7.57997664565598e-09,3.72404439402453e-09,2.8313110618324e-09,3.0597610593217e-09,4.13653030313323e-09,3.37017615677798e-09,4.34574215495503e-09,2.46705611883888e-09,2.82631342021413e-09,2.88138065527282e-09,2.9840226567967e-09,3.72089459196534e-09,3.92978304353766e-09,2.69430191715491e-09,2.4160037661676e-09,2.48088378570919e-09,2.96396281486294e-09,2.85738739590618e-09,3.31903420333578e-09,6.31523796201503e-09,2.55963101989162e-08,7.88655415368302e-09,1.48092306253204e-08,2.27695685611388e-08,1.18739582582879e-08,2.71584199534857e-08,8.93209648179734e-09,5.18998794533125e-09,2.51668226815504e-08,8.96601719481775e-09,2.55233138725371e-08,7.31886181046994e-09,4.70542296147569e-09,3.87036221664715e-09,7.69401041340548e-09,5.16772941973722e-09,7.32849488117956e-09,4.05126236589873e-09,3.21622899679625e-09,2.68106677307851e-09,4.32092733229127e-09,3.57452698576244e-09,4.27677725657718e-09,3.03324110450551e-09,2.23048555975867e-09,1.56267612776556e-09,3.05880739070661e-09,2.66250001800293e-09,3.21329976761818e-09,1.89205958213984e-09,1.48538551358513e-09,1.52492509967717e-09,2.15111405541758e-09,1.73009798454851e-09,2.15598789069592e-09,1.38481069568353e-09,1.47654998871499e-09,1.47730778784072e-09,1.69919214966132e-09,1.6534434347794e-09,2.26960062378473e-09,1.43769528891412e-09,1.20243054917561e-09,1.34514753981532e-09,1.03946208251552e-09,1.80834343790642e-09,1.73435078184946e-09
6.55716331171188e-09,1.57199501393352e-08,3.29845632510627e-08,1.29910066565508e-08,2.6892878476554e-08,2.29650465031982e-08,1.85206705708673e-08,3.86279998827208e-08,1.69737530928652e-08,3.20904220346629e-08,3.17543554805738e-08,2.67290967249872e-08,3.25810902855131e-08,1.4272200590869e-08,8.29164317838778e-09,2.69334610604017e-08,1.41438207396257e-08,2.61292709538397e-08,1.20002506171867e-08,6.71340228143481e-09,6.76465850941123e-09,1.18995877752308e-08,6.72987091919829e-09,1.17016344082392e-08,5.54972177069972e-09,5.90516828924921e-09,2.73719054647593e-09,5.56529107063095e-09,6.24729666139371e-09,5.55648885615886e-09,5.28733073247155e-09,2.52944446229655e-09,2.75267098055065e-09,5.63201869933242e-09,3.21289019107698e-09,6.55384459055765e-09,2.19294464890511e-09,2.29025792544051e-09,2.54717121261145e-09,2.74099759614134e-09,3.0487236480998e-09,3.29907435095317e-09,2.07417825653255e-09,2.07981905744037e-09,1.96980179659438e-09,2.56542843784366e-09,2.29634418247371e-09,2.89262899286111e-09,3.94346129534909e-09,6.98707379789008e-09,1.53496607283989e-08,7.40873263203914e-09,1.31961716902289e-08,1.34525195331145e-08,8.14982704793133e-09,1.78733324321108e-08,9.00424724669866e-09,1.51015550233911e-08,1.56465860202732e-08,1.36721579074856e-08,1.52796893252615e-08,7.8215923296396e-09,3.83110386763448e-09,1.32244128468236e-08,6.77067354761201e-09,1.16652151366942e-08,6.72272281734921e-09,3.27438637436273e-09,2.54511903023771e-09,5.79084803993312e-09,3.29837917975804e-09,5.84837939545048e-09,2.57490513067249e-09,2.05159903256492e-09,1.06822215757534e-09,2.6681597242783e-09,2.35502445402185e-09,2.92070183097881e-09,1.76896179410677e-09,1.11536492111251e-09,7.09318824586174e-10,2.14972771012918e-09,7.52651099160825e-10,1.71022270281971e-09,9.82004301548279e-10,6.77202174984838e-10,1.07986192212451e-09,7.64329756086555e-10,1.61334460757328e-09,1.94004128658232e-09,6.90511188907613e-10,1.04520908990187e-09,1.36850545093942e-09,1.38045271391541e-09,1.3950894432366e-09,1.83204358417768e-09
6.5809583497272e-09,8.22303117613745e-09,1.50360923964057e-08,7.60531594235973e-09,1.42620256479216e-08,1.25955762049414e-08,9.85241148604015e-09,1.69737530928652e-08,4.20232610374773e-08,1.70344264198446e-08,3.26764644812906e-08,3.11934408517704e-08,1.42774010085725e-08,3.49011695264548e-08,1.66239547912582e-08,2.6927907718611e-08,2.937730254781e-08,2.28964456474906e-08,2.80682757114648e-08,1.25726066734882e-08,6.08456873513561e-09,2.35433805688209e-08,1.14276214364842e-08,2.18308409841982e-08,1.0434609077632e-08,5.08266843107357e-09,4.71708557902783e-09,9.32927576047231e-09,5.25434512456598e-09,9.26378734088168e-09,4.21487755746883e-09,4.23739818461155e-09,2.77059479493816e-09,4.25444409835254e-09,4.70224287899883e-09,4.52310016963449e-09,3.71324087377335e-09,2.34756796651815e-09,2.32525389583616e-09,4.10923793711893e-09,2.92632678692104e-09,4.79900899644407e-09,2.20439054989746e-09,1.90777521102563e-09,1.75378228811798e-09,2.51537277120812e-09,2.26964334127217e-09,2.92725341111221e-09,2.84154201041951e-09,2.92607228667363e-09,6.47204672130026e-09,3.68958080996773e-09,7.77620696367609e-09,7.53907261879736e-09,3.65623426470789e-09,7.22198897761244e-09,1.96021276917647e-08,9.09791535025184e-09,1.42442559625067e-08,1.72533841060648e-08,6.03479261122918e-09,1.67238002190472e-08,8.10374614036243e-09,1.16714963722337e-08,1.2390820696663e-08,8.71004530285797e-09,1.37842301942359e-08,6.5101812145301e-09,2.90163957622512e-09,1.0133887388888e-08,5.64332745424449e-09,9.7550186655281e-09,5.69002017157786e-09,2.32336234202474e-09,2.20991470958661e-09,4.87062820038472e-09,2.38748723753367e-09,5.27113993155407e-09,1.81111667236753e-09,1.98357205945007e-09,1.08892292737603e-09,2.07206057759049e-09,1.88780728425714e-09,1.92248469741882e-09,1.73186459407149e-09,1.06264910159333e-09,1.10184022208522e-09,1.77574980063309e-09,1.17611668859623e-09,1.84881245199982e-09,1.06882023265772e-09,1.02217045647558e-09,9.28636968364185e-10,1.10510071944015e-09,1.27820424964576e-09,1.61243671040223e-09
1.34891276507327e-08,5.25542360145237e-08,2.68984938309954e-08,2.09473481133962e-08,7.26833293532339e-08,3.34669299160701e-08,6.34617726497958e-08,3.20904220346629e-08,1.70344264198446e-08,8.82932712507462e-08,2.66349412176803e-08,8.0427676610984e-08,2.70684207326643e-08,1.44957942179381e-08,9.33019376924467e-09,2.2590907745002e-08,1.48626808007321e-08,2.23552165573581e-08,1.2427496387739e-08,7.80213105696572e-09,8.12441065804216e-09,1.27071847346485e-08,7.48235650335358e-09,1.2454412200213e-08,6.6135394931514e-09,7.2581945620218e-09,3.55860807547518e-09,6.40875986430577e-09,7.54399162238703e-09,6.78150659452413e-09,6.71030647712619e-09,3.36863347064475e-09,3.57039421363694e-09,7.0157820165992e-09,3.91793730460003e-09,7.74162062039816e-09,2.94374746826138e-09,3.16215581958559e-09,3.59621694701645e-09,3.41368474375589e-09,4.71064313732155e-09,4.92219451264117e-09,3.01673064370858e-09,3.03173474064437e-09,2.71556194211759e-09,3.75982076952113e-09,3.19070377814057e-09,3.91775999038028e-09,6.13328948756816e-09,2.09971225265422e-08,1.37618497549676e-08,1.03880843525645e-08,3.06074107347214e-08,1.75642094430722e-08,2.25936464287887e-08,1.51609557499225e-08,9.43330761896703e-09,3.42686874533477e-08,1.39232545866254e-08,3.35814244039656e-08,1.27643742660689e-08,8.50701762111174e-09,4.10921761356644e-09,1.16663563441612e-08,7.71003804051384e-09,1.02256510780694e-08,7.28089304596811e-09,3.56815826690161e-09,3.42685195376375e-09,6.44668441797834e-09,3.41149634135153e-09,5.96826885180328e-09,3.29034849658789e-09,2.98501190298355e-09,1.87723057764287e-09,3.06557415776321e-09,3.38325375961556e-09,3.66164513865424e-09,2.51334150950265e-09,1.94324194033006e-09,1.95976295466134e-09,3.07559230421392e-09,1.48141323476693e-09,2.73096957745876e-09,1.76359624023744e-09,1.75256356009927e-09,1.38361346218746e-09,1.31497398870443e-09,2.77047355413964e-09,2.72101659237329e-09,1.57556151114226e-09,1.27850318602296e-09,1.56511752550076e-09,1.73268682797546e-09,1.76993751222446e-09,2.21709018380211e-09
7.05697827436734e-09,1.502526355962e-08,2.74819528140338e-08,1.25433049752205e-08,2.24506914262226e-08,1.89869777579467e-08,1.78629026508796e-08,3.17543554805738e-08,3.26764644812906e-08,2.66349412176803e-08,5.30501123553849e-08,4.45307463671527e-08,2.69370775480324e-08,2.69247428630679e-08,1.53267561502777e-08,4.40275206096656e-08,2.2876224692715e-08,3.83004049772727e-08,2.14020662329845e-08,1.15638642026833e-08,6.25055955243006e-09,1.81411399856674e-08,1.08445259610732e-08,1.69263176625006e-08,9.50494390925177e-09,5.06781682038315e-09,5.28537251749661e-09,8.73419235753056e-09,5.2122934170817e-09,8.5085176112653e-09,4.19735157455214e-09,4.84230762643796e-09,3.38293086133694e-09,4.32931999364877e-09,5.40922314967533e-09,4.8716701147861e-09,4.1975663547296e-09,2.94599714232952e-09,2.84457323378825e-09,4.70506470835763e-09,3.57701006534983e-09,5.34482344266544e-09,2.70801746034324e-09,2.42080335960472e-09,2.16860136130047e-09,3.07002247997779e-09,2.76323444282006e-09,3.46679868887296e-09,3.72072843203225e-09,6.73200084556424e-09,1.23974859790243e-08,7.13863762056982e-09,1.1691614652038e-08,1.1529835957132e-08,7.798266577339e-09,1.45535551083975e-08,1.5972726099257e-08,1.33935801475716e-08,2.43984985956833e-08,2.20690602594612e-08,1.2006491653231e-08,1.35314450665309e-08,8.14598161829716e-09,1.98465326295786e-08,1.0692818930204e-08,1.65864034180456e-08,1.12849204284806e-08,6.54139263433322e-09,2.95127370921309e-09,8.83707075808338e-09,6.17601770223715e-09,8.17333126964721e-09,4.89887556038076e-09,2.2747365067862e-09,2.19383327111727e-09,4.54090892960869e-09,2.22718494840028e-09,4.68099571796135e-09,1.79881696033228e-09,2.00771443701184e-09,1.21035206216574e-09,1.83638174950406e-09,1.68161827835902e-09,1.57582964284289e-09,1.7449602423125e-09,1.25310191506292e-09,1.31096378234567e-09,1.51137848364131e-09,1.88161559433693e-09,2.1576458394921e-09,1.34058633980219e-09,1.23758981262641e-09,1.41040602353332e-09,1.6472024340417e-09,1.70387426871781e-09,2.38023214135398e-09
1.41373744235448e-08,5.33217500306319e-08,2.253901715874e-08,2.07028707044679e-08,6.66812905214278e-08,2.86361885644206e-08,6.46528304412475e-08,2.67290967249872e-08,3.11934408517704e-08,8.0427676610984e-08,4.45307463671527e-08,1.10204431523464e-07,2.26996796984279e-08,2.58474046911919e-08,1.54551767136248e-08,3.68958361775344e-08,2.25357251271884e-08,3.238459887863e-08,2.08339894398829e-08,1.20609321591653e-08,7.2830351240016e-09,1.83491807134749e-08,1.13568988867018e-08,1.72655343965568e-08,1.01482347758581e-08,6.1966155277638e-09,6.13269553371082e-09,9.53822185060834e-09,6.45253843817748e-09,9.57204361542805e-09,5.3441474454441e-09,5.8066802584071e-09,4.12460808560568e-09,5.49601402514663e-09,6.32054957764202e-09,5.71741946720612e-09,4.978895127786e-09,3.61651047799928e-09,3.88228592557254e-09,5.42891235925663e-09,5.09644319312477e-09,6.98819511645913e-09,3.51145129976821e-09,3.23846870279567e-09,2.82930740552723e-09,4.12309968604458e-09,3.58414751560445e-09,4.30064203385354e-09,6.0064478173507e-09,2.20766855740152e-08,1.13318825304603e-08,1.07976098616212e-08,2.81421446508578e-08,1.55133741815809e-08,2.35098745376512e-08,1.26460368041109e-08,1.64378960198862e-08,3.14318327189351e-08,2.12179281167874e-08,4.61344319830279e-08,1.01966190493693e-08,1.48583460749103e-08,7.76827884041411e-09,1.79914755668727e-08,1.18417194714132e-08,1.47682722053423e-08,1.21884897756024e-08,6.45129759754309e-09,3.94035112313203e-09,9.73243498781039e-09,6.43347345629077e-09,8.46504199585494e-09,5.4456670647523e-09,3.44508583761818e-09,2.65455701072378e-09,5.4453727696683e-09,3.34845089073404e-09,5.63670646679801e-09,2.91814762860766e-09,2.4811206677249e-09,2.1386410690805e-09,2.88376345455233e-09,2.1538025628659e-09,2.60479270139496e-09,2.23966784923415e-09,2.06568766025582e-09,1.67993827953049e-09,1.96821499154605e-09,2.45423730093250e-09,2.62812907463099e-09,2.129071974687e-09,1.43076740801211e-09,1.61390198432504e-09,1.79997675583928e-09,2.16263525853834e-09,2.72569731819638e-09
5.43809018614995e-09,1.33421521762783e-08,2.78870522527398e-08,1.09557351184596e-08,2.27868766360416e-08,1.93282683687659e-08,1.57948372976564e-08,3.25810902855131e-08,1.42774010085725e-08,2.70684207326643e-08,2.69370775480324e-08,2.26996796984279e-08,3.93103521622283e-08,1.63582534966242e-08,9.23924802460789e-09,3.19619384988871e-08,1.62402469010682e-08,3.08858177679436e-08,1.34997993708258e-08,7.49808874107195e-09,7.67870178242758e-09,1.34630359019358e-08,7.59826728092143e-09,1.32870417280076e-08,6.19047405913627e-09,6.62265826734605e-09,3.23634045024144e-09,6.30219371005879e-09,6.95822599928054e-09,6.39578283643712e-09,5.92978580844243e-09,2.93686827777485e-09,3.04175788456805e-09,6.26326078213847e-09,3.58490581405896e-09,7.23610934129582e-09,2.51404044538912e-09,2.50869525148556e-09,2.81952087762199e-09,3.01734055379907e-09,3.32628797719639e-09,3.6367965575501e-09,2.26818064568834e-09,2.26307020023305e-09,2.26241619456697e-09,2.77176526996671e-09,2.61787269349599e-09,3.27417755190656e-09,3.0128696252966e-09,5.94100465869426e-09,1.29746531830517e-08,5.96327426421874e-09,1.15388397939876e-08,1.10864891713074e-08,7.00130006758426e-09,1.52817093095567e-08,7.81683783154277e-09,1.32237369138034e-08,1.32261163051766e-08,1.16165244431379e-08,1.90609112490343e-08,9.21253324404598e-09,4.02324109533922e-09,1.6932523464827e-08,7.60046583298137e-09,1.40789731919681e-08,7.85186968193639e-09,3.35166474728011e-09,2.891999789301e-09,6.3485070656831e-09,3.40386919310335e-09,6.50655458345878e-09,2.58593324713337e-09,2.25489186113211e-09,1.19717354731714e-09,2.69257695991854e-09,2.63596926505096e-09,3.16414824530625e-09,1.92221078470499e-09,1.22398393059342e-09,7.0880588506414e-10,2.39638136746417e-09,8.60477890088281e-10,2.11612336209307e-09,1.06797503252001e-09,6.69978188846549e-10,1.2382131069793e-09,8.89606226550522e-10,1.60118903434346e-09,2.13013887436766e-09,6.6420261394986e-10,1.11012205580698e-09,1.42831679621055e-09,1.35156722765737e-09,1.44761447562412e-09,1.88097486215141e-09
5.74127222328673e-09,7.18677739618266e-09,1.28285118897203e-08,6.5975517732963e-09,1.23308899505068e-08,1.08193949383403e-08,8.63043075225898e-09,1.4272200590869e-08,3.49011695264548e-08,1.44957942179381e-08,2.69247428630679e-08,2.58474046911919e-08,1.63582534966242e-08,3.96035994045205e-08,1.81454767710983e-08,3.06789829264589e-08,3.30852268847532e-08,2.60753304111707e-08,3.14646109298535e-08,1.37893746640439e-08,6.71868408931743e-09,2.64009417441421e-08,1.24007468563446e-08,2.43767938969645e-08,1.1366829155128e-08,5.53178169688828e-09,5.4881862435401e-09,1.00992221422422e-08,5.82201482286412e-09,1.00607648546558e-08,4.63391948842208e-09,4.94698620074787e-09,3.26644327874657e-09,4.75277027521651e-09,5.56449294153816e-09,5.14453298143531e-09,4.36085604503027e-09,2.82461036548919e-09,2.66362841167158e-09,4.90776116979949e-09,3.45953018172292e-09,5.57680146728948e-09,2.67585591707724e-09,2.24721291474325e-09,2.08950820721992e-09,3.03400612230071e-09,2.63807964287764e-09,3.4617635010621e-09,2.52066364918758e-09,2.56102527747167e-09,5.62071159562738e-09,3.33878870413023e-09,6.81161038866014e-09,6.40309285599953e-09,3.46263498641883e-09,6.03498589959203e-09,1.67162281396716e-08,7.71249940782993e-09,1.16694421580531e-08,1.5018734244565e-08,7.37591703831537e-09,2.01303099343194e-08,8.38967207261855e-09,1.45667832663221e-08,1.42339695682242e-08,1.07711661260238e-08,1.60014147698744e-08,6.7455218131753e-09,3.32935954235496e-09,1.13595403801477e-08,6.12738300466518e-09,1.15470683656231e-08,5.83271011483687e-09,2.58701775753416e-09,2.35856110606931e-09,5.16374160018411e-09,2.60941801297412e-09,5.36266267488638e-09,2.09870707136978e-09,2.14798029887563e-09,1.2755537303239e-09,2.4180259060744e-09,2.28544370749412e-09,2.39665746531175e-09,1.8476788069549e-09,1.25192433863281e-09,1.36072145071192e-09,2.10855460559956e-09,1.41204237466057e-09,2.17767435799583e-09,1.24364240587799e-09,1.28252243231175e-09,1.09209499940028e-09,1.35530755326476e-09,1.50530271650413e-09,1.66996614564731e-09
3.7424175251379e-09,8.21062382730621e-09,7.16048720691338e-09,7.6338813934202e-09,7.6202394733653e-09,6.59248517360206e-09,9.62359626044116e-09,8.29164317838778e-09,1.66239547912582e-08,9.33019376924467e-09,1.53267561502777e-08,1.54551767136248e-08,9.23924802460789e-09,1.81454767710983e-08,5.11955791279318e-08,1.67526020354491e-08,3.87085393151717e-08,3.62455289619516e-08,1.37949129038562e-08,4.01999608505056e-08,1.65646696048496e-08,3.03163136129935e-08,3.00123875394494e-08,2.24970456253718e-08,3.32451067819558e-08,1.31513211152672e-08,7.395749935927e-09,2.39963536208775e-08,1.24855134569689e-08,2.30057447438475e-08,1.03736153897746e-08,5.95396861543173e-09,8.50796451354524e-09,9.79320284238204e-09,6.07994284424589e-09,9.412959686687e-09,5.22397381334649e-09,7.54138916729201e-09,3.65740966625199e-09,5.23669842556364e-09,7.62618676881593e-09,5.62063161087217e-09,6.60230016024949e-09,3.34198673094005e-09,2.58667453989789e-09,6.76720105603186e-09,3.44072095905794e-09,7.38853031940425e-09,1.77080374564007e-09,3.27647668718919e-09,3.11912262439825e-09,3.87060752865596e-09,3.68396402199953e-09,3.16269177373642e-09,3.60502207558862e-09,3.70828959603366e-09,7.14806167424912e-09,4.64847977046376e-09,6.2750022178956e-09,8.01707691147136e-09,4.2908420109246e-09,8.04271835231513e-09,2.46045062067816e-08,7.30129029368069e-09,1.83256997067388e-08,1.79232859327441e-08,7.06707952506584e-09,1.94567907835774e-08,8.18628120627888e-09,1.51564570556687e-08,1.54825702580714e-08,1.0794253979216e-08,1.58078853381702e-08,6.72049838652374e-09,2.90002076436391e-09,1.22980889161953e-08,6.0294743691703e-09,1.11801951031474e-08,5.14731856875211e-09,2.53238053546609e-09,3.60632360355491e-09,5.05362376573215e-09,2.690966073954e-09,5.01312974653715e-09,2.24412727515176e-09,3.17002148565113e-09,1.68116216483169e-09,2.38031505590237e-09,1.88461728689168e-09,2.38852996194151e-09,2.90051575455398e-09,1.82418405587648e-09,1.68224417744029e-09,2.24763760180306e-09,2.44994983672878e-09,3.09495880575022e-09
5.83200083261167e-09,1.26842297284192e-08,2.33930293563063e-08,1.05809219047329e-08,1.91092112537963e-08,1.61168729666319e-08,1.52122215839681e-08,2.69334610604017e-08,2.6927907718611e-08,2.2590907745002e-08,4.40275206096656e-08,3.68958361775344e-08,3.19619384988871e-08,3.06789829264589e-08,1.67526020354491e-08,5.13468906154275e-08,2.58911908660493e-08,4.44197339927618e-08,2.4220113081402e-08,1.27811538334535e-08,6.96891609765538e-09,2.04371741163242e-08,1.19586079170942e-08,1.91216011407238e-08,1.04648851006372e-08,5.64341612473252e-09,5.97765113355342e-09,9.6402316309015e-09,5.77102170863119e-09,9.53319922403747e-09,4.72901170859643e-09,5.48698874400615e-09,3.88267448051533e-09,4.81736721883321e-09,6.11912163389224e-09,5.41267857492683e-09,4.77264846058548e-09,3.37226828378981e-09,3.29413569736971e-09,5.30296152469847e-09,4.1087704283069e-09,6.07287468207173e-09,3.13525410859291e-09,2.80222008006396e-09,2.61950234334864e-09,3.55264867647698e-09,3.20745813053009e-09,4.0285033243084e-09,2.91409419639617e-09,5.73751245003995e-09,1.03132313095038e-08,5.96505184999479e-09,9.83494608700852e-09,9.49909274244812e-09,6.99334071388100e-09,1.20078553866598e-08,1.35232857928964e-08,1.11690660972768e-08,1.98461407686392e-08,1.88180840471349e-08,1.54852945311371e-08,1.60814318244612e-08,8.39725693042951e-09,2.5334601249471e-08,1.20953679822423e-08,2.04664643238378e-08,1.31730442720386e-08,6.66772835340479e-09,3.14637866385738e-09,9.67581292125384e-09,6.45569791319766e-09,9.286454279585e-09,5.016238889982e-09,2.28915785481627e-09,2.49594461678556e-09,4.6687885465764e-09,2.33516913173874e-09,5.00170362085397e-09,1.82061784890932e-09,2.28647265775081e-09,1.36412503536055e-09,1.97869182805016e-09,1.96605895048997e-09,1.6864595793567e-09,1.98247309856464e-09,1.41488451897049e-09,1.55914736544076e-09,1.7594698694474e-09,1.96508740281247e-09,2.48579773325097e-09,1.49628806134565e-09,1.44751645320548e-09,1.53631840313491e-09,1.74354131000564e-09,1.88487846164592e-09,2.49790447863033e-09
6.17784619104409e-09,7.79845668344219e-09,1.25083133314033e-08,7.05739637110964e-09,1.23936455418461e-08,1.06913376592771e-08,9.48574412292316e-09,1.41438207396257e-08,2.937730254781e-08,1.48626808007321e-08,2.2876224692715e-08,2.25357251271884e-08,1.62402469010682e-08,3.30852268847532e-08,3.87085393151717e-08,2.58911908660493e-08,5.97337834329607e-08,4.86320845146918e-08,2.64049669526628e-08,3.0313749063645e-08,1.45064492898631e-08,4.82070336801671e-08,2.20103004585285e-08,3.70491313413631e-08,2.52575992046892e-08,1.16339924526546e-08,7.39902741075924e-09,1.77110313784774e-08,1.110974484017e-08,1.68804531386214e-08,9.08482416739027e-09,6.02038007537892e-09,8.90500448121637e-09,8.66977909495943e-09,5.95389973635548e-09,8.45125149073246e-09,5.36056796618155e-09,7.95559009464818e-09,4.04430382739514e-09,5.27303566619444e-09,8.25199701825105e-09,5.9810673458941e-09,6.98848529417241e-09,3.56342971824948e-09,2.92065009308106e-09,7.17301674404168e-09,3.73621252289993e-09,7.84786961047473e-09,3.11389597620448e-09,3.18918926161716e-09,4.96899759566632e-09,4.04153554679097e-09,6.13700764569672e-09,6.02298540551537e-09,4.07778687269045e-09,5.88505844359375e-09,1.33887153997317e-08,7.87190280699786e-09,1.0197066131713e-08,1.27022128633531e-08,7.27657047736261e-09,1.55588523289372e-08,1.923750523399e-08,1.25132284088004e-08,2.6948005073559e-08,2.2266719559279e-08,1.29631624252549e-08,1.53110461882496e-08,6.93428081177713e-09,2.23268713296027e-08,1.15299489060768e-08,1.79671058825633e-08,1.29255344719496e-08,5.87300047998921e-09,2.85781908575612e-09,9.60206809840978e-09,5.15291013902568e-09,9.25650760106993e-09,4.50304372745485e-09,2.56075863272299e-09,3.74725763494717e-09,4.61752838885016e-09,2.42328199381086e-09,4.53624537625525e-09,2.28943912818644e-09,3.28126789344808e-09,1.97241720081625e-09,2.2142534595978e-09,2.06732015497214e-09,2.7269167297658e-09,3.08931700864827e-09,1.97099699557954e-09,1.78475767107495e-09,2.58252261526079e-09,2.49906969982053e-09,3.41310472022042e-09
6.72814914090292e-09,1.30252021882191e-08,2.25416182620019e-08,1.10634599429069e-08,1.87603365569426e-08,1.58744425031204e-08,1.57449571668174e-08,2.61292709538397e-08,2.28964456474906e-08,2.23552165573581e-08,3.83004049772727e-08,3.238459887863e-08,3.08858177679436e-08,2.60753304111707e-08,3.62455289619516e-08,4.44197339927618e-08,4.86320845146918e-08,7.23220446830165e-08,2.05331942329473e-08,2.83632100877779e-08,1.39037303978532e-08,3.90673324137632e-08,2.06840669095303e-08,2.97711110160202e-08,2.34425099681293e-08,1.0907418051787e-08,7.67573946952327e-09,1.63932253362904e-08,1.05516349730287e-08,1.57991078698659e-08,8.33563816682654e-09,6.19644452575761e-09,9.23399949056982e-09,8.15761154997694e-09,6.5825066123636e-09,8.52975893096163e-09,5.48028535855529e-09,8.20031384185345e-09,4.66635089480802e-09,5.75200227389402e-09,8.61862978644042e-09,6.5597266818162e-09,7.21455553760031e-09,4.07657097355364e-09,3.4863555507753e-09,7.47278357101954e-09,4.3282779003482e-09,8.35080426653475e-09,3.43436401040813e-09,5.86888358216249e-09,9.48674583728068e-09,6.5357854812013e-09,9.09755589779287e-09,9.04951074151794e-09,7.22884636503605e-09,1.16570616582742e-08,1.11249939090758e-08,1.13581546959347e-08,1.82534617796991e-08,1.67325212424557e-08,1.507460624273e-08,1.30604390651049e-08,1.86010849774345e-08,2.30907808954899e-08,2.32387549455933e-08,3.51313900100758e-08,1.11399911512954e-08,1.47753159296164e-08,6.5203931006213e-09,1.9410507594032e-08,1.16647061209695e-08,1.50542221689031e-08,1.17477342917606e-08,5.38029261895787e-09,2.96417183277373e-09,8.84764927329762e-09,4.73752220444316e-09,8.49558484248096e-09,3.97376515395522e-09,2.63070443725248e-09,3.67502784828955e-09,3.91632346609997e-09,2.23785141600958e-09,3.82364482677324e-09,2.31199042619462e-09,3.15179574198644e-09,2.50916950260335e-09,2.09008347091426e-09,2.82903796390357e-09,3.08255059593541e-09,3.03609582657339e-09,2.47908024106036e-09,2.50360710303495e-09,3.20780081402143e-09,3.17688274152012e-09,4.26385402779163e-09
4.84022553617748e-09,6.13352329889844e-09,1.0802559389161e-08,5.45891171434565e-09,1.05448767046087e-08,9.09771804611287e-09,7.37738228187426e-09,1.20002506171867e-08,2.80682757114648e-08,1.2427496387739e-08,2.14020662329845e-08,2.08339894398829e-08,1.34997993708258e-08,3.14646109298535e-08,1.37949129038562e-08,2.4220113081402e-08,2.64049669526628e-08,2.05331942329473e-08,3.78703659979398e-08,1.67800280043089e-08,8.10385531041286e-09,3.16290282548416e-08,1.50793900505617e-08,2.91841846115973e-08,1.39789152482311e-08,6.66749404092168e-09,6.59873107876831e-09,1.23805870038478e-08,7.05639967553613e-09,1.24387377102863e-08,5.60573948061077e-09,5.94918709183921e-09,4.07930149725782e-09,5.76517827831618e-09,6.61348934982549e-09,6.25760891417323e-09,5.25723804319366e-09,3.49788237581144e-09,3.19812003657255e-09,5.75939046546565e-09,4.10905610108623e-09,6.38927497712848e-09,3.12175686652564e-09,2.61786265902913e-09,2.39745823049009e-09,3.46225063353225e-09,3.09345590927946e-09,3.84073735418329e-09,2.21354718978905e-09,2.35325691458086e-09,4.9227298024437e-09,3.04272162735875e-09,5.79177892405718e-09,5.20521064704154e-09,3.29292061524259e-09,5.0827951021537e-09,1.37775333839362e-08,6.6964046509664e-09,1.00120581910164e-08,1.29369937951703e-08,6.31842419512306e-09,1.6005187753577e-08,6.74433009215027e-09,1.25678889292108e-08,1.13641327814386e-08,9.13959521452672e-09,1.80196819983495e-08,8.4868398228628e-09,4.13679800653932e-09,1.33971553665716e-08,8.14856130984972e-09,1.43795316428076e-08,7.56668104265572e-09,3.14062855630206e-09,3.00155621488524e-09,6.93834592296048e-09,3.16424347734263e-09,7.07855121191611e-09,2.55930917186029e-09,2.71606355317472e-09,1.83754463404631e-09,2.92486966045536e-09,2.84965762211808e-09,2.63099212453005e-09,2.36896463808584e-09,1.76589178913298e-09,1.79108549673392e-09,2.63222104443611e-09,1.96562654155785e-09,2.70156526372108e-09,1.54355386395237e-09,1.53965922185728e-09,1.52290087166365e-09,1.68070684020914e-09,1.89203799673537e-09,2.09233854492691e-09
