2.44544454513254e-07,1.1981491699885e-07,7.14395256005034e-08,1.92277535439103e-07,1.28303076357041e-07,1.77402025268964e-07,1.03475393329732e-07,6.0361902906812e-08,5.28508558729008e-08,1.06371931800361e-07,5.65766371091675e-08,9.84083654861515e-08,5.31226760366697e-08,4.5219848763361e-08,3.51706310947509e-08,4.86271803893334e-08,5.10589744493783e-08,5.081096073727e-08,3.7023350982387e-08,2.85322532764888e-08,2.45159611256838e-08,3.99111499889041e-08,2.77892550199078e-08,4.12982130217977e-08,2.44245510364693e-08,2.08019493671426e-08,1.86180543289903e-08,2.36863835560864e-08,2.46149144252339e-08,2.7292913331822e-08,1.7734007867736e-08,1.56806646185475e-08,1.86527320305195e-08,2.06075615143471e-08,1.97337719677205e-08,2.32712491647377e-08,1.41228308411464e-08,1.42583966746978e-08,9.26430319584279e-09,1.73121525578041e-08,1.76433641695442e-08,2.0586519042301e-08,1.25189957979267e-08,7.73248026425859e-09,7.72878120782527e-09,1.48090931942239e-08,9.03519434167028e-09,1.80029610054367e-08,1.90401246157282e-07,8.70119991434066e-08,5.46448955093663e-08,1.50537067820341e-07,9.04905858278073e-08,1.34206270356255e-07,7.55327243227964e-08,4.53127965898027e-08,3.55707094106142e-08,7.43478268672134e-08,4.23810275724101e-08,7.21238173995824e-08,4.03840705004114e-08,2.85611984529204e-08,1.81726177343215e-08,3.63441826995612e-08,3.20609823478477e-08,3.14461424543817e-08,2.31879961679281e-08,1.29678361175587e-08,1.56296734410277e-08,2.44036033691453e-08,1.89804028836557e-08,3.0573292616753e-08,9.79289807075532e-09,1.35176381957916e-08,1.38932729200959e-08,1.60114043494298e-08,1.71323648782378e-08,2.00582197276541e-08,1.07863257574085e-08,1.10444863264593e-08,1.32647969593299e-08,1.40205955979621e-08,1.42669494168497e-08,1.61177464870709e-08,1.02629238494638e-08,1.1419613558059e-08,8.87949976749506e-09,1.3536650312465e-08,1.30734503841112e-08,1.63207752300189e-08,1.04177264604065e-08,7.84224491581838e-09,5.79940853047737e-09,1.25895201014669e-08,8.00247140938449e-09,1.3892733819249e-08
1.1981491699885e-07,5.23748572727022e-07,1.4732028599114e-07,2.41892426593563e-07,4.38934396139892e-07,1.81547043045855e-07,4.48151307625505e-07,1.2218523917965e-07,6.33379064567151e-08,3.76310605862706e-07,1.21037232981953e-07,3.40199459745376e-07,1.05415067197569e-07,5.02145783839772e-08,7.9720223172324e-08,1.01674590212594e-07,6.05965144964756e-08,9.69972342134103e-08,3.95325527671295e-08,6.31592680347936e-08,4.2787394361139e-08,4.72021271771765e-08,6.37963952402975e-08,4.55327380843346e-08,5.28212786300271e-08,3.82226442454901e-08,2.75805572742787e-08,5.54693043541362e-08,3.80923748087219e-08,5.04884197591831e-08,3.28570416432694e-08,2.16494180614863e-08,2.90168569791681e-08,3.14448199619921e-08,3.01547472856181e-08,3.48470342549916e-08,1.8816261098856e-08,2.36173865273942e-08,2.10933208421312e-08,2.51099372393206e-08,2.74408410895376e-08,2.82405865861632e-08,2.15696598013263e-08,1.99251076717114e-08,2.12291597078952e-08,2.57752236860034e-08,2.61919844940825e-08,3.17272396187685e-08,9.63370152992479e-08,3.19519019668852e-07,1.11157184006759e-07,1.93164838571928e-07,2.60519269733537e-07,1.43766205032277e-07,2.64067327334843e-07,8.92094806245642e-08,3.89109315956751e-08,2.23753121802603e-07,8.81479710370711e-08,2.02623060575884e-07,7.9684035345564e-08,2.90704131828937e-08,5.83065070625938e-08,7.57801160296798e-08,3.91321816258898e-08,6.3539005095225e-08,2.60808192130143e-08,5.00694530939565e-08,3.12363249568546e-08,3.05881022883654e-08,5.24600777458678e-08,3.00095584317418e-08,4.20816753055519e-08,2.76994332005227e-08,1.97156321100898e-08,4.62374969786256e-08,2.23607740585378e-08,4.18682116007159e-08,2.33016151915498e-08,1.528166492962e-08,2.20473980076445e-08,1.91365197546213e-08,2.25704353039283e-08,2.57244498179504e-08,1.39529939873832e-08,1.74940350873166e-08,1.47089427987886e-08,1.95766290759026e-08,1.62383983172068e-08,1.93328028068472e-08,1.60504761385438e-08,1.50472428881966e-08,1.70936104859341e-08,1.58405998272317e-08,2.11224588767603e-08,2.5601125002634e-08
7.14395256005034e-08,1.4732028599114e-07,3.32548630177403e-07,1.15830220513926e-07,2.72213530599848e-07,2.25878184354175e-07,1.22284829015406e-07,2.57749265741756e-07,1.00709959877243e-07,2.08124746942917e-07,1.98723176731084e-07,1.62690534952949e-07,2.22152293694996e-07,8.23045960412205e-08,5.36376571019531e-08,1.66169850891062e-07,8.31978988195258e-08,1.53467178415574e-07,6.69214431109657e-08,4.22651815216008e-08,5.08324036524963e-08,6.21800667977984e-08,4.37086571458441e-08,5.94963182179133e-08,3.56081080005017e-08,4.34161734005695e-08,2.52096584805858e-08,3.69909161164198e-08,4.32017218032842e-08,3.46529356850718e-08,3.66307904273272e-08,2.06458337804221e-08,1.64845335792884e-08,3.71315611727554e-08,2.44709229443807e-08,3.88711923319127e-08,1.71441044020186e-08,1.38142654502753e-08,1.28445011438748e-08,2.07157130059627e-08,1.54195611719746e-08,2.08884870021049e-08,1.42454326862679e-08,1.29271880213874e-08,1.34973379759504e-08,1.65293634351928e-08,1.69744589576393e-08,2.11312029808783e-08,5.97716154122612e-08,1.12129873399162e-07,2.58981081231012e-07,8.76977652802805e-08,2.13509057732605e-07,1.7021760571794e-07,9.08449506690114e-08,2.01828063281096e-07,7.60961946394888e-08,1.65624719982002e-07,1.49633818257456e-07,1.1962528655405e-07,1.75429832879823e-07,6.15917278976957e-08,4.53236142925797e-08,1.26280483295399e-07,6.04143024762383e-08,1.04362175038935e-07,5.00908976946266e-08,3.46332044746443e-08,3.76372813519738e-08,4.53308870352252e-08,3.86566114613894e-08,4.53691381045077e-08,2.73238552826424e-08,3.25926451576148e-08,1.73727472675045e-08,3.26734693574522e-08,3.07154424867568e-08,2.77635266205395e-08,2.73646737294205e-08,1.47392951020966e-08,1.16638723596825e-08,2.76639674943172e-08,1.81872730782842e-08,2.8496766220222e-08,1.36154609069293e-08,1.02407276130075e-08,1.17621215750989e-08,1.71947265428056e-08,1.23210378857799e-08,1.84015496184354e-08,1.12688018417108e-08,1.2904459261507e-08,1.31619131942157e-08,1.29555270457291e-08,1.53249536544934e-08,1.59800221951749e-08
1.92277535439103e-07,2.41892426593563e-07,1.15830220513926e-07,3.49974598302635e-07,1.85413854481668e-07,2.60760502762614e-07,2.03033641551111e-07,9.23674878339122e-08,4.89213057591312e-08,1.51328735899085e-07,8.43400359401316e-08,1.35633634810356e-07,8.09627674212643e-08,4.06983766002265e-08,7.8193967042053e-08,7.18536124364982e-08,4.92805920032061e-08,7.03828885056174e-08,3.2620775610086e-08,6.20099086005405e-08,3.59232438575034e-08,3.86371967531836e-08,6.07316808338964e-08,3.72461675863059e-08,5.29052283241662e-08,3.17399167803393e-08,2.46564692577921e-08,5.2775906536023e-08,3.5202014873371e-08,5.1262784157354e-08,2.8329968436972e-08,2.17119101920045e-08,2.52423176957511e-08,3.19386605510447e-08,2.72712402099252e-08,3.23042029709867e-08,1.9050283278121e-08,2.0444383063697e-08,1.6886044672813e-08,2.39631832227293e-08,2.65076071158443e-08,2.95223629814235e-08,1.65871751240064e-08,1.4171957392895e-08,1.48102934746915e-08,2.16000731404666e-08,1.80941394825781e-08,2.56430595267733e-08,1.50019997933583e-07,1.91247134725492e-07,8.96431111735242e-08,2.79952674956515e-07,1.32514968569001e-07,1.92456428773719e-07,1.54859811611583e-07,7.06201539741391e-08,3.68420671080525e-08,1.05396460190022e-07,6.7545739345077e-08,1.02651560899424e-07,6.39913347129209e-08,2.87231342209619e-08,5.56346232952278e-08,5.92101456112546e-08,3.77798757779121e-08,4.80734106102231e-08,2.47840843395773e-08,4.54890120306465e-08,2.65090870620744e-08,2.79367673364431e-08,4.60274262546354e-08,2.5189019351945e-08,3.84342250662952e-08,2.24630341109866e-08,2.08678469729536e-08,3.99310940036615e-08,2.46070092194803e-08,4.50118333652096e-08,1.92709446589985e-08,1.71393224041117e-08,1.90358731346377e-08,2.09544964185653e-08,2.00693257117296e-08,2.27058492371727e-08,1.57566244027012e-08,1.68679802679974e-08,1.49806642240336e-08,1.85834777152032e-08,2.08444434572934e-08,2.38216594372771e-08,1.42515788841561e-08,1.34577156445596e-08,1.25932235781715e-08,1.77659886745496e-08,1.49690998553479e-08,2.27661842560779e-08
1.28303076357041e-07,4.38934396139892e-07,2.72213530599848e-07,1.85413854481668e-07,6.57221802636451e-07,3.20126999238019e-07,3.76399689151493e-07,2.08028151754135e-07,9.94853417937763e-08,5.20069304323152e-07,1.67716637298123e-07,4.22517328435397e-07,1.78614071238527e-07,8.16673846766923e-08,6.34778619445412e-08,1.41792810652456e-07,8.57603158031579e-08,1.35760146084598e-07,6.78735365042106e-08,5.09338589965165e-08,5.94532690292453e-08,6.77289158576486e-08,5.13886324238043e-08,6.47644721501719e-08,4.32766190040118e-08,5.35526217453466e-08,3.16374414642601e-08,4.54273273015114e-08,5.26947290367564e-08,4.46081740222903e-08,4.54345385005736e-08,2.59038697503877e-08,2.61946300467147e-08,4.52088109521587e-08,3.18536685422737e-08,4.79062450420915e-08,2.15127271196071e-08,2.15792338626365e-08,1.95756597575579e-08,2.61374631041807e-08,2.53920827686524e-08,3.09927505641046e-08,2.20388445902557e-08,1.96069392262572e-08,2.06027745394884e-08,2.69117178155109e-08,2.58519724328989e-08,3.39982573632018e-08,1.01246098929867e-07,2.49014260072653e-07,2.22904055601566e-07,1.37922281989189e-07,4.12646036724165e-07,2.4579788347694e-07,2.11563249147422e-07,1.69599040997776e-07,6.49727106667816e-08,3.24519815184486e-07,1.2787091629238e-07,2.56706628442288e-07,1.47525365164043e-07,5.16380582757353e-08,4.28440364316007e-08,1.10024892495404e-07,4.9836451470053e-08,9.06057468821833e-08,4.51539750782703e-08,3.56345674803364e-08,4.27025849685541e-08,3.96436051784677e-08,4.22302523464799e-08,4.23497087738309e-08,3.01160839222687e-08,3.72185470576693e-08,2.33472542191436e-08,3.72429055347768e-08,3.53586227388177e-08,3.31899165217418e-08,3.10505300249478e-08,1.96576911390637e-08,2.02597552732661e-08,3.15351448355661e-08,2.64057985665554e-08,3.45829272496601e-08,1.72035996877763e-08,1.66399541031057e-08,1.48134493633438e-08,2.23097599476801e-08,1.77185683327736e-08,2.43924136373335e-08,1.64997765440095e-08,1.49723794407056e-08,1.99804339928244e-08,1.90344674550394e-08,2.14173445975027e-08,2.60744304338264e-08
1.77402025268964e-07,1.81547043045855e-07,2.25878184354175e-07,2.60760502762614e-07,3.20126999238019e-07,4.29174865820733e-07,1.53421960783467e-07,1.7163258553719e-07,7.86466898795368e-08,2.46731950773073e-07,1.30555659999878e-07,1.87998679943881e-07,1.47537400044406e-07,6.50095275181513e-08,5.75788734631428e-08,1.10318274592954e-07,7.15924558061768e-08,1.01608365659846e-07,5.31040097719414e-08,4.63412514230468e-08,5.48110480266695e-08,5.53630045328563e-08,4.86228282113037e-08,5.55996725410903e-08,3.97355321223266e-08,4.76124941718032e-08,3.07562258359917e-08,4.20858044290255e-08,4.94929311605674e-08,4.00273852001953e-08,4.1417107594738e-08,2.6387555259748e-08,2.30167222008806e-08,4.308428185021e-08,2.93831638068694e-08,4.20981036308966e-08,2.18540853431952e-08,1.88764518342533e-08,1.68872701153386e-08,2.50967149978849e-08,2.45786286378856e-08,3.06952968855833e-08,1.71501043316821e-08,1.56483578226185e-08,1.55064724808211e-08,2.27623814777947e-08,2.09414159260223e-08,2.90946876831931e-08,1.42625504832221e-07,1.32777765549105e-07,1.79181787129067e-07,1.96643844104827e-07,2.33247578769415e-07,3.0931387467379e-07,1.1142735532933e-07,1.40631074897222e-07,5.89399228278713e-08,1.75602324610327e-07,1.0831720300724e-07,1.34880119636216e-07,1.2204543523527e-07,4.8448823632723e-08,4.22293709199903e-08,9.47527093408181e-08,5.06989081337515e-08,7.31411004180792e-08,3.99568056163605e-08,3.33195159170918e-08,3.80263112295108e-08,3.87039209555811e-08,4.0839936538986e-08,4.03790370595892e-08,2.76745700682932e-08,3.15553766872845e-08,2.75043161226258e-08,3.62761565710132e-08,3.55644713463586e-08,3.37576758557879e-08,2.65051472128302e-08,2.22269501194228e-08,1.87738636844086e-08,3.0656624510749e-08,2.33906577280993e-08,2.77913450545706e-08,1.96062245852524e-08,1.64603716592022e-08,1.45969448431218e-08,2.08502893514708e-08,2.17386338032572e-08,2.67181823689712e-08,1.5047378893175e-08,1.42216263096966e-08,1.63985818345187e-08,2.0245044528351e-08,1.8437433106979e-08,2.52634771391255e-08
1.03475393329732e-07,4.48151307625505e-07,1.22284829015406e-07,2.03033641551111e-07,3.76399689151493e-07,1.53421960783467e-07,5.44504853431561e-07,1.41331822628229e-07,7.13722445491295e-08,4.68499138349724e-07,1.40184609517809e-07,4.30608473598386e-07,1.22906116036025e-07,5.75209451978854e-08,8.51718390919031e-08,1.18993365853279e-07,6.7070943362117e-08,1.12329798457449e-07,4.63692049923397e-08,6.78197179514317e-08,5.11596505193697e-08,5.33266629602654e-08,7.40251061103884e-08,5.36215541728079e-08,5.72402450261263e-08,4.47799439921e-08,3.10880818969808e-08,6.37433278047264e-08,4.06947488344083e-08,5.64241030337871e-08,3.9318186533472e-08,2.49531332923525e-08,3.26035428135813e-08,3.43723601053033e-08,3.42468031211406e-08,3.80907894247848e-08,2.17234067555811e-08,2.60705832666938e-08,2.39341453727846e-08,2.89748427759138e-08,3.00900671848299e-08,3.18030706690051e-08,2.35549843769907e-08,2.22333487878181e-08,2.17220617035471e-08,2.74221523979325e-08,2.75873463229546e-08,3.1977229818946e-08,8.37486395363429e-08,2.64080603395461e-07,8.92698312699817e-08,1.59673277825081e-07,2.23812752670793e-07,1.22462193938782e-07,3.5000964882438e-07,1.05322647484319e-07,4.52290698801294e-08,3.03261093490581e-07,9.75728114821692e-08,2.65370071653424e-07,9.39666705806471e-08,3.42114776626606e-08,6.03594935787491e-08,8.40189360886528e-08,4.64329827068777e-08,7.54673770161518e-08,3.11252814322346e-08,4.99295368412259e-08,3.95684085232278e-08,3.71671843764345e-08,5.50080848000481e-08,3.65415840802489e-08,4.1618571977897e-08,3.48371823027022e-08,2.04672559372549e-08,4.76549037666517e-08,2.53217390866095e-08,4.22155557583556e-08,3.02370213566199e-08,1.59580328921502e-08,2.46606476569375e-08,2.2026371555613e-08,2.43128813216558e-08,2.90123690485513e-08,1.4184700539656e-08,1.87697674359735e-08,1.69041870150869e-08,2.1402826829256e-08,1.75663221829168e-08,2.10970495462375e-08,1.68871671226576e-08,1.64500146712909e-08,1.61672690158817e-08,1.67644003660355e-08,2.13120688529997e-08,2.62624589822802e-08
6.0361902906812e-08,1.2218523917965e-07,2.57749265741756e-07,9.23674878339122e-08,2.08028151754135e-07,1.7163258553719e-07,1.41331822628229e-07,2.9554621320093e-07,1.1681940452271e-07,2.41774356603184e-07,2.25187389814615e-07,1.93893849007041e-07,2.5440342789796e-07,9.64694059663313e-08,6.39998794788096e-08,1.88754263060104e-07,9.47303133575743e-08,1.72147971713299e-07,7.55319283214158e-08,5.01121579120183e-08,5.60482660057778e-08,7.21417478142861e-08,5.08699282469973e-08,6.707753988787e-08,4.19913800125009e-08,4.77806377042284e-08,2.84134545942103e-08,4.2822794639619e-08,4.89078494634368e-08,4.28958682759505e-08,4.09536328874479e-08,2.37925376504297e-08,1.93527910072735e-08,4.26339763578062e-08,2.78761654299631e-08,4.50769112311495e-08,1.9834398895469e-08,1.60846823198249e-08,1.4387045788148e-08,2.36839400532714e-08,1.77791879516926e-08,2.38206262167533e-08,1.48671972528749e-08,1.33212930955242e-08,1.34532998545784e-08,1.67077269562518e-08,1.68582545635649e-08,2.01739174040034e-08,5.03791173528213e-08,9.07448422228733e-08,2.01802513249006e-07,7.0195904422844e-08,1.65540038145025e-07,1.33846911155597e-07,1.05443994212604e-07,2.31193889340624e-07,8.91094749646687e-08,1.94585084597148e-07,1.73032431727807e-07,1.45260584923642e-07,1.99058409900172e-07,7.27008158919727e-08,5.34851389780465e-08,1.45029634606897e-07,6.77796491687435e-08,1.20981253194286e-07,5.72881860752144e-08,3.90191796959166e-08,4.2279642110099e-08,5.12054129800765e-08,4.10786651675789e-08,5.05819931396746e-08,3.04911632222809e-08,3.58095257085993e-08,1.86644668015121e-08,3.4820516918587e-08,3.4302593696837e-08,3.05632158338202e-08,3.08159948626281e-08,1.61371085077915e-08,1.0835818118956e-08,3.10211175468899e-08,1.90171823191733e-08,3.06215216473807e-08,1.45986382341774e-08,9.31941696732569e-09,1.2439193752369e-08,1.77368443444198e-08,1.27997619639694e-08,1.96254243387777e-08,8.1961159792516e-09,1.19594001605623e-08,1.00486931564743e-08,1.19163041904635e-08,1.34843656396209e-08,1.4393208189859e-08
5.28508558729008e-08,6.33379064567151e-08,1.00709959877243e-07,4.89213057591312e-08,9.94853417937763e-08,7.86466898795368e-08,7.13722445491295e-08,1.1681940452271e-07,2.9514539440356e-07,1.12888963666175e-07,2.30984545291466e-07,2.02791975551385e-07,9.64900050468399e-08,2.31759393286426e-07,1.15508816189361e-07,1.79524026836664e-07,1.84304322180007e-07,1.46936282032961e-07,1.85539504145642e-07,9.32450727121801e-08,4.81684179364541e-08,1.49201730882591e-07,7.67111326296777e-08,1.23573042454719e-07,7.7654523466348e-08,4.13138271553998e-08,3.09057773851929e-08,6.45530028982779e-08,4.42769624723688e-08,6.74131227451945e-08,3.3381425847235e-08,2.76025151205124e-08,2.23329578221685e-08,3.41606204445303e-08,2.72594794002888e-08,3.71130646515967e-08,2.25183456360133e-08,1.90746777776505e-08,1.18794752550076e-08,2.26706286511257e-08,1.66150509346781e-08,2.17140660019794e-08,1.76440892113197e-08,1.07396504569439e-08,1.17124483313747e-08,1.51939832375424e-08,1.51734425351133e-08,1.9512597673529e-08,3.61069839644629e-08,4.18098647131085e-08,8.16840779771387e-08,3.50207883365656e-08,8.01989695434157e-08,6.52793198266056e-08,4.39751742104043e-08,9.40133793378527e-08,2.27818509209135e-07,8.84901658573589e-08,1.7067287678129e-07,1.45669649761818e-07,8.1178588483199e-08,1.75206432022256e-07,8.55607683698479e-08,1.34276371375763e-07,1.308737533037e-07,1.04827123914679e-07,1.38764229676805e-07,6.89283964043089e-08,3.53469348431529e-08,1.05645139933142e-07,5.56981568321278e-08,9.02905387997979e-08,5.6446947227855e-08,3.03308133673246e-08,2.27226396302501e-08,4.6772608191198e-08,3.06814980124416e-08,5.06137785298413e-08,2.42588808475584e-08,2.05507106544885e-08,1.43991817934309e-08,2.65377918369494e-08,1.88006832472224e-08,2.84937278877649e-08,1.71181133474907e-08,1.26872442385147e-08,1.31715087676279e-08,1.65426030572429e-08,1.15344615174806e-08,1.7865741143404e-08,1.15808780226036e-08,1.17625008815579e-08,9.11576864386387e-09,1.09596252841924e-08,1.34865096876035e-08,1.46531077659035e-08
1.06371931800361e-07,3.76310605862706e-07,2.08124746942917e-07,1.51328735899085e-07,5.20069304323152e-07,2.46731950773073e-07,4.68499138349724e-07,2.41774356603184e-07,1.12888963666175e-07,6.34754887463569e-07,1.9613186950405e-07,5.28331953470615e-07,2.08547663714245e-07,9.39421667593101e-08,7.40910774389449e-08,1.66909913726099e-07,9.91639426751643e-08,1.58062535872782e-07,7.75182776593555e-08,5.91376611607016e-08,7.36191131923392e-08,7.96434280052446e-08,6.25662893416223e-08,7.51272937371698e-08,5.08163676337757e-08,6.53437502951818e-08,3.8808141936217e-08,5.50707922488029e-08,6.02471823571511e-08,5.11257514917424e-08,5.68540377265078e-08,3.24081668960198e-08,3.09838967480139e-08,5.27786308147014e-08,3.8698564574293e-08,5.50989249209711e-08,2.77239954253197e-08,2.54073487213265e-08,2.43005334705008e-08,3.26675881894432e-08,2.88690070774063e-08,3.68358069589062e-08,2.37392984040432e-08,2.32452357520665e-08,2.0555041077765e-08,2.67913843906348e-08,2.79955113487017e-08,3.13346669655778e-08,8.69195578260802e-08,2.11486578812764e-07,1.69634722360968e-07,1.15904984339492e-07,3.24501904907249e-07,1.89768654405789e-07,2.9363317585933e-07,1.93521344208551e-07,7.57013584791754e-08,4.22264335365138e-07,1.45895946341041e-07,3.29120234703604e-07,1.67925779661984e-07,6.07569701816014e-08,4.75705417049692e-08,1.25321255154649e-07,5.98091044252501e-08,1.07553813816713e-07,5.28694478416759e-08,3.60759962177455e-08,5.70917757649342e-08,4.78631884163314e-08,4.40804185191645e-08,5.03559576395549e-08,3.02783806341649e-08,4.98862699970865e-08,2.63280004254246e-08,3.85369534764447e-08,4.29354240322943e-08,3.24443334009569e-08,4.33737696111583e-08,2.23703411240441e-08,2.15236276774113e-08,3.88237731531356e-08,2.82519681975122e-08,4.08344117160329e-08,1.96166472113865e-08,1.69803731062032e-08,1.96725961935875e-08,2.44731231220348e-08,1.94449024945627e-08,2.79177747954977e-08,1.51705024626446e-08,1.90869162555665e-08,1.52076502794368e-08,1.86192991116965e-08,2.16988567396829e-08,2.29058224569375e-08
5.65766371091675e-08,1.21037232981953e-07,1.98723176731084e-07,8.43400359401316e-08,1.67716637298123e-07,1.30555659999878e-07,1.40184609517809e-07,2.25187389814615e-07,2.30984545291466e-07,1.9613186950405e-07,3.8150791423893e-07,3.1797872755461e-07,1.88772561481738e-07,1.79511401003683e-07,1.11036563870803e-07,3.07255401952622e-07,1.51122876459156e-07,2.46231369056049e-07,1.43985509288619e-07,8.9962268662894e-08,4.75528350802329e-08,1.23577964273687e-07,7.38346396439574e-08,9.70495904565503e-08,7.44942973489187e-08,4.03378893783033e-08,3.60695527608615e-08,6.17046425776452e-08,4.39201878455963e-08,6.18532804887626e-08,3.27178399778122e-08,3.14720505198531e-08,2.4657059780408e-08,3.36450264127831e-08,3.35898689894195e-08,3.81291323287983e-08,2.58736351545111e-08,2.00883697706365e-08,1.76314373703828e-08,2.8084881104042e-08,2.36323481436118e-08,2.98716969937761e-08,1.89940084414809e-08,1.53300824651752e-08,1.49655737580259e-08,2.17739721793464e-08,1.78900285919126e-08,2.49098249336137e-08,4.71349801052796e-08,8.70579711241452e-08,1.46154805954203e-07,6.24046882965607e-08,1.31735015071972e-07,1.06667018929028e-07,9.99637545126129e-08,1.70660808916523e-07,1.7356380248697e-07,1.5426264346265e-07,2.69717609954483e-07,2.21744055984726e-07,1.41948801898139e-07,1.30523119130664e-07,8.11026250035017e-08,2.16852435917249e-07,1.06567645457565e-07,1.67681141242883e-07,1.03639716014442e-07,6.48538881095211e-08,3.45096666401844e-08,8.55315694102185e-08,5.48683847272893e-08,6.91875393174041e-08,5.13603864624822e-08,2.83128930365722e-08,2.32147448896313e-08,4.54807129343066e-08,2.65002583654975e-08,4.28448651181597e-08,2.23021007038611e-08,2.00828534664871e-08,1.61588570412908e-08,2.32276375652986e-08,1.96624133375699e-08,2.55496073161711e-08,1.74929212975684e-08,1.3633355147385e-08,1.54368221377071e-08,1.81278823481731e-08,1.54841251914636e-08,2.1604191308386e-08,1.2974983732864e-08,1.41615595110489e-08,1.15681309955961e-08,1.45397430483542e-08,1.52426466494364e-08,1.67528647899662e-08
9.84083654861515e-08,3.40199459745376e-07,1.62690534952949e-07,1.35633634810356e-07,4.22517328435397e-07,1.87998679943881e-07,4.30608473598386e-07,1.93893849007041e-07,2.02791975551385e-07,5.28331953470615e-07,3.1797872755461e-07,7.27589112692733e-07,1.64652010491414e-07,1.61219007574766e-07,1.15614282256749e-07,2.58869342886264e-07,1.43983167116288e-07,2.20331149096013e-07,1.27282739757464e-07,9.13090299511194e-08,6.16562907949699e-08,1.17071114354452e-07,8.26009446383096e-08,9.83177983065541e-08,7.61002141659618e-08,5.07266065788429e-08,4.51832671740296e-08,6.92254647463386e-08,4.97637756184945e-08,6.5830696316877e-08,4.41031444676406e-08,3.97735192669586e-08,3.51460878103328e-08,4.07904761911968e-08,4.54709143732119e-08,4.63693815557709e-08,3.36430736857558e-08,2.92247469720122e-08,2.81353645548722e-08,3.88230330189134e-08,3.3235721186509e-08,4.41886834358174e-08,2.74946386515996e-08,2.55009554307092e-08,2.18261147008064e-08,3.04549644947781e-08,2.73904015247998e-08,3.2125109351515e-08,7.31913606579421e-08,1.87023408258661e-07,1.27244788056591e-07,9.5043953367256e-08,2.8169093277021e-07,1.52062670774166e-07,2.66823817251757e-07,1.55354971126803e-07,1.44830717125436e-07,3.68855603277147e-07,2.19112340069762e-07,4.54598683123589e-07,1.33097252573253e-07,1.0672924446927e-07,7.16122329434582e-08,1.82610336558468e-07,8.87076688761576e-08,1.46074917757898e-07,8.51912780308492e-08,5.70864052035036e-08,4.53762691515493e-08,7.23494337749268e-08,5.73778795188414e-08,6.77516835936035e-08,4.57133407165329e-08,3.81463037736725e-08,2.82485870820279e-08,4.76282909135874e-08,3.30230431020677e-08,4.5489087745531e-08,3.30237608177142e-08,2.50516438040091e-08,2.54195959739191e-08,2.86719927827394e-08,3.08954255140292e-08,3.39768609083535e-08,2.19554300768539e-08,1.99667915949387e-08,2.12601162218573e-08,2.73408618614496e-08,1.79246470419803e-08,2.98367477608719e-08,1.86034983671557e-08,2.02337446475627e-08,1.57371871996793e-08,1.75703718659864e-08,2.20046083268035e-08,2.17846115583444e-08
5.31226760366697e-08,1.05415067197569e-07,2.22152293694996e-07,8.09627674212643e-08,1.78614071238527e-07,1.47537400044406e-07,1.22906116036025e-07,2.5440342789796e-07,9.64900050468399e-08,2.08547663714245e-07,1.88772561481738e-07,1.64652010491414e-07,2.78701943369015e-07,1.02418080980405e-07,6.88658679728037e-08,2.05637610691272e-07,1.00929642009341e-07,1.90265808872919e-07,7.98897527203514e-08,5.46094558233552e-08,5.87671460858055e-08,7.72076166592588e-08,5.66544773016258e-08,7.21116795907626e-08,4.53526651251439e-08,5.03294063441071e-08,3.01012511022234e-08,4.75057110906976e-08,5.12015137508676e-08,4.74693833690071e-08,4.33158219352456e-08,2.52938377685134e-08,2.13167838829651e-08,4.49158120795295e-08,3.00891019221573e-08,4.7491126742451e-08,2.12977914737091e-08,1.80275670027565e-08,1.57400918950274e-08,2.60857681687135e-08,1.96758709386623e-08,2.49824137011145e-08,1.67623581296713e-08,1.45131875532779e-08,1.56355651845948e-08,1.84016730758021e-08,1.96383169537109e-08,2.34500101682121e-08,4.55220692047103e-08,7.98807543976791e-08,1.75381891353628e-07,6.23583169683551e-08,1.43217011874149e-07,1.14411686713002e-07,9.3240160047222e-08,1.99053398027964e-07,7.27180290390069e-08,1.68364608349249e-07,1.45038902005973e-07,1.25085400657964e-07,2.20144905644102e-07,7.74588235053837e-08,5.61750239280037e-08,1.62994758790345e-07,7.19694692443666e-08,1.41021908640413e-07,6.20556190342833e-08,4.16547412639267e-08,4.36516965971563e-08,5.58500102245878e-08,4.47945623079121e-08,5.45069174621982e-08,3.22364369205063e-08,3.6890913488473e-08,1.97615977962025e-08,3.71067379008918e-08,3.53819732913459e-08,3.43991463286803e-08,3.16871614925903e-08,1.69541455211192e-08,1.17247434273517e-08,3.20740503982752e-08,1.87487778661713e-08,3.11712652628385e-08,1.52369366516478e-08,1.03294518183787e-08,1.33159709202905e-08,1.76228125958461e-08,1.33843246455045e-08,1.85513854591364e-08,9.15337389258133e-09,1.29695022482942e-08,1.29735889986652e-08,1.25653992089803e-08,1.60508532071208e-08,1.71984788043054e-08
4.5219848763361e-08,5.02145783839772e-08,8.23045960412205e-08,4.06983766002265e-08,8.16673846766923e-08,6.50095275181513e-08,5.75209451978854e-08,9.64694059663313e-08,2.31759393286426e-07,9.39421667593101e-08,1.79511401003683e-07,1.61219007574766e-07,1.02418080980405e-07,2.51034408858568e-07,1.23894139691428e-07,1.9328304376843e-07,2.00660064269598e-07,1.57691234122503e-07,2.00984644083633e-07,1.00402529249079e-07,5.20517475707167e-08,1.62643570704981e-07,8.54660048407669e-08,1.36020718142209e-07,8.4689256689981e-08,4.47518003678483e-08,3.3213410840533e-08,7.25044890599803e-08,4.59811936707835e-08,7.22511829547089e-08,3.68483186921667e-08,2.96546999193754e-08,2.37578717139913e-08,3.61990595700816e-08,2.92662475970664e-08,4.12220934919234e-08,2.44854361675956e-08,1.99791663635732e-08,1.32759203921537e-08,2.45019672634314e-08,1.9047343693763e-08,2.4010859793607e-08,1.84214278385865e-08,1.19127778163479e-08,1.15609348662583e-08,1.74368996986097e-08,1.61517079394217e-08,2.03055536142827e-08,3.24600994947025e-08,3.48737117797678e-08,7.09711591360099e-08,3.06944703890155e-08,6.67474907208067e-08,5.65351290020635e-08,3.68004384539712e-08,8.11514926082855e-08,1.75197966284643e-07,7.44922496658859e-08,1.34250653044276e-07,1.18540709839405e-07,8.92935410316962e-08,1.89500123989572e-07,9.08352563222386e-08,1.48383721183603e-07,1.42142508791121e-07,1.15718048235009e-07,1.5157377033019e-07,7.43607320441563e-08,3.66517070169849e-08,1.16050070332077e-07,5.99954707709688e-08,9.87498891933281e-08,6.20872833809915e-08,3.16048220136749e-08,2.37100224541297e-08,5.01240729490127e-08,3.17560268219423e-08,5.35144734024491e-08,2.53962492658688e-08,2.15207536978892e-08,1.56811591961268e-08,2.74191158574377e-08,1.99060455187603e-08,3.03425169299173e-08,1.82230955121206e-08,1.37054243133439e-08,1.46546886937908e-08,1.72712621562607e-08,1.43624808584445e-08,1.9671911748383e-08,1.2757664974218e-08,1.31763810076058e-08,8.95409106788677e-09,1.3702811706143e-08,1.30986335289463e-08,1.68725228269598e-08
3.51706310947509e-08,7.9720223172324e-08,5.36376571019531e-08,7.8193967042053e-08,6.34778619445412e-08,5.75788734631428e-08,8.51718390919031e-08,6.39998794788096e-08,1.15508816189361e-07,7.40910774389449e-08,1.11036563870803e-07,1.15614282256749e-07,6.88658679728037e-08,1.23894139691428e-07,3.27279830581266e-07,1.1855886127578e-07,2.32375465129162e-07,2.13349836085231e-07,1.004432115953e-07,2.58425192997319e-07,1.0051385505428e-07,1.85548782358252e-07,1.8805411982121e-07,1.31741166891945e-07,2.13074350574859e-07,8.16935712762813e-08,4.0910273539226e-08,1.56135853705731e-07,7.96259669325882e-08,1.48342032421283e-07,6.92184938232489e-08,3.55757827000873e-08,3.95441022626594e-08,6.55968027985852e-08,3.97868676568261e-08,6.85704016268241e-08,3.18556288344392e-08,3.33935849824453e-08,2.36615288138522e-08,3.50877096354139e-08,3.97354707340536e-08,3.85401347998238e-08,3.07042526680362e-08,2.18694994435362e-08,1.9469217807678e-08,3.74201216037252e-08,2.4710025745734e-08,3.88928683510027e-08,2.71982186266324e-08,5.86015134311207e-08,4.48297358352073e-08,6.01961409799105e-08,4.94609602481789e-08,4.27989836380308e-08,6.62344260859696e-08,4.98192753788957e-08,8.11486135338141e-08,5.98894648350437e-08,8.32309920891265e-08,8.60474992657863e-08,5.60615520896893e-08,8.99187755444184e-08,2.34546055367904e-07,9.17121948089323e-08,1.67323761827253e-07,1.50103721941207e-07,7.51133020946374e-08,1.83524706403695e-07,6.63357325914647e-08,1.34040300915911e-07,1.30239978377724e-07,8.98144665509086e-08,1.52619677447155e-07,5.41286432298732e-08,2.87112781851218e-08,1.09605726238403e-07,5.15068941519073e-08,1.10128801195899e-07,4.48729703379421e-08,2.51369119403251e-08,2.62744268095824e-08,4.4255717796357e-08,2.81471389594563e-08,4.69495196264981e-08,2.26812235508721e-08,2.15583448177953e-08,1.7430642866348e-08,2.54293067398915e-08,2.56447399981127e-08,2.73480178385403e-08,1.96905361625664e-08,1.6361514259144e-08,1.42503618146128e-08,2.41523549199706e-08,1.37027739619364e-08,2.57883720956282e-08
4.86271803893334e-08,1.01674590212594e-07,1.66169850891062e-07,7.18536124364982e-08,1.41792810652456e-07,1.10318274592954e-07,1.18993365853279e-07,1.88754263060104e-07,1.79524026836664e-07,1.66909913726099e-07,3.07255401952622e-07,2.58869342886264e-07,2.05637610691272e-07,1.9328304376843e-07,1.1855886127578e-07,3.3492548935958e-07,1.61868997945155e-07,2.70849272613616e-07,1.54475046261023e-07,9.66545835820063e-08,5.28565211604031e-08,1.31406133626368e-07,8.20353000968192e-08,1.0537057283971e-07,8.06344325136292e-08,4.53335238256579e-08,3.85482344471908e-08,6.93050319843201e-08,4.79122566972419e-08,6.76529329424241e-08,3.74109157153757e-08,3.34970462736899e-08,2.63469180553272e-08,3.76495348352418e-08,3.5592550754424e-08,4.3958401964799e-08,2.78084246896462e-08,2.14336801184891e-08,1.96772801553126e-08,3.00445502697744e-08,2.5654088749922e-08,3.21999197269146e-08,2.01332712898891e-08,1.70982173874427e-08,1.53024913742707e-08,2.34766925296219e-08,1.9615783538276e-08,2.61966754783209e-08,4.21000449897419e-08,7.55727824076083e-08,1.21819796506649e-07,5.54590904356048e-08,1.1019635594581e-07,9.11514868742819e-08,8.73446449294587e-08,1.41921660356321e-07,1.30526149396178e-07,1.31014157906686e-07,2.16835270285018e-07,1.84629948987702e-07,1.60072437772505e-07,1.43288128212858e-07,8.75840729686881e-08,2.46169034969055e-07,1.16783597635572e-07,1.94185689521866e-07,1.15407760144415e-07,7.10865421014477e-08,3.6910184541709e-08,9.46259668031364e-08,6.03052014360812e-08,7.74591105819254e-08,5.7078463438852e-08,3.06227989438323e-08,2.48906919908868e-08,5.0500063810212e-08,2.88300679561329e-08,4.75793428180644e-08,2.4101034567496e-08,2.14701295305905e-08,1.63589465568712e-08,2.51055135944143e-08,2.00685072295775e-08,2.84857598211756e-08,1.90478168812367e-08,1.37007328885383e-08,1.68296211722413e-08,1.82047233035427e-08,1.68134713673414e-08,2.26525804544175e-08,1.29121749353921e-08,1.55849104755127e-08,1.18724898937667e-08,1.55179674234711e-08,1.57328781756115e-08,1.90896862465297e-08
5.10589744493783e-08,6.05965144964756e-08,8.31978988195258e-08,4.92805920032061e-08,8.57603158031579e-08,7.15924558061768e-08,6.7070943362117e-08,9.47303133575743e-08,1.84304322180007e-07,9.91639426751643e-08,1.51122876459156e-07,1.43983167116288e-07,1.00929642009341e-07,2.00660064269598e-07,2.32375465129162e-07,1.61868997945155e-07,3.46620423465687e-07,2.80809521633984e-07,1.62666054787871e-07,1.8550985061605e-07,9.04507602161663e-08,2.75069553806865e-07,1.33291668587952e-07,2.01794850143362e-07,1.52928888200799e-07,7.41478696001493e-08,4.4557635554071e-08,1.09781665146983e-07,7.29588254162666e-08,1.05925792086624e-07,6.25771761646624e-08,3.79296544389449e-08,3.8149122780919e-08,5.88614841069437e-08,3.80905772880208e-08,5.89871367848756e-08,3.35951679676591e-08,3.11401649215148e-08,2.32336597274258e-08,3.31839532019137e-08,4.02872423758245e-08,3.82385375515598e-08,2.85323432581126e-08,2.11812734701728e-08,2.02311717584588e-08,3.74342563246163e-08,2.3760689796352e-08,3.95105369419154e-08,3.68492622230696e-08,3.99659962189415e-08,6.66913253587057e-08,3.07525326492701e-08,7.38701727519947e-08,5.46074978981281e-08,4.39113555743529e-08,7.66898896932387e-08,1.39571330340822e-07,8.37968613937689e-08,1.15331631525809e-07,1.09970248808653e-07,8.6039951774608e-08,1.5111942032974e-07,1.60505737712896e-07,1.28024036304163e-07,2.3690344839706e-07,1.98483478572811e-07,1.21718985608814e-07,1.2790642176788e-07,5.65713508508467e-08,1.92982177727098e-07,8.67544287941988e-08,1.43132113072521e-07,1.0759308401584e-07,4.53404302250171e-08,2.99842838277283e-08,7.14510494585437e-08,4.49267533873249e-08,7.65091275104604e-08,3.69862476687564e-08,2.63499489874055e-08,2.32566908000292e-08,3.78589686600582e-08,2.68654789557817e-08,4.06993509093714e-08,2.34129514430765e-08,1.90287308386378e-08,1.70636807258827e-08,2.42217479384192e-08,2.51687230722271e-08,2.93344378888644e-08,1.72419751359497e-08,1.53268908974505e-08,1.26289280225384e-08,2.4642397080897e-08,1.26336301947184e-08,2.5982690214282e-08
5.081096073727e-08,9.69972342134103e-08,1.53467178415574e-07,7.03828885056174e-08,1.35760146084598e-07,1.01608365659846e-07,1.12329798457449e-07,1.72147971713299e-07,1.46936282032961e-07,1.58062535872782e-07,2.46231369056049e-07,2.20331149096013e-07,1.90265808872919e-07,1.57691234122503e-07,2.13349836085231e-07,2.70849272613616e-07,2.80809521633984e-07,4.40493596274301e-07,1.28977934897935e-07,1.71953374746045e-07,8.60001253740199e-08,2.23953388438991e-07,1.20417649708129e-07,1.61947951311717e-07,1.40894848661484e-07,6.9076579538375e-08,4.61167883821312e-08,9.68918048612068e-08,6.70414965320607e-08,9.57919909318255e-08,5.77078488096781e-08,3.89848599708387e-08,4.61521850102025e-08,5.47222471381305e-08,4.2750221870864e-08,5.80843425712876e-08,3.50043361770914e-08,4.02417295323698e-08,2.92608106930016e-08,3.78743170191027e-08,5.18731918377091e-08,4.5610840057857e-08,3.83403667620818e-08,2.68570703553513e-08,2.41742323252655e-08,4.87323793945972e-08,2.79216871244453e-08,5.00447235523685e-08,4.17138626673102e-08,6.51475492562601e-08,1.02208681607893e-07,5.50311926430747e-08,1.03925905582399e-07,8.56264860952314e-08,7.5226723116913e-08,1.21486730126826e-07,1.05747417675981e-07,1.19934847587067e-07,1.6794604846791e-07,1.58313215627666e-07,1.41900014754345e-07,1.15784965469826e-07,1.42403055106683e-07,1.95924910732387e-07,1.88243311292179e-07,3.0858804446891e-07,9.59943071150995e-08,1.1601008100532e-07,5.53145643874061e-08,1.55871568919997e-07,8.25804587260344e-08,1.1149741198285e-07,9.52033518937433e-08,4.34559623924816e-08,2.84851190133706e-08,6.47241614370546e-08,3.91128240328094e-08,6.54020711746017e-08,3.50525757687225e-08,2.50907662869319e-08,2.77995473516201e-08,3.29922568304446e-08,2.79885724908216e-08,3.83821998122869e-08,2.31761998744056e-08,2.47537746946736e-08,2.1461936188073e-08,2.62353985072077e-08,3.07090959568671e-08,3.33396968977478e-08,2.36644586158235e-08,2.01439604890862e-08,1.63783608955444e-08,2.97811407219762e-08,1.74110649485618e-08,3.21548690157623e-08
3.7023350982387e-08,3.95325527671295e-08,6.69214431109657e-08,3.2620775610086e-08,6.78735365042106e-08,5.31040097719414e-08,4.63692049923397e-08,7.55319283214158e-08,1.85539504145642e-07,7.75182776593555e-08,1.43985509288619e-07,1.27282739757464e-07,7.98897527203514e-08,2.00984644083633e-07,1.004432115953e-07,1.54475046261023e-07,1.62666054787871e-07,1.28977934897935e-07,2.42644841726331e-07,1.11248048653568e-07,5.8124281326124e-08,2.02725529607935e-07,9.58276840287218e-08,1.7407638681087e-07,9.28795597602081e-08,4.99245458694266e-08,4.09820179311012e-08,8.09996830529524e-08,5.02264265772329e-08,7.94400337192974e-08,4.14985491223806e-08,3.58737186498794e-08,2.73826828653892e-08,4.02270155239604e-08,3.40141139753232e-08,4.39742223212888e-08,3.0304430336372e-08,2.30198417396433e-08,1.40009340206489e-08,2.88294051926229e-08,2.04548382226311e-08,2.77203024577533e-08,2.08821916651098e-08,1.23855223404505e-08,1.32065043255828e-08,1.81496285536348e-08,1.65376213952349e-08,2.13896994623514e-08,2.58056808920517e-08,2.72034358252911e-08,6.0405066319571e-08,2.55479937311163e-08,5.37944659885412e-08,4.69740418081808e-08,2.95057450089296e-08,6.70366003870064e-08,1.38698295116513e-07,6.02382068792786e-08,1.07115705981938e-07,9.01669551838345e-08,7.28771202047429e-08,1.51538133447408e-07,7.43976882974505e-08,1.17802375782465e-07,1.16035876412612e-07,9.55248639837557e-08,1.89500283479487e-07,7.57236624449703e-08,4.34586603619e-08,1.48999448010454e-07,7.00267260731071e-08,1.40000623257267e-07,6.42244589984733e-08,3.65357489568996e-08,2.98550474633609e-08,5.74380729856796e-08,3.63946169295116e-08,6.09979554933492e-08,3.02405726101064e-08,2.64693553265391e-08,2.00504969755114e-08,3.11147548729931e-08,2.44737481899338e-08,3.31321103748109e-08,2.28688413556419e-08,1.76068031037989e-08,1.53351994521676e-08,2.13551558130004e-08,1.83344916352124e-08,2.55044415709728e-08,1.50424454430285e-08,1.36533029929514e-08,9.56509032925432e-09,1.55617274174048e-08,1.25257406805174e-08,1.60145606283125e-08
