1.23452545991693e-08,5.52402602321938e-09,2.98177596460496e-09,9.46700094250535e-09,5.19677061949302e-09,9.02592881560739e-09,4.40818507218171e-09,2.4094079074064e-09,3.06563552007764e-09,4.20426225119235e-09,2.53045814079093e-09,4.19237674383534e-09,2.00069150596675e-09,2.54291143863037e-09,1.57264185510843e-09,2.12414186194327e-09,2.80353254813954e-09,2.34500431226357e-09,2.16952896027054e-09,1.30799338891568e-09,7.7960808285571e-10,2.39111533690268e-09,1.20425668732227e-09,2.47272594730797e-09,1.09999610481707e-09,6.14135601607909e-10,6.35762494983554e-10,9.92699795129034e-10,7.51245116591823e-10,1.07599464474265e-09,5.09818416953599e-10,5.3357034438164e-10,5.31485797618096e-10,6.12307909884256e-10,5.3949126719921e-10,6.54357880916181e-10,4.83308187841981e-10,4.6341911124941e-10,4.17980075888098e-10,4.64855121514948e-10,5.86483211023116e-10,5.5556728852697e-10,4.01503763191661e-10,3.95027616482031e-10,3.55242593367024e-10,4.93354558381614e-10,4.20617629054971e-10,5.44578074308656e-10,7.63367646218719e-09,2.65630352516508e-09,1.21053331832142e-09,5.0815206323139e-09,3.01397024425219e-09,4.99319211987683e-09,2.02931737827526e-09,1.10017421491413e-09,1.69634036026883e-09,2.45287966780096e-09,1.45251860960309e-09,2.66512283063543e-09,1.05433166899865e-09,1.5591706115347e-09,9.37368982942982e-10,1.28324699408296e-09,1.31420091437617e-09,1.11042693394604e-09,1.39160713759926e-09,7.63518391009709e-10,3.63593857054613e-10,1.17512307602608e-09,8.35135945285563e-10,1.33584699318753e-09,6.68390342991531e-10,3.24462909452356e-10,3.35838056854304e-10,6.85893860863946e-10,3.2863196128194e-10,5.06184282607097e-10,2.42586435958005e-10,2.88950783392767e-10,2.44188611488108e-10,2.80316152968587e-10,3.57485435227229e-10,3.23327358213002e-10,2.22820964644157e-10,2.04132915072995e-10,3.14216233041633e-10,2.80044764466836e-10,2.39722439783203e-10,3.58385569605955e-10,1.73958937510086e-10,2.89995390942285e-10,3.24920859954347e-10,2.21147151366729e-10,4.53658992286204e-10,3.78685314622252e-10
5.52402602321938e-09,2.33030946831273e-08,7.15376896021433e-09,1.31017454617202e-08,1.7386436163402e-08,9.07991111792577e-09,1.86952466379312e-08,5.62437868046356e-09,3.17897616578137e-09,1.39325509928042e-08,5.3100466464463e-09,1.33830875464842e-08,4.67250855732279e-09,2.59293672123667e-09,4.56530335179638e-09,4.36528402486698e-09,3.14740243246811e-09,4.69291067256092e-09,2.15025455385809e-09,3.50322377837263e-09,1.38855926993815e-09,2.58889917805686e-09,3.65601501506674e-09,2.55135141783718e-09,2.77392794016035e-09,1.08650186811733e-09,1.06426634583871e-09,2.87695856502165e-09,1.2890162567658e-09,3.07078744386069e-09,9.22581280858466e-10,8.13125987055982e-10,7.21440452575141e-10,1.018307152485e-09,8.50516082906762e-10,1.16755866306406e-09,7.3733022256562e-10,6.40871551217827e-10,6.57925324274725e-10,7.77001569908576e-10,7.95025849645684e-10,8.99474596528824e-10,6.0022902598539e-10,5.82457476642963e-10,6.25471301201026e-10,7.16280529456545e-10,7.67448315648045e-10,8.36308192165255e-10,4.066610126867e-09,9.82733058425948e-09,3.39796198212814e-09,7.40765341520249e-09,9.02904350847054e-09,5.58001513208993e-09,7.79953640788099e-09,2.83236732677698e-09,1.53517096633408e-09,7.43761610848157e-09,2.77257804737064e-09,6.57228955870136e-09,2.5334004650272e-09,1.21940545373352e-09,2.17327152276139e-09,2.41353276688562e-09,1.30203356068507e-09,2.25903266706532e-09,1.11816499699479e-09,1.89762111104477e-09,7.64630787604727e-10,1.27568823360973e-09,1.89241536424319e-09,1.23959619333662e-09,1.46114264511711e-09,6.07047127494923e-10,5.98215544915475e-10,1.24429851992871e-09,3.96854517796002e-10,1.25478840734004e-09,4.9114754792325e-10,3.86068251055079e-10,4.71556850529701e-10,3.62418066102159e-10,6.83215677312272e-10,5.28499882205033e-10,3.05077311160361e-10,4.01689826006041e-10,5.63861824812217e-10,5.55838261521033e-10,4.90254256229166e-10,6.91226416098271e-10,4.24195486721006e-10,5.472652516606e-10,3.02023144651941e-10,5.22202644884919e-10,5.49737244172376e-10,4.6298997379667e-10
2.98177596460496e-09,7.15376896021433e-09,1.89355589610657e-08,5.8812203570599e-09,1.42464328875239e-08,1.2410164795849e-08,5.62701308283426e-09,1.49134810941314e-08,5.65056412915337e-09,1.09687026650066e-08,1.16062146202694e-08,8.45285282746411e-09,1.24711720862477e-08,4.57885559948983e-09,3.00593825419056e-09,9.53473837947217e-09,4.60536394655844e-09,9.55697526297879e-09,3.79649614459788e-09,2.28377161391968e-09,2.94016679252196e-09,3.77792690251894e-09,2.33919916459716e-09,3.7882333781827e-09,1.74935423887921e-09,2.40761952569916e-09,1.02253197973872e-09,1.81997256680112e-09,2.47524977606858e-09,1.92816495986994e-09,2.11864083428631e-09,8.09798911157696e-10,6.6496492434526e-10,2.09880775851126e-09,8.33497663378176e-10,2.20728768536153e-09,7.1304214359507e-10,6.05926119653666e-10,6.85616048580765e-10,7.66015105192467e-10,8.25269338173653e-10,9.0610446375922e-10,5.9543439247619e-10,5.49357675877709e-10,4.66639076755799e-10,7.1851487401031e-10,6.08778717119349e-10,7.87247244883977e-10,1.91736590010801e-09,4.46843949988107e-09,9.44719281522088e-09,3.7889518350814e-09,7.49723594286344e-09,7.31491017067843e-09,3.60201009443533e-09,7.83860100742548e-09,2.54939205485717e-09,6.00826002191763e-09,6.51872585497933e-09,5.02711938852155e-09,6.96251991638942e-09,2.13274439283803e-09,9.34322921123619e-10,5.52884656026207e-09,1.66006804581575e-09,4.51369685539093e-09,1.7900498396513e-09,8.26302457272463e-10,1.63179778827165e-09,1.513291128389e-09,1.18130145397002e-09,1.39405731500492e-09,6.37906521816419e-10,1.35028773534046e-09,5.50188647432919e-10,8.83562072839208e-10,1.33240055356185e-09,8.09304400050361e-10,1.22563508923038e-09,3.90541801457773e-10,2.48476289735705e-10,1.27604201778615e-09,2.7949882806016e-10,1.09566907287999e-09,3.30444481363634e-10,2.04265911706747e-10,5.46318172730477e-10,2.21540018426229e-10,4.74487436701724e-10,3.93093332051843e-10,1.95048807100497e-10,4.77922803972004e-10,2.61850840988289e-10,4.06611714600292e-10,4.09468396183026e-10,3.32981101462475e-10
9.46700094250535e-09,1.31017454617202e-08,5.8812203570599e-09,1.86467386855259e-08,8.94082101978939e-09,1.36607041448982e-08,1.06402282249115e-08,4.73328501974718e-09,3.15326725002861e-09,7.21755957905768e-09,4.55657907703316e-09,6.85267980205874e-09,3.90489650745762e-09,2.61207157486999e-09,4.07557348153157e-09,3.84662580093917e-09,2.95919787983756e-09,4.15202632291797e-09,2.18720535564481e-09,3.22149600541588e-09,1.12983037259977e-09,2.44118726764445e-09,3.27240462026927e-09,2.35569273445071e-09,2.75380932457823e-09,9.01866611424415e-10,1.03135594848584e-09,2.76615328885351e-09,1.17820825863428e-09,3.01075351485591e-09,7.35092507014101e-10,7.77195987004772e-10,7.49479755497825e-10,9.081292397413e-10,8.15603776307357e-10,1.00339448021511e-09,7.20915567955363e-10,6.73977796845679e-10,5.42609500984884e-10,7.452860348379e-10,7.98183507803155e-10,8.51339718519922e-10,5.83292865220904e-10,4.8298178083904e-10,5.07768501352914e-10,6.70801972400661e-10,5.60181070373562e-10,7.41794110252933e-10,6.28901609014179e-09,7.34448000723959e-09,2.44383939650625e-09,1.04190489363636e-08,4.85333701431851e-09,7.41124032839707e-09,5.89361618888461e-09,2.04530883216480e-09,1.4354181037822e-09,3.93525823843294e-09,2.0835419572098e-09,3.88809618470319e-09,1.98951585700215e-09,1.21536329757065e-09,2.07895677289433e-09,1.79546063973176e-09,1.30189622229629e-09,1.81476872902408e-09,1.00546135373812e-09,1.62628667131283e-09,6.80613224692735e-10,1.09901618462018e-09,1.75488592222598e-09,1.11803300814531e-09,1.47130106911297e-09,5.29605099357137e-10,7.00166466438441e-10,1.45314873302566e-09,4.33649463602488e-10,1.36726885567599e-09,4.42785707087419e-10,4.48544352890912e-10,4.66836942029364e-10,3.52221506751954e-10,5.81232836037897e-10,4.95933697943184e-10,3.83707644784655e-10,4.08476628443319e-10,3.63125170977551e-10,4.77069424545038e-10,3.4850965436276e-10,4.93174737101102e-10,3.58890391249074e-10,3.83710978547109e-10,3.81118236594198e-10,3.84598812181505e-10,5.20408144376509e-10,3.93791662186549e-10
5.19677061949302e-09,1.7386436163402e-08,1.42464328875239e-08,8.94082101978939e-09,2.65681581276611e-08,1.62366940488429e-08,1.39340014404738e-08,1.09666657256364e-08,5.15244524100751e-09,2.07521578524891e-08,8.50105766610076e-09,1.75156295100949e-08,9.14966962843986e-09,4.11184639698461e-09,3.12734553923857e-09,6.84122116330063e-09,4.49090903225936e-09,7.14364726999855e-09,3.36696415155241e-09,2.38040584016224e-09,3.13500422203113e-09,3.67316124260755e-09,2.52184296340025e-09,3.73903572499687e-09,1.73508368612645e-09,2.50960689719092e-09,1.2749736627287e-09,1.93038954687613e-09,2.65646345384052e-09,2.12408684334374e-09,2.16202255375091e-09,9.90977503444512e-10,8.01012695253549e-10,2.18025795307742e-09,1.03722692170087e-09,2.42541939959215e-09,8.92830810634711e-10,7.2401937112134e-10,7.4286421981798e-10,9.57113004687755e-10,9.15260457152896e-10,1.09245293507336e-09,7.06520040132731e-10,6.57104242650735e-10,6.46447026555617e-10,8.76049966399209e-10,7.69664935846422e-10,9.91581427558976e-10,3.86293798747694e-09,7.4205154916266e-09,8.13680348833221e-09,5.2293538525026e-09,1.41852826430372e-08,1.01987712789257e-08,5.83198664542491e-09,6.4760491522878e-09,2.35729146569299e-09,1.13792672999246e-08,4.98251029941652e-09,9.19956930103822e-09,5.61516360878445e-09,1.93273515070383e-09,5.86762047232599e-10,4.20214455440541e-09,1.65039661164797e-09,3.47283513743503e-09,1.69537877729997e-09,6.29428289753909e-10,1.56266973597257e-09,1.60288569400975e-09,1.05457216609531e-09,1.37030520625156e-09,5.68095816493694e-10,1.28309124077577e-09,5.0560236143999e-10,7.3169116568579e-10,1.17064617136529e-09,6.31056625629285e-10,1.14940944199381e-09,3.99632756607516e-10,3.63096449563607e-10,1.14558881164485e-09,5.40709788238207e-10,1.16128134291094e-09,3.63074218787805e-10,3.01239979773495e-10,5.87611078228225e-10,4.447985104073e-10,5.10135334642187e-10,5.98417355106012e-10,3.24176900730849e-10,5.51828942329411e-10,2.08793167413903e-10,5.54770003888443e-10,4.75007930249257e-10,4.69816228334055e-10
9.02592881560739e-09,9.07991111792577e-09,1.2410164795849e-08,1.36607041448982e-08,1.62366940488429e-08,2.22050136290584e-08,7.29355818128651e-09,9.6897550749494e-09,4.98464689675397e-09,1.26943610603252e-08,7.58922106351666e-09,1.04056377826417e-08,8.05497024170916e-09,3.978611459853e-09,2.73682543823835e-09,6.18153586608686e-09,4.15060358923606e-09,6.36329562811213e-09,3.24582246204344e-09,2.12607497806661e-09,2.76048814069461e-09,3.3659639068685e-09,2.23859636319462e-09,3.37362272295558e-09,1.63957968147643e-09,2.30793146030504e-09,1.19198929265903e-09,1.68536288186915e-09,2.52734070797528e-09,1.89817449538153e-09,1.97276286972607e-09,9.24202115924208e-10,7.70646651163161e-10,2.08360046518046e-09,9.30464315502902e-10,2.2240184885354e-09,8.38187529091983e-10,7.03475243024923e-10,6.34273196150794e-10,8.51147575484651e-10,8.85687406023512e-10,1.00247498325392e-09,6.82759312400403e-10,5.39976988282122e-10,5.39639767717839e-10,8.00981342006737e-10,6.01359038897184e-10,8.78810262267816e-10,6.00610196773975e-09,5.46642990005056e-09,6.01217945653482e-09,7.7891160554838e-09,8.87633097749769e-09,1.25640742021153e-08,4.37726499230628e-09,4.96236470233383e-09,2.21519740232477e-09,7.15438170936558e-09,3.99464267610213e-09,6.23549758085619e-09,4.37357266692815e-09,1.82089856558202e-09,1.00166486501079e-09,3.22963660707191e-09,1.49419147294622e-09,2.62014159378687e-09,1.47635764615612e-09,8.71216890088854e-10,1.60089077903575e-09,1.30474435307362e-09,1.16216342064022e-09,1.1572722840938e-09,6.46717655041454e-10,1.26725836767047e-09,6.20027903264546e-10,7.73673498013025e-10,1.23115682303151e-09,5.95896385872031e-10,1.17095325768437e-09,5.18440736034414e-10,3.41764058265868e-10,1.18890223815856e-09,4.95764900791732e-10,1.20520930890328e-09,4.52906102680708e-10,2.87238674195689e-10,4.49318420502549e-10,4.06584865283615e-10,3.97547857630296e-10,5.56640656943053e-10,2.64245738879433e-10,4.29320271032015e-10,3.27566053952152e-10,4.04346838401536e-10,4.36000348497083e-10,3.87753258459423e-10
4.40818507218171e-09,1.86952466379312e-08,5.62701308283426e-09,1.06402282249115e-08,1.39340014404738e-08,7.29355818128651e-09,2.34269043292077e-08,6.34606805096384e-09,3.5242789906197e-09,1.78715884722742e-08,6.05962214274487e-09,1.69562405836354e-08,5.24607931978285e-09,2.82939302730133e-09,5.19458976972289e-09,4.94387244139418e-09,3.35187360707225e-09,5.2192454530362e-09,2.34181456473492e-09,4.11131056692199e-09,1.53821074853546e-09,2.78101708767263e-09,4.22102097863744e-09,2.7456364193163e-09,3.32824968162059e-09,1.21873858843588e-09,1.15721304003886e-09,3.35932258638599e-09,1.53095129503663e-09,3.66749004691184e-09,1.04489617038632e-09,9.08657823340678e-10,8.34276572080022e-10,1.24887536666455e-09,1.08959150062767e-09,1.35754042047444e-09,8.06034630021284e-10,7.37368113274009e-10,8.29778690574252e-10,9.67387402723956e-10,9.31953246021839e-10,1.13390808698682e-09,6.42466831902382e-10,6.09147178040586e-10,6.58187613676283e-10,7.25268173491017e-10,7.93124160286178e-10,8.57428721776221e-10,3.10411251709916e-09,7.80295763015808e-09,2.83063083366862e-09,5.88705727534898e-09,7.43837290409769e-09,4.6585353941824e-09,9.90536106868226e-09,3.43617689510926e-09,1.7949696098142e-09,9.12434159996043e-09,3.42049880788461e-09,8.01196031689973e-09,3.03910085688104e-09,1.4216520401987e-09,2.69884938071546e-09,2.92412083947947e-09,1.56604313555036e-09,2.73432054160984e-09,1.25093236293467e-09,2.35736374878544e-09,8.7912696275645e-10,1.45460262556366e-09,2.1665143594201e-09,1.51654617447561e-09,1.86566134112363e-09,6.96973962125922e-10,6.95537983630881e-10,1.47165623105302e-09,5.27116619901578e-10,1.75050340346529e-09,5.77303795182315e-10,4.8777767526751e-10,4.97770087760181e-10,4.80079033436734e-10,6.69355521542713e-10,6.96489162850412e-10,4.28252404712802e-10,4.07078693854151e-10,6.34967268396717e-10,5.67191014509106e-10,5.93961336277424e-10,8.33198705967031e-10,4.23128225994398e-10,5.12808919367988e-10,3.10002992562352e-10,5.46453006946638e-10,5.20860536713706e-10,4.57914439090255e-10
2.4094079074064e-09,5.62437868046356e-09,1.49134810941314e-08,4.73328501974718e-09,1.09666657256364e-08,9.6897550749494e-09,6.34606805096384e-09,1.68782542326364e-08,6.27561658974196e-09,1.2595707544132e-08,1.28637023024008e-08,9.45206426033263e-09,1.41387588473151e-08,5.06356563526066e-09,3.3014887573747e-09,1.05733392915941e-08,5.07130220402272e-09,1.05774904505393e-08,4.19845628204791e-09,2.53545519578437e-09,3.17587545617553e-09,4.1552222716805e-09,2.68579281158215e-09,4.18198215469341e-09,1.94635650901942e-09,2.6049826565936e-09,1.13185609368148e-09,2.09281588387267e-09,2.80811520958951e-09,2.15418967113309e-09,2.29246991924188e-09,8.98937795452203e-10,7.0646130568845e-10,2.39879761794273e-09,9.63753967410675e-10,2.44590870731199e-09,7.99949636439999e-10,6.38783730421095e-10,7.66851296790233e-10,8.85208022226249e-10,8.4676091853239e-10,9.94992719549077e-10,5.87554426417084e-10,6.06329040279029e-10,4.72752327390547e-10,7.04062456965529e-10,6.49762677385315e-10,8.02147251575824e-10,1.61330355627913e-09,3.60389094553363e-09,7.83645078062444e-09,3.24881834979635e-09,6.00845964235144e-09,6.1276625719538e-09,4.20340108714044e-09,8.86549731748325e-09,2.93091379231022e-09,7.32035431547663e-09,7.33435375164895e-09,5.82990555556509e-09,7.79267096319718e-09,2.45391783677656e-09,1.10597229128631e-09,6.2276162748471e-09,2.01946324699232e-09,5.18173298610854e-09,2.07410072132182e-09,9.38987575242872e-10,1.74623618636246e-09,1.76339106888571e-09,1.21202361835312e-09,1.67270213445288e-09,6.96659108517208e-10,1.44369099337503e-09,6.18648140019432e-10,9.04288804689076e-10,1.4028066182466e-09,8.53586618113492e-10,1.29010013158622e-09,4.92360235387216e-10,2.87184014697648e-10,1.32569308360335e-09,3.66601095928692e-10,1.23410360706547e-09,4.3439676127882e-10,2.30633779083002e-10,5.55508223080754e-10,3.01649970991984e-10,5.05830482603338e-10,4.70114013631045e-10,2.12975857062653e-10,4.71179683736525e-10,3.19269283827731e-10,4.2642491125447e-10,3.94565840360016e-10,3.49845096183011e-10
3.06563552007764e-09,3.17897616578137e-09,5.65056412915337e-09,3.15326725002861e-09,5.15244524100751e-09,4.98464689675397e-09,3.5242789906197e-09,6.27561658974196e-09,1.86257294467416e-08,5.8127664608511e-09,1.42168867645024e-08,1.34797391000447e-08,5.06612382703458e-09,1.49983988171929e-08,7.08185849191081e-09,1.15002776074336e-08,1.2462772589557e-08,9.3433695367729e-09,1.1981488203982e-08,5.48638051270299e-09,2.81361837950699e-09,9.8677139278994e-09,4.83268676743273e-09,8.98795910958312e-09,4.1878939750883e-09,2.08174105563149e-09,2.29733957499411e-09,3.64429228480044e-09,2.08020230301988e-09,3.53125533151105e-09,1.49488682575344e-09,1.875214396238e-09,1.03858322089956e-09,1.45056106524573e-09,1.9565741832291e-09,1.56917401621876e-09,1.6729944886402e-09,8.75897330361225e-10,7.04442669049693e-10,1.68787986295174e-09,9.98961899830197e-10,1.84595413667726e-09,7.75187357228473e-10,5.82868374366733e-10,4.62075055510954e-10,8.53421821064802e-10,6.18964232728427e-10,8.82056617124318e-10,1.23649407385111e-09,1.76317923567035e-09,2.90955000682554e-09,1.51251307249585e-09,2.87999553589546e-09,2.85663149102731e-09,1.93441831429097e-09,3.51176061915228e-09,9.36559966186495e-09,3.51466096502399e-09,8.00927652088495e-09,8.13739699217153e-09,2.97990148260204e-09,8.05282195339787e-09,2.67027140672304e-09,6.61094777325375e-09,5.24185619131857e-09,4.43781983374592e-09,6.54960296564748e-09,2.20299755651764e-09,1.68852423541627e-09,4.41152625117021e-09,2.18061564183741e-09,3.74663712153921e-09,1.87331927720563e-09,1.23418244484205e-09,1.54991917327217e-09,1.88615184609426e-09,1.10715150776702e-09,1.41643947327036e-09,8.8508064047786e-10,1.27672645829889e-09,7.82619566970408e-10,9.27035237348353e-10,1.28971277563677e-09,8.59174048584354e-10,1.05428478554729e-09,6.46754475641264e-10,6.14970212042409e-10,1.04016677762875e-09,6.3616969074131e-10,1.12530550009992e-09,5.92541703158213e-10,5.2627298419627e-10,3.37567645867278e-10,5.65368488991996e-10,5.85134056087984e-10,5.7203735493087e-10
4.20426225119235e-09,1.39325509928042e-08,1.09687026650066e-08,7.21755957905768e-09,2.07521578524891e-08,1.26943610603252e-08,1.78715884722742e-08,1.2595707544132e-08,5.8127664608511e-09,2.61222622386599e-08,9.53502899831886e-09,2.16680453114069e-08,1.04857440392478e-08,4.60053514795757e-09,3.55372188643969e-09,7.6455577875586e-09,4.93894746183314e-09,7.99113525444536e-09,3.78060023281535e-09,2.766921749823e-09,3.40822500593671e-09,4.06945833725674e-09,3.01227864184644e-09,4.16227202559337e-09,2.0468094401059e-09,2.73234241383379e-09,1.45883306235728e-09,2.28526516495966e-09,3.07905263481171e-09,2.45217066972211e-09,2.36458244202894e-09,1.1593274790802e-09,8.9573802136945e-10,2.57502340417374e-09,1.27903430399747e-09,2.69408538506282e-09,1.03164342829638e-09,7.93459637437524e-10,9.32361509145082e-10,1.14626216092476e-09,9.78816076669397e-10,1.26047262215084e-09,7.18910666184264e-10,7.40305047873702e-10,6.5985386107049e-10,8.3614929326842e-10,8.46787401467583e-10,9.83884039546742e-10,3.15939423743686e-09,5.83566751762241e-09,6.4735226124147e-09,4.32392173705734e-09,1.13799623667826e-08,8.38699503662306e-09,7.98305015518476e-09,7.65050113960082e-09,2.75445743967273e-09,1.45240492031557e-08,5.71511713453775e-09,1.10571536366654e-08,6.57060120601012e-09,2.31392251914127e-09,7.86385482611147e-10,4.83381027470162e-09,2.0089796970501e-09,3.99110110748771e-09,2.00417014024768e-09,7.78127460555304e-10,1.75752456056409e-09,1.88480540646666e-09,1.14806050189363e-09,1.75228096241088e-09,6.62553525278208e-10,1.43923551057219e-09,6.06072943576964e-10,7.72750350981198e-10,1.24381374445818e-09,8.45263818330249e-10,1.29916885286745e-09,5.24686727466783e-10,4.1410692628043e-10,1.18669430159485e-09,6.09326916530049e-10,1.40613438089578e-09,5.10361619050369e-10,3.16556241011052e-10,6.48022087160403e-10,5.24441619405572e-10,5.76284586097923e-10,7.27377683411235e-10,3.39824791957606e-10,5.54814801414282e-10,2.70279743239602e-10,5.43824038060348e-10,4.96784641324289e-10,4.60920718846729e-10
2.53045814079093e-09,5.3100466464463e-09,1.16062146202694e-08,4.55657907703316e-09,8.50105766610076e-09,7.58922106351666e-09,6.05962214274487e-09,1.28637023024008e-08,1.42168867645024e-08,9.53502899831886e-09,2.28145400683129e-08,1.85968991324486e-08,1.05757516072948e-08,1.14992271982889e-08,6.32115412021322e-09,1.84997168674566e-08,9.20401735264773e-09,1.53988870102796e-08,9.11251233430772e-09,4.83009957093423e-09,2.63992299836469e-09,7.24412261025419e-09,4.39712771785803e-09,6.5796140987405e-09,3.62117603213116e-09,1.9610570806715e-09,2.4212431868102e-09,3.27835200562261e-09,2.06482160041649e-09,3.30361759432626e-09,1.39818385500611e-09,1.9879445466042e-09,1.08655217646284e-09,1.39839896770286e-09,2.08031811938193e-09,1.59599307282051e-09,1.7796033458817e-09,9.32419420043181e-10,7.01572745491336e-10,1.83839008906755e-09,1.03624033772706e-09,1.94683714634585e-09,8.05666333874789e-10,5.75327839178661e-10,5.21941213311627e-10,8.51051184493766e-10,6.51996606147762e-10,9.34641131299554e-10,1.80917420791291e-09,3.13807824346918e-09,6.28258711178142e-09,3.18131103115675e-09,5.03831285239895e-09,5.34022336784797e-09,3.56549613261655e-09,7.18510434182606e-09,7.16275639557964e-09,5.80465502828113e-09,1.28916849472575e-08,1.11560533674899e-08,6.11502230320719e-09,6.09796622154366e-09,2.21314338028242e-09,1.07089527964655e-08,3.68203291768556e-09,7.59263684190569e-09,4.94452062168216e-09,1.88460360165655e-09,1.61879086556253e-09,3.10755827714001e-09,2.10630835099909e-09,2.63561898737471e-09,1.52331174266628e-09,1.09303444225435e-09,1.41573996252259e-09,1.68179396894555e-09,9.25700491808306e-10,1.22269892813e-09,8.21528614381942e-10,1.07769036378236e-09,6.11058921918314e-10,8.34682783230173e-10,1.06003315012566e-09,8.00456831057198e-10,8.88420311088878e-10,4.81466380729579e-10,6.99881696729209e-10,8.44392378362555e-10,6.78634221293503e-10,1.02033702133061e-09,4.27458829846293e-10,5.9896615349106e-10,3.45516300303455e-10,5.74977756771423e-10,5.76616832818703e-10,4.82121718852128e-10
4.19237674383534e-09,1.33830875464842e-08,8.45285282746411e-09,6.85267980205874e-09,1.75156295100949e-08,1.04056377826417e-08,1.69562405836354e-08,9.45206426033263e-09,1.34797391000447e-08,2.16680453114069e-08,1.85968991324486e-08,3.36910708202561e-08,7.66611496587789e-09,1.07619520510447e-08,6.60141205442025e-09,1.47632892804614e-08,9.06003870632364e-09,1.24768757904383e-08,8.37277897184791e-09,5.05597543067008e-09,2.97163431975725e-09,7.13094336422504e-09,4.59578695598663e-09,6.50810217439423e-09,3.69542506810152e-09,2.19289538229582e-09,2.78050607618536e-09,3.37295359468716e-09,2.40657625268469e-09,3.5328497567389e-09,1.55787088326143e-09,2.26066950876057e-09,1.23412038568026e-09,1.63183314981712e-09,2.29552073231916e-09,1.87210425427225e-09,2.00536335588476e-09,1.05417403159236e-09,8.93105915046969e-10,2.02160999321687e-09,1.25041188541037e-09,2.16821604976792e-09,9.0741812605501e-10,6.6748090455112e-10,7.62087402592664e-10,1.00616562487003e-09,8.73552668729235e-10,1.17538877291307e-09,3.12034290402203e-09,5.50393210809662e-09,5.01367732771771e-09,4.09775957943928e-09,9.98546928266772e-09,7.49279450524662e-09,7.25671514354993e-09,5.9840342181557e-09,6.78010559147594e-09,1.2150953698497e-08,1.08484126538942e-08,1.7864415337226e-08,5.05260467000552e-09,5.76878877659111e-09,1.68774217476064e-09,8.95161928833053e-09,3.58639444398993e-09,6.21462599414514e-09,4.58984876790239e-09,1.60940244483696e-09,1.68604299938032e-09,3.2063380368922e-09,1.82868944726686e-09,2.64403073375277e-09,1.42251926538803e-09,1.13620378205892e-09,1.40432535706911e-09,1.34823724654524e-09,9.19647816015868e-10,1.10196738233861e-09,9.01273679995536e-10,1.08220424588319e-09,7.55925082483872e-10,8.47341260376346e-10,1.2271499412087e-09,1.10497477801584e-09,9.50778321631544e-10,6.02254923076253e-10,8.66976735171503e-10,9.90846104022328e-10,9.12368561848897e-10,1.36014619704035e-09,5.8884391173098e-10,6.85948212387002e-10,3.52989878605559e-10,8.06315575416846e-10,6.18766846409502e-10,6.28874591304639e-10
2.00069150596675e-09,4.67250855732279e-09,1.24711720862477e-08,3.90489650745762e-09,9.14966962843986e-09,8.05497024170916e-09,5.24607931978285e-09,1.41387588473151e-08,5.06612382703458e-09,1.04857440392478e-08,1.05757516072948e-08,7.66611496587789e-09,1.70937546665292e-08,6.20115172678989e-09,3.90571238191645e-09,1.2948809160973e-08,6.28752933763749e-09,1.30765625077289e-08,5.10920458233751e-09,2.98741536306051e-09,3.75454613883815e-09,5.12321502218e-09,3.2335638623897e-09,5.04905572921898e-09,2.29211440085454e-09,2.98677732267927e-09,1.42404832914633e-09,2.5295492978165e-09,3.30241478305867e-09,2.66462693914799e-09,2.63856313912547e-09,1.13352404687559e-09,9.87276758692446e-10,2.82852204858373e-09,1.2659345403248e-09,2.89344772318697e-09,1.00106552408843e-09,8.90133534273271e-10,9.9754998836806e-10,1.14726901743319e-09,1.16185308769461e-09,1.30444724895370e-09,8.18935789841422e-10,7.90601916951624e-10,6.3731879104956e-10,9.64723794074648e-10,8.07571750529655e-10,1.08907076085418e-09,1.33407828253209e-09,3.05402362615379e-09,6.95282770559326e-09,2.97689148079649e-09,5.17545521680067e-09,5.37912427043708e-09,3.6401355283477e-09,7.78969316019663e-09,2.45412613234507e-09,6.35905987619117e-09,6.22748920859044e-09,4.8661730632582e-09,9.4582049316779e-09,3.11625250644128e-09,1.43194976811455e-09,7.57980751102057e-09,2.83826513510066e-09,6.91045252875409e-09,2.63492591917027e-09,1.11850847377243e-09,1.97723437142317e-09,2.35321011288943e-09,1.41797051928554e-09,2.13078093166756e-09,7.62382232799631e-10,1.71867215072918e-09,6.44867246222952e-10,1.00989291315107e-09,1.74570212372953e-09,1.00898388601159e-09,1.52752389140102e-09,5.06778008215226e-10,5.1707927642891e-10,1.62867744722541e-09,4.91084746395922e-10,1.50085305274931e-09,4.583861672759e-10,4.32572212863597e-10,7.26883473277727e-10,4.4756569607546e-10,6.93643847854385e-10,6.43549990333359e-10,4.19576689156962e-10,6.21702203310975e-10,4.16998925981156e-10,6.15915091290069e-10,4.67499127059636e-10,4.79535955894335e-10
2.54291143863037e-09,2.59293672123667e-09,4.57885559948983e-09,2.61207157486999e-09,4.11184639698461e-09,3.978611459853e-09,2.82939302730133e-09,5.06356563526066e-09,1.49983988171929e-08,4.60053514795757e-09,1.14992271982889e-08,1.07619520510447e-08,6.20115172678989e-09,1.79127897647723e-08,8.52873345725425e-09,1.37813091134081e-08,1.51427279370724e-08,1.14767038244275e-08,1.41834546687671e-08,6.48861329466043e-09,3.39528269144414e-09,1.18984955001201e-08,5.8245123366939e-09,1.07641181770216e-08,5.02044656793564e-09,2.49024261674754e-09,2.66250543206772e-09,4.46431694912277e-09,2.50292243633262e-09,4.2334529220334e-09,1.88053912870149e-09,2.18951217958011e-09,1.48076223408738e-09,1.85483482477026e-09,2.38500142514454e-09,2.09374833560274e-09,1.95322373621055e-09,1.29249589795131e-09,9.59769759528151e-10,2.08331134613989e-09,1.47320721692975e-09,2.32432618967743e-09,1.15664790663953e-09,8.0643438127428e-10,6.65128838892298e-10,1.28963373985458e-09,9.34380512099957e-10,1.45994652421835e-09,1.13627313618005e-09,1.64519836477948e-09,2.50325000608975e-09,1.51682692918572e-09,2.45092546305342e-09,2.43167512076126e-09,1.87615054820873e-09,2.97573507461202e-09,8.05134522701249e-09,3.03854928651601e-09,6.60907276440586e-09,6.80045702297384e-09,3.74014119394002e-09,9.62741849340546e-09,3.27651599973281e-09,7.81043446142598e-09,6.35097846743726e-09,5.60792187495548e-09,7.74836468079421e-09,2.56004620228964e-09,1.98153588603137e-09,5.26676644932393e-09,2.75850914279511e-09,4.71381736837864e-09,2.13398840177079e-09,1.51093263035752e-09,1.62771136171712e-09,2.32569079760138e-09,1.31384731725687e-09,1.80470445704758e-09,1.16330427448639e-09,1.34364806564985e-09,1.01177682574478e-09,1.15883203667742e-09,1.47330923747405e-09,1.20553087748576e-09,1.11406242212162e-09,8.91708371928499e-10,7.15760621482345e-10,1.22811685297958e-09,8.60347286255288e-10,1.29764171047149e-09,8.42084872997501e-10,6.1938334965453e-10,4.79724645909128e-10,7.63995249663513e-10,8.36909405201258e-10,8.56789895457501e-10
1.57264185510843e-09,4.56530335179638e-09,3.00593825419056e-09,4.07557348153157e-09,3.12734553923857e-09,2.73682543823835e-09,5.19458976972289e-09,3.3014887573747e-09,7.08185849191081e-09,3.55372188643969e-09,6.32115412021322e-09,6.60141205442025e-09,3.90571238191645e-09,8.52873345725425e-09,2.67562894823095e-08,7.71146555668413e-09,1.95029318995271e-08,1.79999819991314e-08,6.49163045532596e-09,2.03256854200476e-08,7.13210483477251e-09,1.50104353509588e-08,1.43863414850728e-08,1.02523809347229e-08,1.64176903292908e-08,5.37349427866121e-09,3.04406230104564e-09,1.12909939490921e-08,5.05366898968855e-09,1.05088071693817e-08,4.03896653618096e-09,2.2669776552119e-09,4.1640154663619e-09,3.71272363441518e-09,2.41791927301798e-09,3.79341720515208e-09,1.99894883084781e-09,3.75275772417131e-09,1.3597858234306e-09,2.07653621656321e-09,4.03623393490506e-09,2.15990481317789e-09,3.34590158628928e-09,1.19038530791906e-09,8.24358059445203e-10,3.53203105994351e-09,1.20680567224935e-09,3.69640682738391e-09,5.74606539227038e-10,2.59540142565786e-09,1.17345063247477e-09,1.95714012284704e-09,9.0139662736021e-10,1.16826164146525e-09,2.31342399159742e-09,1.3689509161276e-09,3.93502733426279e-09,1.21891289595987e-09,3.43323373075939e-09,3.9742548772155e-09,1.96549887477121e-09,4.40739162472971e-09,1.3606488024891e-08,4.54474882516704e-09,8.75970487312034e-09,8.41074244557369e-09,3.47142821441411e-09,1.07659314455852e-08,3.26640077975363e-09,7.20946448629534e-09,7.72929430722635e-09,4.49592361046511e-09,8.90912517486875e-09,2.71387668184501e-09,1.88270003279315e-09,6.35161304607003e-09,2.130432031615e-09,5.49412430836445e-09,2.0607137550382e-09,1.38209233695032e-09,2.20487841943865e-09,1.60184287400092e-09,1.44319299117592e-09,1.76484420232253e-09,1.18911002345502e-09,2.05882906862006e-09,9.63092034871695e-10,1.21391839853132e-09,2.17391857533111e-09,1.18731886063718e-09,1.87307099052063e-09,8.72381134212722e-10,5.86333944960587e-10,2.03770872112512e-09,8.79546520362064e-10,2.01634246881535e-09
2.12414186194327e-09,4.36528402486698e-09,9.53473837947217e-09,3.84662580093917e-09,6.84122116330063e-09,6.18153586608686e-09,4.94387244139418e-09,1.05733392915941e-08,1.15002776074336e-08,7.6455577875586e-09,1.84997168674566e-08,1.47632892804614e-08,1.2948809160973e-08,1.37813091134081e-08,7.71146555668413e-09,2.24832923630031e-08,1.13640199350007e-08,1.91513154000601e-08,1.08542684140849e-08,5.89124056791187e-09,3.2244444769523e-09,8.88739750318695e-09,5.46986482159683e-09,8.03278509606058e-09,4.41187019730278e-09,2.3673628983067e-09,2.76414515694333e-09,4.13631518693151e-09,2.49286913033976e-09,4.08386029864476e-09,1.78383844235298e-09,2.28233191209083e-09,1.43965695760077e-09,1.80358435139725e-09,2.48809454179054e-09,2.11297942749452e-09,2.03039704844633e-09,1.24338028380846e-09,9.20572734523789e-10,2.18450495758024e-09,1.40314635662427e-09,2.35741313673184e-09,1.11072534043301e-09,7.82266993451819e-10,7.70329080004189e-10,1.19695073319061e-09,9.3872179829013e-10,1.42240869580961e-09,1.47059661431214e-09,2.71438721664651e-09,5.30576912155799e-09,2.78354899532285e-09,4.13372371960406e-09,4.33924163203009e-09,3.10282208934271e-09,6.10987077272106e-09,6.09665923013306e-09,4.82575916637846e-09,1.07071325322897e-08,9.10497635405259e-09,7.71331516397399e-09,7.40090521892301e-09,2.72959614664623e-09,1.28776061320318e-08,4.62921514668374e-09,9.88862503437655e-09,5.90202743180959e-09,2.35189087657149e-09,1.75907912873929e-09,3.82006948923608e-09,2.67367646383144e-09,3.26102233159937e-09,1.75608499015941e-09,1.2916988619667e-09,1.44644829125458e-09,2.03274008074785e-09,1.17890285355641e-09,1.56348087994688e-09,1.032098924036e-09,1.10731591632205e-09,8.86610548173617e-10,1.08647757494407e-09,1.24374932601447e-09,1.18582333103199e-09,9.059152011153e-10,7.47693565405072e-10,8.06348467668037e-10,1.02497704162438e-09,9.0366411921971e-10,1.20862698840561e-09,6.93834003076616e-10,6.93689105762574e-10,4.89729276923519e-10,7.96888070032058e-10,7.5428139604873e-10,7.49173559098749e-10
2.80353254813954e-09,3.14740243246811e-09,4.60536394655844e-09,2.95919787983756e-09,4.49090903225936e-09,4.15060358923606e-09,3.35187360707225e-09,5.07130220402272e-09,1.2462772589557e-08,4.93894746183314e-09,9.20401735264773e-09,9.06003870632364e-09,6.28752933763749e-09,1.51427279370724e-08,1.95029318995271e-08,1.13640199350007e-08,2.876365826578e-08,2.30427400097653e-08,1.19008369075634e-08,1.50093863338854e-08,6.52192675317777e-09,2.26348986011049e-08,1.02001479794441e-08,1.63791884903349e-08,1.18889200741117e-08,4.76256762480255e-09,3.1454272844059e-09,7.77537825812254e-09,4.70133937058856e-09,7.36159380301294e-09,3.48807789638963e-09,2.38139454225702e-09,4.30148593333427e-09,3.39532810639783e-09,2.58407066551075e-09,3.59727605798386e-09,2.10304317418034e-09,3.87519318977232e-09,1.50541470680221e-09,2.23928250090189e-09,4.22452350327467e-09,2.33467147332073e-09,3.41539448500498e-09,1.25534509602893e-09,8.95506978509381e-10,3.66719351809946e-09,1.26878849228033e-09,3.83854159048103e-09,1.22108673374625e-09,2.04363602576171e-09,2.44456671553484e-09,1.9412222489625e-09,2.53002030411226e-09,2.6985692911548e-09,2.30999151389311e-09,3.08472921011255e-09,6.20719098888186e-09,3.30010746074745e-09,5.08893615159625e-09,5.65457692237772e-09,4.00202844265322e-09,7.30458192088442e-09,8.68656334650822e-09,6.51512566468256e-09,1.31646269743629e-08,1.16172293663623e-08,5.76814392933164e-09,7.05897672434394e-09,3.03505368158716e-09,1.06091048135742e-08,4.9475601591567e-09,7.32169240262197e-09,5.98041694323689e-09,2.4977975924574e-09,1.58561641603052e-09,4.25125531899661e-09,2.00443774348406e-09,3.38936987114881e-09,1.88685734850742e-09,1.2031605013694e-09,2.15591101717636e-09,1.58818218922802e-09,1.32780993053627e-09,1.83359779793016e-09,1.05233371478083e-09,2.00987106181056e-09,1.06467751155612e-09,1.15533790486003e-09,2.08262002030912e-09,9.99794414591044e-10,1.90074944783751e-09,9.13275137964956e-10,6.25846267922597e-10,1.99462120040385e-09,9.70655835531343e-10,2.08338812243267e-09
2.34500431226357e-09,4.69291067256092e-09,9.55697526297879e-09,4.15202632291797e-09,7.14364726999855e-09,6.36329562811213e-09,5.2192454530362e-09,1.05774904505393e-08,9.3433695367729e-09,7.99113525444536e-09,1.53988870102796e-08,1.24768757904383e-08,1.30765625077289e-08,1.14767038244275e-08,1.79999819991314e-08,1.91513154000601e-08,2.30427400097653e-08,3.28595281999653e-08,8.9592071850019e-09,1.38703185613466e-08,6.23191552719927e-09,1.80587285181128e-08,9.58690626042928e-09,1.30168105536405e-08,1.08707447364989e-08,4.57805835639737e-09,3.28874070304252e-09,7.28922076235154e-09,4.65244272577644e-09,7.11534282033839e-09,3.29716327521371e-09,2.39888093811081e-09,4.01852098250209e-09,3.25235790320986e-09,2.59334409709171e-09,3.48346828542489e-09,2.11498296149652e-09,3.59005158774743e-09,1.48494420314696e-09,2.22727246790621e-09,3.96898464381832e-09,2.35465330524542e-09,3.21488612753666e-09,1.21740809640067e-09,9.94983363102277e-10,3.47495407472699e-09,1.24612759159729e-09,3.70210947958635e-09,1.63696531685019e-09,3.05388434334388e-09,5.44627767110127e-09,3.1816697913965e-09,4.28235093383909e-09,4.82940395275868e-09,3.43467081174787e-09,6.33037650732659e-09,4.66380918883313e-09,5.357881654919e-09,9.04182916457449e-09,8.0585774528453e-09,8.07417627480816e-09,5.47683381865852e-09,7.87299567825013e-09,1.15024719684074e-08,1.03382666135078e-08,1.71156162125215e-08,4.36740048443096e-09,6.45847331153084e-09,2.88662846067434e-09,8.27124788751284e-09,4.88533938191101e-09,5.53991132732517e-09,5.30002948779826e-09,2.26675115139089e-09,1.54079829518241e-09,3.89464988122655e-09,1.89038695762522e-09,3.11021612763744e-09,1.71264081297919e-09,1.09625706017611e-09,1.96830240452614e-09,1.48040117940863e-09,1.23503074610925e-09,1.77289291390567e-09,9.4834941657198e-10,1.76686379025157e-09,1.14790400879985e-09,1.05770431668237e-09,2.06747288237001e-09,1.08846703905255e-09,1.65894177023599e-09,9.78496725352328e-10,7.00137215095719e-10,1.99245439423024e-09,9.17595138471552e-10,1.93139262497575e-09
2.16952896027054e-09,2.15025455385809e-09,3.79649614459788e-09,2.18720535564481e-09,3.36696415155241e-09,3.24582246204344e-09,2.34181456473492e-09,4.19845628204791e-09,1.1981488203982e-08,3.78060023281535e-09,9.11251233430772e-09,8.37277897184791e-09,5.10920458233751e-09,1.41834546687671e-08,6.49163045532596e-09,1.08542684140849e-08,1.19008369075634e-08,8.9592071850019e-09,1.6894224673348e-08,7.56993414285592e-09,3.80156097019361e-09,1.37818818862845e-08,6.78464552399721e-09,1.25857616673629e-08,5.9203331315058e-09,2.8068077260581e-09,3.19802573285527e-09,5.20692902568942e-09,2.84135584365690e-09,4.96304840538972e-09,2.15603797978089e-09,2.66248742173127e-09,1.7346094563826e-09,2.12653412638613e-09,2.88432776074264e-09,2.41719500320878e-09,2.31509710441147e-09,1.47936281899883e-09,1.09112015340743e-09,2.45102204957381e-09,1.67900539079188e-09,2.66779968202939e-09,1.31243953459044e-09,9.11373950074719e-10,7.88460848204776e-10,1.46780877473486e-09,1.17589724348901e-09,1.65492413082025e-09,9.27233311269099e-10,1.44233739078007e-09,2.25437198028326e-09,1.28977022466539e-09,2.208394873626e-09,2.03534147509854e-09,1.65651029069527e-09,2.65389519058914e-09,6.53988997446155e-09,2.68442391055568e-09,5.28600370265855e-09,5.3429523359938e-09,3.45251932006337e-09,7.74415716754656e-09,2.55720479856728e-09,6.52805340748739e-09,5.26402854765535e-09,4.95202603425284e-09,1.00291862532723e-08,3.40100022344091e-09,2.19513827912013e-09,6.37104027073388e-09,3.32029904269368e-09,5.87477275502705e-09,2.76451020196018e-09,1.63979684710512e-09,2.09962730116019e-09,2.6779522017643e-09,1.49440395292287e-09,2.13958634873588e-09,1.31929449612242e-09,1.78750788122973e-09,1.16542564847314e-09,1.33744473704128e-09,1.87122260691316e-09,1.31150606031995e-09,1.41227675727871e-09,1.02066521971545e-09,7.84047775135662e-10,1.53859723235794e-09,9.92787626862668e-10,1.60871183085221e-09,9.40973967514942e-10,7.01590359902551e-10,6.51842604614068e-10,8.98140300558425e-10,1.03705930895119e-09,9.75115803866793e-10
