1.17730662488212e-07,5.82665601220305e-08,3.18541725961366e-08,8.98016889892264e-08,5.87340562683577e-08,8.4499651511834e-08,5.19424716125461e-08,2.79422758453371e-08,2.68614468526508e-08,5.15624037059385e-08,3.08323202688775e-08,5.1831533744465e-08,2.54349710367198e-08,2.45825974533867e-08,1.55283783084683e-08,2.76010215094866e-08,2.7580538574918e-08,2.92083797405819e-08,2.28015627660114e-08,1.45975083815313e-08,1.19621325873256e-08,2.56949391351722e-08,1.24514622248663e-08,2.01408214285253e-08,1.41867895535444e-08,1.16077803967872e-08,9.14628178959608e-09,1.22363267328758e-08,1.17322270307008e-08,1.24330620083126e-08,1.02909020051923e-08,9.48126365816638e-09,9.71513792096688e-09,1.14859750993439e-08,1.0377439809354e-08,1.21068566269903e-08,7.78304543782385e-09,8.19568850357119e-09,7.26494359745844e-09,8.46752455618227e-09,1.0783471422142e-08,1.04200893961213e-08,7.48459057862122e-09,5.67250421730091e-09,4.75222397898524e-09,9.83227707966692e-09,7.39519044383810e-09,1.18823283444459e-08,9.08365979851341e-08,3.50034861415829e-08,1.73223892236636e-08,6.91376312136607e-08,3.50628170303214e-08,6.30329421039937e-08,3.29220702271077e-08,1.79264053802101e-08,2.05415745763232e-08,3.24922636278715e-08,1.67703919373836e-08,3.03348428854614e-08,1.64159358894345e-08,1.87880268432837e-08,1.17083958988592e-08,1.56156155759376e-08,2.20814241682211e-08,1.64897335994481e-08,1.72522188469658e-08,1.11413611729824e-08,1.10187761573403e-08,2.04294595856544e-08,1.15772458119577e-08,1.50881695169836e-08,1.14305371210596e-08,1.08466454163774e-08,6.91590209855226e-09,1.15666404835399e-08,7.95418636692529e-09,9.07183693763216e-09,8.88699958728769e-09,7.14933534600821e-09,7.5340807989251e-09,8.27166836674875e-09,8.07750044840107e-09,1.04388198536424e-08,5.81623486942424e-09,5.9895047951872e-09,6.86126087416044e-09,6.67517608214468e-09,8.08087764223329e-09,7.76208820231411e-09,5.70792317610309e-09,5.30027571153721e-09,3.55754288484898e-09,8.091107653527e-09,6.20320611856103e-09,8.99904129842221e-09
5.82665601220305e-08,2.67457806011185e-07,7.47645737432528e-08,1.12324883143673e-07,2.39233267010418e-07,9.03089351416838e-08,2.40139608413653e-07,6.45138054341129e-08,3.29446289647867e-08,2.12233844454597e-07,5.99711064111026e-08,1.99009905949085e-07,5.86911855543309e-08,2.7211954188668e-08,3.22673813220241e-08,5.17785952420966e-08,2.79652909138735e-08,4.73834976014032e-08,2.40877356176406e-08,2.96629839033257e-08,1.84360961999375e-08,2.48914897315472e-08,2.92671757794877e-08,2.71906750480718e-08,2.70757352208679e-08,1.75529165746255e-08,1.31509147809085e-08,2.70706913177489e-08,2.25725744829632e-08,3.31985825261413e-08,1.68435835725765e-08,1.33329245842673e-08,1.49398139383315e-08,2.19589831515404e-08,1.69179250374638e-08,2.35956513342787e-08,1.27018070991886e-08,1.38946838512895e-08,1.14087556842974e-08,1.58279049229869e-08,1.44436827356375e-08,1.57448996973918e-08,1.16227370896471e-08,8.9555020833872e-09,7.10988141264798e-09,1.23257737623808e-08,1.17905749982781e-08,1.44312687854987e-08,2.94968603085872e-08,1.46831509036479e-07,4.98662406240938e-08,7.2370179490316e-08,1.31187904296517e-07,6.12872965457162e-08,1.37915886079105e-07,4.59434351532911e-08,2.15994207512608e-08,1.24492817349786e-07,3.89489871067743e-08,1.12665231669288e-07,4.13137302383121e-08,1.75699528905682e-08,2.65882607015553e-08,3.32666311905324e-08,1.8632559854724e-08,2.67817040318863e-08,1.56660776912339e-08,2.55675202141471e-08,1.49498703219435e-08,1.74728085871283e-08,2.3334438525481e-08,1.77068461134895e-08,2.24695419010139e-08,1.36105118041633e-08,9.39660347939631e-09,2.06885593433e-08,1.52957923415392e-08,2.14433556642993e-08,1.34768485235325e-08,9.12535006010728e-09,9.33308640907425e-09,1.53276316395374e-08,1.14652232243985e-08,1.61678881092776e-08,9.03099854633718e-09,8.65141432065119e-09,8.99264314901738e-09,1.04352132129457e-08,1.04177421328318e-08,1.14152510145234e-08,8.9269731981161e-09,7.077158530151e-09,7.40047043306974e-09,1.06276612526425e-08,1.17213409172227e-08,1.31002706637263e-08
3.18541725961366e-08,7.47645737432528e-08,1.55437876477e-07,5.63103110834528e-08,1.37601134456474e-07,1.0672862912003e-07,6.45718142146042e-08,1.26191994871734e-07,5.77132818293054e-08,1.09040462020967e-07,1.06815265615462e-07,9.18219700389004e-08,1.1452761523761e-07,5.24240228836594e-08,3.15558458466236e-08,9.66166508364158e-08,4.91587201429492e-08,8.70275031589652e-08,4.68552571881082e-08,2.79314054955325e-08,2.30045957015118e-08,4.39268623713962e-08,2.48745432617463e-08,4.04780170837213e-08,2.4839669948029e-08,2.1413024447419e-08,1.20724181095773e-08,2.22464569493879e-08,2.21851299202979e-08,2.29111851206522e-08,2.00026866323853e-08,1.23369637653405e-08,1.19414658215137e-08,2.10273679849532e-08,1.66069944645231e-08,2.5092589290251e-08,1.09281919521918e-08,1.01778281026544e-08,8.79353478957778e-09,1.43450924790637e-08,1.05938878720568e-08,1.42573240205869e-08,9.70308158338313e-09,8.1572872697863e-09,5.7515563899167e-09,1.04575677306943e-08,9.09408105805333e-09,1.11578937341018e-08,1.95455394385259e-08,4.80792648171501e-08,1.05964781578893e-07,4.17746976490297e-08,8.93371737632834e-08,6.97597114641425e-08,4.30078772956137e-08,9.14175473269811e-08,3.68939172793545e-08,7.35102152437114e-08,7.01470130598821e-08,5.94576947119854e-08,8.37643113414732e-08,3.43896051029259e-08,2.28399334674464e-08,6.52828550801293e-08,3.11196893687629e-08,5.81423287130564e-08,3.32113546186076e-08,2.23953841118353e-08,1.64904758853321e-08,3.13868629567188e-08,2.00958092932475e-08,2.79005204296618e-08,1.86198932333894e-08,1.50147014659616e-08,9.51307488491902e-09,1.81952335859976e-08,1.45390109861083e-08,1.57101183710652e-08,1.32106376050684e-08,9.30248393932279e-09,8.8723319892113e-09,1.41140845376116e-08,1.25357520512875e-08,1.63780618330825e-08,7.8998971070985e-09,6.44936472857022e-09,7.0592545428103e-09,9.48251821551335e-09,7.64323811625062e-09,9.67515492398276e-09,6.09811511391016e-09,6.60539622827836e-09,5.12298422467102e-09,7.81078619132281e-09,7.87308462538123e-09,8.62802236762941e-09
8.98016889892264e-08,1.12324883143673e-07,5.63103110834528e-08,1.53464154929638e-07,8.95399857971144e-08,1.1987100469651e-07,9.95350877760642e-08,4.81773186238982e-08,2.58838970491322e-08,7.91179518151768e-08,4.44585800124819e-08,7.25088351659184e-08,4.38114024131846e-08,2.349008050284e-08,3.14737365794186e-08,4.06752211980444e-08,2.6205533027046e-08,3.87390832040207e-08,2.18215956929676e-08,2.97755855036733e-08,1.54497088169964e-08,2.43653923135003e-08,2.89921805060505e-08,2.26323365033097e-08,2.81674032424388e-08,1.50101750806034e-08,1.07450214040191e-08,2.74342540870959e-08,1.65521236064251e-08,2.88729670487789e-08,1.45819312161809e-08,1.11605334231508e-08,1.24175971469998e-08,1.66188126948273e-08,1.31334452231917e-08,1.74197298055717e-08,9.86176087784959e-09,1.10215002246683e-08,1.03938252061182e-08,1.14666676741734e-08,1.29140633035873e-08,1.31910897406965e-08,1.0438874628517e-08,8.65185117700448e-09,6.56288439223526e-09,1.19481120469114e-08,9.94831005232164e-09,1.32247271284757e-08,6.76627161666446e-08,7.59527247795693e-08,3.67915345027383e-08,1.14694794359239e-07,5.60175531196553e-08,8.7088245878884e-08,7.06971714509796e-08,3.41681659390394e-08,1.52402486358438e-08,5.19689232016252e-08,2.69485582863127e-08,4.41020286964906e-08,3.11519466341019e-08,1.46581968458206e-08,2.65926345984695e-08,2.48337065905963e-08,1.70418013414025e-08,2.34791889169712e-08,1.35946670335266e-08,2.58056577888064e-08,1.35046676190907e-08,1.5758578000169e-08,2.5364699556128e-08,1.65175602354743e-08,2.43813976731983e-08,1.29752125770705e-08,8.40599482237880e-09,2.37458529721128e-08,1.0769253333253e-08,2.03961859315977e-08,1.16093984634044e-08,8.53117249958179e-09,9.19257645293197e-09,1.09240231104107e-08,1.00227363074858e-08,1.42656087385543e-08,7.47025451092126e-09,8.13603263612742e-09,9.09534747191355e-09,8.59001787855202e-09,1.00489406533637e-08,1.00665058330515e-08,8.24068528540125e-09,7.29186376214118e-09,5.94582140166188e-09,1.01307306168826e-08,8.30609292522686e-09,1.08559096420769e-08
5.87340562683577e-08,2.39233267010418e-07,1.37601134456474e-07,8.95399857971144e-08,3.49360185676282e-07,1.57906976636876e-07,2.12288063312774e-07,1.09004324998411e-07,5.81888186468325e-08,2.90778906004013e-07,9.13936294201862e-08,2.55153924726741e-07,9.83084364083877e-08,5.18485714200344e-08,3.3013050165389e-08,8.15084376290926e-08,4.94088976812567e-08,7.330081099738e-08,4.47916482368177e-08,2.77773871130923e-08,2.71525028912215e-08,4.25604023508171e-08,2.59405274273459e-08,4.18315142750516e-08,2.47196551358962e-08,2.53144530075525e-08,1.79218663849026e-08,2.3570298733009e-08,3.178893276682e-08,3.01497583744199e-08,2.44847543674853e-08,1.83352428572186e-08,2.10277365597025e-08,3.09159223140229e-08,2.5678579876819e-08,3.65752478833798e-08,1.75024166221982e-08,1.94565807660017e-08,1.36161169068785e-08,2.42507847590782e-08,1.91555261033622e-08,2.19301996275286e-08,1.72000565517966e-08,1.21224229076212e-08,1.01418319604477e-08,1.82557546052075e-08,1.50685440093539e-08,1.9744343858607e-08,3.15798912761712e-08,1.22919739149739e-07,8.91449084855735e-08,5.55932827421937e-08,1.95051492011203e-07,1.03871630060648e-07,1.14834299190175e-07,7.40523321353292e-08,3.58124278621126e-08,1.68989161883054e-07,5.92051542060914e-08,1.45853913376009e-07,6.57006543066518e-08,3.26598103864178e-08,1.97848717852813e-08,5.34800700321533e-08,2.63144101253071e-08,4.1201551586147e-08,3.00180926879285e-08,1.8890962267467e-08,1.80435368949767e-08,2.60286720433687e-08,2.00107663645494e-08,2.83424461243038e-08,1.69668079416021e-08,1.61180272735553e-08,1.19209895071032e-08,1.83743477233317e-08,2.00475160140517e-08,1.8588194548725e-08,1.62248374374567e-08,1.16055209894575e-08,1.34744466202546e-08,1.96062912726014e-08,1.60272798737949e-08,2.03797474019073e-08,1.17103277855708e-08,1.21859890375487e-08,1.17718095020939e-08,1.51202226959715e-08,1.38841057419894e-08,1.54192114554819e-08,1.23910495671264e-08,1.0216405737067e-08,9.7918357429068e-09,1.48811371012715e-08,1.48904789445948e-08,1.67096336305262e-08
8.4499651511834e-08,9.03089351416838e-08,1.0672862912003e-07,1.1987100469651e-07,1.57906976636876e-07,1.93623488232067e-07,7.90790585307962e-08,8.49559709817474e-08,4.7389444102689e-08,1.28327211624868e-07,6.78447107239071e-08,1.04501511072971e-07,7.7382840237843e-08,4.3332410121897e-08,2.86437963511936e-08,6.19301071270798e-08,4.29192022271066e-08,5.74321095335567e-08,3.91344707843485e-08,2.54928885243665e-08,2.37424491472448e-08,3.86648947943344e-08,2.31493172946029e-08,3.49255377331099e-08,2.31598485549467e-08,2.26403543454468e-08,1.27677490829778e-08,2.13006275542414e-08,2.51882036661404e-08,2.3204697680534e-08,2.20652219181219e-08,1.33921939929233e-08,1.35243840286298e-08,2.48840580896443e-08,1.69734604118281e-08,2.84986625913802e-08,1.22513754089579e-08,1.20473318384451e-08,1.24694847557754e-08,1.53225210440413e-08,1.44420567331751e-08,1.65147397341836e-08,1.187927046773e-08,1.13244177034341e-08,8.15359107598639e-09,1.42658160510596e-08,1.19804368709325e-08,1.58285545340633e-08,6.47803316548781e-08,5.58153365200751e-08,6.73651047527964e-08,8.88763660672451e-08,9.71715491240044e-08,1.32927405091598e-07,5.11118305651543e-08,5.73175244939072e-08,2.93017487529972e-08,8.12859745289801e-08,4.22156603743777e-08,6.4321010145205e-08,5.21137646524036e-08,2.72519202470813e-08,2.04763937635953e-08,3.87061788082297e-08,2.45071177500218e-08,3.45224480560379e-08,2.5491328297147e-08,1.94351990456005e-08,1.59113787692718e-08,2.34578446193963e-08,1.98693978791207e-08,2.4549489733108e-08,1.71266712330831e-08,1.50569209930119e-08,7.76289145007711e-09,1.81551387950163e-08,1.39169287096925e-08,1.53355066667708e-08,1.39603747878965e-08,7.88864338410512e-09,9.50108383703156e-09,1.34925836459858e-08,1.1176197433566e-08,1.82060443984036e-08,7.11627767353707e-09,8.39183017117076e-09,1.08304361982669e-08,9.9112693808986e-09,1.08859695899579e-08,1.10055915479402e-08,8.65021218283827e-09,9.62510306315656e-09,7.00178581843095e-09,1.12886331051093e-08,1.0341649518095e-08,1.24284452956184e-08
5.19424716125461e-08,2.40139608413653e-07,6.45718142146042e-08,9.95350877760642e-08,2.12288063312774e-07,7.90790585307962e-08,2.81850445654352e-07,7.02970595194862e-08,3.63047504363524e-08,2.45138108569756e-07,6.59533799768812e-08,2.31252723824263e-07,6.36581068977715e-08,3.0215422224255e-08,3.89916443639202e-08,5.66234010936547e-08,3.17703216119986e-08,5.34876431711136e-08,2.66627482175611e-08,3.47921140608967e-08,2.08599654262592e-08,2.79331126381761e-08,3.43154924084005e-08,2.92936628731324e-08,3.1773411951458e-08,1.97729677496854e-08,1.559017265731e-08,3.16705937572998e-08,2.55854614313825e-08,3.73984218565243e-08,1.85543603035253e-08,1.54759329660894e-08,1.63537077363172e-08,2.45436876216943e-08,1.99563208649483e-08,2.68252605683287e-08,1.42198000736857e-08,1.52124304614198e-08,1.32766655634459e-08,1.78625125793454e-08,1.68220709490167e-08,1.82065717133641e-08,1.24564548177344e-08,9.79847691932248e-09,7.26006596973725e-09,1.27205214226964e-08,1.24326896376392e-08,1.49191248886206e-08,2.86024945601754e-08,1.378891484413e-07,4.59427197997504e-08,6.72990439190094e-08,1.24483971691636e-07,5.62933929846313e-08,1.5831553080847e-07,5.17335135665277e-08,2.53992689605402e-08,1.39501246019198e-07,4.47247141742553e-08,1.28236223058427e-07,4.59855189275346e-08,2.11512530411045e-08,2.94286223422718e-08,3.75992424350428e-08,2.01700344454751e-08,3.36881629435222e-08,1.76235743974519e-08,2.86020356922387e-08,1.49445982538171e-08,1.94279134844857e-08,2.48147892304669e-08,1.77867438839689e-08,2.53066063229714e-08,1.36650281231848e-08,1.15694860353511e-08,2.24914980220539e-08,1.72429299708781e-08,2.38006445234205e-08,1.35790834941456e-08,1.09340874549683e-08,1.10980401976674e-08,1.69811197516862e-08,1.37954983052357e-08,1.7840523853451e-08,1.02894791502181e-08,1.0362882213916e-08,9.9635780352021e-09,1.18764650013007e-08,1.28736195415438e-08,1.28759696270873e-08,9.4681674769974e-09,8.56035242422303e-09,7.31133526271921e-09,1.1205210121812e-08,1.30064744781316e-08,1.32163842563638e-08
2.79422758453371e-08,6.45138054341129e-08,1.26191994871734e-07,4.81773186238982e-08,1.09004324998411e-07,8.49559709817474e-08,7.02970595194862e-08,1.40504491887186e-07,6.29567494455379e-08,1.2150857702202e-07,1.1762338715554e-07,1.01467282273054e-07,1.2649093975302e-07,5.65903203748832e-08,3.43895792375751e-08,1.05126637274221e-07,5.40344701135534e-08,9.57345420104837e-08,5.04589212106647e-08,3.02602829518464e-08,2.68971813758304e-08,4.81502816153017e-08,2.75076049498753e-08,4.41595790599908e-08,2.67901314470862e-08,2.506556369205e-08,1.40234569013127e-08,2.45267283311167e-08,2.56964442690399e-08,2.475389080576e-08,2.33156791056448e-08,1.42398328849373e-08,1.27517188019473e-08,2.42918454542229e-08,1.84419225369593e-08,2.86279896778217e-08,1.24790040561396e-08,1.09812445705498e-08,9.93735056436407e-09,1.5668522906e-08,1.19288314790643e-08,1.53383054844571e-08,9.9779031194581e-09,8.33742975108191e-09,5.98032662708995e-09,9.95011479335447e-09,9.46840402398681e-09,1.09060170391307e-08,1.79104669045427e-08,4.29878437266889e-08,9.14030586547431e-08,3.75014958588603e-08,7.34994605097163e-08,5.9597259624149e-08,4.62614486227304e-08,1.022267058646e-07,3.96403937335892e-08,8.02723780830201e-08,7.90123954055566e-08,6.64249182630479e-08,9.22911788090665e-08,3.69222558423867e-08,2.37641266724739e-08,7.20786726772618e-08,3.25583964889528e-08,6.4194166723004e-08,3.49469359982131e-08,2.30665271856478e-08,1.88752003734702e-08,3.25064910827291e-08,2.00911186626969e-08,2.80710963013769e-08,1.93408963191511e-08,1.74147861307119e-08,1.1057972472119e-08,1.84515345167991e-08,1.80302496545764e-08,1.66186581064548e-08,1.54991845221954e-08,1.05731630915745e-08,8.31822850527962e-09,1.69762082874419e-08,1.35398321731157e-08,1.84827019110523e-08,8.83167415309709e-09,6.09046980878529e-09,6.94994357593698e-09,1.01503402746429e-08,8.16904032049507e-09,1.04407805108949e-08,5.6670614490887e-09,6.79819594267068e-09,5.32165994515815e-09,7.19734456967959e-09,8.13282689751269e-09,7.64686442646688e-09
2.68614468526508e-08,3.29446289647867e-08,5.77132818293054e-08,2.58838970491322e-08,5.81888186468325e-08,4.7389444102689e-08,3.63047504363524e-08,6.29567494455379e-08,1.70351408496271e-07,6.40396391175114e-08,1.33231454694645e-07,1.22911867287577e-07,5.66085960415065e-08,1.48404911165623e-07,6.83379286066284e-08,1.1524957042648e-07,1.2362539180318e-07,9.65808595163543e-08,1.30476008788585e-07,5.83853918184486e-08,2.73558714721113e-08,1.07858834950337e-07,4.86012638320366e-08,9.20037178481602e-08,4.93024230398746e-08,2.34190962955695e-08,2.4803534961372e-08,4.08129871540873e-08,2.3306972944307e-08,3.89752155757284e-08,2.11126153182086e-08,2.4223386918941e-08,1.67087676160581e-08,2.12121815287441e-08,2.6910871339463e-08,2.39481319485374e-08,2.14703404107542e-08,1.46422185745316e-08,8.71815727514043e-09,2.36565911766445e-08,1.63158355744824e-08,2.48622021509645e-08,1.37077025276407e-08,7.28988763228497e-09,8.06301276898023e-09,1.4770471018895e-08,9.58064677024333e-09,1.61664304009508e-08,2.04565029382959e-08,1.50213934998504e-08,3.90551200143398e-08,1.40409758789207e-08,3.65613970417715e-08,2.99236258034628e-08,1.80383253395424e-08,4.17795387027403e-08,1.14222726728666e-07,3.94814411587015e-08,8.59345822311998e-08,8.25941288398703e-08,3.8407982387632e-08,9.89705125680302e-08,4.5575366520308e-08,7.45603690174671e-08,8.24580507717455e-08,6.46820332338233e-08,9.05363325498893e-08,4.09252678141537e-08,2.14510536506826e-08,7.53006809318803e-08,3.34935785576804e-08,6.0783723297994e-08,3.45403650661216e-08,1.82081915931381e-08,1.75459311946501e-08,2.99610559919076e-08,1.55413648223362e-08,2.53842889039708e-08,1.67400392158626e-08,1.6807670703013e-08,1.27207346194213e-08,1.65865549152248e-08,1.68951891628458e-08,1.73922776552704e-08,1.42194613210635e-08,1.00886147463203e-08,6.61383431300722e-09,1.36345654247274e-08,1.25912741754931e-08,1.65851925964113e-08,8.87844778010055e-09,6.04331436437993e-09,6.36111965704412e-09,1.09606573827757e-08,7.99115488070547e-09,1.20134783536661e-08
5.15624037059385e-08,2.12233844454597e-07,1.09040462020967e-07,7.91179518151768e-08,2.90778906004013e-07,1.28327211624868e-07,2.45138108569756e-07,1.2150857702202e-07,6.40396391175114e-08,3.36367585380072e-07,1.0121898494022e-07,2.94495072147565e-07,1.09316414958408e-07,5.67388838104369e-08,3.7881677061857e-08,8.98428558124951e-08,5.55300217062455e-08,8.25755515327942e-08,4.88778674974353e-08,3.16049452545105e-08,3.26388651481942e-08,4.78237988080855e-08,2.9091684522557e-08,4.55350051304455e-08,2.80349305120778e-08,3.03584559331576e-08,2.09468911578432e-08,2.63395941834661e-08,3.7029854769594e-08,3.29875709288204e-08,2.90021488087867e-08,2.10772657521468e-08,2.22757668747204e-08,3.57026751805662e-08,2.89864199821651e-08,4.17827534748897e-08,1.92344913878913e-08,2.05839739744458e-08,1.56044914018431e-08,2.59160771628759e-08,2.17389565457942e-08,2.39491320361217e-08,1.77463325682652e-08,1.25107639600524e-08,1.00764782960251e-08,1.77689936676497e-08,1.53632503004131e-08,1.92516889787567e-08,3.08778545096056e-08,1.14798918066224e-07,7.40383444250986e-08,5.3194252672134e-08,1.68973599322737e-07,8.72160505739735e-08,1.27800379516423e-07,8.31613451052428e-08,3.9993704186267e-08,1.89171089773982e-07,6.69361356321298e-08,1.63720995242154e-07,7.35303528472026e-08,3.66103086175336e-08,2.25680966807038e-08,5.96587505444431e-08,2.98373536223879e-08,4.93467019932931e-08,3.23361223817131e-08,2.13854890099661e-08,2.05879752791713e-08,2.94186040148656e-08,2.09367537776655e-08,2.92276579197374e-08,1.94634377077536e-08,1.86750682453027e-08,1.50286662847347e-08,1.96590289714252e-08,2.42662225724717e-08,2.07522099947347e-08,1.84973652712793e-08,1.39372752156612e-08,1.48624234133879e-08,2.30852196170988e-08,1.85169264290624e-08,2.32991877877757e-08,1.29813538447934e-08,1.35608240768982e-08,1.18680717677554e-08,1.59957551177166e-08,1.66311561720449e-08,1.61722149063581e-08,1.21562814481528e-08,1.12124663329236e-08,9.79125051765352e-09,1.45073618504074e-08,1.577709172763e-08,1.57263611642219e-08
3.08323202688775e-08,5.99711064111026e-08,1.06815265615462e-07,4.44585800124819e-08,9.13936294201862e-08,6.78447107239071e-08,6.59533799768812e-08,1.1762338715554e-07,1.33231454694645e-07,1.0121898494022e-07,2.08170565457254e-07,1.76373107301198e-07,1.05149557920121e-07,1.15249909029828e-07,6.55573371584741e-08,1.79468416430858e-07,9.64280868167528e-08,1.49427318374972e-07,1.01461338753587e-07,5.62517764556828e-08,2.62114706254755e-08,8.42983231670296e-08,4.61607476359706e-08,7.12415916877796e-08,4.87552475959156e-08,2.2830072564308e-08,2.69366822838325e-08,3.99401550503278e-08,2.32255815497174e-08,3.78466967031569e-08,2.13781941539673e-08,2.6743249494908e-08,1.85239704202229e-08,2.17722811210398e-08,3.15157724682239e-08,2.62904847362125e-08,2.34183328695767e-08,1.61161744648192e-08,9.37839459366385e-09,2.7074946045829e-08,1.62568511427459e-08,2.75963672770308e-08,1.53131360987796e-08,8.2132798244248e-09,8.06365879012962e-09,1.46703410660538e-08,9.88451232608754e-09,1.53389765382678e-08,1.75340734564954e-08,3.50739077076597e-08,7.57660937996818e-08,3.04417429309438e-08,6.10719567983993e-08,4.47227985231623e-08,3.98577593463835e-08,8.31924646071802e-08,8.75661704225679e-08,6.72545788327828e-08,1.34054556634237e-07,1.13497851804021e-07,7.51815218847953e-08,7.54634324065723e-08,4.32428543333846e-08,1.19360039937735e-07,6.24212644965857e-08,9.64100762918803e-08,6.9829164087065e-08,3.99818809406722e-08,2.00767628590411e-08,5.88921025140797e-08,3.29905451683533e-08,4.80812242124688e-08,3.42570274309905e-08,1.58220220855502e-08,1.95679069360651e-08,2.96858691292961e-08,1.57667122799342e-08,2.45493957523559e-08,1.60546701693073e-08,1.86014479989593e-08,1.44311174841788e-08,1.70017367298666e-08,2.24237910954317e-08,2.03657725112614e-08,1.54127397970599e-08,1.13846198677803e-08,7.89189517683167e-09,1.76535671909794e-08,1.22093159949799e-08,1.85665773782457e-08,1.01075984055895e-08,7.35650507644454e-09,6.69194141357008e-09,1.02333372501312e-08,8.44842982301905e-09,1.02275051465275e-08
5.1831533744465e-08,1.99009905949085e-07,9.18219700389004e-08,7.25088351659184e-08,2.55153924726741e-07,1.04501511072971e-07,2.31252723824263e-07,1.01467282273054e-07,1.22911867287577e-07,2.94495072147565e-07,1.76373107301198e-07,4.07596134010651e-07,9.06347626513426e-08,1.07688936957903e-07,6.31025285423422e-08,1.52160645508578e-07,8.95843280000422e-08,1.24558264545944e-07,9.10024933570994e-08,5.11957073346975e-08,2.82348202076307e-08,7.56904218961825e-08,4.307054061027e-08,6.62199536919991e-08,4.37519227734794e-08,2.46016960936669e-08,3.04044949146702e-08,3.72470912941202e-08,2.90969933041328e-08,3.98074766948369e-08,2.23639894396388e-08,3.01496898651997e-08,2.27349679368959e-08,2.6963247708516e-08,3.72127892612943e-08,3.22684345093296e-08,2.72765011914248e-08,2.0610462564882e-08,1.40482611158472e-08,3.26366950072094e-08,2.23218881739824e-08,3.2931947548171e-08,1.8281781165524e-08,1.11312112920206e-08,1.11859599641317e-08,1.86068298051935e-08,1.41952011520591e-08,1.85229210129035e-08,2.5520209491775e-08,1.06381921619148e-07,6.09186942881784e-08,4.41542728540722e-08,1.53926108696182e-07,6.84139849938568e-08,1.21386021786499e-07,6.72462628541883e-08,7.6621910153323e-08,1.71814493479126e-07,1.11100571648391e-07,2.33238777885829e-07,5.95502292931868e-08,6.80116653750035e-08,3.74209363895895e-08,9.91892268877809e-08,5.25761511759071e-08,7.42602675177282e-08,5.83507945092699e-08,3.44427198953328e-08,2.03767949215258e-08,4.89233016008452e-08,2.90814642472766e-08,4.26399841831075e-08,3.00256421380459e-08,1.59807461204153e-08,2.16340827913736e-08,2.60136428092797e-08,1.9058048769335e-08,2.33481381660475e-08,1.65387142314517e-08,2.00540090106287e-08,1.59379670445974e-08,2.0500738912532e-08,2.30029894797244e-08,2.19055356144192e-08,1.82005910808945e-08,1.39315520188478e-08,1.08977868314966e-08,1.91335103186593e-08,1.66583839907567e-08,2.11814293878641e-08,1.28469129655443e-08,1.00097548809483e-08,1.05295623677301e-08,1.46274282960096e-08,1.46190773400646e-08,1.49180700491743e-08
2.54349710367198e-08,5.86911855543309e-08,1.1452761523761e-07,4.38114024131846e-08,9.83084364083877e-08,7.7382840237843e-08,6.36581068977715e-08,1.2649093975302e-07,5.66085960415065e-08,1.09316414958408e-07,1.05149557920121e-07,9.06347626513426e-08,1.42954140301943e-07,6.22775356184477e-08,3.6906981658331e-08,1.1731793732865e-07,5.97768615336017e-08,1.07985743833306e-07,5.49092262561706e-08,3.23922239470149e-08,2.93018706776078e-08,5.24969051780379e-08,3.07984223463171e-08,4.98601183978502e-08,2.84883015137588e-08,2.74425342954498e-08,1.52797593579436e-08,2.73880583199836e-08,2.7660864124801e-08,2.74089379113698e-08,2.56286401915429e-08,1.49985337276167e-08,1.35170025161824e-08,2.62002292309452e-08,1.93993761518721e-08,3.05968098785531e-08,1.3136764703042e-08,1.1442841708659e-08,1.01447224799159e-08,1.64418662890611e-08,1.24064901122492e-08,1.61185438733949e-08,1.03874072744813e-08,8.58007300942589e-09,7.09629815880257e-09,1.04963077655947e-08,1.02390152850749e-08,1.20639721259901e-08,1.58658251691723e-08,3.94693858085665e-08,8.37398215338913e-08,3.40137920367552e-08,6.53535948263926e-08,5.39099731621896e-08,4.21238357611759e-08,9.22860293716749e-08,3.69285665273429e-08,7.10886994933063e-08,7.20898725636521e-08,5.96109865333585e-08,1.02086512470827e-07,4.27368311235823e-08,2.51063239719778e-08,8.09817634093715e-08,3.82282005578505e-08,7.38984745368823e-08,3.99508093654932e-08,2.43242654726652e-08,1.9762470209438e-08,3.68204456591578e-08,1.98387619765356e-08,3.16245483218564e-08,2.01767231560589e-08,1.836250215676e-08,1.17882698024285e-08,1.82334727165387e-08,1.88318740162766e-08,1.66882999806409e-08,1.65059946421223e-08,1.16658835292935e-08,8.91010953765084e-09,1.80806061389245e-08,1.39226276202841e-08,1.92215773764543e-08,9.9198372952975e-09,6.35786173391354e-09,7.01532712471212e-09,1.05259778870306e-08,8.91750942360379e-09,1.17451373031261e-08,5.75547868813273e-09,6.84128221300576e-09,5.87394572537451e-09,7.87840262286537e-09,8.05528448612659e-09,8.47382516620088e-09
2.45825974533867e-08,2.7211954188668e-08,5.24240228836594e-08,2.349008050284e-08,5.18485714200344e-08,4.3332410121897e-08,3.0215422224255e-08,5.65903203748832e-08,1.48404911165623e-07,5.67388838104369e-08,1.15249909029828e-07,1.07688936957903e-07,6.22775356184477e-08,1.67374458044715e-07,7.63015818321535e-08,1.26314425092767e-07,1.39839509961608e-07,1.05691979353431e-07,1.4631427071981e-07,6.55594207231368e-08,3.0468752969786e-08,1.21452509802589e-07,5.42988490064135e-08,1.03718468933141e-07,5.52482893837778e-08,2.61598787082584e-08,2.68955080903595e-08,4.55638413900232e-08,2.45973338346585e-08,4.21488686044053e-08,2.31403616674747e-08,2.62220118931286e-08,1.89659613612765e-08,2.26305701246433e-08,2.85345604180681e-08,2.57494292342959e-08,2.34638190964479e-08,1.690050145348e-08,1.00532995016976e-08,2.52554781299594e-08,1.82319715003408e-08,2.69160773039232e-08,1.58724200786069e-08,8.1876988468014e-09,9.50441706173918e-09,1.62919918474334e-08,1.09808842513897e-08,1.8620936676023e-08,1.82823533244719e-08,1.36873296174137e-08,3.65240017016172e-08,1.30567827847701e-08,3.36078653434371e-08,2.73331280186586e-08,1.67971769648815e-08,3.84020065335435e-08,9.8966742041905e-08,3.56920737567778e-08,7.45649116981112e-08,7.17959250382327e-08,4.18894849970214e-08,1.10032042860157e-07,4.94685359479468e-08,8.27584768482197e-08,9.17157955657199e-08,7.08821139701331e-08,1.00346568090165e-07,4.5387724295095e-08,2.35583806346792e-08,8.30934385047492e-08,3.80615046346491e-08,6.88504186522729e-08,3.7440136024801e-08,1.99719110243408e-08,1.85528051676506e-08,3.34218396581181e-08,1.54150077044047e-08,2.61561627683306e-08,1.76305098982846e-08,1.76823456140865e-08,1.25329685279113e-08,1.69508192738123e-08,1.71589815286882e-08,1.74301851071479e-08,1.5112395277286e-08,1.00990828189999e-08,8.31394712011851e-09,1.40729356736063e-08,1.32332058549592e-08,1.79493906996398e-08,8.95858358590549e-09,7.167077384123e-09,6.70637509386735e-09,1.17408121081765e-08,8.57111985200227e-09,1.24703459747231e-08
1.55283783084683e-08,3.22673813220241e-08,3.15558458466236e-08,3.14737365794186e-08,3.3013050165389e-08,2.86437963511936e-08,3.89916443639202e-08,3.43895792375751e-08,6.83379286066284e-08,3.7881677061857e-08,6.55573371584741e-08,6.31025285423422e-08,3.6906981658331e-08,7.63015818321535e-08,1.77850959967425e-07,7.00499268374367e-08,1.40875391514312e-07,1.27959485939342e-07,6.55664203789791e-08,1.52611953483025e-07,5.86198284597385e-08,1.20033633119634e-07,1.15201733163351e-07,8.71675375783499e-08,1.29302179985851e-07,4.87752576002589e-08,2.58664773625879e-08,9.66587505720474e-08,4.24122756594765e-08,8.43035476346624e-08,4.25075643005317e-08,2.35191506167823e-08,3.25305029066253e-08,3.68382511755273e-08,2.78270022322365e-08,3.87127433231732e-08,2.1534250732362e-08,3.04981183639794e-08,1.44948727088418e-08,2.46252641640302e-08,3.2134256595239e-08,2.52713206822891e-08,2.79480084379859e-08,1.25123056224696e-08,9.09133397787035e-09,2.80031440745442e-08,1.24524986546157e-08,2.93485085435196e-08,1.21803672201183e-08,2.47632253265857e-08,2.60397035593464e-08,2.51400570659875e-08,2.31832141018637e-08,2.16448423664141e-08,2.71816692069979e-08,2.81247783257011e-08,4.27614630239771e-08,2.55981236395767e-08,4.48295030750492e-08,4.1953531351942e-08,2.7757103822086e-08,4.94972784059918e-08,1.258650322112e-07,4.88387009709347e-08,9.86741890333614e-08,9.16274557786689e-08,4.36500698826474e-08,1.11677434718425e-07,4.10406865113463e-08,8.69431055798239e-08,8.12985649731121e-08,5.87305108772545e-08,8.94941138205698e-08,3.57388809395663e-08,2.05821361912313e-08,7.03535138857305e-08,2.63270451455427e-08,5.62792778803453e-08,3.34116003305748e-08,1.90595946117324e-08,2.24190293816022e-08,2.71132679818754e-08,2.08659547811626e-08,2.95458835957914e-08,1.7645289189205e-08,2.13886437959708e-08,1.05300280274882e-08,1.85425160632637e-08,2.30789372503476e-08,1.90879668027627e-08,1.93203224092694e-08,9.40534645982634e-09,8.89564997770879e-09,1.97864235592652e-08,9.73525014970636e-09,2.04611177166546e-08
2.76010215094866e-08,5.17785952420966e-08,9.66166508364158e-08,4.06752211980444e-08,8.15084376290926e-08,6.19301071270798e-08,5.66234010936547e-08,1.05126637274221e-07,1.1524957042648e-07,8.98428558124951e-08,1.79468416430858e-07,1.52160645508578e-07,1.1731793732865e-07,1.26314425092767e-07,7.00499268374367e-08,1.98661230434716e-07,1.05099874251603e-07,1.66000216252908e-07,1.10495659879493e-07,6.036169853756e-08,2.80321703020735e-08,9.14129883894428e-08,4.99589622283826e-08,7.77252750812796e-08,5.22395229421843e-08,2.43979165824986e-08,2.8868923931763e-08,4.3260521006169e-08,2.41638532743502e-08,4.04093967726616e-08,2.28928770730752e-08,2.85578132971416e-08,2.06495762716308e-08,2.27394093036042e-08,3.30182049257348e-08,2.76715913707591e-08,2.53611118950659e-08,1.82212520745959e-08,1.03818212161402e-08,2.86116894922627e-08,1.80357487572714e-08,2.95221574653582e-08,1.73173371709182e-08,9.10618002788796e-09,9.83382945259212e-09,1.64019718927122e-08,1.15552825287961e-08,1.83065825540015e-08,1.57843713103816e-08,3.18899704393616e-08,7.00452420524564e-08,2.80046596412047e-08,5.45553870682961e-08,4.0522719821633e-08,3.59817400774203e-08,7.51741226023748e-08,7.54585866345938e-08,5.94558003774815e-08,1.19365529688535e-07,1.00078420133458e-07,8.54592633868905e-08,8.31462517462858e-08,4.40707755063405e-08,1.3537635307134e-07,6.85412916257611e-08,1.09870389059094e-07,7.68748638736342e-08,4.12973066908576e-08,2.09014643400901e-08,6.41517643156751e-08,3.45335309269282e-08,5.2221932640419e-08,3.51100070907448e-08,1.64358972291893e-08,2.00877858274232e-08,3.10378435899127e-08,1.54316095115761e-08,2.48996612347126e-08,1.65005512264156e-08,1.91940521164884e-08,1.43018454514897e-08,1.71985272575712e-08,2.26861185148563e-08,2.01951639769506e-08,1.62338466179104e-08,1.15190784830202e-08,9.19411594452172e-09,1.8234525608922e-08,1.37603850794237e-08,2.09131690096299e-08,1.00051499085927e-08,8.231732988044e-09,7.43231709939326e-09,1.10603703089458e-08,9.36847089128172e-09,1.1184068771475e-08
2.7580538574918e-08,2.79652909138735e-08,4.91587201429492e-08,2.6205533027046e-08,4.94088976812567e-08,4.29192022271066e-08,3.17703216119986e-08,5.40344701135534e-08,1.2362539180318e-07,5.55300217062455e-08,9.64280868167528e-08,8.95843280000422e-08,5.97768615336017e-08,1.39839509961608e-07,1.40875391514312e-07,1.05099874251603e-07,2.26465553025212e-07,1.76670070814593e-07,1.21456889919804e-07,1.20029254948115e-07,5.33132667003449e-08,1.94553689416954e-07,8.63260249407012e-08,1.44584852411715e-07,1.01482482229136e-07,4.52702978657802e-08,2.72854445231763e-08,7.18363874139054e-08,3.99624298101681e-08,6.33562463315945e-08,3.86909127870301e-08,2.51945630425007e-08,3.22185735289406e-08,3.48812397970554e-08,2.85708469983643e-08,3.72911243056865e-08,2.26002750997177e-08,2.99792745744599e-08,1.44682270616855e-08,2.48650613969542e-08,3.47862001571031e-08,2.73005851495649e-08,2.67806057418241e-08,1.15146027581262e-08,1.14647906305867e-08,2.91805103550042e-08,1.36284968280934e-08,3.26134038510506e-08,2.22174387088885e-08,1.39311474715325e-08,3.43360467285441e-08,1.57466501933006e-08,3.27958733170493e-08,2.88417200153426e-08,1.60275273390301e-08,3.83684478135239e-08,7.85491691814655e-08,3.68706488606699e-08,6.19846165882434e-08,5.83270208769072e-08,4.19095233496639e-08,8.97748083567581e-08,9.66938737856441e-08,6.9962358962258e-08,1.53065293154485e-07,1.18553987066529e-07,8.20734212617262e-08,8.50326319027538e-08,3.78171716014536e-08,1.34067964579054e-07,5.95312994252799e-08,9.58604645232939e-08,6.99160858997931e-08,3.30470427430768e-08,2.0997820882718e-08,5.2454907302197e-08,2.34755962552156e-08,4.20647661042216e-08,3.03387481860472e-08,1.94255174551684e-08,1.91173095377466e-08,2.52154413968593e-08,1.92092755987614e-08,2.55605527336947e-08,1.72990516507138e-08,1.72835175667668e-08,9.09207605039027e-09,1.60022818696649e-08,2.30801751769139e-08,1.85819701064598e-08,1.62118049688117e-08,8.78219638227174e-09,8.31805034519565e-09,2.04133378139316e-08,9.06679967545608e-09,2.07096673689684e-08
2.92083797405819e-08,4.73834976014032e-08,8.70275031589652e-08,3.87390832040207e-08,7.330081099738e-08,5.74321095335567e-08,5.34876431711136e-08,9.57345420104837e-08,9.65808595163543e-08,8.25755515327942e-08,1.49427318374972e-07,1.24558264545944e-07,1.07985743833306e-07,1.05691979353431e-07,1.27959485939342e-07,1.66000216252908e-07,1.76670070814593e-07,2.50857335024631e-07,9.18220385869792e-08,1.08448181214301e-07,4.65774867505985e-08,1.51672223601376e-07,7.55161849878879e-08,1.09996337722589e-07,9.32121176564218e-08,3.96565087939407e-08,2.60436864967449e-08,6.40552593710276e-08,3.66990840924961e-08,5.83031639301886e-08,3.45511164156387e-08,2.46299951394573e-08,3.48484697211549e-08,3.26832728682667e-08,2.84081974174339e-08,3.42143554583009e-08,2.22199089555463e-08,3.24955965308176e-08,1.61380605677725e-08,2.47330061236053e-08,3.558826084442e-08,2.58835482504879e-08,2.84617496758949e-08,1.20901856505813e-08,1.13859861668502e-08,2.87767504570683e-08,1.3610944607538e-08,3.15320246321788e-08,1.86119992422081e-08,2.81867681926614e-08,6.19517469513023e-08,2.72050883150924e-08,4.74590445420088e-08,3.79152203068257e-08,3.11599529211053e-08,6.95919468501408e-08,6.41437591489723e-08,5.39358450831762e-08,9.72700443748234e-08,7.93997690256041e-08,8.15340375392753e-08,7.22700497004633e-08,8.38034525402364e-08,1.1438644698727e-07,1.15625308447574e-07,1.65651928635621e-07,6.5590002591166e-08,7.43576066242865e-08,3.20566100290248e-08,1.03683980332144e-07,5.21257310534993e-08,7.31836636205647e-08,6.25138678472283e-08,2.64205789915095e-08,2.13758563599532e-08,4.65628199278635e-08,2.0932396925273e-08,3.87029584729343e-08,2.54978417546218e-08,1.97431645190981e-08,2.15695375033405e-08,2.25741188229817e-08,1.95395705624195e-08,2.29358555451933e-08,1.76848021311552e-08,1.97737153605784e-08,9.76595850221949e-09,1.59777049901358e-08,2.41096598438651e-08,1.72602591103142e-08,1.75287618333211e-08,9.00953274811478e-09,8.67743721308344e-09,1.93483140426253e-08,9.43774438766782e-09,1.91293078056269e-08
2.28015627660114e-08,2.40877356176406e-08,4.68552571881082e-08,2.18215956929676e-08,4.47916482368177e-08,3.91344707843485e-08,2.66627482175611e-08,5.04589212106647e-08,1.30476008788585e-07,4.88778674974353e-08,1.01461338753587e-07,9.10024933570994e-08,5.49092262561706e-08,1.4631427071981e-07,6.55664203789791e-08,1.10495659879493e-07,1.21456889919804e-07,9.18220385869792e-08,1.62253159014168e-07,7.15535685534444e-08,3.33435187673342e-08,1.35014940385268e-07,5.9099785331252e-08,1.17174084939362e-07,6.0691205330696e-08,2.85898633627036e-08,2.86517404215404e-08,4.974765399845e-08,2.72672420739079e-08,4.60459639358364e-08,2.51808022239328e-08,2.77656932698766e-08,2.01959990822599e-08,2.48883042390778e-08,3.08889539192414e-08,2.87339366151582e-08,2.49538095037921e-08,1.8161903431216e-08,1.15729080999583e-08,2.74925591636718e-08,1.9829663708602e-08,2.87495694155817e-08,1.66203313493674e-08,9.03740367313314e-09,9.48873203573424e-09,1.75556750807187e-08,1.15258867667149e-08,1.95871927054213e-08,1.76009386485601e-08,1.28608109352574e-08,3.19940851215544e-08,1.28884246515779e-08,2.95127545333555e-08,2.48879479296859e-08,1.56691007697426e-08,3.42646521186611e-08,9.05076303638167e-08,3.21583437131276e-08,6.64008798015165e-08,6.27868329124999e-08,3.69258759137022e-08,1.00334779837287e-07,4.53779815085479e-08,7.2765257688278e-08,8.30885361658215e-08,6.21767562243121e-08,1.10215358051041e-07,5.16182779488588e-08,2.71283983986946e-08,9.1136009599876e-08,4.33383090107505e-08,7.59587243542086e-08,4.32385913722427e-08,2.31417564001014e-08,1.97314864179946e-08,3.84453208437293e-08,1.79320898816214e-08,3.07811552109827e-08,2.01354571969353e-08,1.87545866925117e-08,1.27634784220328e-08,1.87110622792673e-08,1.86948589073879e-08,1.96096827930533e-08,1.62028266952642e-08,1.021716583653e-08,1.00361345535126e-08,1.59658928908159e-08,1.55380725124507e-08,2.02843693859851e-08,8.95146634138342e-09,8.4673900827565e-09,6.48575129626915e-09,1.39933035733334e-08,9.1595210938613e-09,1.2882242607005e-08
