7.17750276394658e-08,3.48745431433797e-08,1.7584911371526e-08,5.69766782756022e-08,3.24299247530554e-08,5.22112613960391e-08,3.14565770621491e-08,1.5694281500842e-08,1.41826113178485e-08,2.9168976356945e-08,1.62987851586456e-08,2.82242793505084e-08,1.45759031241561e-08,1.36116845630013e-08,1.07332011455684e-08,1.50465154129486e-08,1.49651558220721e-08,1.53476051787717e-08,1.24503320022286e-08,1.00661450608465e-08,8.24285214332942e-09,1.39122487688753e-08,1.02004343757274e-08,1.34193346407582e-08,9.79812081943542e-09,7.92818358812729e-09,7.0489937632421e-09,9.84898654107918e-09,8.03916086805951e-09,9.53900305489174e-09,7.78845683030706e-09,7.01775847759943e-09,6.54796168549079e-09,7.94474477426607e-09,8.19283526549124e-09,9.28132257727475e-09,6.26711940295057e-09,5.60011647469348e-09,5.23993035472959e-09,7.28597909631012e-09,6.86236295808803e-09,8.48682776123662e-09,5.25477827435577e-09,4.74657193345248e-09,4.42094978901476e-09,6.2246505519121e-09,5.8866740206564e-09,7.19856235791775e-09,5.49549838877385e-08,2.57592527058926e-08,1.4351277729095e-08,4.45513091742658e-08,2.46770110574167e-08,4.26173078256949e-08,2.29188263481769e-08,1.25652145619536e-08,1.10562297440391e-08,2.22281280563519e-08,1.26123671314347e-08,2.15415933512184e-08,1.1793824383858e-08,1.04976187917548e-08,7.97204599992413e-09,1.15722267193326e-08,1.14832572642185e-08,1.14194911869533e-08,9.5994744651336e-09,7.5281484047821e-09,6.75116758219742e-09,1.06793569085982e-08,7.6853466943533e-09,1.02316983660606e-08,7.52348986487431e-09,6.37311308400326e-09,5.29190770577958e-09,7.61641591955747e-09,6.57823524004643e-09,7.79177987777265e-09,6.1911019614899e-09,5.14590248793093e-09,4.76127152972409e-09,6.35258745661103e-09,6.29210921084926e-09,7.9011967383968e-09,4.81333429702865e-09,4.22941865550443e-09,4.24857735711982e-09,5.84087439498796e-09,5.08562949654341e-09,6.48690769578813e-09,3.89153115865371e-09,3.840489572386e-09,3.12944820672308e-09,4.63471868495953e-09,4.40797320729692e-09,5.46498094067812e-09
3.48745431433797e-08,1.09594019664771e-07,4.05461228893816e-08,6.26685135156225e-08,9.12643198342338e-08,5.11485974811287e-08,9.81356507776777e-08,3.54645233281398e-08,1.76847514171342e-08,8.15098669661053e-08,3.20939670695588e-08,7.41521661746843e-08,3.29554758608499e-08,1.64014738649816e-08,1.87585986187038e-08,2.94813460782325e-08,1.82973401723982e-08,2.86029413769573e-08,1.48350585887814e-08,1.75177600804866e-08,1.13911674873856e-08,1.65164295381422e-08,1.84624640689576e-08,1.58147152933289e-08,1.7052733994223e-08,1.12884397320378e-08,9.05495356458602e-09,1.79165843700507e-08,1.2027407951425e-08,1.84929424090115e-08,1.10576080759655e-08,9.12822981119774e-09,8.80944507235039e-09,1.17507861872567e-08,1.03878114796572e-08,1.2876765644098e-08,8.28853486972769e-09,7.80025567895473e-09,7.48789228770985e-09,9.33140562898387e-09,9.23796801281924e-09,1.10660476335714e-08,7.24340444493973e-09,6.8809361153308e-09,6.00817237155898e-09,8.60368447753582e-09,8.22413162566192e-09,1.01398711115471e-08,2.55133106181783e-08,7.49364423149914e-08,3.15252100584421e-08,4.70619192220836e-08,6.15583155991133e-08,3.98194121875358e-08,6.75539036305864e-08,2.78076568962346e-08,1.29601352979123e-08,5.56165478327299e-08,2.58476296347723e-08,5.04060401353171e-08,2.60051579750001e-08,1.18092836481371e-08,1.45318881207502e-08,2.39439953925994e-08,1.33797388457069e-08,2.18255729905093e-08,1.06408774471836e-08,1.34553348187952e-08,8.79795253023792e-09,1.20378162130239e-08,1.47450502653354e-08,1.2285498622366e-08,1.33124150687921e-08,8.74868253865004e-09,6.51721349875665e-09,1.46412408769277e-08,9.24031406089593e-09,1.4958802090812e-08,8.52266749857986e-09,6.52199033905735e-09,6.86463947903209e-09,8.84267891154562e-09,8.15561260169276e-09,1.00497549749298e-08,6.08262455423601e-09,6.11174223174224e-09,5.65720040002891e-09,7.55694038610134e-09,6.77755511910833e-09,8.4380752468062e-09,5.52834574566714e-09,5.42750544927316e-09,4.88587760359455e-09,6.40166719096475e-09,6.7849122504625e-09,8.02197626367253e-09
1.7584911371526e-08,4.05461228893816e-08,8.60161535016288e-08,3.20434744469428e-08,6.96871891243383e-08,5.7396288162662e-08,3.54898219115713e-08,7.42421559484709e-08,3.30972573840315e-08,5.98542793145911e-08,6.04651493511413e-08,4.96682750213555e-08,6.91866913731166e-08,3.07498892356877e-08,1.74617524419064e-08,5.60223209600839e-08,2.96867534414282e-08,5.11874258252207e-08,2.79968987816107e-08,1.6161869711618e-08,1.42546944718784e-08,2.70067209979206e-08,1.66938228234021e-08,2.52126035014345e-08,1.53561801141071e-08,1.3670921009906e-08,9.03097179825626e-09,1.5626094154324e-08,1.42795703432426e-08,1.52934838510139e-08,1.32766975539719e-08,8.8462876196465e-09,8.65300626652308e-09,1.37654986690683e-08,1.04828256823433e-08,1.49672486704817e-08,8.17297300587967e-09,7.6712884629081e-09,6.61029717183842e-09,9.26016485683873e-09,8.94360663143737e-09,1.02756249342753e-08,7.07100962809396e-09,6.20190303517142e-09,5.65842318829947e-09,8.53959945877653e-09,7.37606042667878e-09,9.27543901622208e-09,1.24748266461779e-08,3.09233779182629e-08,6.44018885072905e-08,2.51648658946258e-08,5.07785558436714e-08,4.36397051981298e-08,2.73298888750939e-08,5.61657919524939e-08,2.63710089924223e-08,4.4379785491252e-08,4.83646925708974e-08,3.9099090825352e-08,5.24469251903343e-08,2.45072694207889e-08,1.34780767738456e-08,4.48060477185223e-08,2.29144526399084e-08,3.92419487541703e-08,2.25672997672315e-08,1.2392544005405e-08,1.00411978317302e-08,2.13126306652209e-08,1.3182331695197e-08,2.04372070086544e-08,1.19555350705502e-08,9.55578329320004e-09,7.18134791419395e-09,1.26974740479043e-08,1.00580404221216e-08,1.24251632217129e-08,9.35108407563355e-09,6.98113235035378e-09,6.46309745736147e-09,9.653913792044e-09,8.30704666254166e-09,1.04168152605226e-08,6.51715086239339e-09,5.80266576691351e-09,5.08441338071417e-09,7.36037841309281e-09,6.79140108281232e-09,8.21960363310952e-09,5.09349363874372e-09,4.92348358409771e-09,4.57750206120666e-09,6.33477148347696e-09,6.21730517959583e-09,7.44743451013146e-09
5.69766782756022e-08,6.26685135156225e-08,3.20434744469428e-08,9.05071619718933e-08,5.04963140044599e-08,7.36413066385219e-08,5.58571322423208e-08,2.80520287610997e-08,1.6351296756226e-08,4.48032135802296e-08,2.66388127717914e-08,4.14034499473415e-08,2.59797102369764e-08,1.50884083905505e-08,1.74948784806361e-08,2.43863250691689e-08,1.65407340198403e-08,2.39757525739757e-08,1.36578813998952e-08,1.64847551681977e-08,1.10312430130001e-08,1.52210191782185e-08,1.73697545211234e-08,1.48352352845433e-08,1.57791290102035e-08,1.06874218547225e-08,8.8416137314085e-09,1.6615669696994e-08,1.11693491140368e-08,1.68407136828722e-08,1.05623478506955e-08,8.77200720578264e-09,8.13077647109027e-09,1.09638695608496e-08,9.85179964642622e-09,1.22084289303336e-08,8.06279600134231e-09,7.40031715255859e-09,6.76461753087504e-09,9.06682681178973e-09,9.20016971678364e-09,1.09059996053775e-08,6.93865180273128e-09,6.18331211820901e-09,5.58622009500769e-09,8.44021272646126e-09,7.60707458187851e-09,9.7268693722247e-09,4.29992554536786e-08,4.71665476271749e-08,2.57743480880921e-08,7.01131434358907e-08,3.87687559646444e-08,5.91138382011711e-08,4.22501507127599e-08,2.24902969522761e-08,1.19776187501765e-08,3.45479158353756e-08,2.04761100856562e-08,3.16966744171713e-08,2.09422944690103e-08,1.09379275702085e-08,1.29495939220599e-08,1.87328732526215e-08,1.20638969213658e-08,1.78746041404681e-08,1.0120184034897e-08,1.2235634641263e-08,9.07402572946341e-09,1.1264570914597e-08,1.41030067152951e-08,1.17857715071122e-08,1.19826523207309e-08,8.80866695961655e-09,7.10016709814637e-09,1.38786285575971e-08,9.08962978329831e-09,1.41415162509481e-08,8.59995370103022e-09,6.97992978670641e-09,6.35360781055306e-09,8.816684803381e-09,7.99607501758733e-09,9.76342380618188e-09,6.52996772907959e-09,5.97730469462473e-09,5.32235565666832e-09,7.57975225303311e-09,6.87008795586206e-09,8.48371207827464e-09,5.35076885600809e-09,4.92216495356061e-09,4.50648356663232e-09,6.41202549786002e-09,6.36291848875811e-09,8.01586257115448e-09
3.24299247530554e-08,9.12643198342338e-08,6.96871891243383e-08,5.04963140044599e-08,1.33456226075712e-07,8.08290451360154e-08,8.15277692000433e-08,5.98334317417887e-08,3.09380699649064e-08,1.168058337762e-07,4.98235808901704e-08,1.00440970196635e-07,5.5590276921318e-08,2.86146566802934e-08,1.91518433208375e-08,4.57728230059094e-08,2.87348966744292e-08,4.23390628950963e-08,2.59275379832262e-08,1.75074598324703e-08,1.58659785953383e-08,2.59396251350145e-08,1.8246834914297e-08,2.45426263384045e-08,1.69546297086409e-08,1.56297615175587e-08,1.0829269675699e-08,1.75596496714466e-08,1.64193602326003e-08,1.73403881273803e-08,1.53707404029248e-08,1.09048685023031e-08,1.0003504338659e-08,1.60273456574649e-08,1.21816454424097e-08,1.71313927379258e-08,1.00673723202557e-08,8.72472290864991e-09,8.34260584186063e-09,1.08823337135889e-08,1.04211648097614e-08,1.25952452200094e-08,8.12775028671778e-09,7.59838962959287e-09,6.89728794254204e-09,9.84538957999772e-09,9.29190019010435e-09,1.13139880808462e-08,2.36201233856318e-08,6.19436059761848e-08,5.25803330946494e-08,3.86351118958897e-08,8.94050360016709e-08,6.19241590313186e-08,5.55014581381517e-08,4.63220340021248e-08,2.33208107965353e-08,7.95141488996758e-08,4.05437779672926e-08,7.05468387916817e-08,4.34330363325298e-08,2.1434811181212e-08,1.53459274720133e-08,3.75660946643538e-08,2.11666154891709e-08,3.26887403788625e-08,1.96054696744481e-08,1.40348243552805e-08,1.11251231673312e-08,1.95798417911593e-08,1.46584682364668e-08,1.96430615619782e-08,1.36950533533763e-08,1.09909892729461e-08,7.90953394484749e-09,1.43815242514135e-08,1.2121545641557e-08,1.40727867793255e-08,1.08458666490767e-08,7.7997319555285e-09,7.49098605781451e-09,1.17334324556812e-08,9.2202396739215e-09,1.23257969881987e-08,7.3768302332662e-09,6.59053029010607e-09,6.16460640656505e-09,8.34542845387954e-09,7.392356535656e-09,9.24223707998971e-09,5.99429511531757e-09,5.91606180845202e-09,5.91347273271965e-09,7.04840010702286e-09,7.76167753229013e-09,8.94634102756922e-09
5.22112613960391e-08,5.11485974811287e-08,5.7396288162662e-08,7.36413066385219e-08,8.08290451360154e-08,1.10407167619638e-07,4.52732384466437e-08,4.8735452571532e-08,2.63120175069965e-08,6.98001275522317e-08,4.04132397723134e-08,5.84458520789715e-08,4.53263379934255e-08,2.4489705066353e-08,1.67530304466587e-08,3.72445209848073e-08,2.47498143689607e-08,3.48441038342471e-08,2.21871468159036e-08,1.55550978223053e-08,1.50315405634274e-08,2.26342824105219e-08,1.62596161852095e-08,2.17364131450257e-08,1.48912059057148e-08,1.45159268472925e-08,1.06061003871911e-08,1.54993671569206e-08,1.5608552141842e-08,1.52364488744331e-08,1.43352559600171e-08,1.05826554384798e-08,9.3906857385019e-09,1.53481165089274e-08,1.16956771174901e-08,1.67889704851578e-08,9.79304537522971e-09,8.47283296480534e-09,7.68220709783276e-09,1.07703356117685e-08,1.03572003847718e-08,1.24954604681123e-08,7.87362440895615e-09,7.23407081134666e-09,6.65358365827138e-09,9.75646367543359e-09,8.89458627192914e-09,1.12676021348184e-08,3.98806087597811e-08,3.85951301604197e-08,4.4745663438368e-08,5.72673108010378e-08,6.10053294967084e-08,8.74834661505112e-08,3.42277085530195e-08,3.83281352559587e-08,2.03479937944349e-08,5.3432265443688e-08,3.18175649120406e-08,4.5257894531931e-08,3.58076516494947e-08,1.89136761224903e-08,1.25667954644141e-08,2.94120761570235e-08,1.90790915342085e-08,2.66648012500845e-08,1.74499430407382e-08,1.16939533765485e-08,1.12569582330104e-08,1.7947948681739e-08,1.29561274127321e-08,1.85595205250461e-08,1.15198248357133e-08,1.0910902539619e-08,8.62862910826879e-09,1.28703600040253e-08,1.1982724260326e-08,1.26432134402234e-08,1.0748388467838e-08,8.49351295656338e-09,7.25189179288201e-09,1.16920190356127e-08,9.4425123356559e-09,1.27458834048814e-08,7.92980643737981e-09,6.62613420521136e-09,6.21009206739688e-09,8.75511693454655e-09,7.67068962582332e-09,9.65599962702537e-09,5.84917693950344e-09,6.00245329884113e-09,5.64267236030009e-09,7.26587952024664e-09,7.69032965596998e-09,9.12259637467104e-09
3.14565770621491e-08,9.81356507776777e-08,3.54898219115713e-08,5.58571322423208e-08,8.15277692000433e-08,4.52732384466437e-08,1.30458885138221e-07,4.41492877093231e-08,2.12127678707113e-08,1.12590421812546e-07,4.08834971560956e-08,1.04885652369189e-07,4.10996034571066e-08,1.94919193461933e-08,2.12373031987094e-08,3.77867604761929e-08,2.20862826037553e-08,3.75400543985446e-08,1.71414173025621e-08,1.96966146340999e-08,1.25899410878195e-08,1.95054009256239e-08,2.04489615300929e-08,1.85308435664138e-08,1.92524915276455e-08,1.24657613526786e-08,1.02888178021634e-08,1.99608923494017e-08,1.36366710576993e-08,2.10122158505781e-08,1.223284589911e-08,1.03149641738518e-08,9.95492499200383e-09,1.33197340202545e-08,1.14834307237829e-08,1.44393976013104e-08,9.27429665218541e-09,8.88338985804133e-09,8.37288259898873e-09,1.0286815725587e-08,1.07229226319869e-08,1.22585706960386e-08,8.00351886628492e-09,7.38957911261631e-09,6.52388174995159e-09,9.4558639313316e-09,9.11911359128715e-09,1.14178303870344e-08,2.34326354205814e-08,6.75405590382964e-08,2.78172002169778e-08,4.27725696209923e-08,5.56037533538746e-08,3.59355702059857e-08,9.24313778873251e-08,3.43305091573445e-08,1.5942844308833e-08,7.95889235926973e-08,3.31321279396688e-08,7.52892848503916e-08,3.21253161114224e-08,1.41664435519154e-08,1.64868403402724e-08,3.07347364269579e-08,1.63121470667267e-08,2.9290301946861e-08,1.24438707614733e-08,1.52978044484879e-08,9.76991092931467e-09,1.45001910739166e-08,1.65059388938036e-08,1.44775107078309e-08,1.51840713966525e-08,9.6383554253891e-09,7.40818407746641e-09,1.63816694506109e-08,1.04035120398858e-08,1.69393118679305e-08,9.36554672357024e-09,7.36615483088186e-09,8.03396329924534e-09,1.00443856179015e-08,9.01619171992981e-09,1.1090885392249e-08,6.85575828602387e-09,7.12398198938654e-09,6.58160672358886e-09,8.37994915655802e-09,8.25741097963551e-09,9.5907547786285e-09,6.43305845583094e-09,5.98200543768834e-09,5.35163018840925e-09,7.48631369039032e-09,7.79355050338478e-09,9.40922025723314e-09
1.5694281500842e-08,3.54645233281398e-08,7.42421559484709e-08,2.80520287610997e-08,5.98334317417887e-08,4.8735452571532e-08,4.41492877093231e-08,8.7486519035448e-08,3.84986278082909e-08,7.4046944917527e-08,7.13796839938437e-08,6.22055801852866e-08,8.09912653927079e-08,3.54668193743247e-08,1.97284722588446e-08,6.57791004759267e-08,3.4075656800216e-08,6.0489738138095e-08,3.22089214676454e-08,1.81547377927804e-08,1.56740572031878e-08,3.0970066825918e-08,1.87723136569258e-08,2.88357413700118e-08,1.71800787775086e-08,1.50011881099727e-08,1.00824544262412e-08,1.75551468576008e-08,1.59791170483631e-08,1.74263783532255e-08,1.45774444711775e-08,9.84626341492181e-09,9.5998284633222e-09,1.54244076314443e-08,1.15314604545126e-08,1.67098566797693e-08,8.92638580688571e-09,8.48897801451327e-09,7.40529215449079e-09,1.00869929824398e-08,1.00333175289473e-08,1.12727529776702e-08,7.36292317530289e-09,6.51047235945449e-09,5.94481430277594e-09,8.66494203774841e-09,8.04089914752192e-09,9.75382101521886e-09,1.15176258147648e-08,2.73024407430775e-08,5.61606013119673e-08,2.24189814465722e-08,4.43485903357273e-08,3.73734590837003e-08,3.30368715609551e-08,6.63565819744845e-08,3.08896019624702e-08,5.42701319163198e-08,5.73887324545304e-08,4.88539958057429e-08,6.15443554852963e-08,2.85020577745e-08,1.53540457543314e-08,5.28547927118935e-08,2.65473777889947e-08,4.67831507198773e-08,2.6237321185905e-08,1.40384414070374e-08,1.12732458593058e-08,2.46532529123209e-08,1.51099407103962e-08,2.3599880147054e-08,1.33733762347831e-08,1.06388492226371e-08,7.93232433728624e-09,1.44459266388918e-08,1.14135343072285e-08,1.42740733839511e-08,1.04079382377727e-08,7.65954915889393e-09,7.30791150850414e-09,1.09904440480077e-08,9.13639711139462e-09,1.13784009377635e-08,6.92465639486575e-09,6.52296014742197e-09,5.76316588851607e-09,7.9639895218149e-09,7.92572145392349e-09,9.19200305883662e-09,5.55908366093293e-09,5.17699750572489e-09,4.61065656519331e-09,6.92393945191557e-09,6.46760790755894e-09,7.97425227631169e-09
1.41826113178485e-08,1.76847514171342e-08,3.30972573840315e-08,1.6351296756226e-08,3.09380699649064e-08,2.63120175069965e-08,2.12127678707113e-08,3.84986278082909e-08,9.05839576361224e-08,3.80884643613219e-08,7.16867829834573e-08,6.76746518230907e-08,3.5470265294748e-08,8.25263574446202e-08,3.88973102059245e-08,6.4802054295189e-08,6.86704449972854e-08,5.46942270324645e-08,7.49946991240143e-08,3.56596991244393e-08,1.74981013181027e-08,6.23914628879837e-08,3.21854021746221e-08,5.50699634710833e-08,3.35699940892825e-08,1.64459055963996e-08,1.39336624814479e-08,3.00843309858495e-08,1.65782633277771e-08,2.87836416369962e-08,1.54914941936183e-08,1.34755296514999e-08,1.01268516962407e-08,1.57052491103079e-08,1.4361243632596e-08,1.67061442304712e-08,1.21544009963679e-08,8.85938522153586e-09,7.88923612106418e-09,1.28467228470337e-08,1.02398151585486e-08,1.41287258634229e-08,8.02288651496978e-09,6.95277431682051e-09,6.56113115026232e-09,9.16473723793815e-09,7.87160538243968e-09,9.98147648134427e-09,1.09521517628275e-08,1.27440585702326e-08,2.47101977404332e-08,1.25735723091652e-08,2.29606350660118e-08,2.08024660307014e-08,1.62599572540058e-08,2.8994378278269e-08,6.98611414955382e-08,2.94400744930566e-08,5.45594781414001e-08,5.27158784681556e-08,2.69574105128237e-08,6.38235569474967e-08,2.95951068970197e-08,4.93076290557211e-08,5.23792540072775e-08,4.09540370949493e-08,5.83356319100209e-08,2.73103918385107e-08,1.25680980154696e-08,4.8039334109854e-08,2.5141682520041e-08,4.35282637731613e-08,2.5826173667136e-08,1.20730514934068e-08,1.00932890648254e-08,2.36160932829553e-08,1.26073571297363e-08,2.34572834905086e-08,1.13714617824272e-08,9.50522280630147e-09,7.45726431841112e-09,1.2039011305488e-08,1.02414322342041e-08,1.25716159762094e-08,8.61919093327152e-09,6.71538316264037e-09,5.87178652424733e-09,9.32124957455861e-09,7.56275872145841e-09,1.01074858952333e-08,6.00175720518497e-09,5.43134406149956e-09,5.1949300418664e-09,6.90042161534179e-09,6.37814888281835e-09,7.81800237608496e-09
2.9168976356945e-08,8.15098669661053e-08,5.98542793145911e-08,4.48032135802296e-08,1.168058337762e-07,6.98001275522317e-08,1.12590421812546e-07,7.4046944917527e-08,3.80884643613219e-08,1.581837315233e-07,6.2805220569761e-08,1.39460909130477e-07,6.85683661731715e-08,3.47695622464468e-08,2.26880775321052e-08,5.76608103843793e-08,3.53271322966519e-08,5.45996732783345e-08,3.10934669527168e-08,2.05919155765952e-08,1.78049831913532e-08,3.1498502473991e-08,2.11590759967903e-08,2.97372564328362e-08,1.98756539707784e-08,1.74717995221519e-08,1.26577417044739e-08,2.03538800614126e-08,1.90952691688265e-08,2.03341249329466e-08,1.71864038758731e-08,1.26232187287973e-08,1.17911491953155e-08,1.862735490607e-08,1.39497974021349e-08,1.97879021521267e-08,1.14839159778076e-08,1.0341197620112e-08,9.60553656979433e-09,1.23801609419971e-08,1.23615804100855e-08,1.42431888089444e-08,9.17499160141532e-09,8.41621081516185e-09,7.70283652763404e-09,1.08344794814358e-08,1.06363209775461e-08,1.28740262301374e-08,2.17195660108863e-08,5.54710380459794e-08,4.63262251859229e-08,3.49415686351629e-08,7.94815305989889e-08,5.4890330376254e-08,7.97887692212752e-08,5.74396942637302e-08,2.93402796025479e-08,1.11870736629564e-07,5.14604573628378e-08,1.03192491263331e-07,5.36546172490352e-08,2.64521108005892e-08,1.80203970826989e-08,4.74060664262105e-08,2.64619406806501e-08,4.27069472952786e-08,2.3969242250292e-08,1.65466349735311e-08,1.2595185112404e-08,2.40866765757342e-08,1.72044217344514e-08,2.4022248789985e-08,1.60474904827968e-08,1.23155281107504e-08,9.2653651368526e-09,1.67768171286523e-08,1.40403668750456e-08,1.64679311571321e-08,1.21435733364713e-08,9.04473354602132e-09,9.31157529357384e-09,1.36747619333583e-08,1.06904332849603e-08,1.40774855593478e-08,8.36354527686034e-09,8.14199163569466e-09,7.45001426776865e-09,9.59946824533106e-09,9.36769726780658e-09,1.08858216019288e-08,7.20769407725107e-09,6.8833709241786e-09,6.31294479370993e-09,8.43758257853645e-09,8.92751934219733e-09,1.05040452759861e-08
1.62987851586456e-08,3.20939670695588e-08,6.04651493511413e-08,2.66388127717914e-08,4.98235808901704e-08,4.04132397723134e-08,4.08834971560956e-08,7.13796839938437e-08,7.16867829834573e-08,6.2805220569761e-08,1.14165710941994e-07,9.86038319433474e-08,6.57831844602272e-08,6.48010917391313e-08,3.44974956779297e-08,1.03532670219261e-07,5.48829744683422e-08,8.80819407443908e-08,5.90425531488872e-08,3.15695785871435e-08,1.78998719050579e-08,5.0077853648116e-08,2.98317135033306e-08,4.46204729247895e-08,2.96113067304793e-08,1.65511355991333e-08,1.58432833515193e-08,2.76333463278726e-08,1.7317222695921e-08,2.6831028161087e-08,1.56603584580866e-08,1.51614464795865e-08,1.20735457564128e-08,1.63235289080083e-08,1.67861402176633e-08,1.79447475860347e-08,1.36638506505174e-08,1.05406566192428e-08,8.95302643677135e-09,1.4803633747648e-08,1.23516305442276e-08,1.63053415669661e-08,9.50812809468045e-09,7.94196409345435e-09,7.48025569496759e-09,1.09441727689959e-08,9.31717793033121e-09,1.17762445577171e-08,1.26922585811737e-08,2.33996364951427e-08,4.57394630440228e-08,2.04634964891115e-08,3.71040577853484e-08,3.1379229115487e-08,2.93774493296599e-08,5.44373278038506e-08,5.60299108737895e-08,4.69000066523053e-08,8.84300228169074e-08,7.55527553766197e-08,5.04433253256624e-08,5.09957576004668e-08,2.625236665181e-08,8.03890074065564e-08,4.21235323265926e-08,6.72319205376717e-08,4.69807127940885e-08,2.43106238853809e-08,1.27662976467639e-08,3.89538357876067e-08,2.39463781614913e-08,3.56930197988906e-08,2.27838293178239e-08,1.2072702621072e-08,1.174013058854e-08,2.2433123568516e-08,1.27576450699525e-08,2.20524414433036e-08,1.1343601217215e-08,1.10765316348584e-08,8.88462480708892e-09,1.20172642345928e-08,1.19711271459155e-08,1.31839346457133e-08,9.97955914220659e-09,7.86665266697172e-09,6.9569901492389e-09,1.06203148541757e-08,9.20550842637353e-09,1.19930852388555e-08,7.13778092103234e-09,6.43570511276445e-09,5.95678525011711e-09,8.33230250073667e-09,7.63811195575478e-09,9.2405415400488e-09
2.82242793505084e-08,7.41521661746843e-08,4.96682750213555e-08,4.14034499473415e-08,1.00440970196635e-07,5.84458520789715e-08,1.04885652369189e-07,6.22055801852866e-08,6.76746518230907e-08,1.39460909130477e-07,9.86038319433474e-08,1.91870223976238e-07,5.70941615452276e-08,6.06935523124987e-08,3.4831415506219e-08,8.90364705922282e-08,5.2872061060121e-08,7.68876194545602e-08,5.46409858651558e-08,3.16228481054441e-08,1.8364357896194e-08,4.75061450300905e-08,3.03285069291785e-08,4.31958627197975e-08,2.9874747463728e-08,1.75038235593792e-08,1.80850485202054e-08,2.86012145831531e-08,1.85056066320779e-08,2.7190372882581e-08,1.68294935533615e-08,1.76944366139314e-08,1.41258244227922e-08,1.78372028510962e-08,1.91291844199648e-08,1.90597531757036e-08,1.59944340846472e-08,1.23173714430435e-08,1.11677481325804e-08,1.69906250304773e-08,1.49266983252046e-08,1.92869267766704e-08,1.13821649313089e-08,1.00702406161186e-08,9.00011344696909e-09,1.35049501606774e-08,1.19229763262252e-08,1.49511313885567e-08,2.11586247155317e-08,4.7428042725302e-08,3.8541886180029e-08,3.10287393363227e-08,6.81613209955909e-08,4.6469403617183e-08,7.20382979327666e-08,4.83271480935178e-08,5.21191627498203e-08,9.94911432481346e-08,7.73010720239022e-08,1.41076665306805e-07,4.50111638166666e-08,4.6495707391365e-08,2.74052682235944e-08,7.03571112338625e-08,3.98436742813096e-08,5.89185045112252e-08,4.23962767922493e-08,2.54445366917632e-08,1.33684347140493e-08,3.64251223712094e-08,2.50057431845788e-08,3.46738074782033e-08,2.40385106801559e-08,1.29788013908379e-08,1.26251388141974e-08,2.37992375880241e-08,1.40249473654276e-08,2.25441484440846e-08,1.21965348941564e-08,1.20840819899002e-08,1.13102430135878e-08,1.34759176877357e-08,1.36302737428822e-08,1.45334953900933e-08,1.11204193183099e-08,9.87622717751697e-09,9.01890812729334e-09,1.24308213069868e-08,1.11060693459447e-08,1.38084318041481e-08,9.05024884003439e-09,8.3676916663646e-09,7.30437243618425e-09,1.01430075915209e-08,9.90469745935984e-09,1.16332256704171e-08
1.45759031241561e-08,3.29554758608499e-08,6.91866913731166e-08,2.59797102369764e-08,5.5590276921318e-08,4.53263379934255e-08,4.10996034571066e-08,8.09912653927079e-08,3.5470265294748e-08,6.85683661731715e-08,6.57831844602272e-08,5.70941615452276e-08,9.18013228588011e-08,3.88842147713846e-08,2.18040487938602e-08,7.3141688179428e-08,3.73989578145293e-08,6.73472639085137e-08,3.50622895909095e-08,2.00428272937804e-08,1.73147384337248e-08,3.37018101849267e-08,2.08959988647959e-08,3.15854532843929e-08,1.89305340706136e-08,1.65787769176478e-08,1.11427023656877e-08,1.95996422191952e-08,1.78825354675588e-08,1.89712094336029e-08,1.6141255183037e-08,1.07751403937109e-08,1.06412849228615e-08,1.72628966190299e-08,1.28617206821277e-08,1.85103255067327e-08,9.78817685134508e-09,9.32721240716739e-09,8.15424853061277e-09,1.11966295898922e-08,1.08635934007655e-08,1.23121995571397e-08,8.15090165855309e-09,7.05748279586222e-09,6.53945703119539e-09,9.33766157188514e-09,8.49291854325235e-09,1.06921885378017e-08,1.07151798004624e-08,2.54414917249609e-08,5.24396800885822e-08,2.07777318985812e-08,4.1451603241193e-08,3.50133117805035e-08,3.07744789543938e-08,6.15436844708937e-08,2.85025863510587e-08,5.05992270500535e-08,5.28574480258976e-08,4.491523549306e-08,6.87645773127036e-08,3.12282000319751e-08,1.67842954571134e-08,5.90305011811594e-08,2.87082381756818e-08,5.1704184759803e-08,2.88085620616059e-08,1.53521180695919e-08,1.22694926105542e-08,2.67129962209945e-08,1.67799159792144e-08,2.58150639886676e-08,1.45918181103855e-08,1.15750234368142e-08,8.60166927058374e-09,1.60369394919555e-08,1.28696644085812e-08,1.55352718476272e-08,1.13074629182459e-08,8.28680624423119e-09,8.37557391028587e-09,1.23743631032384e-08,1.043101237296e-08,1.29632125764791e-08,7.51376968025546e-09,7.41151338980116e-09,6.39357675381178e-09,9.07576873767304e-09,8.40907872531211e-09,9.75194226109713e-09,6.37061019884535e-09,5.73265400652217e-09,5.17542288467358e-09,7.39774302329758e-09,6.76051540398836e-09,8.77284970476491e-09
1.36116845630013e-08,1.64014738649816e-08,3.07498892356877e-08,1.50884083905505e-08,2.86146566802934e-08,2.4489705066353e-08,1.94919193461933e-08,3.54668193743247e-08,8.25263574446202e-08,3.47695622464468e-08,6.48010917391313e-08,6.06935523124987e-08,3.88842147713846e-08,9.07499951850263e-08,4.28406831061659e-08,7.10066091691552e-08,7.57045897144483e-08,5.99273784622394e-08,8.2360492970061e-08,3.93320009475895e-08,1.89574599604945e-08,6.87345407239095e-08,3.53638086877461e-08,6.04262289829341e-08,3.69888177995665e-08,1.78145733166665e-08,1.52074954527897e-08,3.30363120648475e-08,1.78606269783226e-08,3.12347831664417e-08,1.67583890638574e-08,1.46289478934323e-08,1.11405857899298e-08,1.68372476928721e-08,1.57260992131691e-08,1.81139896768465e-08,1.32510390340469e-08,9.73714672720011e-09,8.47647045061358e-09,1.40873328112045e-08,1.10720152404631e-08,1.52830883597187e-08,8.90881082925628e-09,7.46487276189258e-09,6.85068684781981e-09,9.96918361625601e-09,8.34478013669365e-09,1.07352896441194e-08,1.06441977071446e-08,1.17564335352968e-08,2.31826252777964e-08,1.14897701607455e-08,2.11680096472445e-08,1.95463269212599e-08,1.47002439919018e-08,2.69547807570558e-08,6.38225955108328e-08,2.70016354439212e-08,4.93069757830074e-08,4.73553536021062e-08,2.886657613235e-08,7.01917036908511e-08,3.27151050650216e-08,5.40667049582747e-08,5.79279924500353e-08,4.49562061247988e-08,6.42659512447339e-08,3.02718796155681e-08,1.32899476713087e-08,5.32146273388826e-08,2.75542252381148e-08,4.78465107161056e-08,2.8642372467544e-08,1.28004078681093e-08,1.10206397305504e-08,2.59504536397656e-08,1.360725184468e-08,2.56614166042329e-08,1.19896125198139e-08,1.03583274902671e-08,8.34467658826887e-09,1.30201058877801e-08,1.11853122528178e-08,1.37982327608129e-08,9.46487181251095e-09,7.45664156623133e-09,6.3178456342164e-09,1.01740642789819e-08,8.21104037270663e-09,1.09685789143621e-08,6.76833644161549e-09,5.80723726623906e-09,5.3769242149102e-09,7.51977736577938e-09,6.49156665286170e-09,8.47536101240175e-09
1.07332011455684e-08,1.87585986187038e-08,1.74617524419064e-08,1.74948784806361e-08,1.91518433208375e-08,1.67530304466587e-08,2.12373031987094e-08,1.97284722588446e-08,3.88973102059245e-08,2.26880775321052e-08,3.44974956779297e-08,3.4831415506219e-08,2.18040487938602e-08,4.28406831061659e-08,1.00102035885978e-07,3.78168571455991e-08,7.62622550667048e-08,6.63656620008261e-08,3.93314115652275e-08,9.1457305512562e-08,3.9579930740024e-08,6.96650382006597e-08,7.29097748577864e-08,5.50939194981749e-08,8.58960390543972e-08,3.67725947189284e-08,1.8638251819892e-08,6.81653297548661e-08,3.49193343549395e-08,6.32562171571568e-08,3.47682815158931e-08,1.76245389826293e-08,1.60162986133425e-08,3.299404127743e-08,1.95620837701501e-08,3.39270060960105e-08,1.57629515785802e-08,1.39394274331467e-08,9.90202416577439e-09,1.72980326187788e-08,1.55263248632154e-08,1.80849774433959e-08,1.27645391447849e-08,8.52710078687631e-09,7.34854435993802e-09,1.35837054352545e-08,9.97419045988321e-09,1.47379318153293e-08,7.85566902640909e-09,1.34096352026328e-08,1.37524310580293e-08,1.19951064148665e-08,1.38843280862495e-08,1.25012954585293e-08,1.56304298263426e-08,1.55240959406633e-08,2.94650953103907e-08,1.7400524713449e-08,2.64903457264662e-08,2.70981915924757e-08,1.70174177339484e-08,3.2577543141094e-08,7.26601668228559e-08,2.94481713351045e-08,5.53841954278277e-08,4.85822140655033e-08,3.02411166637765e-08,6.65264037567202e-08,2.97172829556324e-08,5.08470006779996e-08,5.42307413241883e-08,4.1032075373671e-08,6.30864709245482e-08,2.78227770432161e-08,1.3135117068433e-08,5.12158693324827e-08,2.60012771216447e-08,4.80356213478636e-08,2.64837138993306e-08,1.24094154815775e-08,1.13801867294324e-08,2.48842118581439e-08,1.50787283434333e-08,2.64123246299551e-08,1.11328741576803e-08,9.83772671174736e-09,6.88166406670312e-09,1.33720753107244e-08,1.03277177214671e-08,1.3292669659655e-08,9.108515026135e-09,6.22627080980709e-09,6.14469798271012e-09,9.37803155396131e-09,8.00426617949853e-09,1.09665291414902e-08
1.50465154129486e-08,2.94813460782325e-08,5.60223209600839e-08,2.43863250691689e-08,4.57728230059094e-08,3.72445209848073e-08,3.77867604761929e-08,6.57791004759267e-08,6.4802054295189e-08,5.76608103843793e-08,1.03532670219261e-07,8.90364705922282e-08,7.3141688179428e-08,7.10066091691552e-08,3.78168571455991e-08,1.15077819662408e-07,6.01690299049013e-08,9.76732362864077e-08,6.45240457433405e-08,3.47136792146106e-08,1.92114700081009e-08,5.47843880502743e-08,3.24591524601731e-08,4.84436923092975e-08,3.24967006413654e-08,1.7764638972055e-08,1.72684702761629e-08,3.00418354709224e-08,1.87379273649843e-08,2.90275348426716e-08,1.67673182149116e-08,1.63820202857937e-08,1.33551255877616e-08,1.75422309426293e-08,1.82313256049904e-08,1.94078369973772e-08,1.48094133521727e-08,1.16911325734699e-08,9.66184394502012e-09,1.61410126137728e-08,1.3480621585589e-08,1.76756047461426e-08,1.06430245067669e-08,8.5738606792381e-09,7.8179135294409e-09,1.19847145559303e-08,9.97223167178425e-09,1.28998712715189e-08,1.18969580021174e-08,2.13598587906545e-08,4.26698335848357e-08,1.86553248290503e-08,3.41780488813164e-08,2.93022234820576e-08,2.69036303999344e-08,5.0440021195315e-08,5.0994765787757e-08,4.32971839921643e-08,8.03889748849316e-08,6.83199456597256e-08,5.56181267235481e-08,5.63158754847861e-08,2.857122136393e-08,8.95391520752391e-08,4.62379261957004e-08,7.45651451521702e-08,5.19572345310914e-08,2.65092408176803e-08,1.34899015841535e-08,4.27752674393701e-08,2.59813646954379e-08,3.90966362313543e-08,2.49216397626264e-08,1.27083897857112e-08,1.29073520641389e-08,2.42542301454133e-08,1.38642006431952e-08,2.391670832663e-08,1.18483516345372e-08,1.20973477018662e-08,1.00851712947037e-08,1.30174415540861e-08,1.3287148531011e-08,1.45289916051062e-08,1.09670660392818e-08,8.9554404018526e-09,7.52809078103404e-09,1.19003985331204e-08,1.00271289782002e-08,1.30760568023205e-08,8.21092434208183e-09,6.99675473114884e-09,6.24371151929008e-09,9.14536902983966e-09,7.94392502419192e-09,1.0285398470343e-08
1.49651558220721e-08,1.82973401723982e-08,2.96867534414282e-08,1.65407340198403e-08,2.87348966744292e-08,2.47498143689607e-08,2.20862826037553e-08,3.4075656800216e-08,6.86704449972854e-08,3.53271322966519e-08,5.48829744683422e-08,5.2872061060121e-08,3.73989578145293e-08,7.57045897144483e-08,7.62622550667048e-08,6.01690299049013e-08,1.17639209967376e-07,9.49394656689123e-08,6.87363681007526e-08,6.96669924801066e-08,3.47628639184857e-08,1.06718362482536e-07,5.55242928853181e-08,8.56153785636834e-08,6.52969734796817e-08,3.21061421169859e-08,1.82700240340266e-08,5.17322861247619e-08,3.03116386899707e-08,4.79956418485715e-08,3.00085572709669e-08,1.69691956899529e-08,1.75091010382917e-08,2.82984902587898e-08,1.93769425438579e-08,2.97781406569958e-08,1.50661141803663e-08,1.49294914196194e-08,1.033756915566e-08,1.68314189695887e-08,1.69887128453693e-08,1.81536031056065e-08,1.35911596520294e-08,9.12627097584878e-09,8.0358164901545e-09,1.50742253311857e-08,1.03386661495579e-08,1.63102129713775e-08,1.05197405170569e-08,1.31169479067904e-08,2.29722818426099e-08,1.19412488039056e-08,2.18647812552819e-08,1.95578283591682e-08,1.65601248783879e-08,2.63445871375362e-08,5.25156141149308e-08,2.76812957097415e-08,4.17339691596569e-08,4.10305620706097e-08,2.83937405260285e-08,5.84305838520469e-08,5.59530273252711e-08,4.62564986306048e-08,8.7560304843111e-08,6.99966760906949e-08,5.35628176558426e-08,5.14718340404718e-08,2.54670198193528e-08,8.01173230335075e-08,4.15839162651036e-08,6.57193441187052e-08,4.87665389295042e-08,2.39146849022376e-08,1.3484977255696e-08,3.92336265950423e-08,2.31303306808326e-08,3.80331575161829e-08,2.23732276439594e-08,1.2550682079663e-08,1.21241833387814e-08,2.1972134544229e-08,1.48887682642614e-08,2.30810537088551e-08,1.11947020011959e-08,1.03949720078023e-08,7.41823462949526e-09,1.31859091382737e-08,1.18752630614988e-08,1.39298534513189e-08,9.50621867014879e-09,6.83265331577163e-09,6.56516879111746e-09,1.08545417606529e-08,8.26157333831499e-09,1.22526672013098e-08
1.53476051787717e-08,2.86029413769573e-08,5.11874258252207e-08,2.39757525739757e-08,4.23390628950963e-08,3.48441038342471e-08,3.75400543985446e-08,6.0489738138095e-08,5.46942270324645e-08,5.45996732783345e-08,8.80819407443908e-08,7.68876194545602e-08,6.73472639085137e-08,5.99273784622394e-08,6.63656620008261e-08,9.76732362864077e-08,9.49394656689123e-08,1.40878706580005e-07,5.45500457408004e-08,6.02824464916459e-08,3.15316642051221e-08,8.61171551780039e-08,4.84126052762604e-08,6.87332412948242e-08,5.59942240293955e-08,2.87116010645212e-08,1.83160399788598e-08,4.46190325762965e-08,2.83771284225062e-08,4.23418940486412e-08,2.69799241185294e-08,1.70419798090835e-08,1.94967034447963e-08,2.6490323256866e-08,2.02088812673214e-08,2.85327715759495e-08,1.53518959997592e-08,1.69971769578343e-08,1.15677585156592e-08,1.77235410512164e-08,1.94430631905434e-08,1.93334167450668e-08,1.52751735747621e-08,1.01023864841641e-08,8.42225349212898e-09,1.69527346980397e-08,1.13614859648581e-08,1.81506946496381e-08,1.14565570963893e-08,2.13014364829355e-08,3.91235214068136e-08,1.86080518329936e-08,3.22393495974601e-08,2.74214814569214e-08,2.74859856609724e-08,4.63211344794915e-08,4.26085309153996e-08,4.12965880935717e-08,6.7955485167762e-08,5.895827644668e-08,5.14429784552442e-08,4.7416685366584e-08,4.79705215285719e-08,7.63534152126793e-08,7.07939714063446e-08,1.05998063065713e-07,4.37373181595639e-08,4.40487245004658e-08,2.28277613279834e-08,6.50630689421585e-08,3.68303875035771e-08,5.33970793707268e-08,4.1464215350997e-08,2.11278374633494e-08,1.31586370708886e-08,3.44163984524612e-08,2.09637188937591e-08,3.3788456799291e-08,1.98528309418245e-08,1.24896576665566e-08,1.38392989962036e-08,1.98425304640611e-08,1.54920054229082e-08,2.17778819340689e-08,1.12700762021624e-08,1.22298825222024e-08,8.6968309740342e-09,1.37492679324688e-08,1.36848284312074e-08,1.4665074127498e-08,1.1163806033134e-08,7.91203083202203e-09,6.90247123320633e-09,1.24119105984785e-08,9.26710885773451e-09,1.39471966243766e-08
1.24503320022286e-08,1.48350585887814e-08,2.79968987816107e-08,1.36578813998952e-08,2.59275379832262e-08,2.21871468159036e-08,1.71414173025621e-08,3.22089214676454e-08,7.49946991240143e-08,3.10934669527168e-08,5.90425531488872e-08,5.46409858651558e-08,3.50622895909095e-08,8.2360492970061e-08,3.93314115652275e-08,6.45240457433405e-08,6.87363681007526e-08,5.45500457408004e-08,9.66738339768996e-08,4.53615771590747e-08,2.18570810980533e-08,8.15471018293252e-08,4.06151593302566e-08,7.1420378657612e-08,4.24257715291623e-08,2.03076060186866e-08,1.77057712013058e-08,3.77101899123524e-08,2.06999671671329e-08,3.57062895953266e-08,1.91376100882062e-08,1.69250961871962e-08,1.28487754864145e-08,1.95201160758143e-08,1.77411208989813e-08,2.04446312907287e-08,1.52590211023406e-08,1.11720657748539e-08,9.37469231557245e-09,1.58454305405498e-08,1.25406527057543e-08,1.69683010607242e-08,1.01853396720817e-08,8.27685094067486e-09,7.54800606080502e-09,1.12241692599689e-08,9.31081344943814e-09,1.21225782761312e-08,9.64528040562784e-09,1.07149843162088e-08,2.14061578577517e-08,1.03429846173469e-08,1.95198335048725e-08,1.75907654131374e-08,1.25199065880629e-08,2.4685556185238e-08,5.83310279196746e-08,2.4081200457979e-08,4.5283216977558e-08,4.24615649652844e-08,2.63429039526098e-08,6.426378487681e-08,3.0265870617921e-08,4.95099601536099e-08,5.32107874930464e-08,4.13455673684005e-08,7.58833451193204e-08,3.57669539207009e-08,1.52395899741634e-08,6.41349368482187e-08,3.22449993393506e-08,5.72725650464856e-08,3.37757390184565e-08,1.45446870646207e-08,1.28989088909189e-08,3.02080614459102e-08,1.55663288816473e-08,2.94047770276261e-08,1.38178393188963e-08,1.20906980918803e-08,9.96152975808049e-09,1.49069008210379e-08,1.29538080908743e-08,1.58493420323655e-08,1.0947680279985e-08,8.87538209722348e-09,7.09086846247605e-09,1.1704415070334e-08,9.68893648181591e-09,1.22789644164227e-08,8.06509727706394e-09,6.60823764428993e-09,5.9611994055197e-09,8.86032513982219e-09,7.30296441204564e-09,9.80606360904603e-09
