4.09444602256738e-08,2.29743421772529e-08,1.04315208150021e-08,3.33844981377622e-08,2.19554937509118e-08,3.13963697823327e-08,2.03571936342337e-08,8.9409508799665e-09,7.55591214737181e-09,1.93404433243508e-08,9.72319384837895e-09,1.96912121446977e-08,7.70952800341587e-09,6.53094404966402e-09,4.46901820255013e-09,8.41727625405796e-09,7.22427119315856e-09,8.88768809431026e-09,5.84926525778475e-09,3.92978160086876e-09,2.63139940826682e-09,6.36254939666533e-09,3.71604659592546e-09,6.3132159855825e-09,3.68244687982943e-09,2.63486041471393e-09,2.59695055886931e-09,3.58188721417571e-09,3.1062770261631e-09,3.76454512375681e-09,2.78319503868795e-09,2.61942199040865e-09,2.50764052877947e-09,3.19716381105027e-09,3.13269185790723e-09,3.5777079841172e-09,2.25640795312459e-09,2.24150430279444e-09,2.3212629059997e-09,2.66048056971954e-09,2.82202407410408e-09,2.92563587198247e-09,2.21994765401891e-09,2.07062607115867e-09,1.83132854938816e-09,2.5790580991251e-09,2.1743259571512e-09,2.61065878662103e-09,2.07748628110983e-08,1.03735520602345e-08,3.98801435586797e-09,1.75895852812805e-08,9.81321562935646e-09,1.64215228978026e-08,8.8495606937816e-09,3.79115466150974e-09,3.60458615855165e-09,8.71545204412507e-09,4.78877762197977e-09,9.20781312140686e-09,3.50131074073219e-09,3.05338654691439e-09,2.13204561105788e-09,4.05123483303431e-09,3.01420022577251e-09,3.72134159168459e-09,2.6825316648714e-09,1.84433901511712e-09,6.8095609866003e-10,2.70733035963813e-09,1.66887631320817e-09,2.42041209759609e-09,1.68742513154666e-09,6.41984905690138e-10,9.4105368348984e-10,1.69524171309099e-09,7.18859612959276e-10,1.76322413802373e-09,6.77423825624158e-10,9.61356901926466e-10,1.0534993841843e-09,8.3289081253211e-10,1.17991048251282e-09,1.34527518705217e-09,8.6517979659833e-10,1.00697451191585e-09,1.00266794069128e-09,1.05545925452537e-09,1.04157425304804e-09,1.11184654487214e-09,9.68088472257306e-10,6.94256541310814e-10,2.69965494803893e-10,1.00014353273479e-09,5.48421707902284e-10,7.08332362063373e-10
2.29743421772529e-08,9.39796711767414e-08,2.56008242872684e-08,4.21114986431381e-08,8.45307349241964e-08,3.52109912126158e-08,8.37543618316347e-08,2.21773684174649e-08,1.17890387682218e-08,7.53785925966766e-08,2.17646474933711e-08,7.45847916245083e-08,1.95721658163992e-08,1.05018881264982e-08,9.85563963339739e-09,1.9198935541197e-08,1.23081909527564e-08,2.05720298970531e-08,9.1082885612249e-09,8.45446261282279e-09,4.58392108426088e-09,1.05348284962748e-08,8.19017106316645e-09,1.0126416465137e-08,7.49965150377562e-09,4.6616959450211e-09,4.27086841701034e-09,7.52485310899397e-09,5.37455580095963e-09,8.34984340870824e-09,4.69491593602562e-09,4.23808926270843e-09,4.26897821828669e-09,5.49379685904157e-09,4.99080061634429e-09,5.86224749778501e-09,3.83540495133553e-09,3.72046524212575e-09,3.17459095715985e-09,4.33763993391706e-09,4.1026311112305e-09,4.53605119761387e-09,3.63820956502239e-09,3.06477688240294e-09,2.95684990122173e-09,3.86791564671127e-09,3.28327694361186e-09,3.47954298256157e-09,1.10357473946719e-08,2.91680051493557e-08,1.2564966062793e-08,2.07683316640012e-08,2.96840661270253e-08,1.87694092602209e-08,2.44302091691493e-08,1.13202654774087e-08,5.15157455221425e-09,2.57640987688056e-08,1.08203656377579e-08,2.38840373801971e-08,9.9770159962902e-09,4.91159159535573e-09,3.79926660181357e-09,9.88253129544191e-09,5.48170482845038e-09,9.33605797083761e-09,4.4912320293713e-09,3.36752614417159e-09,1.47591818739506e-09,5.21707608994527e-09,3.83176808458002e-09,4.82417560724712e-09,2.54287505014473e-09,1.49921105673663e-09,1.35718529625206e-09,3.26832264145642e-09,1.91666344660465e-09,3.27713509202129e-09,1.42855764129716e-09,1.22843981054029e-09,1.66207156461459e-09,1.71796589815183e-09,1.88863017524372e-09,1.68084210142857e-09,1.37532758915782e-09,1.43670258300429e-09,1.05771890784581e-09,1.54649933709156e-09,1.30367885755888e-09,1.45121871460425e-09,9.85334650364216e-10,7.6183272435382e-10,1.16678005439639e-09,1.08896278167697e-09,1.03834184362181e-09,1.2417301664892e-09
1.04315208150021e-08,2.56008242872684e-08,5.2888355928633e-08,2.03391635666013e-08,4.53445571770681e-08,3.81236840457123e-08,2.21945617062872e-08,4.45663459339789e-08,2.09104494303551e-08,3.78222929322108e-08,3.78893619759585e-08,3.20714351530493e-08,3.91812339225414e-08,1.83339961586477e-08,1.03139106596495e-08,3.32935035913963e-08,1.83297385868959e-08,3.20244669810272e-08,1.58352032311204e-08,8.53335992863303e-09,6.58966084371064e-09,1.58893336214599e-08,8.30252426280215e-09,1.5320616892095e-08,7.83749644679759e-09,6.43346730753623e-09,4.10825519593229e-09,7.61951355139265e-09,7.36127974496496e-09,7.61676514747593e-09,6.09653417618174e-09,4.05717160937984e-09,4.06716707034804e-09,7.02998767822718e-09,4.77033690491856e-09,7.83741340258201e-09,3.77847467021184e-09,3.44933521752609e-09,2.85712280739792e-09,4.25745427161375e-09,4.04991675832503e-09,4.76016841199943e-09,3.41281146616227e-09,2.53450225030923e-09,2.8090985571266e-09,3.78998144082062e-09,2.87887534663076e-09,3.95850919358753e-09,5.7419614914595e-09,1.032021090801e-08,2.20377651496883e-08,9.49599777949716e-09,1.73144117958318e-08,1.76258509795053e-08,8.73119448543718e-09,1.97594368410101e-08,1.01178915716015e-08,1.58729970425464e-08,1.894861333929e-08,1.51793956864277e-08,1.76299316182936e-08,8.96772178068871e-09,4.39212696795269e-09,1.65363117436161e-08,7.92499355387495e-09,1.46314789771573e-08,8.17237424339405e-09,3.62849500425226e-09,1.81499467609681e-09,7.45704987212207e-09,3.80557531144856e-09,7.31331716835573e-09,3.0775591538665e-09,1.81251742644746e-09,1.19565335249577e-09,3.48035116019807e-09,2.19518359480847e-09,3.21166275482802e-09,1.64462568660343e-09,1.27829267030743e-09,8.37977899043433e-10,2.32057489706201e-09,1.3322849767769e-09,1.95143579414237e-09,1.43925297943715e-09,8.51632112763184e-10,9.6091000347549e-10,1.30498200843391e-09,1.27500250496856e-09,1.69259213091408e-09,8.34413079485285e-10,7.59935329091265e-10,8.83295182722675e-10,1.03933703724357e-09,9.18112754701732e-10,9.75382469992079e-10
3.33844981377622e-08,4.21114986431381e-08,2.03391635666013e-08,5.50595257784017e-08,3.48839315718147e-08,4.56638043321049e-08,3.68599127975002e-08,1.74709094768515e-08,1.02637609733919e-08,3.04288511174544e-08,1.70229075678477e-08,2.97383410061476e-08,1.52647873829522e-08,9.12163097301398e-09,8.9710770393795e-09,1.499174119482e-08,9.68876390490963e-09,1.52511692822138e-08,7.78762788771459e-09,7.6382787237458e-09,3.46312818627043e-09,8.22259157539703e-09,7.25387130065803e-09,7.86994398951035e-09,7.06022814259888e-09,3.67639899934959e-09,3.42556670451481e-09,6.87628352281661e-09,4.17381090224931e-09,7.53699112574115e-09,4.04748713398113e-09,3.58018133714432e-09,3.60396017618817e-09,4.52182430247881e-09,4.29229969077754e-09,4.90303750203552e-09,3.16289776657583e-09,3.24079301357626e-09,2.83455083125792e-09,3.69959410210826e-09,3.75218414847572e-09,4.00106088112591e-09,3.10739004748464e-09,2.70911016044112e-09,2.43857617521126e-09,3.520227920268e-09,3.03609302369786e-09,3.55527298576708e-09,1.67542523481268e-08,1.88552666937122e-08,9.53186578129612e-09,2.72194104395085e-08,1.64272839986816e-08,2.43774195356089e-08,1.62030418532896e-08,8.53202692105813e-09,4.66008744014353e-09,1.45157498065139e-08,8.74798445417862e-09,1.47312153321407e-08,7.83072037877268e-09,4.14530157145225e-09,3.29483404062042e-09,7.81543276804017e-09,4.66845548964324e-09,7.31244451346272e-09,3.8044923710139e-09,2.90378048240056e-09,9.61534915158963e-10,4.3145341797902e-09,2.89694964562812e-09,3.88531945063784e-09,2.4429205830323e-09,9.53604343968484e-10,1.05575247589049e-09,2.66179490257864e-09,1.23825290990858e-09,2.73227047419142e-09,1.10350888710495e-09,9.33351066243626e-10,1.19486167589041e-09,1.3205475952785e-09,1.11737529981999e-09,1.52175684876546e-09,9.15157126499706e-10,1.16996904091579e-09,1.21327962953173e-09,9.78894279398922e-10,1.27609689255056e-09,1.23138814741767e-09,9.13897888338303e-10,9.41521695310156e-10,5.58619289556151e-10,1.33743893640069e-09,8.48413163345376e-10,9.52898446565537e-10
2.19554937509118e-08,8.45307349241964e-08,4.53445571770681e-08,3.48839315718147e-08,1.16692563484256e-07,5.69807910493891e-08,7.53871115076419e-08,3.78059363489915e-08,2.06481803576433e-08,1.01279380623932e-07,3.28320524904494e-08,9.30826574685516e-08,3.32571785247346e-08,1.83194071034129e-08,1.11888244675639e-08,2.88922449309786e-08,1.97651007979615e-08,2.94771837067085e-08,1.61073001527423e-08,9.45103757717593e-09,7.39289133196475e-09,1.72833199073062e-08,8.97936795116928e-09,1.65465971532015e-08,8.58937019881866e-09,7.41062834072636e-09,5.17063323385125e-09,8.43108018222286e-09,8.61195558091378e-09,8.8627514669936e-09,7.27431774235778e-09,5.09834104823337e-09,4.9102922322004e-09,8.5842131000045e-09,5.78577125170021e-09,9.28325229676463e-09,4.80944630639378e-09,4.20536657872779e-09,3.98769572155746e-09,5.20899740131962e-09,5.28401181112898e-09,5.86524922261054e-09,4.4097403174482e-09,4.04479567542453e-09,3.79954879820722e-09,5.27447005422848e-09,3.86717216334255e-09,4.54359907461987e-09,1.04086812379909e-08,2.14462950165029e-08,2.01352150188748e-08,1.60126481779935e-08,3.7790311092426e-08,2.81176828307932e-08,1.81874900946459e-08,1.81223654562383e-08,9.88766457212773e-09,3.40213617229712e-08,1.68072842462294e-08,3.15595719694721e-08,1.59704121348219e-08,9.37195757222912e-09,4.4834783005494e-09,1.51363677721716e-08,8.58643970232327e-09,1.32422587430765e-08,8.66502728093579e-09,3.96283894304906e-09,1.9095262496332e-09,8.39447185433559e-09,4.54174881981639e-09,8.29762194615558e-09,3.5181897596017e-09,1.97698866104214e-09,1.57995756492224e-09,4.31045631496439e-09,2.79386817749177e-09,3.56272690090873e-09,1.90633910205796e-09,1.5790561669175e-09,1.16064909659342e-09,2.70562375149809e-09,1.91426768340885e-09,2.48490360021901e-09,1.88376700560898e-09,1.03699622677285e-09,1.11241490412062e-09,1.5450150859531e-09,1.3006444277467e-09,1.58565425526266e-09,9.89599228749298e-10,8.29636189039191e-10,1.5884904894511e-09,1.15574139106872e-09,1.30864564825063e-09,1.17983101021085e-09
3.13963697823327e-08,3.52109912126158e-08,3.81236840457123e-08,4.56638043321049e-08,5.69807910493891e-08,7.1009984734018e-08,3.07808064036009e-08,3.14020307864887e-08,1.76210489097779e-08,4.79649718975127e-08,2.63409465494144e-08,4.14941550728959e-08,2.72788700640607e-08,1.54579853070295e-08,9.32533069684046e-09,2.29846099686544e-08,1.5847988731392e-08,2.26343521466463e-08,1.32551290312704e-08,7.8391622425454e-09,6.50230913842708e-09,1.36606637109506e-08,7.48190529061717e-09,1.32062372053888e-08,7.11757333260898e-09,6.4147605888981e-09,4.44428819999019e-09,6.9319180851484e-09,7.35457490301711e-09,6.99290147696728e-09,6.60506514961896e-09,4.56946636194336e-09,4.44251389313962e-09,7.56751689861582e-09,5.30514932576901e-09,8.25201712221375e-09,4.16826344049457e-09,3.92837111660611e-09,3.57229426555402e-09,4.71125607455188e-09,4.78216460261841e-09,5.22104336696835e-09,4.00666924740145e-09,3.57097571772567e-09,3.1750159098451e-09,4.72120682429323e-09,3.58392094281216e-09,4.58023015519068e-09,1.57624272652685e-08,1.3955819058695e-08,1.57362944129924e-08,2.17831727363001e-08,2.33412862930663e-08,3.50252593258135e-08,1.21342769456084e-08,1.43342876218225e-08,8.9634433335867e-09,2.16635333299006e-08,1.35656309267292e-08,2.06279138908343e-08,1.28674450670816e-08,7.86782309050187e-09,4.0528181888145e-09,1.18142350637479e-08,7.26710263210076e-09,1.0371896509244e-08,7.06676299335247e-09,3.66461104740447e-09,1.47003532734696e-09,6.83407870796423e-09,3.41686803946701e-09,6.52316313450078e-09,3.12146112529398e-09,1.48201326774372e-09,1.27469973724602e-09,3.25079985859102e-09,2.04029192498462e-09,2.81042097187073e-09,1.51929207699759e-09,1.32649379467521e-09,1.14563823419291e-09,2.1795617167237e-09,1.79588524418979e-09,2.52555554647335e-09,1.40373856175519e-09,1.18625689173697e-09,1.07538326524262e-09,1.57165597754376e-09,1.2738672973544e-09,1.50870796843022e-09,1.20064412507911e-09,1.01763340178184e-09,7.81922715560649e-10,1.6048978885509e-09,8.64545695391908e-10,1.01853474587841e-09
2.03571936342337e-08,8.37543618316347e-08,2.21945617062872e-08,3.68599127975002e-08,7.53871115076419e-08,3.07808064036009e-08,1.05321367920265e-07,2.77329274427543e-08,1.34475168421255e-08,9.74837513992796e-08,2.76151513777999e-08,9.73717183772853e-08,2.47063998547779e-08,1.20114599447193e-08,1.10548646691283e-08,2.46976124344484e-08,1.42759574877508e-08,2.65411229298396e-08,1.0486676074907e-08,9.48528957302027e-09,5.18198118122909e-09,1.23254981197738e-08,9.30461744834567e-09,1.18549517127916e-08,8.4600127100412e-09,5.13136141847423e-09,4.66343960927154e-09,8.5616566677265e-09,5.85997519031413e-09,9.52471719443683e-09,5.17716868473316e-09,4.66597843541842e-09,4.7888563737738e-09,5.99916344441741e-09,5.55952873460807e-09,6.43198062690832e-09,4.12196055284669e-09,4.09102936195932e-09,3.65003762749334e-09,4.7090916095444e-09,4.5955338892073e-09,5.0967301534655e-09,3.69833409999713e-09,3.09683447979754e-09,2.85915518254641e-09,4.01229779506381e-09,3.1702222657932e-09,3.48332931337346e-09,1.00149104172092e-08,2.44317714718081e-08,1.1313973222998e-08,1.84137755292299e-08,2.57461708785531e-08,1.71073875532078e-08,3.8008841747633e-08,1.37927986402966e-08,5.95301309195524e-09,3.91449053811673e-08,1.35200653360586e-08,3.78005590873009e-08,1.22698365242551e-08,5.52516958049027e-09,4.41139876243816e-09,1.24250920973321e-08,6.60546325164861e-09,1.26573369726061e-08,5.05537056345098e-09,3.9032743435956e-09,1.71883516717118e-09,6.20355160338458e-09,4.19455140866554e-09,5.84130869334529e-09,3.16218781929577e-09,1.66828174455765e-09,1.6215028555986e-09,3.6754926897129e-09,2.16470210632286e-09,3.70294737484998e-09,1.51489070022638e-09,1.41854915794839e-09,1.96497025021584e-09,1.88097342842817e-09,1.94159258216382e-09,1.75671946644395e-09,1.51407773569629e-09,1.63545020474338e-09,1.15957739578384e-09,1.66463565286129e-09,1.52856756169362e-09,1.61837870554068e-09,1.40175465890438e-09,1.03877920176494e-09,1.1954379782778e-09,1.38842965790941e-09,1.36943484877619e-09,1.53189988787238e-09
8.9409508799665e-09,2.21773684174649e-08,4.45663459339789e-08,1.74709094768515e-08,3.78059363489915e-08,3.14020307864887e-08,2.77329274427543e-08,5.1509197858672e-08,2.34886126185149e-08,4.61421925781436e-08,4.38960109082827e-08,3.97335968323572e-08,4.52978468345181e-08,2.03513065024014e-08,1.15474911159008e-08,3.8581044819661e-08,2.05511223564839e-08,3.75763674015398e-08,1.74264360624405e-08,9.60578384226784e-09,7.61195721355159e-09,1.77639916852282e-08,9.35781407094723e-09,1.70861275496971e-08,8.91613119193283e-09,7.3811557423816e-09,4.52110216232045e-09,8.59336135603243e-09,8.31850398500236e-09,8.55496056697362e-09,7.02801441478612e-09,4.47104301685889e-09,4.48637594726472e-09,7.8840736956143e-09,5.23823961310952e-09,8.73632259507291e-09,4.07363737708833e-09,3.69421055896703e-09,3.24623393955284e-09,4.62355358146707e-09,4.26474476318482e-09,5.09501212104889e-09,3.21722125520699e-09,2.77741337365705e-09,2.35508657897145e-09,3.63915684764403e-09,2.82555897595561e-09,3.78606508126799e-09,5.11509536522433e-09,8.72079354377470e-09,1.97540013543952e-08,8.34038360606507e-09,1.58520605797267e-08,1.56743239541991e-08,1.20406604947266e-08,2.21979009902989e-08,1.11169470829164e-08,2.05495681287444e-08,2.18570541510285e-08,2.02467617787647e-08,1.97499119181508e-08,9.74330336481009e-09,4.91071290413563e-09,1.90916405683285e-08,8.85907617152427e-09,1.72024994211493e-08,8.72871018219814e-09,4.07249994209071e-09,2.14679504296781e-09,8.22807464948607e-09,4.13934819107272e-09,8.06856589208668e-09,3.54771943113436e-09,2.02606908504889e-09,1.48668779725732e-09,3.85219370355445e-09,2.47151122222561e-09,3.26126545707471e-09,1.91765821665327e-09,1.38164707150242e-09,9.69072330448982e-10,2.53093096736917e-09,1.5718595999832e-09,2.20661391010011e-09,1.40901958363467e-09,1.04489657391441e-09,1.03562484252397e-09,1.45347809149037e-09,1.46904175968102e-09,1.85401415265333e-09,8.76191791337491e-10,8.15927652802412e-10,8.30843538896398e-10,1.1417146193728e-09,8.78780573820524e-10,1.22182846411484e-09
7.55591214737181e-09,1.17890387682218e-08,2.09104494303551e-08,1.02637609733919e-08,2.06481803576433e-08,1.76210489097779e-08,1.34475168421255e-08,2.34886126185149e-08,5.49758334408892e-08,2.37912086856313e-08,4.34410277142039e-08,4.21169435463692e-08,2.03583571030156e-08,4.61780610112525e-08,2.19926991992911e-08,3.68255370372299e-08,3.94445240895682e-08,3.1639282185166e-08,3.87500538899813e-08,1.83753301833441e-08,7.85068793645551e-09,3.32797890510424e-08,1.62720165103612e-08,3.07637123606757e-08,1.61263791965949e-08,7.03430548736263e-09,6.71984630852942e-09,1.42033934660192e-08,7.60481575567388e-09,1.4116921888386e-08,6.57818851730879e-09,6.28410533013853e-09,4.07285743639283e-09,6.77158789179331e-09,6.78816935022384e-09,7.00755510932618e-09,5.62293288481415e-09,3.5177027920666e-09,3.17834445137462e-09,6.03196946965863e-09,4.18415548659419e-09,6.72522584294943e-09,3.12821533504828e-09,2.81263448276007e-09,1.97829700818581e-09,3.66125324597462e-09,2.33558234090456e-09,3.48962299878938e-09,4.26470397196568e-09,3.82577509092354e-09,8.39098079775e-09,4.08242936307579e-09,8.09863629686314e-09,8.6181495777151e-09,4.70786727939493e-09,9.1406151734876e-09,2.46907262222755e-08,9.84256498811091e-09,1.77066668270874e-08,1.75224267546034e-08,8.236098829648e-09,2.10782745968781e-08,1.13339355612374e-08,1.54099017189608e-08,1.88101585725426e-08,1.37964999663133e-08,1.7928587195905e-08,9.79631560673663e-09,3.02402282833879e-09,1.64286534021615e-08,8.61456677199566e-09,1.5160201586219e-08,8.16611270089472e-09,2.78999549706429e-09,2.20585145288531e-09,7.49957159100809e-09,3.06946764575393e-09,6.96370962991486e-09,2.56536122443016e-09,1.68986441947741e-09,9.18562173275499e-10,2.86369955769947e-09,1.58335405967152e-09,2.04776097999832e-09,1.47579045969708e-09,1.11418787936728e-09,1.02142162453589e-09,1.63065126216789e-09,1.51443308177387e-09,1.68668789792805e-09,1.01647666512845e-09,9.39151062526479e-10,4.89526287561444e-10,1.29663446619884e-09,1.1059974937241e-09,1.63984838550219e-09
1.93404433243508e-08,7.53785925966766e-08,3.78222929322108e-08,3.04288511174544e-08,1.01279380623932e-07,4.79649718975127e-08,9.74837513992796e-08,4.61421925781436e-08,2.37912086856313e-08,1.30346998077205e-07,4.07657447524962e-08,1.21144465097368e-07,4.07184155808708e-08,2.09024481980653e-08,1.27976992505375e-08,3.61397602826056e-08,2.27366471186642e-08,3.73016275422288e-08,1.83496512730573e-08,1.09393784809774e-08,8.78145657572719e-09,1.99372594213376e-08,1.04842657078168e-08,1.92340622705645e-08,1.00533289972097e-08,8.70929500122441e-09,5.69531250479276e-09,9.74565784013981e-09,9.65003560352137e-09,1.02502779543054e-08,8.62619344287822e-09,5.66657283057322e-09,5.5439853645613e-09,9.57857861662963e-09,6.4097913545989e-09,1.03370254098521e-08,5.20834431554951e-09,4.6292475357148e-09,4.42835251402161e-09,5.64285914941192e-09,5.82124215314506e-09,6.44439841763046e-09,4.27656387665277e-09,3.93202382686268e-09,3.36963069675849e-09,5.18503847630345e-09,3.68504515503045e-09,4.56542507938035e-09,9.33272811981429e-09,1.81838229217639e-08,1.81136862436122e-08,1.43852529675012e-08,3.3993932712942e-08,2.52857878912738e-08,3.26518933006232e-08,2.14629669997896e-08,1.10897494341306e-08,5.12864694449498e-08,2.0660748998754e-08,4.96150644754579e-08,1.89936702079923e-08,1.04327487311128e-08,5.37466217924432e-09,1.87940257325369e-08,1.00803411883123e-08,1.77412535645563e-08,9.49681653880062e-09,4.8672868589583e-09,2.16136089418533e-09,9.63617265886305e-09,5.01554455364901e-09,9.57992188549417e-09,4.55824784103475e-09,2.16021444719527e-09,2.09479895054247e-09,4.72711020341622e-09,3.00351928546917e-09,4.14436299666774e-09,2.06883963011757e-09,2.0240944292104e-09,1.52287636935966e-09,2.81483549239243e-09,2.21575702153565e-09,2.43189477537928e-09,2.18024075115627e-09,1.34151527734432e-09,1.10138069507745e-09,1.78271649567976e-09,1.8250818521498e-09,1.82973067068812e-09,1.08791170727654e-09,9.1865588398138e-10,1.51617281717656e-09,1.15764810182702e-09,1.30310844789011e-09,1.22496280083685e-09
9.72319384837895e-09,2.17646474933711e-08,3.78893619759585e-08,1.70229075678477e-08,3.28320524904494e-08,2.63409465494144e-08,2.76151513777999e-08,4.38960109082827e-08,4.34410277142039e-08,4.07657447524962e-08,6.85051103816535e-08,6.28754602268598e-08,3.85845461911514e-08,3.68196366953242e-08,2.0188054683739e-08,5.93895479686586e-08,3.17275484158411e-08,5.19663709300374e-08,3.09162765421477e-08,1.64640039415805e-08,7.85386475628955e-09,2.68017632736424e-08,1.51640632117784e-08,2.47482762160335e-08,1.4822547742189e-08,7.21663042194869e-09,7.21591709989208e-09,1.36327681639465e-08,7.96023053500208e-09,1.35334758869624e-08,6.81445339274522e-09,6.98752175437761e-09,5.33980420623072e-09,7.32945589117789e-09,7.86931847893203e-09,7.97989324699025e-09,6.36077116887274e-09,4.50644714131748e-09,4.14728920749092e-09,7.09026012369052e-09,5.20724357885352e-09,7.75782286778648e-09,3.95531740201968e-09,3.61086051609096e-09,2.75960127015054e-09,4.46460359474514e-09,3.4536937868682e-09,4.47208916525469e-09,5.95484510854962e-09,8.62698291093871e-09,1.68512007769927e-08,8.29967381853769e-09,1.40584536409244e-08,1.37385945765648e-08,1.20838940178847e-08,1.90248892021827e-08,1.93507989066466e-08,1.83914760209151e-08,3.13775480720015e-08,2.90125926990199e-08,1.69801445033851e-08,1.66014646207892e-08,1.01222385712815e-08,2.74368703580772e-08,1.46037261057681e-08,2.44412902477725e-08,1.4303926043075e-08,8.56036159594667e-09,2.87519623930687e-09,1.2918994904129e-08,7.96066466005752e-09,1.2177437309591e-08,7.19934132368083e-09,2.61634471825881e-09,2.42945895792719e-09,6.92988814042846e-09,2.68345170161924e-09,6.03179285515176e-09,2.50904852303489e-09,1.91042680506319e-09,1.52963131738129e-09,2.57698823127056e-09,2.03419486817393e-09,2.29566270078807e-09,1.74360713943353e-09,1.58491951701772e-09,1.54906852817601e-09,1.99423829358951e-09,1.91358778785397e-09,2.28785970632328e-09,1.40115616891012e-09,1.23047917720191e-09,8.62131776686517e-10,1.51206903520885e-09,1.43817851795884e-09,1.82817618413658e-09
1.96912121446977e-08,7.45847916245083e-08,3.20714351530493e-08,2.97383410061476e-08,9.30826574685516e-08,4.14941550728959e-08,9.73717183772853e-08,3.97335968323572e-08,4.21169435463692e-08,1.21144465097368e-07,6.28754602268598e-08,1.58236778635891e-07,3.51998764797956e-08,3.61490671637322e-08,2.01117195009284e-08,5.49373406274297e-08,3.25456736046871e-08,4.98251113230361e-08,3.10624094581381e-08,1.70762471851308e-08,8.70272378270649e-09,2.82047972030065e-08,1.61618876240305e-08,2.65447552551341e-08,1.533017531548e-08,8.22270431548636e-09,8.56231577820654e-09,1.47733535260426e-08,9.11510167647976e-09,1.50675498156012e-08,7.79443279504939e-09,8.42864133119355e-09,6.02703781923067e-09,8.51492614286505e-09,9.13242336467169e-09,8.9326997963319e-09,7.56449460553423e-09,5.16459565765948e-09,5.43566612583051e-09,8.06532373045975e-09,6.6956234215651e-09,9.17868638986004e-09,4.74026423577581e-09,4.78554950374344e-09,3.71408228453916e-09,5.82219760017983e-09,4.3435133169959e-09,5.05097501291015e-09,1.02944307665728e-08,1.68102195617414e-08,1.53914606718859e-08,1.41102821198477e-08,3.04720634246128e-08,2.24095770372052e-08,3.15525976181602e-08,1.8451833715653e-08,1.92240153951685e-08,4.70183872918692e-08,2.94518357340989e-08,6.22025433453534e-08,1.65211057905208e-08,1.72923161745176e-08,1.00912703230094e-08,2.66762154797248e-08,1.56054860954387e-08,2.4324960925671e-08,1.50842813759605e-08,9.27761691353348e-09,3.22767045837409e-09,1.44991773286705e-08,8.85793249977171e-09,1.4018197266362e-08,7.87235747097395e-09,3.188519618885e-09,2.91553041927058e-09,7.93438824136291e-09,3.59137980093514e-09,7.01703375606794e-09,2.89222404226236e-09,2.40772312379472e-09,1.75161551010424e-09,3.13398019266089e-09,2.33991004360362e-09,2.52917671759839e-09,2.36419823823699e-09,1.53904321484977e-09,1.67852664812106e-09,2.1263849127707e-09,2.06171763148505e-09,2.32595430553388e-09,1.40722821712594e-09,1.28813737448917e-09,1.49690407492298e-09,1.46105655360073e-09,1.98430069507853e-09,2.00743655057479e-09
7.70952800341587e-09,1.95721658163992e-08,3.91812339225414e-08,1.52647873829522e-08,3.32571785247346e-08,2.72788700640607e-08,2.47063998547779e-08,4.52978468345181e-08,2.03583571030156e-08,4.07184155808708e-08,3.85845461911514e-08,3.51998764797956e-08,5.4150315514283e-08,2.38528059718371e-08,1.30761299032479e-08,4.57556330753503e-08,2.39061444674279e-08,4.42178178519715e-08,2.00807643278057e-08,1.0982950817742e-08,8.9526388908358e-09,2.03597345473195e-08,1.07561749966104e-08,1.97258427550853e-08,9.97783612994634e-09,8.29855362713053e-09,5.131629631746e-09,9.65274098601084e-09,9.22974435903249e-09,9.75324313603983e-09,7.85423066595547e-09,5.08094702129048e-09,5.01338529139974e-09,8.74971795226363e-09,5.8035795872921e-09,9.59647800539516e-09,4.59145843346455e-09,4.08682841954364e-09,3.72772758281951e-09,5.04672618468367e-09,4.74260566123041e-09,5.76643704087029e-09,3.53828283361298e-09,3.03844064498557e-09,2.82934390017179e-09,3.95533324671544e-09,3.26335137078111e-09,4.26389884691365e-09,4.41770247680837e-09,7.73648575494763e-09,1.76184281737944e-08,7.64366891273023e-09,1.4287125514347e-08,1.4534784022839e-08,1.06895095996195e-08,1.97494133738926e-08,9.74118438027099e-09,1.82927254527481e-08,1.90876448304654e-08,1.78819386071521e-08,2.33050658824555e-08,1.17799346623906e-08,5.83983314158677e-09,2.25806506669516e-08,1.03644490502441e-08,1.98153032733006e-08,1.03285312322254e-08,4.91470891296788e-09,2.7285687003576e-09,9.51537591131569e-09,4.9400199831397e-09,9.33216151244409e-09,4.13590030421959e-09,2.38524338627659e-09,1.62383922850468e-09,4.31511864031952e-09,2.64863223229279e-09,3.65463557631306e-09,2.17197654706681e-09,1.49731701462204e-09,1.264219448277e-09,2.62378214110569e-09,1.75040241303128e-09,2.39518985630765e-09,1.51717125327814e-09,1.26832420099391e-09,1.02987221435321e-09,1.62877525405893e-09,1.40753750282494e-09,1.90539604772908e-09,1.00175053099403e-09,8.61525878186163e-10,9.11206735826975e-10,1.22944443053702e-09,9.26832836652595e-10,1.40227122105079e-09
6.53094404966402e-09,1.05018881264982e-08,1.83339961586477e-08,9.12163097301398e-09,1.83194071034129e-08,1.54579853070295e-08,1.20114599447193e-08,2.03513065024014e-08,4.61780610112525e-08,2.09024481980653e-08,3.68196366953242e-08,3.61490671637322e-08,2.38528059718371e-08,5.38679508285489e-08,2.54039436443771e-08,4.32393042117085e-08,4.59878093833283e-08,3.71072684120559e-08,4.51728149013551e-08,2.14060163062355e-08,9.35304919291622e-09,3.88506391556988e-08,1.92398123790302e-08,3.61172665616423e-08,1.85064116607081e-08,8.20565825929184e-09,7.75226437160149e-09,1.65427416263897e-08,8.74405079232211e-09,1.63332058114309e-08,7.45446268385568e-09,7.24965986132717e-09,4.59987880165139e-09,7.64558167737571e-09,7.86619313937482e-09,7.87993819718602e-09,6.46874011236478e-09,3.96504936170232e-09,3.83659942670066e-09,6.94557954978071e-09,5.05120951543721e-09,8.00565294742407e-09,3.48401158168905e-09,3.23471275863778e-09,2.62074306945966e-09,4.37138566784929e-09,2.96013352003066e-09,4.3662419988569e-09,3.85927060317558e-09,3.48083668518558e-09,7.51379896667254e-09,3.89517157265192e-09,7.57569400782473e-09,8.05859970133884e-09,4.21787028169832e-09,8.23257466029549e-09,2.10722146241785e-08,8.75721502482921e-09,1.54019863813652e-08,1.51467691100268e-08,9.79849918414035e-09,2.53046324929099e-08,1.33089996867197e-08,1.86085162773706e-08,2.18309004686527e-08,1.58865488453658e-08,2.13599665583827e-08,1.17765476968048e-08,3.55284199507193e-09,1.91891020385192e-08,1.05571749493922e-08,1.77875434743369e-08,9.67655549589501e-09,3.08027774562377e-09,2.57426823745753e-09,8.91615511909986e-09,3.29617097432355e-09,8.04709691513312e-09,2.77826969320829e-09,2.08847345203653e-09,1.02224638660029e-09,3.18870017842552e-09,2.06708076555128e-09,2.53229194709931e-09,1.82093066101371e-09,1.17536422828575e-09,1.26016018759813e-09,1.97582074592566e-09,1.67320853775317e-09,2.34213072618738e-09,1.06312018303673e-09,1.13671688061279e-09,6.76421002150349e-10,1.51602873852894e-09,1.27638734342554e-09,1.80843567806213e-09
4.46901820255013e-09,9.85563963339739e-09,1.03139106596495e-08,8.9710770393795e-09,1.11888244675639e-08,9.32533069684046e-09,1.10548646691283e-08,1.15474911159008e-08,2.19926991992911e-08,1.27976992505375e-08,2.0188054683739e-08,2.01117195009284e-08,1.30761299032479e-08,2.54039436443771e-08,6.69745121565683e-08,2.34186713557771e-08,5.26289208996015e-08,4.84049545841276e-08,2.14130088145401e-08,5.51591709260992e-08,2.31070164470142e-08,4.39298519394333e-08,4.16604336561735e-08,3.31013970690133e-08,4.75673013735057e-08,1.94660950322699e-08,1.10619818536364e-08,3.49266774023298e-08,1.8640738883716e-08,3.35895008279229e-08,1.64363859225403e-08,9.44271220840891e-09,1.13267359761585e-08,1.54695336776776e-08,9.85752878055623e-09,1.54350268170625e-08,8.107026820901e-09,1.00944308124653e-08,5.84070140402052e-09,8.04168702265219e-09,1.14937470622394e-08,9.15784987857968e-09,8.92082671167696e-09,5.03778927463583e-09,3.55021770309153e-09,1.01113624874814e-08,4.81934861811969e-09,1.02420228044996e-08,2.4212233966525e-09,4.24993091756126e-09,4.38871580820654e-09,3.90424634940228e-09,3.97572343293636e-09,3.97036295979734e-09,4.9203807717351e-09,4.79026405774915e-09,8.57069503293387e-09,4.86246033794079e-09,8.31161908314074e-09,8.61228907204193e-09,5.93472754222885e-09,1.01731753191907e-08,2.7294845014528e-08,9.86989129054484e-09,1.92956247078211e-08,1.76057222794069e-08,8.84002496127488e-09,2.32382702008363e-08,9.78267463673173e-09,1.63427062585211e-08,1.95759166107844e-08,1.32442278218502e-08,1.82145055627323e-08,8.73949147826407e-09,3.99965540781044e-09,1.59346305422501e-08,8.23795072847155e-09,1.46156358853738e-08,7.72105007256231e-09,3.17595639363331e-09,2.9725546833752e-09,7.26860459857839e-09,3.29742762650886e-09,6.92976775137067e-09,2.51511311630011e-09,2.59402101357021e-09,1.44625088082903e-09,2.67600858434751e-09,2.92016551698349e-09,3.06676069134957e-09,2.38856621048748e-09,1.2975840738024e-09,1.09615219191865e-09,2.87042862807599e-09,1.43994765343161e-09,2.8991193076119e-09
8.41727625405796e-09,1.9198935541197e-08,3.32935035913963e-08,1.499174119482e-08,2.88922449309786e-08,2.29846099686544e-08,2.46976124344484e-08,3.8581044819661e-08,3.68255370372299e-08,3.61397602826056e-08,5.93895479686586e-08,5.49373406274297e-08,4.57556330753503e-08,4.32393042117085e-08,2.34186713557771e-08,7.0595315477139e-08,3.70760072882069e-08,6.13750304227507e-08,3.61095574907234e-08,1.915807942444e-08,9.46194834143764e-09,3.12429431022777e-08,1.79442632112966e-08,2.92092738545556e-08,1.7038404372519e-08,8.59249781052507e-09,8.28862092783355e-09,1.59235451200235e-08,9.31482003898153e-09,1.58539299107517e-08,7.92265537477137e-09,8.03654584594029e-09,6.02321977667629e-09,8.47241539102667e-09,9.02497667092202e-09,9.08431187985282e-09,7.33620984700986e-09,5.045593038982e-09,4.90810286823217e-09,8.10352721951151e-09,6.06088014794672e-09,9.15783465841969e-09,4.42610884594929e-09,4.11900700510705e-09,3.46578489958586e-09,5.17154705664405e-09,4.15250068086192e-09,5.36260641710573e-09,5.19370676594832e-09,7.52826876907078e-09,1.50850957099819e-08,7.60385099291739e-09,1.27447782557192e-08,1.29594058368734e-08,1.07185405976995e-08,1.69779771692091e-08,1.65966819149235e-08,1.64966887205243e-08,2.74295956931581e-08,2.55496181679819e-08,2.01315010547722e-08,2.01231398839518e-08,1.17597058296458e-08,3.29203775743573e-08,1.69864361563432e-08,2.83896337789699e-08,1.70949183437365e-08,1.00918075129003e-08,3.33049915178298e-09,1.5040931065194e-08,9.50788325778113e-09,1.43719379982006e-08,8.35773193441385e-09,2.83520495804039e-09,2.76079248413164e-09,8.01732662615579e-09,2.69416573723343e-09,6.83484745455459e-09,2.6968361583595e-09,2.34691218660066e-09,1.84840683794082e-09,2.71660889832484e-09,2.56516367183715e-09,2.59152967631238e-09,2.15462901738703e-09,1.83553454198113e-09,1.70466086760872e-09,2.45958820804113e-09,2.07186698800732e-09,2.81332739387225e-09,1.56282679526655e-09,1.46868771356265e-09,9.39564726031665e-10,1.82269867622305e-09,1.58706687558318e-09,2.11274958781347e-09
7.22427119315856e-09,1.23081909527564e-08,1.83297385868959e-08,9.68876390490963e-09,1.97651007979615e-08,1.5847988731392e-08,1.42759574877508e-08,2.05511223564839e-08,3.94445240895682e-08,2.27366471186642e-08,3.17275484158411e-08,3.25456736046871e-08,2.39061444674279e-08,4.59878093833283e-08,5.26289208996015e-08,3.70760072882069e-08,8.11964028607126e-08,6.72521233916312e-08,3.88570459699648e-08,4.39275630380704e-08,2.08377628567317e-08,6.81518332101205e-08,3.30724762267223e-08,5.39576196164457e-08,3.8087598033559e-08,1.75093179903553e-08,1.09729104621032e-08,2.78735581451091e-08,1.71751814646334e-08,2.65674049282164e-08,1.45067191997135e-08,9.33835829190861e-09,1.19131158168596e-08,1.39861884635633e-08,9.47700877399513e-09,1.3885534887619e-08,8.11582695154024e-09,1.05575868812271e-08,5.87718598342092e-09,7.93832913626383e-09,1.19928826568552e-08,9.36932171372243e-09,9.2235744616873e-09,5.05825493350902e-09,3.82999638316242e-09,1.05086890851162e-08,4.61887038933098e-09,1.06321846956854e-08,3.9718976592628e-09,4.3409877273687e-09,7.21656200084758e-09,4.4762030115901e-09,7.61882158107724e-09,7.7810264131605e-09,5.37273265186643e-09,8.10409303185982e-09,1.77226144162816e-08,9.21414551911747e-09,1.30701037422367e-08,1.42470287715138e-08,9.73419142646818e-09,2.13075145096408e-08,2.29011296770107e-08,1.55946019298434e-08,3.40204779817101e-08,2.61097818749559e-08,1.84440450293139e-08,1.97727010981134e-08,8.92747146762736e-09,2.92336697837886e-08,1.65256120062137e-08,2.4316663929145e-08,1.62681273962635e-08,7.86993057630173e-09,4.2636584434393e-09,1.40424717135288e-08,7.20281263830583e-09,1.27730785212318e-08,6.85945944493904e-09,3.68656778755771e-09,3.08826361263926e-09,6.52076354934548e-09,3.44215360615861e-09,6.14275972425854e-09,2.95114454594889e-09,2.82247247242832e-09,1.84715485879681e-09,2.87172303675351e-09,3.41998585192287e-09,3.45589900374955e-09,2.61850328625627e-09,1.36233772000141e-09,8.91743657344964e-10,3.33277339297386e-09,1.31729074422765e-09,3.31350822582705e-09
8.88768809431026e-09,2.05720298970531e-08,3.20244669810272e-08,1.52511692822138e-08,2.94771837067085e-08,2.26343521466463e-08,2.65411229298396e-08,3.75763674015398e-08,3.1639282185166e-08,3.73016275422288e-08,5.19663709300374e-08,4.98251113230361e-08,4.42178178519715e-08,3.71072684120559e-08,4.84049545841276e-08,6.13750304227507e-08,6.72521233916312e-08,9.80798335729647e-08,3.13168317124745e-08,3.96805494931276e-08,1.99729584236922e-08,5.63143078969984e-08,3.03348709977418e-08,4.44983927506497e-08,3.47270782296137e-08,1.67796091015697e-08,1.09203086640059e-08,2.57052785196475e-08,1.64747646708871e-08,2.43852099169316e-08,1.40168891008079e-08,9.50252341504947e-09,1.29929278154588e-08,1.37073113649972e-08,1.02120433177631e-08,1.40681995702131e-08,8.08727516550465e-09,1.12779482209883e-08,7.01870049302912e-09,8.42042189863746e-09,1.2800773686979e-08,9.96676729617367e-09,9.79773645350719e-09,6.02807441585357e-09,4.24246287639256e-09,1.11570920716005e-08,5.65898054854918e-09,1.11859100436334e-08,5.66109209445906e-09,8.33148162528345e-09,1.41161227239432e-08,8.33375692891968e-09,1.22171692775875e-08,1.21599892786991e-08,1.18848149527897e-08,1.62111503906075e-08,1.3657831510076e-08,1.65015527149216e-08,2.38336915648934e-08,2.3782233714918e-08,1.93484185514407e-08,1.64088088548083e-08,2.00487353547497e-08,2.83637587427776e-08,2.77404182158251e-08,4.13627086649532e-08,1.42192621957916e-08,1.71046987776698e-08,8.03480547658009e-09,2.38149332509691e-08,1.50236561988282e-08,1.98899075255835e-08,1.45337518934548e-08,6.946076217839e-09,4.45963697905692e-09,1.26293975634043e-08,6.26080217403339e-09,1.11708626214466e-08,6.09980933018896e-09,3.79861013500938e-09,3.75519716515668e-09,5.75627861331521e-09,3.73314521957465e-09,5.59949415518717e-09,3.19402087281402e-09,3.47387451514305e-09,2.45411521278369e-09,3.18261463127512e-09,3.69384737859908e-09,3.57107494549501e-09,3.03962426796193e-09,1.86344638378963e-09,1.3098907412236e-09,3.58212531339392e-09,1.90405205423113e-09,3.94030782053999e-09
5.84926525778475e-09,9.1082885612249e-09,1.58352032311204e-08,7.78762788771459e-09,1.61073001527423e-08,1.32551290312704e-08,1.0486676074907e-08,1.74264360624405e-08,3.87500538899813e-08,1.83496512730573e-08,3.09162765421477e-08,3.10624094581381e-08,2.00807643278057e-08,4.51728149013551e-08,2.14130088145401e-08,3.61095574907234e-08,3.88570459699648e-08,3.13168317124745e-08,5.45346232752688e-08,2.50305897025599e-08,1.11167716751659e-08,4.65980024237895e-08,2.2828136616912e-08,4.38095407565322e-08,2.17508755670386e-08,9.77999566545968e-09,9.26856256011978e-09,1.97336381627917e-08,1.04634161402848e-08,1.94026212316224e-08,8.70350756226249e-09,8.5470681148935e-09,5.32543894532863e-09,9.01781727375121e-09,9.11421093024129e-09,9.32795132055245e-09,7.39711373727262e-09,4.59572821752785e-09,4.44643521152376e-09,7.86000389402357e-09,5.86656199177654e-09,9.0193637010261e-09,4.01656592928138e-09,3.6633127951138e-09,3.09986017400982e-09,4.9932084625298e-09,3.64508030590945e-09,5.10067150382844e-09,3.55764630068677e-09,3.34807076520632e-09,6.81131627567359e-09,3.51976743533655e-09,6.82156274101013e-09,6.83504162735681e-09,4.06691532810957e-09,7.44567951923898e-09,1.7911526166773e-08,7.9659239557811e-09,1.35890116247205e-08,1.3794002200485e-08,8.57023365434649e-09,2.13565540075965e-08,1.17730273930477e-08,1.61238668151809e-08,1.9186540829367e-08,1.42860923846773e-08,2.68868515120507e-08,1.38639177930661e-08,4.2953798157097e-09,2.38708983075236e-08,1.28094641141727e-08,2.26843641155544e-08,1.16505069611502e-08,3.68240053923385e-09,3.22480442133231e-09,1.09389075052846e-08,3.84231061354647e-09,9.86306812348495e-09,3.51632011797887e-09,2.65760794552661e-09,1.82144091692154e-09,3.99990377624293e-09,2.58543814273369e-09,3.52668981437457e-09,2.18639053923379e-09,1.78461188493049e-09,1.53955351018647e-09,2.39582974958586e-09,2.15485472766591e-09,2.62498118402799e-09,1.49245340639205e-09,1.36096005957604e-09,9.21289108943126e-10,1.81596125558803e-09,1.55926014961606e-09,2.12492260006794e-09
