1.29559013777595e-07,7.10331929225017e-08,2.90902269523627e-08,1.00007603663139e-07,6.46477761334004e-08,9.33812113631634e-08,6.09388703720209e-08,2.49556103587587e-08,2.37261393158147e-08,5.56241974237078e-08,2.71496198931548e-08,5.39057909713193e-08,2.14909001278471e-08,1.92675080126074e-08,1.07338522975012e-08,2.31128782935183e-08,1.96647318426634e-08,2.30206520522348e-08,1.77733153548509e-08,9.92192155617254e-09,1.22468905502525e-08,1.82426055178036e-08,1.13578205839577e-08,1.81733401940351e-08,9.72721853081581e-09,1.12901484538714e-08,8.6553898280474e-09,1.08804267643009e-08,1.12548004598801e-08,1.1772557137513e-08,1.16328571366418e-08,9.0215488026775e-09,7.99720113830253e-09,1.16804766365557e-08,1.1292773046978e-08,1.45443147531879e-08,8.15159381581765e-09,6.86369747627561e-09,7.14494904936026e-09,9.91853081331406e-09,9.71286903917445e-09,1.21822612717033e-08,7.10349804116841e-09,7.52271881910393e-09,5.541582598821e-09,1.02614747505455e-08,7.40954520612337e-09,1.04205062065173e-08,8.73840809565325e-08,3.69454572592921e-08,1.83411388079727e-08,6.87249358259697e-08,3.44026980769972e-08,6.31288085824203e-08,3.34280224590255e-08,1.51619437137432e-08,1.0681362475905e-08,3.00700146893668e-08,1.58764916546291e-08,2.73733675324015e-08,1.24607106059057e-08,1.01829312554153e-08,8.28699998075715e-09,1.32348697118468e-08,1.12074715142464e-08,1.1629870817522e-08,9.91417583800954e-09,7.86764259863911e-09,7.56421071106274e-09,1.06509122721211e-08,8.28112289272577e-09,1.22313671476883e-08,7.58154196500399e-09,7.38800163956998e-09,6.50590465132548e-09,8.20897298256784e-09,1.02131102573498e-08,1.06577856407743e-08,7.62605614085159e-09,7.07031612424568e-09,5.6684173465579e-09,9.9575045385291e-09,8.6118019131197e-09,1.22083175457059e-08,7.0017674040388e-09,4.86510875243955e-09,5.91477749628043e-09,7.64271469818231e-09,7.72910263952780e-09,1.0179434957287e-08,4.89843692968659e-09,6.36362343084417e-09,4.26608545180743e-09,8.30401114235152e-09,6.52424947189726e-09,8.17501325204368e-09
7.10331929225017e-08,2.46680125962086e-07,7.00161602425686e-08,1.24024734160827e-07,2.07843415566405e-07,9.83958726650227e-08,2.16987288817021e-07,5.97598313454292e-08,3.09233388531655e-08,1.83642656808755e-07,5.35567277875639e-08,1.67421211585373e-07,5.12797319642982e-08,2.72801878982482e-08,3.03685691981768e-08,4.57467791508018e-08,2.86721971590477e-08,4.6337416349885e-08,2.47127219475697e-08,2.46054549012945e-08,1.56781763498479e-08,2.44536764561397e-08,2.70954255842827e-08,2.50797336119093e-08,2.41077017903823e-08,1.529499777909e-08,9.8697281269849e-09,2.63915677663676e-08,1.6961029688448e-08,2.97198743445737e-08,1.49326122094971e-08,1.03394510798788e-08,1.14797584394086e-08,1.65443490571869e-08,1.32725672138355e-08,2.03611249116154e-08,9.65838857790514e-09,9.90210359402391e-09,9.25455059377892e-09,1.14150607165353e-08,1.18499991542033e-08,1.32808505573422e-08,1.02789085678862e-08,1.09384713908711e-08,7.36912615998925e-09,1.25203875997679e-08,1.15186635731045e-08,1.28286368712427e-08,4.75789174667537e-08,1.29658509742975e-07,4.95577639894237e-08,8.48206621553804e-08,1.08899393772579e-07,6.82613860111078e-08,1.19997815859702e-07,4.25051252335489e-08,1.33663757941732e-08,9.92927280505782e-08,2.84251280790132e-08,7.05647878911215e-08,3.54200827515961e-08,1.30723378111856e-08,2.21959843398172e-08,2.52229507293925e-08,1.5699709468737e-08,2.36223972023019e-08,1.25624650714964e-08,1.96480507671979e-08,1.3479206210017e-08,1.4083465547403e-08,2.09875438999282e-08,1.60809882078006e-08,2.00873122208754e-08,1.32687148455619e-08,8.28168739799195e-09,2.08901406495112e-08,1.61980387637234e-08,2.73621229614326e-08,1.25537087577079e-08,8.53078381078078e-09,7.61578813735361e-09,1.53071932397474e-08,9.93221149506742e-09,1.68014608497239e-08,8.22355049684152e-09,6.57805884931703e-09,6.54270694543658e-09,8.71977625962617e-09,8.58132435263211e-09,9.93422281100534e-09,7.06805076718372e-09,7.02531149132171e-09,7.32500994736998e-09,9.67605572036599e-09,9.25574847270012e-09,1.21412026559023e-08
2.90902269523627e-08,7.00161602425686e-08,1.5431849642781e-07,5.88217615235397e-08,1.15921204205804e-07,1.08083170479403e-07,5.98157263928761e-08,1.2756879552296e-07,5.84011506369922e-08,9.64339927840335e-08,1.01088447167784e-07,7.81091561338177e-08,1.11043009995596e-07,5.10348935839633e-08,2.59750451121206e-08,8.68193214550575e-08,4.67372340973304e-08,7.97410958462196e-08,4.55762106250285e-08,2.16225729894124e-08,2.15900540868533e-08,4.1481684308415e-08,2.15594849958141e-08,3.88021976068857e-08,1.92202988860837e-08,2.01824972265895e-08,8.33957100724791e-09,1.9170686325341e-08,1.95817528504643e-08,1.87595662075829e-08,1.92888001548651e-08,8.56970241708564e-09,9.58961337640466e-09,1.87150293505468e-08,1.17871867866545e-08,2.38315404782965e-08,8.2200726744232e-09,7.4141658400868e-09,6.23245887861253e-09,1.03849580445471e-08,9.20895623829483e-09,1.17508752908087e-08,7.96367626225742e-09,6.0205667984896e-09,6.47733578531435e-09,9.34951145592046e-09,7.92064059416407e-09,1.03695070886201e-08,1.76934634729629e-08,4.0147129846702e-08,1.02213982011204e-07,3.2286925781269e-08,7.33857461335475e-08,6.91186879230602e-08,3.85478702204806e-08,8.55577816301689e-08,3.25015653192606e-08,6.33114036062414e-08,6.32535268632181e-08,4.57632932056342e-08,7.55581918909326e-08,3.02215101566323e-08,1.13972135829752e-08,5.55198748797187e-08,2.63220020733728e-08,4.71893640602e-08,2.73013171351282e-08,9.97006996080362e-09,1.37609706754552e-08,2.35013133583161e-08,1.0513321867012e-08,2.26617298697101e-08,9.72289546694832e-09,1.3459462996071e-08,8.34528408975713e-09,1.18527865098046e-08,1.20978148541895e-08,1.08788535853409e-08,1.32251455186975e-08,8.3419880070206e-09,6.94937412162737e-09,1.16961924580762e-08,9.72799630837034e-09,1.70327111869759e-08,7.44722803704262e-09,5.7487910853914e-09,4.12203959285377e-09,7.9744819334418e-09,7.25079868654968e-09,9.4125131582044e-09,6.00540531842201e-09,4.53473774137083e-09,5.69030047659273e-09,7.40882983582277e-09,7.12053740550213e-09,8.10568529716455e-09
1.00007603663139e-07,1.24024734160827e-07,5.88217615235397e-08,1.63841476707703e-07,9.90383303546623e-08,1.3286338317775e-07,1.07360778497737e-07,5.04770202097366e-08,2.86855404616577e-08,8.51547185319065e-08,4.76708346397653e-08,7.8224977690681e-08,4.3644455574877e-08,2.60024164512232e-08,2.3515977684039e-08,4.13467586218546e-08,2.55485969441792e-08,4.09122379783499e-08,2.34684863212707e-08,2.04129240919541e-08,1.29505676912282e-08,2.29913122989704e-08,2.22055415552427e-08,2.21972055893381e-08,1.96153392011385e-08,1.20012057996089e-08,7.72986759758723e-09,2.07375957124667e-08,1.24362184986935e-08,2.22820122279669e-08,1.24740866800936e-08,8.37327453633269e-09,8.46440431908967e-09,1.30792577180989e-08,1.06588424252444e-08,1.62133647735016e-08,8.02456688597614e-09,7.34266703251868e-09,7.60335846145747e-09,9.61842449609399e-09,9.9274431956738e-09,1.15554207307925e-08,7.34493608446158e-09,9.04749652456041e-09,6.47072182015563e-09,1.04846912567656e-08,9.09221917579619e-09,1.02475051634893e-08,6.96637034645562e-08,7.3954471349108e-08,4.1651960785344e-08,1.12627012141719e-07,6.14920021047976e-08,9.10835043054125e-08,6.61175156901142e-08,3.57985477902383e-08,1.33512598571909e-08,5.38786019262359e-08,2.63890778530893e-08,4.07085439957489e-08,2.98099773813391e-08,1.29717864401388e-08,1.62519056452868e-08,2.30567801377673e-08,1.50962966412207e-08,2.25439305329756e-08,1.16018596599529e-08,1.54701227199087e-08,1.03014347904489e-08,1.30418503423105e-08,1.5541446615042e-08,1.38872447594459e-08,1.52717753527398e-08,9.90774427982557e-09,5.64845581808124e-09,1.49045017404026e-08,1.13209814715021e-08,1.81364540865578e-08,1.01866566292071e-08,6.31501110218325e-09,6.10203361951902e-09,1.12778740461897e-08,8.3289894092036e-09,1.40708774008548e-08,6.36873664856729e-09,5.39259658870996e-09,6.61815437566456e-09,7.62116738403401e-09,8.11784346904908e-09,9.29956507761951e-09,5.58011681914288e-09,7.1433132607268e-09,5.9426658584004e-09,8.64272034168607e-09,8.80400746432434e-09,1.0032004978931e-08
6.46477761334004e-08,2.07843415566405e-07,1.15921204205804e-07,9.90383303546623e-08,2.88009211124552e-07,1.51020259052665e-07,1.83659228922808e-07,9.63773303621287e-08,5.3574647890226e-08,2.51516896461298e-07,7.70925773884648e-08,2.10753215636564e-07,8.28310726597004e-08,4.58154096694474e-08,3.19935279728796e-08,6.49848028896169e-08,4.50751981805013e-08,6.33301729126295e-08,3.98726777650774e-08,2.45650464627665e-08,2.59560492205632e-08,3.77306716360898e-08,2.50647925708461e-08,3.65380405570396e-08,2.23926368410323e-08,2.43575045664412e-08,1.21887063142669e-08,2.27037101701706e-08,2.70220674529313e-08,2.44502686525899e-08,2.39318958988813e-08,1.23926918045345e-08,1.43421721695291e-08,2.65695198448168e-08,1.63551670672473e-08,3.13191417158108e-08,1.1522851132148e-08,1.14697594375127e-08,9.8070242576758e-09,1.3551865662484e-08,1.41357542804277e-08,1.62251775924876e-08,1.24102463210669e-08,1.11906110049935e-08,8.68665914329696e-09,1.47058364174353e-08,1.28185634369863e-08,1.60859233040482e-08,4.07635219041762e-08,9.80211669033841e-08,7.64204118084371e-08,6.01081332736335e-08,1.51795335350674e-07,9.95414474415618e-08,9.1028748410738e-08,6.54693373529919e-08,2.59808049796919e-08,1.37280396861897e-07,4.58042170610504e-08,9.77425948446154e-08,5.76740314247764e-08,2.43451912230314e-08,1.88166239747813e-08,4.09825322336628e-08,2.20770155462697e-08,3.56328340459518e-08,2.21961130370356e-08,1.60624711045494e-08,1.92052869406787e-08,2.0236271907994e-08,1.58431637588197e-08,2.0999994831239e-08,1.60916236314429e-08,1.7836613244732e-08,1.25335437797114e-08,1.66545992827724e-08,2.24446561347299e-08,1.99259062180055e-08,1.71433359617713e-08,1.24222738536786e-08,1.06237630749307e-08,2.1048900515375e-08,1.30240104908469e-08,2.24325949122913e-08,1.14334479477543e-08,7.79258222769393e-09,7.32043750152347e-09,1.089428336025e-08,1.060746570994e-08,1.2646972959791e-08,8.2375719528469e-09,7.64580355523498e-09,7.10589995628107e-09,1.15981287618215e-08,9.79805475401898e-09,1.2130377393381e-08
9.33812113631634e-08,9.83958726650227e-08,1.08083170479403e-07,1.3286338317775e-07,1.51020259052665e-07,2.03022826856411e-07,8.45691777275596e-08,8.77559776021528e-08,4.91219440536662e-08,1.276403032245e-07,7.00144649366762e-08,1.05620127891249e-07,7.66042205256615e-08,4.31920578033824e-08,2.47368421198858e-08,6.03882180490712e-08,4.12886371985004e-08,5.81389463482644e-08,3.83380672376416e-08,2.11234801473869e-08,2.37368579737407e-08,3.68888495382642e-08,2.26516808233435e-08,3.552171652722e-08,1.85912291920647e-08,2.20513950606459e-08,9.95731863746395e-09,2.00095055859523e-08,2.2474231007734e-08,1.99098227167594e-08,2.19469427097447e-08,1.03004894591415e-08,1.12746729494697e-08,2.23891746232252e-08,1.41181217667823e-08,2.68574394754876e-08,9.68718289805697e-09,8.88672409239068e-09,7.97551106053233e-09,1.23479482779335e-08,1.07003034807325e-08,1.39421248188528e-08,9.56150082344201e-09,9.01153617514295e-09,6.9746355553644e-09,1.11617971449886e-08,9.64675306977226e-09,1.21068172077808e-08,6.42640070986006e-08,5.5107740946187e-08,7.00068813965465e-08,8.3609050868031e-08,9.84749121584228e-08,1.34929300877017e-07,4.99238518742611e-08,5.75160340563073e-08,2.51250857363808e-08,8.58374271284686e-08,4.01642949240771e-08,6.07994605351553e-08,5.13003181794613e-08,2.38871830783881e-08,1.39894584240123e-08,3.56816081410999e-08,2.35226058519942e-08,3.2296523567859e-08,2.1395958508799e-08,1.31087355417978e-08,1.63648037360319e-08,2.11770569486202e-08,1.42371369587733e-08,2.18361686887013e-08,1.27522584899119e-08,1.54988800266022e-08,8.45980958015352e-09,1.49068155209869e-08,1.67628422171562e-08,1.39099551338322e-08,1.54848561650667e-08,9.09804149967023e-09,8.84921985500483e-09,1.6130147018018e-08,1.16601711306546e-08,2.00298783768982e-08,9.03554047654798e-09,7.11101516265669e-09,6.88402935130813e-09,1.03828464083706e-08,9.27057527733058e-09,1.20117210315203e-08,7.15103435389643e-09,7.451701868596e-09,5.26855107767409e-09,9.69080493758114e-09,8.0100394503999e-09,9.63692722449003e-09
6.09388703720209e-08,2.16987288817021e-07,5.98157263928761e-08,1.07360778497737e-07,1.83659228922808e-07,8.45691777275596e-08,2.91149197250575e-07,7.27937792499338e-08,4.02939702416744e-08,2.53984258285643e-07,6.97403604042484e-08,2.42725993319268e-07,6.37146968144128e-08,3.58569390865242e-08,3.35424524183934e-08,6.10685675766431e-08,3.67004200894775e-08,6.12564309424068e-08,2.89299739452855e-08,2.77089738142431e-08,1.7755758644473e-08,2.87319053887444e-08,3.02297692644742e-08,2.97265259467424e-08,2.70484248536926e-08,1.73468259068984e-08,1.12560457126832e-08,2.9364565087691e-08,1.90198868476856e-08,3.27738782299869e-08,1.69048941545027e-08,1.14586352967543e-08,1.32143186140792e-08,1.84154911126258e-08,1.49564735624932e-08,2.32097315849807e-08,1.05271348363391e-08,1.15723469433461e-08,1.03071352802048e-08,1.29920250917188e-08,1.43412982091816e-08,1.56884515066792e-08,1.13721598100618e-08,1.01120838354328e-08,7.50854760532926e-09,1.42258045453578e-08,1.06702624716373e-08,1.33447972761736e-08,4.2779144463166e-08,1.19988704734665e-07,4.25103823403155e-08,7.60063320195599e-08,9.92727105197354e-08,6.2116769711147e-08,1.73100274567368e-07,5.07230554873274e-08,2.03437662231631e-08,1.5594788106779e-07,3.83310849902969e-08,1.30491593885207e-07,4.3842394029249e-08,1.93239584268332e-08,2.41662588211342e-08,3.40512995971821e-08,2.1101577379248e-08,3.02236305991266e-08,1.58157979422214e-08,2.14127766075209e-08,1.51313953989395e-08,1.74472019663934e-08,2.39773806476724e-08,2.04135133578654e-08,2.16566553146595e-08,1.46346029914505e-08,8.24644982031886e-09,2.33229813934854e-08,1.67781831753266e-08,2.7898692872779e-08,1.39745032751815e-08,8.28555373056638e-09,9.24985189535379e-09,1.54506709335718e-08,1.00824860858501e-08,1.82516873546638e-08,7.99796719232857e-09,8.19319345663546e-09,6.52653694784298e-09,9.09184149795068e-09,9.41729695849494e-09,1.00635509611836e-08,8.28943041155444e-09,6.54208611114133e-09,7.80162654660239e-09,9.7111315233431e-09,9.61309957970879e-09,1.30048368607888e-08
2.49556103587587e-08,5.97598313454292e-08,1.2756879552296e-07,5.04770202097366e-08,9.63773303621287e-08,8.77559776021528e-08,7.27937792499338e-08,1.46039952775413e-07,6.83466402988643e-08,1.16965476294544e-07,1.18094871432403e-07,9.76097034698466e-08,1.26786456589102e-07,5.96045708696896e-08,2.83364374346981e-08,1.0151160663757e-07,5.34998893149941e-08,9.20913936881701e-08,5.22384255568846e-08,2.39344987533437e-08,2.35691733090054e-08,4.65784359195289e-08,2.44214102568279e-08,4.48864783596602e-08,2.12788678577943e-08,2.21097029861976e-08,9.09044640052636e-09,2.17904753763432e-08,2.15146771294662e-08,2.09513612440653e-08,2.10829971887849e-08,9.36974332281365e-09,1.06442115510227e-08,2.0623371181123e-08,1.29241631399536e-08,2.60687745268171e-08,8.92281104083428e-09,8.29230160522484e-09,7.16152125424822e-09,1.12808979523514e-08,1.05715718493399e-08,1.31592233374666e-08,8.17556255321755e-09,6.81490852173177e-09,6.68307007578708e-09,1.03974352999764e-08,8.5462608049882e-09,1.05573218419995e-08,1.62236347524949e-08,3.85211275439081e-08,8.55544910388132e-08,3.11837108823308e-08,6.32762403863069e-08,5.99148149297217e-08,5.06877674519173e-08,9.48599160905462e-08,3.89134375327768e-08,7.99794358582209e-08,7.25585386727062e-08,6.38548497437778e-08,8.47931421126003e-08,3.65099204213528e-08,1.42554717974161e-08,6.48259644187645e-08,3.17388229604048e-08,5.27614213488973e-08,3.21444962064194e-08,1.26909933424574e-08,1.52695800676413e-08,2.75437268467438e-08,1.43076526557303e-08,2.67706191115845e-08,1.18796616186338e-08,1.51247448958296e-08,8.71863905095598e-09,1.52785826641199e-08,1.41668122312372e-08,1.45475103726906e-08,1.49318018938773e-08,8.90348266672557e-09,8.93595402836476e-09,1.37275468281098e-08,1.14675192463876e-08,1.99350543045361e-08,7.97757285457033e-09,7.50157204702926e-09,4.46147885571014e-09,9.50474367941169e-09,8.61021779141223e-09,9.76905593529052e-09,7.86090428779432e-09,4.39997289143324e-09,5.61522737475215e-09,8.98179059148543e-09,7.55027058143623e-09,9.70001455358105e-09
2.37261393158147e-08,3.09233388531655e-08,5.84011506369922e-08,2.86855404616577e-08,5.3574647890226e-08,4.91219440536662e-08,4.02939702416744e-08,6.83466402988643e-08,1.58772287525924e-07,6.95259654611027e-08,1.20514547107607e-07,1.13109014471024e-07,5.96240012969993e-08,1.34678766451825e-07,5.50776095980035e-08,1.03587320804345e-07,1.07754597314101e-07,8.20737962278764e-08,1.18759726689228e-07,4.66909591503771e-08,2.45165272622957e-08,9.43997741081799e-08,4.29183677340639e-08,8.62643275386867e-08,3.90967298970991e-08,2.15198557097829e-08,2.13034711899683e-08,3.54787980229494e-08,2.10136394452247e-08,3.51855457678489e-08,1.8328561468948e-08,2.06341537821298e-08,1.24288232336111e-08,1.83454601656044e-08,2.17413881351237e-08,2.27742538775314e-08,1.93645791508181e-08,1.15253997095394e-08,1.01324884864596e-08,2.02228455881806e-08,1.32895197737982e-08,2.17777095586823e-08,1.09863038881771e-08,9.70039550879072e-09,7.82482396771166e-09,1.24888544024149e-08,1.06826798923359e-08,1.2555214731386e-08,1.23425653027696e-08,1.76616215853659e-08,3.6876535326905e-08,1.5774184126567e-08,3.45326706053888e-08,3.35106293605888e-08,2.57758317914457e-08,3.91992770458325e-08,8.85347802247094e-08,4.4795005061214e-08,7.16280626123543e-08,7.45192469292919e-08,3.73128013971618e-08,8.16063731298597e-08,2.91899925719739e-08,6.67629216667749e-08,6.22066965143942e-08,4.75137990374093e-08,7.35637538396065e-08,2.57319750441857e-08,1.37254554245095e-08,5.55001973286966e-08,2.29455138460982e-08,5.00059283643897e-08,2.31040639617564e-08,1.29378017159916e-08,1.28575697686086e-08,2.12597476724132e-08,1.41762596615633e-08,2.06466480354834e-08,1.18321179551321e-08,1.31536146602416e-08,8.75596142621529e-09,1.37946467962076e-08,1.47655489903411e-08,1.66983854921976e-08,1.23961910027685e-08,8.1027047182099e-09,7.8718094956981e-09,1.40169822624856e-08,9.31751017291204e-09,1.66086921789937e-08,8.05342377537942e-09,7.56300238220902e-09,5.7617692819523e-09,9.00589834377604e-09,9.65591531944957e-09,1.02122504212205e-08
5.56241974237078e-08,1.83642656808755e-07,9.64339927840335e-08,8.51547185319065e-08,2.51516896461298e-07,1.276403032245e-07,2.53984258285643e-07,1.16965476294544e-07,6.95259654611027e-08,3.35531016629929e-07,9.92510186848502e-08,2.99393972274207e-07,1.01495855498459e-07,6.02668805484677e-08,3.6799231351367e-08,8.57610974876235e-08,5.72134031242491e-08,8.2438420303508e-08,4.89073739181953e-08,2.88571788955239e-08,2.92085670871742e-08,4.527239124289e-08,2.96188714219131e-08,4.42745201908537e-08,2.58896686057983e-08,2.74121446047334e-08,1.34860982501273e-08,2.66333273308044e-08,2.9741055038722e-08,2.77143193727666e-08,2.68323382590071e-08,1.36591874830991e-08,1.63493223091522e-08,2.90505468278881e-08,1.86150342921194e-08,3.50686787080531e-08,1.27123948695421e-08,1.32241664188202e-08,1.12681071974812e-08,1.54147122602026e-08,1.73453670120382e-08,1.96179893156913e-08,1.30853642257758e-08,1.0706509362285e-08,9.329437737241e-09,1.66482567300311e-08,1.26220079997602e-08,1.68443242186574e-08,3.84391745646569e-08,9.10115833640842e-08,6.54736910186114e-08,5.69189317450116e-08,1.37249679101598e-07,9.01016970374876e-08,1.44251704288401e-07,7.64298282131112e-08,3.52361729542403e-08,1.96865697405987e-07,5.97429544692836e-08,1.64940436774535e-07,6.86155984405465e-08,3.32132710227165e-08,2.28905725671538e-08,5.47782684113271e-08,2.87583001023135e-08,4.51078974778383e-08,2.77400070818373e-08,1.96439310723504e-08,2.11863346697252e-08,2.46474494606107e-08,2.01294823665362e-08,2.60380632800438e-08,1.87105141667446e-08,2.04265884090073e-08,1.26665799418077e-08,2.06376877624383e-08,2.45862321567291e-08,2.2761418764344e-08,1.98289969070844e-08,1.25920999249005e-08,1.23873794376124e-08,2.28863608731616e-08,1.41732392241055e-08,2.59493590867334e-08,1.18631530183691e-08,9.26066810284213e-09,7.75798791397748e-09,1.18180151755931e-08,1.16794448959076e-08,1.30333422059761e-08,9.41306135656733e-09,7.43016723213247e-09,7.92402713911206e-09,1.17498244395314e-08,1.06408796669289e-08,1.29391695775163e-08
2.71496198931548e-08,5.35567277875639e-08,1.01088447167784e-07,4.76708346397653e-08,7.70925773884648e-08,7.00144649366762e-08,6.97403604042484e-08,1.18094871432403e-07,1.20514547107607e-07,9.92510186848502e-08,1.83785039056376e-07,1.54116612922908e-07,1.01522125709477e-07,1.03573180401228e-07,4.8571355502486e-08,1.5702251292043e-07,8.21036498213348e-08,1.30666937763431e-07,9.09174242612922e-08,4.11553790267134e-08,2.22910108967125e-08,7.13092915748699e-08,3.87415686658757e-08,6.69507581752131e-08,3.51802467961127e-08,1.9677503978198e-08,1.94998801571584e-08,3.2537124891529e-08,1.85743210115438e-08,3.09341710688831e-08,1.69303413605529e-08,1.89279289228748e-08,1.30042515522537e-08,1.63692452350106e-08,2.24821904328753e-08,2.08626953357357e-08,1.74770317503727e-08,1.13304285640906e-08,1.0221403768393e-08,2.02279905556336e-08,1.34621553135806e-08,2.14327507908109e-08,1.0582777864944e-08,9.59937069755388e-09,7.85751627716715e-09,1.25578457674639e-08,1.10777576863226e-08,1.2926432098183e-08,1.87391565601494e-08,3.27797021482518e-08,6.25534611922133e-08,3.01548408303376e-08,4.73030069137533e-08,4.64203430573593e-08,4.59736090543821e-08,6.93202090679775e-08,6.98361179504574e-08,6.5078238442408e-08,1.07265020563922e-07,1.00268878081998e-07,6.29686481605242e-08,6.42117053317322e-08,2.64206561269911e-08,9.69328184264221e-08,4.86480546181098e-08,7.40909221601594e-08,5.76995762735382e-08,2.23525966169513e-08,1.45580623663765e-08,4.16715521795126e-08,2.3860966840432e-08,4.06203191790386e-08,2.02554838662048e-08,1.32146365093849e-08,1.24283141822813e-08,2.16591459488321e-08,1.21898595006425e-08,1.98206342909669e-08,1.26546870328685e-08,1.26298475406379e-08,1.02772833213271e-08,1.18693595763109e-08,1.53970742767468e-08,1.53016198276414e-08,1.13733504018128e-08,9.11623786474745e-09,7.49601133051016e-09,1.35237084116637e-08,1.00102153747948e-08,1.49338424855814e-08,9.3684305701637e-09,7.34795064453035e-09,6.72377637574009e-09,9.95489521409495e-09,1.07001554034947e-08,1.20058522916447e-08
5.39057909713193e-08,1.67421211585373e-07,7.81091561338177e-08,7.8224977690681e-08,2.10753215636564e-07,1.05620127891249e-07,2.42725993319268e-07,9.76097034698466e-08,1.13109014471024e-07,2.99393972274207e-07,1.54116612922908e-07,3.89786347063625e-07,8.47575110023255e-08,9.73423399518102e-08,5.3546690784797e-08,1.33168229105485e-07,8.30625516996619e-08,1.15875358695714e-07,8.09732283637385e-08,4.38936764690724e-08,2.6171025750473e-08,6.79356292683445e-08,4.16912056745504e-08,6.35718726310247e-08,3.74964821378422e-08,2.31198856551268e-08,2.26359304219417e-08,3.50085951326934e-08,2.29520096130317e-08,3.42053072098544e-08,1.93811452736918e-08,2.21167833820303e-08,1.67909950302055e-08,1.91675990746545e-08,2.74794173095806e-08,2.48166297843026e-08,1.98274450858698e-08,1.40935399025551e-08,1.2822736279741e-08,2.3725263083815e-08,1.90410949698798e-08,2.77524090998758e-08,1.3531677380337e-08,1.2379330734389e-08,1.04858862572536e-08,1.80434463350097e-08,1.49968203443087e-08,1.86822062057374e-08,3.80432939569252e-08,8.41302947426936e-08,4.71895946253085e-08,5.18309737572925e-08,1.08401439577327e-07,7.14323801902355e-08,1.42888808673631e-07,5.581275699578e-08,5.79666914593823e-08,1.71590500807859e-07,8.84177813960396e-08,2.23045314620322e-07,5.16620351890321e-08,5.41759552896014e-08,3.34379072922139e-08,8.24387096591243e-08,4.37113254768071e-08,6.3000391590676e-08,4.74294833474261e-08,2.74789589361995e-08,1.71895266390975e-08,3.71291158369588e-08,2.66783580141499e-08,3.74070594658685e-08,2.43950637351451e-08,1.67469904793084e-08,1.37299379802328e-08,2.49171736608699e-08,1.54340337720268e-08,2.28425188488971e-08,1.49787490254071e-08,1.39353840495675e-08,1.17796555684677e-08,1.41765663614345e-08,1.58161178509748e-08,1.73128030237437e-08,1.25804707788664e-08,9.36820037192202e-09,7.86949860454789e-09,1.33281429367919e-08,1.02305113041866e-08,1.54728962073214e-08,9.6096971825667e-09,7.90640356790786e-09,9.119072807795e-09,1.04327295882858e-08,1.32674539904693e-08,1.43362514858385e-08
2.14909001278471e-08,5.12797319642982e-08,1.11043009995596e-07,4.3644455574877e-08,8.28310726597004e-08,7.66042205256615e-08,6.37146968144128e-08,1.26786456589102e-07,5.96240012969993e-08,1.01495855498459e-07,1.01522125709477e-07,8.47575110023255e-08,1.50785239217947e-07,6.60798370058518e-08,3.30213271176012e-08,1.16856952612748e-07,5.96150572599531e-08,1.05802180730378e-07,5.73590930940595e-08,2.77415241266494e-08,3.01845906574392e-08,5.14118233600259e-08,2.96163667312545e-08,5.0194287904836e-08,2.39828472858256e-08,2.72460382565954e-08,1.1946594927709e-08,2.58708338433029e-08,2.68643208238227e-08,2.41441102784157e-08,2.55285637167018e-08,1.14717453945523e-08,1.12943433735671e-08,2.55691589515283e-08,1.51605917232567e-08,3.07926333372318e-08,1.04876841617407e-08,8.86366353811358e-09,8.11697235224563e-09,1.3050801538378e-08,1.11465413971732e-08,1.4836664376829e-08,8.82912437155905e-09,7.74029645679345e-09,7.16594087751904e-09,1.10192610558485e-08,9.64617501399445e-09,1.10012248719223e-08,1.38220874363285e-08,3.61236676456089e-08,7.55230140778735e-08,2.87279892100331e-08,5.57924617034201e-08,5.2318104442612e-08,4.79308749975102e-08,8.47814128121501e-08,3.64814840577151e-08,7.18110835831311e-08,6.4797573111689e-08,5.74781698340342e-08,1.02480909025943e-07,4.41551524467843e-08,1.74215079340433e-08,8.25372261361173e-08,3.42617741319056e-08,6.00075665356144e-08,3.99123958273972e-08,1.53173713322636e-08,1.93264619135911e-08,3.02938980824238e-08,1.95256001613219e-08,3.01002642716603e-08,1.34249662464734e-08,1.80544630223403e-08,1.0234082823447e-08,1.90647325110642e-08,1.7950180379076e-08,1.75895479066969e-08,1.79176329589999e-08,1.05783915532164e-08,8.35767196077489e-09,1.79042582932883e-08,1.32793506168459e-08,2.28656113236468e-08,9.35426436306705e-09,6.97102352576693e-09,5.28614600255216e-09,1.10123557109544e-08,7.98305182353521e-09,1.13689540308318e-08,7.25401733401002e-09,5.32179096070827e-09,5.92001156737273e-09,8.28003751938837e-09,8.27921599064285e-09,8.97904896789558e-09
1.92675080126074e-08,2.72801878982482e-08,5.10348935839633e-08,2.60024164512232e-08,4.58154096694474e-08,4.31920578033824e-08,3.58569390865242e-08,5.96045708696896e-08,1.34678766451825e-07,6.02668805484677e-08,1.03573180401228e-07,9.73423399518102e-08,6.60798370058518e-08,1.48251981399534e-07,6.20645516965259e-08,1.14586278824656e-07,1.19564172652597e-07,9.1741243029666e-08,1.27936774742289e-07,5.07776498710748e-08,2.79980738287534e-08,1.02392595531456e-07,4.71572627321193e-08,9.33887304331686e-08,4.19468471884106e-08,2.43557581943274e-08,2.35878568581396e-08,3.8674036793365e-08,2.35231772863809e-08,3.71888048829348e-08,2.11363306848469e-08,2.28122098525402e-08,1.34868845709359e-08,2.07430078726237e-08,2.43202072775917e-08,2.49976892701545e-08,2.09496975270135e-08,1.23379340440517e-08,1.09559854029828e-08,2.22921909264631e-08,1.41694071059185e-08,2.39299829716516e-08,1.1776884210575e-08,1.02843072759417e-08,8.2516463476859e-09,1.32630062867501e-08,1.15299355338143e-08,1.34661093220692e-08,1.14414197420804e-08,1.6800421472003e-08,3.3488720459646e-08,1.53869435517904e-08,3.06040675712129e-08,2.83370127708484e-08,2.55954814321385e-08,3.72906294844765e-08,8.15782849510007e-08,4.03937192687983e-08,6.67301834771366e-08,6.72824374757144e-08,4.1430173814424e-08,9.98162318872981e-08,3.39508525909229e-08,7.79103686818416e-08,7.63922884662888e-08,5.6015435381598e-08,8.33243586093846e-08,2.87298565800576e-08,1.48983497706827e-08,6.07941140790847e-08,2.64504899086963e-08,5.64184757900712e-08,2.54783162800091e-08,1.40605290155508e-08,1.35242903459562e-08,2.38656480920159e-08,1.53363786757014e-08,2.25449518425519e-08,1.29851735853899e-08,1.36890634620294e-08,9.88245743569704e-09,1.50694201207858e-08,1.73128806527785e-08,1.80462532825872e-08,1.32593871003379e-08,8.59672760842471e-09,8.06352300490944e-09,1.57991905454451e-08,9.37979574979936e-09,1.79277696401305e-08,8.5630762285577e-09,7.87985104294961e-09,5.9380384717627e-09,9.03632465075088e-09,1.0216641138165e-08,1.02515751376813e-08
1.07338522975012e-08,3.03685691981768e-08,2.59750451121206e-08,2.3515977684039e-08,3.19935279728796e-08,2.47368421198858e-08,3.35424524183934e-08,2.83364374346981e-08,5.50776095980035e-08,3.6799231351367e-08,4.8571355502486e-08,5.3546690784797e-08,3.30213271176012e-08,6.20645516965259e-08,1.75061505480496e-07,5.48757815892358e-08,1.29577620099463e-07,1.17427200899677e-07,5.0793005151726e-08,1.39597542874644e-07,6.21036330564971e-08,1.07704065295619e-07,1.08149270574471e-07,8.1214157637732e-08,1.19489467699409e-07,5.2164507864275e-08,2.51162066114065e-08,9.04156929291114e-08,4.73125353222125e-08,8.30742712112153e-08,4.47923546472668e-08,2.18254417500294e-08,2.63573656621246e-08,3.99595998205932e-08,2.60218657299215e-08,4.2400492772011e-08,1.92968600237563e-08,2.24248839642109e-08,1.20477511423626e-08,2.19017437454786e-08,2.55098555807255e-08,2.32709667283096e-08,2.06634521602119e-08,1.06422575613225e-08,8.61707511165582e-09,2.35129089299949e-08,1.10862497805933e-08,2.17169048406062e-08,7.57798582912192e-09,1.90580811271157e-08,1.80158028298754e-08,1.60689617410465e-08,1.67204279268534e-08,1.57537764428973e-08,2.0894507774196e-08,1.82169303370493e-08,3.31910674086987e-08,1.86199709120549e-08,2.60477471388283e-08,3.05976685464811e-08,2.05848626682573e-08,4.47576356757766e-08,9.91705362045823e-08,3.23401674602177e-08,7.97332823580126e-08,7.18868272674273e-08,3.45343374681727e-08,8.39898192412211e-08,3.93443489311727e-08,6.06860640061917e-08,6.6485978072105e-08,4.67082503554884e-08,7.60242337130481e-08,3.37220887403594e-08,1.38556374347128e-08,5.87690101509736e-08,3.26244937951984e-08,5.49233455038813e-08,3.1421270172302e-08,1.34911945474741e-08,1.31456856012693e-08,3.11307658250073e-08,1.7942637365531e-08,3.00317312849697e-08,1.05076693014008e-08,1.15246907723139e-08,7.10399756371782e-09,1.31535786469144e-08,1.47912163026712e-08,1.46055801329483e-08,1.10512512309456e-08,6.6146430130879e-09,6.85314483849008e-09,1.39961975058188e-08,8.86055237312493e-09,1.45447335348214e-08
2.31128782935183e-08,4.57467791508018e-08,8.68193214550575e-08,4.13467586218546e-08,6.49848028896169e-08,6.03882180490712e-08,6.10685675766431e-08,1.0151160663757e-07,1.03587320804345e-07,8.57610974876235e-08,1.5702251292043e-07,1.33168229105485e-07,1.16856952612748e-07,1.14586278824656e-07,5.48757815892358e-08,1.79947419888017e-07,9.13100457478788e-08,1.48791465956405e-07,9.82780750039804e-08,4.46520737829995e-08,2.52313458103069e-08,7.67652690025565e-08,4.26691008237128e-08,7.19669978360659e-08,3.74672674541295e-08,2.24218325233191e-08,2.21904648472796e-08,3.55636327447201e-08,2.1199044031496e-08,3.25137998805548e-08,1.9682433752876e-08,2.16579189446773e-08,1.39737018626691e-08,1.89972029490725e-08,2.49948242305279e-08,2.35327048924983e-08,1.92846074723636e-08,1.21214527993943e-08,1.09984648615348e-08,2.22329137382885e-08,1.40432465288134e-08,2.34097322598492e-08,1.14537571384506e-08,1.03211087344983e-08,8.08388193690833e-09,1.31481378347342e-08,1.18486990194289e-08,1.35104110696642e-08,1.54075400832162e-08,3.14095448214396e-08,5.56846705970608e-08,2.82663297185817e-08,4.26679347743951e-08,4.03975355285994e-08,4.52688078699635e-08,6.29481089837919e-08,6.41758047719022e-08,5.98084773476255e-08,9.68944332748211e-08,9.01870202019201e-08,7.64516939739189e-08,8.0480860549788e-08,3.02823295982953e-08,1.20922515171746e-07,5.98768094564522e-08,8.86859501464845e-08,6.69783163856228e-08,2.49311418685925e-08,1.51630651152697e-08,4.56204105298842e-08,2.70578062138891e-08,4.47523682536825e-08,2.21908738292429e-08,1.39652254430525e-08,1.32234587476674e-08,2.40921368006069e-08,1.27433527004304e-08,2.10043690095619e-08,1.34921085492603e-08,1.33979253998141e-08,1.08934527697483e-08,1.2518863665997e-08,1.83606881575937e-08,1.68297301451824e-08,1.27190072106395e-08,9.08150418641177e-09,7.95314506238053e-09,1.55980638971792e-08,9.70908044916656e-09,1.64731879639674e-08,9.42694085235655e-09,7.97359159514886e-09,6.94384889831634e-09,9.59055393060593e-09,1.11419789157361e-08,1.15821635116557e-08
1.96647318426634e-08,2.86721971590477e-08,4.67372340973304e-08,2.55485969441792e-08,4.50751981805013e-08,4.12886371985004e-08,3.67004200894775e-08,5.34998893149941e-08,1.07754597314101e-07,5.72134031242491e-08,8.21036498213348e-08,8.30625516996619e-08,5.96150572599531e-08,1.19564172652597e-07,1.29577620099463e-07,9.13100457478788e-08,2.02344508918523e-07,1.59825680680125e-07,1.02404092858674e-07,1.07697690192008e-07,5.63518068925136e-08,1.733419760248e-07,8.17380234813799e-08,1.38728866887852e-07,9.07838093678466e-08,4.69188096435107e-08,2.65161992117958e-08,6.73537333579825e-08,4.34319544852538e-08,6.2524405178412e-08,3.96253453001422e-08,2.27011227322966e-08,2.65851010363914e-08,3.59168944410513e-08,2.68323090692314e-08,3.89153682895882e-08,2.02299621180923e-08,2.24015055029606e-08,1.31584667913e-08,2.2754679049223e-08,2.71738065593587e-08,2.48466864688241e-08,2.1174317835681e-08,1.21130545742145e-08,9.43617409520948e-09,2.53311281111558e-08,1.38400691467807e-08,2.47930811136869e-08,1.09631254180972e-08,1.71767096100734e-08,3.16560893768892e-08,1.50276938244161e-08,2.92293004476937e-08,2.63427210308878e-08,2.56658990505322e-08,3.47086681750257e-08,6.42245052657084e-08,4.11974892315792e-08,4.89488345547017e-08,5.61338560195283e-08,3.88558188512045e-08,8.06925664776477e-08,7.20851742771093e-08,5.85339362064766e-08,1.24552309245896e-07,9.71805442199971e-08,6.71931917075067e-08,6.18019841308152e-08,3.38665841330064e-08,1.02095831880975e-07,4.70028946983659e-08,8.3822354770473e-08,5.4835845745305e-08,3.01363833384494e-08,1.56755711000891e-08,4.20029233223194e-08,3.01427229371805e-08,3.84446745861211e-08,2.76824938367532e-08,1.5085595859992e-08,1.45380662732626e-08,2.83840690327422e-08,1.89912778143055e-08,2.84917327335138e-08,1.18131377893081e-08,1.25455308317942e-08,8.15005281823116e-09,1.39590836748142e-08,1.622825027565e-08,1.64271742117627e-08,1.23057331964469e-08,8.13731698088557e-09,6.92386370207955e-09,1.54335267738673e-08,1.02302145533576e-08,1.45700601196503e-08
2.30206520522348e-08,4.6337416349885e-08,7.97410958462196e-08,4.09122379783499e-08,6.33301729126295e-08,5.81389463482644e-08,6.12564309424068e-08,9.20913936881701e-08,8.20737962278764e-08,8.2438420303508e-08,1.30666937763431e-07,1.15875358695714e-07,1.05802180730378e-07,9.1741243029666e-08,1.17427200899677e-07,1.48791465956405e-07,1.59825680680125e-07,2.33486577483828e-07,7.73605812989664e-08,9.59780413283141e-08,4.95789618511093e-08,1.35169476309774e-07,7.32849676332995e-08,1.07083410933796e-07,8.14549510208275e-08,4.15633343779701e-08,2.39627782815533e-08,6.08519064123479e-08,3.81021394318702e-08,5.47378576638286e-08,3.49000316436508e-08,2.09968825834402e-08,2.7828897234311e-08,3.13903393996648e-08,2.55589463665703e-08,3.49900674584931e-08,1.8475450921241e-08,2.30459458504871e-08,1.42565681651343e-08,2.18204035566165e-08,2.85825507609726e-08,2.46111906312882e-08,2.17187006914097e-08,1.32590618581311e-08,9.46892137266301e-09,2.68480909465637e-08,1.51167971912628e-08,2.6014907823428e-08,1.37205042755469e-08,3.0503001582102e-08,5.23201312309228e-08,2.63419975923465e-08,4.08479584638156e-08,3.73031775144074e-08,4.41440276349291e-08,5.79590699377008e-08,5.02837625381937e-08,5.92354927112227e-08,7.85075630778847e-08,7.87292845043044e-08,7.03730133861283e-08,6.38733565309325e-08,6.4119317904246e-08,9.84769428290127e-08,9.8936255433943e-08,1.41147049808362e-07,5.1882156307472e-08,5.38121621121156e-08,2.92130624660274e-08,7.86845476791039e-08,4.28997661263222e-08,6.32269301835298e-08,4.8079548270515e-08,2.61939679288575e-08,1.4247445992377e-08,3.83502590089383e-08,2.46083277711767e-08,3.29951136396569e-08,2.4269878645589e-08,1.44373869686353e-08,1.58600573561924e-08,2.33445190508897e-08,1.92804419820608e-08,2.62810062956818e-08,1.21444573674825e-08,1.3786602820509e-08,9.30499389966622e-09,1.46791374362749e-08,1.85031392395127e-08,1.63976357490037e-08,1.33654175972242e-08,9.09913741705384e-09,7.36466690961124e-09,1.73598145804739e-08,1.16069850804349e-08,1.64896345924317e-08
1.77733153548509e-08,2.47127219475697e-08,4.55762106250285e-08,2.34684863212707e-08,3.98726777650774e-08,3.83380672376416e-08,2.89299739452855e-08,5.22384255568846e-08,1.18759726689228e-07,4.89073739181953e-08,9.09174242612922e-08,8.09732283637385e-08,5.73590930940595e-08,1.27936774742289e-07,5.0793005151726e-08,9.82780750039804e-08,1.02404092858674e-07,7.73605812989664e-08,1.43762326541532e-07,5.86412758607765e-08,3.16435103004422e-08,1.15577044889309e-07,5.37159684724819e-08,1.05866871246023e-07,4.83345666425458e-08,2.78063139467061e-08,2.51594887152209e-08,4.40127534306965e-08,2.60212700676404e-08,4.24511209686252e-08,2.40809421777574e-08,2.41251969384898e-08,1.57151861138768e-08,2.27305683418074e-08,2.66072348014005e-08,2.72328547294256e-08,2.18000144896771e-08,1.36362720900688e-08,1.22668823231748e-08,2.41010607551738e-08,1.57246976773682e-08,2.60653272492768e-08,1.2940955604355e-08,1.15852353284256e-08,9.61505418496465e-09,1.48005809999999e-08,1.27294396674636e-08,1.44057198145677e-08,1.06147363351636e-08,1.51675740437518e-08,3.10731698382043e-08,1.44355626687189e-08,2.813701976989e-08,2.58785866233062e-08,1.76073099919381e-08,3.40549996187824e-08,7.35333813542694e-08,3.07376586590026e-08,6.06180039063267e-08,5.39222501307513e-08,3.7340440362255e-08,8.33327842753022e-08,2.87239410914577e-08,6.89316724511147e-08,6.08155406284058e-08,4.77845195362709e-08,9.35574656973225e-08,3.57752541589689e-08,1.96402222799934e-08,6.82665526437824e-08,3.27173460973961e-08,6.43059313300172e-08,3.11238097191221e-08,1.85348018507341e-08,1.33031110028341e-08,2.94258548611248e-08,1.78007971060835e-08,2.80959712235516e-08,1.74082586617816e-08,1.30885133928853e-08,1.11353119354592e-08,1.73314695638277e-08,1.84406286991409e-08,2.04205008975893e-08,1.33037926262464e-08,9.27332267780547e-09,9.23782588811588e-09,1.63074215034042e-08,1.0303931944594e-08,1.87843471620671e-08,9.07947198889723e-09,8.98513683082498e-09,7.18030542336645e-09,9.88356627806637e-09,1.15030386352807e-08,1.06529721247413e-08
