1.36514191022489e-07,7.27811284296148e-08,3.38150062788576e-08,1.05208357652603e-07,6.7430754770105e-08,9.62117477848416e-08,6.3842945880952e-08,2.88860780998725e-08,3.56099959732487e-08,5.77429929841371e-08,2.72629256586542e-08,5.12777791419441e-08,2.53538013281596e-08,3.26115912595329e-08,2.48548693679718e-08,2.32772202680541e-08,3.62709799664334e-08,2.61042124851118e-08,2.68386040314789e-08,2.21146861044359e-08,1.5642935518177e-08,3.19649413987434e-08,1.97866191853261e-08,2.76865588634892e-08,2.01788009883369e-08,1.32783686930905e-08,1.09890041476692e-08,1.72008470441673e-08,1.4484429082899e-08,1.94748717374843e-08,1.19624636761897e-08,9.55436345534085e-09,8.82731053316433e-09,1.25961075386439e-08,1.10259524509304e-08,1.57288584493884e-08,8.37330145175931e-09,8.41456299791167e-09,7.76926205990413e-09,1.00759589422569e-08,1.04169448889855e-08,1.18765710001649e-08,7.11408179434131e-09,7.18832336986719e-09,7.43089826024773e-09,9.5023603516849e-09,7.52408107353436e-09,1.0099707998817e-08,1.03848539372776e-07,5.11469714068068e-08,3.04484863034e-08,8.18237448257771e-08,5.38055602015461e-08,8.03969455048389e-08,4.45175805610485e-08,2.57197698982323e-08,2.35000311996592e-08,4.62739420120762e-08,1.90477842376819e-08,3.69738316324521e-08,2.2110571559236e-08,2.15860273563288e-08,1.77998537906726e-08,1.6528825967525e-08,2.65059736633267e-08,1.95305144549042e-08,1.74481236709666e-08,1.55211776588851e-08,1.24021801795019e-08,2.36909761390684e-08,1.28802621465753e-08,2.02840501851531e-08,1.4434495660981e-08,1.08351103686857e-08,9.48870126981433e-09,1.13428492926777e-08,1.16459695790847e-08,1.42714833212788e-08,9.50939931564329e-09,8.22533356834076e-09,6.43964569927157e-09,1.00539293193084e-08,8.01791512879113e-09,1.28407691226479e-08,7.68693962798757e-09,5.8005866431177e-09,7.10515755605328e-09,7.22861100028605e-09,6.57387849670522e-09,8.53967009706105e-09,4.86764137035974e-09,6.90203532032828e-09,6.08986559323447e-09,6.42939439927969e-09,6.69477819079916e-09,6.81163868269143e-09
7.27811284296148e-08,2.97971480991187e-07,7.60322290010907e-08,1.32354515453875e-07,2.56925853812594e-07,1.02490171498998e-07,2.43605458562157e-07,6.22274849045408e-08,4.03122746269083e-08,2.07823577733008e-07,5.88389341550284e-08,1.84599619566106e-07,5.13095321869589e-08,3.39613622511448e-08,4.55709229662064e-08,4.87035873448167e-08,3.80480632964148e-08,4.88087120077729e-08,2.90427282705607e-08,3.99353204449221e-08,2.26802895513758e-08,3.31541182492361e-08,3.87083417445532e-08,2.87320085130603e-08,3.52402368762008e-08,1.8073214334468e-08,1.59420581196796e-08,3.40795024877131e-08,2.03208975658667e-08,3.58825266708188e-08,1.70052657284095e-08,1.48560448809925e-08,1.27481042225373e-08,1.87942142990994e-08,1.77494572279205e-08,2.02434694068969e-08,1.31549848726326e-08,1.15204984874781e-08,1.23332357657765e-08,1.61516949041359e-08,1.60553128318326e-08,1.92531663214169e-08,1.01840958074703e-08,1.09584093150418e-08,8.73297901331489e-09,1.46571964108602e-08,1.00565516898361e-08,1.39386004232643e-08,6.00239628966083e-08,1.79105296469482e-07,6.09979024183584e-08,1.08264951165214e-07,1.52066648739358e-07,8.5453120275831e-08,1.53117384839463e-07,5.23196786949989e-08,2.43036618984864e-08,1.28634751970696e-07,4.54656911687066e-08,1.14747000182446e-07,4.77927272568805e-08,2.11327643933374e-08,3.19960298316859e-08,3.92177137451117e-08,2.62673202019022e-08,3.64103633008233e-08,1.67867451558476e-08,2.71543793547034e-08,1.6521903299497e-08,2.3712700269536e-08,2.65048166553463e-08,2.23810476380956e-08,2.52671217929037e-08,1.50809422341719e-08,1.46737747910073e-08,2.46535724199954e-08,1.76542656447416e-08,2.64840343879457e-08,1.41442538028009e-08,1.35795180826372e-08,1.11675512700364e-08,1.62013506834335e-08,1.68112762333793e-08,1.55480740276653e-08,1.20915137652258e-08,9.43893678340428e-09,1.06283291186796e-08,1.48298383069561e-08,1.14597366926626e-08,1.48226479593199e-08,7.71277986104645e-09,1.03191101146042e-08,8.72960942104093e-09,1.10144996591599e-08,7.98684131060245e-09,9.17821386882324e-09
3.38150062788576e-08,7.60322290010907e-08,1.6669572158551e-07,5.91737774373034e-08,1.46135060221526e-07,1.17273623616759e-07,6.22713028367e-08,1.35625894831067e-07,5.65663841426816e-08,1.16189788820208e-07,1.03767436353026e-07,9.02863288417591e-08,1.153995164591e-07,4.74072153328028e-08,2.94319951190486e-08,8.6627780668244e-08,4.60578113528398e-08,8.26330548056351e-08,4.02579024915207e-08,2.5176790221823e-08,2.81462968976715e-08,3.89903744397551e-08,2.49296707692625e-08,3.50160782222467e-08,2.12417908590321e-08,2.53023234367159e-08,1.33390438374408e-08,2.08437560111681e-08,2.60586859002392e-08,2.21197412403788e-08,2.36103787946385e-08,1.25534390307085e-08,1.1640778447063e-08,2.44628268193508e-08,1.43286436455027e-08,2.83111329611899e-08,1.16572105940066e-08,1.09012850972539e-08,1.02353265680173e-08,1.33974180703044e-08,1.29886202477399e-08,1.59622277624976e-08,9.31756433920112e-09,8.56322888766387e-09,8.06889908474672e-09,1.10319477461188e-08,8.97829741754358e-09,1.08716341477101e-08,2.39305360737101e-08,5.75357982421565e-08,1.11515089779917e-07,4.55672395248321e-08,9.74005674140808e-08,8.12197274318453e-08,4.94303162792508e-08,9.47433978428142e-08,3.95820627269097e-08,8.21297471096015e-08,7.58200603708787e-08,6.88317113567823e-08,8.4277382712744e-08,3.46045372562777e-08,1.54156230894141e-08,6.48288098832411e-08,2.95881073160884e-08,5.463372081307e-08,2.94155175823192e-08,1.34827824393681e-08,1.72880826672877e-08,2.67783086698096e-08,1.56499183364002e-08,2.58687620171009e-08,1.21292879433155e-08,1.72054716998337e-08,9.52009593357514e-09,1.52207665665819e-08,1.70640607116999e-08,1.61537124867168e-08,1.59879202441976e-08,9.06649712748979e-09,6.57155449181231e-09,1.5797809772934e-08,9.3051654755428e-09,1.69323000905207e-08,8.4695821510989e-09,6.28793236288417e-09,1.03386469248949e-08,8.7698963521009e-09,8.70057929132738e-09,1.13262827097213e-08,6.13878838242285e-09,9.42452824716429e-09,8.48655465566097e-09,8.28015435028895e-09,9.24429431613429e-09,8.41878231020701e-09
1.05208357652603e-07,1.32354515453875e-07,5.91737774373034e-08,1.83051768442508e-07,9.94228449721312e-08,1.38146993592263e-07,1.10437182730908e-07,4.81170864029876e-08,3.13442218906815e-08,8.0488886629284e-08,4.25889057874486e-08,7.0688272420143e-08,4.08632861027903e-08,2.67969605880128e-08,3.637666542486e-08,3.49265520721322e-08,3.14093676046983e-08,3.59227140443672e-08,2.29846556403077e-08,3.20381532121996e-08,1.96139500258241e-08,2.78883224256741e-08,3.23358115274234e-08,2.47233217782051e-08,2.86133826581258e-08,1.63990498320888e-08,1.27955816898305e-08,2.87278963863301e-08,1.77385293235272e-08,3.1079212962952e-08,1.5084750702814e-08,1.1662998174754e-08,1.09840291281376e-08,1.60748641235997e-08,1.28389471622899e-08,1.9177855507323e-08,1.04261916197776e-08,1.0388564152904e-08,9.16911284001451e-09,1.18459632037435e-08,1.2323698215597e-08,1.40905802206162e-08,9.81669555332811e-09,8.63917128750721e-09,7.79456007806079e-09,1.19443951290811e-08,7.0867538446805e-09,1.08358117542491e-08,8.00626521547961e-08,9.39998761751355e-08,4.63589803779103e-08,1.39131312343793e-07,7.90467073125841e-08,1.12459697593958e-07,8.0575869518827e-08,3.82395140897377e-08,1.79700033845261e-08,6.67060783392128e-08,2.8858089002875e-08,5.41349878637024e-08,3.33138354259529e-08,1.5512113147634e-08,2.47281361168402e-08,2.40827348083964e-08,1.69352867510921e-08,2.36250645266893e-08,1.31876750523885e-08,2.02332916500055e-08,1.4287226264007e-08,1.74415671396503e-08,2.14459787167299e-08,1.8278847967149e-08,1.85248251625352e-08,1.30583430777996e-08,1.22575626305836e-08,1.86099747478078e-08,1.6587708357267e-08,2.32711836538879e-08,1.14656179073677e-08,1.11787873580858e-08,7.72554601476486e-09,1.4542318295379e-08,1.07622634725236e-08,1.58109386784355e-08,1.04620553945889e-08,7.05707816334934e-09,7.36144873927257e-09,9.88465249033746e-09,7.77829080162838e-09,1.09216151722859e-08,6.13828989426761e-09,7.5545438174238e-09,7.89988035226305e-09,7.88737895588345e-09,6.43645400699459e-09,7.61810849397476e-09
6.7430754770105e-08,2.56925853812594e-07,1.46135060221526e-07,9.94228449721312e-08,3.91715327762334e-07,1.82089263885433e-07,2.07865777703636e-07,1.16167534718227e-07,6.13947010379039e-08,3.17864695336322e-07,9.38383914848785e-08,2.53874844606525e-07,9.40673038709767e-08,4.90921375790239e-08,3.96876692354524e-08,7.586465367571e-08,4.87907351959931e-08,6.93559129325428e-08,4.21799907668272e-08,3.51338191554625e-08,3.6442174082924e-08,4.26755460350093e-08,3.3328254754719e-08,3.85372194435893e-08,2.79688057606414e-08,3.11435476375597e-08,2.18972458037384e-08,2.66343578037628e-08,3.44343964521516e-08,3.05453241902524e-08,2.96106969367458e-08,2.03873496719335e-08,1.63890250050491e-08,3.23534395318051e-08,2.37172415929473e-08,3.55775788849969e-08,1.65903321196618e-08,1.46508288565795e-08,1.32369622036547e-08,1.96801921272633e-08,1.86969028377286e-08,2.26053072649681e-08,1.33003999401368e-08,1.15521940113713e-08,1.04815736563373e-08,1.73400246943738e-08,1.24733516251956e-08,1.73003525662948e-08,5.25829787973341e-08,1.54897504445943e-07,1.02062535774785e-07,8.56016711281877e-08,2.19013900654836e-07,1.32436801778262e-07,1.28108626291561e-07,8.56367385642264e-08,4.09290602085158e-08,1.82338566068134e-07,7.33567783747261e-08,1.62064773948632e-07,7.96024993138682e-08,3.35666609479811e-08,2.35872893216401e-08,6.15019345368225e-08,3.1816573630901e-08,5.21685469863883e-08,2.89492984833457e-08,2.08846923654045e-08,2.49249722945916e-08,2.9074032649092e-08,2.08892658334074e-08,2.87063530020368e-08,1.8796754101089e-08,2.27280189145543e-08,1.72682026624486e-08,2.0088949455067e-08,2.54616247276218e-08,2.25782502859144e-08,2.12602092387826e-08,1.6654500438044e-08,1.35696805369123e-08,2.37509014371904e-08,1.9462304868597e-08,2.39947330201031e-08,1.29609442305999e-08,1.17271363849356e-08,1.28268440472946e-08,1.54976878693628e-08,1.49339784311317e-08,1.76544270240694e-08,1.05245726996257e-08,1.16872097428037e-08,9.46791909370144e-09,1.41490885322225e-08,1.01281800177695e-08,1.23004503178896e-08
9.62117477848416e-08,1.02490171498998e-07,1.17273623616759e-07,1.38146993592263e-07,1.82089263885433e-07,2.29711121863447e-07,8.32557473252745e-08,9.088592047785e-08,5.21811538264e-08,1.45770561651387e-07,7.22641694983251e-08,1.12295125802929e-07,7.57320223787802e-08,4.16154858094489e-08,3.33714120009013e-08,5.8049492577426e-08,4.08994929965503e-08,5.23854728316808e-08,3.48362642602453e-08,2.89738056807613e-08,3.29848839714528e-08,3.52762449722796e-08,2.74477163848952e-08,3.29065225458504e-08,2.53836406801276e-08,2.96282471167523e-08,1.76182391680325e-08,2.31285028098219e-08,3.07565612308694e-08,2.53782570878223e-08,2.7866225872014e-08,1.64577070767223e-08,1.48289455790109e-08,2.86910218905501e-08,1.96746937306261e-08,3.16519430042149e-08,1.36743384788269e-08,1.3783178941814e-08,1.1360089789926e-08,1.6857298944808e-08,1.57250756668827e-08,1.97437298617474e-08,1.29096586159099e-08,1.02654761998409e-08,8.85379550319378e-09,1.48383008341617e-08,1.03012732161878e-08,1.50922212567153e-08,6.97414316683398e-08,7.62206731490044e-08,8.51935845689712e-08,1.04254681702703e-07,1.28392053630431e-07,1.71529732292774e-07,6.29828996572912e-08,7.01685272523303e-08,3.36154499484957e-08,1.06733037311728e-07,5.32012042986389e-08,8.74307409649134e-08,6.1071446630638e-08,2.67508017290632e-08,2.05332336058019e-08,4.37111134874509e-08,2.48997603873538e-08,3.76712453385088e-08,2.26585125611429e-08,1.79246305327654e-08,2.32047022865468e-08,2.33991070040289e-08,1.78243299264105e-08,2.47875961917622e-08,1.68696492857001e-08,2.11603766892248e-08,1.4056426789433e-08,1.63887618342087e-08,2.42791405915906e-08,2.02056034553668e-08,1.91504641675674e-08,1.29391925421244e-08,1.08065291562103e-08,2.17611324199716e-08,1.38425886334005e-08,2.32639283053259e-08,1.08258691361603e-08,1.01159698804961e-08,1.11118867491318e-08,1.17646848899508e-08,1.24890023958325e-08,1.50665037416609e-08,9.30055572111486e-09,1.02701057715452e-08,7.83109455353426e-09,1.11532924508576e-08,9.34622722992752e-09,1.1154993688211e-08
6.3842945880952e-08,2.43605458562157e-07,6.22713028367e-08,1.10437182730908e-07,2.07865777703636e-07,8.32557473252745e-08,3.1432175806724e-07,7.19968625590661e-08,4.42716846045461e-08,2.63322293544552e-07,6.88041548567729e-08,2.46290771709429e-07,6.00935043940149e-08,3.76986241454224e-08,4.99016683757141e-08,5.76741721748389e-08,4.05737580985319e-08,5.62900392494596e-08,3.21053036131203e-08,4.37146022228383e-08,2.53785959005627e-08,3.54728093657928e-08,4.09408564603921e-08,3.07001476648881e-08,3.87406038045972e-08,2.0659336953724e-08,1.71493978223998e-08,3.63000111317071e-08,2.34497135583305e-08,3.97166687846512e-08,1.91478373287101e-08,1.6347580877808e-08,1.4683460105471e-08,2.11243439566315e-08,1.99493339539536e-08,2.37943099893969e-08,1.4336753068552e-08,1.28818533951823e-08,1.28666797760622e-08,1.78916766053255e-08,1.69618711764706e-08,2.05369106652425e-08,1.07996221283025e-08,1.1082519330971e-08,9.70263921874407e-09,1.44051697448898e-08,1.13788232923012e-08,1.51964486090049e-08,5.28746336973094e-08,1.53143501576144e-07,5.23375547812434e-08,9.37717622709016e-08,1.28676682565828e-07,7.28474055465634e-08,1.68613606860817e-07,5.90856020611474e-08,2.94842371174422e-08,1.32085805051622e-07,5.47421294804682e-08,1.24968858078693e-07,5.34348475263238e-08,2.70104650877052e-08,3.52333160396341e-08,4.74507053581987e-08,2.82169231166189e-08,3.77211003698018e-08,2.15254706042424e-08,2.99106632399774e-08,1.67331106424262e-08,2.52881889183721e-08,2.71495557926951e-08,2.41993225002957e-08,2.76020533472369e-08,1.52474082619265e-08,1.6212867127367e-08,2.53127037402073e-08,2.02002647955115e-08,2.94408349206987e-08,1.39791223372007e-08,1.52713984301058e-08,1.26336833626273e-08,1.74299713526737e-08,1.86073557552833e-08,1.77041767909715e-08,1.32623964971002e-08,1.04236883315784e-08,1.06438781162049e-08,1.59114698974377e-08,1.22170833090591e-08,1.5828600885142e-08,8.81264134247438e-09,1.0388686291668e-08,9.75248875634925e-09,1.13216842930448e-08,8.69846893003651e-09,1.08120062040164e-08
2.88860780998725e-08,6.22274849045408e-08,1.35625894831067e-07,4.81170864029876e-08,1.16167534718227e-07,9.088592047785e-08,7.19968625590661e-08,1.59466185680043e-07,6.42672177136703e-08,1.30952288917119e-07,1.21842881943559e-07,1.01794562866522e-07,1.36986773094089e-07,5.43849994077036e-08,3.19138194360266e-08,1.02775157355458e-07,5.11708419659628e-08,9.63855100262146e-08,4.57475630796213e-08,2.68039263102847e-08,3.03735837801725e-08,4.31025545899125e-08,2.67908336420747e-08,3.8792422444001e-08,2.29114808862611e-08,2.75008999125707e-08,1.48603721068078e-08,2.27284714816036e-08,2.85542133355741e-08,2.44577294956362e-08,2.57135094029422e-08,1.40546220740055e-08,1.29773124606063e-08,2.67732732081162e-08,1.51845384466311e-08,3.08873638823076e-08,1.29468670132696e-08,1.20073563193883e-08,1.12688830817776e-08,1.41783697713928e-08,1.4218049097474e-08,1.68215951264487e-08,9.55034026899105e-09,9.31232304149701e-09,9.60318516640293e-09,1.11329533172267e-08,1.02019438003907e-08,1.19744922361146e-08,2.16969315792789e-08,4.94452130522988e-08,9.47428359255559e-08,3.91735941017408e-08,8.21531631248656e-08,6.70870124005306e-08,5.59231590545792e-08,1.06484792246132e-07,4.63377872530279e-08,9.02745963236283e-08,8.82654038940329e-08,7.95590334611981e-08,9.45353617244012e-08,4.0455577256693e-08,1.94221870719957e-08,7.60003267259668e-08,3.39514659724436e-08,6.3475334108666e-08,3.4508345693749e-08,1.52580044715621e-08,1.76118441767435e-08,3.10460379057242e-08,1.55612982887918e-08,2.87576067923925e-08,1.375567673102e-08,1.70972815829792e-08,1.13413475468811e-08,1.49694675795519e-08,1.8111656222836e-08,1.792192054714e-08,1.57732160361048e-08,1.08032462497212e-08,7.77636783963275e-09,1.67819446784746e-08,9.73193500122221e-09,1.79435855136194e-08,9.9271581983759e-09,7.12344505020336e-09,1.08405591884973e-08,9.35750251523105e-09,9.91242687810125e-09,1.22364438410124e-08,6.93231591730662e-09,9.67505765572972e-09,9.19414809923377e-09,8.99715529604653e-09,9.59528462986459e-09,1.01820963381324e-08
3.56099959732487e-08,4.03122746269083e-08,5.65663841426816e-08,3.13442218906815e-08,6.13947010379039e-08,5.21811538264e-08,4.42716846045461e-08,6.42672177136703e-08,1.85586840230678e-07,6.73467868510383e-08,1.35907132185174e-07,1.28332361959752e-07,5.44066109734637e-08,1.55414967009402e-07,7.79013085850713e-08,1.13477949160841e-07,1.26335843945772e-07,9.14712000089111e-08,1.30934170153368e-07,6.51195714470646e-08,3.06508339494675e-08,1.07337781608233e-07,5.35316969504657e-08,8.9510895321211e-08,5.6305399975555e-08,2.63971554452864e-08,2.50617553188891e-08,4.56907418402943e-08,2.59176745215249e-08,4.39599973225193e-08,2.3570605327905e-08,2.33528116866307e-08,1.8057755423857e-08,2.31182499333629e-08,2.54637747131566e-08,2.52977808371689e-08,2.17373769968303e-08,1.7078390045203e-08,1.06361996620319e-08,2.40471860366423e-08,1.94064504551233e-08,2.62950704298425e-08,1.57570501216669e-08,9.57631204850219e-09,9.33170478953425e-09,1.79162108400989e-08,9.90879468415041e-09,1.80396840891799e-08,2.69709257615064e-08,3.2799817066692e-08,3.84754599580385e-08,2.3499461480761e-08,4.35298574175663e-08,3.83027347927952e-08,3.6860920637057e-08,4.37833382986042e-08,1.28045665676603e-07,5.11872745893992e-08,8.63374793886315e-08,9.79775519679211e-08,3.94039439467155e-08,1.12687633576126e-07,5.42724106754081e-08,7.98362457630748e-08,9.28952906746302e-08,6.52896793936042e-08,9.54096350314158e-08,4.73956221433371e-08,2.0312662030829e-08,8.16374578803952e-08,3.63884384243841e-08,6.25936355674814e-08,4.08664491389411e-08,1.87472779739278e-08,2.06304918215544e-08,3.25158207667116e-08,1.68555230217975e-08,3.11464195578848e-08,1.77451701151741e-08,1.98111977926623e-08,1.54547435977588e-08,1.62023031212793e-08,2.11921784754233e-08,1.74057425943667e-08,1.85002210991389e-08,1.40475972639512e-08,1.03040717686076e-08,2.00134887840313e-08,1.52097838635547e-08,2.11795771406015e-08,1.37514796255093e-08,9.60380389946356e-09,7.43919841676386e-09,1.45999138131742e-08,8.91012412122988e-09,1.37780348287364e-08
5.77429929841371e-08,2.07823577733008e-07,1.16189788820208e-07,8.0488886629284e-08,3.17864695336322e-07,1.45770561651387e-07,2.63322293544552e-07,1.30952288917119e-07,6.73467868510383e-08,3.77228983043309e-07,1.06947613476026e-07,3.11603058356737e-07,1.07745242933749e-07,5.49344792642178e-08,4.23068356540604e-08,8.79662108835799e-08,5.28327909712195e-08,7.93462451606494e-08,4.68942716525304e-08,3.73392719611041e-08,3.9374046593957e-08,4.61482738248526e-08,3.52516253142119e-08,4.16403168312572e-08,3.00583992087942e-08,3.39157327529535e-08,2.36022294267624e-08,2.86816685615345e-08,3.85005292962723e-08,3.37276005839071e-08,3.17976941504923e-08,2.23276428685097e-08,1.82817646394817e-08,3.56907130643504e-08,2.49401884379831e-08,3.89808488766034e-08,1.80859223121176e-08,1.60634134255079e-08,1.41087137605396e-08,2.06556385827195e-08,1.9676129214182e-08,2.33662885186798e-08,1.40477025727177e-08,1.21901018167985e-08,1.19445750006702e-08,1.71070673089446e-08,1.38216149270545e-08,1.82503393964223e-08,4.57964223130151e-08,1.2813623708575e-07,8.56452762412923e-08,7.14362326949813e-08,1.82382413023065e-07,1.10279351763289e-07,1.38855271686507e-07,9.46596274736033e-08,4.87951314160598e-08,1.9449297807485e-07,8.52487095988001e-08,1.80037530738661e-07,8.73879616835142e-08,4.08558562336337e-08,2.55431923392194e-08,7.25833882551813e-08,3.52140938057202e-08,5.68538198266691e-08,3.4769225304077e-08,2.22593692846583e-08,2.37723284063496e-08,3.19288011105882e-08,2.09352514734115e-08,3.16601356564268e-08,1.98595723804163e-08,2.18163758974693e-08,1.95111963129043e-08,2.01201562203613e-08,2.75329601712622e-08,2.58445617601776e-08,2.00561162428021e-08,1.89534824182934e-08,1.5804122989018e-08,2.48584317648326e-08,2.05512528002871e-08,2.44034701660889e-08,1.45182270052161e-08,1.34301028527753e-08,1.3336276322312e-08,1.61495605226752e-08,1.63658891113404e-08,1.81666160568723e-08,1.25003973448189e-08,1.20309157461692e-08,1.04989828142708e-08,1.47663693639602e-08,1.06175676289667e-08,1.40014178008828e-08
2.72629256586542e-08,5.88389341550284e-08,1.03767436353026e-07,4.25889057874486e-08,9.38383914848785e-08,7.22641694983251e-08,6.88041548567729e-08,1.21842881943559e-07,1.35907132185174e-07,1.06947613476026e-07,2.12172710716156e-07,1.7648880538996e-07,1.02796748912264e-07,1.13469332719577e-07,6.17833161767728e-08,1.79138659331558e-07,9.12653020647797e-08,1.47037043631651e-07,9.59072165473537e-08,5.07798428854094e-08,2.7982945368439e-08,7.69452074556803e-08,4.42719374163498e-08,6.5993445756755e-08,4.32555712985756e-08,2.37602039472582e-08,2.86616729017953e-08,3.74064620198269e-08,2.36671549080357e-08,3.63051788031019e-08,2.11246281990825e-08,2.70716533726313e-08,1.83088995606629e-08,2.1112803687686e-08,2.80024982067069e-08,2.40413241192368e-08,2.44868674129354e-08,1.7041367918192e-08,1.25772614646893e-08,2.52077011547991e-08,2.01237604970479e-08,2.84003624827862e-08,1.49103716328757e-08,1.13941520805991e-08,1.09836885751925e-08,1.76500096773957e-08,1.15716926225744e-08,1.68627819568974e-08,1.92030693286288e-08,4.78504446517663e-08,6.98431432315683e-08,3.50895750600337e-08,6.77737358812409e-08,5.31496382600374e-08,5.47054043858389e-08,8.10581118421349e-08,9.45647407946589e-08,7.59536354323116e-08,1.41919800152729e-07,1.30572202286475e-07,7.16021221352766e-08,8.11880210480122e-08,3.98562167395541e-08,1.27060331261616e-07,6.33620204831598e-08,9.98581891844953e-08,7.02210940503964e-08,3.39985191835345e-08,1.85302786746593e-08,5.75880953668616e-08,2.8736958600008e-08,4.54891037738364e-08,2.89752003988208e-08,1.72062345876076e-08,2.13716357271857e-08,2.61328220273475e-08,1.55844784170286e-08,2.47651905956616e-08,1.59777569388068e-08,2.07480839202083e-08,1.37392828227215e-08,1.45792317630993e-08,1.99033258856712e-08,1.46261472333487e-08,1.86541545041597e-08,1.25650379503291e-08,1.32171929249119e-08,1.78179083614644e-08,1.55404670742432e-08,2.17990819504735e-08,1.25653655834608e-08,1.23477311082282e-08,1.01576132124193e-08,1.49074749646096e-08,1.18269820047831e-08,1.48068867554702e-08
5.12777791419441e-08,1.84599619566106e-07,9.02863288417591e-08,7.0688272420143e-08,2.53874844606525e-07,1.12295125802929e-07,2.46290771709429e-07,1.01794562866522e-07,1.28332361959752e-07,3.11603058356737e-07,1.7648880538996e-07,4.31109861922728e-07,8.25048988309897e-08,1.04391286301177e-07,6.42482163710574e-08,1.46645923879741e-07,8.22501567269587e-08,1.16508212967068e-07,8.87775717038699e-08,5.3716276987819e-08,3.24302955470883e-08,7.04236069054578e-08,4.65381140884617e-08,6.05430466561785e-08,4.55399887858357e-08,2.68734895756592e-08,3.10230837811648e-08,3.94612381529931e-08,2.98025501287584e-08,4.16173309790084e-08,2.40992767654994e-08,2.97099958446261e-08,1.94378382179728e-08,2.65554140842522e-08,3.3108792451398e-08,2.8957605338342e-08,2.67446129007566e-08,1.78660414732077e-08,1.44189287086423e-08,3.00928514071036e-08,2.3117118397559e-08,3.51076099654126e-08,1.61751739140454e-08,1.35783131257191e-08,1.37363118025118e-08,2.12701357893409e-08,1.50231024073876e-08,2.10404220541349e-08,3.95998952644345e-08,1.19637593664648e-07,6.48557655746831e-08,6.26172702165272e-08,1.51867608966448e-07,8.48800477606598e-08,1.27036836611028e-07,7.4807712693259e-08,9.23848989599756e-08,1.56611083404153e-07,1.27610659582752e-07,2.42264087538007e-07,7.0195487957757e-08,7.61638467993402e-08,4.25728959923198e-08,1.13146805200951e-07,5.7596217563563e-08,8.69498307531876e-08,6.54097522585324e-08,3.73581813888366e-08,2.13340771118785e-08,5.30755093234612e-08,3.0132048231484e-08,4.40128981607901e-08,3.24221015535402e-08,2.02046124026647e-08,2.3438653590393e-08,2.76666333716684e-08,2.30550241153007e-08,2.9229507520776e-08,1.89121923342388e-08,2.2898130416324e-08,1.81662622843405e-08,2.1064703627441e-08,2.49764884875109e-08,2.04532341113863e-08,2.04988032083154e-08,1.63959295932605e-08,1.38899224567695e-08,2.27105758033314e-08,2.01284664349845e-08,2.74714172069362e-08,1.56861471123345e-08,1.33054387778501e-08,1.21480672006611e-08,1.91590697145381e-08,1.1553811067104e-08,1.71718137814498e-08
2.53538013281596e-08,5.13095321869589e-08,1.153995164591e-07,4.08632861027903e-08,9.40673038709767e-08,7.57320223787802e-08,6.00935043940149e-08,1.36986773094089e-07,5.44066109734637e-08,1.07745242933749e-07,1.02796748912264e-07,8.25048988309897e-08,1.64799792101968e-07,6.07204444199854e-08,3.8356231535636e-08,1.18595056735014e-07,5.76174409440283e-08,1.1088659587202e-07,5.09240354704454e-08,3.12799428774266e-08,3.65073131683299e-08,4.77225967145623e-08,3.19748961979051e-08,4.26362798398577e-08,2.66089797063352e-08,3.23008103782142e-08,1.60333596907464e-08,2.69598912054753e-08,3.31229953324669e-08,2.83476939915529e-08,2.98293929406443e-08,1.51833204027522e-08,1.44120139639737e-08,3.03437043314595e-08,1.74181026748897e-08,3.48541297646107e-08,1.3988100595097e-08,1.29753198857816e-08,1.26484722323278e-08,1.55872583095675e-08,1.55787172672671e-08,1.78958515251015e-08,1.03506904528896e-08,1.04865963454255e-08,1.04539248443598e-08,1.22960743769583e-08,1.13590498271447e-08,1.29518685955128e-08,1.93867186022015e-08,4.31408222701751e-08,8.42704033869361e-08,3.39223166348449e-08,7.08941462745695e-08,6.07655134813936e-08,4.88657892696608e-08,9.45258736339234e-08,4.04570593149817e-08,7.76919688558385e-08,7.59958820403237e-08,6.35024025498437e-08,1.1916567617085e-07,4.54159078592183e-08,2.34673569130457e-08,9.15393784615417e-08,3.65484526433547e-08,7.53934464113668e-08,3.83502832077912e-08,1.8228916600219e-08,2.05054347721716e-08,3.35382748863234e-08,1.89296073640984e-08,3.09425762855391e-08,1.57788471532109e-08,1.99959712131969e-08,1.27162088163381e-08,1.74314004851292e-08,2.20709936145649e-08,2.07766018728189e-08,1.82624511161909e-08,1.20226333018905e-08,1.00172260089844e-08,2.00030964856519e-08,1.18880503756899e-08,2.17169757283992e-08,1.11175908892981e-08,8.72303497328342e-09,1.18355999208743e-08,1.10053091802617e-08,1.13526587065134e-08,1.36389794480628e-08,8.30980756439873e-09,1.03529141414238e-08,1.02997140379386e-08,1.01285664335906e-08,1.05460298962157e-08,1.12769976000473e-08
3.26115912595329e-08,3.39613622511448e-08,4.74072153328028e-08,2.67969605880128e-08,4.90921375790239e-08,4.16154858094489e-08,3.76986241454224e-08,5.43849994077036e-08,1.55414967009402e-07,5.49344792642178e-08,1.13469332719577e-07,1.04391286301177e-07,6.07204444199854e-08,1.67325418355628e-07,8.36700294433417e-08,1.23687243303464e-07,1.35979802119115e-07,1.00086427909949e-07,1.41030589050683e-07,6.84312116372573e-08,3.28094734726414e-08,1.14977829728481e-07,5.68009799567776e-08,9.58219029566295e-08,5.91619455873052e-08,2.80481210286797e-08,2.60231265606268e-08,4.83784815521598e-08,2.73047635559677e-08,4.69383410886757e-08,2.48061201929214e-08,2.39503654184145e-08,1.86782036563803e-08,2.42090976777029e-08,2.68239513576051e-08,2.66676606787721e-08,2.23475707242835e-08,1.74502276168753e-08,1.12590421232871e-08,2.51127857289662e-08,1.95783338475763e-08,2.73494335634355e-08,1.60699813126638e-08,9.96896783290299e-09,1.06868139667892e-08,1.80021311972076e-08,1.0667093310958e-08,1.88667170010967e-08,2.57421864377252e-08,2.92533392642912e-08,3.45566847778057e-08,2.12633927509223e-08,3.91552010221199e-08,3.52474218506949e-08,3.3272593743256e-08,3.94023692281777e-08,1.1268703657994e-07,4.60597138237656e-08,7.9840070163616e-08,8.42956471568698e-08,4.39679240566023e-08,1.1841805064103e-07,5.85853820686789e-08,8.75351498529689e-08,9.78267322728768e-08,7.09718041139309e-08,1.00073687600164e-07,5.04610791655807e-08,2.11641468925532e-08,8.53051766587099e-08,3.68317913385603e-08,6.48651771543236e-08,4.36484786362201e-08,1.91666656576313e-08,2.17905340285733e-08,3.25916482422869e-08,1.89834576533145e-08,3.33844543975405e-08,1.78233908810213e-08,2.04144844896174e-08,1.5576466750561e-08,1.78145349696329e-08,2.12596937057731e-08,1.86711760915293e-08,1.90752909565449e-08,1.40788741913515e-08,1.11731401255236e-08,2.0131022627829e-08,1.53913796066538e-08,2.18798756280368e-08,1.38481915482273e-08,1.01866918266276e-08,8.04168762597966e-09,1.47792130784025e-08,8.14406570781907e-09,1.42197559984148e-08
2.48548693679718e-08,4.55709229662064e-08,2.94319951190486e-08,3.637666542486e-08,3.96876692354524e-08,3.33714120009013e-08,4.99016683757141e-08,3.19138194360266e-08,7.79013085850713e-08,4.23068356540604e-08,6.17833161767728e-08,6.42482163710574e-08,3.8356231535636e-08,8.36700294433417e-08,2.21909548754328e-07,6.96244534805351e-08,1.70049978776729e-07,1.49524514655171e-07,6.84493161220045e-08,1.78575162899743e-07,7.32324583622265e-08,1.36947305836965e-07,1.29315946411991e-07,9.52470201045208e-08,1.53867946657885e-07,6.24820517340849e-08,3.58884154429898e-08,1.1018289583071e-07,5.56130710038843e-08,1.00704517042286e-07,5.13101253791124e-08,2.95192092098694e-08,3.31990973904868e-08,4.46200127109802e-08,3.18841198717555e-08,4.68358463136725e-08,2.59845251263324e-08,3.00689253502308e-08,1.61501332807993e-08,2.70328241862083e-08,3.17248276920176e-08,2.85039069923635e-08,2.79361209987333e-08,1.47117498016113e-08,1.56340044829607e-08,2.89094213455097e-08,1.54979985866914e-08,3.23040079025288e-08,1.99201022352956e-08,3.24424768675083e-08,2.25499940023792e-08,2.80081489761373e-08,2.59715178116184e-08,2.74684829248671e-08,3.62976008066758e-08,2.42445206579802e-08,5.14807448707693e-08,2.87489191190593e-08,4.1001461251366e-08,4.85954292018298e-08,3.09929664766318e-08,5.43792049354759e-08,1.47793556239746e-07,4.82884554264828e-08,1.11474769483085e-07,9.70595384637685e-08,4.59603493868074e-08,1.25139489066639e-07,5.27074267733307e-08,9.75477378557818e-08,8.99623348645243e-08,6.62879654929601e-08,1.09623079161248e-07,4.66104241549292e-08,2.87114883258101e-08,7.88921703031646e-08,4.27226354446718e-08,7.23763915570679e-08,4.00281390866021e-08,2.53017530174742e-08,2.45817320849133e-08,3.65527040564063e-08,2.83314845977627e-08,3.9593832667705e-08,2.25866964481252e-08,2.19219969621104e-08,1.60805404884683e-08,2.42380052847746e-08,2.40282338959355e-08,2.54444042210705e-08,2.06763647520723e-08,1.46580626432243e-08,1.18209921311567e-08,2.19284205219839e-08,1.12318455534408e-08,2.34366473964151e-08
2.32772202680541e-08,4.87035873448167e-08,8.6627780668244e-08,3.49265520721322e-08,7.586465367571e-08,5.8049492577426e-08,5.76741721748389e-08,1.02775157355458e-07,1.13477949160841e-07,8.79662108835799e-08,1.79138659331558e-07,1.46645923879741e-07,1.18595056735014e-07,1.23687243303464e-07,6.96244534805351e-08,1.99197443424135e-07,9.98234971212425e-08,1.63629863743774e-07,1.04085651329414e-07,5.51297469544899e-08,3.06648910187432e-08,8.29387634919263e-08,4.84656684246026e-08,7.03351301155658e-08,4.72496271814075e-08,2.61671193319082e-08,2.96570240475905e-08,4.11507030926429e-08,2.56920457954771e-08,3.97213339609358e-08,2.31169818295777e-08,2.78615190908339e-08,1.93839399990628e-08,2.28169566440863e-08,2.99350501100588e-08,2.62186059108821e-08,2.53882894375673e-08,1.76964307261739e-08,1.34010260745598e-08,2.66382643996e-08,2.09287080939302e-08,2.96463104719528e-08,1.55684372886719e-08,1.21471676680617e-08,1.21014135615173e-08,1.8398782028574e-08,1.27788061992551e-08,1.8050648019631e-08,1.80129146083712e-08,4.1404022996035e-08,6.1505979056438e-08,3.02974855162289e-08,5.73998387089882e-08,4.68086531725741e-08,4.74791998386444e-08,7.15967660125241e-08,8.11880154950201e-08,6.39219115516726e-08,1.27062380043701e-07,1.10491610151454e-07,8.71986823967575e-08,8.71203919439042e-08,4.58380666575793e-08,1.45853568996738e-07,6.61284446321169e-08,1.13055281918181e-07,7.4074419399614e-08,3.76872375080049e-08,2.00009172188596e-08,5.87458897101479e-08,3.08084119998826e-08,4.61528973037673e-08,3.22838613781265e-08,1.83913506919428e-08,2.2533279742829e-08,2.80782308038366e-08,1.83363114573383e-08,2.82046402084365e-08,1.6887743773061e-08,2.14216806368159e-08,1.46305157518704e-08,1.68052806125279e-08,2.01219048672635e-08,1.73502328917989e-08,1.9517439339312e-08,1.34084155028476e-08,1.37493130208696e-08,1.83697280759467e-08,1.62334862086241e-08,2.24814948027535e-08,1.33138080576255e-08,1.29236268356334e-08,1.09989757534132e-08,1.55619755150132e-08,1.20443370271052e-08,1.58149204768678e-08
3.62709799664334e-08,3.80480632964148e-08,4.60578113528398e-08,3.14093676046983e-08,4.87907351959931e-08,4.08994929965503e-08,4.05737580985319e-08,5.11708419659628e-08,1.26335843945772e-07,5.28327909712195e-08,9.12653020647797e-08,8.22501567269587e-08,5.76174409440283e-08,1.35979802119115e-07,1.70049978776729e-07,9.98234971212425e-08,2.46892571929532e-07,1.93754555795919e-07,1.14989177994566e-07,1.36932460755719e-07,6.52203993780677e-08,2.04518124510508e-07,9.45327662188861e-08,1.4753167934096e-07,1.18181799109749e-07,5.46417551830251e-08,3.33355030893143e-08,7.92778037530684e-08,4.97584548270973e-08,7.23382813327037e-08,4.42241347017919e-08,2.79611666288722e-08,3.39010468966718e-08,3.98900308675396e-08,2.92622686086031e-08,4.19625262210545e-08,2.46100819694785e-08,3.11048894267058e-08,1.56872127208602e-08,2.49990275048276e-08,3.44915995929783e-08,2.80263481795036e-08,2.81468290568476e-08,1.39394069197941e-08,1.28028437311151e-08,3.07440426388638e-08,1.42325558886619e-08,3.29290699327985e-08,3.21468605967792e-08,3.16936222095541e-08,3.19849627677085e-08,2.54498107055104e-08,3.65624983442924e-08,3.39505012999711e-08,3.44025614467964e-08,3.53806612620603e-08,9.44752842613187e-08,4.18556300299276e-08,6.3917311988913e-08,6.73604763991846e-08,4.0191578377233e-08,9.78809657925071e-08,1.16675532571259e-07,6.94559197728714e-08,1.76162340411805e-07,1.32690805142969e-07,8.32395243856313e-08,1.00626206967967e-07,4.64970159930527e-08,1.53833663961726e-07,6.58450057999253e-08,1.06234142321119e-07,8.79615697799623e-08,4.09490774524048e-08,2.71883810759144e-08,5.68692505703166e-08,3.79787276729759e-08,5.23492719508787e-08,3.49452629684946e-08,2.43550603247591e-08,2.53149452288928e-08,3.2642187005452e-08,2.61409826016102e-08,3.52327927737629e-08,2.19352364555652e-08,2.2921446422167e-08,1.57369014269505e-08,2.27878490182188e-08,2.5416390791802e-08,2.41152166156872e-08,2.1414652848239e-08,1.40688542647111e-08,9.10009169857272e-09,2.32624467582276e-08,1.10135027208573e-08,2.37932362933654e-08
2.61042124851118e-08,4.88087120077729e-08,8.26330548056351e-08,3.59227140443672e-08,6.93559129325428e-08,5.23854728316808e-08,5.62900392494596e-08,9.63855100262146e-08,9.14712000089111e-08,7.93462451606494e-08,1.47037043631651e-07,1.16508212967068e-07,1.1088659587202e-07,1.00086427909949e-07,1.49524514655171e-07,1.63629863743774e-07,1.93754555795919e-07,2.78916351355975e-07,8.28344928297745e-08,1.17063073537285e-07,6.27002044043635e-08,1.57488924684644e-07,8.53396635936604e-08,1.1605211293407e-07,1.00469902784404e-07,5.30254457030062e-08,3.52030717340141e-08,7.13985674752119e-08,4.72138484538403e-08,6.31014306737359e-08,4.23803713162001e-08,2.91844800158721e-08,3.35514663584477e-08,3.76713840166367e-08,2.91449716363037e-08,3.84122128655655e-08,2.55952934278757e-08,3.09868845816824e-08,1.80953980703126e-08,2.43776934641143e-08,3.56122647335145e-08,2.800466520908e-08,2.62565829814247e-08,1.52499280828897e-08,1.36932385322747e-08,2.95698411938507e-08,1.61708231254045e-08,3.04685037747152e-08,2.20561808948931e-08,4.05103420134984e-08,5.76747006957949e-08,3.06828396019608e-08,5.36741723915427e-08,4.30525360300054e-08,4.47165383096454e-08,6.51344769329283e-08,6.71426651480288e-08,5.96992424540825e-08,1.04831762851937e-07,9.00934815117686e-08,7.95406473139902e-08,7.03831323576287e-08,9.7007630448397e-08,1.19857048755131e-07,1.321126530121e-07,1.89085993109292e-07,6.07102128565964e-08,8.1831310509874e-08,4.54818450692775e-08,1.16133170480352e-07,5.60336669805461e-08,8.09584108882766e-08,7.13905791688104e-08,4.0187619135754e-08,2.71529609503249e-08,4.8957735225661e-08,3.75704096586278e-08,4.45472399083488e-08,3.39056845566393e-08,2.42151894692746e-08,2.23466341789558e-08,3.16165327089753e-08,2.34129392916387e-08,3.19288507690595e-08,2.18596605016458e-08,2.08692062047017e-08,1.72073968889888e-08,2.02621889420675e-08,2.47490842530709e-08,2.39196616224963e-08,1.95917160097676e-08,1.54220060082899e-08,1.16783650755476e-08,2.24333664787934e-08,1.39898081276712e-08,2.31828643091965e-08
2.68386040314789e-08,2.90427282705607e-08,4.02579024915207e-08,2.29846556403077e-08,4.21799907668272e-08,3.48362642602453e-08,3.21053036131203e-08,4.57475630796213e-08,1.30934170153368e-07,4.68942716525304e-08,9.59072165473537e-08,8.87775717038699e-08,5.09240354704454e-08,1.41030589050683e-07,6.84493161220045e-08,1.04085651329414e-07,1.14989177994566e-07,8.28344928297745e-08,1.62656213937204e-07,7.52700838332276e-08,3.62519172749524e-08,1.33294768135166e-07,6.24598771900695e-08,1.12946864466634e-07,6.29838773912851e-08,3.11622915501683e-08,2.95034904693907e-08,5.22950585499477e-08,3.14820818828565e-08,5.03066484062251e-08,2.77644701832123e-08,2.70182174158812e-08,2.07073905890621e-08,2.79803964486168e-08,3.004708214396e-08,3.09027190869179e-08,2.51015142993473e-08,1.92391316637058e-08,1.54683435669381e-08,2.79068563711847e-08,2.43107694076619e-08,3.39380212907608e-08,1.7637102527342e-08,1.13766698782826e-08,1.08698990723501e-08,2.05608800951156e-08,1.1469292800856e-08,2.03303859862774e-08,1.97941403858057e-08,2.40037199137064e-08,2.75887015210029e-08,1.64929925736511e-08,3.20031689941722e-08,2.7941701710584e-08,2.75214316684847e-08,3.18654475355143e-08,9.53933604624631e-08,3.70022044032495e-08,6.68536454106694e-08,7.01233024394288e-08,3.6263806030963e-08,1.00068243263801e-07,5.04574985763079e-08,7.29991744516944e-08,8.52974394676392e-08,6.16852321959463e-08,1.2011604985022e-07,5.60088597719277e-08,2.48010910106687e-08,1.01400245807949e-07,4.16139328024724e-08,7.81083362084186e-08,4.61638877805378e-08,2.24265200985092e-08,2.50911029306424e-08,3.57376589761325e-08,2.28479316006847e-08,3.57904675248478e-08,2.09450548931043e-08,2.36860306217333e-08,1.68008258936179e-08,2.1448276784152e-08,2.42492722052636e-08,2.27485054414499e-08,2.20684819998433e-08,1.53493992997853e-08,1.45505855736716e-08,2.28819036496517e-08,1.87676324472591e-08,2.74967437923064e-08,1.49482655950132e-08,1.11270125949468e-08,8.34760889673072e-09,1.67079394611804e-08,9.04955481045078e-09,1.56914800182203e-08
