6.17422364012731e-09,2.06229760122804e-09,7.85814128385784e-10,4.21704150003243e-09,1.71325008345817e-09,3.70330665484429e-09,1.81569922621514e-09,7.11361816171966e-10,1.3420929856883e-09,1.51568998172672e-09,7.5645308332479e-10,1.46672480313229e-09,6.37158942509981e-10,1.20684951328656e-09,4.32997746977943e-10,6.80440824872647e-10,1.18501018062065e-09,6.01974154030581e-10,1.05954233986715e-09,3.8318334533236e-10,2.21351810266973e-10,1.04635186973392e-09,3.78868134200593e-10,1.07187466705839e-09,3.3737436959099e-10,1.94890290406675e-10,1.31924170250163e-10,3.33611529526698e-10,2.03538319688764e-10,3.31446957096117e-10,1.7467374984854e-10,1.18176000757682e-10,9.87875066502771e-11,1.82364349499088e-10,1.32815623734285e-10,2.12816872522962e-10,1.11165392331441e-10,8.96286905986174e-11,5.52688726665882e-11,1.19970031283737e-10,7.58301327255717e-11,1.21648940312232e-10,8.51999519001315e-11,5.24515213079973e-11,7.46418485398841e-11,6.76288695338988e-11,6.53777650798655e-11,9.64989966271972e-11,4.35435599187483e-09,1.44287459982281e-09,5.610047666179e-10,2.89014846573677e-09,1.10586851239947e-09,2.02132074912713e-09,1.23815928686466e-09,5.23472279034018e-10,1.00787619137159e-09,1.01104634729828e-09,5.51966736435724e-10,8.89088967380347e-10,4.60556973406878e-10,8.78288925910262e-10,2.63561694503542e-10,4.95429530538589e-10,6.92142250279677e-10,3.12680800818663e-10,7.72201155915753e-10,2.72160014048852e-10,1.5180448123505e-10,6.54668039304968e-10,3.24690680222849e-10,6.64826439396426e-10,2.39517061204773e-10,1.33434831760279e-10,9.28284466619337e-11,2.85427496983264e-10,1.32519883293988e-10,2.72416723899695e-10,1.19271116007348e-10,8.31731521130664e-11,7.09815265396486e-11,1.18377331463663e-10,1.39642936795366e-10,1.45456730428319e-10,7.33853458516910e-11,6.33198948884765e-11,1.00605312953823e-11,1.25967645309421e-10,3.52321888060834e-11,1.06557790615985e-10,5.79728420008467e-11,2.81905669711764e-11,5.96019173816700e-11,3.20225668194184e-11,9.20382932222639e-11,9.35890105535572e-11
2.06229760122804e-09,1.27261016550258e-08,1.73009865833016e-09,4.12107758647263e-09,9.58853169492350e-09,2.39034173883427e-09,1.13603800754631e-08,1.55504142408634e-09,8.46083124738398e-10,8.55777192174035e-09,1.32324277915692e-09,7.89026519134594e-09,1.37598124474925e-09,7.59332185714906e-10,1.3977563512429e-09,1.1841723355211e-09,7.23846117564143e-10,1.04206637398825e-09,6.69152450911504e-10,1.20903045127e-09,4.52888007104157e-10,6.33711882221557e-10,1.34085512819022e-09,6.46842574512835e-10,1.06409312570087e-09,3.9872595696481e-10,2.7755771312144e-10,1.18010934744282e-09,4.29391149612175e-10,1.17788825636122e-09,3.57321843166668e-10,2.48599431300943e-10,2.35373640256323e-10,3.84662222641271e-10,3.73576578753749e-10,5.12916217151241e-10,2.30131012613532e-10,2.14474486526481e-10,1.44054394326635e-10,3.44442666355529e-10,2.3761281206473e-10,3.34198953019216e-10,2.02777902935431e-10,1.44647743545547e-10,1.70368031717908e-10,2.36609938670486e-10,2.21886230673488e-10,3.40958619172605e-10,1.75438199490578e-09,7.24033379757994e-09,1.03366092204207e-09,3.03393960495362e-09,5.20256305686033e-09,1.62464923702079e-09,6.41649952560765e-09,9.69641748499139e-10,4.07096767315677e-10,4.69567806711113e-09,7.59460848867717e-10,4.12084525838109e-09,8.5351649644759e-10,3.83731838599338e-10,9.56224921893056e-10,7.2747959968246e-10,2.5958802782294e-10,4.82026661033405e-10,3.53123401517639e-10,7.87317458809657e-10,2.27816179187031e-10,2.82682564687377e-10,7.01655987428226e-10,1.62214352957882e-10,6.92765865643525e-10,2.00208656855839e-10,3.01576337644549e-10,6.16847163090939e-10,2.81973005191908e-10,6.95749805765496e-10,1.78930338474689e-10,2.7000456849517e-10,1.54347700322659e-10,2.51907627659899e-10,2.36417367818484e-10,2.32750672922489e-10,2.33573213927033e-10,1.01878396275768e-10,2.40164143868926e-11,1.96422463892136e-10,6.58770695450757e-11,1.41359221254922e-10,9.37795004702516e-11,5.20632103740605e-11,1.46369587347246e-10,3.87095149838244e-11,1.21121922557038e-10,1.99797155979659e-10
7.85814128385784e-10,1.73009865833016e-09,6.4380092072638e-09,1.44456880133606e-09,3.90314775777685e-09,3.44657569555328e-09,1.55524955498243e-09,5.75662676828479e-09,1.65971408302648e-09,3.49544576776888e-09,4.11913120421297e-09,2.22323704507163e-09,5.06384769757251e-09,1.4685799352097e-09,6.39630286386188e-10,3.63754653242146e-09,1.23373873291368e-09,3.15406202435846e-09,1.30629197022577e-09,5.68910166367849e-10,8.92358963889688e-10,1.10254650533914e-09,5.56230321882827e-10,1.02402856305936e-09,5.00837400082046e-10,7.85164101065896e-10,2.56546693123536e-10,4.89726876209214e-10,8.26803244509876e-10,5.04890060295496e-10,7.02679605601348e-10,2.29686192179073e-10,1.37082016411495e-10,7.39861687149465e-10,2.46147727738112e-10,7.73183997319358e-10,2.10758241380771e-10,1.28021647995342e-10,1.00016710074685e-10,2.27530056116875e-10,1.13155702461071e-10,1.94813384558724e-10,1.21568376548792e-10,9.41893153436853e-11,6.80230685457611e-11,1.03771953053304e-10,1.12552335290809e-10,1.33997783581739e-10,5.10052330495577e-10,1.21236770074717e-09,3.89266829157878e-09,8.77978795621306e-10,2.44037929086104e-09,2.13305959624175e-09,1.07712299621703e-09,3.62691207630625e-09,1.07860638512576e-09,2.29382479653038e-09,2.32179863442578e-09,1.26925990453955e-09,3.14263932217489e-09,9.70256799876639e-10,1.86594624994344e-10,2.09119287080477e-09,6.07684315848089e-10,1.64682896188148e-09,8.66413409209773e-10,1.8746266562265e-10,5.51769306608265e-10,5.55214517373566e-10,1.81046064923523e-10,6.19986474422484e-10,1.65055000614575e-10,4.85215722562852e-10,2.68253943741465e-10,1.59026927941381e-10,5.18661164833946e-10,2.26175269889473e-10,4.3385619989201e-10,2.40105655628119e-10,1.30920438883193e-10,4.63668857070258e-10,2.23411763777211e-10,4.49300906924244e-10,2.22456417662715e-10,1.11517567020423e-10,9.7881129751315e-11,1.9582516296798e-10,1.01903931994866e-10,2.39097528509851e-10,1.06149146420019e-10,9.67744644003904e-11,8.19891435052307e-11,1.05619321559304e-10,1.08041044959453e-10,1.3412196087308e-10
4.21704150003243e-09,4.12107758647263e-09,1.44456880133606e-09,7.25812675670685e-09,2.57341237878143e-09,5.09710210554347e-09,3.65238101013158e-09,1.27947958158584e-09,7.34716806249717e-10,2.2828696662462e-09,1.09148366228132e-09,1.94477650683733e-09,1.12830189295423e-09,6.54197892825481e-10,1.25643504048707e-09,9.71296909162013e-10,6.57678207679301e-10,9.05054959566334e-10,5.8237174520167e-10,1.10005370216936e-09,3.54720741048958e-10,5.82950559158889e-10,1.09563967455326e-09,5.31313488871839e-10,9.68045643248464e-10,3.12266996527855e-10,1.66945216548779e-10,9.64207236930646e-10,3.04797998196908e-10,9.34831593917435e-10,2.79777221619182e-10,1.49563025867817e-10,1.10454850765784e-10,2.73039045822501e-10,1.83891948453757e-10,3.08014644752023e-10,1.42642027642624e-10,1.06271639439077e-10,5.02033320499626e-11,1.72238947997171e-10,7.13407657079052e-11,1.41158062323962e-10,1.03507453680486e-10,4.80441773797074e-11,7.72227055303543e-11,7.15848841951766e-11,7.64212981454007e-11,1.16259385699793e-10,2.85260614441398e-09,2.97181908468603e-09,9.09635419561309e-10,4.71841185190022e-09,1.83226603331733e-09,2.7294703173909e-09,2.59678122952084e-09,8.34006247106404e-10,3.71242232494308e-10,1.61605539448754e-09,5.83059854093739e-10,1.22909069996542e-09,7.38348116574764e-10,3.17127930711038e-10,8.29154129294633e-10,5.37358433867835e-10,1.90571511706228e-10,3.87444548988373e-10,2.91832369615291e-10,6.76321899603164e-10,2.80496632661049e-10,2.15122565785319e-10,6.34561410201616e-10,2.17383614361656e-10,5.95060726225907e-10,2.46600382168696e-10,1.32271524394084e-10,5.57930564868324e-10,3.12979181773601e-10,5.7866258141842e-10,2.20455571564695e-10,1.18501425247563e-10,6.21987337897933e-11,2.79717601955492e-10,1.26805255859809e-10,2.70235086267608e-10,1.09483830675435e-10,5.55681720806999e-11,-3.72342063749154e-11,1.16939179963308e-10,-3.15505241966591e-12,8.45116442766718e-11,6.10793432580672e-11,-1.54308981781715e-11,9.27163026588632e-11,1.56555288757932e-11,9.77504464915964e-11,1.11834047469926e-10
1.71325008345817e-09,9.58853169492350e-09,3.90314775777685e-09,2.57341237878143e-09,1.36147927796834e-08,4.6765291520769e-09,8.55768913439959e-09,3.49520010633002e-09,1.33957833412682e-09,1.21743383271024e-08,2.18936157330131e-09,9.67775571919144e-09,3.05864533992963e-09,1.17598703743852e-09,6.91218756084709e-10,1.93475781908415e-09,9.99345065901349e-10,1.6089379015212e-09,1.04100905590009e-09,6.11766499177381e-10,1.06641759271953e-09,8.81475979928467e-10,6.99810008784459e-10,8.4629572498406e-10,5.38752425444023e-10,9.38392645429095e-10,3.65244939062416e-10,6.16259983107588e-10,9.9341385894086e-10,5.95125132845561e-10,8.39968770137416e-10,3.27026659169877e-10,2.8555943860816e-10,8.89089574681758e-10,4.69331833555311e-10,1.07636260989303e-09,3.01647874529089e-10,2.58837239069892e-10,1.98848977439023e-10,4.26094705338945e-10,2.63644714714844e-10,4.05492464885382e-10,2.35510487263803e-10,1.93101940034263e-10,1.80432467540476e-10,2.52409841813936e-10,2.73228238756356e-10,3.66225988923888e-10,1.45263692265914e-09,5.42061044428203e-09,2.47174098221405e-09,2.15645689194991e-09,6.963574084088e-09,3.13726932505486e-09,4.84022332500018e-09,2.35795651653363e-09,6.63980180783869e-10,6.44764645188341e-09,1.18105919686909e-09,4.57799677848177e-09,2.04548923361767e-09,5.71514063843323e-10,2.37111598542035e-10,1.08635645547674e-09,3.54164013561731e-10,7.20627045218149e-10,5.1864428778649e-10,2.51263497047184e-10,5.28999228624142e-10,3.54844053042175e-10,2.62955071063728e-10,3.1143295745368e-10,2.21258076553249e-10,4.65125515094218e-10,3.58764926781542e-10,2.30960248216652e-10,4.97949279462644e-10,2.53445357308672e-10,4.15847751462302e-10,3.21154933129573e-10,1.53602715185157e-10,4.45053898018433e-10,3.37985523882511e-10,4.70590922836903e-10,2.78436950668176e-10,1.0011351659371e-10,1.08201970950812e-10,2.85327213217288e-10,8.89321477833748e-11,2.98621184021704e-10,7.5230037517285e-11,1.16217769580238e-10,1.75852669792516e-10,4.52312960312135e-11,1.84661243634375e-10,2.01290004535797e-10
3.70330665484429e-09,2.39034173883427e-09,3.44657569555328e-09,5.09710210554347e-09,4.6765291520769e-09,8.30809075217928e-09,2.121174156535e-09,3.06969746257614e-09,1.25705444417177e-09,4.16929833955548e-09,1.86984954438046e-09,2.76886865082886e-09,2.70575860944201e-09,1.09492427244359e-09,5.83614769777442e-10,1.64730543702094e-09,9.35493175997272e-10,1.38392836391209e-09,9.68108817523356e-10,5.16851440318016e-10,9.35518605276819e-10,8.29334826020627e-10,5.36787426382771e-10,7.72417628285408e-10,4.54880039668398e-10,8.23030659040888e-10,2.42388068897858e-10,4.72441631610424e-10,8.20850578413566e-10,4.19605312468106e-10,7.36350608831547e-10,2.16925029358657e-10,1.29474507440164e-10,7.34366573002584e-10,2.46111349023936e-10,7.97709343640475e-10,2.00314592032108e-10,1.20251157984933e-10,8.47693628202184e-11,2.2634027684222e-10,9.1303750721209e-11,1.98924749587673e-10,1.12365426059137e-10,7.270990271563e-11,8.7381109376532e-11,8.07976793683172e-11,1.1782310618272e-10,1.40773208891157e-10,2.47529234034839e-09,1.84805713383755e-09,2.08113994139358e-09,3.46202399469671e-09,3.05282367675628e-09,4.73381231469665e-09,1.6302003084817e-09,1.94805878145175e-09,6.61244073658031e-10,2.81520150023164e-09,8.62509737588418e-10,1.49363660150909e-09,1.72079631435285e-09,5.36968367470007e-10,6.45066043002323e-11,7.75490652100938e-10,2.12906762164881e-10,3.90944520676669e-10,4.9414851805826e-10,1.13068220359489e-10,5.89903643396228e-10,2.31160562859001e-10,1.93071283794537e-10,3.22150695705854e-10,9.95537909789957e-11,5.18805621463439e-10,2.32018163781697e-10,1.69690938107082e-10,5.41362266933402e-10,1.4654818371376e-10,4.6392778409019e-10,2.07620331245841e-10,6.12646102570174e-11,4.8404090226436e-10,2.27023094031187e-10,5.25267027201331e-10,1.95698176386859e-10,4.15114068056668e-11,1.78676700759977e-11,2.07013758041909e-10,1.76400427866459e-11,2.25320059284419e-10,3.02343043981583e-11,2.87975040010843e-11,9.18489877632584e-11,2.45732763706289e-11,1.76396593527102e-10,1.4814591065308e-10
1.81569922621514e-09,1.13603800754631e-08,1.55524955498243e-09,3.65238101013158e-09,8.55768913439959e-09,2.121174156535e-09,1.38945962820355e-08,1.8391800852496e-09,9.47171706152566e-10,1.08560814250673e-08,1.57628829240613e-09,1.00616825016792e-08,1.61423748951084e-09,8.42576430735477e-10,1.53213308656014e-09,1.40155171731089e-09,8.27120115041061e-10,1.27299897631899e-09,7.40775967104369e-10,1.32975728696344e-09,5.27639690540118e-10,7.25510140248607e-10,1.44417230352608e-09,7.09114026466512e-10,1.17021984125439e-09,4.64440061358275e-10,3.28918881241816e-10,1.27091607810453e-09,5.30166511952032e-10,1.31598950961916e-09,4.1601614267854e-10,2.9449434926436e-10,2.65479497805043e-10,4.74720977266286e-10,4.06410723054514e-10,5.82201509998671e-10,2.62429741848425e-10,2.39362118741167e-10,1.56184548262865e-10,3.62356752854802e-10,2.64372130631048e-10,3.59641642844649e-10,2.17450885698147e-10,1.42348340325115e-10,1.88741947223536e-10,2.39488244592672e-10,2.21188294455271e-10,3.33030729786867e-10,1.62886244385738e-09,6.41722061755913e-09,9.68599002933041e-10,2.71861108156681e-09,4.69355634718554e-09,1.48728069797525e-09,7.18262964421808e-09,1.17751154449476e-09,5.25885062214451e-10,5.042797395719e-09,9.53243631042258e-10,4.78252228416607e-09,1.03267498995758e-09,4.65538972311863e-10,9.37966091191174e-10,8.59801705756636e-10,2.65486095962389e-10,6.88874412191486e-10,4.20937735624195e-10,7.82207710399825e-10,3.07279155033245e-10,2.88251322687941e-10,6.83241907437244e-10,1.99117337280932e-10,6.88246593588454e-10,2.70122363452734e-10,2.4222255427179e-10,6.00683685370093e-10,3.78801076464306e-10,6.31550242343029e-10,2.41467570688641e-10,2.16892884263942e-10,1.79419245957012e-10,3.38529729765365e-10,2.07420254633647e-10,3.15083690201012e-10,1.95121751262484e-10,1.20923725328324e-10,3.06125526628334e-11,1.67503532716303e-10,4.99403433704036e-11,1.05389910203831e-10,1.35019424754853e-10,5.21387335818354e-11,1.59618508480511e-10,5.6855166779108e-11,1.38266060987188e-10,1.60172318346187e-10
7.11361816171966e-10,1.55504142408634e-09,5.75662676828479e-09,1.27947958158584e-09,3.49520010633002e-09,3.06969746257614e-09,1.8391800852496e-09,6.21067128737852e-09,1.75855924142355e-09,3.96302212650804e-09,4.3889110887679e-09,2.5317815112192e-09,5.43681618292052e-09,1.54871956812187e-09,6.69137502836217e-10,3.87452532815818e-09,1.27504974357708e-09,3.34475100709012e-09,1.37325635168606e-09,5.95240286756245e-10,9.44869719115374e-10,1.1351338351336e-09,5.74917125047725e-10,1.0572181571036e-09,5.23917697687835e-10,8.31306303328193e-10,2.72179370958066e-10,5.0607612576412e-10,8.85495478148958e-10,5.40909516989105e-10,7.43852751306195e-10,2.43619494678866e-10,1.44835000972017e-10,7.92269135654949e-10,2.58447573770527e-10,8.30967716649622e-10,2.23430321630517e-10,1.37352880058737e-10,1.0293601709386e-10,2.42354753817635e-10,1.17466393217381e-10,2.08943606490868e-10,1.29646732718922e-10,9.36921613335779e-11,6.67305248798795e-11,1.07020487045312e-10,1.07342751456057e-10,1.36744571010899e-10,4.7497680914692e-10,1.07733077514201e-09,3.62660995880462e-09,7.7910896874019e-10,2.29335759674315e-09,1.98479643778373e-09,1.17657558584499e-09,3.90008104292307e-09,1.08072178040876e-09,2.38166114475787e-09,2.51441835853587e-09,1.41660274478758e-09,3.42419643775112e-09,9.9954250770375e-10,2.05983592650693e-10,2.27378082768718e-09,5.82215873409729e-10,1.82577808793898e-09,8.92325258878685e-10,1.95792976752531e-10,5.94208018884475e-10,5.35323566682809e-10,2.1736203406615e-10,6.01518670218648e-10,1.72351753537326e-10,5.22567222213941e-10,2.57926345553676e-10,1.91011831088135e-10,5.71747877767483e-10,2.51485386713288e-10,4.67275374357986e-10,2.30831714542458e-10,1.30604015515754e-10,5.1117870715379e-10,2.15549071685342e-10,5.0506720153706e-10,2.144105078254e-10,1.16246070518243e-10,1.0463121582685e-10,1.92808789736363e-10,1.01083517927618e-10,2.32611610621398e-10,1.24519923600156e-10,9.25554147653044e-11,8.69101311067472e-11,1.04985043457028e-10,1.07986965061615e-10,1.09067342798263e-10
1.3420929856883e-09,8.46083124738398e-10,1.65971408302648e-09,7.34716806249717e-10,1.33957833412682e-09,1.25705444417177e-09,9.47171706152566e-10,1.75855924142355e-09,6.9237270204905e-09,1.50792606136195e-09,4.58520943566251e-09,3.89020010656829e-09,1.54882514633665e-09,6.14797456504048e-09,1.90169476509279e-09,4.0707945697696e-09,4.25839349611879e-09,2.50284282144976e-09,5.39943630076177e-09,1.67542423155619e-09,7.45574664767579e-10,3.74959014688745e-09,1.32615924115272e-09,3.24051854746742e-09,1.47402852979877e-09,6.55996479035842e-10,1.01038739320295e-09,1.16684840622898e-09,5.94174063013446e-10,1.06565541960209e-09,5.87049812290855e-10,9.03801115869604e-10,3.07970816206177e-10,5.3171738410683e-10,9.51925662968126e-10,5.52309498472189e-10,8.38896479438635e-10,2.82766214580951e-10,1.65929802558942e-10,8.83540017296638e-10,2.86189628322318e-10,8.53412325317896e-10,2.6797690701872e-10,1.4843411772134e-10,1.27537201205627e-10,2.6367394397379e-10,1.73936610462287e-10,2.64773717765713e-10,8.8940510818042e-10,7.47318968556295e-10,1.03167078843021e-09,5.03979623755393e-10,9.76318682857176e-10,7.30118412226638e-10,8.5196886610812e-10,1.1298195252176e-09,4.07108322095982e-09,1.04704982311964e-09,2.670566017898e-09,2.18035203800636e-09,1.03600365854131e-09,3.57267723733036e-09,9.45222730124919e-10,2.38759224054142e-09,2.16692614198827e-09,1.25049039399378e-09,3.14871015588767e-09,8.51961113606342e-10,3.88016154160444e-10,1.90736644410923e-09,6.5836502670381e-10,1.5636648667375e-09,7.49509641963011e-10,3.41206076066376e-10,6.95246684244851e-10,5.78926586813759e-10,3.26798278604464e-10,4.50822003131349e-10,3.05084329426326e-10,6.21926434746081e-10,3.01234068925701e-10,2.92123473841331e-10,6.56710747206148e-10,2.81288138513648e-10,5.61572334221818e-10,2.66012015939848e-10,1.62611549534863e-10,5.79478695496027e-10,2.87623771985123e-10,5.68232430051925e-10,2.58276943279031e-10,1.56310224011119e-10,9.23886513099641e-11,2.7665507969228e-10,1.82726584917832e-10,3.13302321973195e-10
1.51568998172672e-09,8.55777192174035e-09,3.49544576776888e-09,2.2828696662462e-09,1.21743383271024e-08,4.16929833955548e-09,1.08560814250673e-08,3.96302212650804e-09,1.50792606136195e-09,1.49616849726965e-08,2.50637866177277e-09,1.21437138299848e-08,3.43962637079962e-09,1.31806476886867e-09,7.95128792067358e-10,2.20932899569833e-09,1.14169591616365e-09,1.85689061719015e-09,1.16169379233259e-09,7.03285071287164e-10,1.17605356894724e-09,1.00611467264881e-09,7.69700790349199e-10,9.28182232142293e-10,6.19173503490556e-10,1.03478275680593e-09,4.02724628802375e-10,6.77649400078355e-10,1.10912389720108e-09,7.09972853863477e-10,9.26080763206567e-10,3.60498773018095e-10,3.2446139065804e-10,9.92490156439709e-10,5.07309370815716e-10,1.16777274803085e-09,3.29400095047102e-10,2.93660592264146e-10,2.24543124878865e-10,4.54668514835367e-10,2.96549863456985e-10,4.40455550376763e-10,2.64258085483641e-10,2.04561935444575e-10,2.08595284803731e-10,2.71679516252545e-10,2.8328352262798e-10,3.76854527825844e-10,1.35608619132865e-09,4.84099179822856e-09,2.35684591317834e-09,1.93866464854437e-09,6.44532797562245e-09,2.91852109542814e-09,5.61575802249537e-09,2.61649396926225e-09,7.60598154141779e-10,6.7867468606384e-09,1.44789757595826e-09,5.25950437373907e-09,2.29539292519506e-09,6.93925257092022e-10,1.33432173132101e-10,1.32518106623083e-09,3.25154777645756e-10,9.668241086388e-10,6.1818189834732e-10,1.6802886156006e-10,6.58020499981179e-10,3.34965440317246e-10,2.09002358436194e-10,3.70793050876556e-10,1.48014849381072e-10,5.78634606040184e-10,3.48556023220435e-10,1.83544364605779e-10,6.12490917981979e-10,1.5572069441212e-10,5.17375748734052e-10,3.11987667298386e-10,2.08461126849696e-10,5.47523470801223e-10,3.18914824003673e-10,5.7586156139471e-10,2.73281196989634e-10,1.50168924645691e-10,1.21323220523401e-10,2.71844951933541e-10,9.56051625914046e-11,2.72782117220229e-10,1.57896044671287e-10,1.24142791689794e-10,1.96243932388902e-10,8.82464218892264e-11,1.80691807942457e-10,1.58963403207124e-10
7.5645308332479e-10,1.32324277915692e-09,4.11913120421297e-09,1.09148366228132e-09,2.18936157330131e-09,1.86984954438046e-09,1.57628829240613e-09,4.3889110887679e-09,4.58520943566251e-09,2.50637866177277e-09,8.18055580244372e-09,5.47835303804975e-09,3.87452806663722e-09,4.07070280703107e-09,1.57846696058243e-09,7.26252168545903e-09,2.48183455409135e-09,5.04285827478536e-09,3.58951678543252e-09,1.39113315539156e-09,6.5487328130166e-10,2.19616137477693e-09,1.08132905909109e-09,1.77240866585819e-09,1.22397480183084e-09,5.76220489993918e-10,1.00832907460237e-09,9.51505263533427e-10,5.69517656858301e-10,9.20185682686654e-10,5.15714462984907e-10,9.01965265827868e-10,2.81153547755968e-10,5.0967531026844e-10,9.56324833092797e-10,5.045294701313e-10,8.23082752313458e-10,2.55079113523328e-10,1.38493063472753e-10,8.79995739969665e-10,2.5474814750451e-10,8.2573641117518e-10,2.41642419567306e-10,1.26068175872177e-10,1.19206337158733e-10,2.38856788069945e-10,1.49770031614326e-10,2.50637879763573e-10,4.98896685586264e-10,9.60845224003443e-10,2.43712530369135e-09,6.83718561835492e-10,1.42400290307267e-09,1.10226657736669e-09,1.17533990336735e-09,2.63378218843308e-09,2.67651616673954e-09,1.55877672400112e-09,4.83397736950439e-09,3.1845517660728e-09,2.36887665765708e-09,2.39703936071793e-09,8.15383418647518e-10,4.36652430478006e-09,1.216382134635e-09,2.87552905011239e-09,2.13638852644661e-09,7.00602030016833e-10,3.771009661702e-10,1.07699675030877e-09,4.68505339024181e-10,7.92331914616121e-10,6.16377589812394e-10,3.31602743761517e-10,7.66853953907498e-10,4.11921930680056e-10,3.33427509480242e-10,3.00164851068013e-10,2.96494328591093e-10,6.8596998620647e-10,2.71203574258495e-10,2.98048607609714e-10,6.51500262533321e-10,3.13473229949373e-10,6.20374121313665e-10,2.40215971288699e-10,1.50182723643881e-10,5.79642084265004e-10,2.3706197316734e-10,5.87179423308182e-10,2.44619068202276e-10,1.40347908444889e-10,1.42904651569558e-10,2.43676533680264e-10,1.79703640598743e-10,2.63059413482067e-10
1.46672480313229e-09,7.89026519134594e-09,2.22323704507163e-09,1.94477650683733e-09,9.67775571919144e-09,2.76886865082886e-09,1.00616825016792e-08,2.5317815112192e-09,3.89020010656829e-09,1.21437138299848e-08,5.47835303804975e-09,1.7678955782066e-08,2.2218896464668e-09,3.44272224786462e-09,1.52832173810129e-09,4.86844853633235e-09,2.08386105078803e-09,3.1512026094111e-09,3.01879561619971e-09,1.34289733375463e-09,7.53094877118523e-10,1.82575499272888e-09,1.0603649985219e-09,1.37879271459762e-09,1.18172747997107e-09,6.62720953667761e-10,1.18780497905501e-09,9.33264303891927e-10,6.48673257976359e-10,8.83399156222466e-10,5.93283599053128e-10,1.06258095885411e-09,4.64264511508159e-10,5.80651750520468e-10,1.26958111611988e-09,6.6286156331504e-10,9.62844092729058e-10,4.12852243064866e-10,2.45125102322118e-10,1.1427942823109e-09,4.48964784153306e-10,1.14073807317904e-09,3.75467847747389e-10,2.16977570554942e-10,2.6015113794488e-10,4.14529383140207e-10,3.15762262077553e-10,5.07055269756882e-10,1.30178897542604e-09,4.15555765095214e-09,1.40919291733846e-09,1.57104104018719e-09,5.18819176315911e-09,1.96267882306587e-09,5.0047527721452e-09,1.60240358682243e-09,2.05837523102115e-09,5.40933791165924e-09,2.98760950085977e-09,8.02776504639261e-09,1.44055824370729e-09,1.83190476750138e-09,6.47163997980574e-10,2.74027543281804e-09,9.23433094675727e-10,1.68733231243287e-09,1.6341008986759e-09,6.14718294574236e-10,3.45565645121111e-10,8.5644698014549e-10,2.87979265649268e-10,4.55482515469464e-10,5.40903804096477e-10,3.03813305652222e-10,7.26965714651658e-10,2.53037372973382e-10,3.03075073264656e-10,1.36911430725759e-10,2.71607491722201e-10,6.50383073164537e-10,3.42652072057918e-10,2.70827842766132e-10,6.48357044659073e-10,2.76664630902955e-10,5.84570668311962e-10,2.65650601907444e-10,1.31027807789e-10,5.47130928938198e-10,2.706765484648e-10,5.31797093580057e-10,2.87861822623269e-10,1.45346191114689e-10,2.08937128734263e-10,2.525867905873e-10,2.51959972093775e-10,3.4750497663476e-10
6.37158942509981e-10,1.37598124474925e-09,5.06384769757251e-09,1.12830189295423e-09,3.05864533992963e-09,2.70575860944201e-09,1.61423748951084e-09,5.43681618292052e-09,1.54882514633665e-09,3.43962637079962e-09,3.87452806663722e-09,2.2218896464668e-09,5.96630036449197e-09,1.62029325515242e-09,7.4358707609978e-10,4.19489976770602e-09,1.34727287480663e-09,3.65329092404582e-09,1.43651447832147e-09,6.59547159425735e-10,1.03572041912148e-09,1.19821267968014e-09,6.12403734900725e-10,1.10178178156016e-09,5.80224315920576e-10,9.11069050409983e-10,2.94100173789738e-10,5.38765809997257e-10,9.58729285849737e-10,5.71886970899247e-10,8.14886355427724e-10,2.63070741646018e-10,1.4528063459149e-10,8.5749807293296e-10,2.72495822477225e-10,8.91889907071914e-10,2.40482981636595e-10,1.37802541586381e-10,9.9821985611067e-11,2.5199661506334e-10,1.21678343314588e-10,2.20250761729727e-10,1.29826089710567e-10,9.05159426872867e-11,7.49101032117174e-11,1.09527337492674e-10,1.04149777570867e-10,1.37706615917994e-10,4.81492018264923e-10,1.03507450296744e-09,3.14264550632474e-09,7.90163100170696e-10,2.00746840299078e-09,1.78247734846013e-09,1.12103669266775e-09,3.4245625247509e-09,9.99799102110293e-10,2.08697377041016e-09,2.27439590936696e-09,1.3056818552904e-09,3.70669520496683e-09,1.04849186704917e-09,2.84511235667615e-10,2.47460459968054e-09,6.50743484584376e-10,1.99423596406188e-09,9.37619864400835e-10,2.56323003749457e-10,6.70063185710425e-10,5.85091623184992e-10,2.52665414678938e-10,6.58108285696618e-10,2.25494972635528e-10,5.89361995047166e-10,2.8761787053135e-10,2.22198638889849e-10,6.09610791457552e-10,3.0536789924736e-10,5.27059896176899e-10,2.5726309659553e-10,1.44028961057774e-10,5.45148513719808e-10,2.45905773721305e-10,5.07008316494844e-10,2.34529513428619e-10,1.26898446917111e-10,1.05476843258637e-10,2.22266862286124e-10,8.80536525538232e-11,2.34872984878936e-10,1.31741296775603e-10,9.85137786492341e-11,1.02220558785963e-10,9.77853511330037e-11,1.22136505229097e-10,9.98667167122987e-11
1.20684951328656e-09,7.59332185714906e-10,1.4685799352097e-09,6.54197892825481e-10,1.17598703743852e-09,1.09492427244359e-09,8.42576430735477e-10,1.54871956812187e-09,6.14797456504048e-09,1.31806476886867e-09,4.07070280703107e-09,3.44272224786462e-09,1.62029325515242e-09,6.54905823254622e-09,1.97589323862521e-09,4.25864639088777e-09,4.50490396553766e-09,2.59560822916768e-09,5.75865738300631e-09,1.73849378410021e-09,7.73174027047092e-10,3.96946099277603e-09,1.36798344325045e-09,3.41413355381102e-09,1.52928148456893e-09,6.80143547680432e-10,1.06622091867382e-09,1.20339159471195e-09,6.19753762381584e-10,1.09668390135571e-09,6.08385697376948e-10,9.5360167279781e-10,3.28793568272165e-10,5.54364156037343e-10,1.02150767724403e-09,5.71065708769047e-10,8.76097728667562e-10,2.96299716438409e-10,1.70374400197934e-10,9.29293091729063e-10,3.01707368782759e-10,8.94950173735143e-10,2.78109774941711e-10,1.52127551052731e-10,1.31092396111337e-10,2.78012489664358e-10,1.79186543682226e-10,2.82484732587132e-10,8.20729244135781e-10,6.78491673974295e-10,9.33828850778726e-10,4.57118400530607e-10,9.11598223601808e-10,6.66186670368501e-10,7.70520889082059e-10,1.03623982035794e-09,3.57277654977143e-09,9.80135333584471e-10,2.38802150635799e-09,1.98257348404458e-09,1.02646277716089e-09,3.77014019644022e-09,1.08909661496323e-09,2.35868063978344e-09,2.28825973401362e-09,1.35256484174611e-09,3.32628987749103e-09,9.64127766343542e-10,4.18492122466124e-10,1.99762623437637e-09,7.23034654673523e-10,1.65042966369511e-09,8.48085683754252e-10,3.68075583604405e-10,7.08902294724846e-10,6.35925866848666e-10,3.3299269246601e-10,4.91435937133922e-10,3.29156433833928e-10,6.34033083378305e-10,3.31540629280017e-10,2.97757013726165e-10,7.04241325510536e-10,2.95388037729576e-10,5.69246522417515e-10,2.95276327817151e-10,1.60695805669546e-10,6.04223686397848e-10,2.87960445599898e-10,6.04247381647281e-10,2.82338881253282e-10,1.48710930856406e-10,8.40669293499886e-11,2.73997520608868e-10,1.52882631115237e-10,2.84174310596226e-10
4.32997746977943e-10,1.3977563512429e-09,6.39630286386188e-10,1.25643504048707e-09,6.91218756084709e-10,5.83614769777442e-10,1.53213308656014e-09,6.69137502836217e-10,1.90169476509279e-09,7.95128792067358e-10,1.57846696058243e-09,1.52832173810129e-09,7.4358707609978e-10,1.97589323862521e-09,7.30623834063091e-09,1.62846933603313e-09,4.76122439217195e-09,4.09052811968774e-09,1.73866003001872e-09,6.41863049245301e-09,1.75541641176476e-09,4.19788377199648e-09,4.17220470485061e-09,2.37351263354496e-09,5.64600580193047e-09,1.54417038232743e-09,7.2807933697125e-10,3.67007146110222e-09,1.27158927918823e-09,3.18178052190626e-09,1.38119536531607e-09,6.51244754923547e-10,1.09373807786352e-09,1.1373965573229e-09,6.22108237448037e-10,1.09011056847357e-09,6.03074351703219e-10,1.01524245835501e-09,2.74497929743642e-10,5.71907880852956e-10,1.05749115397336e-09,5.73439035826563e-10,9.60248565530185e-10,2.50974962577542e-10,2.20221027223306e-10,1.00510661515439e-09,2.78167999252614e-10,9.95344124329003e-10,2.14014623682803e-10,9.97752987284242e-10,3.65445758758241e-10,6.99978891771134e-10,3.8658266641766e-10,1.54160932838217e-10,8.81476216748864e-10,3.73994155957232e-10,1.07252402614846e-09,2.43864792357106e-10,8.67088270732857e-10,6.8228872116795e-10,4.30690782423817e-10,1.07521562524429e-09,4.34755187944885e-09,9.67495171309016e-10,2.82225671904176e-09,2.36725895571233e-09,9.66871178067136e-10,3.74488593459813e-09,1.16820383064755e-09,2.49067195822463e-09,2.42402936744885e-09,1.24713600124251e-09,3.29406845837628e-09,1.02749777563254e-09,5.05486530698416e-10,2.13207571683777e-09,7.70807656946804e-10,1.55429302696873e-09,9.18873341539065e-10,4.52153967480863e-10,6.40784235609398e-10,6.8926777218428e-10,3.47708256599662e-10,5.45271049151651e-10,3.92729628394026e-10,6.31494139616464e-10,2.87283815243475e-10,3.06591517491608e-10,7.75235082943624e-10,4.12923686142312e-10,6.07512659966941e-10,2.76854388242776e-10,1.71706322242308e-10,7.49565420154578e-10,2.50569672239078e-10,7.30064763845038e-10
6.80440824872647e-10,1.1841723355211e-09,3.63754653242146e-09,9.71296909162013e-10,1.93475781908415e-09,1.64730543702094e-09,1.40155171731089e-09,3.87452532815818e-09,4.0707945697696e-09,2.20932899569833e-09,7.26252168545903e-09,4.86844853633235e-09,4.19489976770602e-09,4.25864639088777e-09,1.62846933603313e-09,7.77892741483974e-09,2.59466655556742e-09,5.42488326697172e-09,3.75648727535663e-09,1.42838498281419e-09,6.85782949110453e-10,2.29630675552603e-09,1.10728864579046e-09,1.84663852729375e-09,1.25650968333653e-09,6.03274174064715e-10,1.06108379224094e-09,9.74084233482097e-10,5.94395934596048e-10,9.40688680624599e-10,5.39639507739872e-10,9.49007147696018e-10,3.01417450395964e-10,5.31685688497897e-10,1.01730227063664e-09,5.2149710090117e-10,8.58566746115002e-10,2.73408700362159e-10,1.38481309567952e-10,9.22183024988244e-10,2.68382395644283e-10,8.54941904652415e-10,2.56138558856384e-10,1.26460904175995e-10,1.21196605772148e-10,2.50540671277864e-10,1.49703332882079e-10,2.62535120022702e-10,4.88674022229253e-10,9.1947671177428e-10,2.17822326295042e-09,6.94215966596362e-10,1.29548735793041e-09,1.01959551436134e-09,1.10291320496157e-09,2.36920096575292e-09,2.39726495432653e-09,1.4237260731285e-09,4.36707003398072e-09,2.90148851228127e-09,2.53044892222606e-09,2.44076867581529e-09,8.81580199108808e-10,4.47810298964108e-09,1.32042622251275e-09,3.03556402518812e-09,2.17178302638631e-09,7.50819878508488e-10,4.21632657491471e-10,1.15217493569965e-09,5.37024431208031e-10,8.59273633666685e-10,6.60460153444475e-10,3.70838139136247e-10,7.59201206917819e-10,4.7231179073942e-10,3.47594431335622e-10,3.80379727313503e-10,3.31627131835951e-10,6.79016013941759e-10,2.93352297574411e-10,3.10815814135422e-10,6.69259763829956e-10,3.15380300557888e-10,6.05534939067818e-10,2.61026559455024e-10,1.53005040504857e-10,5.84608256275324e-10,2.3832607152173e-10,5.96489857755186e-10,2.56085480862838e-10,1.33144217170026e-10,1.54471385943513e-10,2.38919517542894e-10,1.56893277597211e-10,2.40916494521384e-10
1.18501018062065e-09,7.23846117564143e-10,1.23373873291368e-09,6.57678207679301e-10,9.99345065901349e-10,9.35493175997272e-10,8.27120115041061e-10,1.27504974357708e-09,4.25839349611879e-09,1.14169591616365e-09,2.48183455409135e-09,2.08386105078803e-09,1.34727287480663e-09,4.50490396553766e-09,4.76122439217195e-09,2.59466655556742e-09,8.13741085109821e-09,5.52291412842446e-09,3.96951607924857e-09,4.19776609212756e-09,1.47306505418384e-09,7.17681827554037e-09,2.39747474691676e-09,4.8291469471464e-09,3.692485502741e-09,1.29578496114821e-09,6.58423185962275e-10,2.10896530554632e-09,1.06170119449228e-09,1.75069963499496e-09,1.15900080738846e-09,5.8891983588682e-10,1.10175324854101e-09,9.4963760151096e-10,5.81753176585283e-10,9.35763583762609e-10,5.43297041248715e-10,1.01684049773458e-09,2.49475056133892e-10,5.26857821309814e-10,1.03545571999025e-09,5.21887988550317e-10,9.62187059512199e-10,2.31566681545099e-10,2.1279583241236e-10,9.83801793658715e-10,2.72050830361489e-10,9.9304022088611e-10,7.92345581058375e-10,5.88789076442575e-10,8.03241175733922e-10,3.51600913620726e-10,8.2795426226495e-10,4.80515494751833e-10,5.35127716939392e-10,8.41320817217708e-10,2.55403763006711e-09,7.64621742744805e-10,1.41764397425252e-09,1.15458529811804e-09,8.12013635279608e-10,2.72463202012222e-09,2.67180946633075e-09,1.45713880562815e-09,4.62109285031201e-09,3.0142273997553e-09,2.40818502911982e-09,2.37348283409779e-09,9.15608822090197e-10,4.08795516848207e-09,1.33225258236516e-09,2.61153937930075e-09,2.08776456636142e-09,8.0532991420137e-10,4.48248444086359e-10,1.17177681560734e-09,5.71688072921796e-10,7.61486124415884e-10,7.20194488898387e-10,4.00940795255101e-10,7.26463486310452e-10,5.11213160747436e-10,4.08606484001246e-10,4.52993050076355e-10,3.49154319777962e-10,7.08939410956914e-10,2.53829947037047e-10,3.55169246569191e-10,7.67162846253936e-10,3.8555500213857e-10,6.7105570960997e-10,2.42131567281354e-10,1.36153570296496e-10,7.29715615857176e-10,2.27208912213125e-10,7.03513953638228e-10
6.01974154030581e-10,1.04206637398825e-09,3.15406202435846e-09,9.05054959566334e-10,1.6089379015212e-09,1.38392836391209e-09,1.27299897631899e-09,3.34475100709012e-09,2.50284282144976e-09,1.85689061719015e-09,5.04285827478536e-09,3.1512026094111e-09,3.65329092404582e-09,2.59560822916768e-09,4.09052811968774e-09,5.42488326697172e-09,5.52291412842446e-09,9.21148723340479e-09,2.29803886605953e-09,3.60201355035354e-09,1.28257944552583e-09,4.86941366379425e-09,1.99602826289082e-09,2.95555220368353e-09,3.16848598415896e-09,1.12824777310537e-09,6.31142963117093e-10,1.75587950702664e-09,9.51471351434575e-10,1.48328646337721e-09,1.00919691106378e-09,5.6453668631799e-10,1.05183490272117e-09,8.51081498305991e-10,5.59951577089754e-10,8.14877623655209e-10,5.12079214274297e-10,9.74992496317956e-10,2.34847610481012e-10,5.11744525874698e-10,9.87722809226973e-10,5.04995286300931e-10,9.20915476896621e-10,2.17439540724311e-10,1.90686793899979e-10,9.42748365673145e-10,2.43036354441351e-10,9.78500980330943e-10,3.50172142387683e-10,6.90105169738625e-10,1.98056033712302e-09,4.94037403945431e-10,1.09602485390049e-09,7.67170164873359e-10,7.16271834805001e-10,2.11475082347749e-09,1.47003561677279e-09,1.05411057516082e-09,3.03887125867589e-09,1.74908711777165e-09,2.13260029321554e-09,1.53738047680051e-09,2.2132097033056e-09,3.08498504552052e-09,3.1447352026484e-09,5.27769290290455e-09,1.38516272637318e-09,1.92809521295456e-09,7.86280013495252e-10,2.77280469754069e-09,1.01682373826423e-09,1.58412002218868e-09,1.69601127943094e-09,6.91565804412176e-10,4.98835797524598e-10,8.94313740291689e-10,5.51830705935241e-10,6.14671386777436e-10,6.18448830078826e-10,4.46193136927295e-10,6.61452907410256e-10,4.93444444082569e-10,4.00194663256674e-10,4.43098059000874e-10,3.89133810739413e-10,6.37156754671422e-10,2.41315630418347e-10,3.5807326760927e-10,6.75027885840626e-10,4.098924191074e-10,6.09684685970705e-10,2.1155741484266e-10,2.05655810717327e-10,6.38768336891604e-10,2.12883873052555e-10,6.34494416554883e-10
1.05954233986715e-09,6.69152450911504e-10,1.30629197022577e-09,5.8237174520167e-10,1.04100905590009e-09,9.68108817523356e-10,7.40775967104369e-10,1.37325635168606e-09,5.39943630076177e-09,1.16169379233259e-09,3.58951678543252e-09,3.01879561619971e-09,1.43651447832147e-09,5.75865738300631e-09,1.73866003001872e-09,3.75648727535663e-09,3.96951607924857e-09,2.29803886605953e-09,6.23851619231868e-09,1.81034684597698e-09,7.88561372231015e-10,4.28237623034583e-09,1.4181138269844e-09,3.70527032883936e-09,1.59237866385267e-09,6.93617528082797e-10,1.1204987211529e-09,1.24737102507325e-09,6.33228400043913e-10,1.14114258781725e-09,6.20313980748023e-10,1.00208110954553e-09,3.41539897750491e-10,5.66306953977454e-10,1.08751276342794e-09,5.87488080416705e-10,9.17938761857842e-10,3.08364988288429e-10,1.78301351159658e-10,9.83688313978803e-10,3.10369284779134e-10,9.36863996726429e-10,2.85613038297911e-10,1.60366292974694e-10,1.31922976872557e-10,2.84348287287733e-10,1.93711374865263e-10,2.91746871835467e-10,6.99233157617093e-10,6.0756325163741e-10,8.07118459794057e-10,4.02832875992906e-10,8.0205373293984e-10,5.73128238688853e-10,6.96284485470234e-10,9.0251729422223e-10,3.14891221550649e-09,8.66385259036829e-10,2.13632596995563e-09,1.77591631264429e-09,8.9699703656875e-10,3.32620519754605e-09,9.64951165413094e-10,2.12102491845261e-09,1.9980400975792e-09,1.21599777480935e-09,3.66482694132563e-09,9.27639417809444e-10,4.11414644047617e-10,2.2213235246794e-09,6.54019316909252e-10,1.83160504209348e-09,8.15950390916003e-10,3.61879770516799e-10,7.86232247068095e-10,5.75274516211152e-10,3.55153675643868e-10,4.69500283136996e-10,3.23635248408342e-10,7.03140902911341e-10,3.44874225194303e-10,3.17619987091276e-10,7.3535099512158e-10,3.18507913524805e-10,6.15469604187903e-10,3.05683901060415e-10,1.52289065075168e-10,6.18070729214486e-10,2.98740695176937e-10,5.89050838452249e-10,2.92537865857438e-10,1.39196871764713e-10,9.10905424011354e-11,2.82232824275339e-10,1.56418176480419e-10,3.07564921934051e-10
