9.4262309517741e-07,4.74286726833096e-07,2.16901421567282e-07,7.75302693331379e-07,4.21567214786639e-07,6.38496498096281e-07,3.14227228591072e-07,1.60229494178052e-07,2.22558586789575e-07,3.00824970381274e-07,1.88954925217702e-07,3.16112551745951e-07,1.18528209939091e-07,1.75854254574338e-07,1.3729837009087e-07,1.53245221444447e-07,1.470185750693e-07,1.38321091454811e-07,1.21883950890058e-07,1.01855486200154e-07,6.92025290134689e-08,1.07981779967942e-07,9.74681419780614e-08,1.04250037745548e-07,6.72969776813364e-08,3.97549853768912e-08,2.68491976637395e-08,6.43814491428461e-08,5.84208675796323e-08,7.8721082952644e-08,2.29747309700943e-09,7.97175614147025e-10,1.4969075321851e-08,1.70628211051926e-08,9.36181234165098e-09,3.10699712228314e-08,4.82453592218645e-09,1.65286472475096e-08,8.87349835366787e-09,1.37240068510613e-08,3.24382652019946e-09,3.57773746360761e-09,5.51272403196617e-09,1.09305483311639e-08,-3.26973244394721e-09,-1.99149005109339e-11,-5.40672339034761e-09,-6.38905233662036e-09,7.29415607641889e-07,3.16387058775099e-07,1.77370995819667e-07,5.78750962551423e-07,2.54132291336755e-07,5.24887594899561e-07,1.91515268334554e-07,1.22361619737328e-07,1.39294283130703e-07,1.59773278267125e-07,1.49024351711046e-07,1.30580523784119e-07,1.00164866268469e-07,1.1261477840549e-07,8.63797618744023e-08,1.23358295452305e-07,9.60310076517631e-08,1.21918601557356e-07,7.3454918536232e-08,6.45685941625238e-08,4.23425015052867e-08,6.69253111892957e-08,5.97165581177306e-08,7.23488008772539e-08,3.38144972287787e-08,6.8991327017204e-09,3.31304188720668e-08,2.65210044825837e-08,2.34485086293436e-08,3.57098148349331e-08,-1.92362349822784e-08,1.03326572545024e-08,8.17690030748254e-09,-8.51609491659956e-09,8.9843605314875e-09,-9.86846057184952e-09,1.23322517957477e-08,1.11016909739917e-08,-4.01141473769752e-09,1.25489697122561e-08,3.66568583158545e-09,6.79971057368889e-09,-1.40379161232837e-09,-8.05404622129722e-10,-1.0281872991246e-09,-3.81848289432154e-09,-4.1681112029343e-09,-2.7718886732846e-09
4.74286726833096e-07,2.32150340267569e-06,5.67299862958625e-07,9.50669989614321e-07,1.94413729719353e-06,6.53029663731886e-07,1.51598199732435e-06,3.29563002486809e-07,2.23237262264727e-07,1.3060408222375e-06,3.24846209939694e-07,1.19762074766008e-06,2.52368201588616e-07,1.61357347307066e-07,2.27836722065919e-07,2.27656842824835e-07,1.46861652316791e-07,2.1167178888374e-07,1.11270452356458e-07,1.61010507530363e-07,1.09480648892003e-07,1.06853911105217e-07,1.60280546288136e-07,1.18505519757078e-07,9.78594175220019e-08,5.13244601628944e-08,4.92002881055243e-08,1.02217459184482e-07,8.61118654586081e-08,1.44689434762018e-07,1.0622003824377e-08,1.26299103810558e-08,9.6761714186315e-09,3.29752369977977e-08,1.88661255848343e-08,2.49435096834071e-08,5.67554921758818e-09,-2.02379738204389e-10,1.01737669750282e-08,5.08507935420035e-09,2.88538990499033e-08,1.32566463400929e-08,-3.0961224378915e-10,6.98072692778479e-09,-1.16404029800661e-08,4.53992771740906e-09,-5.51531946180712e-09,-6.87327405456519e-09,3.98988416212693e-07,1.2512375611e-06,4.21210815915137e-07,7.00253191789995e-07,9.85316291795309e-07,5.76612226458107e-07,7.60329800022197e-07,2.20406478419501e-07,1.78388297030196e-07,5.38472347327202e-07,2.16962876352548e-07,3.84415726092354e-07,1.50425270989157e-07,1.27822387577426e-07,1.9359797214245e-07,1.39033635704673e-07,1.30192848159424e-07,1.15691548257511e-07,8.88264587359862e-08,1.47527481075971e-07,8.5295686020287e-08,8.35505050275325e-08,1.28791050484894e-07,5.72271654863876e-08,9.76961377022641e-08,5.03534522537717e-08,4.21774314731229e-08,9.26121551805105e-08,8.57262325578812e-08,1.290426359708e-07,1.28117287642695e-08,7.76998617358153e-09,-6.7553659246826e-09,4.43098203854085e-08,1.67498492614473e-08,1.67513225608304e-08,9.60187125942339e-09,-7.79255850737692e-10,-3.97467605159599e-09,6.56168744715271e-09,-8.51818090436253e-10,-1.36872173113793e-08,-7.30922919448611e-09,3.289466610927e-09,9.76833052150255e-09,-1.92832034888379e-09,1.23879850428452e-08,3.94882354086718e-09
2.16901421567282e-07,5.67299862958625e-07,1.40541956195943e-06,4.10429880725508e-07,1.09231046786766e-06,9.54997802428721e-07,3.32243804614114e-07,9.83201287974071e-07,3.60464925920528e-07,7.18444475229726e-07,7.02446541008068e-07,5.08311057547e-07,7.57873851155587e-07,2.86210166148886e-07,1.63256393012982e-07,5.72286576243056e-07,2.68524720084909e-07,5.31327025219265e-07,1.81608436753922e-07,1.12281352880482e-07,9.65722096830356e-08,1.80008474951676e-07,1.06611031759134e-07,1.83755659484283e-07,6.39770315665601e-08,4.23532481041902e-08,2.27982191369983e-08,6.34818533548235e-08,4.56568998518596e-08,5.62129454003012e-08,1.05564198063208e-08,2.40326844571432e-09,9.52135771450415e-09,9.73369508069870e-09,1.46719622168228e-08,1.84870883664185e-08,-6.56240848673955e-09,2.4009882063078e-09,6.62992219515841e-09,3.59730024126023e-09,6.60038713493388e-09,-1.09699867329399e-09,1.11241103585802e-09,3.2353775291041e-09,2.01827921419429e-09,2.31818742882761e-10,2.13432778840519e-10,6.04693694028407e-09,1.83294995003762e-07,3.94657371840356e-07,9.95367720025826e-07,2.73468567934686e-07,7.41932069165347e-07,6.06799107670132e-07,1.92966234121053e-07,7.00370265939556e-07,2.93999174078224e-07,4.1920911034526e-07,5.2029095732362e-07,3.12334759509045e-07,5.54806293177057e-07,2.16676249598505e-07,9.20423563173881e-08,4.19740301713077e-07,2.04315041698789e-07,4.10676698022439e-07,1.29479742030974e-07,7.34011113704365e-08,8.4550679216668e-08,1.49643215375056e-07,5.71344774978915e-08,1.23419367428446e-07,4.95469299545466e-08,4.0800366419874e-08,2.42074214791593e-08,5.65370243857511e-08,4.86221430003439e-08,7.12282867051167e-08,6.75123440722475e-09,2.4249615564624e-09,1.23964480254958e-08,1.03607642931755e-08,1.36097551825185e-08,1.29066732506026e-08,-6.81894464193849e-09,5.85797688558254e-09,2.85063379351399e-09,1.70900813465812e-09,-9.58392522103279e-10,-1.24912643285487e-08,1.25740364238842e-09,3.54895301443196e-09,5.51945234491636e-09,-2.90047342705218e-09,1.9152013642222e-09,5.30769875557839e-09
7.75302693331379e-07,9.50669989614321e-07,4.10429880725508e-07,1.38796891698608e-06,6.73130864093913e-07,9.53891641356698e-07,6.13064755591049e-07,2.59217213312506e-07,2.50303572175017e-07,4.2396474530626e-07,2.96033327432821e-07,4.63208611197492e-07,2.0280029753994e-07,2.00557542185843e-07,2.57485666566007e-07,2.33551214554328e-07,1.8061294019031e-07,2.2617687351386e-07,1.36352605232425e-07,1.90995774984543e-07,9.98981537888731e-08,1.35029110171572e-07,1.86660998177837e-07,1.2612042385864e-07,1.30963637258404e-07,4.56242501403924e-08,4.08276987135205e-08,1.2596189354032e-07,8.94961654421914e-08,1.70384544712356e-07,5.91899696453022e-09,9.88115859061839e-09,9.80639341938684e-09,4.33322893192062e-08,1.20471526860455e-08,5.51932205416174e-08,7.29810446644716e-09,8.75632904180635e-09,1.87633895905369e-08,9.95662940597234e-09,1.79719558046362e-08,1.26134711505182e-09,3.01015609659408e-09,1.37393867145256e-08,-6.9679256847509e-10,5.17994672870389e-09,3.78502549975955e-10,-2.20994648003926e-09,6.1814743447651e-07,6.46650392111639e-07,3.3804793633966e-07,9.76695337169055e-07,4.66216960738567e-07,7.7728075346768e-07,4.22355127890495e-07,2.0391309543134e-07,1.84476395670261e-07,2.71944289137134e-07,2.23572168939394e-07,2.45172191644268e-07,1.58896779193651e-07,1.57015813106669e-07,1.44595398958216e-07,1.83461271892921e-07,1.34027240021042e-07,1.77914092149724e-07,9.88214618362523e-08,1.07120381686675e-07,6.18966800193528e-08,9.03979742324392e-08,1.06779653099859e-07,8.97955104670198e-08,6.49595928752002e-08,2.06616575814751e-08,3.78553779611942e-08,6.36510725430175e-08,5.2129353143798e-08,9.37846672066568e-08,-1.48606617043006e-08,9.32325137505384e-09,-8.35607840441394e-11,2.03962983732157e-08,1.25741873409343e-08,5.47834040539963e-09,5.59014013408201e-09,3.53148129688893e-09,1.52151450542857e-08,9.1032776900462e-09,9.01126794981725e-09,-2.20143768563025e-08,-8.19058533665773e-09,1.4323561606819e-08,3.23677488021547e-08,5.94062440686465e-10,2.82950723560601e-08,1.53332319169714e-08
4.21567214786639e-07,1.94413729719353e-06,1.09231046786766e-06,6.73130864093913e-07,2.75913985787979e-06,1.20102896580977e-06,1.30556510424518e-06,7.15520402406308e-07,3.17939917005514e-07,1.93970638823342e-06,4.9679654751389e-07,1.49915828235831e-06,5.55824677518801e-07,2.43782346890402e-07,1.94467222793603e-07,3.74772034552804e-07,2.45757902210723e-07,3.53500806288086e-07,1.56492509408966e-07,1.43992933835635e-07,1.42848862144902e-07,1.74333741345602e-07,1.60165937872407e-07,1.93592674188008e-07,7.28638369547999e-08,7.54694171963984e-08,5.09663958119326e-08,8.37326273317032e-08,8.45834921795761e-08,9.09425761376396e-08,2.47349577283277e-08,1.59302927393222e-08,2.62744032778854e-08,3.06729595798821e-08,2.92092567503001e-08,2.66761583552249e-08,5.90105684439642e-09,8.66533185594038e-09,1.47849092816589e-08,7.83057283657336e-09,4.0358117150271e-08,2.28043033628909e-08,2.80155713021335e-09,8.74668226401773e-09,-5.58340233532357e-09,1.20971573405054e-08,-4.95146636807392e-09,4.34472947655389e-09,3.73380072804843e-07,9.46367113307353e-07,7.35299219013013e-07,5.13414146119907e-07,1.38754402833845e-06,8.16279945366719e-07,5.47103094092892e-07,4.57835878387724e-07,2.59266674080654e-07,7.87750945910966e-07,3.41105657783119e-07,4.59036559874686e-07,3.57561257451654e-07,2.0062066272023e-07,1.63951346674479e-07,2.60147731135082e-07,2.01486846225804e-07,2.4571730686954e-07,1.28500434950206e-07,1.39652248617762e-07,1.31617000692161e-07,1.48854243328339e-07,1.28516228191095e-07,1.07356648386817e-07,8.04744895100277e-08,8.13414069689183e-08,5.35544391415533e-08,8.74013650884074e-08,8.61155648036134e-08,1.03113447453856e-07,2.31078677545017e-08,1.97707966107226e-08,1.8473918898423e-08,3.91379005794283e-08,2.96870297820307e-08,2.34755570708387e-08,1.5232306335456e-08,1.32220092327246e-08,-4.74186300998349e-09,1.84087228961933e-08,1.11329335327746e-08,6.26990067523206e-09,1.20813022381859e-09,8.32828885323312e-10,5.18436382901582e-10,3.87634661528836e-09,-2.23070125957671e-12,6.20201090965325e-09
6.38496498096281e-07,6.53029663731886e-07,9.54997802428721e-07,9.53891641356698e-07,1.20102896580977e-06,1.72186168285624e-06,4.14305350202726e-07,6.46900468550441e-07,2.76940791472427e-07,8.02234289582628e-07,4.22732605834441e-07,5.56156541691007e-07,4.97035064136101e-07,2.09681888081904e-07,1.58760989859117e-07,3.30518553429489e-07,2.15415705892929e-07,3.2825726989822e-07,1.3866909248181e-07,1.10078291620261e-07,1.4767836364873e-07,1.44668362069692e-07,1.1194042510911e-07,1.42201149051561e-07,5.89233205671212e-08,7.22567061950465e-08,1.82109999214768e-08,6.45108827789114e-08,7.93418499263997e-08,9.71078469785917e-08,2.48220025405067e-08,-8.73821837235275e-09,-1.63546451900686e-08,3.23138008828951e-08,-1.10901869201949e-08,3.7234246386405e-08,-9.56179206471453e-09,-6.97459664391494e-09,5.56155543266445e-09,-7.97007528236896e-09,1.32563024832722e-08,-6.68750825111347e-10,-6.46214115928138e-09,1.57325627530852e-09,1.45536046883777e-09,3.76877780798461e-09,-8.46326729714568e-09,7.08153526576835e-09,4.96338428191273e-07,3.86700344548453e-07,6.96635608715909e-07,6.56161449657323e-07,7.96519377744116e-07,1.19144456481955e-06,2.35545974982116e-07,5.12474841959315e-07,2.0088747180238e-07,5.14421580054726e-07,3.07628459795374e-07,3.04787638164657e-07,4.14106415791469e-07,1.59704482220728e-07,1.02698470218671e-07,2.62454375843911e-07,1.73012856928684e-07,2.93253659347392e-07,1.01625208604676e-07,8.04005097857441e-08,1.35322822304029e-07,1.18578489831399e-07,9.59195842009196e-08,1.18854990577321e-07,3.88574979455211e-08,6.11400723289472e-08,2.45954810957943e-08,5.5658585669187e-08,4.98992726974349e-08,7.77922228232121e-08,5.87002581021417e-09,-5.26244516549226e-10,-6.72536169229238e-09,1.03377014402664e-08,1.51209172120297e-09,9.8689944284566e-09,-4.96234492912394e-09,-1.48252200579682e-09,-5.41629294962973e-10,-6.07653897917274e-10,-1.23755997307448e-09,-1.76676199306487e-08,-6.59512749181224e-09,1.54216961609793e-09,3.43693130903083e-09,-4.49014098918235e-09,-2.59196273535671e-09,3.35746898745081e-09
3.14227228591072e-07,1.51598199732435e-06,3.32243804614114e-07,6.13064755591049e-07,1.30556510424518e-06,4.14305350202726e-07,3.55723319794594e-06,7.7830714003504e-07,5.07086137267533e-07,3.15776413185429e-06,6.66923790960599e-07,2.83901253050501e-06,6.49533463029989e-07,4.06018481302774e-07,5.35269584154815e-07,5.35280288236146e-07,2.88378378313255e-07,3.73701518086746e-07,2.89564740775787e-07,3.7478806144225e-07,2.16482655906086e-07,2.13487076050708e-07,3.47650446943703e-07,2.14053939448565e-07,2.41037670468222e-07,1.2026072120471e-07,1.27278250938532e-07,2.42169693999343e-07,1.54181287910218e-07,2.65682794966138e-07,3.23803651812278e-08,3.92674078312534e-08,-2.67185097023783e-08,5.2317818362677e-08,2.57967929394286e-09,2.47081135991226e-08,2.88471570846779e-08,-2.2388615866794e-08,-1.72354248479121e-08,3.21734649662183e-09,1.51798847009696e-09,2.49366661297829e-08,-7.59707702639349e-09,-5.42396988172355e-09,-3.29688704917678e-08,-1.12736110190493e-08,-1.85351300383267e-08,-2.1057210110897e-08,2.73309025370464e-07,7.61229268691404e-07,2.20145125618378e-07,4.7068307771976e-07,5.40241486662167e-07,3.66291786246032e-07,2.12967465044687e-06,6.41046776662888e-07,4.24060829391569e-07,1.66511989781614e-06,5.61812034283399e-07,1.39292362954142e-06,5.21307335621712e-07,3.42567580761233e-07,4.64208294741459e-07,4.41821436678244e-07,3.45338369784473e-07,3.46653771529067e-07,2.58325217868678e-07,3.32864437344617e-07,1.78766039042426e-07,2.51698568201662e-07,2.98617633430662e-07,2.18030298306357e-07,2.3889062118829e-07,9.80118266615415e-08,8.87169377398351e-08,2.21678330585881e-07,1.16398125489867e-07,2.36078996218965e-07,1.68353132996972e-08,1.61551846804483e-08,-4.38010944062297e-08,2.90837204723406e-08,-5.99342139676151e-09,-2.67961007995869e-08,7.65552485405857e-09,-2.49893880540639e-08,-1.84219715202629e-08,-1.25491233312559e-08,-3.19427043686852e-08,-2.72277045859161e-08,-2.20906146339581e-08,-4.3596725910675e-09,-4.07860119670102e-09,-2.55000335041092e-08,4.5368882368976e-09,-4.36793004361069e-09
1.60229494178052e-07,3.29563002486809e-07,9.83201287974071e-07,2.59217213312506e-07,7.15520402406308e-07,6.46900468550441e-07,7.7830714003504e-07,1.62178080195017e-06,6.56885013021013e-07,1.38702985737312e-06,1.11616517676893e-06,9.9100318581219e-07,1.31015296469835e-06,5.48982719606038e-07,3.02118398222778e-07,9.45588569422715e-07,4.41663486168751e-07,7.91792764174758e-07,3.81494245469551e-07,2.00530852309093e-07,2.50481416261806e-07,3.07357550719851e-07,1.92489389337483e-07,2.67632104645736e-07,1.21082300019354e-07,1.70049926235976e-07,9.3485565477995e-08,1.24145540172027e-07,1.67065238774448e-07,1.25074378236889e-07,1.08954227225597e-07,4.63154778613968e-08,1.00845343595807e-08,1.01338079210543e-07,3.92715507797514e-08,9.83418260228475e-08,4.1111397366497e-08,9.48893323368771e-09,9.44313374237858e-10,3.3878273888008e-08,4.58620441771754e-09,5.1728969292414e-09,1.22817464345101e-08,6.78826860035426e-09,4.33250566864003e-09,3.70903109657808e-09,-2.71155976641331e-09,1.76059697314635e-09,1.49669342172201e-07,1.91119857208724e-07,6.98937859235113e-07,1.92344686369208e-07,4.17962820840593e-07,4.66457416052023e-07,6.33855998722559e-07,1.2540471743457e-06,5.69820412063948e-07,1.02140545342568e-06,9.30507388192535e-07,7.7804936357562e-07,1.02055111501237e-06,4.60774369246288e-07,2.10256618698713e-07,7.87878303624696e-07,3.75963490288418e-07,6.68219232989492e-07,3.07107184496175e-07,1.59904999087367e-07,1.62585806998371e-07,2.72781266082611e-07,1.16227746964882e-07,2.06151302240779e-07,1.15633979970753e-07,9.42714785924507e-08,5.66572056967093e-08,9.40044093413227e-08,9.37325486214808e-08,1.02187597436511e-07,4.00695732042035e-08,1.53185797374228e-08,1.64507383529395e-08,3.24886768125669e-08,2.72201348894474e-08,4.45980736127716e-08,6.60552894350107e-09,7.24664722339584e-09,1.05486589379058e-08,1.03426432671935e-08,-4.82386837381736e-09,-2.67171404590453e-08,2.81045245440312e-09,1.45894850556682e-08,-1.9466845149996e-09,-6.20757724705952e-10,-1.90010581166139e-09,-5.17293750557672e-09
2.22558586789575e-07,2.23237262264727e-07,3.60464925920528e-07,2.50303572175017e-07,3.17939917005514e-07,2.76940791472427e-07,5.07086137267533e-07,6.56885013021013e-07,2.00750628697286e-06,6.45730932958516e-07,1.5345669172969e-06,1.43162169409112e-06,5.49481502869817e-07,1.52228878596822e-06,7.98726312887708e-07,1.18318940940608e-06,1.1312449747309e-06,8.72816132048477e-07,1.05556607736289e-06,5.50239841019448e-07,2.82745130974269e-07,7.95435598762791e-07,4.42104794539477e-07,6.48427918956021e-07,3.93781174167143e-07,1.9928443175064e-07,1.51143408804235e-07,3.0245617515042e-07,2.30645762210562e-07,2.94593158808237e-07,1.06470371670425e-07,7.99492177450124e-08,4.48172424332396e-08,9.77549197664607e-08,8.29676801739363e-08,8.09688059778841e-08,6.63071402877465e-08,3.89699390047639e-08,1.16606974340586e-08,7.55411994999561e-08,2.44033073270851e-08,3.67997836198777e-08,2.20639177638998e-08,1.54267479368245e-08,6.01480031410597e-09,1.45017524145876e-08,1.08226087420231e-08,8.54897580191218e-09,1.81617571999894e-07,1.32139620529891e-07,2.26988959175414e-07,1.567199534142e-07,1.23875176854015e-07,1.31191536717513e-07,4.23276088692703e-07,5.39747189824734e-07,1.41145664568938e-06,4.38921124904867e-07,1.17733385321124e-06,9.90421814413897e-07,4.83071642527884e-07,1.0828824256321e-06,5.31937963008946e-07,9.11377802778203e-07,8.48488720977148e-07,6.90953697668728e-07,7.70265069559044e-07,4.49218583284607e-07,2.48205215769835e-07,6.69313111726002e-07,3.5726336617859e-07,5.24381824771908e-07,3.32555248423332e-07,1.56085168013064e-07,1.14202479132831e-07,2.57867118438868e-07,1.87371645753917e-07,2.78535173376505e-07,8.9384914463822e-08,5.31343224774319e-08,3.22695300350437e-08,6.76384118707655e-08,6.23657148088472e-08,4.44298085753472e-08,3.29531290874576e-08,3.19975275020773e-08,2.67258539521823e-08,4.77900617577894e-08,2.36902849110139e-08,2.25787427733156e-08,1.21340160219759e-08,2.62127774224164e-08,1.79067636912664e-09,8.63882121433176e-09,1.10431654187701e-08,-6.56987034085323e-09
3.00824970381274e-07,1.3060408222375e-06,7.18444475229726e-07,4.2396474530626e-07,1.93970638823342e-06,8.02234289582628e-07,3.15776413185429e-06,1.38702985737312e-06,6.45730932958516e-07,4.3621276223644e-06,9.23905615079346e-07,3.45117710763306e-06,1.1230619714309e-06,5.34422780666168e-07,3.69483650977038e-07,7.63834350941883e-07,3.87663960893141e-07,5.3544054654033e-07,3.6098831623492e-07,2.44834074550784e-07,2.98429790861848e-07,2.66524435129883e-07,2.2766442042482e-07,2.53126830639122e-07,1.10452821232382e-07,1.87835956273873e-07,1.07770193326e-07,1.13025585852929e-07,1.79621513489316e-07,1.25228887552868e-07,8.65580302676319e-08,1.6627776215343e-08,-1.98843632689798e-08,7.14138958345038e-08,4.4296380317722e-09,5.84435004665608e-08,2.69132635488245e-08,-2.21747434728315e-08,-3.01221659250869e-08,-5.70139316424621e-10,-4.85057667597789e-09,1.36806727873705e-08,-8.93962832311764e-09,-8.61432535951195e-09,-2.93287695328053e-08,-7.24285291769564e-09,-2.73460499540795e-08,-2.26751027963544e-08,2.97239600010901e-07,5.48411831717805e-07,4.57804994727714e-07,3.66638752194794e-07,7.89901785218537e-07,5.6512622752606e-07,1.71441840722701e-06,1.02834514930947e-06,4.85151882502134e-07,2.24806993753256e-06,7.30750177982761e-07,1.61748308278781e-06,8.25470095182251e-07,4.1104970837798e-07,2.758244599353e-07,6.07751357202636e-07,3.43052445241154e-07,4.6354510184335e-07,2.60519287290932e-07,2.06584403320733e-07,2.32356314859427e-07,2.27643614676917e-07,1.54114412480184e-07,1.69289816705957e-07,1.1398687451049e-07,1.33081418534219e-07,7.94249639264019e-08,8.46765413161812e-08,1.24828971756048e-07,1.02604164209425e-07,3.36765661398727e-08,-5.73856295407783e-10,-3.01026442609192e-08,2.77493141503918e-08,-1.39449965285907e-08,-3.92545234422538e-09,1.01503018988001e-08,-1.8419969344676e-08,-1.70306276806351e-08,-7.69680580967467e-09,-1.963705616018e-08,-2.549349234794e-08,-1.86674419631545e-08,-6.28065725576012e-09,-6.7238072656206e-09,-1.99572742826079e-08,-5.14219284093495e-09,-1.07850090902112e-08
1.88954925217702e-07,3.24846209939694e-07,7.02446541008068e-07,2.96033327432821e-07,4.9679654751389e-07,4.22732605834441e-07,6.66923790960599e-07,1.11616517676893e-06,1.5345669172969e-06,9.23905615079346e-07,2.17482803164771e-06,1.80777647194342e-06,9.45198825552049e-07,1.18244317674173e-06,6.06971734405457e-07,1.75609805162062e-06,8.60575035405784e-07,1.33469233544563e-06,7.94855214936701e-07,4.01830168508264e-07,2.49201487791917e-07,5.89657358819658e-07,3.34916825326858e-07,4.86379020761536e-07,2.78009813733709e-07,1.72606764718919e-07,1.28655486187972e-07,2.13021902651619e-07,1.94454732819672e-07,2.36422725023265e-07,8.87640260957883e-08,6.38172605017917e-08,8.60718559992504e-09,7.57065707797703e-08,4.71035556074331e-08,3.94680453776234e-08,5.96106857922384e-08,7.87169253365072e-09,4.05066585562073e-09,4.68342672341616e-08,2.34866988185819e-08,4.69724326710901e-08,9.8630424146907e-09,1.38136676573315e-08,-3.16009274253981e-09,2.27960043788623e-08,7.34920506743976e-09,2.31958162632171e-08,1.6185012129825e-07,1.69326034845006e-07,4.4898234893439e-07,1.84069836752077e-07,2.40277758675225e-07,2.80275714464468e-07,4.96951201880824e-07,8.3246929196912e-07,1.10318267048981e-06,6.74247211057466e-07,1.61580140151042e-06,1.37054967886867e-06,7.30933385928169e-07,8.6658859097177e-07,3.30434083049994e-07,1.3173257888388e-06,6.51901196814365e-07,9.89135451505464e-07,6.00305476811354e-07,2.84358945060779e-07,2.12339889705599e-07,5.17390010924753e-07,2.16365358769151e-07,3.95622009011851e-07,2.08105443539675e-07,1.31281529616031e-07,9.89979456038748e-08,1.70888058918482e-07,1.56899889576477e-07,2.02158930663554e-07,6.67027695820899e-08,4.25326731831367e-08,1.83908748843117e-08,4.39006464684731e-08,3.52674522195466e-08,1.20019630368623e-08,2.54104776677751e-08,1.0122545122848e-08,2.33200996029967e-08,1.76938394129165e-08,2.50551531124075e-08,1.30163239555633e-08,5.932732901247e-09,2.93951859893078e-08,-3.97299395959987e-09,2.48012642712361e-08,3.65212644313332e-09,3.25369008907356e-09
3.16112551745951e-07,1.19762074766008e-06,5.08311057547e-07,4.63208611197492e-07,1.49915828235831e-06,5.56156541691007e-07,2.83901253050501e-06,9.9100318581219e-07,1.43162169409112e-06,3.45117710763306e-06,1.80777647194342e-06,4.83780772054867e-06,8.23752714706031e-07,1.05512399222099e-06,5.8914332515896e-07,1.37305349668376e-06,7.21813244974321e-07,9.42575671549872e-07,7.04060706323905e-07,3.98360523484825e-07,2.50335810394174e-07,5.04441527012473e-07,3.27791586977092e-07,4.31591320439359e-07,2.19177735731109e-07,1.39842428646387e-07,1.8774940899097e-07,1.55070970152475e-07,1.15081840860956e-07,1.27438661152895e-07,3.80460407341188e-08,8.72443074784319e-08,1.60602523184724e-08,-3.15269625676153e-09,6.66539831520483e-08,-3.29908766657266e-08,8.80481793016534e-08,4.30177692422828e-09,-2.13072804030009e-08,6.56005525338235e-08,2.61840861017243e-08,7.71467791730805e-08,-2.54267230225209e-09,5.35241716453315e-09,-2.44297507130335e-08,1.8316811941315e-08,1.36468348143745e-08,4.81339655866867e-09,2.93625534826136e-07,4.54267139329681e-07,2.96729760139121e-07,3.51358542947582e-07,5.2766502482321e-07,4.07310818969115e-07,1.51270626347109e-06,7.16583703249911e-07,9.37091769993437e-07,1.69186050187022e-06,1.29310152719416e-06,2.43236584313709e-06,5.98667877586914e-07,7.36267421595331e-07,3.38616562880397e-07,9.91168051832797e-07,5.93615532526699e-07,7.25322708736752e-07,4.83130570747104e-07,2.73225833583548e-07,1.99642981479733e-07,4.41250400072305e-07,1.38826817984402e-07,2.8187488136408e-07,1.50702073319084e-07,1.07305729869913e-07,1.53734605578892e-07,6.10000790910922e-08,1.15921700032178e-07,8.90274620908994e-08,2.21317547765958e-08,6.73856809028547e-08,2.0101125976345e-09,9.84899907316686e-09,4.37423514262487e-08,-5.21470197502607e-08,6.42821308225533e-08,3.35625804495695e-09,8.93628495482017e-09,4.74777106616763e-08,2.22131077426012e-08,4.1091031258796e-08,-1.69177597855815e-08,2.06136928742619e-08,-1.20282788788818e-09,5.50070002592982e-09,2.37194926388214e-08,5.33522213031146e-09
1.18528209939091e-07,2.52368201588616e-07,7.57873851155587e-07,2.0280029753994e-07,5.55824677518801e-07,4.97035064136101e-07,6.49533463029989e-07,1.31015296469835e-06,5.49481502869817e-07,1.1230619714309e-06,9.45198825552049e-07,8.23752714706031e-07,1.87586745163959e-06,7.27650809788841e-07,4.26190312504047e-07,1.24492532702507e-06,5.98027496492437e-07,1.04851658648394e-06,5.02580857023171e-07,2.64211178263463e-07,3.60741817478857e-07,4.10303765824524e-07,2.53846363204585e-07,3.57614844190976e-07,1.63398585083967e-07,2.52825610406919e-07,1.01061607074874e-07,1.62197111672401e-07,2.45312938870939e-07,1.77258824249277e-07,1.67484751715074e-07,2.81536170519117e-08,1.57590800479348e-08,1.51150465418432e-07,6.3180921891801e-08,1.76801166278671e-07,3.17024712576543e-08,1.93101479791004e-08,8.61001055012619e-09,6.24078828850179e-08,1.03241425171606e-08,3.48519585122271e-08,1.39083298909057e-08,1.1514704232847e-08,1.09276313623417e-08,3.9812067013721e-09,7.00340819067765e-09,5.50121218570435e-09,1.18467670672039e-07,1.24100709142264e-07,5.52157321520184e-07,1.64091275938728e-07,3.27291101655032e-07,3.80460261934759e-07,5.35376131527257e-07,1.02138405874225e-06,4.60320511059816e-07,8.46268873890724e-07,7.87702465331419e-07,6.56422997839753e-07,1.58249971029208e-06,5.77796958764875e-07,3.05698139043729e-07,1.05464646531575e-06,4.71971105395549e-07,8.99547745545278e-07,3.86531462036114e-07,2.03442967954197e-07,2.38861406662018e-07,3.40684110731832e-07,1.43715400684558e-07,2.59766979553076e-07,1.44783380239901e-07,1.44237431322809e-07,5.57928291161263e-08,1.03585778302165e-07,1.21520697814119e-07,1.31328137635777e-07,7.23126306697425e-08,-2.84947197021527e-09,1.50519093941296e-08,4.3633439865752e-08,1.94642926780008e-08,6.47220907056796e-08,-6.33423887058238e-09,8.32337401472028e-09,1.24321838150961e-08,1.0050203881025e-08,2.24348899530141e-09,-8.76526828909041e-09,2.27655525995771e-09,1.0796797452987e-08,1.5867615846076e-08,-7.56998895002372e-11,-2.74764500750006e-09,-3.78887322258983e-09
1.75854254574338e-07,1.61357347307066e-07,2.86210166148886e-07,2.00557542185843e-07,2.43782346890402e-07,2.09681888081904e-07,4.06018481302774e-07,5.48982719606038e-07,1.52228878596822e-06,5.34422780666168e-07,1.18244317674173e-06,1.05512399222099e-06,7.27650809788841e-07,2.20618299617537e-06,1.06726644933432e-06,1.5113026442917e-06,1.6677215271542e-06,1.09997307026722e-06,1.56317037450134e-06,7.12403167351671e-07,3.44330622143804e-07,1.16522165397581e-06,5.76384149474296e-07,9.24230937028309e-07,5.24249379664831e-07,2.37272116786035e-07,2.04595326550347e-07,4.01454027377368e-07,2.63287346441883e-07,3.86553848403472e-07,1.21822063077907e-07,1.03027653600682e-07,7.04544993203615e-08,1.05297329573067e-07,1.46355897726548e-07,1.08344349230423e-07,7.5898725322474e-08,7.00442732714623e-08,3.82584697323723e-08,1.31545957033593e-07,7.5831512993766e-08,1.14391075543888e-07,3.79408143642521e-08,2.02374327206952e-08,1.8054535313827e-08,2.24375774791614e-08,2.31281509042472e-08,3.70338723623437e-08,1.43846388619762e-07,8.89571879021804e-08,2.09055470814158e-07,1.4963008221898e-07,1.08912761617917e-07,1.47042529319023e-07,3.37965034164775e-07,4.83151494861399e-07,1.08201123173346e-06,3.92665899177191e-07,9.10693633585799e-07,7.76868766662975e-07,6.78635939937069e-07,1.49895538233151e-06,7.13025626479699e-07,1.19949485228719e-06,1.15237123129561e-06,9.36088231056122e-07,1.08878644105365e-06,5.71972423609775e-07,2.94239508263535e-07,8.89671631094564e-07,4.498771645758e-07,6.99867882533092e-07,4.31637997684803e-07,1.7644147946397e-07,1.46876077951714e-07,3.1791314117971e-07,1.98998228645116e-07,3.33573281597211e-07,9.61351761267709e-08,6.65725010256972e-08,6.24152323765193e-08,6.44798557405067e-08,8.62324741832619e-08,6.36816932631549e-08,4.09239843299341e-08,5.95334617208687e-08,3.76184485336801e-08,6.92261276973285e-08,5.10323738008151e-08,6.71398094940953e-08,3.05839896347286e-08,2.12281957992469e-08,1.31952004788129e-08,1.29953719351363e-08,1.48901911858729e-08,2.68314468544847e-08
1.3729837009087e-07,2.27836722065919e-07,1.63256393012982e-07,2.57485666566007e-07,1.94467222793603e-07,1.58760989859117e-07,5.35269584154815e-07,3.02118398222778e-07,7.98726312887708e-07,3.69483650977038e-07,6.06971734405457e-07,5.8914332515896e-07,4.26190312504047e-07,1.06726644933432e-06,2.83226971046855e-06,7.33208210454471e-07,1.95562815118555e-06,1.49992143308924e-06,7.13574761199297e-07,1.94387601427705e-06,7.70151173069337e-07,1.32643322361399e-06,1.45606923273202e-06,9.51950209333836e-07,1.50634857599486e-06,5.29600396585473e-07,2.63738971738596e-07,1.08768167947608e-06,4.97023981848133e-07,9.66479311800477e-07,3.64510127628663e-07,1.40912151606819e-07,1.48670735799425e-07,3.1439385258644e-07,1.02347391589166e-07,2.7646574126147e-07,9.12866904038797e-08,1.21768264459869e-07,3.02683270209891e-08,8.26613203558088e-08,1.3139041881648e-07,7.98031498432363e-08,9.41851157379186e-08,1.86188942214473e-08,3.25285414978132e-08,8.77436220265984e-08,4.88847825650095e-08,9.49654478061767e-08,9.8162128421025e-08,1.36771034896446e-07,1.24015378779676e-07,1.71727090027848e-07,8.52794936475465e-08,9.74836791445012e-08,4.3568445950803e-07,2.41735500016127e-07,6.76489413524484e-07,2.02370656590608e-07,4.79307255893533e-07,4.23639115555727e-07,3.80682767986494e-07,8.41555115375012e-07,2.02664426471163e-06,6.05473685138766e-07,1.60555812747485e-06,1.19542038014701e-06,6.24804675758903e-07,1.53620490365909e-06,6.73379874635229e-07,1.23513169822722e-06,1.15777625420048e-06,8.85421039929172e-07,1.22681260215366e-06,4.59846654238418e-07,2.0978204681987e-07,8.72567097027678e-07,4.03017100514389e-07,7.64599431506098e-07,3.31198891947141e-07,1.08770469762161e-07,1.05882154173896e-07,2.49954281391215e-07,6.07746545032054e-08,2.347246758784e-07,7.32594485157846e-08,9.69391444659448e-08,-3.35881248054271e-09,5.57065213896241e-08,7.57133465681007e-08,1.98499077755054e-08,7.06582458662245e-08,-1.97730689135294e-09,4.23062389061943e-08,5.75248673846787e-08,3.64942297234478e-08,7.45558820754833e-08
1.53245221444447e-07,2.27656842824835e-07,5.72286576243056e-07,2.33551214554328e-07,3.74772034552804e-07,3.30518553429489e-07,5.35280288236146e-07,9.45588569422715e-07,1.18318940940608e-06,7.63834350941883e-07,1.75609805162062e-06,1.37305349668376e-06,1.24492532702507e-06,1.5113026442917e-06,7.33208210454471e-07,2.25646292590693e-06,1.10467018830512e-06,1.66828024919971e-06,1.02658184759712e-06,4.57576083961142e-07,2.68648794894998e-07,7.34714645018032e-07,3.6928952604592e-07,5.93331964318782e-07,3.0911134823076e-07,1.74036993915078e-07,1.89842137595945e-07,2.27072293012264e-07,1.78912264721957e-07,2.40280637174328e-07,7.26134965928039e-08,9.65841956915093e-08,2.4039254423231e-08,4.18229226199092e-08,1.34851510269977e-07,5.03540797147962e-08,7.6732947721366e-08,2.72910660883766e-08,2.41961020000524e-08,1.24636869078612e-07,4.95275396193025e-08,1.25648549668495e-07,1.43284334476973e-08,1.66438294047778e-08,-1.2378728429778e-08,2.94832509281166e-08,5.7599132734065e-10,3.3079402989366e-08,1.34678346481936e-07,1.17975714249292e-07,3.92053174191886e-07,1.66103072370896e-07,1.88259161589086e-07,2.60109230121658e-07,4.14275738392932e-07,7.32117162337965e-07,8.66590312517961e-07,5.82991361676073e-07,1.31759731854114e-06,1.12405986682351e-06,1.04422984697234e-06,1.11069667485334e-06,4.62168390889775e-07,1.7434935326868e-06,8.17189755165357e-07,1.31909405766416e-06,7.77110284971942e-07,3.6588428781036e-07,2.26198366444955e-07,6.25799584203107e-07,2.45042300552846e-07,4.667455155808e-07,2.71691808457966e-07,1.24979040856382e-07,1.31785511657417e-07,1.84721092925871e-07,1.2664121890708e-07,2.08382038160636e-07,4.89797888782424e-08,5.69686756395976e-08,2.8934271637563e-08,5.82807415851392e-09,7.14438485307362e-08,6.88909579501615e-09,2.86504103582251e-08,2.33450753275571e-08,3.5975328655585e-08,4.77329153788502e-08,5.01022929370551e-08,5.88310000049643e-08,1.45566758895234e-08,2.42808109444572e-08,-5.18244350149464e-10,3.52581174540787e-08,2.38727635954176e-10,2.81220591083819e-08
1.470185750693e-07,1.46861652316791e-07,2.68524720084909e-07,1.8061294019031e-07,2.45757902210723e-07,2.15415705892929e-07,2.88378378313255e-07,4.41663486168751e-07,1.1312449747309e-06,3.87663960893141e-07,8.60575035405784e-07,7.21813244974321e-07,5.98027496492437e-07,1.6677215271542e-06,1.95562815118555e-06,1.10467018830512e-06,2.76120477229362e-06,1.95435856983869e-06,1.16644179234302e-06,1.32614327116102e-06,6.32860999390239e-07,1.92449820962249e-06,9.64614314846165e-07,1.41161703816704e-06,9.99699423822714e-07,4.02595792964447e-07,2.11623625145697e-07,6.75111984698528e-07,3.81440645531451e-07,5.95016302197278e-07,2.46050373840434e-07,8.37966682006104e-08,1.67434600120167e-07,1.95952658310789e-07,9.86017985053164e-08,1.74996975400535e-07,6.00455505386367e-08,1.42352534922921e-07,6.79100809568941e-08,8.40728413533947e-08,1.66161665867144e-07,9.49525532294338e-08,8.75341598335979e-08,3.69148591932152e-08,2.53488360560981e-08,8.91401820636293e-08,5.28389088771943e-08,9.66432988870643e-08,1.29750122240759e-07,6.92629912875429e-08,2.16728768746022e-07,1.20843566998164e-07,1.2417333962885e-07,1.3205156811479e-07,2.36405783034436e-07,3.89925070372758e-07,9.51913927578049e-07,2.29618921879844e-07,7.21560995379137e-07,5.35872994482256e-07,6.02812261344479e-07,1.26499064670804e-06,1.37034960956127e-06,9.97391270999922e-07,2.10786111184408e-06,1.6374314362122e-06,9.15770038208363e-07,1.04730715619828e-06,5.41398223202922e-07,1.60420565758509e-06,7.94759330181655e-07,1.21229319211451e-06,8.14628913440492e-07,3.3972028798435e-07,1.46975070998474e-07,5.57866794881102e-07,3.05097319200717e-07,5.04268832284908e-07,2.27320245734631e-07,4.39984929808278e-08,1.06340338300939e-07,1.51698064740459e-07,5.23479986758595e-08,1.57264481207366e-07,3.69701825488975e-08,1.01140966065748e-07,2.69665041475149e-08,4.56227050340596e-08,1.01235358376764e-07,5.14639960788518e-08,5.68032871505503e-08,8.60291201276019e-09,-6.41292763686856e-09,5.15894057774693e-08,1.0033534568649e-08,4.99967388727819e-08
1.38321091454811e-07,2.1167178888374e-07,5.31327025219265e-07,2.2617687351386e-07,3.53500806288086e-07,3.2825726989822e-07,3.73701518086746e-07,7.91792764174758e-07,8.72816132048477e-07,5.3544054654033e-07,1.33469233544563e-06,9.42575671549872e-07,1.04851658648394e-06,1.09997307026722e-06,1.49992143308924e-06,1.66828024919971e-06,1.95435856983869e-06,2.71229989788471e-06,7.36385292451843e-07,9.79502503854669e-07,5.05887229830155e-07,1.31676266883295e-06,7.11079246543055e-07,9.30001125200318e-07,7.03545361345702e-07,3.13214097237287e-07,1.51794673270657e-07,4.72501503533044e-07,2.73562372554465e-07,4.13570060124418e-07,1.60642451728307e-07,3.24829018466694e-08,1.19862207836766e-07,1.10424850797171e-07,5.28017379640196e-08,1.05674113457498e-07,2.53709728762448e-08,9.82012309576819e-08,7.38718430521452e-08,4.48012558170661e-08,1.50195125590986e-07,7.0026241727619e-08,6.7861110751952e-08,4.99828165540202e-08,1.58693288556313e-08,1.01566968575876e-07,4.35300365042211e-08,1.09159842759501e-07,1.18028016479855e-07,1.04018116888437e-07,3.8804533345464e-07,1.45875699636257e-07,1.93368780656578e-07,2.29489343392466e-07,2.76584778650141e-07,6.11013025092392e-07,7.3668819565618e-07,3.60615574702066e-07,1.07156109829989e-06,8.04259284049087e-07,9.3378233046835e-07,8.9135245450958e-07,1.05599321229514e-06,1.38790969053962e-06,1.57961091434994e-06,2.18741301365949e-06,6.37814167070222e-07,7.90508497577684e-07,4.19348490705226e-07,1.2086979359661e-06,5.4372134040081e-07,8.30691186371439e-07,6.05888432030674e-07,2.65768434429711e-07,9.0311849531225e-08,3.91486645309222e-07,2.08484716934232e-07,3.42239472335457e-07,1.56029531935935e-07,-2.83898110268715e-09,8.90476342545087e-08,7.18261485203971e-08,4.95753433256364e-09,8.28060039646674e-08,-1.55375104421484e-09,6.9922475260526e-08,3.47686435733202e-08,2.67782108735793e-09,1.00259750504356e-07,2.82529637919832e-08,4.76860080650927e-08,2.24376244478823e-08,-2.11841259380178e-09,7.02044469725953e-08,2.73989924260431e-09,5.17292067874436e-08
1.21883950890058e-07,1.11270452356458e-07,1.81608436753922e-07,1.36352605232425e-07,1.56492509408966e-07,1.3866909248181e-07,2.89564740775787e-07,3.81494245469551e-07,1.05556607736289e-06,3.6098831623492e-07,7.94855214936701e-07,7.04060706323905e-07,5.02580857023171e-07,1.56317037450134e-06,7.13574761199297e-07,1.02658184759712e-06,1.16644179234302e-06,7.36385292451843e-07,2.30491172068287e-06,8.93135466217079e-07,4.39649238504121e-07,1.76182044425399e-06,7.1541962252225e-07,1.33730768607159e-06,6.76806953709721e-07,3.14070667178495e-07,2.96160765913632e-07,5.18972534531002e-07,3.19962631989123e-07,4.6743545795501e-07,1.67091667671288e-07,1.54107026868834e-07,1.30794411405672e-07,1.30020291976478e-07,2.25505696415145e-07,1.58726613060672e-07,1.40176113980264e-07,1.0704997181267e-07,9.50251962187504e-08,1.83241965714721e-07,1.36725136365472e-07,1.90970827379068e-07,6.31275410375202e-08,6.34406558897953e-08,8.44081771534428e-08,7.68008121891109e-08,8.58034178857731e-08,1.05984718868992e-07,9.10390013448877e-08,7.42875949796294e-08,1.34423686121959e-07,1.12690914598203e-07,7.39862497812132e-08,1.03283450537437e-07,2.61828819201245e-07,3.66565090722936e-07,7.67057866675157e-07,3.01685274357419e-07,6.76282630108232e-07,5.67009720797627e-07,5.0978952059025e-07,1.08773896757414e-06,5.69431355495835e-07,8.94725927469993e-07,8.86458971423512e-07,7.57052917209062e-07,1.58651381644222e-06,7.0174881543789e-07,3.8033967197288e-07,1.30003234818244e-06,5.59370837247731e-07,9.66980792206028e-07,5.43730650599407e-07,2.46321282259932e-07,2.16725997216239e-07,4.16943456938938e-07,2.13811370912465e-07,3.76936098598247e-07,1.37168828925077e-07,1.06524553351511e-07,9.2183709298367e-08,5.25853997988972e-08,1.32750467202926e-07,9.3192584627325e-08,1.00571883016972e-07,8.07404007950422e-08,8.86385651542614e-08,1.10086374299898e-07,1.09718794710924e-07,1.20065392655689e-07,5.00533600985506e-08,5.44757918937689e-08,5.65937047810831e-08,6.23747590845947e-08,6.18989035234778e-08,9.97787549710043e-08
