2.95049101705784e-08,1.03386958663085e-08,5.83383627129355e-09,1.97811089933502e-08,9.71815813249959e-09,1.85769562865093e-08,9.22053222873745e-09,5.24420862852381e-09,6.69391524822176e-09,8.69189067803482e-09,4.54278281373974e-09,7.58441575420118e-09,4.72847541146432e-09,5.91223545599639e-09,2.78050014756078e-09,4.00970498156801e-09,6.21004644860301e-09,3.80992786366079e-09,5.20631420551470e-09,2.47818394307661e-09,2.30438573901019e-09,5.42623251010752e-09,2.63353479980846e-09,5.34451763220886e-09,2.20863020882189e-09,2.05310251415268e-09,1.29388546736338e-09,2.3470002982523e-09,2.22463983941356e-09,2.39499778432858e-09,1.83031457287196e-09,1.15319033012362e-09,1.0401872393395e-09,1.9830259418314e-09,1.27603939533018e-09,2.35150147515399e-09,1.05939046745702e-09,9.15622729315431e-10,1.08021361462256e-09,1.12464334481226e-09,9.90832533097434e-10,1.23628633574815e-09,8.37827696794229e-10,8.99904127319528e-10,9.58778354884034e-10,9.0914801720804e-10,1.05204083419606e-09,1.0331962275195e-09,2.48381509905338e-08,8.04961639906381e-09,5.27085639039357e-09,1.72715360014995e-08,7.85014562119812e-09,1.49938677024386e-08,7.16394361231802e-09,4.72338498138164e-09,5.43362933349573e-09,7.04880945515908e-09,4.4218074911909e-09,6.34723103057548e-09,4.2962940814116e-09,4.80836937408219e-09,2.43291679242459e-09,3.80460085781625e-09,5.22670437795413e-09,3.56665294071866e-09,4.29799617413864e-09,2.16866905595142e-09,2.00147326876969e-09,4.57772998011716e-09,2.35182646465525e-09,4.67885337536704e-09,1.93249299472083e-09,1.78327060260503e-09,1.36128569834084e-09,2.09517845000582e-09,2.22030613018941e-09,2.43282415004519e-09,1.58896922950197e-09,1.21332247548203e-09,9.47965792984781e-10,1.97855518494409e-09,1.35845490056143e-09,2.4066101917344e-09,1.15675865942664e-09,8.6329268805126e-10,9.51600387624915e-10,1.26423978449493e-09,9.04071250719582e-10,1.38432549256575e-09,8.19479449674783e-10,7.9948885882521e-10,7.99129300982762e-10,8.52242206952903e-10,9.21806383597206e-10,9.93623909632801e-10
1.03386958663085e-08,5.3370749839951e-08,1.0640141585419e-08,1.78663995865537e-08,4.29193273829725e-08,1.33296548479172e-08,4.78812604130358e-08,9.59001216255499e-09,5.89641808264674e-09,3.84469203906839e-08,7.85702422807666e-09,3.33667019312167e-08,8.57337160578079e-09,5.14272963911909e-09,7.68672449837938e-09,6.88492471205807e-09,5.98547615044892e-09,7.19279826797258e-09,4.58980548085919e-09,6.93804872166533e-09,4.11409051877076e-09,5.37030692431267e-09,7.36312400127852e-09,5.11972367829457e-09,6.18171863708859e-09,3.66530511533155e-09,3.03387080163933e-09,6.56038301475801e-09,4.05373958189836e-09,6.88933411258705e-09,3.26680388156613e-09,2.70361200510451e-09,3.02074627313051e-09,3.61280182552269e-09,3.29298305746933e-09,4.62180521851659e-09,2.49574910829982e-09,2.50126885798091e-09,1.94993888669658e-09,2.73702869138722e-09,2.22167416075671e-09,2.80765634195317e-09,2.0927598575964e-09,1.90494431133122e-09,1.95213810549375e-09,2.06695120662882e-09,2.43809836555391e-09,2.5485762346413e-09,8.235119513331e-09,2.72415631371544e-08,8.24132602110441e-09,1.54139033309069e-08,1.85531787908401e-08,1.10802017078647e-08,2.47089969925991e-08,7.37241662198526e-09,4.39587157246439e-09,1.69362463111033e-08,6.57637530642307e-09,1.62962969282813e-08,6.70875073171397e-09,3.82686589592132e-09,5.87787376655267e-09,5.55569587583563e-09,4.92053576539592e-09,5.11964183819786e-09,3.41675762506755e-09,5.30508973476707e-09,3.84517715697844e-09,4.34997786588799e-09,6.48381186426052e-09,4.85000671434683e-09,4.72660158850944e-09,3.42575929924445e-09,2.47934617684542e-09,5.77626698319259e-09,4.03406293537902e-09,6.42728220187689e-09,3.05254826919359e-09,2.20955686895965e-09,2.31103409975444e-09,3.59472845891266e-09,2.76081467045134e-09,3.95156052731134e-09,2.07385761960535e-09,1.97745884034013e-09,1.76621274922533e-09,2.56779513037851e-09,1.81181066287542e-09,2.8974180438998e-09,1.57993674398464e-09,1.64399850547292e-09,1.48550878443083e-09,1.70018240323329e-09,2.48497902489874e-09,2.26206401135986e-09
5.83383627129355e-09,1.0640141585419e-08,2.90036689323725e-08,9.18839398503779e-09,1.95788482538125e-08,1.85512756051259e-08,9.59078378993793e-09,2.61756712400764e-08,9.49328219241185e-09,1.76775134743568e-08,1.77337277554537e-08,1.12290404959175e-08,2.35112488469337e-08,8.59016967135392e-09,4.82954367906394e-09,1.59742711734386e-08,7.85654614788217e-09,1.38039600153036e-08,7.71774829312943e-09,4.32197029886481e-09,5.1729836578396e-09,7.06006654431809e-09,3.60369392131389e-09,6.12970504811447e-09,3.85039152414213e-09,4.60849872060104e-09,2.18262710744525e-09,3.21049451698743e-09,4.96925182677783e-09,3.00261150859043e-09,4.10654717364311e-09,1.9448890845026e-09,1.74160801283043e-09,4.4279954758093e-09,2.52040127211851e-09,5.61971517384492e-09,1.8055360906658e-09,1.61035261541982e-09,1.36010772792811e-09,2.3351671841278e-09,1.52261251238093e-09,2.40927903350174e-09,1.42874840032612e-09,1.26870203425733e-09,1.37769066912573e-09,1.42122033176795e-09,1.41522675341878e-09,1.520871665503e-09,4.86766383162869e-09,8.9897705766645e-09,2.48035379109722e-08,7.81072112955949e-09,1.68844215701908e-08,1.56899572189956e-08,8.08990307967937e-09,2.24200841486047e-08,9.27231291874208e-09,1.53465706542384e-08,1.57582128985139e-08,9.87517586289822e-09,2.02730901939652e-08,8.37033494981434e-09,4.6289133392788e-09,1.42431961030588e-08,7.73362577874923e-09,1.21964713917868e-08,7.47763075226278e-09,4.15195585522295e-09,3.78507735208156e-09,6.93604062948158e-09,3.64970095066503e-09,6.53930722112666e-09,3.69890657960519e-09,3.37204745004031e-09,1.79108657462494e-09,3.25143142277192e-09,3.84206006697104e-09,2.88787889428443e-09,3.00472921104147e-09,1.59600313685482e-09,1.50420653708896e-09,3.42355270254351e-09,2.08217862973569e-09,4.26463525938359e-09,1.45399731570876e-09,1.37026850070325e-09,1.38347190406175e-09,1.90821161855797e-09,1.43550764417412e-09,2.09728424064471e-09,1.19362759257682e-09,1.3023417168611e-09,1.05913131428278e-09,1.36290085649142e-09,1.52584523214557e-09,1.56036906026281e-09
1.97811089933502e-08,1.78663995865537e-08,9.18839398503779e-09,3.2481088609531e-08,1.29153102330136e-08,2.56019181706119e-08,1.61003228688635e-08,8.28054258200374e-09,5.20028968052066e-09,1.16534396539698e-08,6.87842890021906e-09,9.54551975497184e-09,7.40721671109238e-09,4.64465152530699e-09,5.60310198523281e-09,6.15705007115193e-09,4.54788857786539e-09,5.62763313306975e-09,4.07715760262134e-09,5.02593878345521e-09,2.45889300035407e-09,4.01310691786968e-09,4.8757680650867e-09,3.78268625116082e-09,4.47792009357406e-09,2.19065794824902e-09,1.64452602975759e-09,4.34412264105264e-09,2.30838060890457e-09,4.44805795681546e-09,1.95245174170936e-09,1.46551031211287e-09,1.31556630154303e-09,2.0572817974962e-09,1.66872585531991e-09,2.61298552359136e-09,1.33557598019744e-09,1.11697117316285e-09,9.80958967722843e-10,1.42512422500497e-09,9.74088757665334e-10,1.41983344419893e-09,8.68678957082363e-10,9.24049839749855e-10,1.14246127419646e-09,8.95401505837299e-10,1.17373295246302e-09,1.10666882224475e-09,1.70066713686994e-08,1.50435854911399e-08,8.37503459760013e-09,2.70571864399676e-08,1.13392582683432e-08,2.1380103438826e-08,1.35038029389119e-08,7.54240624353612e-09,4.69374522830511e-09,1.01604211701232e-08,6.35151639318476e-09,8.50530568892689e-09,6.82895249866789e-09,4.21112860333626e-09,4.14478877288313e-09,5.69088534984858e-09,4.41939755499569e-09,5.16069164061293e-09,3.78031062747302e-09,3.71415295572917e-09,2.36823819774795e-09,3.94936107250882e-09,4.01906581942261e-09,3.9446741059549e-09,3.30908551169804e-09,2.10990834296959e-09,1.5710701396137e-09,3.5804863896801e-09,2.44956601440867e-09,3.83300448748441e-09,1.88005223542791e-09,1.40009224425291e-09,1.10089165879741e-09,2.18278818598219e-09,1.57049277331817e-09,2.80213506911845e-09,1.30191137722133e-09,9.46687314333116e-10,9.7903673941023e-10,1.44719879337602e-09,8.512668725742e-10,1.48027222175468e-09,6.78351108110715e-10,8.69286741983906e-10,9.58416000211646e-10,7.98834035419601e-10,1.08414814704554e-09,1.0565524793813e-09
9.71815813249959e-09,4.29193273829725e-08,1.95788482538125e-08,1.29153102330136e-08,6.02414701750534e-08,2.33462336268289e-08,3.84471219406684e-08,1.76767099888522e-08,7.70697179046289e-09,5.406026018797e-08,1.1073914377402e-08,4.13533777836992e-08,1.58501572801826e-08,6.8604134093397e-09,5.14082125598763e-09,9.86558135022031e-09,6.67033750902427e-09,8.70275221663466e-09,6.09496184069846e-09,4.60049731859839e-09,6.68527574864425e-09,5.91121560945722e-09,4.656612648382e-09,5.4549636193736e-09,4.09943929888842e-09,5.95595197931215e-09,3.5437757736411e-09,4.14939988717676e-09,6.78289885164721e-09,4.16174123337826e-09,5.30811725940424e-09,3.15802687203679e-09,3.20371061417299e-09,6.04483023668638e-09,4.21927103618218e-09,7.77429932805345e-09,2.87125049189453e-09,2.59284825037225e-09,2.53266665514117e-09,3.51632093247185e-09,2.8051213268161e-09,3.90420179145977e-09,2.45879400601433e-09,2.40688130371932e-09,1.87627600336017e-09,2.67954090866126e-09,2.62676270053559e-09,2.80433387439395e-09,8.10255724404735e-09,2.1161274559029e-08,1.46354563328492e-08,1.10218683525626e-08,2.89918369598766e-08,1.79449209138029e-08,1.92981952595728e-08,1.32496089838368e-08,6.08790339387304e-09,2.65208084457059e-08,9.0029844875531e-09,2.12655398430804e-08,1.1983144269947e-08,5.39828923013888e-09,3.67320091057868e-09,8.01836422100131e-09,5.11169913112097e-09,6.10672040283409e-09,4.76241156808883e-09,3.22866034275876e-09,5.5229746040263e-09,4.39542503533025e-09,4.36938022682267e-09,4.99031707393902e-09,2.87686342353877e-09,4.92051376155944e-09,2.91453429109001e-09,3.89256835579383e-09,5.69856803382362e-09,3.96318887119889e-09,4.38446895573323e-09,2.59740973962847e-09,2.38602568836076e-09,5.0779428562047e-09,3.53424240422025e-09,6.01057636288574e-09,2.36008999867032e-09,1.95223442326272e-09,2.28547249564202e-09,3.1842829538452e-09,2.41433299984006e-09,3.79325399646322e-09,1.88359831592449e-09,2.17774771595691e-09,1.14125664047281e-09,2.30430417409084e-09,2.71565940118428e-09,2.39824140054212e-09
1.85769562865093e-08,1.33296548479172e-08,1.85512756051259e-08,2.56019181706119e-08,2.33462336268289e-08,4.11656341554861e-08,1.20035783867925e-08,1.67787311351769e-08,8.25784616767954e-09,2.10825035168996e-08,1.10179477122233e-08,1.46408537063979e-08,1.50697621829535e-08,7.38039778752097e-09,4.38015091449051e-09,9.82556418151109e-09,6.36057307010032e-09,8.15359192421378e-09,6.54426019818032e-09,3.8898090517313e-09,5.25166567736332e-09,5.64736010427538e-09,3.34622096924351e-09,5.06822024154169e-09,3.46542514785816e-09,4.67860202994256e-09,2.36600805484772e-09,2.98115263493645e-09,5.04389336716891e-09,2.83220737514315e-09,4.16904917839770e-09,2.10830455879518e-09,1.84563520304767e-09,4.49453561448362e-09,2.61925889068608e-09,5.56720731700766e-09,1.95149081261819e-09,1.59209763594388e-09,1.61620715631298e-09,2.28299385195057e-09,1.70326985884031e-09,2.5760900021175e-09,1.49772226846664e-09,1.48530126367934e-09,1.47124425591839e-09,1.60375494126744e-09,1.68290433611547e-09,1.76075610759133e-09,1.5044551534917e-08,1.0362235734603e-08,1.5723645008154e-08,2.07939089273578e-08,1.9026465281873e-08,3.31460770059847e-08,9.3333024382482e-09,1.42824306838544e-08,7.34156236568669e-09,1.72630489559011e-08,9.70345165589811e-09,1.15931085595371e-08,1.28932742317406e-08,6.58457944839886e-09,3.86343583861275e-09,8.593759101642e-09,5.7787449410122e-09,7.30678387467505e-09,5.82101821167453e-09,3.44018928531264e-09,4.33055778156056e-09,5.11069398055145e-09,3.53251077655365e-09,5.0772031467466e-09,3.06483018337037e-09,3.85801142264048e-09,2.03159971720993e-09,3.14702915785265e-09,4.20885230550409e-09,3.01004523548031e-09,3.43775531837299e-09,1.81033044734922e-09,1.6147856495581e-09,3.75039479214816e-09,2.20811378040356e-09,4.81798640212171e-09,1.66555522503483e-09,1.39139095109889e-09,1.60012702141648e-09,1.97832859738731e-09,1.61864040143503e-09,2.35687795263526e-09,1.30554312487055e-09,1.49084948068194e-09,1.23726953320287e-09,1.55445737454705e-09,1.76893017487487e-09,1.81705057825275e-09
9.22053222873745e-09,4.78812604130358e-08,9.59078378993793e-09,1.61003228688635e-08,3.84471219406684e-08,1.20035783867925e-08,5.52337838709964e-08,1.0278016080325e-08,5.86517318761887e-09,4.51906617062005e-08,8.29243152578176e-09,4.01107499376993e-08,9.18735189694827e-09,5.13307875946942e-09,7.59236330690736e-09,7.29532572629e-09,5.87173021650373e-09,7.5554293437293e-09,4.57951167677355e-09,6.83835033833238e-09,4.1146268623586e-09,5.2608501418462e-09,7.28818763623647e-09,5.01668657335609e-09,6.09279819173648e-09,3.66576204639917e-09,3.20616257627025e-09,6.49352574669908e-09,4.13075548807877e-09,6.93774989097325e-09,3.26711178995819e-09,2.85710745985661e-09,2.95999593988154e-09,3.68134548203652e-09,3.290065544364e-09,4.59001429020656e-09,2.61612641177373e-09,2.47186387487834e-09,1.91760375373678e-09,2.77478105502344e-09,2.2140715993997e-09,2.82871456518761e-09,2.00141540039901e-09,1.65752698603942e-09,1.91989074902834e-09,1.8912809790199e-09,2.23318033385651e-09,2.35580724576443e-09,7.28358528502044e-09,2.47081319561328e-08,7.37271039051861e-09,1.38863074408714e-08,1.69342593131768e-08,9.99345045974696e-09,3.10435230172465e-08,8.62369843492809e-09,4.42684952928644e-09,2.28807999824085e-08,7.75996964118814e-09,2.25724625446852e-08,7.84278479768367e-09,3.83472372306889e-09,5.67889248734409e-09,6.66069330188984e-09,4.87110939994517e-09,6.17802034203738e-09,3.43797669204862e-09,5.05905939337279e-09,3.83397418385411e-09,4.26877315093759e-09,6.3999285249582e-09,4.89344337065829e-09,4.50736362792815e-09,3.41575498014352e-09,2.48521918391247e-09,5.7015382232468e-09,3.99634974444514e-09,6.16607754875198e-09,3.04363959499688e-09,2.21475290090142e-09,2.2952240333581e-09,3.5611110704416e-09,2.83154317822506e-09,3.98963159998281e-09,2.04379601424065e-09,1.99853498883955e-09,1.80794175110462e-09,2.64799917863885e-09,1.83110351983973e-09,2.86193144700147e-09,1.57474966876705e-09,1.48303957111537e-09,1.50812021382751e-09,1.61317939354092e-09,2.31484017724008e-09,2.13517043728818e-09
5.24420862852381e-09,9.59001216255499e-09,2.61756712400764e-08,8.28054258200374e-09,1.76767099888522e-08,1.67787311351769e-08,1.0278016080325e-08,2.63388055951966e-08,9.44914084426216e-09,1.87602950842625e-08,1.78179421126115e-08,1.1964429880781e-08,2.36544748955566e-08,8.55172815122420e-09,4.68313813346814e-09,1.6053964337673e-08,7.78758203601383e-09,1.39471167137606e-08,7.67222334118513e-09,4.18738101386205e-09,5.11882844347885e-09,6.99255348981716e-09,3.53220172929884e-09,6.01773235275073e-09,3.7302850522812e-09,4.56021114586916e-09,2.18965728232582e-09,3.14660634646425e-09,4.94844872961286e-09,3.00829321144737e-09,4.06332003520477e-09,1.9510958349692e-09,1.72220075762756e-09,4.40929171168496e-09,2.44908980362537e-09,5.42223669441306e-09,1.8171006898732e-09,1.58970904462723e-09,1.31541351029141e-09,2.27148014011871e-09,1.47779789387126e-09,2.3087521971726e-09,1.40362755340868e-09,1.20847155000253e-09,1.33817297370147e-09,1.36971563617775e-09,1.38020236641172e-09,1.433477691068e-09,4.16052780051255e-09,8.08933214377194e-09,2.2420086003423e-08,7.0162363031707e-09,1.5345840316784e-08,1.41870355228748e-08,8.55069949282279e-09,2.25873308020816e-08,9.2170559690732e-09,1.56343209752685e-08,1.61630085505814e-08,1.05504291110044e-08,2.04160985975002e-08,8.30710601057625e-09,4.46940483964959e-09,1.4600963497349e-08,7.50121450590453e-09,1.25988105336188e-08,7.42578620395664e-09,4.01842777406994e-09,3.69225093638141e-09,6.73477193904965e-09,3.457604242272e-09,6.38755693020363e-09,3.57983827632892e-09,3.28930264703955e-09,1.75536945230285e-09,3.08029886653653e-09,3.85995888153773e-09,2.80379807685926e-09,2.93100957363133e-09,1.56410182123982e-09,1.46921116071807e-09,3.43947713498339e-09,2.01176470784069e-09,4.08484390526302e-09,1.42982529901959e-09,1.33847644330246e-09,1.24765215677081e-09,1.84811832553121e-09,1.37648988814881e-09,1.98287230011e-09,1.19612064991364e-09,1.1568170276957e-09,9.85246656129577e-10,1.3061469786481e-09,1.4067018072523e-09,1.46322596211772e-09
6.69391524822176e-09,5.89641808264674e-09,9.49328219241185e-09,5.20028968052066e-09,7.70697179046289e-09,8.25784616767954e-09,5.86517318761887e-09,9.44914084426216e-09,2.58527735574199e-08,7.70934964775174e-09,1.84703603448779e-08,1.39666280686512e-08,8.55238705121064e-09,2.29963270616135e-08,9.11511876242631e-09,1.64738537362094e-08,1.78926564831794e-08,1.24378594299906e-08,2.04518471217542e-08,8.15465274660506e-09,4.03067077614923e-09,1.58749002810553e-08,6.85087222597512e-09,1.36145518755548e-08,7.26530971666983e-09,3.59093649631464e-09,3.70979589486491e-09,6.10378569734798e-09,3.45054742869507e-09,5.56284420313936e-09,3.20028930702821e-09,3.30583762588077e-09,1.61055060080846e-09,3.07510872510712e-09,3.20338882830478e-09,3.18008518188899e-09,3.01254178656918e-09,1.45818045930077e-09,1.12960698958487e-09,2.93777197859132e-09,1.52160237343097e-09,3.1762382941688e-09,1.27391272619976e-09,9.22903950663525e-10,1.02196360577895e-09,1.3611764051499e-09,1.04473656833478e-09,1.42353703929452e-09,5.05213636469612e-09,3.48023127859757e-09,7.79986924076787e-09,4.21217192372735e-09,5.62337712014308e-09,6.40219429311683e-09,3.66154046606006e-09,7.82898986416607e-09,2.20050910732598e-08,5.79745861453576e-09,1.57305990702453e-08,1.21441810955264e-08,7.10221443546818e-09,1.93588660160129e-08,8.18695126311403e-09,1.38426214598985e-08,1.60212467861538e-08,1.17107556741621e-08,1.72320997778959e-08,7.24033147190628e-09,3.36539602444631e-09,1.4088520505887e-08,6.21548939670215e-09,1.21622800784707e-08,6.4505247364331e-09,2.99827434080156e-09,3.07082629606336e-09,5.53722714540275e-09,3.43594843112133e-09,5.1872717319439e-09,2.67164364118685e-09,2.73651476469805e-09,1.60009489231997e-09,3.06173570761743e-09,2.74013214471092e-09,3.01607788423466e-09,2.49177129708018e-09,1.49387245272298e-09,8.79849623183254e-10,2.51859982811571e-09,1.58880149976952e-09,2.66606418647084e-09,1.31216579388402e-09,7.41654001916591e-10,8.11615409216133e-10,1.52182146552945e-09,1.0527118163645e-09,1.55094739169952e-09
8.69189067803482e-09,3.84469203906839e-08,1.76775134743568e-08,1.16534396539698e-08,5.406026018797e-08,2.10825035168996e-08,4.51906617062005e-08,1.87602950842625e-08,7.70934964775174e-09,6.25731587515699e-08,1.16969191651955e-08,4.88613507942662e-08,1.68073820435197e-08,6.86287712809886e-09,5.05017893101444e-09,1.04453094513172e-08,6.58749402539282e-09,9.17652851581461e-09,6.09808989900155e-09,4.51246901056178e-09,6.73801454268842e-09,5.82717620420795e-09,4.67080212850651e-09,5.3937351313308e-09,4.02098787329041e-09,6.00292973254346e-09,3.65777477227367e-09,4.16201280196964e-09,6.85318616390097e-09,4.20969371877425e-09,5.34994930639031e-09,3.25959980470295e-09,3.29834474317692e-09,6.1074374168833e-09,4.28006810742651e-09,7.58191008560351e-09,2.98804991898920e-09,2.71702487212629e-09,2.51431212541721e-09,3.61353965052538e-09,2.81610634628472e-09,3.87212047873359e-09,2.48291587499314e-09,2.24961318201746e-09,1.88720128388523e-09,2.55282206639334e-09,2.53959195912818e-09,2.64631914076906e-09,7.20388159648641e-09,1.92971453792768e-08,1.32499153656502e-08,9.99297920110144e-09,2.65185486457387e-08,1.62930843889051e-08,2.45071463733212e-08,1.47717523881698e-08,6.29016849137059e-09,3.25336362701263e-08,1.05049606050851e-08,2.78878439446013e-08,1.33484161858392e-08,5.49554947947928e-09,3.54422183037716e-09,9.38967012555183e-09,5.0214024186787e-09,7.33058274700348e-09,4.86152820240089e-09,3.06517303413509e-09,5.32502200661818e-09,4.28031166289e-09,4.27122910542084e-09,5.10315778201567e-09,2.73120059356192e-09,4.74415565743187e-09,2.85486163102389e-09,3.80512811533281e-09,5.63381704308055e-09,3.73493027246825e-09,4.22732312911469e-09,2.54422651926193e-09,2.44230086730916e-09,5.02024163763088e-09,3.49418741937637e-09,5.8676431740564e-09,2.32353595029596e-09,2.0435099472388e-09,2.19220751704151e-09,3.17206141594095e-09,2.4047592653884e-09,3.6327414100336e-09,1.93584569454029e-09,1.97913945868702e-09,1.211273268027e-09,2.22944727236694e-09,2.55400596096039e-09,2.25932007929103e-09
4.54278281373974e-09,7.85702422807666e-09,1.77337277554537e-08,6.87842890021906e-09,1.1073914377402e-08,1.10179477122233e-08,8.29243152578176e-09,1.78179421126115e-08,1.84703603448779e-08,1.16969191651955e-08,2.93505987318872e-08,1.9720958553638e-08,1.60542564041148e-08,1.64732469803173e-08,7.32953901868358e-09,2.62587982267628e-08,1.23364706020877e-08,2.02835302637792e-08,1.47150070943782e-08,6.54423409724468e-09,3.53946712235127e-09,1.09960100187967e-08,5.59175726862365e-09,9.16829855786454e-09,5.83021484262092e-09,3.15325025006463e-09,4.12073356225921e-09,4.98167223472584e-09,3.23119720416366e-09,4.74016146611767e-09,2.80987804295833e-09,3.67189596588344e-09,1.83934378144009e-09,2.87931627287452e-09,3.79977761877464e-09,3.11985413295528e-09,3.33732776618004e-09,1.69319776488155e-09,1.25363936860011e-09,3.50060740121954e-09,1.60764041908503e-09,3.54357721637515e-09,1.39020250990916e-09,1.10098048399502e-09,1.08968427447093e-09,1.44103381829573e-09,1.1714050344327e-09,1.49153417345007e-09,3.18681916092027e-09,6.50159176677872e-09,1.46909496389884e-08,5.55359396176158e-09,9.12076610159503e-09,8.70785090096794e-09,6.82503775933798e-09,1.50180519460064e-08,1.63662353513229e-08,9.71710157194216e-09,2.52084446693308e-08,1.71883191425018e-08,1.36051323706327e-08,1.45665094641076e-08,6.76866034466442e-09,2.24842909912675e-08,1.17669003005598e-08,1.84082130463458e-08,1.29443563368003e-08,5.98158460652188e-09,2.97763827768065e-09,1.03479578716113e-08,5.51278641112138e-09,9.15910537501763e-09,5.32891280105589e-09,2.65273356070441e-09,3.06967418550315e-09,4.91120945112682e-09,3.04853640747383e-09,4.47520350347863e-09,2.36376624266883e-09,2.73533737132363e-09,1.90285017489673e-09,2.71647455373067e-09,2.9274510400503e-09,2.7552709727541e-09,2.44559327551419e-09,1.78327954079171e-09,1.03401204961008e-09,2.69977726064092e-09,1.6707752497897e-09,2.75248304039814e-09,1.4320483501711e-09,8.95523443604809e-10,8.60905554169424e-10,1.52658298071074e-09,1.24807191903874e-09,1.81347442767704e-09
7.58441575420118e-09,3.33667019312167e-08,1.12290404959175e-08,9.54551975497184e-09,4.13533777836992e-08,1.46408537063979e-08,4.01107499376993e-08,1.1964429880781e-08,1.39666280686512e-08,4.88613507942662e-08,1.9720958553638e-08,6.3040301800028e-08,1.07621711102693e-08,1.21514939885434e-08,5.88552395048704e-09,1.73904080620614e-08,8.30413374119531e-09,1.22669116853848e-08,1.08505839474043e-08,5.25286447264098e-09,3.87436599968017e-09,7.37526606972472e-09,5.08837390549687e-09,6.52875945386928e-09,4.68086747918616e-09,3.45183063782224e-09,5.50177114291522e-09,4.53428743608771e-09,3.82574368670114e-09,4.31641106177409e-09,3.07701267649089e-09,4.90280940943568e-09,3.1996047003758e-09,3.41000045405095e-09,5.5128286014729e-09,4.41620265939213e-09,4.47299156021921e-09,2.66591603655143e-09,2.34615380420343e-09,4.79917855817319e-09,2.83088201108618e-09,5.1585261818319e-09,2.41944047654665e-09,2.11657222835977e-09,1.69916615722388e-09,2.57264443364918e-09,2.40061599978221e-09,2.80337577854558e-09,5.53743559987772e-09,1.58827798441168e-08,8.25011853371283e-09,7.99839408912813e-09,1.87272600197392e-08,1.05616423465216e-08,2.11200246956241e-08,9.73430853593911e-09,1.13254592045129e-08,2.45484345777238e-08,1.67651231785207e-08,3.73585213347967e-08,8.80273986415536e-09,9.52536123312073e-09,3.62448613270445e-09,1.45193456772693e-08,6.3668390734837e-09,9.68038957339744e-09,8.48496924615072e-09,3.14553417377294e-09,3.06063103447078e-09,5.5180445452556e-09,4.04118090386714e-09,5.6415745075139e-09,2.80294453016313e-09,2.72692906079721e-09,4.37686106551866e-09,3.60018112530907e-09,3.40431860641715e-09,3.23445860493048e-09,2.42981577661819e-09,3.90053765526068e-09,2.67380907547774e-09,3.03363497053892e-09,4.32258283808277e-09,3.47650447105722e-09,3.55690518610469e-09,2.36692694637396e-09,1.85747867597718e-09,3.96282133851097e-09,2.34549575571373e-09,4.28774324491146e-09,2.1447031554507e-09,1.64807241572614e-09,1.20170196619751e-09,2.20991505585526e-09,2.31122171930761e-09,2.61886281957995e-09
4.72847541146432e-09,8.57337160578079e-09,2.35112488469337e-08,7.40721671109238e-09,1.58501572801826e-08,1.50697621829535e-08,9.18735189694827e-09,2.36544748955566e-08,8.55238705121064e-09,1.68073820435197e-08,1.60542564041148e-08,1.07621711102693e-08,2.57535999165355e-08,8.71958045857782e-09,5.09535711109574e-09,1.76883171305594e-08,7.98344003135204e-09,1.56166794853276e-08,7.82481374026576e-09,4.56314407369051e-09,5.37281075232945e-09,7.17297699977354e-09,3.72202999044773e-09,6.20931328702857e-09,4.06503173904106e-09,4.78647554538285e-09,2.24428092918696e-09,3.31570851613751e-09,5.15389849205333e-09,3.3285534091538e-09,4.26492614160601e-09,1.99976605436672e-09,1.77188560899981e-09,4.59235238619433e-09,2.42794843905925e-09,5.5079866280013e-09,1.85840737216488e-09,1.64113093991531e-09,1.40024762417937e-09,2.24673668019582e-09,1.58826849803525e-09,2.41983377930284e-09,1.46441216345703e-09,1.29272656843137e-09,1.41207944851224e-09,1.48045793950401e-09,1.40572348979755e-09,1.67447101894359e-09,3.75845915563794e-09,7.20898455342581e-09,2.02715769157877e-08,6.23853940160652e-09,1.39468220091111e-08,1.28103496628447e-08,7.57293158119398e-09,2.04151325688314e-08,8.30810663605021e-09,1.4194564204034e-08,1.46009153956692e-08,9.5842084024204e-09,2.2170696380783e-08,8.43329404134189e-09,4.7940645484343e-09,1.61538000937869e-08,7.87478285307633e-09,1.42396065242685e-08,7.54009290626915e-09,4.30873029245653e-09,4.00331631437259e-09,7.07846973320121e-09,3.57441099142898e-09,6.72966966250992e-09,3.83845551404633e-09,3.56642065448395e-09,1.84299114274397e-09,3.18435933005543e-09,4.01747413270923e-09,3.01406123089157e-09,3.17794194476808e-09,1.64217463890973e-09,1.43939166869229e-09,3.57983292127786e-09,1.87653356057422e-09,4.06938931535589e-09,1.52381826716357e-09,1.31172134062187e-09,1.36158346172025e-09,1.74024330775474e-09,1.38715973137151e-09,2.05528192453338e-09,1.17338015318236e-09,1.26666719869503e-09,1.11252275754083e-09,1.31931741852736e-09,1.43213838555379e-09,1.6606265657805e-09
5.91223545599639e-09,5.14272963911909e-09,8.59016967135392e-09,4.64465152530699e-09,6.8604134093397e-09,7.38039778752097e-09,5.13307875946942e-09,8.55172815122420e-09,2.29963270616135e-08,6.86287712809886e-09,1.64732469803173e-08,1.21514939885434e-08,8.71958045857782e-09,2.35217549149877e-08,9.35709371984845e-09,1.656830303579e-08,1.83298103239024e-08,1.254327139829e-08,2.09419799073732e-08,8.37590242664941e-09,4.15892983917811e-09,1.62875121465393e-08,7.07440891055863e-09,1.40529991616071e-08,7.46193962536748e-09,3.70510149378348e-09,3.83051275042371e-09,6.30246844414332e-09,3.62267398603485e-09,5.82875379292758e-09,3.30155286579573e-09,3.41327038681707e-09,1.77173477381624e-09,3.22809657653799e-09,3.33274642496537e-09,3.27385927530561e-09,3.10480495949407e-09,1.60499216083881e-09,1.18911338354052e-09,3.05715954599795e-09,1.68141674514703e-09,3.32549972667303e-09,1.41715532779873e-09,9.88734720227401e-10,1.06522959673143e-09,1.51870499436617e-09,1.07297122745123e-09,1.52886829945275e-09,4.62466340042194e-09,3.1102502709853e-09,7.07267979062268e-09,3.85415910342875e-09,4.97352234168332e-09,5.79688321469598e-09,3.31368010535388e-09,7.10143769997228e-09,1.93590727136093e-08,5.19567148370741e-09,1.38421340650255e-08,1.0480811445977e-08,7.25045985665196e-09,1.96291572137998e-08,8.2773852331702e-09,1.41429746090369e-08,1.6104817375148e-08,1.19114380076398e-08,1.74795688358745e-08,7.30984459841847e-09,3.31826534110746e-09,1.41846742884151e-08,6.29478374205184e-09,1.23293697495462e-08,6.51219261133833e-09,2.95617484106396e-09,3.2803694435364e-09,5.60787288310554e-09,3.54005799814022e-09,5.49592198021221e-09,2.63415759528001e-09,2.92305786419398e-09,1.71534160549999e-09,3.15444710339879e-09,2.91667053441817e-09,2.9902556201282e-09,2.65095249528223e-09,1.6017764890946e-09,9.18104860543716e-10,2.68554733992063e-09,1.73645025964633e-09,2.85028501875288e-09,1.42061973910465e-09,7.80151597436247e-10,8.55515445127215e-10,1.66029677626881e-09,9.82345063057044e-10,1.59410894783887e-09
2.78050014756078e-09,7.68672449837938e-09,4.82954367906394e-09,5.60310198523281e-09,5.14082125598763e-09,4.38015091449051e-09,7.59236330690736e-09,4.68313813346814e-09,9.11511876242631e-09,5.05017893101444e-09,7.32953901868358e-09,5.88552395048704e-09,5.09535711109574e-09,9.35709371984845e-09,2.41925553174325e-08,7.68460663723746e-09,1.67771107434938e-08,1.40834468144224e-08,8.37582897313423e-09,2.16761447712312e-08,7.73444630472303e-09,1.49689289699709e-08,1.50384881570642e-08,1.02572768502527e-08,1.93107271207194e-08,6.89042721365029e-09,3.42095830773746e-09,1.33973976595502e-08,6.15991293156312e-09,1.21139846627521e-08,6.13982216457236e-09,3.04830519663121e-09,3.5587388214998e-09,5.48888808211839e-09,3.08077790636589e-09,5.60519302177118e-09,2.76607895828096e-09,3.29759084337418e-09,1.60477672438221e-09,2.83284631602555e-09,3.034331464733e-09,2.89646037828134e-09,3.00532516661259e-09,1.41659381691492e-09,1.39151754350841e-09,2.79836901439757e-09,1.47245750519738e-09,3.04067792102208e-09,2.0840755528108e-09,4.34804986035498e-09,4.2324923449602e-09,4.18495807111861e-09,3.06350864158502e-09,3.49376565086692e-09,4.45184044492698e-09,4.0666444073948e-09,7.44561354351424e-09,3.10739768526425e-09,5.94258095527103e-09,3.94600194466202e-09,4.34291404962058e-09,7.63535034346648e-09,1.85181138121053e-08,6.18101900296416e-09,1.38116332575116e-08,1.14586653079786e-08,6.78834440495825e-09,1.64320045246247e-08,6.69815104779775e-09,1.21197938782192e-08,1.1798414537375e-08,8.93594113436771e-09,1.46388632169954e-08,5.96721535087525e-09,2.89231573112878e-09,1.05109275665003e-08,5.96973887524117e-09,9.73939716758535e-09,5.31721187712752e-09,2.57724438701345e-09,3.03030524642274e-09,5.31945419327226e-09,2.61508743676268e-09,5.13683111542657e-09,2.30324611340937e-09,2.82389010879038e-09,1.52417206190572e-09,2.3785516483403e-09,2.92223887000836e-09,2.51422826466019e-09,2.6102308910586e-09,1.34489106141998e-09,1.25772525787163e-09,2.73367913341449e-09,1.43362002872764e-09,2.86306788688089e-09
4.00970498156801e-09,6.88492471205807e-09,1.59742711734386e-08,6.15705007115193e-09,9.86558135022031e-09,9.82556418151109e-09,7.29532572629e-09,1.6053964337673e-08,1.64738537362094e-08,1.04453094513172e-08,2.62587982267628e-08,1.73904080620614e-08,1.76883171305594e-08,1.656830303579e-08,7.68460663723746e-09,2.81565636764435e-08,1.26003404074869e-08,2.20373487429994e-08,1.48030670842984e-08,6.86942885387575e-09,3.75454765774277e-09,1.12410168201943e-08,5.79258863922012e-09,9.41623482336654e-09,6.11970950570642e-09,3.34481644557078e-09,4.20057606210394e-09,5.16038142010931e-09,3.42244976024786e-09,4.99815822906053e-09,2.98036820204638e-09,3.74298093859047e-09,1.96785419172228e-09,3.04956125571798e-09,3.86241174009849e-09,3.24866735393623e-09,3.39709686145106e-09,1.81622912917484e-09,1.39026682373151e-09,3.56255884976526e-09,1.80570500395375e-09,3.76545709704116e-09,1.52483196924918e-09,1.23384793655621e-09,1.23069727358247e-09,1.64324157993127e-09,1.28269072706865e-09,1.74351723166559e-09,3.0135204384261e-09,5.81365851826693e-09,1.33086308535651e-08,5.0388116115681e-09,8.23256253480279e-09,7.95438898080109e-09,6.14302332221828e-09,1.36038984929942e-08,1.45675225235208e-08,8.76727444423878e-09,2.24840306518118e-08,1.52276414149684e-08,1.53688566561833e-08,1.47460419744651e-08,7.00672762027834e-09,2.43131874377979e-08,1.19323580108911e-08,2.00425019955179e-08,1.31107270399958e-08,6.20939613189843e-09,3.08768901374218e-09,1.05108725859219e-08,5.52825633321484e-09,9.31887018162567e-09,5.53174816329092e-09,2.75072494987159e-09,3.15317261728052e-09,4.92499316137e-09,3.14071179283687e-09,4.60951758197828e-09,2.45109585521588e-09,2.80966202362228e-09,1.96211063006597e-09,2.79858349636474e-09,2.92416926250687e-09,2.77917691525946e-09,2.48463552228466e-09,1.84131982327598e-09,1.17084227080375e-09,2.69025719070856e-09,1.81064989573986e-09,2.87061206829594e-09,1.50738787709906e-09,1.02941001083223e-09,1.02137941073359e-09,1.67335905288204e-09,1.34600132798912e-09,2.02078407399834e-09
6.21004644860301e-09,5.98547615044892e-09,7.85654614788217e-09,4.54788857786539e-09,6.67033750902427e-09,6.36057307010032e-09,5.87173021650373e-09,7.78758203601383e-09,1.78926564831794e-08,6.58749402539282e-09,1.23364706020877e-08,8.30413374119531e-09,7.98344003135204e-09,1.83298103239024e-08,1.67771107434938e-08,1.26003404074869e-08,2.89206109042093e-08,2.05880669898976e-08,1.62878685371738e-08,1.4969119262406e-08,6.92200121043195e-09,2.56315986212806e-08,1.06179576319969e-08,1.89609183315733e-08,1.3335926368703e-08,6.16670684782719e-09,3.3621673512261e-09,9.45957033570898e-09,5.58589836239835e-09,8.36823578239811e-09,5.4952578477124e-09,2.99601120419907e-09,3.54072398277466e-09,4.97766937479651e-09,2.88026569279672e-09,4.94231327039522e-09,2.73636371914673e-09,3.27406179003949e-09,1.3733241945588e-09,2.61418330937899e-09,3.16932869268053e-09,2.6614629996235e-09,2.73498534257422e-09,1.10014344608474e-09,1.19678052267201e-09,2.82634678198129e-09,1.25811886427718e-09,2.88327285786689e-09,4.79344444855862e-09,3.55978666093511e-09,6.75784750026242e-09,3.56011126227899e-09,4.51753987829157e-09,5.20180203093551e-09,3.62905327890555e-09,6.65082132026175e-09,1.50506223872613e-08,4.63442435604399e-09,1.05934229265302e-08,7.00445136324813e-09,6.49955668289734e-09,1.52332920525498e-08,1.43757336476401e-08,1.06672999925363e-08,2.46137995513729e-08,1.85268251980916e-08,1.35137233894362e-08,1.26176799696478e-08,5.8746834193778e-09,2.1524709687122e-08,9.5156145137693e-09,1.67543691661744e-08,1.12409514969485e-08,5.23368490021596e-09,3.20000561524838e-09,8.47723228887843e-09,5.51267845770128e-09,7.90208852541512e-09,4.66356544766096e-09,2.85153841574845e-09,3.28080985458306e-09,4.9122208908901e-09,2.82491045619493e-09,4.71853471726605e-09,2.6087970024158e-09,3.05734142795345e-09,1.34852521823294e-09,2.5443203670454e-09,3.16422508463546e-09,2.51058374369386e-09,2.53112602354057e-09,9.86342420136366e-10,1.11223146691492e-09,2.89413941815673e-09,1.18376017093664e-09,2.63315418050747e-09
3.80992786366079e-09,7.19279826797258e-09,1.38039600153036e-08,5.62763313306975e-09,8.70275221663466e-09,8.15359192421378e-09,7.5554293437293e-09,1.39471167137606e-08,1.24378594299906e-08,9.17652851581461e-09,2.02835302637792e-08,1.22669116853848e-08,1.56166794853276e-08,1.254327139829e-08,1.40834468144224e-08,2.20373487429994e-08,2.05880669898976e-08,3.23314906391989e-08,1.1181749226084e-08,1.25460794533606e-08,5.87827338912799e-09,1.82812299115615e-08,8.74960422129646e-09,1.29300000148478e-08,1.11771539517038e-08,5.23684494166689e-09,3.14183202666233e-09,7.79495950574326e-09,4.72414768054822e-09,7.14067209752187e-09,4.66654470607009e-09,2.79963627467971e-09,3.91163264716884e-09,4.20967122856079e-09,2.96176395877286e-09,4.30225929063298e-09,2.57545613443249e-09,3.65904365948998e-09,1.52013407967352e-09,2.74212456615515e-09,3.25563179300830e-09,2.67394019859838e-09,2.97796255221945e-09,1.31737262797122e-09,1.246840857354e-09,2.97089412274514e-09,1.3601760225113e-09,3.16511163332167e-09,2.81855505396325e-09,5.99561495822248e-09,1.15216937539529e-08,4.35288502914536e-09,6.71716082324643e-09,6.50966521404616e-09,6.27884783290493e-09,1.17688596068395e-08,1.09894833291249e-08,7.15015112078825e-09,1.78221537872927e-08,1.08993012919297e-08,1.35897348351249e-08,1.11170850667335e-08,1.22541877636608e-08,1.94334589199671e-08,1.89168577952754e-08,2.87923125850758e-08,9.85952038875516e-09,1.07682067463873e-08,5.18013196404526e-09,1.65523727052294e-08,8.27824189216371e-09,1.27840539186207e-08,9.59322129836291e-09,4.61489171453733e-09,2.85708939305674e-09,7.37488770854836e-09,4.51184676022576e-09,6.77442430403452e-09,4.11218539584531e-09,2.54592313234611e-09,3.69662409395385e-09,4.02039185822851e-09,2.85682411309209e-09,4.09693227463695e-09,2.33796470601731e-09,3.47035206502495e-09,1.60305512177143e-09,2.62369478091309e-09,3.0930557444365e-09,2.38593348710872e-09,2.69524943513009e-09,1.27482195107242e-09,1.26182557668963e-09,2.83567429900612e-09,1.54678551625105e-09,2.98961402172629e-09
5.20631420551470e-09,4.58980548085919e-09,7.71774829312943e-09,4.07715760262134e-09,6.09496184069846e-09,6.54426019818032e-09,4.57951167677355e-09,7.67222334118513e-09,2.04518471217542e-08,6.09808989900155e-09,1.47150070943782e-08,1.08505839474043e-08,7.82481374026576e-09,2.09419799073732e-08,8.37582897313423e-09,1.48030670842984e-08,1.62878685371738e-08,1.1181749226084e-08,2.37632822912717e-08,8.86645437239106e-09,4.34350778553741e-09,1.79244024359941e-08,7.7441473633482e-09,1.56762530433351e-08,7.89891358378908e-09,3.86952790907141e-09,4.13746556660578e-09,6.89907692907012e-09,3.73747595932302e-09,6.27777142292874e-09,3.44802233941066e-09,3.68677369369909e-09,1.89281114337612e-09,3.33035473669665e-09,3.63169600692446e-09,3.22540018561578e-09,3.35359624473527e-09,1.71493857175936e-09,1.31308674878662e-09,3.32135796637046e-09,1.78872897652425e-09,3.53369946095253e-09,1.52196826993091e-09,1.10716242403973e-09,1.16091155852969e-09,1.5984819965844e-09,1.20988098417285e-09,1.65871555438891e-09,4.12329039759091e-09,2.78942248879644e-09,6.33430741535349e-09,3.42465753807155e-09,4.52316551588124e-09,5.21189741249551e-09,2.95093748397852e-09,6.34995212254945e-09,1.72327060950006e-08,4.71363398623033e-09,1.23279760971641e-08,9.40142147283029e-09,6.47466112734362e-09,1.74794602919028e-08,7.30998708090923e-09,1.25817266664961e-08,1.41850222875318e-08,1.04699484173855e-08,1.95076744741806e-08,7.41460994832973e-09,3.58026926934248e-09,1.47704898803388e-08,6.9321963648742e-09,1.33041158875218e-08,6.60549987396661e-09,3.18957684520351e-09,3.56934420194313e-09,6.17572907187163e-09,3.49742153037773e-09,5.93323302950371e-09,2.84213797495722e-09,3.18053748016494e-09,1.59471953980013e-09,3.11644930607886e-09,3.37269301568347e-09,2.96511666428766e-09,2.88542614932861e-09,1.48684657936764e-09,1.0393292896059e-09,3.08486980448629e-09,1.64965310061785e-09,3.17988086785157e-09,1.30446298742408e-09,9.14883427931308e-10,8.26890869124577e-10,1.56106858595176e-09,1.09026075803929e-09,1.43785221430761e-09
