3.48892214993657e-08,1.78197526189075e-08,8.28683101885353e-09,2.80873381013803e-08,1.71138343872789e-08,2.5815947595512e-08,1.55135616817811e-08,7.17463453279396e-09,7.03364444376363e-09,1.48117734325182e-08,7.59481858391899e-09,1.48096297616392e-08,6.15052351756555e-09,6.18733168245172e-09,4.24918962864328e-09,6.47951121097691e-09,6.67828893078696e-09,6.67363878497987e-09,5.43506296843419e-09,3.73217421968302e-09,2.98881331754062e-09,5.86971641695814e-09,3.87708994393238e-09,5.86418615487113e-09,3.41881140876309e-09,2.66874909619368e-09,2.47061388393074e-09,3.49884897254019e-09,3.04657993974937e-09,3.79333355699909e-09,2.45360556726254e-09,2.24604062386804e-09,2.27313272030463e-09,2.77424090299131e-09,2.68410848165717e-09,3.2452787691815e-09,2.02847842379513e-09,1.93884939172708e-09,1.82971114216988e-09,2.33175174009884e-09,2.23983093578284e-09,2.62528891614151e-09,1.81880350431181e-09,1.59074602308031e-09,1.62574188411377e-09,2.0656852293595e-09,2.02154335662768e-09,2.47720227557224e-09,2.79513446058151e-08,1.34464262036748e-08,6.25465302474132e-09,2.34034939256489e-08,1.3077026516672e-08,2.20528278388539e-08,1.17855156834807e-08,5.42863105799019e-09,5.42098466031828e-09,1.14838704669493e-08,5.6051501422395e-09,1.04022581843673e-08,4.69946197924062e-09,4.8049668943381e-09,3.18400910518147e-09,5.08965913645897e-09,4.98069203689582e-09,5.3146052666629e-09,4.29686519629878e-09,2.81846050861013e-09,2.4196591150481e-09,4.39186714838651e-09,2.94928252979708e-09,4.59648141578929e-09,2.52521525252577e-09,2.18901002052489e-09,1.84392095532316e-09,2.66591320495375e-09,2.61401654022361e-09,2.85093527194479e-09,2.04085444883285e-09,1.69142183263599e-09,1.85457882541336e-09,2.42650750400291e-09,2.08055000958532e-09,2.89264879749142e-09,1.5361584798637e-09,1.55209280898526e-09,1.307326430629e-09,1.8089843546488e-09,1.7953261784669e-09,1.8938934201255e-09,1.49338962340609e-09,1.12573765186849e-09,1.20344814976483e-09,1.70490823079516e-09,1.53802176742468e-09,1.98726142265068e-09
1.78197526189075e-08,6.6646471632896e-08,1.94561270450732e-08,3.30873750508319e-08,5.56347677736866e-08,2.60855427266339e-08,5.9039761592677e-08,1.67914866300551e-08,8.34626015865364e-09,4.91140528339378e-08,1.60234049210472e-08,4.64975235962422e-08,1.45611034774253e-08,7.17244212040777e-09,8.23835120721993e-09,1.36810784874515e-08,7.72345288276829e-09,1.35350219090205e-08,6.28196602924258e-09,7.07538263765856e-09,4.5221328089724e-09,6.61281869481856e-09,7.54401448892198e-09,6.50231645665165e-09,6.30885458688057e-09,4.08801224076698e-09,3.85373771199664e-09,6.74882536826031e-09,4.99488635288674e-09,7.73624931197406e-09,3.81221555345118e-09,3.59521546924439e-09,4.00227123568681e-09,4.63153973826131e-09,4.4100964182388e-09,5.51730143662573e-09,3.10002708788963e-09,3.29926890413276e-09,2.94185520098602e-09,3.65528343787833e-09,3.81032005106392e-09,4.22903618449374e-09,2.97208410100532e-09,2.71463503242624e-09,2.35160471118366e-09,3.4575466382899e-09,3.21033873140891e-09,3.94483144813342e-09,1.51133275591054e-08,4.31048127000635e-08,1.51375268984454e-08,2.80843893203345e-08,3.57525994700853e-08,2.29597158485427e-08,3.83785317971621e-08,1.32036606591831e-08,5.8100469394552e-09,3.19840398351112e-08,1.19821704346892e-08,2.80184252878721e-08,1.16821420182698e-08,5.00823343019529e-09,6.15131327144327e-09,1.04914758023261e-08,5.83491046820239e-09,1.06494048896677e-08,4.38209082017906e-09,5.40904534603553e-09,3.71538918892979e-09,4.92749054590362e-09,6.02364706140409e-09,4.92780474836596e-09,4.71667256512116e-09,3.34281176297079e-09,2.7464022698728e-09,5.2857801091918e-09,4.06322963465538e-09,5.84715215595888e-09,3.1498011317937e-09,2.54627150172605e-09,2.87460295972635e-09,3.7881220432532e-09,3.19398476579628e-09,4.37026115811289e-09,2.14421843715767e-09,2.42936985835829e-09,1.88387490980856e-09,2.68210635045176e-09,2.65242437625956e-09,2.90238521079779e-09,2.12583234305426e-09,1.63089943761825e-09,1.80395273421089e-09,2.33956765253006e-09,2.37386057942861e-09,3.09938884543497e-09
8.28683101885353e-09,1.94561270450732e-08,4.06370963140735e-08,1.56181391186469e-08,3.36972044979688e-08,2.83421540377816e-08,1.68010463483651e-08,3.46166827017855e-08,1.47000780758366e-08,2.87640649193457e-08,2.83121893956241e-08,2.35858976207873e-08,2.96283120323945e-08,1.23034272417087e-08,6.92691670981897e-09,2.38992743934663e-08,1.19848448211501e-08,2.22424172230007e-08,1.08034809433053e-08,5.9925365388776e-09,5.647648087705e-09,1.04529011797741e-08,6.07501468071719e-09,9.76883283170953e-09,5.23044362649217e-09,5.00639597879924e-09,3.15614488785779e-09,5.31224271527029e-09,5.48728456546747e-09,5.49012759979647e-09,4.58699459889741e-09,2.87871282089911e-09,2.76916840815398e-09,4.99422065340243e-09,3.30637238968036e-09,5.45840096532121e-09,2.58919511668469e-09,2.30850181688054e-09,2.06024084749097e-09,2.83359182956158e-09,2.68715711244077e-09,3.21056012669887e-09,2.13076123124185e-09,1.8865586005381e-09,1.78030485242321e-09,2.47714986597293e-09,2.23863032314403e-09,2.76846425991926e-09,6.1296388459739e-09,1.53944901189728e-08,3.0630945934815e-08,1.31616593785047e-08,2.57479414272864e-08,2.21931649056969e-08,1.35461027270891e-08,2.66609859879646e-08,1.14842875440638e-08,2.25609825582516e-08,2.19144945028534e-08,1.80400474622475e-08,2.32501656651902e-08,9.58030223676238e-09,5.54355942592321e-09,1.87012383970514e-08,9.94480724275017e-09,1.80112343257101e-08,8.49161045312998e-09,4.83178392223053e-09,3.98306583972742e-09,8.82184219448952e-09,4.88855710034667e-09,7.86502855067452e-09,4.19388480960418e-09,3.53032660298809e-09,2.38662954114504e-09,4.25546296283053e-09,4.06574465922026e-09,4.27200274118088e-09,3.22563284501652e-09,2.16229032964627e-09,2.03951773524628e-09,3.68665208766727e-09,2.13514212640095e-09,3.96889876695008e-09,1.92036678865808e-09,1.77441116862776e-09,1.50045613363659e-09,1.84856069693773e-09,2.26194571169756e-09,2.18417174697818e-09,1.6082888073396e-09,1.38948992214059e-09,1.30818915675418e-09,2.09882049705657e-09,1.64694712778861e-09,2.20570385361028e-09
2.80873381013803e-08,3.30873750508319e-08,1.56181391186469e-08,4.67122228608251e-08,2.60948856149964e-08,3.75312303469953e-08,2.8669688240738e-08,1.32285564674417e-08,7.06213031758227e-09,2.25179266010999e-08,1.24560175804708e-08,2.12754621047456e-08,1.16165582933208e-08,6.22765195267423e-09,7.55985193014921e-09,1.08504660152666e-08,6.70128828056284e-09,1.06105179309714e-08,5.43946288146202e-09,6.65765999959931e-09,3.81653248004303e-09,5.82436027554343e-09,6.89847285413988e-09,5.63128341357563e-09,5.97758846978207e-09,3.46792495729829e-09,2.87397891161807e-09,6.20535681415839e-09,3.92456347303005e-09,6.64345896919152e-09,3.20901177789584e-09,2.65796275106094e-09,2.82565132730274e-09,3.60472608360775e-09,3.22560831598487e-09,4.25732570018573e-09,2.43453295636654e-09,2.48995472341541e-09,2.27327431917204e-09,2.85033479288364e-09,2.86729856948395e-09,3.28195848451828e-09,2.31574437679112e-09,2.06784403021901e-09,1.99790078681938e-09,2.66011268661557e-09,2.51113707272811e-09,3.16157923289263e-09,2.26553018825179e-08,2.57374722596634e-08,1.21559956166828e-08,3.81735147202707e-08,2.04644602082285e-08,3.17353181985224e-08,2.23760158769773e-08,1.04483617288846e-08,5.42666301226905e-09,1.78491657875393e-08,9.22589870849262e-09,1.54779263735473e-08,9.2807250035727e-09,4.83426590988132e-09,5.44633309763545e-09,8.2895270072083e-09,5.33341593657205e-09,8.43596332281199e-09,4.27219548576353e-09,4.90344450883336e-09,3.22443850619336e-09,4.6670748615523e-09,5.44862984761904e-09,4.59637843837823e-09,4.35707362801347e-09,2.94204433758877e-09,2.08720161070572e-09,4.89451319888416e-09,3.26966299949939e-09,5.0809293771082e-09,2.73935868867954e-09,1.95658014889664e-09,2.2381888776661e-09,3.04596577983655e-09,2.40632244299163e-09,3.60425803416258e-09,1.81981281028596e-09,1.98641622608586e-09,1.71347800986845e-09,2.18044898270259e-09,2.36079000935224e-09,2.42028272447148e-09,1.80901253950782e-09,1.50075093056698e-09,1.4778497262766e-09,2.13946948766332e-09,1.86062107983825e-09,2.5084440923648e-09
1.71138343872789e-08,5.56347677736866e-08,3.36972044979688e-08,2.60948856149964e-08,7.8922070053743e-08,4.1483916807153e-08,4.91207847994851e-08,2.87551779715037e-08,1.4051246730877e-08,6.84250640071354e-08,2.39004698671464e-08,5.95268593364091e-08,2.44914171071251e-08,1.18665475159895e-08,7.60654376581765e-09,2.00740161191619e-08,1.15896463157253e-08,1.88517628087041e-08,1.04793945725218e-08,6.54287419503354e-09,6.9341245360083e-09,1.00938110428674e-08,6.86062572853143e-09,9.6941918314793e-09,5.81858674989296e-09,6.22531044878938e-09,4.60810837476289e-09,6.05224748186492e-09,7.14433146616227e-09,6.75056524699483e-09,5.78056589333374e-09,4.31052579470542e-09,4.299597837723e-09,6.61767909492516e-09,5.06480101818129e-09,7.6291594785101e-09,3.73802492429222e-09,3.52280965560202e-09,3.23722102796824e-09,4.20286781542739e-09,4.10594457105991e-09,4.86023054611366e-09,3.37598944969384e-09,3.09499310146609e-09,2.57191738636287e-09,3.88795997757375e-09,3.58736939144875e-09,4.29057391896179e-09,1.48081982504766e-08,3.59759568262722e-08,2.55771269508407e-08,2.27869484565173e-08,5.14968651412482e-08,3.48204856773386e-08,3.18829285354512e-08,2.23772439060597e-08,9.8659503493302e-09,4.51968209945944e-08,1.77998334816103e-08,3.66405953677218e-08,1.94401213880566e-08,8.36844098311498e-09,5.43881357423914e-09,1.52554244953999e-08,8.60740890269979e-09,1.48165654265861e-08,7.42680397153044e-09,4.65613903230567e-09,5.1476279312148e-09,7.49695747623783e-09,4.9583090784841e-09,7.23897033639723e-09,4.10601298780916e-09,4.56385079293455e-09,3.26861238721169e-09,4.37998545207896e-09,5.50889303423389e-09,4.8878071914547e-09,4.26252684089417e-09,2.98959831176122e-09,2.91920855708987e-09,5.09866446806915e-09,3.28946810235001e-09,5.45128949397599e-09,2.51926801568343e-09,2.41822294518017e-09,2.06450933710753e-09,2.72269908812105e-09,2.87094481533744e-09,3.07989885693096e-09,2.32180608732326e-09,1.97961780402701e-09,1.90096479407552e-09,2.76851222703848e-09,2.61288854228405e-09,3.25656914651084e-09
2.5815947595512e-08,2.60855427266339e-08,2.83421540377816e-08,3.75312303469953e-08,4.1483916807153e-08,5.66886335672801e-08,2.23939561318833e-08,2.37831770505226e-08,1.19473842565493e-08,3.53332639587636e-08,1.92110624112309e-08,2.95286257127247e-08,2.03347496779428e-08,1.01236191347228e-08,6.65826907117672e-09,1.62196282278598e-08,9.89756787624745e-09,1.51723269562576e-08,8.98862464328182e-09,5.88035525118686e-09,6.04791804500127e-09,8.7296156194255e-09,5.91290322321978e-09,8.29154133156634e-09,5.25413884940546e-09,5.46241311762807e-09,3.38265657161287e-09,5.25930636794764e-09,5.82104637684442e-09,5.51793534770186e-09,5.04746485667606e-09,3.14259755270147e-09,2.99092867002388e-09,5.350209859436e-09,3.7197163399165e-09,6.12656618957374e-09,2.89031597882883e-09,2.61577612172181e-09,2.50557012664695e-09,3.27933665684018e-09,2.98007484444089e-09,3.71780315988421e-09,2.53942123438808e-09,2.33788098701962e-09,2.16512317190157e-09,2.81564609075219e-09,2.83615021587904e-09,3.30478678633105e-09,2.10048978118197e-08,2.0383051419362e-08,2.18171129983684e-08,3.10517514925504e-08,3.21201274066339e-08,4.61690885155767e-08,1.75664346102942e-08,1.88161002600407e-08,9.05093607839223e-09,2.77448989741884e-08,1.43798152938509e-08,2.14127652999746e-08,1.62043519542475e-08,7.70325489971844e-09,4.88759504554328e-09,1.23659535858594e-08,7.87040386443614e-09,1.21019037583855e-08,6.88622634871752e-09,4.23445551404559e-09,4.77279845786075e-09,6.93634622027474e-09,4.50554159089561e-09,6.70174828622011e-09,3.79328387424286e-09,4.32442169784363e-09,2.48120856400572e-09,4.07349583284381e-09,4.66570258868921e-09,4.16109157128642e-09,3.99793599377856e-09,2.29933869740593e-09,2.33396111962248e-09,4.32666797389852e-09,2.51099456211458e-09,4.77526848098342e-09,2.13849539409257e-09,2.02971536491448e-09,1.90145226713952e-09,2.26873464173758e-09,2.61798142654199e-09,2.65722559499807e-09,1.96841890644933e-09,1.75402325714005e-09,1.6735979349011e-09,2.46221646493121e-09,2.19384338648862e-09,2.59640167262735e-09
1.55135616817811e-08,5.9039761592677e-08,1.68010463483651e-08,2.8669688240738e-08,4.91207847994851e-08,2.23939561318833e-08,7.33171268125619e-08,2.00363140485232e-08,9.64378535422045e-09,6.27118937114548e-08,1.91517001295501e-08,5.95750272432568e-08,1.73706559439189e-08,8.35206596451038e-09,9.09114001259336e-09,1.64553943384617e-08,8.99347811299425e-09,1.64269326451794e-08,7.26393070440541e-09,7.79832206259909e-09,5.14887472508415e-09,7.65539338807743e-09,8.40355212331122e-09,7.49624251310285e-09,6.96707177242877e-09,4.63855699463705e-09,4.40991990639009e-09,7.53338946695817e-09,5.76394519214367e-09,8.69083028279132e-09,4.29426975354377e-09,4.10317036187683e-09,4.5268348081433e-09,5.3140501580811e-09,4.87848581773064e-09,6.2553960888157e-09,3.5424247349049e-09,3.72375660678806e-09,3.33515649116083e-09,4.07269014181303e-09,4.34753384121238e-09,4.66854831844578e-09,3.25206187440964e-09,2.92241751838393e-09,2.59508477695518e-09,3.77466584729507e-09,3.5029394922198e-09,4.32679807369155e-09,1.33409260899803e-08,3.8376145909873e-08,1.32074991568028e-08,2.43306127597602e-08,3.19799872208616e-08,1.99673331674774e-08,4.84085345630115e-08,1.59176167558519e-08,6.81984172563189e-09,4.21748288868692e-08,1.47856452511636e-08,3.83771690212226e-08,1.4030262256041e-08,6.01560457538892e-09,6.53805578487102e-09,1.29663695620769e-08,6.82103911981896e-09,1.30939332303383e-08,5.2121318435592e-09,5.79276990935285e-09,4.1786284402381e-09,5.70888068635793e-09,6.55391523651137e-09,5.57773531342778e-09,5.0722007533903e-09,3.77043768954742e-09,3.06798823390259e-09,5.75793525445689e-09,4.64123439718857e-09,6.2934131501583e-09,3.54327759172669e-09,2.84627457566665e-09,3.38542824355158e-09,4.29845685679494e-09,3.49402795563776e-09,4.94674082864702e-09,2.40641700015443e-09,2.83144307635695e-09,2.17590715398156e-09,2.95728373221868e-09,3.1414682370376e-09,3.17641216960987e-09,2.48569745071365e-09,1.87104624391352e-09,2.02466190535839e-09,2.68429652864519e-09,2.67287721988001e-09,3.54766446299319e-09
7.17463453279396e-09,1.67914866300551e-08,3.46166827017855e-08,1.32285564674417e-08,2.87551779715037e-08,2.37831770505226e-08,2.00363140485232e-08,3.9539819306909e-08,1.66839027705074e-08,3.45776309690707e-08,3.22164853564276e-08,2.84382077477214e-08,3.3849327474138e-08,1.40006461946999e-08,7.93281240778299e-09,2.73022482893579e-08,1.37698379465989e-08,2.54539566762354e-08,1.21515171917984e-08,6.77730677358372e-09,6.41664425207938e-09,1.18712236431594e-08,6.73711195159563e-09,1.08870963698884e-08,5.95097077901088e-09,5.69932232885189e-09,3.63937818956163e-09,5.92620904424842e-09,6.33623959203108e-09,6.28849716972775e-09,5.2181287849779e-09,3.3329774756237e-09,3.2331414109587e-09,5.77827802499474e-09,3.76730713667661e-09,6.32630968189551e-09,2.95339222035714e-09,2.73726310309375e-09,2.39368836931444e-09,3.21639086422679e-09,3.17081289967454e-09,3.57534888472848e-09,2.35531904206823e-09,2.06984118837414e-09,2.04345010753144e-09,2.7250379821851e-09,2.57411594523036e-09,3.15679266187394e-09,5.38702451725298e-09,1.35399993784642e-08,2.66597041974182e-08,1.13169859834293e-08,2.255222241243e-08,1.91825984675014e-08,1.59231310149419e-08,3.05053552588607e-08,1.28488533781354e-08,2.69911368278513e-08,2.52302905427436e-08,2.19426534875419e-08,2.65265866492517e-08,1.10068131988338e-08,6.37845592401034e-09,2.17024474445914e-08,1.11030042095102e-08,2.06226736047544e-08,9.61681571822835e-09,5.48544575744638e-09,4.61539799461897e-09,9.66858520947947e-09,5.54589382141335e-09,8.7508625334512e-09,4.75526903539904e-09,4.18867143631891e-09,2.77716853371459e-09,4.79769897046168e-09,4.70575184265098e-09,4.89177840541681e-09,3.82555302594453e-09,2.53331746095741e-09,2.35316861320612e-09,4.26263471689077e-09,2.47269968732914e-09,4.65362813094292e-09,2.16742055897898e-09,2.04928917793726e-09,1.65589508075998e-09,2.08870902525587e-09,2.55890528505031e-09,2.33826735384479e-09,1.79086752898674e-09,1.44633646190113e-09,1.51832123594376e-09,2.22323034208006e-09,1.93260351164315e-09,2.54240094063523e-09
7.03364444376363e-09,8.34626015865364e-09,1.47000780758366e-08,7.06213031758227e-09,1.4051246730877e-08,1.19473842565493e-08,9.64378535422045e-09,1.66839027705074e-08,4.10739637959117e-08,1.66396873487927e-08,3.25573124833557e-08,3.02079322983471e-08,1.40034404665455e-08,3.46927930599711e-08,1.61153014732616e-08,2.72291349702901e-08,2.86039907560452e-08,2.27075299143662e-08,3.00173942789629e-08,1.36092561379244e-08,6.57269609556527e-09,2.45359462627995e-08,1.21632473589451e-08,2.1775939415775e-08,1.18152908365241e-08,5.6486454146996e-09,5.0896412114645e-09,1.04193194694741e-08,5.75505964216194e-09,1.0186437849679e-08,4.8426243968713e-09,4.5149654547991e-09,3.15704999923169e-09,4.97573390540356e-09,4.76931318574689e-09,5.50974453657961e-09,3.94897171341558e-09,2.59532681069064e-09,2.3289615388203e-09,4.10643140524935e-09,3.02714308921162e-09,4.43598048482399e-09,2.24257620465534e-09,1.97091299711233e-09,2.18710534098547e-09,2.62264772567001e-09,2.53396635676794e-09,3.21090050366867e-09,5.09831210349032e-09,5.95435835405317e-09,1.14240904939642e-08,5.4737638935315e-09,1.10759837179869e-08,9.63834664002836e-09,6.81662238331062e-09,1.31002776675642e-08,3.11108561872376e-08,1.33522782444781e-08,2.42148777306412e-08,2.3345507453062e-08,1.11854271074675e-08,2.65794364865185e-08,1.22456443309465e-08,2.03541075345661e-08,2.22906894135348e-08,1.7638760991155e-08,2.28892649972767e-08,1.05508271876077e-08,4.68814642407e-09,1.9274758302911e-08,9.45441312403044e-09,1.68924919357047e-08,9.0902685254139e-09,4.17393072875961e-09,3.9504387315275e-09,8.0960562796186e-09,4.39471489895542e-09,7.81454720801384e-09,3.60195409791029e-09,3.45213289899524e-09,2.46203730358857e-09,3.8774473610213e-09,3.35879229428719e-09,4.00076334475452e-09,2.95046727954651e-09,2.05174079694497e-09,1.61975099540415e-09,2.82038627220936e-09,2.40608754120568e-09,3.04431356512903e-09,1.69311452950989e-09,1.38486359529177e-09,1.61823094755204e-09,2.08246656830656e-09,1.9304787454234e-09,2.52384517546666e-09
1.48117734325182e-08,4.91140528339378e-08,2.87640649193457e-08,2.25179266010999e-08,6.84250640071354e-08,3.53332639587636e-08,6.27118937114548e-08,3.45776309690707e-08,1.66396873487927e-08,8.69948800817014e-08,2.88296062025392e-08,7.63136412751452e-08,2.95259048536402e-08,1.40557921697736e-08,8.9540387329278e-09,2.43477559830923e-08,1.38667687926796e-08,2.30776440259068e-08,1.22468050290954e-08,7.5979990157196e-09,8.13684575000376e-09,1.19378723077821e-08,7.94961681203584e-09,1.1332295925436e-08,6.76555079103459e-09,7.27676002045376e-09,5.45052466134477e-09,7.03790664913239e-09,8.46742708759108e-09,7.87621693271323e-09,6.69114873957662e-09,5.08856645518099e-09,5.0360770681564e-09,7.80214405410209e-09,5.78391247778467e-09,8.78899369629293e-09,4.38509694198964e-09,4.15765322620049e-09,3.71720998031112e-09,4.78766831487505e-09,4.81781753600244e-09,5.41110204724744e-09,3.7650056632203e-09,3.37133816929158e-09,2.97560473288125e-09,4.3081609555235e-09,4.13046878748542e-09,4.9683584545667e-09,1.29605043426342e-08,3.18764125705935e-08,2.23799096287842e-08,1.98295441733599e-08,4.51868846797112e-08,3.02146086091888e-08,4.14168566744752e-08,2.71428614315964e-08,1.17067902053383e-08,5.91811609249781e-08,2.22171931388376e-08,4.9973101943881e-08,2.36698687034347e-08,1.02024017887161e-08,6.25239810795694e-09,1.92220832674242e-08,1.00902602647895e-08,1.8325737187473e-08,8.87317864892336e-09,5.3811860326674e-09,5.94745803652928e-09,8.68505147678047e-09,5.91221885686415e-09,8.4436821630062e-09,4.70021291374826e-09,5.42638033038683e-09,3.85461096997327e-09,5.16130922635763e-09,6.55690522277572e-09,5.65742973969254e-09,5.04756928199869e-09,3.54928460096914e-09,3.62066565722464e-09,5.98356356384586e-09,3.82096246245426e-09,6.47426469687619e-09,2.93544730656665e-09,2.97084558737713e-09,2.34975463058616e-09,3.10330871511344e-09,3.4723767149884e-09,3.3626413142975e-09,2.72089033944099e-09,2.18363173364642e-09,2.22345227565592e-09,3.14208816430993e-09,3.04701718131592e-09,3.88674837685079e-09
7.59481858391899e-09,1.60234049210472e-08,2.83121893956241e-08,1.24560175804708e-08,2.39004698671464e-08,1.92110624112309e-08,1.91517001295501e-08,3.22164853564276e-08,3.25573124833557e-08,2.88296062025392e-08,5.22245853197506e-08,4.56918358428461e-08,2.73044989773795e-08,2.7227483754009e-08,1.47018720004096e-08,4.41007202991976e-08,2.2981558684091e-08,3.73032144708769e-08,2.34718232607113e-08,1.22682396516308e-08,6.71232768657256e-09,1.95596807601338e-08,1.13683934744162e-08,1.72474611989887e-08,1.06514356177722e-08,5.85605273442882e-09,5.98932577436911e-09,9.84880928183851e-09,6.27974031462228e-09,9.82968899012443e-09,4.99393317038386e-09,5.36162178621075e-09,3.77704866296523e-09,5.40268396750022e-09,5.64279195197461e-09,5.84667699651683e-09,4.77980432439817e-09,3.20710568335214e-09,2.83512391792105e-09,4.93494620292676e-09,3.82771612996283e-09,5.38887850946276e-09,2.71999631770328e-09,2.36868441017421e-09,2.54956481341926e-09,3.24283408833012e-09,3.03791755570758e-09,3.87999069839984e-09,5.73217364533191e-09,1.26040263464303e-08,2.15896916072789e-08,1.04237830075614e-08,1.90211952045906e-08,1.54466223911714e-08,1.47841910101429e-08,2.49485722031426e-08,2.43568640849674e-08,2.29233375068449e-08,3.90030380860378e-08,3.46925997281808e-08,2.15903611854845e-08,2.06469848830784e-08,1.11189261727768e-08,3.34575290935028e-08,1.80519523881641e-08,2.92607585612712e-08,1.77394372529498e-08,9.57103645632313e-09,4.92095856283253e-09,1.55014995538982e-08,9.06006001109252e-09,1.33017099704348e-08,8.24326975390171e-09,4.49164286041971e-09,4.48054633271731e-09,7.88942105114561e-09,4.92804360349782e-09,7.56970843572566e-09,3.86502703876765e-09,3.99050422763198e-09,3.07623186483697e-09,4.29798746759382e-09,3.90464651989024e-09,4.42940815280116e-09,3.46362779800825e-09,2.68402607584849e-09,2.00307700232999e-09,3.36835360356159e-09,3.13572848391858e-09,3.52801527479268e-09,2.24247512036993e-09,1.67173877735952e-09,1.82537129067044e-09,2.6531500317863e-09,2.25277959914888e-09,3.14573887902577e-09
1.48096297616392e-08,4.64975235962422e-08,2.35858976207873e-08,2.12754621047456e-08,5.95268593364091e-08,2.95286257127247e-08,5.95750272432568e-08,2.84382077477214e-08,3.02079322983471e-08,7.63136412751452e-08,4.56918358428461e-08,1.02581444968143e-07,2.40370761750722e-08,2.52283369939722e-08,1.43268740983719e-08,3.83449822352392e-08,2.1438582786977e-08,3.29751923472359e-08,2.1866810279419e-08,1.19368273379752e-08,7.40027260765523e-09,1.82917632365171e-08,1.15532546569907e-08,1.65558500809577e-08,1.03733025085899e-08,6.43818507769519e-09,7.53097113514576e-09,1.00169873648615e-08,7.41731399866732e-09,1.01972852144151e-08,5.69050051762467e-09,6.89766173348561e-09,5.6413322235726e-09,6.60863109926162e-09,7.49550249934483e-09,7.49385888866669e-09,6.00328126002669e-09,4.60133418375936e-09,4.12613651591032e-09,6.373271696379e-09,5.35458659148241e-09,7.06453362359111e-09,4.11984697007549e-09,3.66805939792388e-09,3.4119272913969e-09,4.75361474810819e-09,4.46598268461784e-09,5.60722695182168e-09,1.27872923914554e-08,2.96937942936852e-08,1.85438857413863e-08,1.84196597198382e-08,4.02802901730094e-08,2.58528638900248e-08,3.91206209485759e-08,2.26911964242628e-08,2.12794340178578e-08,5.29590751488018e-08,3.38029076680088e-08,6.79807425563593e-08,1.96844395995457e-08,1.82042935023452e-08,9.95275071034874e-09,2.92003717143322e-08,1.58615289340602e-08,2.56478542607594e-08,1.57164367676686e-08,8.47041362201787e-09,5.37027073427633e-09,1.35963374477792e-08,8.49542372645081e-09,1.21194425162236e-08,7.28782316197911e-09,4.98693452793653e-09,5.36432086221456e-09,7.47003494114448e-09,6.03869937353972e-09,7.40562253586063e-09,4.36233580253177e-09,4.81118214938316e-09,4.33149100760865e-09,5.36543827575106e-09,4.94585183843119e-09,5.64448727563164e-09,4.08506656021312e-09,3.51152822023032e-09,2.62346810473905e-09,4.14275031411762e-09,3.71553789106547e-09,4.20743983734861e-09,3.13269547931931e-09,2.36428694825697e-09,2.46352279488841e-09,3.33663115625818e-09,3.26871537214306e-09,4.33456221168528e-09
6.15052351756555e-09,1.45611034774253e-08,2.96283120323945e-08,1.16165582933208e-08,2.44914171071251e-08,2.03347496779428e-08,1.73706559439189e-08,3.3849327474138e-08,1.40034404665455e-08,2.95259048536402e-08,2.73044989773795e-08,2.40370761750722e-08,3.85862041946126e-08,1.55660890584854e-08,8.8487888156164e-09,3.09416326084764e-08,1.53098041802111e-08,2.90095787836571e-08,1.33679456153793e-08,7.46720450660146e-09,7.23164806324781e-09,1.30011899281851e-08,7.38299664022116e-09,1.1885864268814e-08,6.49356484814763e-09,6.33009927717988e-09,3.96675777309221e-09,6.42411603493931e-09,7.04750205062275e-09,6.85941932742868e-09,5.71751624367828e-09,3.58485416135584e-09,3.44718490433124e-09,6.36974065518005e-09,4.09834599383231e-09,6.7959385260718e-09,3.15073989325105e-09,2.89286259740148e-09,2.55221519990577e-09,3.46375899513941e-09,3.35813608570062e-09,3.83367127104853e-09,2.49836474428563e-09,2.22544741888579e-09,2.1980667404745e-09,2.89551285741777e-09,2.67364825567858e-09,3.31579164002211e-09,4.73522295697083e-09,1.18998369070371e-08,2.32439367166347e-08,1.00278877217095e-08,1.95539718580436e-08,1.65914364481221e-08,1.39358541029348e-08,2.65245881024423e-08,1.10071888569241e-08,2.33775181764913e-08,2.17011347953883e-08,1.87517015156295e-08,3.11758103482513e-08,1.23288426300746e-08,6.88990182668629e-09,2.52252907509444e-08,1.23639231440558e-08,2.40583707623516e-08,1.0731546919725e-08,5.86957240882987e-09,5.10458909231216e-09,1.07157137951023e-08,5.81595264966237e-09,9.71098731249300e-09,5.0241465993899e-09,4.60272765988584e-09,2.98666423285785e-09,4.97645396825312e-09,5.24634051095736e-09,5.1487950053754e-09,4.14285791668264e-09,2.69946880024464e-09,2.54196635076853e-09,4.69105047535413e-09,2.76666876629801e-09,5.02014657979988e-09,2.29344465875684e-09,2.19935754045782e-09,1.81046818532987e-09,2.35006643931281e-09,2.72105616368592e-09,2.60528709021158e-09,1.93621471188465e-09,1.59076278889891e-09,1.61264801376587e-09,2.37527417274493e-09,2.01290845457273e-09,2.67970772834769e-09
6.18733168245172e-09,7.17244212040777e-09,1.23034272417087e-08,6.22765195267423e-09,1.18665475159895e-08,1.01236191347228e-08,8.35206596451038e-09,1.40006461946999e-08,3.46927930599711e-08,1.40557921697736e-08,2.7227483754009e-08,2.52283369939722e-08,1.55660890584854e-08,3.8631666433136e-08,1.79424141591987e-08,3.04256874394565e-08,3.19627405380092e-08,2.54561597591786e-08,3.30619507338199e-08,1.49110642083198e-08,7.19609333676408e-09,2.70367001316196e-08,1.329528666656e-08,2.38678863194346e-08,1.28867608962765e-08,6.12041322227677e-09,5.50911857649305e-09,1.13534891916905e-08,6.1915933308924e-09,1.10416267452628e-08,5.21606265148467e-09,4.90040217793495e-09,3.46154297831409e-09,5.35415575853487e-09,5.25473528732766e-09,5.96882466220622e-09,4.29027644333939e-09,2.87223644004613e-09,2.52288861302612e-09,4.53535699076509e-09,3.26586032600758e-09,4.87160729954178e-09,2.51464227824877e-09,2.16036765925009e-09,2.28189527166603e-09,2.86119017250861e-09,2.6918589118445e-09,3.446709242254e-09,4.67603731988595e-09,5.20641626682347e-09,9.73431759220109e-09,4.89768357884097e-09,9.38713903111577e-09,8.27386718808732e-09,6.01250881888623e-09,1.11819055623118e-08,2.65784940829662e-08,1.14207767415812e-08,2.03512745984452e-08,1.95624430435868e-08,1.28666619709772e-08,2.97840933696973e-08,1.33916342805023e-08,2.32293713903542e-08,2.49268626429772e-08,2.00701264838121e-08,2.56045229014114e-08,1.13544059675677e-08,5.02125726577664e-09,2.14386632259777e-08,1.02242692545272e-08,1.87950589312229e-08,9.78155157375504e-09,4.54016087930873e-09,4.26225674090083e-09,8.77229760744297e-09,4.75709176321804e-09,8.48628755835107e-09,3.87015126004327e-09,3.73571229887102e-09,2.68530433214687e-09,4.17385923095338e-09,3.66984965616660e-09,4.3043884422886e-09,3.19745510379602e-09,2.26350398098675e-09,1.77064634317718e-09,3.1237034913125e-09,2.60622433578791e-09,3.38041472568492e-09,1.90405104155637e-09,1.53037631881653e-09,1.66248754616653e-09,2.28016777223667e-09,2.05649701185126e-09,2.72954102798186e-09
4.24918962864328e-09,8.23835120721993e-09,6.92691670981897e-09,7.55985193014921e-09,7.60654376581765e-09,6.65826907117672e-09,9.09114001259336e-09,7.93281240778299e-09,1.61153014732616e-08,8.9540387329278e-09,1.47018720004096e-08,1.43268740983719e-08,8.8487888156164e-09,1.79424141591987e-08,4.26114230422303e-08,1.65181520069674e-08,3.26422108200381e-08,2.94554833195971e-08,1.49139575261024e-08,3.52032974419781e-08,1.42768662222547e-08,2.6840318009426e-08,2.75161535351881e-08,2.0564752910487e-08,3.06847596617257e-08,1.22611608676236e-08,6.32963137505624e-09,2.37777864213114e-08,1.13999200551158e-08,2.20512228134092e-08,1.06899844076793e-08,5.61457557541019e-09,6.0929176160799e-09,9.96687703582525e-09,6.27029071774063e-09,1.0628975920658e-08,4.82598770561117e-09,5.09523717460255e-09,3.23503143959031e-09,5.23829474258103e-09,5.39092641881248e-09,5.4909951375168e-09,4.55829115201372e-09,2.79757885312011e-09,2.65598433943028e-09,4.74736010490682e-09,3.3099763259454e-09,5.46821619036729e-09,3.00850322222041e-09,5.83688671075587e-09,5.54056110097317e-09,5.47281156275713e-09,5.92797078067019e-09,5.31663231205057e-09,6.42730679346743e-09,6.37938773103936e-09,1.27579778239091e-08,7.30436039200932e-09,1.11698463597627e-08,1.15663472185306e-08,7.42980540866093e-09,1.43210792229346e-08,3.05066934598459e-08,1.29511545084182e-08,2.43652724791453e-08,2.18174545095703e-08,1.1992704897111e-08,2.53916689695755e-08,1.07749442539684e-08,2.00640805522574e-08,2.02563315070683e-08,1.57685396818178e-08,2.22223600510183e-08,9.33616929012502e-09,4.80360676614439e-09,1.76629686973534e-08,8.5209558108915e-09,1.60967185137586e-08,8.18573096737816e-09,4.2473528875305e-09,4.59348823955563e-09,7.56667320243522e-09,4.84258443709348e-09,8.11061305710076e-09,3.62571938280912e-09,3.88802171470179e-09,2.44041663859595e-09,4.09247134856186e-09,4.20224979073286e-09,4.25381030881477e-09,3.44324105391751e-09,2.08694813800282e-09,1.99098058980444e-09,3.63299103187533e-09,2.56803596817825e-09,4.17474022419267e-09
6.47951121097691e-09,1.36810784874515e-08,2.38992743934663e-08,1.08504660152666e-08,2.00740161191619e-08,1.62196282278598e-08,1.64553943384617e-08,2.73022482893579e-08,2.72291349702901e-08,2.43477559830923e-08,4.41007202991976e-08,3.83449822352392e-08,3.09416326084764e-08,3.04256874394565e-08,1.65181520069674e-08,5.01010865358063e-08,2.57141725107335e-08,4.25620978071279e-08,2.58859109641836e-08,1.35348535486384e-08,7.32048851021716e-09,2.15296974963359e-08,1.24373577331285e-08,1.8832443979777e-08,1.1641757487906e-08,6.32562316673453e-09,6.41136463805731e-09,1.06943065386256e-08,6.76070834567908e-09,1.05841473303232e-08,5.36837960137142e-09,5.73577609550351e-09,4.09896776010768e-09,5.79197166287914e-09,6.12560698277563e-09,6.31247524055825e-09,5.09250666624784e-09,3.50927305165341e-09,2.98191189626098e-09,5.34735484577162e-09,4.03682803925218e-09,5.76023477518887e-09,3.0190175496853e-09,2.52188288149321e-09,2.68212076324441e-09,3.45620119238655e-09,3.1782804629233e-09,4.13198034893530e-09,5.09572239554188e-09,1.09889100385392e-08,1.86917641809119e-08,9.19789686484366e-09,1.62973899633659e-08,1.31765281021522e-08,1.29289535306217e-08,2.15863437050279e-08,2.06464477973131e-08,1.97612934740069e-08,3.34544715802759e-08,2.96069572560497e-08,2.53082322953463e-08,2.34973622444088e-08,1.23450241256398e-08,3.89571017968473e-08,2.0364511744233e-08,3.40472065021911e-08,2.00841115793891e-08,1.03485994671865e-08,5.28521463790775e-09,1.73101890896654e-08,9.77966696256922e-09,1.4920327255871e-08,8.87396981359895e-09,4.84437460680747e-09,4.78155129013319e-09,8.48623817948588e-09,5.30266070750174e-09,8.11693851039087e-09,4.10764857611736e-09,4.23272126916906e-09,3.31183995021825e-09,4.56671778888695e-09,4.25337388101688e-09,4.76363840533354e-09,3.64813300476852e-09,2.91720871811085e-09,2.12155025400792e-09,3.70853128704795e-09,3.30202579235597e-09,3.84253806988032e-09,2.47771267259617e-09,1.78858843618468e-09,1.88599482844686e-09,2.82061360546389e-09,2.37868546756239e-09,3.36025978676973e-09
6.67828893078696e-09,7.72345288276829e-09,1.19848448211501e-08,6.70128828056284e-09,1.15896463157253e-08,9.89756787624745e-09,8.99347811299425e-09,1.37698379465989e-08,2.86039907560452e-08,1.38667687926796e-08,2.2981558684091e-08,2.1438582786977e-08,1.53098041802111e-08,3.19627405380092e-08,3.26422108200381e-08,2.57141725107335e-08,5.11702223229072e-08,4.17717208284248e-08,2.7039355584614e-08,2.68387532579068e-08,1.29850748798796e-08,4.26482989505271e-08,2.07033904629992e-08,3.34246435694423e-08,2.32918131719239e-08,1.10146998902823e-08,6.21284145813326e-09,1.77309308938482e-08,1.03083315954573e-08,1.63529569185453e-08,9.55770413511912e-09,5.47640026272178e-09,6.47151174285246e-09,8.93760403707526e-09,6.12971539836533e-09,9.62047573977778e-09,4.7453578851479e-09,5.34229331177212e-09,3.28862747527305e-09,5.1204885381139e-09,5.82812946579126e-09,5.50872744346557e-09,4.72413840193446e-09,2.84498581543657e-09,2.84099313554918e-09,5.1538123564221e-09,3.40730290976456e-09,5.89146405263768e-09,4.70120418258919e-09,5.56285415440597e-09,9.85516464028502e-09,5.03904232026500e-09,9.59266554946961e-09,8.28052337602291e-09,6.47643252971676e-09,1.13109110798503e-08,2.21202382311454e-08,1.15846381664881e-08,1.75759284716281e-08,1.71044830770623e-08,1.30045379787256e-08,2.49596831614782e-08,2.43646165241061e-08,2.01783778789608e-08,3.95386698287588e-08,3.252964825493e-08,2.13202175589607e-08,2.01488685696828e-08,9.26513624354105e-09,3.32109192345565e-08,1.57612541999394e-08,2.63762962960893e-08,1.75935086442417e-08,8.0897398056935e-09,4.59692569740029e-09,1.36847870086717e-08,7.61156271288159e-09,1.23655724228978e-08,7.06838195594435e-09,3.99494076452549e-09,4.78138811441541e-09,6.71861484928946e-09,4.41713440754008e-09,7.21975324235404e-09,3.42549716671403e-09,4.02157542953207e-09,2.33881161874531e-09,3.73119045279344e-09,4.34679244753033e-09,3.92523700275445e-09,3.46155464445271e-09,2.01267744134289e-09,1.98753224279811e-09,3.795461414855e-09,2.46388955682316e-09,4.27054404976288e-09
6.67363878497987e-09,1.35350219090205e-08,2.22424172230007e-08,1.06105179309714e-08,1.88517628087041e-08,1.51723269562576e-08,1.64269326451794e-08,2.54539566762354e-08,2.27075299143662e-08,2.30776440259068e-08,3.73032144708769e-08,3.29751923472359e-08,2.90095787836571e-08,2.54561597591786e-08,2.94554833195971e-08,4.25620978071279e-08,4.17717208284248e-08,6.30015818393115e-08,2.12582838165023e-08,2.39415775509025e-08,1.1862838578553e-08,3.44978013616252e-08,1.852919180346e-08,2.65560550435131e-08,2.06572169555253e-08,1.01002950653573e-08,6.36154827461349e-09,1.58465537362617e-08,9.81975538589955e-09,1.49290433167106e-08,8.68108214443594e-09,5.66469659324166e-09,7.18901708447623e-09,8.47263394065587e-09,6.33945716360596e-09,9.16691890500856e-09,5.03174652127552e-09,6.12280171731631e-09,3.72438870222685e-09,5.43743855280578e-09,6.64168468783192e-09,5.97953817252085e-09,5.33128719242217e-09,3.06884141819709e-09,3.07631261940264e-09,5.68572381434641e-09,3.58534235902404e-09,6.44468704032829e-09,4.96619611019728e-09,1.05076376225576e-08,1.76461357040032e-08,8.67239773465209e-09,1.54956428332668e-08,1.26147563857415e-08,1.26465707997628e-08,2.03575415068063e-08,1.75820858881024e-08,1.89882580049318e-08,2.85967713697943e-08,2.60630048160994e-08,2.41192438752779e-08,2.00078308531042e-08,2.14826442982993e-08,3.36139971560343e-08,3.26565422679127e-08,4.94944252625169e-08,1.68795052112462e-08,1.77019210338269e-08,8.65344081365992e-09,2.72732932632183e-08,1.39581384872594e-08,2.09915215952733e-08,1.53986563176389e-08,7.55896242594599e-09,4.55002971709221e-09,1.21423475030001e-08,7.28067320596223e-09,1.11075568461052e-08,6.54793416450239e-09,4.06042113917629e-09,5.29493748944538e-09,6.37036444204039e-09,4.47684936106332e-09,6.89603588194696e-09,3.5605098664221e-09,4.65288038477091e-09,2.60537917323912e-09,3.9161878522318e-09,4.89777576887772e-09,4.09646200059374e-09,3.95572752003616e-09,2.13493466156483e-09,2.12657687796684e-09,4.1492063438655e-09,2.71680584127521e-09,4.83376644171449e-09
5.43506296843419e-09,6.28196602924258e-09,1.08034809433053e-08,5.43946288146202e-09,1.04793945725218e-08,8.98862464328182e-09,7.26393070440541e-09,1.21515171917984e-08,3.00173942789629e-08,1.22468050290954e-08,2.34718232607113e-08,2.1866810279419e-08,1.33679456153793e-08,3.30619507338199e-08,1.49139575261024e-08,2.58859109641836e-08,2.7039355584614e-08,2.12582838165023e-08,3.77838722160562e-08,1.67604800037445e-08,8.24267994246319e-09,3.1098440896927e-08,1.49775297329936e-08,2.7482635340713e-08,1.44007476216531e-08,7.01551299138326e-09,6.25600358417604e-09,1.26984705818e-08,7.02483252215111e-09,1.23144556055159e-08,6.009033003971e-09,5.5215667175099e-09,4.02218152932018e-09,6.0815005363105e-09,5.90190825119609e-09,6.65387906496119e-09,4.78724369226063e-09,3.31066735053914e-09,2.9079441119021e-09,5.06248795788752e-09,3.87738828450008e-09,5.58828145021686e-09,2.90320023023433e-09,2.50900520174419e-09,2.51050903146182e-09,3.37764347285201e-09,3.00459820830215e-09,3.92547029104777e-09,4.1262863256513e-09,4.66987764809673e-09,8.6490534219009e-09,4.30970063785304e-09,8.1365001549391e-09,7.28299248780334e-09,5.17614530705208e-09,9.81610975918501e-09,2.28865120631784e-08,9.77082937093119e-09,1.75361338299375e-08,1.66734372979956e-08,1.12657495737193e-08,2.5603608061824e-08,1.13570690625583e-08,1.98794993525924e-08,2.14409527187373e-08,1.72220636831895e-08,2.90813996003951e-08,1.28403757659682e-08,5.85103276654458e-09,2.46067488548281e-08,1.15427893914379e-08,2.18499886552755e-08,1.10323543919558e-08,5.28414461066244e-09,4.63100567864788e-09,9.90894192946545e-09,5.26218585413232e-09,9.54992342391728e-09,4.52814544946973e-09,4.05126764017659e-09,3.13505545443339e-09,4.62410281408029e-09,4.19842278576009e-09,4.84001819474257e-09,3.45442534428379e-09,2.63728922398476e-09,2.10796725984554e-09,3.58135957897987e-09,3.05987539372517e-09,3.84576451447051e-09,2.25903139745106e-09,1.84089624867435e-09,1.83626824661602e-09,2.71724816222875e-09,2.38407169023147e-09,3.20955150557679e-09
