2.78960779527714e-07,1.36511229431771e-07,7.46754763691158e-08,2.23683007625076e-07,1.34088535462149e-07,2.00163016708101e-07,1.17127845611509e-07,6.4415739341312e-08,5.79395439103802e-08,1.11112074339643e-07,6.34045009364881e-08,1.09713548713653e-07,5.15922031627066e-08,4.94291350095451e-08,4.05642817543491e-08,5.01780750106899e-08,5.06446686202216e-08,5.11533345109046e-08,3.74725139754012e-08,3.28278463155248e-08,2.92162443221185e-08,4.02349843989104e-08,3.90639687687285e-08,4.59212744548429e-08,2.93365020692032e-08,2.65391041395204e-08,1.56339637907102e-08,3.57035720891223e-08,2.5761672797947e-08,3.2348466054115e-08,2.41268414032161e-08,1.35364543956415e-08,1.3810255588871e-08,2.32831753350597e-08,1.63371428084747e-08,2.78675902084909e-08,1.16423755426725e-08,1.1054834047428e-08,1.30409070839445e-08,1.37575139305255e-08,1.33653134500414e-08,1.66902480105108e-08,9.66581546208896e-09,1.02503080824128e-08,1.06279558176152e-08,1.16411943405806e-08,1.30751722914387e-08,1.28446926386179e-08,2.00472689684777e-07,1.01281939222668e-07,6.56727868559192e-08,1.65939963236009e-07,9.99509024178153e-08,1.49815992181917e-07,9.06467697175463e-08,5.47806668565999e-08,4.89657417414263e-08,8.68997439941461e-08,4.89062270051602e-08,7.98975121519711e-08,4.46951096827312e-08,4.16169019769235e-08,3.0107072334926e-08,3.96912414137539e-08,3.60719659324797e-08,3.90141443578917e-08,2.99309854535206e-08,2.44066363221432e-08,2.76925296282402e-08,2.8043599977107e-08,3.0572347540921e-08,3.3394834917936e-08,2.10468204867131e-08,2.43117005309033e-08,9.37443635018597e-09,2.76249214765956e-08,2.21713721470604e-08,2.28169302406632e-08,2.16193630998201e-08,7.05312857720671e-09,6.44454046397112e-09,1.95755206179141e-08,8.58477412836749e-09,1.76057432118112e-08,6.03610816018243e-09,5.16009900621629e-09,9.9792590984479e-09,6.535157336134e-09,7.75097309788717e-09,1.01331494788852e-08,3.28782023475281e-09,7.49628129749882e-09,6.68124107233689e-09,6.18110284844262e-09,8.56503127952671e-09,7.5827807729237e-09
1.36511229431771e-07,5.58959556918031e-07,1.45070139366296e-07,2.79347213542588e-07,4.62485897212085e-07,2.06413258566052e-07,4.67226513269183e-07,1.1931288441924e-07,7.31506047654647e-08,3.80781189755044e-07,1.12747289041342e-07,3.62176977769013e-07,9.8274074813799e-08,6.12222930042986e-08,8.0044930297458e-08,9.22421359955479e-08,7.47911119930175e-08,9.56148465809515e-08,4.93627059608829e-08,6.55031722573918e-08,5.40709212129763e-08,5.85149497704009e-08,7.76212379160403e-08,6.53060836068914e-08,5.41494905845181e-08,4.83545801664788e-08,3.0911201386617e-08,6.59823333615757e-08,4.38674624262804e-08,5.85322483582639e-08,4.45294454462071e-08,2.84065570697332e-08,2.82850712169878e-08,4.08546323842658e-08,3.83760858494347e-08,5.22540398156958e-08,2.28056455550617e-08,2.07685660836015e-08,1.90785388937395e-08,2.88516689329602e-08,2.14805380065161e-08,2.96070856039026e-08,1.89242940972922e-08,1.57768731944044e-08,1.57269807741788e-08,1.99757072118607e-08,1.94309278030843e-08,2.28302138647622e-08,1.07795535123766e-07,3.41032027499896e-07,1.20647991642157e-07,2.2258673884395e-07,2.5347359364108e-07,1.6093508080674e-07,2.91321829460475e-07,1.0444872306248e-07,5.12660686364681e-08,2.19496815142986e-07,8.56986262018627e-08,1.85606969745189e-07,8.92895551880308e-08,4.33478542670146e-08,5.77953992273244e-08,7.12782243640417e-08,5.1804488599292e-08,7.86862997902085e-08,3.17700878830592e-08,5.25358362519074e-08,4.5862991004086e-08,4.02266862533452e-08,6.81142993861275e-08,4.50193795791366e-08,4.44580690769828e-08,4.17764418915505e-08,2.64842439081609e-08,5.85394535676013e-08,3.71601078643155e-08,5.23366071540406e-08,3.75551031051062e-08,2.41200641342312e-08,1.91809772932345e-08,3.32613891831959e-08,2.92022329742948e-08,3.85122000901276e-08,1.82184796953419e-08,1.38718255423463e-08,1.30169418350316e-08,1.97648554457577e-08,1.44754657726392e-08,2.12174216332887e-08,1.20374146668166e-08,1.03291741640279e-08,1.20653977037189e-08,1.41900363968675e-08,1.45121019271759e-08,1.86688290176709e-08
7.46754763691158e-08,1.45070139366296e-07,3.68205020108901e-07,1.29051955206696e-07,3.11192741074269e-07,2.55482474910904e-07,1.19393964431806e-07,3.02006867219546e-07,1.28612380017842e-07,2.53824202321493e-07,2.23016184116778e-07,1.95298722690072e-07,2.43441406357091e-07,1.03580923145985e-07,6.75659186580823e-08,1.76661621781338e-07,9.48992375221964e-08,1.48803179818924e-07,8.63692449171879e-08,5.60266334073211e-08,6.13530586312094e-08,8.007561002069e-08,6.24135281448571e-08,8.20435216158566e-08,4.9631746087808e-08,5.23960588420074e-08,3.18429607517647e-08,5.55797811394313e-08,5.5848683025525e-08,5.94156125433762e-08,4.67724990484839e-08,2.81788865971007e-08,3.1687056776784e-08,5.0564531587513e-08,3.78075428341376e-08,5.93161620786386e-08,2.60917403908453e-08,2.56489128336338e-08,2.28867124194862e-08,3.27040676205893e-08,2.61273169045252e-08,2.90038691017201e-08,2.24187881220214e-08,1.839392141662e-08,1.59557246684563e-08,2.26100428624117e-08,2.16055605962943e-08,2.53732133919061e-08,5.17225867289099e-08,1.01309494889802e-07,2.81881062045704e-07,8.96901711172361e-08,2.21025148854016e-07,1.90788402007736e-07,8.69460399130738e-08,2.38154542169545e-07,1.08408818895752e-07,1.88170942871789e-07,1.65545042190423e-07,1.36953261797437e-07,1.96534013717315e-07,8.57843150494978e-08,4.97632597465495e-08,1.31511787096282e-07,7.54746858738442e-08,1.18553674399945e-07,7.19504684204978e-08,4.48188372600636e-08,4.99511810952647e-08,6.50216733697439e-08,4.75087136460234e-08,5.79352711954928e-08,4.08849890425015e-08,4.0381188020153e-08,2.22655107400761e-08,4.36002409417321e-08,4.60157988872992e-08,4.85497103132254e-08,3.64626220826403e-08,1.90010241219308e-08,2.00271197194403e-08,4.10802616223931e-08,2.57909366506072e-08,4.37524754352719e-08,1.77180956085601e-08,1.69224992112776e-08,1.48902706090787e-08,2.10825192310878e-08,1.59385912576106e-08,1.76657316636373e-08,1.33209280181676e-08,1.17957409278785e-08,1.06202100024149e-08,1.26695873891162e-08,1.55733005602908e-08,1.8484920802535e-08
2.23683007625076e-07,2.79347213542588e-07,1.29051955206696e-07,4.1566204098393e-07,1.9914157119501e-07,3.01468958434867e-07,2.35208721964341e-07,1.06208869634314e-07,6.76949030921931e-08,1.69271646830343e-07,9.64386037190477e-08,1.63041045513656e-07,8.97854420204852e-08,5.56072847836901e-08,8.04225098711401e-08,7.89484600161773e-08,5.96842177303605e-08,7.89614367522826e-08,4.66358569356128e-08,6.66681960693279e-08,4.36316824901102e-08,4.88446858593596e-08,7.29122171486751e-08,5.35420396770314e-08,5.73109389794377e-08,3.92517249421051e-08,2.39862472602536e-08,6.42018958785789e-08,3.90160221915036e-08,6.06747818558262e-08,3.58228874579432e-08,2.15648250075124e-08,2.17045929413423e-08,3.59012647685506e-08,2.68552425160428e-08,4.17641392342675e-08,1.86038223047342e-08,1.69410146023459e-08,1.73457584631667e-08,2.34892041780509e-08,1.89283237768174e-08,2.58198077683567e-08,1.48249329839701e-08,1.35820363450302e-08,1.4893102618959e-08,1.6143883950174e-08,1.79052323401947e-08,1.88769232772567e-08,1.67231957574588e-07,2.12844765019117e-07,1.11667031807736e-07,3.17425498885158e-07,1.57550609167494e-07,2.34297508985843e-07,1.79954482075489e-07,9.33062245590258e-08,5.30130086432473e-08,1.38479906120184e-07,7.41782016709847e-08,1.20153754183165e-07,7.95668458852257e-08,4.54396885836123e-08,5.68694091850457e-08,6.2342083621173e-08,4.28235834768513e-08,6.41242010582286e-08,3.71666129500512e-08,5.12428130168083e-08,4.07717684293366e-08,3.65772330571005e-08,5.55584529630156e-08,3.4899837007873e-08,4.36332118047359e-08,3.62381764356349e-08,1.82839771455212e-08,4.92193491579253e-08,3.25582725875666e-08,5.0123601710726e-08,3.24395869798499e-08,1.58903872862147e-08,1.42193903633707e-08,2.90121610736766e-08,1.96799943265928e-08,2.97060099149783e-08,1.39232338319205e-08,1.15830175535632e-08,1.19596702288775e-08,1.63538003376721e-08,1.10611015148234e-08,1.66278252720742e-08,9.09532900802201e-09,8.80891845599054e-09,1.0694048249823e-08,1.01138695926749e-08,1.29664706791611e-08,1.55952032302463e-08
1.34088535462149e-07,4.62485897212085e-07,3.11192741074269e-07,1.9914157119501e-07,7.61027922752767e-07,3.72275125217164e-07,3.80847343021469e-07,2.5375450992871e-07,1.35147574642387e-07,5.99092184601742e-07,1.89594378061258e-07,5.00337781899609e-07,1.98849248672095e-07,1.05471814804692e-07,7.18201993175444e-08,1.47185698652133e-07,1.07598819772209e-07,1.38184171755079e-07,8.72783263279824e-08,5.76586700267471e-08,7.68384072166937e-08,8.80509274200751e-08,7.2733032476285e-08,1.00937740557278e-07,5.07927056438792e-08,6.80157370649113e-08,3.44895150851948e-08,6.50346785291095e-08,6.02830476420352e-08,6.08221684413869e-08,6.07905865335511e-08,3.09655158968431e-08,3.80229066960846e-08,5.50829141157136e-08,4.68442464703187e-08,7.3027018180665e-08,2.57774107756587e-08,2.97649345157769e-08,2.6495877982254e-08,3.4468427254159e-08,3.23275929864402e-08,3.61139469939851e-08,2.63683134850038e-08,2.15054489538547e-08,2.10246049232249e-08,2.84465219234325e-08,2.52948560059325e-08,3.10942296128988e-08,1.12581398452932e-07,2.36572452368742e-07,2.4006925272139e-07,1.44849357408898e-07,4.10081925715944e-07,2.85034085489612e-07,2.07981337852544e-07,2.05822993863899e-07,1.08292108486211e-07,3.44860863327979e-07,1.53041600538874e-07,2.6591096622463e-07,1.70200276462167e-07,8.30867021758603e-08,5.10880107130696e-08,1.20056523971149e-07,8.29965560664528e-08,1.21980321512772e-07,6.57656658787646e-08,4.46261828972481e-08,5.93342341437723e-08,6.54110453730877e-08,5.86838724268672e-08,7.01141842751092e-08,4.17523675118656e-08,5.23977255717969e-08,2.72246777956506e-08,5.37748035267596e-08,5.11797045402123e-08,5.18697954743821e-08,4.63980373215158e-08,2.40751532787507e-08,2.49001377950091e-08,4.49193019732343e-08,3.4378365907821e-08,5.20509126867846e-08,1.93338646170822e-08,1.98622615364875e-08,1.55554066408988e-08,2.285178193474e-08,2.05774435600236e-08,2.34841841989591e-08,1.59796480478786e-08,1.17516455638781e-08,1.53325903972268e-08,1.49659055196009e-08,1.78263848046255e-08,2.27870792227196e-08
2.00163016708101e-07,2.06413258566052e-07,2.55482474910904e-07,3.01468958434867e-07,3.72275125217164e-07,4.83567797099136e-07,1.69976791884609e-07,2.05162615725627e-07,1.16041956625038e-07,2.9518335883541e-07,1.56316558077275e-07,2.40808273059891e-07,1.66327993676638e-07,9.46063995189575e-08,5.92380551234596e-08,1.253372332109e-07,8.64564233488188e-08,1.08644835245711e-07,8.17241200858947e-08,5.08010015442399e-08,6.23091177556323e-08,7.43529750175909e-08,6.05835717012542e-08,8.20593364924149e-08,4.46351255079159e-08,5.56797034835736e-08,3.03710237636187e-08,5.39400627957454e-08,5.39586718988544e-08,5.12627459986961e-08,4.9891088148811e-08,2.68778630989646e-08,2.86873808449272e-08,4.89367219483451e-08,3.55379604026245e-08,5.72360356399055e-08,2.35610853198535e-08,2.36425502706165e-08,2.37227744484597e-08,3.00219966920331e-08,2.51683965158347e-08,2.99689251005481e-08,2.07268559830288e-08,1.89697544643473e-08,1.87369195698729e-08,2.2258980961862e-08,2.26529014322585e-08,2.3707372129076e-08,1.51396800131894e-07,1.400857032018e-07,1.98645385795754e-07,2.17319265274314e-07,2.68283638826433e-07,3.64233852877643e-07,1.22014728493528e-07,1.67951684593267e-07,9.71192906617423e-08,2.29823277290574e-07,1.2794037087268e-07,1.78672606959602e-07,1.40354808761005e-07,7.82260021149775e-08,4.03345775922602e-08,1.04253087470958e-07,6.46333790193572e-08,9.4555696363871e-08,6.7748929526202e-08,3.86518765867271e-08,5.45143430822978e-08,5.66459564586972e-08,4.47728994767338e-08,5.35185311953513e-08,3.48673905372285e-08,4.84886759758729e-08,2.259284854104e-08,4.10128415679253e-08,4.47093261273184e-08,3.77036379141094e-08,4.32406471264753e-08,1.9137995002109e-08,1.76063490921044e-08,3.9273052532549e-08,2.45113926425283e-08,4.25881170866197e-08,1.74627530570286e-08,1.61010211013333e-08,1.38779616666229e-08,2.03069193819324e-08,1.57217282264369e-08,1.93042238421497e-08,1.17226456196214e-08,1.07891308752542e-08,1.24831891966023e-08,1.14008025506949e-08,1.5682144469016e-08,1.66226519268726e-08
1.17127845611509e-07,4.67226513269183e-07,1.19393964431806e-07,2.35208721964341e-07,3.80847343021469e-07,1.69976791884609e-07,6.70866542608005e-07,1.6475414455029e-07,1.00226156542705e-07,5.62387490826636e-07,1.52705081864536e-07,5.46439766019011e-07,1.34121220258052e-07,8.63830619396721e-08,9.25177918678581e-08,1.23709168917277e-07,1.02368585857258e-07,1.19769692305781e-07,7.21968138200843e-08,7.56046725018654e-08,6.44870728495342e-08,8.37821037141396e-08,9.13947219560284e-08,8.57134855050941e-08,6.32768107697052e-08,5.81127255407746e-08,3.69970807509225e-08,7.86902627148366e-08,5.03551140342579e-08,6.56522095793175e-08,5.29800003517129e-08,3.33110205085458e-08,3.13737360553759e-08,4.63998001685387e-08,4.36500035185018e-08,5.73730911816835e-08,2.65983406420665e-08,2.41932451029415e-08,2.25889871032203e-08,3.3984698644171e-08,2.53546930491274e-08,3.56560210147345e-08,2.13739215579689e-08,1.79326459908915e-08,1.74290636017806e-08,2.19612877533865e-08,2.20733900894389e-08,2.56082151514712e-08,9.70290258022178e-08,2.91278473844155e-07,1.04477982292569e-07,1.90785485872907e-07,2.19399267032975e-07,1.38927931702587e-07,4.31487694718441e-07,1.34725697390752e-07,7.48409738436619e-08,3.34724589813551e-07,1.12884088432959e-07,3.10482547526075e-07,1.14372305792837e-07,6.59443138148175e-08,7.38872007936398e-08,9.6434437512877e-08,7.9536616675443e-08,1.05763956143993e-07,5.20230814293545e-08,6.5970229450958e-08,5.39159063525544e-08,6.51452744142755e-08,8.1169243773356e-08,6.38272295023111e-08,5.6447887998114e-08,4.9230822747063e-08,2.70043584156239e-08,6.93981728609529e-08,4.07939142911512e-08,6.06217936877636e-08,4.35865544621895e-08,2.30772863128535e-08,2.16201154758607e-08,3.56106307707805e-08,3.09699529039228e-08,4.31457210086621e-08,1.83414739760639e-08,1.74906485959147e-08,1.49979454409212e-08,2.32538366674061e-08,1.70739207060883e-08,2.57483797324359e-08,1.61020871429877e-08,1.2004779793015e-08,1.36394192427616e-08,1.58704583683991e-08,1.73706521853219e-08,2.11482659441892e-08
6.4415739341312e-08,1.1931288441924e-07,3.02006867219546e-07,1.06208869634314e-07,2.5375450992871e-07,2.05162615725627e-07,1.6475414455029e-07,3.49704314308712e-07,1.40253650152065e-07,3.05667501344439e-07,2.58397357657548e-07,2.37314137179925e-07,2.85580805310286e-07,1.13598979126577e-07,7.80082090587058e-08,2.06940187605644e-07,1.03397819906162e-07,1.71623644632355e-07,9.49070406755955e-08,6.32584447160689e-08,7.0083130563279e-08,8.71534499446129e-08,7.18248328350502e-08,8.98260188443586e-08,5.60919756028929e-08,6.05383884067323e-08,3.65026853912047e-08,6.38837084279264e-08,6.27117597335714e-08,6.5129381491932e-08,5.44523779393778e-08,3.20653841860259e-08,3.41274971146058e-08,5.70287472778772e-08,4.19859662306893e-08,6.5979493820463e-08,2.84525187867513e-08,2.77844040663386e-08,2.37850219974645e-08,3.60453998845596e-08,2.7410587911527e-08,3.15077144320298e-08,2.30034842754312e-08,1.83703380698675e-08,1.69735300986018e-08,2.29562352850179e-08,2.28638456123804e-08,2.69369451520188e-08,4.52589142408731e-08,8.68664780343284e-08,2.38150550324323e-07,8.03386597139764e-08,1.88072762442053e-07,1.65432399788349e-07,1.19969772315682e-07,2.71835402687331e-07,1.18749637596073e-07,2.2306444233806e-07,1.85051006910511e-07,1.66911728701241e-07,2.2606333589417e-07,9.5813619239926e-08,6.2474741257653e-08,1.50770637186784e-07,8.53152406397975e-08,1.36912444890468e-07,7.96036187600124e-08,5.58733402135417e-08,5.52180409977695e-08,7.32789225692873e-08,5.78652804076202e-08,6.39889260201467e-08,5.04319680980084e-08,4.52995378112118e-08,2.42389687509039e-08,5.17954372389822e-08,5.04711761344663e-08,5.70263767087668e-08,4.1091012137256e-08,1.95524202773312e-08,2.02145748174151e-08,4.51814135344223e-08,2.61062630104267e-08,4.59998195773476e-08,1.84040527683972e-08,1.6697271410202e-08,1.58334419066505e-08,2.14817463661542e-08,1.75597631481646e-08,1.94925416514918e-08,1.48057035226518e-08,1.14847332413648e-08,1.12191995746511e-08,1.42121178810314e-08,1.67373459976005e-08,2.06315473821581e-08
5.79395439103802e-08,7.31506047654647e-08,1.28612380017842e-07,6.76949030921931e-08,1.35147574642387e-07,1.16041956625038e-07,1.00226156542705e-07,1.40253650152065e-07,3.83213717130632e-07,1.65248087689042e-07,2.7753565894262e-07,2.90570462634073e-07,1.13639230847717e-07,3.03054184561835e-07,1.27309304099297e-07,2.17329485643406e-07,2.39691980695599e-07,1.6833410344759e-07,2.40659147066099e-07,1.02799302818104e-07,5.38651748703434e-08,1.92360851274918e-07,9.3208336359451e-08,1.75383234273529e-07,8.42592124525721e-08,4.1826474269408e-08,4.27945784216487e-08,7.29743494816369e-08,4.00491851453181e-08,6.80533492959862e-08,3.5497331867938e-08,3.55177973814124e-08,3.0226572013639e-08,3.39523944139006e-08,4.73018018013712e-08,4.26308178304515e-08,3.03223281790196e-08,2.40048570010474e-08,2.69444193225364e-08,3.89126790308889e-08,3.23540778970714e-08,4.40705521205144e-08,2.04303189699633e-08,2.16618081307897e-08,2.01280520207582e-08,2.81553359800676e-08,2.31640907871104e-08,3.14749751349875e-08,3.9771304022361e-08,4.29657109997662e-08,1.0834872477905e-07,4.94614031232507e-08,1.01176685036151e-07,9.13654773670762e-08,6.90943215333928e-08,1.15999134906696e-07,2.7713814427133e-07,1.26343569092888e-07,2.11341671222256e-07,2.1496591862621e-07,9.71072696786568e-08,2.24668502469929e-07,1.05364520095911e-07,1.70095145178381e-07,1.79735447299612e-07,1.39762856052463e-07,1.77210274807654e-07,8.60977018112904e-08,3.61188234169403e-08,1.43878172130813e-07,8.02730879045016e-08,1.27658544911803e-07,7.07293512774105e-08,2.62353888252666e-08,2.87204467102538e-08,6.15257475800072e-08,2.8613813711846e-08,6.01898088292908e-08,2.12002560119949e-08,2.09887204502235e-08,1.92226001702029e-08,2.4416260024836e-08,3.07201706726397e-08,2.49880075387976e-08,1.9760447066604e-08,1.7614274952856e-08,1.86673072739634e-08,2.61567312888734e-08,2.3519548909186e-08,3.40504023155013e-08,1.53682565695708e-08,1.4627863488716e-08,1.44973463324062e-08,1.99225273139783e-08,1.66176801038882e-08,2.17409945663586e-08
1.11112074339643e-07,3.80781189755044e-07,2.53824202321493e-07,1.69271646830343e-07,5.99092184601742e-07,2.9518335883541e-07,5.62387490826636e-07,3.05667501344439e-07,1.65248087689042e-07,8.01784508492397e-07,2.316677306648e-07,6.94420274363485e-07,2.42733464065979e-07,1.3217442828788e-07,8.41570406317691e-08,1.81356339086993e-07,1.35840884767265e-07,1.63223949723285e-07,1.11831768555668e-07,6.69851408785745e-08,8.68161659379347e-08,1.13903394043717e-07,8.38975923494319e-08,1.22231125765277e-07,5.92827330150126e-08,7.73247644373913e-08,4.25914391656747e-08,7.52564895776973e-08,6.88697480724687e-08,6.84343344995873e-08,6.91967914528728e-08,3.72952852407203e-08,4.16016443922101e-08,6.25166335315791e-08,5.11279909729644e-08,7.72543426833053e-08,3.01724262361283e-08,3.3497934692752e-08,2.9604565973099e-08,3.83627319902535e-08,3.59753367786346e-08,4.03412263403198e-08,2.92938335849188e-08,2.32045051654234e-08,2.50851203222047e-08,3.0912206146303e-08,3.07524321785948e-08,3.71198210389798e-08,9.67075265095181e-08,2.07879156876718e-07,2.05844886708994e-07,1.28694482870243e-07,3.44696910253681e-07,2.38461718301537e-07,3.33596246281655e-07,2.40624402789256e-07,1.35701790370477e-07,4.72597037921951e-07,1.86081339282229e-07,4.01367578228762e-07,1.99858041358302e-07,1.08310104754398e-07,6.75702208152696e-08,1.47872660566341e-07,1.13962401224511e-07,1.47654043219718e-07,8.82758051152131e-08,5.89883802321932e-08,6.34072776344133e-08,9.35362342906007e-08,7.13780907133186e-08,9.0347900709789e-08,5.40532834054425e-08,5.62204988161555e-08,2.78959207457799e-08,6.39946310111432e-08,5.36367585478093e-08,6.08204157646561e-08,4.96368411832355e-08,2.27568914117193e-08,2.7207158142271e-08,4.66175948247218e-08,3.35602298426026e-08,5.1082763071431e-08,1.91851976169686e-08,2.2285145460179e-08,1.85521813755215e-08,2.32342416106934e-08,2.32879564201374e-08,2.58926515312321e-08,1.92184563793237e-08,1.32036571667392e-08,1.93141750773421e-08,1.78534526517738e-08,2.40119572896432e-08,3.0071960567502e-08
6.34045009364881e-08,1.12747289041342e-07,2.23016184116778e-07,9.64386037190477e-08,1.89594378061258e-07,1.56316558077275e-07,1.52705081864536e-07,2.58397357657548e-07,2.7753565894262e-07,2.316677306648e-07,4.37780659145776e-07,3.84842523744381e-07,2.06973204885906e-07,2.17296037217988e-07,1.17095079780637e-07,3.42119195285751e-07,1.66598549435556e-07,2.5877376736851e-07,1.78336944082661e-07,9.80832492049881e-08,6.3979193599303e-08,1.37362377639945e-07,9.46006081350652e-08,1.29848076375266e-07,8.0006929555368e-08,5.02490661017575e-08,5.22919821662701e-08,7.52978712523516e-08,5.22871438601254e-08,7.57266811299925e-08,4.32264521117784e-08,4.42922867360948e-08,3.79273220219855e-08,4.52020906630956e-08,5.65148470495586e-08,5.23250974865127e-08,3.90107630246889e-08,2.97326887937213e-08,3.02273567425095e-08,4.80126214099638e-08,3.61671194371754e-08,4.80854012812947e-08,2.49743911534011e-08,2.39390403295802e-08,1.87220862207192e-08,3.13011479205442e-08,2.51180508429702e-08,3.35802361155013e-08,4.21825625760968e-08,9.17530951260187e-08,1.78248283548374e-07,7.97439199869317e-08,1.51708970913129e-07,1.27755273680384e-07,1.24650402177116e-07,2.03313543726902e-07,2.03795197695885e-07,1.82770581047755e-07,3.11613867280947e-07,2.80424649764806e-07,1.68778231738173e-07,1.67983870249151e-07,1.03570249004376e-07,2.5191355333808e-07,1.30464518940983e-07,2.1128812563361e-07,1.37990865410794e-07,8.89886932188473e-08,4.93022727998952e-08,1.07747003223552e-07,8.81151585929809e-08,9.94597873991645e-08,7.29872899029063e-08,3.66157323403025e-08,3.34739050743885e-08,6.84424496500394e-08,3.85814125649653e-08,7.11944279250244e-08,3.20562986999034e-08,2.54303556188926e-08,2.34955817506021e-08,3.3097806367841e-08,3.46860655048877e-08,3.37086922863749e-08,2.38189574388398e-08,1.93193926379171e-08,2.3030686001138e-08,2.88756820094281e-08,2.5880099500103e-08,3.34488164625166e-08,1.61766960927351e-08,1.79615539413382e-08,1.20668593883677e-08,2.23217399532719e-08,1.9026496645862e-08,2.47009859910218e-08
1.09713548713653e-07,3.62176977769013e-07,1.95298722690072e-07,1.63041045513656e-07,5.00337781899609e-07,2.40808273059891e-07,5.46439766019011e-07,2.37314137179925e-07,2.90570462634073e-07,6.94420274363485e-07,3.84842523744381e-07,9.33621818650667e-07,1.83891546732264e-07,2.22828439117061e-07,1.26896315140831e-07,2.94624444820075e-07,1.97480363875023e-07,2.41356270812886e-07,1.85295099151067e-07,1.06162053997418e-07,8.27608197222629e-08,1.64240108783116e-07,1.14070274274411e-07,1.63297796668042e-07,8.58239968960932e-08,6.66399925125234e-08,5.92649512998443e-08,9.26836481624408e-08,5.91676314376745e-08,8.30476409785939e-08,5.7090573223607e-08,4.96872833968214e-08,4.52564054400678e-08,5.06288280792596e-08,6.46888281376664e-08,6.38448210352281e-08,4.32774392838301e-08,3.78652471098158e-08,3.85541294715123e-08,5.3069324727517e-08,4.70935109244894e-08,5.88376501435031e-08,3.31467673286846e-08,3.16582006537599e-08,2.95865684894969e-08,4.16682561676862e-08,3.74767045241142e-08,4.88574911882668e-08,9.09802694614798e-08,2.07921374288433e-07,1.66390554183971e-07,1.28218667693986e-07,3.04652547563436e-07,1.97015140343107e-07,3.4216763431178e-07,1.95583364789755e-07,2.18778119633075e-07,4.33832927862376e-07,3.00886270550308e-07,5.80286301300911e-07,1.61111279868269e-07,1.74678542370451e-07,1.10337755911344e-07,2.36580625060206e-07,1.59544273244477e-07,2.12774303074456e-07,1.44213728458449e-07,9.61160491479578e-08,5.86528635280811e-08,1.30369949766759e-07,1.07744401110845e-07,1.29588311637832e-07,7.85387816409e-08,4.51392609132466e-08,3.86172642851611e-08,8.6177237475098e-08,3.56903601374793e-08,7.71085808507157e-08,3.83387423544665e-08,2.80268918385479e-08,3.00736875860071e-08,2.88779563652015e-08,4.13266438777369e-08,3.69122746913527e-08,2.52342159274157e-08,2.54830581495441e-08,2.89909738851164e-08,3.22610183640898e-08,3.40927515083805e-08,4.35483948080516e-08,2.20230295229285e-08,2.28171988273816e-08,2.11719033255875e-08,2.9257721321618e-08,2.77935545274808e-08,3.54408405123078e-08
5.15922031627066e-08,9.8274074813799e-08,2.43441406357091e-07,8.97854420204852e-08,1.98849248672095e-07,1.66327993676638e-07,1.34121220258052e-07,2.85580805310286e-07,1.13639230847717e-07,2.42733464065979e-07,2.06973204885906e-07,1.83891546732264e-07,3.27480861744293e-07,1.3253552612131e-07,8.81413170908414e-08,2.41614425358205e-07,1.20143772559857e-07,2.07510267853671e-07,1.09169156810996e-07,7.09145361132278e-08,7.24692826198759e-08,1.01332140785958e-07,7.6470663758508e-08,1.02149199153112e-07,6.18154049855566e-08,6.18878439949746e-08,3.9438047399962e-08,6.73539408227206e-08,6.54963757991003e-08,6.74676391703019e-08,5.57392168923327e-08,3.49917659873865e-08,3.82182493533175e-08,5.96837390910521e-08,4.56036746309006e-08,6.96874654510632e-08,3.12217143897757e-08,3.10507206156479e-08,2.62100935513599e-08,3.92417541740759e-08,3.07830949658376e-08,3.53307334512494e-08,2.6081989509938e-08,1.99690014451622e-08,1.96533799140416e-08,2.54853568857199e-08,2.50311818638208e-08,3.18461311130106e-08,3.945217928146e-08,7.18269947314896e-08,1.96514475938222e-07,6.73759236727672e-08,1.56008388352823e-07,1.41712764722075e-07,1.02347848351305e-07,2.26056654217596e-07,9.57961056737069e-08,1.86631598405072e-07,1.50741400162521e-07,1.32243756271402e-07,2.59968840726501e-07,1.10603718310689e-07,6.91260159720406e-08,1.83635842129907e-07,1.01069969815048e-07,1.697171301067e-07,9.23510580405476e-08,5.89901951741212e-08,5.22735788389583e-08,8.66421698746514e-08,5.87620824066556e-08,7.2584051717609e-08,5.26539258141936e-08,4.41554465588625e-08,2.67630293990111e-08,5.21770584177714e-08,5.08316127583172e-08,5.67686484212762e-08,4.01719450584839e-08,2.19757583115654e-08,2.46104350976918e-08,4.55848212005596e-08,3.12110746741994e-08,5.02900226431991e-08,2.04058797133547e-08,2.14038123793359e-08,1.77783938540569e-08,2.6716971525105e-08,1.96907452691934e-08,2.24370568466732e-08,1.93087699794005e-08,1.27612973063735e-08,1.45203303185719e-08,1.53142675632024e-08,1.89359718207327e-08,2.51488515909729e-08
4.94291350095451e-08,6.12222930042986e-08,1.03580923145985e-07,5.56072847836901e-08,1.05471814804692e-07,9.46063995189575e-08,8.63830619396721e-08,1.13598979126577e-07,3.03054184561835e-07,1.3217442828788e-07,2.17296037217988e-07,2.22828439117061e-07,1.3253552612131e-07,3.35312117425784e-07,1.4037576909378e-07,2.45298370335239e-07,2.64802487318081e-07,1.91382156142021e-07,2.6569830438991e-07,1.11989410248409e-07,5.87724246743489e-08,2.13547395442348e-07,1.03679872736391e-07,1.949407936335e-07,9.14531537594904e-08,4.58966386255955e-08,4.88731736024591e-08,8.1712050630856e-08,4.53874761987784e-08,7.37377766762768e-08,3.87079726398434e-08,4.11424925397444e-08,3.47534200308662e-08,3.83509938745997e-08,5.30854594960126e-08,4.7714953138948e-08,3.53710864590082e-08,2.80143913934383e-08,2.8893585538525e-08,4.41327774967015e-08,3.58655777315471e-08,4.86008942376093e-08,2.44056686649705e-08,2.3932697383181e-08,2.19983185876831e-08,3.17217714007615e-08,2.51537639404829e-08,3.56017454675308e-08,3.42120157854612e-08,3.71591042529177e-08,8.93864108139487e-08,4.08065354741366e-08,8.5430361360407e-08,7.75176775527617e-08,6.31328706261955e-08,9.70843667549734e-08,2.24647304265662e-07,1.08112516170688e-07,1.70044113082444e-07,1.66531666807666e-07,1.10258516491191e-07,2.46765164011762e-07,1.15427136412545e-07,1.91446105768351e-07,1.98377877885812e-07,1.56802590697105e-07,1.96111078393019e-07,9.0936564132666e-08,3.60920918127969e-08,1.59540901957235e-07,8.51963878057702e-08,1.36341804114209e-07,7.56209505046084e-08,2.85431836970753e-08,3.51394998626894e-08,6.71822620503092e-08,3.25264500876808e-08,6.37289185375245e-08,2.33873236631958e-08,2.7198893187348e-08,2.43335616271398e-08,2.8015418383855e-08,3.81321187678235e-08,3.09379680227334e-08,2.50810969439421e-08,2.2308318126659e-08,1.84556672525702e-08,3.33059223586828e-08,2.51294272742642e-08,3.86079464790346e-08,1.99691218534698e-08,1.49279040306237e-08,1.61877294635366e-08,2.18735200805754e-08,1.79261673338361e-08,2.43297502840461e-08
4.05642817543491e-08,8.0044930297458e-08,6.75659186580823e-08,8.04225098711401e-08,7.18201993175444e-08,5.92380551234596e-08,9.25177918678581e-08,7.80082090587058e-08,1.27309304099297e-07,8.41570406317691e-08,1.17095079780637e-07,1.26896315140831e-07,8.81413170908414e-08,1.4037576909378e-07,3.91112461375079e-07,1.26893971494768e-07,2.68203072904215e-07,2.33318412794387e-07,1.1202463965443e-07,3.04233327003065e-07,1.30369985848987e-07,2.07148893713601e-07,2.42751677283927e-07,1.66768178818073e-07,2.48902186980031e-07,1.06249647845482e-07,5.72528041102528e-08,1.9731871821163e-07,9.66807600590003e-08,1.75139794611849e-07,8.83417492553995e-08,5.00551016070624e-08,5.74207079166304e-08,8.05282640232566e-08,5.34357887670515e-08,8.03592947450926e-08,4.16533484293258e-08,4.51199117232208e-08,3.76216658755162e-08,4.43885103995427e-08,5.01896440657631e-08,5.0951526033544e-08,3.99101490532576e-08,3.02531821163106e-08,2.6998586809825e-08,4.26440137631325e-08,3.30869557636588e-08,4.94983054081788e-08,2.46434602278181e-08,6.16717815798058e-08,5.61010775901988e-08,6.59621820925635e-08,5.57709454038885e-08,4.79295859168691e-08,7.16352033149151e-08,6.47161961744383e-08,9.99238755312716e-08,6.66323089014335e-08,9.08390785965704e-08,9.36726425397016e-08,7.15026195582353e-08,1.05484434416942e-07,2.87020001947191e-07,9.79843749741921e-08,1.79214290497566e-07,1.53313669762737e-07,8.50391352686381e-08,2.22391017381291e-07,8.46131014814304e-08,1.32596020809035e-07,1.94635250342931e-07,1.1591340190613e-07,1.85181971905779e-07,6.6971552373088e-08,3.87078454435759e-08,1.60137809627372e-07,6.05878280330087e-08,1.43221748720884e-07,5.66183987292039e-08,3.39137770715647e-08,3.94138905459313e-08,5.12500182822159e-08,4.07160828222156e-08,5.23730241397656e-08,2.80436761982344e-08,3.1005937752836e-08,3.10430164950309e-08,3.45346464851912e-08,3.85062299246944e-08,4.47962330898237e-08,2.83639556953111e-08,2.64985067873228e-08,1.82785209996617e-08,3.56625563229694e-08,2.27520996578859e-08,3.36350311968598e-08
5.01780750106899e-08,9.22421359955479e-08,1.76661621781338e-07,7.89484600161773e-08,1.47185698652133e-07,1.253372332109e-07,1.23709168917277e-07,2.06940187605644e-07,2.17329485643406e-07,1.81356339086993e-07,3.42119195285751e-07,2.94624444820075e-07,2.41614425358205e-07,2.45298370335239e-07,1.26893971494768e-07,3.92534389701557e-07,1.88012174532806e-07,2.99574874458665e-07,2.01760618769738e-07,1.0562520019471e-07,6.67775726751102e-08,1.54968775157398e-07,1.00967330496613e-07,1.45389061626022e-07,8.58781714363669e-08,5.24435872047011e-08,5.7406429969954e-08,8.05171149988207e-08,5.66574364149197e-08,7.97834563489756e-08,4.48831858244089e-08,4.90473798422416e-08,4.25684679987428e-08,4.90610528369537e-08,6.22208026936076e-08,5.71785888657458e-08,4.34221595389378e-08,3.35364983955657e-08,3.25732133495335e-08,5.30730225030178e-08,3.9431168488081e-08,5.30266277641599e-08,2.88471508798474e-08,2.59990413929008e-08,2.05489925712068e-08,3.43086828730159e-08,2.78679219503607e-08,3.87878854749267e-08,3.49759121248605e-08,7.64741438790326e-08,1.453169463954e-07,6.53439006201381e-08,1.26061867199375e-07,1.08951744093776e-07,1.07757789619863e-07,1.68753892808486e-07,1.67951928552539e-07,1.53550042156536e-07,2.51847397820653e-07,2.21342567355747e-07,2.0025306422932e-07,1.90507442022029e-07,1.06402670994698e-07,2.94705104981489e-07,1.46493761587332e-07,2.45276543251243e-07,1.57080037938681e-07,8.96768470968035e-08,4.59370887396552e-08,1.21020436994247e-07,8.76717432414652e-08,1.05264550287655e-07,7.42718879880772e-08,3.65632642420784e-08,3.95308386980738e-08,6.92914831018768e-08,4.07306889297432e-08,7.07179065026504e-08,3.22453697327006e-08,3.11203664826837e-08,2.80199708525615e-08,3.55545771774403e-08,4.31644789205596e-08,4.05158332687032e-08,2.86904436062503e-08,2.42749321280236e-08,2.37425913550988e-08,3.72724643025343e-08,2.73048433676621e-08,3.85110367760265e-08,2.13030394429629e-08,1.84617852767252e-08,1.4328847641387e-08,2.35703951797219e-08,2.09343336267127e-08,2.86631689979832e-08
5.06446686202216e-08,7.47911119930175e-08,9.48992375221964e-08,5.96842177303605e-08,1.07598819772209e-07,8.64564233488188e-08,1.02368585857258e-07,1.03397819906162e-07,2.39691980695599e-07,1.35840884767265e-07,1.66598549435556e-07,1.97480363875023e-07,1.20143772559857e-07,2.64802487318081e-07,2.68203072904215e-07,1.88012174532806e-07,4.36835912256851e-07,3.2165535642573e-07,2.13568066081666e-07,2.07120924015069e-07,1.00038723102805e-07,3.44340060128719e-07,1.64030096261219e-07,2.72895259134607e-07,1.68134284842002e-07,7.7817392402604e-08,5.46332715655327e-08,1.29634607315893e-07,7.25005539315207e-08,1.12658951445495e-07,6.52507419711902e-08,4.82838854507649e-08,5.56572901284664e-08,6.09483726482485e-08,5.51454434108187e-08,6.73843607940017e-08,4.10791378673481e-08,4.35438549883058e-08,3.43103803499806e-08,4.55706282001692e-08,4.74718193571437e-08,5.36312571389367e-08,3.77240935946423e-08,2.80668611381668e-08,2.4022669255977e-08,4.101038946686e-08,3.00700113070304e-08,4.76460613197713e-08,2.98557691204227e-08,4.30615552261914e-08,7.84939658927916e-08,4.51456338573208e-08,8.27520884543182e-08,7.23985222677859e-08,6.78791362599284e-08,8.52998572998454e-08,1.74091916192925e-07,1.02950498642052e-07,1.33588815407051e-07,1.46689646404797e-07,9.41760113740091e-08,1.92955951392249e-07,1.92214659600303e-07,1.47442585744125e-07,2.92802121611338e-07,2.27730053367024e-07,1.55639327560187e-07,1.50926516790572e-07,6.98013260845208e-08,2.2842136192933e-07,1.37539182815099e-07,1.97866634089454e-07,1.24384821845901e-07,5.3641759247691e-08,3.83486030015351e-08,1.0901072607836e-07,4.91962673062504e-08,9.34536758511538e-08,4.58088608851211e-08,3.50023839316514e-08,3.37693230066978e-08,4.29324623095681e-08,4.06553410046178e-08,4.3456279559171e-08,3.01698028029527e-08,2.67509794714333e-08,2.27788305841642e-08,3.47466599146739e-08,2.83324555257257e-08,4.47965843089577e-08,2.40772884481749e-08,1.92094357262452e-08,1.48797514935143e-08,2.58797101744995e-08,1.78057959686225e-08,2.49665863407347e-08
5.11533345109046e-08,9.56148465809515e-08,1.48803179818924e-07,7.89614367522826e-08,1.38184171755079e-07,1.08644835245711e-07,1.19769692305781e-07,1.71623644632355e-07,1.6833410344759e-07,1.63223949723285e-07,2.5877376736851e-07,2.41356270812886e-07,2.07510267853671e-07,1.91382156142021e-07,2.33318412794387e-07,2.99574874458665e-07,3.2165535642573e-07,4.59290971065717e-07,1.56894375666223e-07,1.79279442020218e-07,9.29873153646666e-08,2.53890160070209e-07,1.41330003883802e-07,2.02713687002693e-07,1.4345872310379e-07,7.11683406904285e-08,5.14874166387156e-08,1.09982468814917e-07,7.01925561748083e-08,9.9237169604384e-08,5.82006706531101e-08,4.44083569803926e-08,5.90473876048251e-08,5.81966039827052e-08,5.40762179960852e-08,6.63173497031776e-08,3.90170132635086e-08,4.7090986924335e-08,3.58283673438119e-08,4.49705257224503e-08,4.86775631168585e-08,5.06922952394693e-08,3.99391650438361e-08,2.87961655097338e-08,2.17477757516196e-08,4.16415979397144e-08,3.0634179966703e-08,4.91368001780121e-08,3.31406077521167e-08,7.34884740134796e-08,1.17935097448664e-07,6.76003466483787e-08,1.14515127456383e-07,9.64235503895761e-08,9.46109317552754e-08,1.37588298750611e-07,1.25303042438953e-07,1.3433770325105e-07,1.9539085666576e-07,1.86750790367532e-07,1.6983325762481e-07,1.40155091094532e-07,1.6818993401138e-07,2.27357425697128e-07,2.27131269733114e-07,3.35754419422153e-07,1.16759826687355e-07,1.26109901124259e-07,6.53700692074221e-08,1.75267635283287e-07,1.16804961636445e-07,1.47984836906859e-07,1.01630121498035e-07,4.86721578749836e-08,3.78277389851532e-08,9.01813673359625e-08,4.97209510971953e-08,8.40502060829169e-08,4.18035229250958e-08,3.41431927882799e-08,3.36803624801871e-08,4.29633103855231e-08,3.96496982567206e-08,4.47606490015523e-08,2.98529948516297e-08,2.72951744834925e-08,2.42834033857876e-08,3.42828623911704e-08,2.67947598686997e-08,3.92891442358772e-08,2.39115670285957e-08,1.97585454468885e-08,1.27568270711888e-08,2.47907762425322e-08,1.7049283528166e-08,2.70037258652432e-08
3.74725139754012e-08,4.93627059608829e-08,8.63692449171879e-08,4.66358569356128e-08,8.72783263279824e-08,8.17241200858947e-08,7.21968138200843e-08,9.49070406755955e-08,2.40659147066099e-07,1.11831768555668e-07,1.78336944082661e-07,1.85295099151067e-07,1.09169156810996e-07,2.6569830438991e-07,1.1202463965443e-07,2.01760618769738e-07,2.13568066081666e-07,1.56894375666223e-07,3.12819895773586e-07,1.26359089133106e-07,6.09333429415061e-08,2.52569580888902e-07,1.14607105806492e-07,2.2978772097984e-07,1.03228323990946e-07,4.82951242068269e-08,5.38862865068021e-08,9.12316101855955e-08,4.91021794028235e-08,8.16111795968904e-08,4.05598652685096e-08,4.5551384917904e-08,3.63231182333602e-08,4.09634723702091e-08,5.70695708223827e-08,5.10566027013201e-08,3.82913183967294e-08,2.94171311396982e-08,3.1322441055804e-08,4.73115196936767e-08,3.80456705357144e-08,5.12710474483904e-08,2.56824784878169e-08,2.6530726070112e-08,2.38182269457e-08,3.37585093297138e-08,2.82638337956816e-08,3.82869889322294e-08,2.47800662615735e-08,3.3353943135721e-08,7.72570067486705e-08,3.48036161781378e-08,7.22868190700884e-08,6.79148566681984e-08,5.57376663518549e-08,8.36299750700096e-08,1.7709643487434e-07,9.22796759867567e-08,1.40979459525759e-07,1.42817328137317e-07,9.26205538832661e-08,1.96076190636313e-07,9.09421610100886e-08,1.5901701297256e-07,1.59521239877292e-07,1.29202352983317e-07,2.29869597770451e-07,1.06910280916007e-07,3.7727704729204e-08,1.90089354779558e-07,9.8997014345682e-08,1.66090215066248e-07,9.02497176938435e-08,2.99259753602691e-08,3.95513572761798e-08,8.04129024513163e-08,3.42001993212365e-08,7.53372413402209e-08,2.39630182693083e-08,3.11286427099543e-08,2.60540175477114e-08,2.87215934038908e-08,4.21607358301517e-08,2.97483505109112e-08,2.6932837595104e-08,2.28843574992676e-08,2.05237955993309e-08,3.57185448276358e-08,2.72541610725291e-08,4.02063023193364e-08,2.05539254251133e-08,1.71667279635027e-08,1.73628313164229e-08,2.41264425785556e-08,1.91692199901853e-08,2.63710489943624e-08
