3.76566245869447e-08,9.79383600679269e-09,5.53805470879161e-09,3.24544457176396e-08,9.55545441204219e-09,3.24853584408957e-08,8.14916053232511e-09,4.6830800498938e-09,5.72383540138764e-09,7.916226569657e-09,5.24681512934898e-09,8.12390064236048e-09,3.92600304751826e-09,4.90078026599309e-09,2.40542000884448e-09,4.41394271159571e-09,4.87241963248017e-09,4.4258912145138e-09,4.21589002470846e-09,2.15066875778327e-09,1.83481307458426e-09,4.18103736867168e-09,2.51025897994339e-09,4.52354257641892e-09,1.89045381628029e-09,1.6147879774113e-09,1.70334868365992e-09,2.16897462819028e-09,1.97710468481477e-09,2.41820453436741e-09,1.38528231444352e-09,1.51300348962214e-09,1.39866004088214e-09,1.68677910839351e-09,1.83107379017385e-09,2.03801843876294e-09,1.39795649185353e-09,1.19663758635651e-09,1.13214722429685e-09,1.50705033256991e-09,1.3743331154768e-09,1.58112550856064e-09,1.52529595701577e-08,5.30593215901085e-09,2.94513150943214e-09,1.39202648585655e-08,5.19331740477432e-09,1.36741890546223e-08,4.59634970364684e-09,2.54025448230044e-09,2.68530596385346e-09,4.34760938269493e-09,2.84468545657404e-09,4.23594018444224e-09,2.16464823277705e-09,2.40011742737218e-09,1.27410804805151e-09,2.40946233769213e-09,2.38240583211675e-09,2.49692415342925e-09,2.19016356098776e-09,1.0922314343863e-09,9.70755089103959e-10,2.1364271606463e-09,1.3705606425426e-09,2.50268176234648e-09,8.55744183813162e-10,8.0451049360606e-10,8.66409672705772e-10,1.04259558688207e-09,1.05082460248017e-09,1.18420377642551e-09,7.39000739836546e-10,7.56069611607761e-10,7.75309316279443e-10,9.08958799504569e-10,8.20384836459846e-10,1.0719985981736e-09,6.73000402168083e-10,6.95016685128909e-10,6.68272268250614e-10,6.12619528800295e-10,8.50143830039562e-10,8.1115315930978e-10
9.79383600679269e-09,2.01874337166287e-08,9.05119852521889e-09,1.65513029803262e-08,1.67419220698926e-08,1.38487004733206e-08,1.72432445255956e-08,7.72498153860603e-09,4.59943830527983e-09,1.43592546713055e-08,7.6856621607794e-09,1.37572049334887e-08,6.57503309328816e-09,3.79353215426565e-09,3.04890140598194e-09,6.51190265215641e-09,3.70095174233273e-09,6.31140352151743e-09,3.06832668650140e-09,2.70185621851001e-09,1.62650365719498e-09,2.98985644901556e-09,2.99222916491037e-09,2.92434109287514e-09,2.43189665779486e-09,1.50654697194132e-09,1.59061065647197e-09,2.70478279868947e-09,1.84894885602834e-09,3.10788137429496e-09,1.27927610064848e-09,1.31962554872242e-09,1.21104843848049e-09,1.57826709076891e-09,1.59793468658331e-09,1.75986816352875e-09,1.16917318533737e-09,1.01925597566809e-09,9.46550827566827e-10,1.37027351220153e-09,1.11539072590975e-09,1.43956646033363e-09,4.54804773979387e-09,1.02756019122298e-08,5.33525256977504e-09,8.46442687276041e-09,9.66626586473905e-09,7.90344179616278e-09,8.96591550787364e-09,4.5777420762256e-09,2.08168994949061e-09,8.38899508971549e-09,4.29998462789069e-09,7.5407580475806e-09,4.00984399283296e-09,1.72304619943732e-09,1.3171600253418e-09,3.71665735502428e-09,1.79149698082126e-09,3.6410523347924e-09,1.35716068919963e-09,1.09513858724245e-09,6.86307138155552e-10,1.45303209408958e-09,1.29382812918794e-09,1.56929358349602e-09,9.84146641386521e-10,6.80383133529441e-10,7.1594657514885e-10,1.20041327494326e-09,7.11266240436125e-10,9.65366743300037e-10,5.43499959134082e-10,5.52880443665338e-10,5.34192824160375e-10,5.88438847719882e-10,8.77214168067199e-10,9.64435370928128e-10,4.90001662432083e-10,5.03670845198119e-10,5.77530269222232e-10,7.65527137898941e-10,6.67642881880731e-10,8.9053332203535e-10
5.53805470879161e-09,9.05119852521889e-09,2.29170359612372e-08,8.91745442622189e-09,1.78745867307803e-08,1.65373237217494e-08,7.72648482953576e-09,1.90582318996123e-08,9.30675846544108e-09,1.49658428876153e-08,1.60598800542438e-08,1.25335577159893e-08,1.54715026119483e-08,7.22016202449858e-09,3.49212572717795e-09,1.30129751498335e-08,6.56576619905437e-09,1.19592445462331e-08,5.86947916433609e-09,2.96710286749e-09,2.93836307853064e-09,5.30617911386384e-09,3.02756197911292e-09,5.08944984697737e-09,2.4561343410158e-09,2.6049405520656e-09,1.78793103972621e-09,2.52512759440663e-09,2.98229540304283e-09,2.75536831733631e-09,2.23685997911417e-09,1.51131828920747e-09,1.35840243180203e-09,2.54881488037586e-09,1.77676469928772e-09,2.88422386085475e-09,1.34260307544112e-09,1.18010177118793e-09,9.79582294471592e-10,1.53748874911184e-09,1.21919694585816e-09,1.56138389178016e-09,2.41881791529491e-09,4.51653987191763e-09,1.23129995454323e-08,4.9822212989344e-09,9.2968524061204e-09,9.75565022693886e-09,3.92916935010196e-09,1.02969603814123e-08,5.00892304874311e-09,7.80973856261487e-09,8.81473910734503e-09,6.70962673034322e-09,8.71304778124958e-09,4.0327200490395e-09,1.87157362135633e-09,7.25543046393914e-09,3.48243427656786e-09,6.71208366199147e-09,3.28901314812238e-09,1.51965042245484e-09,1.38299025981326e-09,2.78498134178635e-09,1.61072646059873e-09,3.06127889844884e-09,1.2537846657778e-09,1.26600582855597e-09,9.03363822749523e-10,1.39810598428036e-09,1.3338343551154e-09,1.38814154936622e-09,1.0738171786838e-09,7.06989089373421e-10,6.84768420577123e-10,1.13266100076448e-09,7.93519589588672e-10,1.34445754398927e-09,6.50989138445827e-10,6.24428167840238e-10,4.31759307091448e-10,7.0576648469297e-10,6.21107143695061e-10,8.48411268383406e-10
3.24544457176396e-08,1.65513029803262e-08,8.91745442622189e-09,4.37925760513874e-08,1.39663071090131e-08,4.00102433399091e-08,1.38347380318333e-08,7.51942477167567e-09,4.92568456001592e-09,1.16535605131721e-08,7.83388122643076e-09,1.15159189838568e-08,6.41974504771571e-09,4.17082432783245e-09,3.7448024454614e-09,6.64496228479165e-09,4.07064125949661e-09,6.55637112080047e-09,3.48916233240282e-09,3.38739105994003e-09,2.07070607902472e-09,3.48032648905178e-09,3.84103126577451e-09,3.59844991977389e-09,2.98593005696977e-09,1.83801369481586e-09,1.93522387693843e-09,3.40915631986061e-09,2.26036705126477e-09,3.81665409783283e-09,1.62803578868996e-09,1.69098255159434e-09,1.68875021281514e-09,1.9932254854212e-09,2.19181528376445e-09,2.48602498262689e-09,1.59329719661401e-09,1.50349295399777e-09,1.32510993409297e-09,1.88991833882973e-09,1.56329034943693e-09,1.86836204166891e-09,1.22550589739808e-08,8.70468661608291e-09,5.10030715998084e-09,1.85885981995413e-08,8.0794789652918e-09,1.75779852178588e-08,7.50682868954143e-09,4.32307691365538e-09,2.03786876211183e-09,6.69504661750841e-09,4.28692975857345e-09,6.12516700817573e-09,3.71823986799682e-09,1.8439749116403e-09,1.81927482142479e-09,3.72929481214978e-09,1.84202476565503e-09,3.57656024751992e-09,1.6543718420487e-09,1.62183430333853e-09,1.01142478424385e-09,1.6501408436351e-09,2.02574265381575e-09,1.90510123563737e-09,1.31060060780387e-09,9.15182595428481e-10,1.01969506621819e-09,1.70000542514252e-09,1.03764503013468e-09,1.59277568375635e-09,8.32106788062369e-10,8.0972138839827e-10,7.68986574404428e-10,8.59851626087046e-10,1.03143778799065e-09,1.23841749530653e-09,7.50806627335735e-10,7.14060518518458e-10,7.27077310939073e-10,7.99621858840035e-10,8.73158713934573e-10,9.67565494529187e-10
9.55545441204219e-09,1.67419220698926e-08,1.78745867307803e-08,1.39663071090131e-08,2.81378516232998e-08,2.33749431084275e-08,1.43604900207072e-08,1.49652236955937e-08,8.6058122275516e-09,2.37480491201188e-08,1.25198035683571e-08,2.01764566144495e-08,1.21958106904371e-08,6.76702784063019e-09,3.50623721224141e-09,1.01773147715439e-08,6.18379880172284e-09,9.2997320630841e-09,5.51752834314801e-09,2.93488617612523e-09,3.17486648553885e-09,4.98096586630054e-09,3.03746928493433e-09,4.77259250733116e-09,2.44819985929405e-09,2.8933482881983e-09,2.10885638899136e-09,2.5789374120346e-09,3.30391110890287e-09,2.90334312958708e-09,2.49591842509769e-09,1.80577575646553e-09,1.57977356973831e-09,2.86005403733508e-09,2.17713911859635e-09,3.25573004819265e-09,1.60278588965245e-09,1.40899193359869e-09,1.20865197523133e-09,1.88910197223043e-09,1.46503735119544e-09,1.93952812885751e-09,4.4783063525178e-09,8.91231023099532e-09,9.98712430953296e-09,7.7241483077542e-09,1.52806526010879e-08,1.31273766206396e-08,7.64093414845315e-09,8.38310466806938e-09,4.63671710283386e-09,1.3050505710518e-08,7.29198500448846e-09,1.12229307387335e-08,7.24214014909054e-09,3.68109386551551e-09,1.89048875256864e-09,6.09075214774986e-09,3.36898308947815e-09,5.48240528603968e-09,2.87790689596425e-09,1.49285700853083e-09,1.38742595029072e-09,2.56450265996419e-09,1.50763447856782e-09,2.71396614420689e-09,1.23924368562211e-09,1.30219294957076e-09,9.94169074528643e-10,1.30613323889919e-09,1.36143426407096e-09,1.31077332696907e-09,1.12369777294376e-09,8.29306528905152e-10,7.83672370666589e-10,1.14465818067497e-09,1.0593732159683e-09,1.54040040655798e-09,7.54672053797323e-10,7.18367340142619e-10,6.49587510512091e-10,8.84528034322401e-10,8.04449986342257e-10,1.14462550239319e-09
3.24853584408957e-08,1.38487004733206e-08,1.65373237217494e-08,4.00102433399091e-08,2.33749431084275e-08,5.4830166099451e-08,1.15500405841291e-08,1.38068229780803e-08,8.02216124960331e-09,1.93873076105956e-08,1.18862459474552e-08,1.66799154865288e-08,1.12700274811056e-08,6.48427896396353e-09,3.89358227136597e-09,9.75947612612016e-09,6.11899155759809e-09,9.25244733948745e-09,5.33001582395819e-09,3.25893939334448e-09,3.69354582621558e-09,5.04173435746696e-09,3.43900878005996e-09,5.0053828119969e-09,2.65775840834163e-09,3.30421749529323e-09,2.41799772821254e-09,2.82405145648589e-09,3.78022566256722e-09,3.1148821789422e-09,2.89430576797105e-09,2.11830926354042e-09,2.03998097802615e-09,3.30879822881713e-09,2.72856205217662e-09,3.99900814744324e-09,1.95674805945541e-09,1.80782008962897e-09,1.48976068869064e-09,2.32186058794916e-09,1.87722666375885e-09,2.2910888441552e-09,1.25680206857709e-08,7.62896823515434e-09,9.20724733229009e-09,1.73319467832953e-08,1.26358789397239e-08,2.50960425129371e-08,6.39743674117358e-09,7.79792667878262e-09,4.33275283603085e-09,1.05950425251062e-08,7.07734440347294e-09,9.31240519048414e-09,6.63857872421909e-09,3.61376796643598e-09,2.08885990739911e-09,5.96570251156438e-09,3.34404993226917e-09,5.33861539216144e-09,2.95589619274808e-09,1.68112832492719e-09,1.54986691707202e-09,2.70212798493074e-09,1.73019527093037e-09,2.87651401286239e-09,1.30043674802793e-09,1.40101215276785e-09,1.30435344694785e-09,1.35982584617182e-09,1.63946262882825e-09,1.43095896328815e-09,1.30062043768379e-09,1.13472579919112e-09,1.03284582414086e-09,1.43550932637972e-09,1.28365144697961e-09,1.84232132204525e-09,1.04580575413558e-09,9.05701703568925e-10,7.24802684937265e-10,9.98568653577415e-10,1.00697917774659e-09,1.21281531875004e-09
8.14916053232511e-09,1.72432445255956e-08,7.72648482953576e-09,1.38347380318333e-08,1.43604900207072e-08,1.15500405841291e-08,2.03443537327014e-08,8.94177120725686e-09,5.28033291244954e-09,1.68661427301159e-08,8.874628413816e-09,1.61935498316079e-08,7.62132570019927e-09,4.30854476672952e-09,3.81387737296183e-09,7.53243558816934e-09,4.23913771122579e-09,7.26757023276816e-09,3.48695633629728e-09,3.36969524848794e-09,1.93917125621522e-09,3.43115890629404e-09,3.64240966361832e-09,3.41098734087197e-09,3.01780844548068e-09,1.75918869304226e-09,1.79928971526469e-09,3.25149613860708e-09,2.14248485414874e-09,3.65097910581078e-09,1.498644413082e-09,1.49792925242118e-09,1.35904799107855e-09,1.8367213726239e-09,1.76992054864774e-09,1.98414419778257e-09,1.34126518011866e-09,1.14334342128761e-09,1.01730984276491e-09,1.51763159335637e-09,1.20199364562094e-09,1.6059082009923e-09,4.26657983806775e-09,8.96575162376378e-09,4.57759076923427e-09,7.51596033019863e-09,8.3897296235235e-09,6.73448615449395e-09,1.06974445309547e-08,5.38977309766857e-09,2.57144046861676e-09,9.77641697096895e-09,5.0787651229402e-09,8.89155393682738e-09,4.6643343361891e-09,2.16780437157749e-09,1.78417924579227e-09,4.41610095033238e-09,2.16798612039751e-09,4.10507522712349e-09,1.69196221524661e-09,1.50939865920991e-09,8.81146021024004e-10,1.72709579285629e-09,1.67522625388817e-09,1.98868278758572e-09,1.3459805297492e-09,8.16483476547054e-10,7.90659945057789e-10,1.51169801608251e-09,7.9635111842213e-10,1.21239419816303e-09,6.79124434313356e-10,6.40285681657411e-10,5.79840993471393e-10,7.05723681618589e-10,1.01687462272912e-09,1.13642691454631e-09,5.65448338581902e-10,5.43299998875302e-10,6.26962844968656e-10,8.93558372409879e-10,7.01290031294308e-10,1.02687363143573e-09
4.6830800498938e-09,7.72498153860603e-09,1.90582318996123e-08,7.51942477167567e-09,1.49652236955937e-08,1.38068229780803e-08,8.94177120725686e-09,2.20028885832408e-08,1.04658596085964e-08,1.7113873725761e-08,1.83501409507181e-08,1.42034740990294e-08,1.8077700608461e-08,8.21668817467057e-09,4.06123098963809e-09,1.50475999159945e-08,7.47337975366512e-09,1.3792834223973e-08,6.6309231955304e-09,3.41510732157071e-09,3.33856319947811e-09,5.97635501685729e-09,3.48260416481552e-09,5.78499783765961e-09,2.81023511601294e-09,2.92339390717761e-09,1.94598901564227e-09,2.82571244023702e-09,3.30181690402708e-09,3.05704869929193e-09,2.5280507603733e-09,1.65453153909813e-09,1.51125021866858e-09,2.84140788211302e-09,1.94392643885457e-09,3.1697593432313e-09,1.48173875656304e-09,1.31058604448671e-09,1.04354739058184e-09,1.67977961219218e-09,1.30724583282133e-09,1.71826854363855e-09,2.02550912686032e-09,3.92826818264995e-09,1.02957000665773e-08,4.35469112895248e-09,7.80931110792613e-09,8.39441945834199e-09,4.35292799957682e-09,1.24863040004151e-08,5.83133344322563e-09,9.33237299990243e-09,1.03781959994906e-08,7.76367471114992e-09,1.05829955216618e-08,4.73577575643454e-09,2.12625546266531e-09,8.60839561857532e-09,4.02938156351931e-09,7.74156774024701e-09,3.83344006591071e-09,1.75791708507805e-09,1.69431330837552e-09,3.23772053889661e-09,1.88814484898527e-09,3.59113169723974e-09,1.4221765694607e-09,1.46418380120715e-09,9.54095102708278e-10,1.58362693274178e-09,1.49006850949167e-09,1.50205049567414e-09,1.26810490931596e-09,7.76496123173207e-10,7.22498775812959e-10,1.32072400561381e-09,8.94944212406455e-10,1.50967325229878e-09,7.06898657843002e-10,6.5529610959287e-10,5.42172068593148e-10,7.89865692347462e-10,6.91183267087873e-10,9.69417820373843e-10
5.72383540138764e-09,4.59943830527983e-09,9.30675846544108e-09,4.92568456001592e-09,8.6058122275516e-09,8.02216124960331e-09,5.28033291244954e-09,1.04658596085964e-08,2.91295215706164e-08,9.58943987810013e-09,2.19765531344451e-08,2.01344633368093e-08,8.21835329491877e-09,2.35286583177367e-08,9.37816885534012e-09,1.77063208306997e-08,1.73195595855431e-08,1.28589950733478e-08,1.95401119871508e-08,7.6340838998615e-09,4.38794325599867e-09,1.39745786928977e-08,7.18815319231276e-09,1.32717492507784e-08,5.9518429347796e-09,3.49629513636799e-09,4.78057676842653e-09,5.58763633514977e-09,3.564353467044e-09,5.42125540513139e-09,2.97837536016037e-09,4.16514214149696e-09,2.0654364187596e-09,2.98028751765477e-09,4.35230315653057e-09,3.36413184037167e-09,3.6471460190523e-09,1.82517146253492e-09,1.29489900537115e-09,3.78519207216283e-09,1.83612932998652e-09,4.04128161770378e-09,2.12465020002661e-09,2.09799390719547e-09,4.84936595807035e-09,2.39901579947539e-09,4.38463822807937e-09,4.61977629325270e-09,2.63320971381545e-09,5.76085662718004e-09,1.49897834575669e-08,5.16800131943728e-09,1.13670799744346e-08,1.03642901863997e-08,4.86499725803148e-09,1.22460220148765e-08,5.155730823445e-09,9.35669221251684e-09,9.44187549755256e-09,6.97022713641077e-09,9.97990915235226e-09,4.21186673283517e-09,2.17556251727308e-09,7.5380542020975e-09,4.11783646849888e-09,7.48217030633432e-09,3.12565115156134e-09,1.7792010850624e-09,2.12998859612065e-09,3.21468021093144e-09,1.80234115724679e-09,3.09135440867969e-09,1.49601863728855e-09,1.76357632285396e-09,1.0501685195443e-09,1.52690772113939e-09,1.67065736938177e-09,1.70970202475793e-09,1.52830946990857e-09,1.03652950613331e-09,8.91575275587309e-10,1.62661333063423e-09,1.20859872716264e-09,1.91820775934051e-09
7.916226569657e-09,1.43592546713055e-08,1.49658428876153e-08,1.16535605131721e-08,2.37480491201188e-08,1.93873076105956e-08,1.68661427301159e-08,1.7113873725761e-08,9.58943987810013e-09,2.75990362136016e-08,1.4244010733499e-08,2.34615270463081e-08,1.40638322634015e-08,7.56936995263129e-09,4.11221403979318e-09,1.16772363441793e-08,7.00355629700778e-09,1.07242646564872e-08,6.1280440746388e-09,3.40687417444541e-09,3.64974611622647e-09,5.61740238771918e-09,3.50855557812128e-09,5.43938745467535e-09,2.82835390656438e-09,3.26736927512073e-09,2.32055557725172e-09,2.91632789455786e-09,3.71057535457314e-09,3.2587869910802e-09,2.81468143386782e-09,1.98649596551812e-09,1.7763442942901e-09,3.20107773139522e-09,2.34416624007924e-09,3.58781246429784e-09,1.77805835459527e-09,1.57181630391145e-09,1.28378237711889e-09,2.02258324816049e-09,1.58261618940496e-09,2.0723259357969e-09,4.06494602032455e-09,7.64012609967032e-09,8.38200666552895e-09,6.61490568291116e-09,1.3050456991791e-08,1.12549703183031e-08,8.98951299055505e-09,9.78962137935078e-09,5.3105055554245e-09,1.5214831171092e-08,8.31559397674839e-09,1.31442870203073e-08,8.46604338175854e-09,4.31116496302513e-09,2.25847261174055e-09,7.01889473528613e-09,4.0607861360558e-09,6.21735822710815e-09,3.3175068852319e-09,1.80291533404662e-09,1.68705484250326e-09,3.08044584773158e-09,1.79673486865414e-09,3.29853780512773e-09,1.47041655005546e-09,1.50828855740642e-09,1.00148128292689e-09,1.5282507124349e-09,1.46072529525201e-09,1.41340355907933e-09,1.28952293417758e-09,8.57800729330259e-10,8.38284185195426e-10,1.24917574881672e-09,1.13291710292504e-09,1.68299923922207e-09,7.7462053632753e-10,7.59466559383218e-10,7.53616759948686e-10,9.53394176815049e-10,9.0784416945706e-10,1.28724201507913e-09
5.24681512934898e-09,7.6856621607794e-09,1.60598800542438e-08,7.83388122643076e-09,1.25198035683571e-08,1.18862459474552e-08,8.874628413816e-09,1.83501409507181e-08,2.19765531344451e-08,1.4244010733499e-08,3.27792678142572e-08,2.65149239205776e-08,1.5048995420293e-08,1.77057383153001e-08,8.44664332697732e-09,2.68775663958231e-08,1.27640274616936e-08,2.05784460380188e-08,1.46259253331895e-08,6.87567946377915e-09,4.29967405309901e-09,1.01920611237208e-08,6.52540434553878e-09,9.53637039224503e-09,5.29220369004475e-09,3.40886467400252e-09,4.89314054264664e-09,5.0247689111997e-09,3.5398323958246e-09,4.92590872057998e-09,2.92187377593355e-09,4.24708769596052e-09,2.17127165775958e-09,3.02685303424892e-09,4.41418143459158e-09,3.44592899473301e-09,3.69950289201793e-09,1.88818436469204e-09,1.36136199702672e-09,3.78291556731828e-09,1.75378569198976e-09,3.96169387029e-09,2.46252648418899e-09,3.75795958513147e-09,8.83615897886614e-09,4.27275610483372e-09,6.52694166287072e-09,7.13685279720967e-09,4.44733567091491e-09,1.06001817025546e-08,1.15605130262873e-08,7.8214110326541e-09,1.713878691683e-08,1.35477139443154e-08,8.93150021073974e-09,9.45665015844931e-09,4.61141504259397e-09,1.43108841897323e-08,6.97683047273478e-09,1.15398667270371e-08,7.70791860309917e-09,3.85984046910662e-09,2.15459500543879e-09,5.50371527950553e-09,3.78782119107826e-09,5.79710023129436e-09,2.80412902256624e-09,1.76194696946486e-09,2.22436698047053e-09,2.95916378312842e-09,1.79222507095643e-09,2.85843020621195e-09,1.5124778229671e-09,1.84055070567596e-09,1.14516866001978e-09,1.56674541892079e-09,1.73845036008422e-09,1.84477725027593e-09,1.64644068596518e-09,1.07333686889514e-09,7.73935596063947e-10,1.70992167443993e-09,1.05976809233812e-09,1.88549597776072e-09
8.12390064236048e-09,1.37572049334887e-08,1.25335577159893e-08,1.15159189838568e-08,2.01764566144495e-08,1.66799154865288e-08,1.61935498316079e-08,1.42034740990294e-08,2.01344633368093e-08,2.34615270463081e-08,2.65149239205776e-08,3.82616400545599e-08,1.16270768673674e-08,1.61952620751952e-08,7.95589450214850e-09,2.1705753783338e-08,1.16288248997094e-08,1.62808405641953e-08,1.33520962849716e-08,6.36268836801694e-09,4.21527962346412e-09,9.21335973578498e-09,6.06227823003742e-09,8.556956420998e-09,4.84669326783214e-09,3.37323908899219e-09,5.07556427632417e-09,4.64861227831004e-09,3.72502023956715e-09,4.84049634226592e-09,2.85862561809748e-09,4.42249631312876e-09,2.35797696691129e-09,3.14936037976834e-09,4.77130314906363e-09,3.62240884434102e-09,3.8761806372761e-09,2.04753872304405e-09,1.57991018709291e-09,4.08825667524295e-09,1.98335202574844e-09,4.28704276417863e-09,4.30365870697029e-09,7.2838477052882e-09,7.11137812472845e-09,6.34542581566899e-09,1.12852001947248e-08,9.67853415419888e-09,8.85533005133803e-09,8.26566722445065e-09,1.04056863495854e-08,1.34794258273689e-08,1.40462481384886e-08,2.05938063732325e-08,7.11470081062301e-09,8.51625746034797e-09,4.51779350399535e-09,1.18697281531595e-08,6.7111101034803e-09,9.30650495224986e-09,6.74932318930513e-09,3.64538633031515e-09,1.98403673243227e-09,5.02961127015603e-09,3.54243615320198e-09,5.2193934032472e-09,2.57104444088402e-09,1.63152335107951e-09,2.2416973383208e-09,2.71403153006806e-09,1.69182807776573e-09,2.6776855702755e-09,1.34889760122772e-09,1.84827644663179e-09,1.20617572181277e-09,1.41059828333101e-09,1.97504904965727e-09,1.83283080429711e-09,1.66962671325827e-09,1.11995446723798e-09,1.03884560340088e-09,1.88466320262379e-09,1.23875516378784e-09,2.26357859797544e-09
3.92600304751826e-09,6.57503309328816e-09,1.54715026119483e-08,6.41974504771571e-09,1.21958106904371e-08,1.12700274811056e-08,7.62132570019927e-09,1.8077700608461e-08,8.21835329491877e-09,1.40638322634015e-08,1.5048995420293e-08,1.16270768673674e-08,2.04525291676063e-08,9.22427751784934e-09,4.62665862531927e-09,1.69551937699524e-08,8.41522418799995e-09,1.56136699944449e-08,7.45707170293767e-09,3.83170670149372e-09,3.78682097145715e-09,6.75307492254852e-09,3.91620957545542e-09,6.47041415122089e-09,3.09311450810271e-09,3.3097939944741e-09,2.17482834578911e-09,3.13695037135245e-09,3.76542292552907e-09,3.4206859289699e-09,2.89787141263094e-09,1.86492981979055e-09,1.72526257447564e-09,3.27849463166826e-09,2.22824034990697e-09,3.65316563853242e-09,1.66822157081196e-09,1.47718106961507e-09,1.27622683603545e-09,1.92682791260996e-09,1.55044280502956e-09,2.02651548243521e-09,1.81337791323892e-09,3.31428724782099e-09,8.70643765172165e-09,3.6495625862115e-09,6.6682219582369e-09,7.06987528617422e-09,3.56547755879671e-09,1.05806700201247e-08,4.73595835846897e-09,7.86082791073447e-09,8.60867307900637e-09,6.40585079087764e-09,1.23949538445803e-08,5.42839300249733e-09,2.47291436204865e-09,9.72593054983716e-09,4.84654574386277e-09,9.11820125649629e-09,4.41602914552686e-09,2.03074588903663e-09,1.85898662466411e-09,3.91481579806989e-09,2.13711091065045e-09,4.10466524271802e-09,1.55100559030099e-09,1.57912959973817e-09,1.02640868973493e-09,1.7360961076919e-09,1.67432395359845e-09,1.65680272759409e-09,1.37884473357964e-09,8.20103373531946e-10,8.52661241512337e-10,1.50165271905158e-09,9.3221274024698e-10,1.71711319704723e-09,7.46521794820309e-10,8.22450721487516e-10,7.13645414412407e-10,8.67345748962329e-10,8.80264978683585e-10,1.06277840504638e-09
4.90078026599309e-09,3.79353215426565e-09,7.22016202449858e-09,4.17082432783245e-09,6.76702784063019e-09,6.48427896396353e-09,4.30854476672952e-09,8.21668817467057e-09,2.35286583177367e-08,7.56936995263129e-09,1.77057383153001e-08,1.61952620751952e-08,9.22427751784934e-09,2.60234114658064e-08,1.04366707112564e-08,1.95864042733339e-08,1.92394281720263e-08,1.43215823182124e-08,2.15309835941285e-08,8.44954328855564e-09,4.81498129853662e-09,1.54725397581803e-08,7.91722748168157e-09,1.46087557753351e-08,6.54266712952084e-09,3.82901270531159e-09,5.22916375215194e-09,6.11024004725333e-09,3.93319433873684e-09,6.02265713897962e-09,3.26559611262272e-09,4.55024624765137e-09,2.31217777379288e-09,3.31481353150339e-09,4.77122656640166e-09,3.71833927088309e-09,3.9800955846047e-09,2.04461187313847e-09,1.47244020057932e-09,4.15490640123979e-09,2.08821630761262e-09,4.45269184814333e-09,1.90443541825719e-09,1.64987377174407e-09,4.14104644355148e-09,1.99128364438619e-09,3.80337710143734e-09,3.98125784204601e-09,2.00646291479393e-09,4.8607121637645e-09,1.22449822501339e-08,4.33969634809537e-09,9.35550699530658e-09,8.35526016700841e-09,5.64594724961649e-09,1.36782887151769e-08,5.7084555860626e-09,1.04681449765968e-08,1.09360136531349e-08,8.04472418279606e-09,1.10346616529425e-08,4.61059947592003e-09,2.35952769888968e-09,8.66338527775736e-09,4.47908904097165e-09,8.42493834537609e-09,3.34884735035256e-09,1.92067237136634e-09,2.27418317710205e-09,3.41964323626974e-09,1.89151997246799e-09,3.25216659871362e-09,1.60031359187867e-09,1.86278679276174e-09,1.22942034097525e-09,1.61447320412172e-09,1.80151202842924e-09,1.8982328752948e-09,1.62335898143093e-09,1.21749718395317e-09,9.75565198652861e-10,1.77060323197492e-09,1.37459129172722e-09,2.12002076747329e-09
2.40542000884448e-09,3.04890140598194e-09,3.49212572717795e-09,3.7448024454614e-09,3.50623721224141e-09,3.89358227136597e-09,3.81387737296183e-09,4.06123098963809e-09,9.37816885534012e-09,4.11221403979318e-09,8.44664332697732e-09,7.95589450214850e-09,4.62665862531927e-09,1.04366707112564e-08,2.23917594666269e-08,9.46442280949367e-09,1.77711762953299e-08,1.66167724399041e-08,8.45174905216223e-09,1.79471685602402e-08,7.53365923842117e-09,1.40482776077714e-08,1.3707927008497e-08,1.05345254403411e-08,1.44530625802226e-08,5.83168024454997e-09,3.81892082834988e-09,1.08013666323645e-08,5.58009788519137e-09,1.02618256672387e-08,4.9635220360645e-09,3.10849269801255e-09,3.76965254112376e-09,4.65119206760496e-09,3.39855841466938e-09,4.88401536141932e-09,2.72556634869863e-09,3.28855762308743e-09,1.7640546715764e-09,2.86847477524504e-09,3.4360892503493e-09,3.06598639153077e-09,1.0510963222073e-09,1.01425299690695e-09,1.82226104847243e-09,1.47804421478819e-09,1.79026368045675e-09,2.30491892077973e-09,1.4788395783154e-09,2.12405910871376e-09,5.22953896164633e-09,2.18304874256535e-09,4.74557514225079e-09,4.7244733445365e-09,2.62520821882405e-09,5.97386643193884e-09,1.14302484265214e-08,5.3827517703219e-09,9.45561986443946e-09,8.82702856746362e-09,4.65989423898308e-09,9.47390501813612e-09,3.90916459293948e-09,7.70970168728799e-09,7.24974361825898e-09,6.09923419603439e-09,7.34841699325479e-09,3.13788031619537e-09,2.04751547543698e-09,5.71614796567111e-09,3.03954196862892e-09,5.44572955753359e-09,2.6722893124933e-09,1.67204337414007e-09,1.74840724246724e-09,2.51409179215257e-09,1.89521140856184e-09,2.76333444356943e-09,1.44573063067147e-09,1.66458570151203e-09,1.10127291638102e-09,1.59309708571088e-09,1.85484210867396e-09,1.83555648238976e-09
4.41394271159571e-09,6.51190265215641e-09,1.30129751498335e-08,6.64496228479165e-09,1.01773147715439e-08,9.75947612612016e-09,7.53243558816934e-09,1.50475999159945e-08,1.77063208306997e-08,1.16772363441793e-08,2.68775663958231e-08,2.1705753783338e-08,1.69551937699524e-08,1.95864042733339e-08,9.46442280949367e-09,3.00822711957806e-08,1.42425852517117e-08,2.32262972527824e-08,1.61658166387558e-08,7.63859445626599e-09,4.77439266299784e-09,1.13777894605102e-08,7.23050251081928e-09,1.05805197295349e-08,5.84014631875067e-09,3.79475118417123e-09,5.3608808274467e-09,5.53429551989477e-09,3.92778250399466e-09,5.44240388642599e-09,3.26852112540871e-09,4.64810940460363e-09,2.45717433826417e-09,3.37490069040907e-09,4.90122602738681e-09,3.85289115865919e-09,4.03826139390698e-09,2.12610052454242e-09,1.61351193835041e-09,4.18891427024056e-09,2.06468113771138e-09,4.41759176216467e-09,2.17032160833852e-09,3.15762332047064e-09,7.44809247224903e-09,3.64923221289373e-09,5.69174924506637e-09,6.15646470878584e-09,3.64447971139506e-09,8.92709541899356e-09,9.45584263258333e-09,6.66644565836967e-09,1.43099879477107e-08,1.11089387189947e-08,1.02832163569907e-08,1.07106429453126e-08,5.16745934617428e-09,1.59906485036933e-08,8.26543289864208e-09,1.33490878804574e-08,8.72123942165866e-09,4.29006359896021e-09,2.34198501728584e-09,6.56462171241218e-09,4.20769569392331e-09,6.72319786047856e-09,3.06639027593873e-09,1.89014884286532e-09,2.40543745583507e-09,3.23378519865373e-09,1.87489894444864e-09,3.06051614477636e-09,1.61275983218089e-09,1.96200444154272e-09,1.31373284660436e-09,1.64783921823073e-09,1.83096002026056e-09,1.98691631065779e-09,1.74422579119256e-09,1.24939488100538e-09,9.48577585525838e-10,1.82507318936996e-09,1.31101756565055e-09,2.08602010897275e-09
4.87241963248017e-09,3.70095174233273e-09,6.56576619905437e-09,4.07064125949661e-09,6.18379880172284e-09,6.11899155759809e-09,4.23913771122579e-09,7.47337975366512e-09,1.73195595855431e-08,7.00355629700778e-09,1.27640274616936e-08,1.16288248997094e-08,8.41522418799995e-09,1.92394281720263e-08,1.77711762953299e-08,1.42425852517117e-08,2.89442687114538e-08,2.26129834183113e-08,1.54747025480388e-08,1.40475512139079e-08,6.94108515581292e-09,2.29604680383884e-08,1.06377421451115e-08,1.81420581669375e-08,1.11259736803758e-08,5.3331366773747e-09,3.78019394870986e-09,8.16733090934964e-09,5.19775151125846e-09,7.80210052442282e-09,4.48349917556409e-09,3.1972632230095e-09,4.01340663852397e-09,4.30461453047409e-09,3.41431095273278e-09,4.56699102896094e-09,2.85788587332879e-09,3.55555896438266e-09,1.80587591180191e-09,3.02592471755958e-09,3.73915728037134e-09,3.17595820767317e-09,2.03985263600741e-09,1.60938021864809e-09,3.814083216756e-09,1.95420745877417e-09,3.45507943513362e-09,3.68443629047062e-09,2.05526574915837e-09,4.48443751870494e-09,9.79319642482789e-09,4.05503410296604e-09,7.20248549148579e-09,6.44369121208118e-09,5.43390987794306e-09,1.0992739856399e-08,9.3074482650767e-09,8.13478504032264e-09,1.60743559767546e-08,1.2340434739757e-08,8.53280107099066e-09,7.52394022060976e-09,3.39774018958643e-09,1.28309217187498e-08,6.03518986777204e-09,1.08027287933308e-08,5.74724398546341e-09,2.68311568095383e-09,1.72351761057531e-09,4.54972202464258e-09,2.58421841932636e-09,4.25789028917377e-09,2.25037087953896e-09,1.45935163082958e-09,1.93401656542807e-09,2.19698427809725e-09,1.64355375020929e-09,2.41539534527174e-09,1.36440511056914e-09,1.89061697589493e-09,1.06458228269525e-09,1.51944082083512e-09,2.1061626217625e-09,1.89622526299744e-09
4.4258912145138e-09,6.31140352151743e-09,1.19592445462331e-08,6.55637112080047e-09,9.2997320630841e-09,9.25244733948745e-09,7.26757023276816e-09,1.3792834223973e-08,1.28589950733478e-08,1.07242646564872e-08,2.05784460380188e-08,1.62808405641953e-08,1.56136699944449e-08,1.43215823182124e-08,1.66167724399041e-08,2.32262972527824e-08,2.26129834183113e-08,3.38785823343229e-08,1.14047716572614e-08,1.30946267048883e-08,6.85475519906055e-09,1.78160948260393e-08,9.89042747780695e-09,1.37877202206509e-08,1.03482865560512e-08,5.289395346938e-09,3.95361782734423e-09,7.58180523843924e-09,5.13401003348349e-09,7.23135553041017e-09,4.58906012330264e-09,3.38038093109792e-09,4.23198155624678e-09,4.40680959818224e-09,3.70268109376761e-09,4.77793512100806e-09,2.978946697932e-09,3.67550929892771e-09,1.94710333565002e-09,3.17639209245081e-09,3.81074018926164e-09,3.20454436944455e-09,2.17795364028039e-09,3.1648555845488e-09,6.95390166099898e-09,3.72389022334521e-09,5.276136186781e-09,5.88709724398683e-09,3.63565320924442e-09,8.23370790261174e-09,7.29315622781609e-09,6.19141871311857e-09,1.13961397060434e-08,8.76640444195719e-09,9.8401430283906e-09,8.33977804806701e-09,8.4936953589682e-09,1.3036508500394e-08,1.27151322777686e-08,1.86981182559189e-08,6.53999081439565e-09,6.91471723515185e-09,3.45326361100873e-09,1.02045684137446e-08,5.62478021778452e-09,8.95536439904624e-09,5.19391929099235e-09,2.71977190391534e-09,1.95730249955571e-09,4.25924234475903e-09,2.66801561509675e-09,3.96120240989568e-09,2.35509728875733e-09,1.6831593080774e-09,1.95185186075466e-09,2.37046111234435e-09,1.75165540197293e-09,2.58976655141239e-09,1.57415778103195e-09,1.86309062359803e-09,1.0269444718834e-09,1.58252789729695e-09,1.92253750493884e-09,1.81850314750419e-09
4.21589002470846e-09,3.06832668650140e-09,5.86947916433609e-09,3.48916233240282e-09,5.51752834314801e-09,5.33001582395819e-09,3.48695633629728e-09,6.6309231955304e-09,1.95401119871508e-08,6.1280440746388e-09,1.46259253331895e-08,1.33520962849716e-08,7.45707170293767e-09,2.15309835941285e-08,8.45174905216223e-09,1.61658166387558e-08,1.54747025480388e-08,1.14047716572614e-08,2.48741688994337e-08,9.62822678635681e-09,5.39915157461296e-09,1.80083329662333e-08,8.91798600989323e-09,1.68555965870848e-08,7.5463656959501e-09,4.30934972607216e-09,5.86149195008897e-09,6.92480064545734e-09,4.45897198352338e-09,6.89227913030724e-09,3.60342224259394e-09,5.05667380829721e-09,2.67244292737265e-09,3.65990573324089e-09,5.42471478491834e-09,4.0986226285102e-09,4.33223395084273e-09,2.29559035542492e-09,1.68404807444174e-09,4.60394299564423e-09,2.3629920889341e-09,4.86697069119748e-09,1.74236116297555e-09,1.3698457219001e-09,3.34171455711752e-09,1.62818794048363e-09,3.12533368009744e-09,3.10883898309988e-09,1.63554077012549e-09,3.83394889309168e-09,9.97553793225119e-09,3.43326934654368e-09,7.6707090500995e-09,6.78526233149125e-09,4.50156576839126e-09,1.10333469395719e-08,4.60940348012933e-09,8.57859983058941e-09,8.66203174048724e-09,6.54766271682906e-09,1.30775111411142e-08,5.49364343579174e-09,2.56272870229742e-09,1.02646733791898e-08,5.14211090762045e-09,9.8323251514183e-09,4.06572089823735e-09,2.07833203940229e-09,2.73073615191104e-09,3.93508252003771e-09,2.1835980815546e-09,3.79366388479716e-09,1.7204883149856e-09,2.15651948861648e-09,1.40288648810432e-09,1.75160797590287e-09,2.17591048688083e-09,1.97166076376917e-09,1.84067366190765e-09,1.3581277487854e-09,1.15449761647761e-09,2.01714468774043e-09,1.53933605914909e-09,2.37004515215756e-09
2.15066875778327e-09,2.70185621851001e-09,2.96710286749e-09,3.38739105994003e-09,2.93488617612523e-09,3.25893939334448e-09,3.36969524848794e-09,3.41510732157071e-09,7.6340838998615e-09,3.40687417444541e-09,6.87567946377915e-09,6.36268836801694e-09,3.83170670149372e-09,8.44954328855564e-09,1.79471685602402e-08,7.63859445626599e-09,1.40475512139079e-08,1.30946267048883e-08,9.62822678635681e-09,2.05211546615792e-08,8.45822896260916e-09,1.59228075700349e-08,1.57314164066435e-08,1.18931432960007e-08,1.66572816665218e-08,6.58745447770833e-09,4.2504019957364e-09,1.24654014195657e-08,6.24303775122554e-09,1.18081253554673e-08,5.56988130153725e-09,3.44112771924689e-09,4.25301215295821e-09,5.15052403098475e-09,3.82507697424294e-09,5.46076982350239e-09,2.9794841113579e-09,3.64718329832915e-09,1.97658101618685e-09,3.15780040826628e-09,3.82947494947373e-09,3.37107444773636e-09,9.68852396405492e-10,9.19019134434463e-10,1.52492311447069e-09,1.43145945663964e-09,1.46250783999078e-09,1.94271418201622e-09,1.28516686674268e-09,1.76228310782947e-09,4.13716988004816e-09,1.75171072402822e-09,3.95566162197278e-09,3.71970236282386e-09,2.19099441241713e-09,4.65697350292294e-09,9.47139959474106e-09,4.4361430157697e-09,7.70646995656451e-09,7.36059583160125e-09,5.22735496500398e-09,1.12837318800126e-08,4.41949679862469e-09,8.71084378762557e-09,8.57960496032443e-09,6.81591727135469e-09,8.93756524290429e-09,3.57305097546936e-09,2.22916514153193e-09,6.86044233432181e-09,3.39465444098194e-09,6.33869467455995e-09,3.02205010625932e-09,1.80031863562794e-09,2.05409928316143e-09,2.77079058378309e-09,2.0647569823662e-09,2.99577430084394e-09,1.54535351104433e-09,1.87518891565806e-09,1.24132011565662e-09,1.73393093118377e-09,1.9941370963059e-09,1.96303522076853e-09
1.83481307458426e-09,1.62650365719498e-09,2.93836307853064e-09,2.07070607902472e-09,3.17486648553885e-09,3.69354582621558e-09,1.93917125621522e-09,3.33856319947811e-09,4.38794325599867e-09,3.64974611622647e-09,4.29967405309901e-09,4.21527962346412e-09,3.78682097145715e-09,4.81498129853662e-09,7.53365923842117e-09,4.77439266299784e-09,6.94108515581292e-09,6.85475519906055e-09,5.39915157461296e-09,8.45822896260916e-09,2.17515849758991e-08,7.71302748656285e-09,1.59580832897601e-08,1.45826457194044e-08,6.58912960187947e-09,1.74729865942428e-08,7.49979993818054e-09,1.25965565913128e-08,1.35667010153235e-08,9.61169858705971e-09,1.45881219467197e-08,6.18579732478608e-09,4.07721342789144e-09,1.12315740485331e-08,5.99937049900739e-09,1.10820902308238e-08,5.19291602564542e-09,3.25327533229318e-09,3.44772491333156e-09,4.89639540302637e-09,3.51999180242824e-09,5.03879711535385e-09,6.29516625048773e-10,4.98800261837681e-10,1.40514799317431e-09,6.70297462278957e-10,1.20365343758517e-09,1.26082523087338e-09,6.91541747277047e-10,1.57483787768542e-09,1.96523368861128e-09,1.43284629244815e-09,2.3026225499341e-09,1.9389758156747e-09,1.79824711832135e-09,2.34389336584279e-09,4.01848764113468e-09,2.55302536202697e-09,3.61887678814822e-09,3.77030764595351e-09,2.6491821754287e-09,4.52740063669926e-09,1.04304825648948e-08,4.01057652091957e-09,7.62560676179962e-09,7.79905851531653e-09,3.40994723627203e-09,8.51340702084394e-09,4.19261642031785e-09,6.1323531198525e-09,7.09981226587418e-09,5.27201005464057e-09,7.22194435796965e-09,3.4791874811947e-09,2.22121097114776e-09,5.91261263611509e-09,3.62948494625181e-09,6.20905633088185e-09,2.85032854267213e-09,1.94004951292879e-09,1.68074832185153e-09,2.91378579996059e-09,1.94677258248386e-09,3.08277068621439e-09
4.18103736867168e-09,2.98985644901556e-09,5.30617911386384e-09,3.48032648905178e-09,4.98096586630054e-09,5.04173435746696e-09,3.43115890629404e-09,5.97635501685729e-09,1.39745786928977e-08,5.61740238771918e-09,1.01920611237208e-08,9.21335973578498e-09,6.75307492254852e-09,1.54725397581803e-08,1.40482776077714e-08,1.13777894605102e-08,2.29604680383884e-08,1.78160948260393e-08,1.80083329662333e-08,1.59228075700349e-08,7.71302748656285e-09,2.66497355895224e-08,1.19574791238154e-08,2.1006099306542e-08,1.26825777948244e-08,5.92000852132095e-09,4.16786364287474e-09,9.20595968385626e-09,5.75017348061884e-09,8.79793749769975e-09,4.95358744737088e-09,3.49839133203948e-09,4.48628718745832e-09,4.70671230204386e-09,3.85880570177e-09,5.03007011357852e-09,3.08180404123834e-09,3.93614264561375e-09,2.020568665584e-09,3.35215871403874e-09,4.11336632664597e-09,3.51091415788346e-09,1.76512183893407e-09,1.36589268465773e-09,3.11031438983518e-09,1.64326374394848e-09,2.8054177031119e-09,2.93076848182653e-09,1.69322596506697e-09,3.55135506723902e-09,7.7092101352705e-09,3.16566006612207e-09,5.71462889405037e-09,5.00950244660231e-09,4.38929819442058e-09,8.52950428160005e-09,7.52108974819458e-09,6.45565163829879e-09,1.28273072083014e-08,9.98914086023018e-09,1.00581655239411e-08,8.78315648287379e-09,3.72438191026448e-09,1.49696670695034e-08,6.80196444037344e-09,1.23773572902298e-08,6.80829138249184e-09,2.9462745223838e-09,1.93859722297829e-09,5.18023130604089e-09,2.90147295115675e-09,4.78657496859592e-09,2.48236057787337e-09,1.56057181667469e-09,2.28103930621761e-09,2.37791531841718e-09,1.88654681269834e-09,2.6469108756272e-09,1.44327649808424e-09,2.17107573468605e-09,1.21540695290734e-09,1.72778091965291e-09,2.28826642861557e-09,2.05248370534647e-09
