1.18043403797037e-07,7.42756479228457e-08,3.31198142296658e-08,1.0603734425184e-07,5.97709646477857e-08,8.71552124292749e-08,7.08238564786293e-08,3.09220153374842e-08,8.25954013898278e-09,5.62031626129443e-08,2.79883213193004e-08,5.38680659496304e-08,2.89156147247985e-08,6.91427329946406e-09,4.35322239627102e-10,2.61160321507795e-08,5.89695694729956e-09,2.10646054153222e-08,6.20814861352992e-09,-2.27169271493469e-10,1.37653827656224e-09,5.09565345256229e-09,8.81124713681615e-10,6.7236467057897e-09,-1.11072094642961e-09,5.52277630767638e-10,2.14478195366116e-10,-2.72334808054959e-10,8.6389929528403e-10,1.18813575130353e-09,-2.59216356900116e-10,-4.19838722729105e-10,-1.957316783962e-09,1.50130124802481e-10,-4.93770825102398e-10,3.16788037097351e-10,-4.0821108383694e-10,-1.83451150203242e-09,-1.92615376768878e-09,-4.5636166701263e-10,-1.69111089858967e-09,-2.03805320906567e-10,-1.91307645710304e-09,-2.05458401908737e-09,-2.01221727320664e-09,-1.77220826731187e-09,-2.7998417254265e-09,-2.15066390167343e-09,5.38777722975609e-08,2.72031784581241e-08,1.70986036123062e-08,4.84133070535149e-08,2.21849363439747e-08,3.71362919254353e-08,2.58231251135506e-08,1.55327317654101e-08,6.08988734569339e-09,2.15053907505431e-08,1.23232092656702e-08,1.89931926699027e-08,1.47323964963415e-08,6.9459676877504e-09,1.48725996407682e-09,1.39178464328816e-08,6.14686931070025e-09,7.69279282158338e-09,6.30200949100977e-09,8.09501275194525e-11,-1.15862308877669e-09,4.73646887581185e-09,-1.28862624662063e-09,1.97350547918973e-09,-1.06301736274157e-10,-1.26564233020312e-09,1.00983126937774e-09,-1.42920738449792e-09,-2.13210325673408e-11,-6.87466962352646e-10,-1.43846315124792e-09,9.0220218476633e-10,1.22887176186763e-09,-1.15851276133443e-10,5.92887704060005e-10,1.39963433532117e-10,7.56023954497481e-10,1.53860484170946e-09,-2.48431530028578e-10,9.66494529064201e-10,1.37189082251492e-09,4.51327573388246e-10,1.5515514233348e-09,1.11325599678855e-10,-6.50219642909223e-10,1.84265029440062e-09,-1.68118475337552e-09,1.53770354201999e-09
7.42756479228457e-08,2.20587273548917e-07,5.89933374705459e-08,1.11101974806097e-07,1.80278658407623e-07,8.26225066972916e-08,2.07651477628585e-07,5.53396554333966e-08,1.47449848949033e-08,1.70858479024799e-07,5.08354433670441e-08,1.66007611873991e-07,5.21228187825077e-08,1.25071296530371e-08,1.12056732654689e-08,4.75156058374296e-08,1.1923336195572e-08,4.24428310275743e-08,1.12801733448942e-08,9.08145698897652e-09,4.00468761126358e-09,1.0714840622108e-08,1.17624610864218e-08,1.15862308959696e-08,7.71481345854067e-09,2.94171496395795e-09,3.26698999422935e-09,1.00868088622718e-08,5.05554873411035e-09,1.28258158934686e-08,1.94636138129268e-09,2.17874955090811e-09,3.63232625377797e-10,4.05709630013866e-09,2.55570942219377e-09,4.2667285187189e-09,2.26855480091278e-09,5.57631409587978e-10,-9.77376704795729e-10,2.57422623003586e-09,1.30555444886119e-09,3.27702856351911e-09,7.07436671670132e-10,-8.80332685435763e-10,-1.03886492004197e-09,1.54067364583504e-09,-1.05505228278213e-09,1.19016085223592e-09,2.04368752866882e-08,6.29360855679848e-08,2.90318169516877e-08,4.45780397707773e-08,4.43622043158167e-08,3.21344964421458e-08,5.25995049181134e-08,2.77117774421071e-08,8.48185570587113e-09,4.18294130864154e-08,2.38459568451384e-08,4.47699650043821e-08,2.53228135434901e-08,8.6593044243133e-09,7.74742606893794e-09,2.40592211149581e-08,5.67725396934146e-09,1.43791566502278e-08,7.56900401197881e-09,6.09195782199085e-09,2.83769720595283e-09,4.69423794896949e-09,5.97629477363802e-09,6.78005169494008e-09,5.51203902490206e-09,2.2701091146401e-09,1.99674097211659e-09,5.33239798849158e-09,2.21560419733836e-09,5.68218379792097e-09,1.81726618643044e-09,1.51831837903611e-09,-1.46521871671102e-10,1.88256374554541e-09,2.6549914901226e-09,3.24936792109949e-09,1.29475027756049e-09,3.85424676140538e-10,-9.04331416604879e-10,2.69335276685177e-09,2.13939730678006e-09,3.98808271361493e-09,3.4970512856047e-10,1.17478502233415e-10,-2.83089060907163e-10,2.58636211754498e-09,-1.54536361239169e-09,2.92327568771233e-09
3.31198142296658e-08,5.89933374705459e-08,1.39079597873298e-07,5.67199675513309e-08,1.02424967746075e-07,9.87903274711038e-08,5.53202537014409e-08,1.27361590744165e-07,5.58097406746181e-08,9.37549221837124e-08,1.07687033575752e-07,7.79430688495385e-08,1.18300860268342e-07,5.03498227991537e-08,2.53270996935839e-08,9.94568246746732e-08,4.46449994455423e-08,8.78604114582677e-08,4.63412321251755e-08,2.25365444425645e-08,9.05865118827932e-09,4.10257972044e-08,1.95160993843989e-08,3.57234563557034e-08,2.05054469710852e-08,7.50784049262195e-09,2.70349904684332e-09,1.73000440385435e-08,9.08788226501372e-09,1.6443701979238e-08,6.13574982458822e-09,1.79379416453371e-09,-1.21546821675617e-09,7.7918494255686e-09,1.70605679200658e-09,7.91830000129379e-09,1.1440070561047e-09,-1.20951564915923e-09,-2.61611135810566e-09,1.14625600563102e-09,-1.18507536222094e-09,6.96117233989188e-10,-7.78825364662813e-10,-2.71472509743362e-09,-1.92319107749913e-09,-9.1400520732516e-10,-2.63246540071043e-09,-8.00418820233434e-10,1.38836934718602e-08,2.04663849496674e-08,6.17271667198565e-08,2.68337291403882e-08,4.48901298328527e-08,4.69313046293719e-08,1.93255721028557e-08,5.54447700976575e-08,1.52679621924014e-08,4.16138596416504e-08,4.18505018071398e-08,2.81815886581053e-08,5.14481306335031e-08,1.52006183549647e-08,1.11842972549369e-08,4.20635610820632e-08,9.39248502140487e-09,2.58788946336217e-08,1.33829220219469e-08,9.47726002136366e-09,1.20046427825869e-09,7.65435741347105e-09,3.97238262337114e-09,6.4289692438754e-09,8.74949921667972e-09,8.03638483589612e-10,1.25451364616314e-09,3.50254705614572e-09,2.79070785802087e-09,5.37661980122705e-09,4.44896989693623e-10,1.05759757563666e-09,-4.45485154921014e-10,2.31709476940555e-09,-1.67886934252617e-10,2.65736676001262e-09,7.34654901302563e-10,-1.84156884575018e-10,-1.20203420860679e-09,3.24279311669336e-10,2.13859523330662e-09,1.14029559755777e-09,2.83768251316057e-10,-9.23288114430634e-10,-5.7212520824975e-10,2.65466181023119e-09,-9.16270600434811e-10,3.96052760750365e-09
1.0603734425184e-07,1.11101974806097e-07,5.67199675513309e-08,1.53801588883385e-07,8.42330190475029e-08,1.20812542928453e-07,1.04041012059816e-07,5.23968212885008e-08,1.48700952562136e-08,7.8865260325157e-08,4.73281789664979e-08,7.32243081692896e-08,4.92002501130986e-08,1.29157037300321e-08,9.5556635132262e-09,4.42606684301107e-08,1.11689429155945e-08,3.69941928783429e-08,1.12619978382568e-08,7.01218580024199e-09,2.31698193872031e-09,9.41683464152439e-09,9.21725147301672e-09,8.90316564187741e-09,5.61068655516865e-09,1.23716331109048e-09,4.17966989282303e-11,7.46990088010992e-09,2.27758860511572e-09,9.15993139166724e-09,1.83203241892514e-10,-7.71547939781928e-10,-3.4898319867092e-09,1.28812085582532e-09,-8.68970724641665e-10,1.19386494235407e-09,-8.95810503963789e-10,-3.31510933857271e-09,-2.95880009255815e-09,-9.84551533142509e-10,-3.0528812361863e-09,-7.2450649876474e-10,-2.88170762059306e-09,-2.8164012725299e-09,-2.62404064458434e-09,-2.73870970409706e-09,-3.769484051075e-09,-3.42363957876754e-09,4.52114169183128e-08,4.81465324253062e-08,2.7270908750098e-08,7.4750301056653e-08,3.42218447984935e-08,5.54634820526672e-08,4.17034102816062e-08,2.55752161249062e-08,7.33078211831922e-09,3.25786257037495e-08,2.21350586899008e-08,2.78544779640865e-08,2.42198831522095e-08,7.77537835226435e-09,5.27382151451584e-09,2.28192234919702e-08,5.44108068348124e-09,1.36134368221782e-08,6.61582491885881e-09,3.22557202088617e-09,-3.7392146964577e-10,4.18819003431943e-09,3.51926782647024e-11,3.04656236388745e-09,2.6955421384305e-09,-5.8604933667462e-10,-7.21869906942379e-10,-3.17536152689467e-10,4.71171398690443e-10,1.30548542907997e-09,-8.9234072685001e-10,-8.77523099692015e-10,-2.56719122088239e-10,2.2105940829983e-10,-7.75869256342663e-10,3.68853792845579e-10,-9.59794031465964e-10,3.31889682570033e-10,-5.60247217558961e-10,-1.17543654482386e-10,6.67700346996875e-10,-3.17808504831011e-11,1.60176104307533e-10,1.27466463301639e-10,-1.08467256725993e-09,1.37846744222044e-09,-2.54487505532501e-09,4.89549375881117e-10
5.97709646477857e-08,1.80278658407623e-07,1.02424967746075e-07,8.42330190475029e-08,2.30816654703464e-07,1.25541212658611e-07,1.70853313054269e-07,9.37743230535696e-08,4.29385072209385e-08,2.15748402624899e-07,7.89652881574732e-08,1.9822359169139e-07,8.63119436932841e-08,3.76950418588649e-08,2.01820171905958e-08,7.18870788888276e-08,3.50972300480788e-08,6.37899266073933e-08,3.48368644635838e-08,1.81807493214156e-08,1.29691840456555e-08,3.24337175018517e-08,1.73299916119546e-08,2.92396776062208e-08,1.63086945723667e-08,1.12564135211957e-08,6.93348823062605e-09,1.5233175140893e-08,1.3828452434404e-08,1.5194658473327e-08,9.773679664965e-09,5.64298268044352e-09,3.03657330565755e-09,1.24077373079193e-08,5.70538897372616e-09,1.24660089186047e-08,5.19503889340741e-09,2.95457297257969e-09,6.5373387815823e-10,5.29217424819174e-09,3.35133688932096e-09,5.23370532263832e-09,2.92455163837625e-09,3.32837369646348e-10,2.06807836877544e-10,3.40984581283303e-09,1.45418808978898e-09,4.07135195161964e-09,1.71107616402286e-08,4.27464011075683e-08,4.73815528659877e-08,3.1331495713187e-08,7.162327617768e-08,5.44739487031514e-08,3.77154179262201e-08,4.19964970726799e-08,1.23570887496209e-08,6.59183866930933e-08,2.96515176859733e-08,5.90349792485103e-08,3.73676946651452e-08,1.25364929972136e-08,6.9645509529363e-09,3.0459590664184e-08,6.42415835486493e-09,1.70833842501782e-08,1.01111260079755e-08,6.06143516166067e-09,5.69097949986716e-09,4.79931517959118e-09,6.98211986249481e-09,8.39220676447305e-09,5.43518606008985e-09,4.68547903003448e-09,2.76365228228088e-09,6.28601718248895e-09,4.10681409384722e-09,5.56779544120136e-09,4.19099240957233e-09,2.25883847758389e-09,5.37525352343246e-10,3.60441906416097e-09,3.88266112640821e-09,5.70500689051165e-09,1.87443741803717e-09,6.50822261094413e-10,-1.63474926904041e-10,3.85787691547815e-09,2.6473491100124e-09,3.61146560806464e-09,3.4783853049748e-10,-3.226755420294e-10,1.09232659321662e-09,2.5854300636853e-09,6.60625037266515e-10,4.97739745425386e-09
8.71552124292749e-08,8.26225066972916e-08,9.87903274711038e-08,1.20812542928453e-07,1.25541212658611e-07,1.71346865878702e-07,7.81428070763919e-08,8.98631481632062e-08,4.37484127741043e-08,1.1626496166106e-07,7.42719021284486e-08,9.86854854775445e-08,8.31186926799126e-08,3.93542765924052e-08,1.86149969635819e-08,6.82562273831044e-08,3.36427329986067e-08,5.67608800075761e-08,3.58154057794347e-08,1.60442698207156e-08,1.08412547324637e-08,3.02531844561346e-08,1.44754245708788e-08,2.56730855990428e-08,1.41515201219389e-08,9.21701378669693e-09,3.25240145548899e-09,1.23111230632593e-08,1.06527631659662e-08,1.15578537742546e-08,7.7309237827506e-09,2.24736019147028e-09,-1.51331564488e-09,9.27209475086959e-09,1.85689369065042e-09,8.98449863161776e-09,1.69681730672163e-09,-1.44887329593137e-09,-2.25319719716011e-09,1.31584545430687e-09,-1.45246862522101e-09,8.80236600168361e-10,-1.15248685324921e-09,-2.36431751079299e-09,-2.36217738259476e-09,-1.33948482437198e-09,-2.57070611426431e-09,-1.54802777108496e-09,3.93309652560281e-08,3.24756968508248e-08,4.57818628225363e-08,5.56695640814827e-08,5.6834759360447e-08,8.07396094363504e-08,2.98413860140363e-08,4.01636658807282e-08,1.35105164874902e-08,5.26208941839769e-08,2.9019834821222e-08,3.87543411387366e-08,3.64121931380566e-08,1.25309126463569e-08,6.84838048530912e-09,2.87019590149187e-08,7.18072933229501e-09,1.68019988488809e-08,9.8888564629685e-09,5.09553116760779e-09,1.89660053643031e-09,5.14515620700019e-09,2.4618245302793e-09,5.65271134709806e-09,4.44952703928655e-09,1.49870910300504e-09,-6.09411194343351e-10,2.00833433072575e-09,2.25161191271033e-09,2.63377843598538e-09,1.21336746308939e-09,-8.12833814583204e-10,6.3163901670159e-10,1.86053877326759e-09,-2.82021400122609e-10,2.7834495040585e-09,-9.82331275435496e-10,8.56650911193826e-10,3.04192537780032e-10,2.68033996659361e-10,2.0702538954474e-09,-6.44328849202039e-11,4.38244187352155e-10,-2.1392404161169e-10,-5.45545790770853e-10,1.98176187316948e-09,-1.11524231742787e-09,2.51339561596483e-09
7.08238564786293e-08,2.07651477628585e-07,5.53202537014409e-08,1.04041012059816e-07,1.70853313054269e-07,7.81428070763919e-08,2.83944477856331e-07,6.2881712035442e-08,1.85358792554251e-08,2.43057777450429e-07,5.991933502907e-08,2.37768339722407e-07,5.95196725380863e-08,1.61317104822558e-08,1.2189479292021e-08,5.65393616299988e-08,1.63108516428303e-08,5.01072837063912e-08,1.41539937433139e-08,1.00577726788994e-08,5.2869075762879e-09,1.42343053166209e-08,1.48149842503552e-08,1.66399978121161e-08,8.50399327835586e-09,3.87470473923582e-09,6.33301013194876e-09,1.28078156250879e-08,7.71211885417829e-09,1.73161671687768e-08,2.73754146153538e-09,5.04423966221632e-09,2.15363717454875e-09,6.52682557875426e-09,5.650021666052e-09,6.95870558547157e-09,4.8975474515638e-09,2.02587663455753e-09,1.3869872997574e-09,5.3996217500076e-09,5.50553765628785e-09,8.20309289416643e-09,1.97891862953922e-09,1.25788444719435e-09,3.97374058551526e-10,5.10873594051632e-09,8.70816824996599e-10,4.66958724730526e-09,1.94154067514527e-08,5.26177723842815e-08,2.77170907001934e-08,3.87729714037516e-08,4.18079669934529e-08,3.16426768407509e-08,5.81185619527631e-08,3.08996027473161e-08,1.06024194626217e-08,5.82927031854273e-08,3.03048765567897e-08,6.22163259042458e-08,2.91417703624211e-08,1.06493031109431e-08,8.14595001061588e-09,3.04126086131762e-08,8.38974670227711e-09,1.63946875427955e-08,9.42289933263945e-09,6.16785026283886e-09,3.85114785081595e-09,6.60380673318301e-09,7.56959052641245e-09,7.77265106334956e-09,5.80884836689206e-09,3.2407387696657e-09,5.04746393452412e-09,6.85360049584483e-09,4.92521482597535e-09,8.22329216528744e-09,2.72623587857745e-09,4.41033894883183e-09,9.22753338718688e-10,4.45436391975062e-09,6.25248679695896e-09,6.59256900581901e-09,4.13596640696785e-09,9.83752974471755e-10,-1.34161285659849e-09,6.03352501602279e-09,2.73971914238238e-09,7.28097466879935e-09,8.25325790304249e-10,-1.25165741127966e-09,-7.16826158674619e-11,2.15185387619355e-09,-2.11116655212899e-09,3.21692770734292e-09
3.09220153374842e-08,5.53396554333966e-08,1.27361590744165e-07,5.23968212885008e-08,9.37743230535696e-08,8.98631481632062e-08,6.2881712035442e-08,1.43697771805234e-07,6.20454082895347e-08,1.06012317310883e-07,1.22645260917177e-07,8.99724584419313e-08,1.33859141589893e-07,5.61336421048077e-08,2.74963166076393e-08,1.1335734908116e-07,4.88416920749907e-08,9.86990702300959e-08,5.16860907163624e-08,2.45146176656251e-08,1.07419988542122e-08,4.49089102071617e-08,2.15258561453453e-08,3.90257657037782e-08,2.2267786606459e-08,8.99561148262606e-09,3.28256681614025e-09,1.90513711761661e-08,1.10587259642388e-08,1.81574585881545e-08,7.45778924250569e-09,2.26560283203121e-09,-1.37885936958299e-09,9.58605970350196e-09,2.45662464512383e-09,9.77792449306137e-09,1.63429709304298e-09,-1.35078904866321e-09,-2.76715753582852e-09,1.88990539362936e-09,-9.20919176855286e-10,1.8043545806834e-09,-1.22817281966789e-09,-2.63264687233252e-09,-1.75144542252019e-09,-8.59678052774111e-10,-2.77587395609306e-09,-8.97202731005026e-10,1.15734588494317e-08,1.93299377377888e-08,5.54457609778967e-08,2.34193560437293e-08,4.16034095508733e-08,4.14793420446687e-08,1.8053168809346e-08,5.92372068321522e-08,1.90145633691065e-08,4.23385719633534e-08,4.84641176294775e-08,3.17081300644475e-08,5.47405273237807e-08,1.8536143924245e-08,1.14834260431864e-08,4.74790344154104e-08,1.07840445897424e-08,2.80238396365212e-08,1.63650686557749e-08,9.97680996941766e-09,2.14500243874996e-11,8.77918467862498e-09,5.45880211044899e-09,7.03168838081826e-09,9.22427420005896e-09,-3.47294448702101e-10,1.19583419410277e-09,4.90387233033467e-09,1.28616214338098e-09,6.75518433265537e-09,-7.55523870200275e-10,1.00284716709908e-09,-3.031175941301e-10,8.13147103435222e-10,7.17780504433607e-10,1.67406719128374e-09,5.87412641501453e-10,-1.35839295749901e-10,-9.68406559983962e-10,1.12130643300009e-09,2.58156907853435e-09,2.06016783993348e-09,-6.6212386370376e-11,-6.64551432222383e-10,-8.63423255931354e-11,2.51599017700359e-09,-6.02355050748068e-10,4.02530549993583e-09
8.25954013898278e-09,1.47449848949033e-08,5.58097406746181e-08,1.48700952562136e-08,4.29385072209385e-08,4.37484127741043e-08,1.85358792554251e-08,6.20454082895347e-08,1.36266199310837e-07,5.04924029122364e-08,1.00323236723433e-07,8.36185089041104e-08,5.61281218733446e-08,1.23058135944274e-07,5.68079464251931e-08,8.92175272308371e-08,1.03844467240313e-07,7.42390395006495e-08,1.14127012062338e-07,5.11546515822525e-08,2.02289894820502e-08,9.56925361241758e-08,4.30808693895582e-08,8.35166419151175e-08,4.78396591808918e-08,1.81251612726379e-08,1.24591851146129e-08,3.97064761438751e-08,1.74909378638451e-08,3.57263480567467e-08,1.6290868727377e-08,1.10120014954383e-08,1.02566722116965e-09,1.58070037643673e-08,1.00523019671343e-08,1.31945528796506e-08,1.02168743205572e-08,9.74241224250016e-10,-1.42715578410026e-09,9.28361491584001e-09,1.36496711275154e-09,8.89147500898652e-09,9.65416790667454e-10,-1.31281219191004e-09,-6.9163423198926e-10,1.42529179068484e-09,-1.50793383944211e-09,1.26352979179319e-09,3.81036760889848e-09,4.8782067902008e-09,1.86405095950103e-08,4.70177890928981e-09,1.7179588491018e-08,1.75569951277686e-08,6.32457617021889e-09,1.8389961024891e-08,5.93938924993596e-08,1.87977524016535e-08,3.58833539028934e-08,3.6630529706882e-08,1.73803723108342e-08,5.47548499525982e-08,2.12210008101382e-08,3.28498774225478e-08,3.91916849213871e-08,2.37921535480515e-08,4.96819664278119e-08,1.91404885784386e-08,6.08249181521933e-09,3.55796720250557e-08,1.43880519545263e-08,2.94614965216423e-08,1.80455750368999e-08,5.46743898074424e-09,4.94571266451806e-09,1.34389477677338e-08,4.73863317271343e-09,1.21839308339761e-08,4.85695783450954e-09,4.39180847832001e-09,1.93384224159398e-09,4.29456922532624e-09,7.49607398411118e-09,5.41437218099742e-09,4.19009376574909e-09,1.56148595867568e-09,-1.94045348822923e-09,7.23510433619462e-09,2.90701473375754e-09,6.25454420153139e-09,2.00291149432783e-09,-1.12049859273386e-09,1.31946561228582e-09,3.18734959855732e-09,-5.3118568636825e-10,4.79508914999272e-09
5.62031626129443e-08,1.70858479024799e-07,9.37549221837124e-08,7.8865260325157e-08,2.15748402624899e-07,1.1626496166106e-07,2.43057777450429e-07,1.06012317310883e-07,5.04924029122364e-08,2.96510624017751e-07,9.12178032717319e-08,2.76484676546487e-07,9.84533848071436e-08,4.50374794623096e-08,2.18884343397044e-08,8.40273335904679e-08,4.22897133595606e-08,7.38351311871314e-08,4.1037615431317e-08,1.96363205984429e-08,1.52528243221217e-08,3.84175835320207e-08,2.02186352497383e-08,3.60791435098388e-08,1.75680677961493e-08,1.31984218664303e-08,9.95060847469958e-09,1.78088901866134e-08,1.75426663449004e-08,1.92505025415964e-08,1.15129327767609e-08,8.43183655794337e-09,4.83482235175496e-09,1.5880262148885e-08,8.66782285648403e-09,1.61412790343955e-08,7.77575146623278e-09,4.42607627590949e-09,2.97446538605479e-09,8.00412388377506e-09,7.35109223956887e-09,9.78320769372987e-09,4.16316119757458e-09,2.6019129075878e-09,1.71527674119982e-09,6.79014191559096e-09,3.31382729146182e-09,7.06542820786599e-09,1.49097215718941e-08,3.77348469893591e-08,4.20020739297876e-08,2.74746183221262e-08,6.58941590766848e-08,5.01930014097633e-08,4.38481896207596e-08,4.21707087223746e-08,1.6118399503454e-08,8.76497565924848e-08,3.44286484392861e-08,8.39812318394542e-08,3.82613243849284e-08,1.60420152704231e-08,7.01560498216061e-09,3.49343939770151e-08,9.1050360643554e-09,1.74759000472952e-08,1.31490543513024e-08,6.22726000625372e-09,5.97854803558287e-09,6.52045232722812e-09,9.56212871902893e-09,9.32571487865993e-09,5.73791560783047e-09,4.91261265010026e-09,5.19361046194257e-09,8.72455221999227e-09,5.25361175077997e-09,8.64677356883061e-09,4.36644930109613e-09,4.55638503849663e-09,1.85549438884825e-09,4.68105038308741e-09,7.51169389941629e-09,8.33742618165041e-09,4.05632555981554e-09,1.52137152610246e-09,-7.16398730015707e-10,7.07189842877578e-09,3.59495173742338e-09,6.6349906401948e-09,1.18840174760699e-09,-1.27411264527216e-09,1.60086546854058e-09,2.55950808126572e-09,5.10517241120041e-10,5.83172679817232e-09
2.79883213193004e-08,5.08354433670441e-08,1.07687033575752e-07,4.73281789664979e-08,7.89652881574732e-08,7.42719021284486e-08,5.991933502907e-08,1.22645260917177e-07,1.00323236723433e-07,9.12178032717319e-08,1.70779570349075e-07,1.32857078160999e-07,1.13359709929529e-07,8.92231956599202e-08,4.6770114708744e-08,1.55219955580039e-07,7.22455330645899e-08,1.2887693043861e-07,8.2212442293809e-08,4.21565971995491e-08,1.81113858926402e-08,6.64342802832288e-08,3.68953852271992e-08,5.78777663025337e-08,3.87872281441628e-08,1.5669171044894e-08,1.34800429090286e-08,3.32453411765798e-08,1.52204026897892e-08,2.98668526961744e-08,1.3660762553276e-08,1.17763692289034e-08,1.19768246960895e-09,1.33966047060046e-08,1.22283030497116e-08,1.09785732556708e-08,1.10522630282137e-08,1.21841345003763e-09,-1.29292570598181e-09,1.14143226917114e-08,1.9498394199147e-09,1.14309348622244e-08,1.23336253500161e-09,-1.15034305359941e-09,-2.47224185128050e-10,1.91380476830602e-09,-1.2132835106777e-09,2.37176455518188e-09,1.11049756889251e-08,1.69037843223492e-08,4.66114718718739e-08,2.07189798322606e-08,3.41240104240831e-08,3.56799692485873e-08,1.52584641644658e-08,5.05388463317066e-08,3.89455998116349e-08,3.49984326624346e-08,7.18443675786195e-08,5.27675451518499e-08,4.68513905081897e-08,3.50631599320404e-08,1.68134474587449e-08,6.78182447956622e-08,2.309294831123e-08,4.18959376185041e-08,3.15246892714455e-08,1.47852206859509e-08,4.5931983329891e-09,2.04858461673263e-08,1.03412075807185e-08,1.75936662145407e-08,1.4074305330887e-08,4.11720155211134e-09,4.80114793118516e-09,9.67544942802515e-09,4.30751603548459e-09,8.85657769394036e-09,3.51176541493104e-09,4.20932827085201e-09,1.98768237690837e-09,3.87530387313042e-09,8.02863500139584e-09,3.96671987743613e-09,3.98827480012509e-09,2.23239682186403e-09,-6.75766928167697e-10,7.70172656562283e-09,3.42620525958877e-09,7.55159722970566e-09,2.5236002316922e-09,-1.89623946420514e-10,1.98739356826768e-09,3.54575950434748e-09,9.37914328066235e-10,6.24406267520609e-09
5.38680659496304e-08,1.66007611873991e-07,7.79430688495385e-08,7.32243081692896e-08,1.9822359169139e-07,9.86854854775445e-08,2.37768339722407e-07,8.99724584419313e-08,8.36185089041104e-08,2.76484676546487e-07,1.32857078160999e-07,3.41683493811161e-07,8.2897464589366e-08,7.32243187676303e-08,3.50418426765109e-08,1.1974547943386e-07,5.91917815991473e-08,9.75314634235775e-08,6.69305716806624e-08,3.17133388251165e-08,1.82693334405465e-08,5.40569844385279e-08,3.10237143386448e-08,5.08320585190193e-08,2.87823795893438e-08,1.5713404410167e-08,2.37871447136555e-08,2.762258967892e-08,1.78198376960548e-08,2.63893663588966e-08,1.34867471944304e-08,2.09770504428484e-08,8.87824697072452e-09,1.57392089976549e-08,2.20521484131975e-08,1.39051640758312e-08,2.01372386625983e-08,8.41053569258324e-09,5.84183578838229e-09,2.09875046791478e-08,1.1662858496583e-08,2.30451730575617e-08,7.99882593026205e-09,5.20643635489922e-09,3.64020604301844e-09,1.08213458746771e-08,5.46401650749926e-09,1.10780203545256e-08,1.27464703337079e-08,3.11759985613251e-08,3.58240004236628e-08,2.1678810644886e-08,5.6073050377032e-08,4.24172638302152e-08,3.70084345105377e-08,3.70066114410829e-08,3.17448090310973e-08,7.72985891360545e-08,5.62647285275551e-08,1.12977590762315e-07,3.34994711000644e-08,2.98090985849597e-08,8.85932742086506e-09,5.4056900783772e-08,1.60445482437116e-08,2.92753503756427e-08,2.54609002690371e-08,8.00047582726321e-09,9.83892845835411e-09,1.31679473432181e-08,1.25670005849167e-08,1.66930611846345e-08,8.1112202795499e-09,9.33462032160818e-09,1.19266490212563e-08,1.22368679449278e-08,7.35005684266095e-09,9.28063924006069e-09,8.28780192288829e-09,1.04018457268618e-08,4.95781133140152e-09,6.6731020050383e-09,1.72798546071477e-08,1.02814271425651e-08,9.96764747420165e-09,4.78854721408331e-09,1.24693966237201e-10,1.64082535132108e-08,5.6165679188435e-09,1.50176752938891e-08,4.5345763017856e-09,-4.81461253706393e-10,2.66261199638707e-09,4.59450231375566e-09,1.46998681709111e-09,8.280423010646e-09
2.89156147247985e-08,5.21228187825077e-08,1.18300860268342e-07,4.92002501130986e-08,8.63119436932841e-08,8.31186926799126e-08,5.95196725380863e-08,1.33859141589893e-07,5.61281218733446e-08,9.84533848071436e-08,1.13359709929529e-07,8.2897464589366e-08,1.532121533767e-07,6.20928978268016e-08,3.07575370216662e-08,1.2993143696748e-07,5.40114592365153e-08,1.12516775731938e-07,5.72112137895331e-08,2.75371701800348e-08,1.2424859739159e-08,4.97201450224683e-08,2.43103083168563e-08,4.42138928278806e-08,2.51254022802942e-08,1.05825848778159e-08,3.46469398925726e-09,2.16816789290197e-08,1.24227813261233e-08,2.04145977605281e-08,8.87653308529188e-09,2.37701050231204e-09,-1.52747943219143e-09,1.08223411682339e-08,2.49103018899131e-09,1.09929462504564e-08,1.84788976563578e-09,-1.35534069627268e-09,-3.1345852572919e-09,2.04305809545396e-09,-4.19052132734568e-10,2.20501794815337e-09,-1.15641278004828e-09,-3.03815300173542e-09,-1.92502455320277e-09,-2.95587871993712e-10,-3.01994838552976e-09,-9.72361075011759e-10,1.1320290901556e-08,1.80838119624656e-08,5.1446514041344e-08,2.23033022437837e-08,3.71389925391988e-08,3.73889019498581e-08,1.67027704351768e-08,5.47372050751565e-08,1.8529107788757e-08,3.8000069572411e-08,4.7475341052804e-08,3.24352038239273e-08,6.36481869796686e-08,2.1707964779932e-08,1.32327196269231e-08,5.68915981090536e-08,1.29438414854461e-08,3.40904903143518e-08,1.93462782171675e-08,1.15871367405263e-08,6.29951390341557e-10,1.07900857134548e-08,7.04248128498829e-09,9.20746987400217e-09,1.0757364774149e-08,1.6526534720364e-10,1.54615902302623e-09,6.44637437168519e-09,2.19201433295695e-09,8.36649837366785e-09,-2.73339101565896e-10,1.15942082349269e-09,9.59610249719306e-10,1.55196845356643e-09,1.29586003195221e-09,2.95417737009036e-09,6.98457380296898e-10,1.06830786885859e-09,-1.04231594681335e-09,1.63543074100895e-09,3.18973959806943e-09,1.8992148098551e-09,1.15181033006006e-09,-7.79094464919324e-10,-1.85566093324752e-10,3.15700884515727e-09,-1.69109030954122e-10,5.34166577951945e-09
6.91427329946406e-09,1.25071296530371e-08,5.03498227991537e-08,1.29157037300321e-08,3.76950418588649e-08,3.93542765924052e-08,1.61317104822558e-08,5.61336421048077e-08,1.23058135944274e-07,4.50374794623096e-08,8.92231956599202e-08,7.32243187676303e-08,6.20928978268016e-08,1.38148882568216e-07,6.39472744189971e-08,9.98162666193812e-08,1.16269556818291e-07,8.23466253439293e-08,1.28125425713337e-07,5.75835198235225e-08,2.22083126887248e-08,1.07085697764892e-07,4.81388100088722e-08,9.40329952938574e-08,5.39331958465509e-08,1.9944358480143e-08,1.36335429953308e-08,4.44585415436792e-08,1.91259753759622e-08,4.0166438496387e-08,1.79645239373911e-08,1.21194674494617e-08,1.27902552184906e-09,1.73624386068436e-08,1.11430199435113e-08,1.45035980231058e-08,1.10253278482497e-08,1.2390915472913e-09,-1.44772638926277e-09,1.00495669049098e-08,1.81279496674149e-09,9.85154896203374e-09,1.17130584418912e-09,-1.23215146185468e-09,-8.03396354177859e-10,1.87532321412525e-09,-1.42400981431237e-09,1.48285834495039e-09,4.51735390214188e-09,4.85195866975361e-09,1.67291016971104e-08,5.49041625453703e-09,1.50159770566207e-08,1.51782138852599e-08,6.01831710435309e-09,1.73809032098607e-08,5.47530174612192e-08,1.73474592337508e-08,3.28507228485092e-08,3.3777782897725e-08,1.9706985972069e-08,5.90381809953081e-08,2.42844182908842e-08,3.68998739683326e-08,4.29361833482353e-08,2.75310572586801e-08,5.36331120483936e-08,2.1899458933378e-08,5.9417705333861e-09,3.90048223077617e-08,1.75325923701883e-08,3.31305419545356e-08,2.07436978868069e-08,5.33596556606856e-09,4.84122482222573e-09,1.65379202406092e-08,4.35397989002755e-09,1.46957547327554e-08,4.71762494636641e-09,4.26627167086128e-09,2.44651565827926e-09,3.92049561946237e-09,7.39441301331846e-09,5.95860744672747e-09,4.38865519156332e-09,2.15928817867102e-09,-1.53801049915576e-09,7.45358250120524e-09,3.19491884555109e-09,6.51346843738887e-09,2.66806387277465e-09,-8.54353371502822e-10,1.43563146183405e-09,3.35482593191017e-09,-1.83390839359631e-11,5.58395994983001e-09
4.35322239627102e-10,1.12056732654689e-08,2.53270996935839e-08,9.5556635132262e-09,2.01820171905958e-08,1.86149969635819e-08,1.2189479292021e-08,2.74963166076393e-08,5.68079464251931e-08,2.18884343397044e-08,4.6770114708744e-08,3.50418426765109e-08,3.07575370216662e-08,6.39472744189971e-08,1.59327729558742e-07,5.22670142269104e-08,1.20190290445847e-07,1.03566318728474e-07,5.75766724057873e-08,1.4313221552014e-07,5.93595503210336e-08,1.08613043502688e-07,1.20077301334578e-07,8.85309807725906e-08,1.35808193419719e-07,5.50513887490463e-08,2.47241384184874e-08,1.13086757247686e-07,4.96767647265399e-08,9.9351111792382e-08,5.11925963028479e-08,2.23808973650681e-08,1.97264953142379e-08,4.60907515090256e-08,1.94387634979226e-08,3.94764968632391e-08,2.10866909409914e-08,1.85741517589015e-08,3.12626395863647e-09,1.83994698155467e-08,2.04465031113181e-08,1.76054615488403e-08,1.75072790162422e-08,2.39809052923594e-09,2.84858821766403e-09,1.87799594885056e-08,3.87157335326221e-09,1.96695844932509e-08,4.04393573184775e-10,5.97948269219476e-09,3.99183088440843e-09,3.82334474167869e-09,3.9783260963399e-09,2.79616423947796e-09,6.80292058724169e-09,5.02082134871765e-09,1.94806665400907e-08,5.22619634729407e-09,1.53920167195374e-08,1.70293849467708e-08,7.60218107667095e-09,2.19862432527895e-08,6.37664938272445e-08,1.83233817981031e-08,3.75076629305246e-08,3.51117852769009e-08,1.978583175249e-08,5.75305530789256e-08,2.29499553063357e-08,3.49160190533422e-08,4.64179135819474e-08,2.84592486350707e-08,5.42074840261676e-08,2.12467164215337e-08,1.21042832491893e-08,4.34569334850654e-08,2.07616543762643e-08,4.1398618621549e-08,1.90799106632012e-08,1.12714327614856e-08,2.93580015962761e-09,1.91208211442642e-08,9.96137320357194e-09,1.80953790859466e-08,1.06014495405057e-08,3.64448856136995e-09,-1.31534071351199e-10,1.01643783548349e-08,4.10350038185796e-09,8.30079979504295e-09,3.22449401028781e-09,6.19407510891083e-10,2.51802511233616e-09,3.8523232381206e-09,1.48834450560142e-09,5.3167431794614e-09
2.61160321507795e-08,4.75156058374296e-08,9.94568246746732e-08,4.42606684301107e-08,7.18870788888276e-08,6.82562273831044e-08,5.65393616299988e-08,1.1335734908116e-07,8.92175272308371e-08,8.40273335904679e-08,1.55219955580039e-07,1.1974547943386e-07,1.2993143696748e-07,9.98162666193812e-08,5.22670142269104e-08,1.78506809886302e-07,7.99865509711225e-08,1.46866505483471e-07,9.21246690773651e-08,4.72599159463674e-08,2.05463801811567e-08,7.36324189891527e-08,4.13225499952605e-08,6.53904805061231e-08,4.36246595762922e-08,1.79596047068204e-08,1.49668314165756e-08,3.74284534990242e-08,1.69067268274679e-08,3.32521461191482e-08,1.57657074248036e-08,1.31658495715809e-08,1.58845496165874e-09,1.4970754821319e-08,1.36050905605847e-08,1.22358464533556e-08,1.20066377221554e-08,1.68262640100375e-09,-1.48648352726571e-09,1.23793910209505e-08,3.02024103820933e-09,1.26949078152391e-08,1.67658624835982e-09,-1.30602758113024e-09,-3.06137955121748e-10,2.98051106961901e-09,-1.16758961410941e-09,2.65902618051908e-09,1.08845259176793e-08,1.60155601716247e-08,4.30013484732776e-08,2.00792275283973e-08,3.0949780562829e-08,3.23998912425505e-08,1.42586923307637e-08,4.68477520189428e-08,3.50567186077997e-08,3.20803406861891e-08,6.78140907150467e-08,5.09420746178019e-08,5.37920572833075e-08,4.12108171055853e-08,1.95147399541889e-08,7.86757822839638e-08,2.69373690418039e-08,4.97241327817906e-08,3.73151552914107e-08,1.73131075125217e-08,5.07984658297995e-09,2.41361863070715e-08,1.41734628402098e-08,2.16763481892141e-08,1.65590924102506e-08,4.61367660591461e-09,4.9557242706296e-09,1.34610931842542e-08,4.5166020785647e-09,1.21903530248357e-08,3.99341096059526e-09,4.23751125178594e-09,3.26584817294372e-09,3.99483928173008e-09,8.35631687252562e-09,4.77933088876051e-09,4.49611846861389e-09,3.4640771689222e-09,-7.1937987848204e-10,8.31959667686743e-09,3.76810341167863e-09,7.33506615367563e-09,3.82944346951818e-09,-3.41975825792868e-10,1.97447715303396e-09,3.84432759923102e-09,1.25785429707837e-09,7.30703502485196e-09
5.89695694729956e-09,1.1923336195572e-08,4.46449994455423e-08,1.11689429155945e-08,3.50972300480788e-08,3.36427329986067e-08,1.63108516428303e-08,4.88416920749907e-08,1.03844467240313e-07,4.22897133595606e-08,7.22455330645899e-08,5.91917815991473e-08,5.40114592365153e-08,1.16269556818291e-07,1.20190290445847e-07,7.99865509711225e-08,1.86476857320052e-07,1.39430648403933e-07,1.07086263458423e-07,1.08621590199091e-07,5.11998120520352e-08,1.71515730717204e-07,8.71207907691612e-08,1.43673935374333e-07,1.02280982825126e-07,4.68891212980729e-08,2.3222299612185e-08,8.09467909524493e-08,4.24183282917177e-08,7.06645010527816e-08,4.29930800585965e-08,2.06265144391255e-08,1.95693306243941e-08,3.88251652452662e-08,1.74274313782172e-08,3.40560622996592e-08,1.92251981067812e-08,1.82275610319805e-08,3.91978924405025e-09,1.63552077648779e-08,2.03757450318909e-08,1.57685603933123e-08,1.7330902931733e-08,3.34554677817107e-09,2.8328769841205e-09,1.90338776757798e-08,5.05275319126845e-09,2.03663479063172e-08,4.27494865622859e-09,1.68278863929664e-09,1.49923012737035e-08,3.44918107043587e-09,1.30082057022202e-08,1.22179951721992e-08,3.06050561549547e-09,1.62854395003103e-08,4.69373211765845e-08,1.53414233682704e-08,2.69322304158471e-08,2.68628339794953e-08,1.85862841442462e-08,5.20516609327493e-08,5.04900902360249e-08,3.09897100081327e-08,7.21709314478938e-08,5.11736884408742e-08,4.74686382861662e-08,4.64800124882204e-08,2.1133319725462e-08,6.6417537398912e-08,3.85953966627691e-08,5.82548394397348e-08,4.39401243718413e-08,1.95694256561357e-08,1.2740836571924e-08,3.62275678224116e-08,1.81763938288435e-08,3.21971510607315e-08,1.73871982969363e-08,1.16470393943859e-08,4.23867302094065e-09,1.6403528249779e-08,9.88606472844578e-09,1.6611358924203e-08,1.06232487038084e-08,4.33354184323557e-09,1.9971600617264e-10,9.70480728286806e-09,5.77188764047234e-09,9.41008746909459e-09,4.22238529475543e-09,6.97282293773976e-10,2.42648471995504e-09,5.52663437718747e-09,1.54357535581709e-09,6.36540811098291e-09
2.10646054153222e-08,4.24428310275743e-08,8.78604114582677e-08,3.69941928783429e-08,6.37899266073933e-08,5.67608800075761e-08,5.01072837063912e-08,9.86990702300959e-08,7.42390395006495e-08,7.38351311871314e-08,1.2887693043861e-07,9.75314634235775e-08,1.12516775731938e-07,8.23466253439293e-08,1.03566318728474e-07,1.46866505483471e-07,1.39430648403933e-07,2.18535149853045e-07,7.56990423241126e-08,9.3860975625266e-08,4.1868102714977e-08,1.28456369671408e-07,7.17886234622003e-08,1.0328799822897e-07,8.76971230058817e-08,3.74146728643542e-08,1.82662338225917e-08,6.56539126809117e-08,3.25394180689997e-08,5.55201011957945e-08,3.363054665242e-08,1.56496246481597e-08,2.36807577833683e-08,2.9087964897615e-08,1.42236527109656e-08,2.48755413089542e-08,1.46946809474814e-08,2.2247148429671e-08,6.01741996689936e-09,1.35725119327181e-08,2.52472933642861e-08,1.34958389300594e-08,2.12081024261745e-08,5.02291198173809e-09,4.28647108179342e-09,2.33213558682988e-08,7.32008091587419e-09,2.50243020634701e-08,8.75962027410682e-09,1.25777581735431e-08,3.85737966610262e-08,1.69034511719198e-08,2.7408684543838e-08,2.79371667987106e-08,1.10731936278098e-08,4.27144021698939e-08,3.02766691177998e-08,2.88811953755351e-08,5.61581033206526e-08,4.14512756483008e-08,4.85882026839014e-08,3.61655912480968e-08,4.41226898587936e-08,6.68232944885698e-08,4.84505424940674e-08,8.16244171607596e-08,3.31244611467812e-08,4.0287956469176e-08,1.86277703077192e-08,4.45985451704328e-08,3.58760502659061e-08,4.43966864994756e-08,3.82262496041967e-08,1.72488409621328e-08,1.07651984869895e-08,3.37087149083459e-08,1.61687153002857e-08,2.92478540837853e-08,1.51650987236535e-08,9.63915463941844e-09,4.39297847182575e-09,1.44466329475144e-08,8.35677747762599e-09,1.23752371753726e-08,8.76232345428747e-09,4.84458167945101e-09,2.27695435015453e-09,8.13095530078495e-09,6.4068295229734e-09,7.76714471567939e-09,4.52198008707582e-09,2.58466498828904e-09,3.79305160640746e-09,5.93840206445771e-09,4.72251003594261e-09,8.59174591760787e-09
6.20814861352992e-09,1.12801733448942e-08,4.63412321251755e-08,1.12619978382568e-08,3.48368644635838e-08,3.58154057794347e-08,1.41539937433139e-08,5.16860907163624e-08,1.14127012062338e-07,4.1037615431317e-08,8.2212442293809e-08,6.69305716806624e-08,5.72112137895331e-08,1.28125425713337e-07,5.75766724057873e-08,9.21246690773651e-08,1.07086263458423e-07,7.56990423241126e-08,1.45105586924886e-07,6.19407480806886e-08,2.41781134539596e-08,1.20876521163139e-07,5.21939524273481e-08,1.06393239494889e-07,5.8010141411557e-08,2.17380079743365e-08,1.63168900426243e-08,4.83036842646869e-08,2.08518413711861e-08,4.34228279741465e-08,1.96905459117784e-08,1.46833700216661e-08,1.46332296111638e-09,1.90056253672692e-08,1.41194108584983e-08,1.61194265813814e-08,1.22010365054255e-08,1.44895792822405e-09,-1.46078343091361e-09,1.16541697363528e-08,1.99969837231184e-09,1.13667751288692e-08,1.45192243465499e-09,-1.51724178116312e-09,-9.47947437490519e-10,2.0584006500488e-09,-1.62932583828477e-09,1.83087918240852e-09,4.10040613597187e-09,4.27313593533404e-09,1.4491618843259e-08,4.02118367618358e-09,1.36503916905748e-08,1.21705745806697e-08,5.26003530943008e-09,1.49914062268975e-08,4.9693036030492e-08,1.56983192839705e-08,2.88575147502762e-08,3.02202350560677e-08,1.73875429086902e-08,5.36452045195216e-08,2.18899327323186e-08,3.30357876167506e-08,3.90182026250402e-08,2.53414535822497e-08,6.63853006202275e-08,2.61309193681792e-08,6.35516281548126e-09,5.11760167810359e-08,2.03304608048124e-08,4.34235787786935e-08,2.47240074441745e-08,5.57569209307618e-09,4.49180329647892e-09,1.90505696750201e-08,4.81011143657682e-09,1.75463935595939e-08,4.90145752411475e-09,3.94007053257719e-09,2.33423781844282e-09,4.41579092739865e-09,8.05403031502829e-09,5.69707166742381e-09,4.08253566428648e-09,1.97188602112356e-09,-1.51542667426473e-09,8.13076772357876e-09,2.88900892983265e-09,6.50624294564809e-09,2.48819161949425e-09,-9.17453989999524e-10,1.4200073574065e-09,3.12049515314843e-09,3.99059881943266e-10,6.65349126477378e-09
