3.52849369606628e-08,1.87161057772955e-08,9.18200418980623e-09,2.85922381359248e-08,1.78392976464984e-08,2.6757619790622e-08,1.59296563989638e-08,7.64571497901182e-09,7.18586366312605e-09,1.52827224761305e-08,7.93670180964774e-09,1.54452782622702e-08,6.37265050857391e-09,6.11511850658421e-09,3.99972066082845e-09,6.69857278239668e-09,6.9080451994757e-09,7.51907548009478e-09,5.24752102199911e-09,3.31752015378105e-09,2.50655992422436e-09,5.84471782152329e-09,3.41484419956314e-09,6.0164464481106e-09,3.07171851705673e-09,2.44978692978879e-09,2.28915799634216e-09,3.1836708324798e-09,2.78252031291809e-09,3.30180458263322e-09,2.4615462109531e-09,2.18673756442986e-09,1.81358157623955e-09,2.73397472899273e-09,2.35286384013917e-09,2.8653197312584e-09,1.84144469226217e-09,1.58442098213707e-09,1.59988267885944e-09,1.9537732872282e-09,1.87765338084366e-09,2.16338424017371e-09,1.55716761896243e-09,1.5494335705555e-09,1.48021211761062e-09,1.8316485033418e-09,1.72884705367906e-09,2.03151722863189e-09,1.61719887087569e-08,8.18730048412014e-09,2.61467529537684e-09,1.37682425279265e-08,7.62049110622283e-09,1.23242429557782e-08,6.56059836325472e-09,2.54749568243768e-09,2.68814963023197e-09,6.5053343511894e-09,2.87099898553455e-09,6.25192306764412e-09,2.29803752947061e-09,2.21974435780502e-09,1.67192197009597e-09,2.42204075942494e-09,2.1971927780117e-09,2.35657656159064e-09,1.86100927446491e-09,1.39560670491207e-09,9.43485711745841e-10,2.17173493852683e-09,1.37186860127473e-09,2.03109360960028e-09,1.15734119563e-09,9.43199143107266e-10,8.07934537182585e-10,1.33275083788257e-09,8.5536627065722e-10,1.29944378786465e-09,9.35342585864006e-10,5.73276254652998e-10,9.23910094990043e-10,7.899356067939e-10,7.75383485178324e-10,1.11297778503875e-09,4.9809026201479e-10,8.18678541432105e-10,6.9201355889507e-10,5.97940201847173e-10,7.74806519374761e-10,6.72884642496704e-10,8.91178909891497e-10,5.64086407566284e-10,-9.49736788367456e-11,8.72278860362274e-10,5.14829345223932e-10,6.60609388500124e-10
1.87161057772955e-08,7.84426628277183e-08,2.31932959336848e-08,3.75851513302937e-08,6.91188894015977e-08,3.05200167179099e-08,6.76794440122188e-08,1.9328572715932e-08,1.01016588040693e-08,5.96582832927494e-08,1.8463825110904e-08,5.87807656454411e-08,1.68167782821619e-08,8.82446511032824e-09,9.43540986053813e-09,1.6158919537652e-08,1.08727614438191e-08,1.80385405446185e-08,7.22850788135627e-09,8.01523066551977e-09,4.54795594671342e-09,8.87842539098524e-09,8.21149368275588e-09,8.64752215796603e-09,6.81314811046082e-09,4.3649167469633e-09,3.66008467172074e-09,7.32037367569276e-09,4.75316082392711e-09,7.68197659555107e-09,4.19196923397499e-09,3.48428903581049e-09,3.2636461978153e-09,4.62268871951825e-09,3.95866793488717e-09,4.98540490304468e-09,3.13415924209448e-09,2.80812574531987e-09,2.83254934680518e-09,3.47887722130528e-09,3.41305673132417e-09,4.01406331949111e-09,2.57431572849784e-09,2.80011233130857e-09,2.96641349501066e-09,3.11345857261647e-09,3.4912958327918e-09,3.37555097067832e-09,8.58718250641879e-09,2.4129304821819e-08,9.24803191241738e-09,1.72501965796623e-08,2.45548543050359e-08,1.44178667750282e-08,1.92078528505569e-08,7.95211637510856e-09,3.78343335412298e-09,1.99704276392267e-08,7.37020256035043e-09,1.91194619633045e-08,7.03090752060595e-09,3.535702467345e-09,3.64970146538446e-09,6.59684548563864e-09,3.69834578277523e-09,6.18571229584623e-09,2.88080368291341e-09,3.34571522429211e-09,1.25638139644631e-09,3.58671532637608e-09,4.02064385504482e-09,2.89050499484473e-09,2.45331398669356e-09,1.30722271667369e-09,7.09110381588266e-10,3.3254786790097e-09,1.23928385148236e-09,2.51690030003971e-09,1.38698755198596e-09,5.63177856809869e-10,1.19742759827406e-09,1.24414542582235e-09,1.32989427026411e-09,1.19407473712674e-09,7.70208302364517e-10,1.03895060855294e-09,8.25646304973424e-10,9.69461405760006e-10,1.02755305397271e-09,1.27549962702025e-09,8.65838651144824e-10,7.20505930545789e-10,1.31199429264458e-09,1.16023813985701e-09,1.30594926019784e-09,1.70671916533486e-09
9.18200418980623e-09,2.31932959336848e-08,4.97820516133679e-08,1.87826907395365e-08,4.20752330950902e-08,3.58638420492865e-08,1.93442507418306e-08,4.08548726162574e-08,1.78815452506783e-08,3.39826410308464e-08,3.32326075669961e-08,2.75893360517508e-08,3.54588293036021e-08,1.56247601113613e-08,9.35605416679287e-09,2.90725750932086e-08,1.58490125137003e-08,2.83992009381051e-08,1.30115122419653e-08,7.72360203456069e-09,6.70956219944484e-09,1.33345399289278e-08,7.94707849916541e-09,1.31084169877608e-08,6.70507554957056e-09,6.37580962788262e-09,3.61670748117102e-09,6.92507116644393e-09,6.89300955082316e-09,6.59368165690616e-09,5.68824322232547e-09,3.33217616481977e-09,3.04236795868345e-09,6.16277696993081e-09,3.6761706102034e-09,6.88169901460752e-09,3.07144613480434e-09,2.62697220414833e-09,2.44701100413359e-09,3.39779378292141e-09,3.03441217321594e-09,3.77421908328681e-09,2.51935234259485e-09,2.06197454438899e-09,2.69274450947655e-09,2.71830315190616e-09,2.48459499040009e-09,3.26950298136179e-09,4.12553155821109e-09,7.64696928047219e-09,1.86537729929911e-08,6.81868622273442e-09,1.42411836131703e-08,1.48525728697712e-08,5.95800600000703e-09,1.5975032373561e-08,6.90688477390424e-09,1.20499848770271e-08,1.34435969431381e-08,1.05169379376035e-08,1.43223184187501e-08,6.00777522424377e-09,3.34164633889244e-09,1.16924583975034e-08,5.35575647809501e-09,1.0828772396628e-08,5.26001402803604e-09,2.47109377312049e-09,1.73151670709398e-09,4.9770889747136e-09,2.81902369579826e-09,4.89818963051989e-09,1.87667843104448e-09,1.75643299287351e-09,7.45924332861983e-10,2.30159628688693e-09,2.00980506315162e-09,2.02753286122018e-09,1.44544222452838e-09,8.40490667032456e-10,5.47152830798513e-10,2.02749515276856e-09,1.12640229953861e-09,1.80087656015671e-09,9.60521064249156e-10,5.01074639217199e-10,8.38664116757018e-10,9.0388767391959e-10,7.90443075740888e-10,1.1616473912899e-09,6.35232472787117e-10,8.00382065411103e-10,8.5931723635129e-10,8.44048439447904e-10,5.21267464126834e-10,7.23113305494048e-10
2.85922381359248e-08,3.75851513302937e-08,1.87826907395365e-08,5.03908219678112e-08,3.04501728057083e-08,4.06061431869529e-08,3.19522558446519e-08,1.55053802365768e-08,8.94463973830832e-09,2.57425791145221e-08,1.44555395331492e-08,2.47914124374924e-08,1.31069099999041e-08,7.6501895575063e-09,8.95978835835275e-09,1.23157384268258e-08,8.80753292034102e-09,1.34998587015777e-08,6.23659627844608e-09,7.64728350998855e-09,3.73464217025388e-09,7.17758095938765e-09,7.7623945534456e-09,6.94480542829221e-09,6.8795929642742e-09,3.74287032476048e-09,3.15709634752233e-09,7.15820157454741e-09,3.85055709643955e-09,7.35359473248207e-09,3.79511730921834e-09,3.04818480272503e-09,2.65351923612668e-09,3.92930272494627e-09,3.36035203747321e-09,4.22334684764048e-09,2.65095978931879e-09,2.38586401806579e-09,2.26444626538413e-09,2.91653578651163e-09,2.96507008381588e-09,3.40543679344911e-09,2.12888735492977e-09,2.30093287325618e-09,2.31490728331485e-09,2.74203195780802e-09,2.72831442292731e-09,2.97891511980862e-09,1.30458727571424e-08,1.67226642183855e-08,7.2342755284269e-09,2.28767635824621e-08,1.33814947851515e-08,1.92443170958725e-08,1.38976726916113e-08,6.25819856384368e-09,3.29897945354215e-09,1.12243723925186e-08,5.52392288238126e-09,1.11180962884394e-08,5.46058489578923e-09,2.81712990035109e-09,3.47083113706047e-09,4.85016139037916e-09,2.9971287200611e-09,4.78795585547074e-09,2.34686560808112e-09,3.12605151974106e-09,1.19800157968101e-09,2.82802301704937e-09,3.29241250083795e-09,2.17276253782555e-09,2.4326191070073e-09,1.26648936707993e-09,8.96504626058156e-10,2.90848985472074e-09,1.09032786330559e-09,2.45325242338688e-09,1.37306426473058e-09,5.35482045614937e-10,1.01564066303414e-09,1.17745048682595e-09,1.0748307651285e-09,1.52388345420787e-09,4.95406587956383e-10,9.1023187471049e-10,7.79944853089425e-10,8.13774457275043e-10,9.35057484366594e-10,1.0667292249693e-09,9.6284722637507e-10,7.33060399750432e-10,5.31279215015818e-10,1.35573668787405e-09,8.65261653934688e-10,1.22004797224452e-09
1.78392976464984e-08,6.91188894015977e-08,4.20752330950902e-08,3.04501728057083e-08,9.81576893903526e-08,5.06463264334117e-08,5.9663449330955e-08,3.39666490264376e-08,1.73088606736331e-08,8.25437842729124e-08,2.80157547040445e-08,7.37451211481972e-08,2.9470721920867e-08,1.51609837499279e-08,9.88074677879555e-09,2.44358828758091e-08,1.66461054385595e-08,2.54937691513029e-08,1.27146449826504e-08,8.25844489334068e-09,7.49232212364034e-09,1.40472495679372e-08,8.29614827529941e-09,1.38713298929092e-08,6.95643499471247e-09,7.22769569777947e-09,4.55692240249432e-09,7.37747024793487e-09,8.1071809976841e-09,7.40269417319745e-09,6.77350845209098e-09,4.48716524395344e-09,4.00389178694507e-09,7.70660066499405e-09,4.9729095205762e-09,8.2230024814733e-09,4.17921670993397e-09,3.34310385955046e-09,3.4214174192993e-09,4.55247077611142e-09,4.07926186851228e-09,5.07321582011659e-09,3.30227143225752e-09,3.56232386171022e-09,3.76037858202754e-09,4.00844432472559e-09,3.82997649879081e-09,4.22646438433681e-09,8.17258521712888e-09,1.63878610152386e-08,1.56312074741804e-08,1.19862054666877e-08,3.08260204628648e-08,2.18087449948302e-08,1.30646812550431e-08,1.31082055007585e-08,6.49110687178739e-09,2.58882397704455e-08,1.17287807321761e-08,2.41091654709821e-08,1.16422979352642e-08,6.04066954246886e-09,2.95853198468644e-09,1.049514162556e-08,5.37800366222276e-09,9.10603174053019e-09,5.10696294745283e-09,2.49444695602163e-09,1.1511455992763e-09,5.22896975614564e-09,2.80012608567384e-09,4.94919935583712e-09,2.15809480374751e-09,1.32936614625359e-09,1.20275311696955e-09,2.6614179932671e-09,1.90174251588497e-09,2.23199129008952e-09,1.36777164669001e-09,1.26865471877909e-09,6.9825495610485e-10,1.90871037588636e-09,1.39228482574141e-09,1.49312711387392e-09,1.56082281510425e-09,5.52152586472723e-10,6.47403944779265e-10,9.21011642750188e-10,8.73625056557434e-10,1.26799362729336e-09,7.72270757746049e-10,8.10307326277989e-10,1.67667311729096e-09,1.29591661941388e-09,1.51883567188867e-09,1.59993929424626e-09
2.6757619790622e-08,3.05200167179099e-08,3.58638420492865e-08,4.06061431869529e-08,5.06463264334117e-08,6.35268859744679e-08,2.5746732340408e-08,2.87561752005698e-08,1.51100803832091e-08,4.13408738171396e-08,2.29029270497468e-08,3.46850812754054e-08,2.45490544668531e-08,1.28814218747869e-08,8.4589050814656e-09,1.9576235716042e-08,1.35896559239294e-08,1.99485092077079e-08,1.07839435597804e-08,7.11049266722761e-09,6.53151692556338e-09,1.14581093951063e-08,7.3504980812341e-09,1.15570135881914e-08,6.20467546212605e-09,6.36667398272645e-09,3.89299670825477e-09,6.45316120963624e-09,6.82942983572366e-09,6.28820433407331e-09,6.16823759225282e-09,3.87471106953473e-09,3.30830576109655e-09,6.67788650698603e-09,4.2900090451516e-09,7.24840916362163e-09,3.44197993948067e-09,2.79583400267135e-09,2.79596439856969e-09,3.80999210258869e-09,3.37871071782602e-09,4.15110648547962e-09,2.8939242995039e-09,2.99427261796986e-09,3.03719173787778e-09,3.49675096739535e-09,3.11488077941979e-09,3.63017305744257e-09,1.22132966567952e-08,1.09785080789887e-08,1.31123241926882e-08,1.67143588110059e-08,1.94430610074598e-08,2.76029308247697e-08,9.20207595940833e-09,1.12281596116471e-08,5.89515916555531e-09,1.67727076569552e-08,9.37483013199215e-09,1.50543704206105e-08,1.01732924942637e-08,4.90432368775801e-09,3.01456246047597e-09,8.11710468296169e-09,4.47752043758835e-09,7.2381444435103e-09,4.25118737401126e-09,2.62043856530412e-09,1.36722763487349e-09,4.19018327521739e-09,2.70731654414195e-09,4.13336176831657e-09,2.03149213050134e-09,1.43905058776379e-09,1.09316753953867e-09,2.30950988512756e-09,1.92080438880223e-09,2.3260127491003e-09,1.37878136070769e-09,1.06021266555504e-09,6.5388833833452e-10,1.97809310701341e-09,1.44944213426535e-09,2.01915792599123e-09,1.0465134614267e-09,6.21813640049389e-10,3.86454361868072e-10,1.1195984334408e-09,6.64440674149999e-10,9.90916732778537e-10,1.03461873479097e-09,6.43202893233033e-10,7.80290092149245e-10,1.40064022331319e-09,8.21989187537082e-10,1.13272174677673e-09
1.59296563989638e-08,6.76794440122188e-08,1.93442507418306e-08,3.19522558446519e-08,5.9663449330955e-08,2.5746732340408e-08,9.41911753111169e-08,2.47921960535933e-08,1.19723965452084e-08,8.66629897290757e-08,2.41985820518542e-08,8.65131981388936e-08,2.1695532365482e-08,1.02620031352388e-08,1.07739245241777e-08,2.13419782047546e-08,1.25584367309027e-08,2.35630282638964e-08,8.48849468069852e-09,9.10220079338482e-09,5.27915529917669e-09,1.03104244943736e-08,9.46846219909644e-09,1.02147936490021e-08,7.79211077425563e-09,4.8953658045478e-09,4.02292744834376e-09,8.4616040686728e-09,5.24452095087978e-09,8.78278896382697e-09,4.71007388112736e-09,3.84621217992338e-09,3.37958008234235e-09,5.14262110457361e-09,4.30670232532022e-09,5.42078893166686e-09,3.40649945093624e-09,2.82066515401632e-09,3.17645745049684e-09,3.69320629336488e-09,3.38741732825738e-09,4.35971909921554e-09,2.36439098936506e-09,2.57219270400846e-09,2.6848235497332e-09,2.76701948068687e-09,3.27507596958594e-09,3.05798938399591e-09,7.33681780123783e-09,1.92150480059407e-08,7.9480972409902e-09,1.49344339094259e-08,1.99654788916323e-08,1.26377384210569e-08,3.39910318433647e-08,1.04858275800445e-08,4.692319097603e-09,3.4948684601442e-08,9.82473823494336e-09,3.41512905205217e-08,9.08657213544645e-09,4.11223689393813e-09,4.15686232441476e-09,8.41884473755179e-09,4.58088255932525e-09,8.7356509222453e-09,3.27300195524563e-09,3.67413381371871e-09,1.65548545031644e-09,4.21849912097677e-09,4.22546084170453e-09,3.52627343244567e-09,2.83604974852067e-09,1.51276090579734e-09,8.01476310685993e-10,3.5313765684438e-09,1.46861924224031e-09,2.63325466833369e-09,1.51397469213594e-09,4.96276005611584e-10,1.39193293502591e-09,1.37096213707544e-09,1.26989253428772e-09,1.22475262175372e-09,7.17890283196988e-10,1.05981625319475e-09,8.27488112263757e-10,9.54762176825261e-10,1.04918039292667e-09,1.21570888030969e-09,9.73592467682382e-10,7.93203438249084e-10,1.06352547845619e-09,1.12855581498612e-09,1.18216707792248e-09,1.34574023767695e-09
7.64571497901182e-09,1.9328572715932e-08,4.08548726162574e-08,1.55053802365768e-08,3.39666490264376e-08,2.87561752005698e-08,2.47921960535933e-08,4.76203201964729e-08,2.01562217818395e-08,4.24101138373105e-08,3.87954219384065e-08,3.5063343149806e-08,4.11643650080358e-08,1.74118401861234e-08,1.05669160511975e-08,3.38658176543891e-08,1.76897558869966e-08,3.32865353376055e-08,1.42825008972768e-08,8.73576198510823e-09,7.62310883109103e-09,1.47571114068898e-08,9.02536890963305e-09,1.46303682962955e-08,7.72143069302625e-09,7.18407298117986e-09,3.98716527076387e-09,7.93472669903026e-09,7.74421677530752e-09,7.53911014586755e-09,6.53871667507497e-09,3.67212139745075e-09,3.21536801193441e-09,6.96089420495917e-09,4.01478798993975e-09,7.64150354216727e-09,3.34598796632817e-09,2.72047153914322e-09,2.63040547007827e-09,3.67867282470437e-09,3.08587888773171e-09,4.02138158357303e-09,2.23616797300084e-09,2.0744450812548e-09,2.12306166499576e-09,2.4450900272594e-09,2.46257294764027e-09,3.018974840365e-09,3.56906949931878e-09,5.95463964966448e-09,1.59705543939528e-08,5.45901608034761e-09,1.20407210427788e-08,1.23936066852069e-08,9.5801252498958e-09,1.87341889417079e-08,7.85672316109391e-09,1.7056833057978e-08,1.63036373995976e-08,1.53424806907221e-08,1.65898964613286e-08,6.52106843481529e-09,3.48671605026009e-09,1.39992086673933e-08,5.81885393483576e-09,1.29729317939191e-08,5.41089288965418e-09,2.63494796549066e-09,2.02707202937514e-09,5.2289069819037e-09,2.94281400471877e-09,5.22965315338414e-09,2.07936507710911e-09,1.89990660726557e-09,9.11842218963122e-10,2.44785985984128e-09,2.09955849123763e-09,1.85054500314033e-09,1.64134059931159e-09,8.01123262312466e-10,6.17788596350761e-10,2.07986299739935e-09,1.34793345692326e-09,1.91634043492667e-09,8.86267094966641e-10,5.53911984834157e-10,8.27456498668821e-10,1.04683346606933e-09,9.4510886097534e-10,1.27988671361223e-09,5.58410917765652e-10,6.85039292620424e-10,7.86754049174771e-10,7.19099620468797e-10,3.36736074355494e-10,6.22160095333853e-10
7.18586366312605e-09,1.01016588040693e-08,1.78815452506783e-08,8.94463973830832e-09,1.73088606736331e-08,1.51100803832091e-08,1.19723965452084e-08,2.01562217818395e-08,4.82970473120784e-08,2.05010542991915e-08,3.79038354189102e-08,3.75424368004719e-08,1.74179428475823e-08,4.02693734242274e-08,1.93681024433786e-08,3.19839605797041e-08,3.42422231683252e-08,2.7315342388463e-08,3.29909857388063e-08,1.61715102875859e-08,7.29356341967157e-09,2.86189329976508e-08,1.43539715615416e-08,2.63705564528559e-08,1.33627476164775e-08,6.07118037173008e-09,5.99893018884372e-09,1.17878225270289e-08,6.530145054426e-09,1.16510156960293e-08,5.42165471450785e-09,5.30625305812595e-09,3.18001928537808e-09,5.62641680834957e-09,5.88230338177308e-09,6.06679002671064e-09,4.85490479454751e-09,2.89149463055503e-09,2.38782433536231e-09,5.41867365423129e-09,3.42969085970031e-09,5.98815721586222e-09,2.41666466110389e-09,1.96699756476297e-09,1.56024365831568e-09,2.77804326060392e-09,1.91714737534865e-09,2.87075213887971e-09,3.82018604372278e-09,2.87666578258836e-09,6.13710946064129e-09,2.86089448350154e-09,5.8161389027617e-09,6.04533898084213e-09,4.1798436383245e-09,6.78929914736099e-09,2.00666073882909e-08,7.88784581027659e-09,1.32406279181397e-08,1.4197397334994e-08,6.16382476081813e-09,1.61212877334778e-08,8.4657933548364e-09,1.09761863984478e-08,1.34957457644532e-08,9.76785089896703e-09,1.29525170848933e-08,6.96032735467228e-09,2.35075558018847e-09,1.12974918175117e-08,5.98004112539922e-09,1.0552649710167e-08,5.34656146762141e-09,2.10538651549791e-09,1.97869019672514e-09,4.70381881716901e-09,2.41219585505008e-09,4.17890149155513e-09,1.9609162829704e-09,1.28605364066293e-09,7.84705055391213e-10,2.22374924697777e-09,1.43954822031078e-09,1.39319382626361e-09,1.06846062013228e-09,7.23313752538981e-10,9.56867734115918e-10,1.21950477146994e-09,1.14366380876082e-09,1.15164360960818e-09,7.21224592957345e-10,8.68677089798513e-10,5.65374920603216e-10,1.00786583559618e-09,1.19253959466323e-09,1.4471500947908e-09
1.52827224761305e-08,5.96582832927494e-08,3.39826410308464e-08,2.57425791145221e-08,8.25437842729124e-08,4.13408738171396e-08,8.66629897290757e-08,4.24101138373105e-08,2.05010542991915e-08,1.16891046732569e-07,3.59219490333227e-08,1.06519556231921e-07,3.68322957995998e-08,1.767147330529e-08,1.16023062254277e-08,3.15150429763976e-08,1.9170059529329e-08,3.2790215096205e-08,1.48233888364103e-08,9.79587455471833e-09,9.15774807016928e-09,1.61722912698005e-08,1.00480316461803e-08,1.6474726621066e-08,8.4455593336732e-09,8.74969967090761e-09,5.02687695652904e-09,8.95177225679908e-09,9.29068884069457e-09,8.89748222980091e-09,8.31801156806350e-09,4.97372688616622e-09,4.16494734909548e-09,8.89889694497247e-09,5.42410377141405e-09,9.30851764139834e-09,4.55463138562971e-09,3.39975567235434e-09,3.64180147476584e-09,4.84961547807986e-09,4.10969685055603e-09,5.48750140134051e-09,2.97745919142195e-09,3.06334698573091e-09,3.20882105567127e-09,3.43756757101369e-09,3.62224967116697e-09,3.89143786679679e-09,7.00446841509513e-09,1.30709112652985e-08,1.31026303457713e-08,1.03641773945627e-08,2.58801394065467e-08,1.84818344809217e-08,2.90230408862255e-08,1.68591621991422e-08,7.63581857839073e-09,4.47020092689126e-08,1.53798783996357e-08,4.28907099476406e-08,1.46277914129331e-08,6.76792136061696e-09,3.6017039454861e-09,1.3382706222106e-08,6.28467805771444e-09,1.25607992757936e-08,5.4125147777013e-09,3.07001263452858e-09,1.58031321609575e-09,5.74978213447257e-09,3.18654850679619e-09,5.76036308146345e-09,2.87950906480529e-09,1.67802902990755e-09,1.43317924158568e-09,3.03876176368195e-09,2.15669747930525e-09,2.58528308368586e-09,1.69774824095457e-09,1.31991210353127e-09,1.02354690190641e-09,2.12410079946635e-09,1.8413287370225e-09,1.30397166641083e-09,1.5516572627895e-09,7.5993617779778e-10,6.2634830690473e-10,1.30650446766794e-09,1.2668567878297e-09,1.32425547751578e-09,7.15679380499359e-10,7.4027451162917e-10,1.3334773957829e-09,7.97508765495938e-10,9.91769557663252e-10,8.56875427913904e-10
7.93670180964774e-09,1.8463825110904e-08,3.32326075669961e-08,1.44555395331492e-08,2.80157547040445e-08,2.29029270497468e-08,2.41985820518542e-08,3.87954219384065e-08,3.79038354189102e-08,3.59219490333227e-08,6.06389498014289e-08,5.61952481475091e-08,3.38685456610295e-08,3.19788033355107e-08,1.78971594688401e-08,5.22093248946094e-08,2.73553700858608e-08,4.52574191876988e-08,2.57856628696119e-08,1.46291289260109e-08,7.3778390629783e-09,2.25541960862254e-08,1.37704341243428e-08,2.09244560792071e-08,1.245566503663e-08,6.35876158164694e-09,6.55309679109287e-09,1.16962044284028e-08,7.07843784085874e-09,1.15128094826726e-08,5.58374500401891e-09,5.8651712915523e-09,3.8766736212154e-09,6.04003095886021e-09,6.51975063930988e-09,6.38435593719204e-09,5.35580975557231e-09,3.47359410575524e-09,3.12353753919387e-09,6.08373271952908e-09,3.96708952520087e-09,6.47613656827915e-09,2.84927126127926e-09,2.50336755783841e-09,2.33871069851127e-09,3.12932827063541e-09,2.78794476534162e-09,3.52574756203695e-09,4.41477137694062e-09,5.88106099280181e-09,1.2206293995521e-08,5.51684350891732e-09,9.72749694472947e-09,1.02007922847375e-08,9.48896682453607e-09,1.41816749439612e-08,1.54013577463587e-08,1.4240420911546e-08,2.27735665739762e-08,2.2493073449765e-08,1.25887262960468e-08,1.25559573353444e-08,7.35382295147875e-09,1.92818794435631e-08,1.02496974709677e-08,1.72633364989216e-08,1.01054324414737e-08,5.93229662368957e-09,2.30738846917471e-09,8.60748076425914e-09,5.69824599230008e-09,8.32415000758078e-09,4.50748979303915e-09,2.08291003986466e-09,1.78423218549796e-09,4.33400320008654e-09,2.14111845896673e-09,3.44932929878409e-09,1.94817222175544e-09,1.08711798186915e-09,1.15387806846884e-09,1.92208440048002e-09,1.75248019497281e-09,1.8176416815111e-09,1.0424171445758e-09,9.56694598524348e-10,1.33555365210112e-09,1.44000076019178e-09,1.47501183945186e-09,1.44225859536741e-09,9.70113349525429e-10,9.93910801219473e-10,9.37795006713619e-10,1.20370469546086e-09,1.10039811074879e-09,1.45531379646121e-09
1.54452782622702e-08,5.87807656454411e-08,2.75893360517508e-08,2.47914124374924e-08,7.37451211481972e-08,3.46850812754054e-08,8.65131981388936e-08,3.5063343149806e-08,3.75424368004719e-08,1.06519556231921e-07,5.61952481475091e-08,1.40495721253282e-07,3.07666846122671e-08,3.15539767659775e-08,1.85671782446473e-08,4.85583111235184e-08,2.85734124040698e-08,4.40995091057365e-08,2.59067822686354e-08,1.56046032860339e-08,8.57929721280174e-09,2.39981159504489e-08,1.51584371282012e-08,2.29011166533215e-08,1.33252942468904e-08,7.60566229143452e-09,7.67313647955958e-09,1.3243756399459e-08,8.32651118189124e-09,1.29320594043639e-08,6.92785185004968e-09,7.30563692919032e-09,4.88155011278473e-09,7.5972545705004e-09,7.95884939169065e-09,7.86483514548347e-09,6.56477953820507e-09,4.2149232091463e-09,4.40956570983904e-09,7.15336718065041e-09,5.38138442525233e-09,8.18806515100772e-09,3.57471820510968e-09,3.69854706012676e-09,3.44219469194908e-09,4.31829784057926e-09,4.03733720785972e-09,4.49820509812185e-09,8.04268167787622e-09,1.21458390901446e-08,1.01268512958708e-08,1.01119588112383e-08,2.25194484138172e-08,1.61301130947118e-08,2.85661288899381e-08,1.30821682438428e-08,1.53432151976997e-08,4.04910153532841e-08,2.26616907291326e-08,5.34599721488251e-08,1.1328173496562e-08,1.29216059646193e-08,7.08528337996808e-09,1.93644419992262e-08,1.0787296946981e-08,1.70107594059102e-08,1.0150118541354e-08,6.16975837430501e-09,2.28425731242914e-09,9.33102666689471e-09,6.00359883965171e-09,9.06065268735376e-09,5.0326349159434e-09,2.35229405575125e-09,2.28820673295312e-09,5.14357886683957e-09,2.69013531030748e-09,4.09451070598932e-09,2.32585907352353e-09,1.63959629821635e-09,1.3717487629486e-09,2.53393286151699e-09,1.59539415652065e-09,1.7846050749133e-09,1.74583355878742e-09,9.6601960149779e-10,1.42579093534898e-09,1.21118452639415e-09,1.85041787896773e-09,1.71569857014885e-09,1.09425092305857e-09,1.17565998944155e-09,1.32929782274032e-09,1.43248628163413e-09,1.74603400658996e-09,1.84465698473218e-09
6.37265050857391e-09,1.68167782821619e-08,3.54588293036021e-08,1.31069099999041e-08,2.9470721920867e-08,2.45490544668531e-08,2.1695532365482e-08,4.11643650080358e-08,1.74179428475823e-08,3.68322957995998e-08,3.38685456610295e-08,3.07666846122671e-08,4.96887538600042e-08,2.05786577575475e-08,1.22846479732505e-08,4.02375340793996e-08,2.09351762893839e-08,3.93828713213485e-08,1.67329420185633e-08,1.02726036884482e-08,9.36837310194037e-09,1.73252207759231e-08,1.05392814125732e-08,1.73944009718405e-08,8.69467285772293e-09,8.28219481445301e-09,4.44272566979168e-09,8.87343763807082e-09,8.64052876727069e-09,8.50374859051779e-09,7.50445652831554e-09,4.01578634703225e-09,3.77504413114167e-09,7.72649182485324e-09,4.5562191320275e-09,8.55445633799612e-09,3.63881863960381e-09,3.148541683023e-09,3.09301382159712e-09,4.11078123370953e-09,3.54094096306785e-09,4.66053038411779e-09,2.59051914061489e-09,2.40293184384095e-09,2.47278615698081e-09,2.77003176716889e-09,2.87870749256612e-09,3.45525911425336e-09,3.02520200219881e-09,5.85758919520822e-09,1.43137233749592e-08,5.43893395666419e-09,1.09424014159169e-08,1.165366704759e-08,8.7228850242498e-09,1.65897841271186e-08,6.5226760471018e-09,1.49582329674337e-08,1.39987497840123e-08,1.32756227838323e-08,1.96141114572373e-08,8.17051308814805e-09,4.61312996860817e-09,1.71967799528582e-08,7.083967710833e-09,1.53350675950005e-08,6.74225718338415e-09,3.71701287527315e-09,2.63333035610026e-09,6.38659472764402e-09,4.15323514029003e-09,6.67802920315596e-09,2.8502758322675e-09,2.4464773860633e-09,9.44597317909308e-10,3.13861937550876e-09,2.45764575642713e-09,2.37774914568044e-09,2.11214883181723e-09,7.73798418953498e-10,1.0011392575502e-09,2.32838370145847e-09,1.38659915962636e-09,2.10441159662492e-09,8.62626120657866e-10,8.54424993991354e-10,9.72570861004602e-10,1.11975382908659e-09,1.07141868811248e-09,1.25374229966831e-09,7.43947574390498e-10,8.40246958531523e-10,9.51042267808322e-10,9.52017383058274e-10,4.56133073511205e-10,7.98607241104675e-10
6.11511850658421e-09,8.82446511032824e-09,1.56247601113613e-08,7.6501895575063e-09,1.51609837499279e-08,1.28814218747869e-08,1.02620031352388e-08,1.74118401861234e-08,4.02693734242274e-08,1.767147330529e-08,3.19788033355107e-08,3.15539767659775e-08,2.05786577575475e-08,4.73642774085003e-08,2.27457498853463e-08,3.77165209651005e-08,4.0741537626485e-08,3.25181596803462e-08,3.88457538071502e-08,1.91136799367867e-08,8.56776779864084e-09,3.41214072103118e-08,1.7352213839011e-08,3.17533400422159e-08,1.53755596924433e-08,6.95254729583408e-09,6.57388526925825e-09,1.3899420714448e-08,7.47588582364093e-09,1.37968820442305e-08,6.15667585716345e-09,5.73332910561015e-09,3.75974280306986e-09,6.41948645624908e-09,6.49443189021567e-09,6.8550277100587e-09,5.21012361155033e-09,3.32194994299392e-09,2.90525337723336e-09,5.95667848601988e-09,4.14461494474779e-09,6.77488534046648e-09,2.77067679079326e-09,2.31095622025452e-09,1.96337552105933e-09,3.34350377171835e-09,2.30704427967228e-09,3.40157225567902e-09,3.16733890817944e-09,3.17890716005312e-09,5.62113397049424e-09,2.82600355049243e-09,5.33963238412064e-09,5.61578056263186e-09,3.7596535003793e-09,6.16119357330716e-09,1.61187556017815e-08,6.46585990361337e-09,1.09712999993671e-08,1.14975053432745e-08,7.88349390786216e-09,1.96676742280891e-08,1.05956706335714e-08,1.41187831965537e-08,1.65173764029717e-08,1.23710483186114e-08,1.58532817499211e-08,9.04043235351051e-09,3.00406628507696e-09,1.40959104824198e-08,8.22612496234626e-09,1.3332863925645e-08,6.7840204610582e-09,2.45372074399227e-09,2.18008042672498e-09,6.24419908207157e-09,2.70334030589789e-09,5.22922609323838e-09,2.2634308044117e-09,1.4010233045722e-09,9.62885833005831e-10,2.40733869562648e-09,1.64474400907442e-09,1.6678006301917e-09,1.13021072678755e-09,8.81493728845733e-10,1.34449519373211e-09,1.40599809362999e-09,1.46338824017403e-09,1.60944984486632e-09,8.47141823112461e-10,1.07999012437956e-09,7.19983435555064e-10,1.28500525428615e-09,1.38411985279294e-09,1.64961341130809e-09
3.99972066082845e-09,9.43540986053813e-09,9.35605416679287e-09,8.95978835835275e-09,9.88074677879555e-09,8.4589050814656e-09,1.07739245241777e-08,1.05669160511975e-08,1.93681024433786e-08,1.16023062254277e-08,1.78971594688401e-08,1.85671782446473e-08,1.22846479732505e-08,2.27457498853463e-08,6.69895917834886e-08,2.11778079221735e-08,5.26737849908409e-08,4.93654748765991e-08,1.91205878142776e-08,5.39566841792281e-08,2.09639984623291e-08,4.29881708027691e-08,3.99793188779449e-08,3.09710040761055e-08,4.37820767285984e-08,1.64354423449858e-08,9.96398815291179e-09,3.15868970409541e-08,1.59133183858705e-08,3.00496512530335e-08,1.33908739465464e-08,8.08942047097808e-09,1.0068989629296e-08,1.26549390582915e-08,8.4566321687273e-09,1.30242809498569e-08,6.82955231853338e-09,9.05081636007026e-09,4.46669172972069e-09,6.90964605913635e-09,9.73882235959163e-09,8.17209697716256e-09,7.57280439127767e-09,3.71235554957761e-09,2.92304484660943e-09,8.29070289455861e-09,3.8729714688225e-09,8.65698826682709e-09,1.25062278917461e-09,4.76642674557912e-09,3.63318539000406e-09,4.39249769148426e-09,2.73451518864715e-09,3.18137362790815e-09,5.43900176581122e-09,3.83058389439482e-09,6.32864433801103e-09,3.64313693205237e-09,5.99384895302262e-09,6.90339700188415e-09,5.03393757922295e-09,7.88689359436939e-09,2.54683325427076e-08,7.99611089223889e-09,1.73177081861331e-08,1.61955515789776e-08,7.06091965380864e-09,2.13548074789405e-08,7.8687635960451e-09,1.51184582147023e-08,1.713473403037e-08,1.14326020840349e-08,1.60704969490203e-08,6.67494841233166e-09,2.66465151044188e-09,1.25724760727393e-08,6.44979024808073e-09,1.14016136777516e-08,5.8943693210503e-09,1.94416027773939e-09,2.24683495389561e-09,5.43740512346284e-09,2.62156223853727e-09,5.1772926490124e-09,1.62040150792926e-09,1.61215789626091e-09,8.24244990454625e-10,2.07813631319589e-09,2.27655249394435e-09,2.66446866959875e-09,1.39405109093427e-09,8.17217490495109e-10,1.05472320329183e-09,2.35282907325884e-09,9.96709755410762e-10,2.65463723202186e-09
6.69857278239668e-09,1.6158919537652e-08,2.90725750932086e-08,1.23157384268258e-08,2.44358828758091e-08,1.9576235716042e-08,2.13419782047546e-08,3.38658176543891e-08,3.19839605797041e-08,3.15150429763976e-08,5.22093248946094e-08,4.85583111235184e-08,4.02375340793996e-08,3.77165209651005e-08,2.11778079221735e-08,6.20889178568461e-08,3.25064193662846e-08,5.37328650842192e-08,3.04420032995132e-08,1.73402942692207e-08,8.78156454898732e-09,2.68069615889732e-08,1.65515357128197e-08,2.52927568079534e-08,1.4336008998574e-08,7.49983786191357e-09,7.23875887122551e-09,1.37241463830101e-08,8.19949546904395e-09,1.36745868398994e-08,6.59418407814279e-09,6.36736367061033e-09,4.55971010631061e-09,7.01709303656134e-09,7.34323840982119e-09,7.44388774547615e-09,5.78689160411914e-09,4.00248002699134e-09,3.69206971712914e-09,6.81028432735258e-09,4.64080952230291e-09,7.4602618329101e-09,3.34909651381092e-09,2.96850858068589e-09,2.87208383954764e-09,3.74072941597411e-09,3.33049929169137e-09,4.19733872663528e-09,3.829420414338e-09,5.85657179113324e-09,1.10936946970446e-08,5.6050119897105e-09,8.95038988828909e-09,9.66685766526022e-09,8.67864887476364e-09,1.25874551732738e-08,1.25561839867909e-08,1.23742998206708e-08,1.92793073358199e-08,1.91996236032346e-08,1.566361597172e-08,1.52775143144381e-08,9.26742447431209e-09,2.42741608869315e-08,1.24736333915175e-08,2.12278992483749e-08,1.2387075069975e-08,7.71417637797268e-09,2.75812324436044e-09,1.06611138153381e-08,7.51418615013597e-09,1.06845446806044e-08,5.69489379751353e-09,2.33154210634945e-09,1.91398179095164e-09,5.60421216958909e-09,2.33679545977339e-09,4.4794982953739e-09,2.21075861733676e-09,1.16624192365442e-09,1.4739556714036e-09,2.08155444382326e-09,1.96036236380831e-09,2.11935647926269e-09,1.10272809695314e-09,1.19888734746701e-09,1.61349348540498e-09,1.617704536509e-09,1.74660307359443e-09,1.77295201524801e-09,1.12418431093784e-09,1.30157732093188e-09,1.1073991030523e-09,1.57871342632253e-09,1.26260316066651e-09,1.67808483127607e-09
6.9080451994757e-09,1.08727614438191e-08,1.58490125137003e-08,8.80753292034102e-09,1.66461054385595e-08,1.35896559239294e-08,1.25584367309027e-08,1.76897558869966e-08,3.42422231683252e-08,1.9170059529329e-08,2.73553700858608e-08,2.85734124040698e-08,2.09351762893839e-08,4.0741537626485e-08,5.26737849908409e-08,3.25064193662846e-08,8.03676669468635e-08,6.66853825247391e-08,3.41276168738975e-08,4.29857148121317e-08,1.91140027986701e-08,6.61629756291729e-08,3.11130143639679e-08,5.02755106216945e-08,3.48263381189181e-08,1.48808941368122e-08,1.02865422790754e-08,2.42519632635746e-08,1.45804223331305e-08,2.33767100068124e-08,1.2282603511212e-08,8.48601383179735e-09,1.10575900390028e-08,1.16752434347508e-08,8.775640744896e-09,1.21236081387629e-08,7.16799883832911e-09,9.89364861246541e-09,4.77642889250525e-09,7.28758398256051e-09,1.09735432996571e-08,8.80125258639251e-09,8.21180662543e-09,3.96940269035493e-09,3.31852798377743e-09,9.23769132302899e-09,4.04057103465453e-09,9.5608304330634e-09,2.68345687627144e-09,3.58453559057166e-09,5.31544564826500e-09,3.34501825310613e-09,5.35501911028299e-09,5.6835601945781e-09,4.62825746980252e-09,6.013193957526e-09,1.25643608843953e-08,6.6599640259287e-09,9.05463946812974e-09,1.06239929317013e-08,7.61911894268019e-09,1.58604338810377e-08,2.02793208671918e-08,1.18479365572353e-08,2.91330297594895e-08,2.31506387923468e-08,1.38847791159079e-08,1.73712986180683e-08,7.07665241490319e-09,2.52346196123728e-08,1.36360140582358e-08,1.96222314777408e-08,1.35650090364517e-08,6.08913752844463e-09,3.26908614582627e-09,1.05609858057653e-08,5.61384780338999e-09,9.55943364120563e-09,5.37175963431356e-09,2.58526500794178e-09,2.69717977127544e-09,4.88743975766373e-09,2.86431802621516e-09,4.56221980672379e-09,2.21028143433835e-09,1.93080604365155e-09,1.43064914995496e-09,2.31219780046796e-09,2.71225920808571e-09,3.23826617266377e-09,1.72710209120193e-09,1.11821034272312e-09,1.19616711527839e-09,2.81004780854063e-09,1.24278590499285e-09,3.31268153438647e-09
7.51907548009478e-09,1.80385405446185e-08,2.83992009381051e-08,1.34998587015777e-08,2.54937691513029e-08,1.99485092077079e-08,2.35630282638964e-08,3.32865353376055e-08,2.7315342388463e-08,3.2790215096205e-08,4.52574191876988e-08,4.40995091057365e-08,3.93828713213485e-08,3.25181596803462e-08,4.93654748765991e-08,5.37328650842192e-08,6.66853825247391e-08,9.51312345533096e-08,2.68710425440114e-08,3.98243073623956e-08,1.88323598318704e-08,5.45151738732192e-08,2.92305217121298e-08,4.10168360942794e-08,3.24921893687086e-08,1.46717948752767e-08,1.04540785957229e-08,2.28870797107735e-08,1.45660081727262e-08,2.2093283257559e-08,1.21029419645454e-08,8.70442249264076e-09,1.15867393562449e-08,1.17180987373568e-08,9.3143547855695e-09,1.23028713394246e-08,7.3438649384124e-09,1.03758464470777e-08,5.64532825108025e-09,7.80369211248724e-09,1.12559875838894e-08,9.19666733677297e-09,8.48705028347537e-09,4.660011028077e-09,4.08798685619073e-09,9.58621872620017e-09,5.11976047054068e-09,1.03969381801255e-08,4.53023521514276e-09,6.59201515004403e-09,1.03272137514149e-08,6.50039499931018e-09,8.94722796822585e-09,9.61931554964373e-09,9.71553501302343e-09,1.18608763898029e-08,9.63315408494894e-09,1.26662877150687e-08,1.64028097671988e-08,1.77735178536708e-08,1.47658340116968e-08,1.20444244497262e-08,1.84831307248301e-08,2.08728401478947e-08,2.53586260465872e-08,3.51073197348134e-08,1.05443012660179e-08,1.54853123897256e-08,6.40855074201029e-09,2.11400025436272e-08,1.28712964412972e-08,1.63929695599474e-08,1.24273002638201e-08,5.27566308891375e-09,3.23192473738247e-09,9.57790941772204e-09,4.90587086570915e-09,8.46150688784424e-09,4.80376851314224e-09,2.58434104688848e-09,3.42303122332638e-09,4.29068839591582e-09,3.34147683839552e-09,4.68236912264874e-09,2.39486847047504e-09,2.60073057119938e-09,1.7102230177671e-09,2.6116368681565e-09,2.93829479987723e-09,3.17679689780669e-09,2.23071757765655e-09,1.30062743857052e-09,1.82616780093694e-09,3.04633218364784e-09,1.43565120513772e-09,3.95262372744257e-09
5.24752102199911e-09,7.22850788135627e-09,1.30115122419653e-08,6.23659627844608e-09,1.27146449826504e-08,1.07839435597804e-08,8.48849468069852e-09,1.42825008972768e-08,3.29909857388063e-08,1.48233888364103e-08,2.57856628696119e-08,2.59067822686354e-08,1.67329420185633e-08,3.88457538071502e-08,1.91205878142776e-08,3.04420032995132e-08,3.41276168738975e-08,2.68710425440114e-08,4.66909228930984e-08,2.17172136798098e-08,1.01655240999551e-08,4.04167682345201e-08,1.97171299321844e-08,3.78143269453366e-08,1.75017450158379e-08,8.33846848651034e-09,7.94618484040355e-09,1.58186069257898e-08,8.8153759568082e-09,1.57171044030087e-08,7.15773006367051e-09,6.76340297727381e-09,4.23784559400019e-09,7.51447277465996e-09,7.28875317964217e-09,7.89639035109321e-09,5.93218905754827e-09,3.66872339054693e-09,3.40770172599638e-09,6.61553876762598e-09,4.75970701241284e-09,7.61231313096403e-09,3.00867385566694e-09,2.64517744429371e-09,2.41803604508745e-09,3.74087289109152e-09,2.76830491054572e-09,3.90326014255223e-09,2.64596810318096e-09,2.93464041821219e-09,4.94127871453114e-09,2.316629900303e-09,4.91551565062439e-09,4.7493001289299e-09,3.43891614020165e-09,5.37222784235902e-09,1.29384711150045e-08,5.92744611263454e-09,8.97045085404689e-09,1.00683671895451e-08,6.70451419989885e-09,1.58471214473428e-08,9.03623154536611e-09,1.14916701299776e-08,1.40936329031475e-08,1.0620871997434e-08,2.07177644081123e-08,1.07339212718377e-08,3.88197867649069e-09,1.81151944950241e-08,9.79225497660143e-09,1.70497559368563e-08,8.2144925830402e-09,3.20137475069667e-09,2.59589258521227e-09,7.44259573551149e-09,3.05697863640791e-09,6.22198344047312e-09,3.0619500508586e-09,1.68305667832307e-09,1.12091807987446e-09,2.90181513915445e-09,2.02618125277365e-09,2.15432071733319e-09,1.42722583966653e-09,9.10448823252e-10,1.5757941168274e-09,1.66366157260878e-09,1.72975637263486e-09,1.85550810803542e-09,8.95951883800995e-10,1.22729868266813e-09,8.67446876763186e-10,1.42481115367776e-09,1.45092210959187e-09,1.74333455044701e-09
