1.90172462509536e-07,8.61283854116645e-08,4.09977139642523e-08,1.46135990267464e-07,7.9490533049256e-08,1.31588917604859e-07,7.42636407130662e-08,3.36467860629987e-08,3.18978841548188e-08,6.75363293404016e-08,3.47630073717079e-08,6.39320225454746e-08,2.80950872392339e-08,2.69008469036304e-08,2.27296716771444e-08,2.90340169142641e-08,3.2677462958644e-08,3.11917595697987e-08,2.35864845419098e-08,1.97097330502252e-08,1.07821087764133e-08,2.83456133850444e-08,1.69854105992871e-08,2.54407436570108e-08,1.69024565585675e-08,9.24420473421122e-09,7.20213343771255e-09,1.45682782152856e-08,9.18535327301652e-09,1.37395606536917e-08,8.05446964036386e-09,6.27288387118388e-09,3.77566542967556e-09,8.0040092577778e-09,5.83472201077655e-09,8.90824563673846e-09,4.76933269543819e-09,2.97910992196621e-09,4.98568097213046e-09,4.4955923060217e-09,5.98207183998394e-09,7.69667496379457e-09,2.66140781440886e-09,4.51523897144519e-09,2.38380061524233e-09,4.87531919822829e-09,3.47524008413306e-09,3.96645910507747e-09,1.36599845841422e-07,5.74516065263671e-08,2.87515475392322e-08,1.11379426861562e-07,4.73730883126612e-08,9.54871966736555e-08,5.0772446145898e-08,2.2419492469869e-08,1.40958825753196e-08,3.93966516271036e-08,2.5211494076872e-08,4.39223136806739e-08,1.7998442305965e-08,1.11189511704194e-08,1.40839188941193e-08,1.99581860137459e-08,1.78850719332505e-08,1.88784787059089e-08,1.02508578206354e-08,1.2060271832304e-08,5.0185103039512e-09,1.58836518059505e-08,1.20369154220061e-08,1.58017269776871e-08,1.03448794260748e-08,4.30268880767631e-09,5.47363541000142e-09,1.03260340060173e-08,4.50447149770757e-09,7.96930744023738e-09,3.7516631625745e-09,4.77263537902172e-09,2.71431664196505e-09,3.93240876034141e-09,3.4297840100304e-09,3.8661507320882e-09,3.71848784870537e-09,1.98959550868849e-09,2.70825839399701e-09,2.85320318113528e-09,2.80232587896664e-09,4.25341509444515e-09,2.47381556727307e-09,2.05439357740723e-09,1.99062428130178e-09,2.98747649977547e-09,2.15778723166221e-09,3.2775171657131e-09
8.61283854116645e-08,3.61072438804608e-07,1.095386482316e-07,1.78938317987076e-07,2.95639527974364e-07,1.34469242109579e-07,3.00924810254096e-07,8.90679672073117e-08,5.1306194197921e-08,2.45577553652152e-07,8.23642169301387e-08,2.28603495282008e-07,7.414655810152e-08,4.37019293412717e-08,5.03088373384516e-08,6.79187868978345e-08,4.71966118655167e-08,6.49918614875296e-08,3.74830090666068e-08,4.20270858687778e-08,2.25500794980776e-08,4.00149298489354e-08,4.20286560553455e-08,3.65341560771051e-08,3.60395932380971e-08,1.93332757044608e-08,1.28953931107152e-08,3.60414508809879e-08,2.04270347634586e-08,3.5602399310302e-08,1.68441094273091e-08,1.12333851586194e-08,9.5119299500732e-09,1.77970208007931e-08,1.13927842455518e-08,1.74468156791073e-08,8.89483142424612e-09,8.42275321918138e-09,6.42908300354089e-09,9.12339901652912e-09,8.49614077683145e-09,1.02875195172142e-08,7.09669478677669e-09,5.67227865384928e-09,4.6900790664867e-09,8.29007223017551e-09,5.60581277786956e-09,8.90833254286316e-09,6.04469222893346e-08,2.11286516093066e-07,7.83774130019628e-08,1.27495895909088e-07,1.72454277609888e-07,9.69709140504179e-08,1.7804627403997e-07,6.35068706265814e-08,2.59542334174835e-08,1.45886835788237e-07,6.12566467981692e-08,1.36230074436525e-07,5.310957561252e-08,2.20400221338823e-08,2.51627875992875e-08,5.15318968620574e-08,2.80230118083408e-08,4.44833160110823e-08,1.98634940322372e-08,2.2560069818199e-08,1.69030332430202e-08,2.48275648780443e-08,2.59549152839538e-08,2.61937462200149e-08,1.93528075550268e-08,1.44888078193383e-08,9.53655015877288e-09,2.22641592830356e-08,1.45430359409424e-08,2.04892705224231e-08,1.26213297902719e-08,8.31833038028297e-09,6.18464580184349e-09,1.26790381939894e-08,7.00256743095532e-09,1.09342678046087e-08,5.91294969294153e-09,5.75142566867937e-09,1.97772912814722e-09,5.57300868217159e-09,3.2011704107131e-09,4.91635898401295e-09,5.57350793605371e-09,2.3963419312459e-09,2.91361082271466e-09,3.67764514672178e-09,3.79081164431061e-09,5.75085651090677e-09
4.09977139642523e-08,1.095386482316e-07,2.56325748135982e-07,8.40343137125106e-08,2.18988446503737e-07,1.82859360014567e-07,8.91483766531098e-08,2.01076681623464e-07,8.52294290007403e-08,1.70152234956016e-07,1.55421046102235e-07,1.29407293168153e-07,1.70607814826796e-07,7.23165592914723e-08,3.8645517553637e-08,1.30825402385621e-07,6.91340691125351e-08,1.20908924181039e-07,6.21475453634926e-08,3.19287942401944e-08,2.7252060092887e-08,5.89546332893198e-08,3.03069027746754e-08,5.20760400964914e-08,2.74072021190143e-08,2.33702767989353e-08,1.32988737206692e-08,2.60183287767328e-08,2.4128545522415e-08,2.63140034249655e-08,2.03760270686069e-08,1.15965514642852e-08,9.73405067640073e-09,2.10382295992739e-08,1.24719836377166e-08,2.30295995413835e-08,1.02647866327887e-08,8.45124748911595e-09,5.37192330535035e-09,1.08142021034007e-08,6.65580254750441e-09,1.01587557197867e-08,8.26612792423556e-09,5.79421638954224e-09,5.75183222363097e-09,8.02125746009449e-09,7.06719677600881e-09,9.92056466827318e-09,2.39244257106223e-08,5.7601239329672e-08,1.57591162097303e-07,4.83678316712826e-08,1.22505700919725e-07,1.08776529231546e-07,5.02320022350094e-08,1.23097683227421e-07,5.24781742200728e-08,9.53944550871633e-08,1.0866681256026e-07,8.4480280382342e-08,1.06409638308025e-07,4.50816373456223e-08,1.97628495399762e-08,9.26175152381705e-08,4.24472789169947e-08,7.71431263106636e-08,3.94457386674037e-08,1.75344298652522e-08,1.5005832953737e-08,3.75466396512515e-08,1.94595273293177e-08,3.57441765069782e-08,1.50626978872459e-08,1.28668104136158e-08,6.59476289965213e-09,1.67164378083069e-08,1.10953779630131e-08,1.60272096714462e-08,1.12240131246852e-08,5.77664350336917e-09,5.45239437225194e-09,9.70164249418552e-09,6.86169179337562e-09,1.10583943103349e-08,4.88827910503512e-09,5.10080467907864e-09,3.75496710591231e-09,6.00457322453721e-09,2.48678880628975e-09,4.85085622050314e-09,4.48882392052e-09,3.60342482721453e-09,4.79991855329976e-09,2.72806733883974e-09,5.72543661760845e-09,6.29264417724381e-09
1.46135990267464e-07,1.78938317987076e-07,8.40343137125106e-08,2.59425013876412e-07,1.3228900122163e-07,1.98556865185072e-07,1.51734658423876e-07,6.83206044160657e-08,4.29725884302834e-08,1.1087695328927e-07,6.40222974256742e-08,9.98263735639361e-08,5.72439956419123e-08,3.7648477464011e-08,4.50398781158837e-08,5.42335245897015e-08,4.04823193593949e-08,5.34338340808126e-08,3.25431812741293e-08,3.85173854982679e-08,1.9243221137395e-08,3.46702422294575e-08,3.84707189756328e-08,3.22853261777156e-08,3.30247031178179e-08,1.64968055781432e-08,1.04985720336293e-08,3.29850865855873e-08,1.58846857749128e-08,3.10881851430533e-08,1.4369422828261e-08,9.1440473448971e-09,6.16301907899825e-09,1.38380286566354e-08,9.16792312190502e-09,1.46251926013502e-08,6.98217020336984e-09,5.40578286403767e-09,6.04474868324149e-09,7.40766064454343e-09,7.75175733274674e-09,1.07263965023079e-08,4.80320248418309e-09,5.8393574278478e-09,4.00635898325535e-09,6.94024760407557e-09,4.91472393285489e-09,6.18033091040853e-09,1.05527722847085e-07,1.17023402776893e-07,5.85169692835927e-08,1.8843244227036e-07,8.57163326625503e-08,1.42764811697534e-07,1.00026754722521e-07,4.61493817022982e-08,2.00731692455181e-08,7.06954252048814e-08,4.6817087160933e-08,6.82485755371293e-08,3.88439715781521e-08,1.67302482683546e-08,2.42908621361256e-08,3.92216229043336e-08,2.18062468451634e-08,3.60641027230954e-08,1.54094055031909e-08,2.19616621696224e-08,1.37123459387461e-08,1.9535294184461e-08,2.37394646771642e-08,2.10731527046105e-08,1.88341522237941e-08,1.17534219705437e-08,9.20260970847149e-09,2.03592349688261e-08,1.11736458888545e-08,1.96001558428812e-08,1.02369677248748e-08,8.02159146913535e-09,4.03085659096181e-09,9.74027516221244e-09,7.27024220473196e-09,9.52566871135343e-09,5.76959787545227e-09,3.45438822553318e-09,3.35693796496014e-09,5.79148994572642e-09,3.81438342342460e-09,6.55371961262043e-09,3.22889308197527e-09,2.92241862405966e-09,4.08862334377289e-09,3.77887866097297e-09,3.59190489884478e-09,5.02569629168446e-09
7.9490533049256e-08,2.95639527974364e-07,2.18988446503737e-07,1.3228900122163e-07,4.68326807301933e-07,2.59344216936086e-07,2.45640867139801e-07,1.7009500743557e-07,8.34661073931529e-08,3.71948370015975e-07,1.2936120702548e-07,3.11778478704618e-07,1.43710977779417e-07,7.05018556352178e-08,4.39435407098888e-08,1.0766720283634e-07,6.90125012896157e-08,9.73612636354613e-08,6.0073688392388e-08,3.61068167082767e-08,3.62782134348665e-08,5.8351227770246e-08,3.40629573617593e-08,5.19203594951746e-08,3.09924756767898e-08,3.11066472115808e-08,1.64207990327304e-08,2.92421219075175e-08,3.28168116775338e-08,2.82368404640486e-08,2.71107646199623e-08,1.43152877212815e-08,1.23757305890061e-08,2.86012781317988e-08,1.47234593717321e-08,2.86194472279012e-08,1.24224513537592e-08,1.15241896535513e-08,8.60818140113379e-09,1.25930154764345e-08,1.05129655767158e-08,1.40310399436974e-08,1.01917357758722e-08,7.50113826475457e-09,5.79288913889451e-09,1.08931780302435e-08,8.2534892768689e-09,1.21968193743615e-08,5.03838892943433e-08,1.68346033510376e-07,1.41287547546961e-07,8.99017611170505e-08,2.52091273486199e-07,1.62654970822044e-07,1.41965137633179e-07,1.16113107198893e-07,4.77790801679578e-08,2.12340991037743e-07,9.72077101828154e-08,1.85995642548696e-07,9.85311622964683e-08,4.08731049289219e-08,2.31332468531481e-08,8.21849148026539e-08,4.30882122093292e-08,6.4518085256556e-08,3.58057623998516e-08,2.0598463337298e-08,2.28611888997604e-08,3.80636378070446e-08,2.41464490389333e-08,3.7048296689197e-08,1.76923073911539e-08,1.95988742809128e-08,1.02886694207652e-08,2.07371262936738e-08,1.98912525840267e-08,1.75256016478516e-08,1.70834707254025e-08,8.99421142970215e-09,6.03314901049824e-09,1.73583638487682e-08,8.06807488827774e-09,1.48606825071246e-08,7.59687314059369e-09,5.85793601096572e-09,3.90594468916931e-09,6.57978622022142e-09,2.61173787346587e-09,6.18121252213021e-09,5.4922028128467e-09,3.63425460485935e-09,3.18690949537394e-09,2.9240590137219e-09,6.06527673332338e-09,6.53186970153459e-09
1.31588917604859e-07,1.34469242109579e-07,1.82859360014567e-07,1.98556865185072e-07,2.59344216936086e-07,3.3867936591953e-07,1.11938960605285e-07,1.41149687346944e-07,7.06149137266365e-08,2.0190675889631e-07,1.05171057462437e-07,1.56172497861068e-07,1.1929067656491e-07,6.02721767914465e-08,3.58439315680371e-08,8.86029408021797e-08,5.81236257649671e-08,7.99718426436622e-08,5.10699600350723e-08,2.98170004251409e-08,3.2285544709819e-08,4.87892403858294e-08,2.98414716553817e-08,4.56876252860831e-08,2.55987318071508e-08,2.76838165806341e-08,1.41499921275447e-08,2.56206232132279e-08,2.68224013663353e-08,2.39381368851424e-08,2.41293318953304e-08,1.23375619127448e-08,8.57051936911065e-09,2.33826739454167e-08,1.29210130262414e-08,2.50600897794384e-08,1.0532172331869e-08,8.03708416798255e-09,6.77079926773304e-09,1.14135257704303e-08,9.07511627809664e-09,1.3982063978053e-08,7.76319961521953e-09,6.86396603756345e-09,4.84434868466165e-09,9.46599025539523e-09,7.4125198567849e-09,9.96210564615206e-09,9.16721975680486e-08,8.02771476220078e-08,1.12295708846212e-07,1.39997921446505e-07,1.463786985826e-07,2.20496015428259e-07,6.91176948353199e-08,9.0918450560002e-08,3.85857207704259e-08,1.20379587793813e-07,7.61594329010956e-08,1.04208609718668e-07,7.75703837567976e-08,3.26085395861767e-08,1.94882299892812e-08,6.46247327665805e-08,3.47927944760089e-08,5.13687483851973e-08,2.88275356988987e-08,1.69856635040589e-08,1.93213323938258e-08,3.05430580603633e-08,1.9123919828843e-08,2.93602238060228e-08,1.45933300907395e-08,1.65648938851909e-08,9.60774699889674e-09,1.64298176644755e-08,1.56894552993554e-08,1.4920240076433e-08,1.44415983744732e-08,8.39847377601686e-09,4.99087506107943e-09,1.36990532068066e-08,9.13680088190631e-09,1.52024322545482e-08,7.01113286050507e-09,4.73129421868593e-09,4.68077660975663e-09,7.80810110974866e-09,4.48673760772468e-09,8.43862303710966e-09,4.06738918419653e-09,4.23021037314566e-09,4.76195482668074e-09,4.16996999530072e-09,6.09783645116292e-09,7.11305021429999e-09
7.42636407130662e-08,3.00924810254096e-07,8.91483766531098e-08,1.51734658423876e-07,2.45640867139801e-07,1.11938960605285e-07,3.68857819860433e-07,1.02484581139501e-07,5.91682408550411e-08,3.06839155494179e-07,9.88031649996425e-08,2.96675719513551e-07,8.35902235142055e-08,4.94685005788141e-08,5.21124218342038e-08,8.00414648513557e-08,5.28897781806495e-08,7.66737145939041e-08,3.90790751809069e-08,4.3598079261761e-08,2.43983477068886e-08,4.17628362886978e-08,4.44060548413609e-08,3.92633841312539e-08,3.73850497031423e-08,2.09167591134765e-08,1.41279758346274e-08,3.80778910674037e-08,2.09106171921209e-08,3.78677473174481e-08,1.82208501017407e-08,1.23051608513515e-08,1.01583716787092e-08,1.8216948486831e-08,1.23931815817761e-08,1.75276371666031e-08,1.01130193837794e-08,8.84830485279631e-09,7.24730562773158e-09,1.00652637349918e-08,9.76250229904331e-09,1.20224684312463e-08,7.61707935385931e-09,6.3913389339934e-09,4.7476503690156e-09,8.82571026739281e-09,5.8643554026428e-09,8.57995708192017e-09,5.29829982705293e-08,1.78029559004793e-07,6.35317842959866e-08,1.10423840750668e-07,1.45869352152421e-07,8.32553486034637e-08,2.33550980358628e-07,7.317884108481e-08,3.08421401263388e-08,2.08322158336719e-07,7.08576403809618e-08,2.00430304059029e-07,6.13790186100949e-08,2.75101818828012e-08,2.7529278681738e-08,6.09323511248308e-08,3.09284011780902e-08,5.2186799718641e-08,2.17565931102318e-08,2.48300241273404e-08,1.82472466797744e-08,2.5903770534015e-08,2.93293647420739e-08,2.84461556726769e-08,2.12973433056622e-08,1.56405190914757e-08,1.03273894995259e-08,2.51550596692706e-08,1.55033140328657e-08,2.28522738370354e-08,1.36227089527084e-08,9.00567126043812e-09,6.79014368047566e-09,1.35136216628816e-08,7.6098729129427e-09,1.12829789364695e-08,6.59927338612656e-09,6.58884606791768e-09,3.40776023040046e-09,6.15203256293332e-09,5.73195178472936e-09,6.8882122622012e-09,6.62110712500614e-09,3.26405060014654e-09,2.37260364998082e-09,5.61889390543159e-09,3.50849204669211e-09,6.48053162712612e-09
3.36467860629987e-08,8.90679672073117e-08,2.01076681623464e-07,6.83206044160657e-08,1.7009500743557e-07,1.41149687346944e-07,1.02484581139501e-07,2.20709920168522e-07,9.12655120707022e-08,1.8959450969443e-07,1.70039048144049e-07,1.46247930220508e-07,1.84231803524104e-07,7.59336812208773e-08,3.92115857047551e-08,1.41122834010689e-07,7.22376260306162e-08,1.29440753184136e-07,6.47329463968972e-08,3.25751461007476e-08,3.02336769141336e-08,6.12588829044699e-08,3.14989611812781e-08,5.4596778752021e-08,2.79332449484298e-08,2.59145046686449e-08,1.4289165790468e-08,2.70114559281844e-08,2.69776835732917e-08,2.71177096395979e-08,2.25619812272897e-08,1.24415962430309e-08,1.01877642206286e-08,2.34879044843645e-08,1.31850057469864e-08,2.55431042186873e-08,1.1030296043808e-08,8.86225592213878e-09,6.7182080647867e-09,1.14583956326215e-08,8.00224416830457e-09,1.1694499205173e-08,7.80097013520896e-09,6.56193448794375e-09,5.60087481026596e-09,7.24064140894853e-09,7.5942928938103e-09,8.89852173101998e-09,1.97284733794259e-08,5.01527668552471e-08,1.23082961829728e-07,4.34617446367403e-08,9.53133443099949e-08,8.6585344015606e-08,6.54687643347664e-08,1.35952079919924e-07,5.59343920605765e-08,1.13608811208371e-07,1.19865663303202e-07,1.02445497792034e-07,1.1706398535074e-07,4.75026801334101e-08,1.9675423326909e-08,1.00412265462167e-07,4.38657600513548e-08,8.37239981667981e-08,4.09661640244822e-08,1.73051032762052e-08,1.6661921989806e-08,3.83379232260895e-08,2.00715555777835e-08,3.73001217813917e-08,1.48442983422757e-08,1.42809346987293e-08,7.82951167385259e-09,1.72165718521249e-08,1.39717517203075e-08,1.62562749825582e-08,1.24358208015131e-08,6.82747086281034e-09,6.22519371652404e-09,1.21746494282213e-08,8.2286839594146e-09,1.24902248972605e-08,5.72859269798688e-09,5.85114421742486e-09,5.06731021758648e-09,7.29755359987637e-09,4.3707073274386e-09,6.3511261916625e-09,5.32081511970299e-09,4.54185582540793e-09,3.94010940103267e-09,3.89356021027085e-09,6.4352312000547e-09,6.68560931815997e-09
3.18978841548188e-08,5.1306194197921e-08,8.52294290007403e-08,4.29725884302834e-08,8.34661073931529e-08,7.06149137266365e-08,5.91682408550411e-08,9.12655120707022e-08,2.42328284640212e-07,9.24741053827984e-08,1.88850319889818e-07,1.79164656727009e-07,7.59521669273627e-08,2.00325796959532e-07,9.01154827282142e-08,1.55683666641539e-07,1.65974345839678e-07,1.27184990896063e-07,1.70881822199238e-07,7.70544736205718e-08,3.20949932098455e-08,1.41370298088839e-07,6.40069838623205e-08,1.22166431751101e-07,6.60560101093944e-08,2.75129253793587e-08,2.20444071738981e-08,5.48763559401042e-08,2.63190061732749e-08,5.09381291236853e-08,2.39612871199462e-08,1.91930245353726e-08,1.20292747530174e-08,2.29243145604876e-08,2.03897834866187e-08,2.42884286290356e-08,1.68059844935244e-08,1.06667449596233e-08,6.66489814914988e-09,1.76479621888336e-08,1.0504876634298e-08,1.74619700603124e-08,1.00846035973456e-08,6.20286349464648e-09,4.20977602798640e-09,9.62326319886695e-09,5.15158487404833e-09,9.39421925411557e-09,1.40088656146836e-08,2.88835650937182e-08,5.47537509092189e-08,2.43481813479061e-08,5.00676488353987e-08,4.75991203552869e-08,4.07803810483789e-08,5.82409895499584e-08,1.32347215436407e-07,6.35000009531205e-08,1.21159998964089e-07,1.15351174115482e-07,4.97028631709265e-08,1.10269235547878e-07,5.30392251205138e-08,9.87771328511847e-08,9.83429389284633e-08,8.32494135839665e-08,9.32810357317956e-08,4.56529181734579e-08,2.09705882918206e-08,8.42639166490653e-08,4.25354983693708e-08,7.641682493616e-08,3.91422751637506e-08,1.79745855449913e-08,1.1516303433257e-08,3.64735319474991e-08,1.53636247169435e-08,3.12046456834598e-08,1.56548054670869e-08,1.00421040906223e-08,7.36096352740379e-09,1.33948962415251e-08,1.050120705609e-08,1.2476381247587e-08,8.40372800560349e-09,7.25557569348789e-09,5.44162674303232e-09,9.43846326891245e-09,5.92624923414183e-09,8.481429377528e-09,7.20867488177783e-09,4.49516773907954e-09,3.33965462099612e-09,5.16192682606684e-09,4.02828829010463e-09,5.96249784888666e-09
6.75363293404016e-08,2.45577553652152e-07,1.70152234956016e-07,1.1087695328927e-07,3.71948370015975e-07,2.0190675889631e-07,3.06839155494179e-07,1.8959450969443e-07,9.24741053827984e-08,4.44613081461044e-07,1.48700976392939e-07,3.86281303183128e-07,1.57316985734198e-07,7.66525697084812e-08,4.46147400300184e-08,1.22062230611849e-07,7.51553698734105e-08,1.11120112216498e-07,6.22629268454284e-08,3.67930964221342e-08,3.86787077220237e-08,6.09032170053453e-08,3.56141342489646e-08,5.54461487373486e-08,3.15594731112265e-08,3.31555078014328e-08,1.81127537088929e-08,3.05498403902528e-08,3.47623303132844e-08,2.92474538451356e-08,2.88724063943407e-08,1.57746620478994e-08,1.33966707278854e-08,3.02718796203542e-08,1.60783952933207e-08,3.01586384622281e-08,1.40820174255549e-08,1.24550640282389e-08,9.93864776401847e-09,1.39037962478642e-08,1.24250459273326e-08,1.62880537849376e-08,1.05038163887878e-08,8.45450135663603e-09,5.60846291963315e-09,1.06007342330965e-08,8.71620709963994e-09,1.12696495527872e-08,4.38224284475797e-08,1.41890852476805e-07,1.16119246831983e-07,7.93565870498364e-08,2.12264682200473e-07,1.36309896843086e-07,2.00330366052347e-07,1.2842299989105e-07,5.15715934483521e-08,2.86812791392494e-07,1.07614882748459e-07,2.55931941535231e-07,1.09512349874274e-07,4.62852229161945e-08,2.41176068987112e-08,9.2725858828155e-08,4.58587752971408e-08,7.34184004463986e-08,3.79369950672058e-08,2.1229542098033e-08,2.46619064206766e-08,3.87808565084531e-08,2.65003462651536e-08,3.95749140894516e-08,1.82164840013235e-08,2.11381296211678e-08,1.1202795364287e-08,2.27357342944666e-08,2.21235918109667e-08,1.81967273484978e-08,1.84085633125034e-08,9.77177334369154e-09,7.4949714191208e-09,1.92781905514403e-08,9.2190762707336e-09,1.67627381304817e-08,8.41059391041398e-09,7.39892257382652e-09,5.54208345187352e-09,7.74461742330329e-09,5.9500406451618e-09,8.4236212144896e-09,6.83511790512979e-09,5.04869239564862e-09,2.02637560818596e-09,5.11522526103555e-09,6.37624384733359e-09,7.37867791908769e-09
3.47630073717079e-08,8.23642169301387e-08,1.55421046102235e-07,6.40222974256742e-08,1.2936120702548e-07,1.05171057462437e-07,9.88031649996425e-08,1.70039048144049e-07,1.88850319889818e-07,1.48700976392939e-07,3.00366677131121e-07,2.59560877674265e-07,1.41132953452262e-07,1.55668296762849e-07,7.80888750916857e-08,2.48085990457502e-07,1.26470359511012e-07,2.06138630696792e-07,1.32518540443104e-07,6.63117393706575e-08,3.12756137725423e-08,1.0737312162633e-07,5.58245255315017e-08,9.09183439989951e-08,5.68519909026089e-08,2.6811299770541e-08,2.40177090371421e-08,4.78662237123458e-08,2.52834566398507e-08,4.39628571496691e-08,2.33522067115918e-08,2.09102973327112e-08,1.34687172231469e-08,2.20248318298494e-08,2.18709537626682e-08,2.39158134672323e-08,1.82889735478949e-08,1.19340234084311e-08,8.00963332081225e-09,1.91946127207562e-08,1.15086246798612e-08,1.88238165529123e-08,1.10775440002006e-08,7.46037252809899e-09,4.60134614384729e-09,1.05107164657526e-08,6.95567799514586e-09,1.07361348986164e-08,2.15591097509854e-08,4.71982413107042e-08,1.01564266567823e-07,4.21771137564776e-08,7.73561889038858e-08,7.16316262492964e-08,6.37855576890325e-08,1.10408471243332e-07,1.09309456459695e-07,9.66087438761089e-08,1.95935130977595e-07,1.6981409660221e-07,9.41688691126448e-08,9.14679335345213e-08,4.35883484164411e-08,1.61044662841465e-07,7.93469351740051e-08,1.32146040435012e-07,7.72826314226637e-08,3.73993099604885e-08,1.92836622272986e-08,6.72343457318521e-08,3.5517442752355e-08,5.93731965116351e-08,3.20708809972685e-08,1.65293100183326e-08,1.16161293462531e-08,3.04609750981971e-08,1.21911510793664e-08,2.47686996211071e-08,1.43984363537738e-08,1.01300040824149e-08,9.00856377408905e-09,1.06365764457404e-08,1.14996973011133e-08,1.20288266544331e-08,8.50836454584645e-09,8.39643744267572e-09,7.34389833389660e-09,1.04940987022331e-08,6.76201942508827e-09,9.146151569421e-09,8.0527448090239e-09,6.57640448652802e-09,4.11688556503422e-09,6.33663746641619e-09,6.44382636952433e-09,7.45025285297455e-09
6.39320225454746e-08,2.28603495282008e-07,1.29407293168153e-07,9.98263735639361e-08,3.11778478704618e-07,1.56172497861068e-07,2.96675719513551e-07,1.46247930220508e-07,1.79164656727009e-07,3.86281303183128e-07,2.59560877674265e-07,5.56312910073628e-07,1.20531437928519e-07,1.4606503030197e-07,7.37720203074781e-08,2.11564173534758e-07,1.18418116447662e-07,1.73521473132547e-07,1.20896447268688e-07,6.2427772246829e-08,3.41726011850727e-08,9.74116894604385e-08,5.32978291506502e-08,8.44299312131291e-08,5.35397879830029e-08,2.92997950472698e-08,3.12808266723098e-08,4.57173458949686e-08,2.89651418602563e-08,4.1833472625153e-08,2.55324484621231e-08,2.72376658408627e-08,1.63038662972357e-08,2.52438633411822e-08,2.67107059118803e-08,2.62258456042505e-08,2.380857980184e-08,1.51603514372149e-08,1.13485830913909e-08,2.34219629166108e-08,1.64213633030553e-08,2.64490133025082e-08,1.43882025367124e-08,1.03813820566134e-08,5.66271595806041e-09,1.530740465252e-08,9.08584418726382e-09,1.48389492174701e-08,4.29690663235623e-08,1.32743479159414e-07,9.31223748674687e-08,7.40653523341541e-08,1.8208953226637e-07,1.12340488178971e-07,1.9578248737792e-07,1.02837733760105e-07,9.5828917386074e-08,2.60502857804902e-07,1.70983091530141e-07,3.52283587799058e-07,8.71812855611231e-08,8.39776252253617e-08,4.09065704728517e-08,1.44559778599139e-07,7.28990384822324e-08,1.12358420615612e-07,6.89668495939269e-08,3.51665470564778e-08,2.34141124567639e-08,6.1103716365298e-08,3.75298664997426e-08,5.84659151609431e-08,3.01701868586407e-08,2.00714673789363e-08,1.71230156552583e-08,3.21992990328906e-08,1.7040558082337e-08,2.41767322618644e-08,1.74901375863745e-08,1.49336012714054e-08,1.09070048950057e-08,1.48715838772114e-08,1.52198442462198e-08,1.45044133297703e-08,1.2622333013363e-08,1.06765291804466e-08,7.33312790496494e-09,1.32374413053048e-08,8.66674147003327e-09,1.39975996415981e-08,1.10351242070026e-08,7.01091822114129e-09,3.1015280102592e-09,8.4455638149788e-09,7.47441391360053e-09,9.92001680378456e-09
2.80950872392339e-08,7.414655810152e-08,1.70607814826796e-07,5.72439956419123e-08,1.43710977779417e-07,1.1929067656491e-07,8.35902235142055e-08,1.84231803524104e-07,7.59521669273627e-08,1.57316985734198e-07,1.41132953452262e-07,1.20531437928519e-07,2.00225246482506e-07,8.0015514337306e-08,4.06549251568627e-08,1.51916557034783e-07,7.42944736670212e-08,1.3753902652052e-07,6.80005133808326e-08,3.36867154719738e-08,3.32195269846464e-08,6.26490974926552e-08,3.31862468183532e-08,5.64201815684841e-08,2.88781414775964e-08,2.84701214754215e-08,1.58103725183369e-08,2.84495323600179e-08,2.87191980588291e-08,2.73274784962552e-08,2.47776184301963e-08,1.37603808577959e-08,1.05197253853949e-08,2.49949627865434e-08,1.46749226703358e-08,2.69095245504404e-08,1.23087058638527e-08,9.26178744370628e-09,7.43811745777975e-09,1.2901333284794e-08,8.56740443812924e-09,1.32746641688271e-08,8.04002989159623e-09,6.76105730034311e-09,6.09414737586678e-09,7.58761527577843e-09,8.4369420809643e-09,9.66374357078775e-09,1.65006882629028e-08,4.20052515135441e-08,1.06383651528884e-07,3.65487767861678e-08,8.28378332050292e-08,7.48585970139102e-08,5.34662568710096e-08,1.17057823391515e-07,4.75076515937387e-08,9.87261184946693e-08,1.00408876224385e-07,8.74732584514128e-08,1.25638392492453e-07,5.13950352221754e-08,2.13281960581339e-08,1.1011719743278e-07,4.65037454845649e-08,9.34816448771748e-08,4.40326114507079e-08,1.90113983734083e-08,1.65899386357186e-08,4.1053691273915e-08,2.11661602132041e-08,3.88268990278578e-08,1.63004210489053e-08,1.42179007519163e-08,8.5876312611836e-09,1.81478877369284e-08,1.38784235895167e-08,1.68298252794796e-08,1.23759930683936e-08,7.48059246761564e-09,6.18930069960438e-09,1.20855287107799e-08,9.39587171721803e-09,1.16063222694601e-08,6.53711993997346e-09,5.81194699234295e-09,5.51358435454277e-09,8.54100556158275e-09,4.06727117545819e-09,7.35989256803857e-09,5.45282801909827e-09,4.87272690080619e-09,3.03823531572913e-09,4.06519359411656e-09,5.50958317532794e-09,5.56397654330609e-09
2.69008469036304e-08,4.37019293412717e-08,7.23165592914723e-08,3.7648477464011e-08,7.05018556352178e-08,6.02721767914465e-08,4.94685005788141e-08,7.59336812208773e-08,2.00325796959532e-07,7.66525697084812e-08,1.55668296762849e-07,1.4606503030197e-07,8.0015514337306e-08,2.10175518735172e-07,9.27802323410123e-08,1.63365976886631e-07,1.71049587993065e-07,1.31091734862368e-07,1.78398745607918e-07,7.85754521049813e-08,3.49775834446614e-08,1.44675604439642e-07,6.63757660622717e-08,1.25703252200457e-07,6.73404330375161e-08,2.99757255809966e-08,2.40499740522633e-08,5.68868939163753e-08,2.87339652413822e-08,5.31289027749499e-08,2.6085140797806e-08,2.09264888129984e-08,1.2236267186315e-08,2.50055254582771e-08,2.16426482275887e-08,2.57240059894964e-08,1.82625762212719e-08,1.09184427189464e-08,6.96123561468416e-09,1.8612500509468e-08,1.05922021589459e-08,1.84325770679063e-08,1.03250460389464e-08,6.24512239107000e-09,4.355536487305e-09,9.69393596857389e-09,5.37514811175264e-09,9.5665803094813e-09,1.12332782055787e-08,2.5472464408648e-08,4.86647334099934e-08,2.17373837262783e-08,4.47895684707509e-08,4.29062494676689e-08,3.50302329882144e-08,4.96937769064824e-08,1.10264716313842e-07,5.49825284407211e-08,9.87531986648424e-08,9.62339966806901e-08,5.01732117212588e-08,1.16153247425712e-07,5.38197895240712e-08,1.03204687965798e-07,1.03348395839927e-07,8.65557525526116e-08,9.84736187964886e-08,4.61486629095566e-08,2.05854326763901e-08,8.78884034892183e-08,4.27743722758777e-08,7.84187154198184e-08,3.95522058013811e-08,1.76411873174811e-08,1.22338436466445e-08,3.66617165551601e-08,1.63804607070575e-08,3.17032704060425e-08,1.53523641036952e-08,1.06504875037795e-08,7.56028209652771e-09,1.42596728519886e-08,1.1814904348709e-08,1.39383366118267e-08,9.23101949506282e-09,7.42420290424994e-09,5.38948752794539e-09,1.02249770076905e-08,6.02252167663751e-09,9.46413101900847e-09,7.37147541646489e-09,4.2832079083286e-09,3.17685441649188e-09,5.31672744507022e-09,4.14386788193442e-09,5.89611507161249e-09
2.27296716771444e-08,5.03088373384516e-08,3.8645517553637e-08,4.50398781158837e-08,4.39435407098888e-08,3.58439315680371e-08,5.21124218342038e-08,3.92115857047551e-08,9.01154827282142e-08,4.46147400300184e-08,7.80888750916857e-08,7.37720203074781e-08,4.06549251568627e-08,9.27802323410123e-08,2.65678639184404e-07,8.09007619102621e-08,1.96476393459277e-07,1.74860495436681e-07,7.85926823398376e-08,2.1789246406305e-07,8.35461758283561e-08,1.6132285915348e-07,1.6104335377215e-07,1.15520069107744e-07,1.86731957347788e-07,7.15983619173233e-08,3.10025691501021e-08,1.38019220523479e-07,6.19227650375224e-08,1.22681010378213e-07,6.2304101281033e-08,2.69819163018338e-08,3.18580578542791e-08,5.38888125042392e-08,3.03922449167545e-08,5.56959983325347e-08,2.28601134710681e-08,2.77281137082913e-08,1.24092648019143e-08,2.48802835027493e-08,2.93817271689954e-08,2.52726831979686e-08,2.56473997138734e-08,1.0277659789097e-08,6.9258924388305e-09,2.59066848207312e-08,9.5099271270994e-09,2.55531581382329e-08,1.04584464433626e-08,2.52324708536892e-08,2.21761989330235e-08,2.12769180495059e-08,2.39295229968328e-08,1.98289017293949e-08,2.256878468475e-08,2.09170816917968e-08,5.26287927891625e-08,2.45002354165724e-08,4.51328678691002e-08,4.82450081912369e-08,2.15861013505362e-08,5.28433916422338e-08,1.51021444918181e-07,4.51482250087542e-08,1.14691634324666e-07,1.02662283994321e-07,4.63210719251207e-08,1.27313727830634e-07,6.04764657893273e-08,9.6597873734939e-08,1.02333615505038e-07,7.71001550667126e-08,1.09111451705644e-07,5.18255133760342e-08,1.86357021590928e-08,8.77083606771607e-08,4.20579127159953e-08,7.532979862075e-08,4.50968346707939e-08,1.62300066785185e-08,1.81612103471962e-08,3.66092036414055e-08,1.86544941391761e-08,3.66537204231494e-08,1.30360633840611e-08,1.63247918440854e-08,8.25229278979862e-09,1.49770240950195e-08,1.62881384762768e-08,1.36401966222205e-08,1.58830427047314e-08,7.00391911736129e-09,4.92153289101491e-09,1.50403862451466e-08,6.6697814347607e-09,1.43336141496442e-08
2.90340169142641e-08,6.79187868978345e-08,1.30825402385621e-07,5.42335245897015e-08,1.0766720283634e-07,8.86029408021797e-08,8.00414648513557e-08,1.41122834010689e-07,1.55683666641539e-07,1.22062230611849e-07,2.48085990457502e-07,2.11564173534758e-07,1.51916557034783e-07,1.63365976886631e-07,8.09007619102621e-08,2.65981215667426e-07,1.307091848124e-07,2.18934785264722e-07,1.38528693390316e-07,6.84752650216028e-08,3.3519031808289e-08,1.10112374488276e-07,5.81936515487263e-08,9.36203460816667e-08,5.86900692552412e-08,2.87275798666983e-08,2.58478701043206e-08,4.98801801904815e-08,2.77199871801924e-08,4.63336152549439e-08,2.50036565538392e-08,2.24929873649114e-08,1.34970749665464e-08,2.41279734506209e-08,2.33637012821577e-08,2.55718907138087e-08,1.96780749557071e-08,1.20273430791436e-08,8.30316533380602e-09,2.04940952440646e-08,1.16057389706312e-08,2.02110477642389e-08,1.10972133658449e-08,7.56428162640847e-09,5.11185672330467e-09,1.05090766295966e-08,7.66855247505289e-09,1.09030775238734e-08,1.82126375056527e-08,3.95619141654506e-08,8.82618778655784e-08,3.6136652465146e-08,6.71655063401325e-08,6.33309754630721e-08,5.25757134783016e-08,9.41587717713231e-08,9.14695931203971e-08,8.41465183378483e-08,1.61028742823796e-07,1.43140987467151e-07,1.00366733914228e-07,9.72490033689492e-08,4.50658855513558e-08,1.75645240053241e-07,8.36291144592124e-08,1.43028245357446e-07,8.20266296570308e-08,3.8664134139473e-08,1.83663103703434e-08,7.02628609061183e-08,3.62847381371882e-08,6.12457149654479e-08,3.31422386336161e-08,1.57404268949276e-08,1.23449683236773e-08,3.11046362739144e-08,1.26439327416061e-08,2.60443386482925e-08,1.370179882337e-08,1.07507794525144e-08,8.95955571156148e-09,1.10139030979728e-08,1.34245091862276e-08,1.29008624932811e-08,9.62978241154548e-09,8.19813274475381e-09,7.37754957184153e-09,1.20024885167068e-08,6.58577621103397e-09,1.02381839899961e-08,7.84498546271215e-09,6.62845469492258e-09,4.49668000213135e-09,6.14325201784741e-09,7.03888484912816e-09,7.62552662337857e-09
3.2677462958644e-08,4.71966118655167e-08,6.91340691125351e-08,4.04823193593949e-08,6.90125012896157e-08,5.81236257649671e-08,5.28897781806495e-08,7.22376260306162e-08,1.65974345839678e-07,7.51553698734105e-08,1.26470359511012e-07,1.18418116447662e-07,7.42944736670212e-08,1.71049587993065e-07,1.96476393459277e-07,1.307091848124e-07,2.99607006894366e-07,2.41168750843943e-07,1.44688555124199e-07,1.61312929795804e-07,7.23577876870397e-08,2.48212404230488e-07,1.1532254621076e-07,1.87904748736579e-07,1.3824996872574e-07,6.20112675582896e-08,3.06747154727896e-08,9.88419196193547e-08,5.50090417389523e-08,8.74362093884516e-08,5.39647257174473e-08,2.66968354338608e-08,3.09281864572168e-08,4.78749416096186e-08,2.95228282411437e-08,4.94373647265076e-08,2.24072946373805e-08,2.62931424956317e-08,1.11839455280343e-08,2.34960726293098e-08,2.71966559268388e-08,2.38852350543396e-08,2.4056734304302e-08,9.69124620874161e-09,6.35715346072617e-09,2.40663986476572e-08,8.39837313971397e-09,2.42221843729312e-08,1.3838512247982e-08,2.82537023341641e-08,4.39619533799637e-08,2.39667759599807e-08,4.06057846720529e-08,3.85999123855585e-08,3.75210369530992e-08,4.4637380870918e-08,9.43210227571146e-08,5.20968850622678e-08,7.74513116648674e-08,8.15630265122026e-08,4.4679807400892e-08,9.70904770658273e-08,1.13236798520726e-07,7.99067161386349e-08,1.77175772473505e-07,1.48105872882643e-07,8.30485476383925e-08,9.44439908564448e-08,4.86737325663015e-08,1.49015517879847e-07,7.52263005749823e-08,1.2015613312992e-07,8.09460019903148e-08,4.17119571628214e-08,1.78792155411427e-08,6.44806624191375e-08,3.48508811001802e-08,5.30832172944928e-08,3.62994439813267e-08,1.55721156241749e-08,1.67782666685227e-08,3.03401940531911e-08,1.63551721398269e-08,2.90688074211649e-08,1.23007526129644e-08,1.47938442252531e-08,7.2990488215789e-09,1.26916975866419e-08,1.47954812268293e-08,1.19691786150147e-08,1.43550416640583e-08,6.15067848729916e-09,3.87823468374559e-09,1.36310031826756e-08,4.99460046465221e-09,1.23243962693154e-08
3.11917595697987e-08,6.49918614875296e-08,1.20908924181039e-07,5.34338340808126e-08,9.73612636354613e-08,7.99718426436622e-08,7.66737145939041e-08,1.29440753184136e-07,1.27184990896063e-07,1.11120112216498e-07,2.06138630696792e-07,1.73521473132547e-07,1.3753902652052e-07,1.31091734862368e-07,1.74860495436681e-07,2.18934785264722e-07,2.41168750843943e-07,3.57675924147072e-07,1.10879847884331e-07,1.42966056501167e-07,6.69135499043378e-08,1.9831860674132e-07,1.01531977011318e-07,1.47312557252918e-07,1.22532229998955e-07,5.73474962335328e-08,3.17572794541133e-08,8.70284758417781e-08,5.11917334974978e-08,7.63017243853858e-08,4.99111891847184e-08,2.76405493908329e-08,3.06061769284051e-08,4.4557907342406e-08,2.97273601900617e-08,4.58528140140132e-08,2.31232757542848e-08,2.70473724351119e-08,1.18586600378654e-08,2.37001233806748e-08,2.84062384702038e-08,2.4167060951476e-08,2.37367494417315e-08,1.03419409845347e-08,7.14599414998776e-09,2.46186453998895e-08,9.62419617281285e-09,2.47959913509493e-08,1.84808405734094e-08,3.84366892666411e-08,7.75604414916848e-08,3.46843585799053e-08,6.10220208779521e-08,5.6123704211488e-08,5.15234878038356e-08,8.24332622066745e-08,7.79301522162283e-08,7.93654991161432e-08,1.27729461622777e-07,1.21587805346476e-07,8.93836784555093e-08,8.10180283394942e-08,9.5379640278322e-08,1.39615785958981e-07,1.46613273878982e-07,2.18511580591355e-07,6.89440384168299e-08,7.84161236629914e-08,4.33099516395101e-08,1.21593981455782e-07,6.52337519261065e-08,9.67260744953807e-08,6.72146564805116e-08,3.71164225896722e-08,1.8439960572491e-08,5.59211904597349e-08,3.06389395940616e-08,4.34073769544642e-08,3.23041672565577e-08,1.60627595091284e-08,1.61069083596468e-08,2.66799231284545e-08,1.64844297547409e-08,2.58947840091905e-08,1.29285814049209e-08,1.48612143099778e-08,8.34122237900571e-09,1.31750153240799e-08,1.37571924637186e-08,1.20378224626204e-08,1.35070986139255e-08,7.63289529506827e-09,4.54930213299621e-09,1.2791988267399e-08,6.45436110477924e-09,1.2472347300823e-08
2.35864845419098e-08,3.74830090666068e-08,6.21475453634926e-08,3.25431812741293e-08,6.0073688392388e-08,5.10699600350723e-08,3.90790751809069e-08,6.47329463968972e-08,1.70881822199238e-07,6.22629268454284e-08,1.32518540443104e-07,1.20896447268688e-07,6.80005133808326e-08,1.78398745607918e-07,7.85926823398376e-08,1.38528693390316e-07,1.44688555124199e-07,1.10879847884331e-07,1.96242294992484e-07,8.43782630341013e-08,3.66074395795283e-08,1.58096786721532e-07,7.22407505272085e-08,1.38166815535823e-07,7.23025002307411e-08,3.13683798821034e-08,2.66854624549045e-08,6.19020431784851e-08,3.0184061010722e-08,5.75598240872005e-08,2.72865205381938e-08,2.32129750431385e-08,1.2977591275893e-08,2.62563130066231e-08,2.36670338823685e-08,2.64525607108992e-08,1.99436886867233e-08,1.11490884940963e-08,7.14103836832977e-09,1.98982909844688e-08,1.08085917544138e-08,1.93055781495554e-08,1.03475271105456e-08,6.50362834672779e-09,5.13437801789639e-09,9.93478801904845e-09,5.95498961243392e-09,9.94646825573396e-09,9.77849133298266e-09,2.16359656327661e-08,4.25056931335893e-08,1.89757901781239e-08,3.87752438548524e-08,3.76028761699523e-08,2.50372651253553e-08,4.26810586159495e-08,9.32812479403669e-08,4.24630826413973e-08,8.3963926725053e-08,7.6001039927783e-08,4.33023046686931e-08,9.84795617355186e-08,4.61505021884544e-08,8.78051328249076e-08,8.78937394038822e-08,7.41665790239218e-08,1.14764062444774e-07,4.94338087787244e-08,2.30086958494914e-08,9.77011949814762e-08,4.6809573619404e-08,8.86038563411533e-08,4.23591081649269e-08,1.97158151536558e-08,1.37106289452858e-08,4.0110439415541e-08,1.81108790286172e-08,3.49547175311129e-08,1.71502639645216e-08,1.19265119752178e-08,8.02114273154379e-09,1.57541726552812e-08,1.30724730225476e-08,1.51322408146919e-08,9.99339110065775e-09,7.48082670205787e-09,5.75839583495526e-09,1.08781230880721e-08,6.73608155904318e-09,1.09366883514402e-08,7.27931211487059e-09,4.56762865241148e-09,3.42646948460186e-09,5.82685479431492e-09,4.5505975626296e-09,5.9517355961057e-09
