4.21480800446565e-08,1.30007413889666e-08,7.50495715097794e-09,3.60150319122571e-08,1.25182283628657e-08,3.41389507396309e-08,1.09042154918637e-08,6.39992130185919e-09,7.31206336364706e-09,1.05010558168585e-08,7.29060835189228e-09,1.07851387382347e-08,5.65391990459408e-09,6.34078001059694e-09,3.70645426202362e-09,6.33686791516731e-09,6.42575550092734e-09,6.08643533279663e-09,5.61641230145238e-09,3.38189900305696e-09,2.65153426844396e-09,5.80005764936833e-09,3.74987264410977e-09,5.9912304106265e-09,3.08761641813619e-09,2.40671132011378e-09,2.38747037022715e-09,3.38228968600269e-09,2.84676876204978e-09,3.79960783915141e-09,1.96057645744402e-09,2.02851043817324e-09,1.83382561759538e-09,2.32677826801516e-09,2.25615159084186e-09,2.65674126099484e-09,1.71647309946522e-09,1.58991161454872e-09,1.38941778471511e-09,1.96582808242931e-09,1.7354322161149e-09,2.20260054951307e-09,2.44341291726075e-08,9.37892530373474e-09,4.21189833613917e-09,2.13920664033658e-08,9.08997981831569e-09,1.99403527643071e-08,7.83747972450757e-09,3.75256823617111e-09,3.9535651417263e-09,7.85708516403367e-09,4.532342787569e-09,7.73130221185873e-09,3.32060407684173e-09,3.72787000690164e-09,2.61655275208673e-09,4.12047681664317e-09,4.16444355116854e-09,4.3731129869403e-09,3.27667649617526e-09,2.39984482723565e-09,1.7649508422266e-09,3.69872643078432e-09,2.60423261010587e-09,3.76696457378521e-09,2.15001761822502e-09,1.61544439054772e-09,1.63206110771389e-09,2.33723073318067e-09,1.80375176228582e-09,2.54118609920402e-09,1.26476148146223e-09,1.35938106006123e-09,9.88902310747882e-10,1.48602167164217e-09,1.20994503385241e-09,1.53997075773417e-09,1.26860694431017e-09,8.78997372665825e-10,8.7693120440972e-10,1.09941680628337e-09,1.17819496061797e-09,1.46850849508895e-09
1.30007413889666e-08,2.65347249503406e-08,1.17219164822475e-08,2.27764343424739e-08,2.1566528383961e-08,1.83096951349097e-08,2.26075806214704e-08,9.92436940459153e-09,5.9448377399013e-09,1.81845375994208e-08,9.85909629465516e-09,1.72783423471395e-08,8.53062539054066e-09,4.9214484515653e-09,4.43211308006672e-09,8.44429211610503e-09,4.90310208928195e-09,7.89846608404188e-09,4.3022179690124e-09,3.92906983840313e-09,2.47765234243008e-09,4.22121691301124e-09,4.25688518392814e-09,4.39481728147505e-09,3.52665804957955e-09,2.23229675501753e-09,2.14782679302142e-09,3.76936881344072e-09,2.66111598691567e-09,4.33646534059674e-09,1.91923840405827e-09,1.80068395649945e-09,1.50831202427798e-09,2.24690691200229e-09,1.80972341437522e-09,2.36410605835898e-09,1.57346968970197e-09,1.35806578688522e-09,1.24579297740627e-09,1.58266820241638e-09,1.60857862951481e-09,1.93082195742615e-09,8.11024855504614e-09,1.69635168136122e-08,7.4084536797353e-09,1.41634734681713e-08,1.49877860013728e-08,1.24736776326088e-08,1.45593972735793e-08,6.48126929625546e-09,3.3031401300078e-09,1.29010586857024e-08,6.383172107091e-09,1.17466204803821e-08,5.64634318004439e-09,2.96308245801146e-09,2.58713036243952e-09,5.674277290389e-09,3.36966083005477e-09,5.71651859431399e-09,2.49517703923029e-09,2.25921930302808e-09,1.37487293164367e-09,2.87336540309453e-09,2.33255143784072e-09,2.87931597229333e-09,2.07502173659351e-09,1.24418270734733e-09,1.3192358323866e-09,2.01570230260662e-09,1.58742466566177e-09,2.38317564993365e-09,1.04426699372138e-09,1.13037603712715e-09,1.08308211886532e-09,1.33779277859721e-09,9.94683156734953e-10,1.39826922883345e-09,1.04199663972296e-09,9.47459088788442e-10,8.24952466197545e-10,8.96990818591771e-10,1.24185034637967e-09,1.26782206533546e-09
7.50495715097794e-09,1.17219164822475e-08,2.89690426901389e-08,1.19444510565603e-08,2.30019712894477e-08,2.1860728906342e-08,9.9259969980316e-09,2.40355783752714e-08,1.19161438145148e-08,1.9069749317855e-08,2.04762478080694e-08,1.61676982079461e-08,2.04520992106091e-08,9.91890969795198e-09,4.75488881043258e-09,1.73805479244437e-08,8.66569145144245e-09,1.55239301867812e-08,8.4102510399789e-09,4.0927292083328e-09,3.57948898537238e-09,7.34122690265475e-09,4.08489446692644e-09,7.01525661420536e-09,3.51964754956076e-09,3.14242499462709e-09,2.2339363084633e-09,3.5155048265556e-09,3.5566338592043e-09,3.87337616274101e-09,2.68053159380708e-09,1.91519964219126e-09,1.55019929025821e-09,3.03734230627132e-09,2.20120354763852e-09,3.25355357560959e-09,1.72329856844525e-09,1.3446503479193e-09,1.12440496715565e-09,1.91061508141423e-09,1.41511405152929e-09,1.97677973292081e-09,4.3565542239082e-09,7.46076352160675e-09,1.69483642985592e-08,7.3905149104454e-09,1.48353954704835e-08,1.36737138060266e-08,6.54370184210282e-09,1.43517765643912e-08,7.74311343764677e-09,1.25588424023822e-08,1.33663331640165e-08,1.1580018217099e-08,1.21541760564556e-08,6.55158160703031e-09,3.18598912009862e-09,1.15147796663109e-08,6.24239369427657e-09,1.07170874363793e-08,5.40199238530556e-09,2.75992677790296e-09,1.86762528920857e-09,5.25313843228878e-09,2.56475255545044e-09,4.63944361166614e-09,2.34992935726997e-09,1.63992603977019e-09,1.46048232305241e-09,2.17098437609688e-09,1.98536124750009e-09,2.32951830827707e-09,1.36506277612684e-09,1.31167086793376e-09,1.15847393111703e-09,1.69374904150659e-09,1.3619357240718e-09,1.81025702992154e-09,1.21125798899871e-09,9.5894612538874e-10,8.26494313542592e-10,1.14121576706441e-09,1.09839210882628e-09,1.30210568064773e-09
3.60150319122571e-08,2.27764343424739e-08,1.19444510565603e-08,5.1856165062898e-08,1.8622744585235e-08,4.48188733826597e-08,1.93743810131759e-08,1.01373732538192e-08,7.14315403974243e-09,1.56640681974795e-08,1.0608854009959e-08,1.52807388405823e-08,8.71888579049622e-09,5.97865155772992e-09,5.71748328728387e-09,9.05954891483338e-09,5.81794801462334e-09,8.52557154901939e-09,5.14915804995979e-09,5.17905782267349e-09,3.25306824888886e-09,5.11076009350261e-09,5.69400393135589e-09,5.24174692193128e-09,4.70144276981315e-09,2.93616645830992e-09,2.93825291395059e-09,5.10871515194424e-09,3.49770323307457e-09,5.69365770755686e-09,2.52726018618792e-09,2.55357553083058e-09,2.29296600775103e-09,2.95773062248581e-09,2.73425794184534e-09,3.37547722003787e-09,2.15239522426505e-09,1.92788385253769e-09,1.63952719960652e-09,2.31895312207862e-09,2.22478971911005e-09,2.71597876417666e-09,2.08019643221069e-08,1.58631950365222e-08,7.0976657588423e-09,3.03505580990763e-08,1.34585500814984e-08,2.67092756157794e-08,1.35705717963743e-08,6.1345331284828e-09,3.98078683182204e-09,1.15924810570701e-08,6.69220124977586e-09,1.06414472082531e-08,5.36414934352857e-09,3.62996770834029e-09,3.52026395224861e-09,6.01847464339801e-09,4.18068397757252e-09,6.21202783137235e-09,3.11541278137535e-09,3.17041256299773e-09,1.95013012094694e-09,3.61334914217267e-09,3.42758932821598e-09,3.34678745737759e-09,2.90574092051701e-09,1.80817308941822e-09,1.74346524177104e-09,3.10873224760096e-09,2.05547465365847e-09,3.24597915226196e-09,1.56624694814123e-09,1.46549236098871e-09,1.36875643951914e-09,1.71952598413667e-09,1.30081384981393e-09,1.8747495547412e-09,1.3637939846704e-09,1.19165852340367e-09,9.13704679550469e-10,1.13433756352909e-09,1.61323161053753e-09,1.67046125967477e-09
1.25182283628657e-08,2.1566528383961e-08,2.30019712894477e-08,1.8622744585235e-08,3.61243520933791e-08,3.07502582298554e-08,1.8185526855561e-08,1.9068581589747e-08,1.06724497926949e-08,3.02067594417258e-08,1.61468209332654e-08,2.57922384856271e-08,1.62505338834981e-08,8.81182727417388e-09,4.78517988909104e-09,1.36674966987528e-08,7.86701672739388e-09,1.21199707092036e-08,7.44988663232691e-09,4.03809335108796e-09,3.8768896966275e-09,6.57028140351695e-09,4.06434158816548e-09,6.31887003341393e-09,3.52314211522764e-09,3.40663602388835e-09,2.64666178074543e-09,3.52070260294086e-09,3.96777108934111e-09,4.08098541469558e-09,2.90440749396317e-09,2.22385932763912e-09,1.75040206611164e-09,3.37245677012009e-09,2.37244717743215e-09,3.5155594961581e-09,1.9672253078347e-09,1.50795473724165e-09,1.24972486117083e-09,2.03654631345492e-09,1.66224117981874e-09,2.21594387830358e-09,7.66296650101737e-09,1.41714639088788e-08,1.37901728895989e-08,1.17717363743645e-08,2.38129666195092e-08,1.98943675580015e-08,1.22954396966746e-08,1.18402585655685e-08,6.67749718752041e-09,2.02359604403135e-08,1.08184137024477e-08,1.78185070731477e-08,1.02020366993953e-08,5.75681598183127e-09,3.06209692228124e-09,9.41393399337464e-09,5.6742945563984e-09,8.67825073682067e-09,4.67703796010888e-09,2.61428821435928e-09,1.97085475173729e-09,4.6952751658246e-09,2.26718124211576e-09,4.13508154186935e-09,2.25268086354338e-09,1.74672997288839e-09,1.79048640194064e-09,1.88089160981697e-09,2.28609890876592e-09,2.42820101455774e-09,1.46559620016968e-09,1.51792074811549e-09,1.39383131190847e-09,1.95566844627443e-09,1.44052621814636e-09,2.03568642095526e-09,1.40384255173225e-09,1.17130426379471e-09,9.88563450891789e-10,1.23326595073638e-09,1.37588248687503e-09,1.46255574177793e-09
3.41389507396309e-08,1.83096951349097e-08,2.1860728906342e-08,4.48188733826597e-08,3.07502582298554e-08,6.30930691951778e-08,1.53847466763556e-08,1.79801081387691e-08,1.06911808082508e-08,2.54609743541823e-08,1.55768055678884e-08,2.19665499884337e-08,1.5318870229137e-08,8.90261725064326e-09,5.17073690167025e-09,1.31898065621181e-08,8.00500996608304e-09,1.19383296271591e-08,7.58071204305229e-09,4.53378187737496e-09,4.97610106105763e-09,6.80700688312074e-09,4.84548625935099e-09,6.62534394113855e-09,3.96246108640663e-09,4.40269662559624e-09,3.30610811068595e-09,4.19164550820567e-09,4.9730272985964e-09,4.82039444870185e-09,3.72344267355418e-09,2.83228844051559e-09,2.47509264763765e-09,4.2117558889471e-09,3.21206594720298e-09,4.79419097947712e-09,2.5278957699857e-09,2.14733031856507e-09,1.74206413289969e-09,2.81994676753486e-09,2.36501499693581e-09,3.10516116239943e-09,1.93942353004357e-08,1.29784047743767e-08,1.23406909427086e-08,2.68272357723654e-08,2.08714171286912e-08,3.66013751258014e-08,1.11549838185649e-08,1.04069335385879e-08,6.53105331416884e-09,1.75646320004308e-08,1.02368848293401e-08,1.56640925504392e-08,9.0075889989838e-09,5.75715442171969e-09,3.4544573421578e-09,9.03637626502027e-09,6.03383325728454e-09,8.85295629562226e-09,4.68276136548064e-09,3.05053266969902e-09,2.65728790621254e-09,5.00154295042145e-09,2.94798163840297e-09,4.35916236973697e-09,2.60006440159723e-09,2.38246347472529e-09,2.23837855783489e-09,2.54427229130467e-09,2.95298313367458e-09,3.00156524949089e-09,2.00895583563619e-09,1.8755009176267e-09,1.6062630817352e-09,2.46834688359322e-09,1.71821712577673e-09,2.67510133233956e-09,1.82726593603935e-09,1.38664981171882e-09,1.12169448895775e-09,1.5152498987719e-09,1.82436952176542e-09,1.95620187788918e-09
1.09042154918637e-08,2.26075806214704e-08,9.9259969980316e-09,1.93743810131759e-08,1.8185526855561e-08,1.53847466763556e-08,2.59175479077821e-08,1.11714550027391e-08,6.49153660916481e-09,2.09505890434551e-08,1.09551542094896e-08,1.97437981487292e-08,9.54928234952301e-09,5.39538523090818e-09,5.05144671434438e-09,9.34039974809697e-09,5.44130994370391e-09,8.80156982171679e-09,4.71135976349249e-09,4.48056300442086e-09,2.77217843295784e-09,4.69200165680106e-09,4.84196725395837e-09,4.87329571407919e-09,4.02634734409296e-09,2.50714157233561e-09,2.37151620987632e-09,4.31318789109329e-09,2.9500269388475e-09,4.91653349118672e-09,2.16114715132369e-09,1.99009513530147e-09,1.78848795594953e-09,2.49604188006586e-09,2.12184773291019e-09,2.73576502423781e-09,1.70624869376054e-09,1.59706485196838e-09,1.41314068657463e-09,1.82781767352595e-09,1.84520589609579e-09,2.16988455757253e-09,6.8420482707139e-09,1.45586065364794e-08,6.48199154035411e-09,1.21019460267552e-08,1.29010789359107e-08,1.06110093248889e-08,1.71476524323329e-08,7.40897700916171e-09,3.76266907329342e-09,1.48075533700023e-08,7.07045492545908e-09,1.34379060542573e-08,6.42569815820421e-09,3.30907967973339e-09,3.02517632625646e-09,6.23634409060473e-09,3.82482996418155e-09,6.35157764892824e-09,2.76786020562991e-09,2.66306314849785e-09,1.60904273355398e-09,3.27342398971475e-09,2.80235353174006e-09,3.25321128326751e-09,2.37159534816479e-09,1.46677637459509e-09,1.51926515909785e-09,2.46274464737665e-09,1.87426024814052e-09,2.73678658096743e-09,1.22350518805518e-09,1.31686001775829e-09,1.32035878633667e-09,1.59066384485571e-09,1.32474093629117e-09,1.68432631447423e-09,1.17437532051597e-09,1.14019583127151e-09,9.47710744006726e-10,1.1384919247652e-09,1.43967629045241e-09,1.52026074474253e-09
6.39992130185919e-09,9.92436940459153e-09,2.40355783752714e-08,1.01373732538192e-08,1.9068581589747e-08,1.79801081387691e-08,1.11714550027391e-08,2.7222226145962e-08,1.31440976039534e-08,2.16602497960493e-08,2.3046216363501e-08,1.82585961602753e-08,2.30746215823916e-08,1.0938212078811e-08,5.29702100461834e-09,1.9449402863778e-08,9.63209408083189e-09,1.7388186718492e-08,9.26139508503861e-09,4.50290819895927e-09,4.07554888897435e-09,8.13868230052566e-09,4.50980409751151e-09,7.82291723178135e-09,3.86020786552914e-09,3.60919253768411e-09,2.65648235732825e-09,3.88192694635887e-09,4.13148378524548e-09,4.3477409457147e-09,3.09294489185837e-09,2.23497582972242e-09,1.75874493611378e-09,3.49079869254783e-09,2.48197725903465e-09,3.72266630881156e-09,1.99600615432778e-09,1.51856120771431e-09,1.22832020981107e-09,2.14515365997898e-09,1.54692138166581e-09,2.24891253264497e-09,3.93279739628799e-09,6.54160209489629e-09,1.43514719209687e-08,6.51685146480802e-09,1.25573549923512e-08,1.14997907287706e-08,7.20391057009483e-09,1.63150451546457e-08,8.63149497014078e-09,1.40229551075298e-08,1.49614947415364e-08,1.26857748198909e-08,1.37158495137435e-08,7.26096179133889e-09,3.63088075932521e-09,1.2854651167524e-08,7.04100402590157e-09,1.2024217652253e-08,6.01444737852063e-09,3.14363922853929e-09,2.20916042804574e-09,5.93424799165792e-09,2.87616494037044e-09,5.24780453922076e-09,2.63174087596574e-09,1.96970188846472e-09,1.63719046863726e-09,2.48307688660178e-09,2.26790625031314e-09,2.61874381643882e-09,1.65489429032469e-09,1.45122535463953e-09,1.34812604353737e-09,1.93352077869012e-09,1.53231335332307e-09,2.07176146062794e-09,1.35440206100718e-09,1.10652317698051e-09,8.57840360329353e-10,1.28582044318823e-09,1.15611411622067e-09,1.46234765610224e-09
7.31206336364706e-09,5.9448377399013e-09,1.19161438145148e-08,7.14315403974243e-09,1.06724497926949e-08,1.06911808082508e-08,6.49153660916481e-09,1.31440976039534e-08,3.42667021576119e-08,1.18772076344159e-08,2.62319629205935e-08,2.3717310068295e-08,1.09396769729811e-08,2.82705960119102e-08,1.17552010560325e-08,2.14893339133097e-08,2.1676679352851e-08,1.62268830907184e-08,2.39499695760714e-08,9.79580998577191e-09,5.04027728540356e-09,1.81833847927835e-08,8.86537878838292e-09,1.6530235071792e-08,8.3408682758166e-09,4.2695843019703e-09,5.35796510254687e-09,7.50933892837926e-09,4.98111991275646e-09,7.95725139454744e-09,3.57944800863909e-09,4.54508329303946e-09,2.53620916311365e-09,4.04815606891618e-09,4.9696662768175e-09,4.34270498344484e-09,4.03110667852649e-09,2.10324341242787e-09,1.66527257136945e-09,4.26911229737263e-09,2.1976343793619e-09,4.34793816591432e-09,4.07590733313793e-09,3.51744933295845e-09,7.71405942825049e-09,4.29871209699549e-09,7.17265668954162e-09,7.52342878444338e-09,3.71523204990657e-09,8.54571400338802e-09,2.06068479787092e-08,7.87085631369282e-09,1.66344814307306e-08,1.4970662396675e-08,7.25222814555088e-09,1.7422020646388e-08,8.38243098400472e-09,1.38896179053266e-08,1.4842841646077e-08,1.17510146943606e-08,1.46610021478913e-08,7.15414282066616e-09,3.15835345791886e-09,1.23661683110829e-08,6.20058145226957e-09,1.07852694724794e-08,6.14922208229161e-09,2.67720647505094e-09,3.06115556967241e-09,5.28166846104188e-09,3.13996054465984e-09,5.38296460408172e-09,2.18054448559011e-09,2.67146048591802e-09,1.7438810313303e-09,2.53187965546034e-09,2.83234471198866e-09,2.6037711656182e-09,2.47866121961624e-09,1.45720865209022e-09,1.09103775726621e-09,2.51547164319981e-09,1.48132996399977e-09,2.4584820224352e-09
1.05010558168585e-08,1.81845375994208e-08,1.9069749317855e-08,1.56640681974795e-08,3.02067594417258e-08,2.54609743541823e-08,2.09505890434551e-08,2.16602497960493e-08,1.18772076344159e-08,3.48899532043136e-08,1.82082047906522e-08,2.96756031203716e-08,1.84201431862045e-08,9.82258843570124e-09,5.37988536720173e-09,1.53502391157328e-08,8.86458693552733e-09,1.36952616925171e-08,8.26244451696778e-09,4.49102653023012e-09,4.48972905569798e-09,7.37637915493017e-09,4.53158889747442e-09,7.1146837258543e-09,3.90524067776808e-09,3.98250817064539e-09,3.01558573414247e-09,3.93404998273169e-09,4.54842992813351e-09,4.50765317704115e-09,3.40492897761769e-09,2.52887409037849e-09,2.11549581272136e-09,3.87311266362887e-09,2.7991022138601e-09,4.14575806256848e-09,2.24785160338267e-09,1.8539536693552e-09,1.44284001702453e-09,2.43069980519285e-09,1.95443765227808e-09,2.60842881031436e-09,6.55168928295231e-09,1.22935961442975e-08,1.18405915813852e-08,1.01370941030052e-08,2.02350709167181e-08,1.6731538023109e-08,1.42499876895798e-08,1.36896793715986e-08,7.60037710969136e-09,2.31452118616876e-08,1.23212986478306e-08,2.03012164474857e-08,1.1701679124535e-08,6.49371868898994e-09,3.50397249563945e-09,1.06368619714905e-08,6.41879725108198e-09,9.81502187171106e-09,5.2363437958592e-09,3.0343013107283e-09,2.36301078043525e-09,5.3007182436638e-09,2.68545769680352e-09,4.66454748117594e-09,2.55824568868606e-09,2.11188946022489e-09,1.97886203338345e-09,2.30070002936844e-09,2.54096048687174e-09,2.74359816506339e-09,1.77512333649412e-09,1.69199342521884e-09,1.73214414317155e-09,2.17551602001911e-09,1.76825379123666e-09,2.37241035904949e-09,1.57632880055504e-09,1.48790823822744e-09,1.07722133564421e-09,1.54820912894105e-09,1.58912627653236e-09,1.75923892672387e-09
7.29060835189228e-09,9.85909629465516e-09,2.04762478080694e-08,1.0608854009959e-08,1.61468209332654e-08,1.55768055678884e-08,1.09551542094896e-08,2.3046216363501e-08,2.62319629205935e-08,1.82082047906522e-08,3.92771288285758e-08,3.21128194150077e-08,1.94506536448889e-08,2.14887779442272e-08,1.0632605193954e-08,3.26456270998238e-08,1.62286364639975e-08,2.56225547499709e-08,1.8187733804298e-08,8.78978466732068e-09,4.98787962714408e-09,1.35417889247461e-08,8.10880041402173e-09,1.22865875514216e-08,7.38358595704308e-09,4.22594070935210e-09,5.43241931795508e-09,6.80690967535161e-09,4.93126661130289e-09,7.29049412299997e-09,3.53054601141044e-09,4.54917172679759e-09,2.54504209726279e-09,3.93657954090966e-09,4.97109937868128e-09,4.25853675404989e-09,4.01011836514224e-09,2.15009116469936e-09,1.69926906948281e-09,4.2900148598142e-09,2.23109508913743e-09,4.45171072318848e-09,4.60312458214115e-09,6.50268619492693e-09,1.272438892651e-08,6.83514226997789e-09,1.07869458749827e-08,1.04912224413729e-08,7.08495632103107e-09,1.46056388341985e-08,1.60224955676245e-08,1.21352892788875e-08,2.47415874397419e-08,2.07241237229786e-08,1.23323632560784e-08,1.32252953611577e-08,7.30553333028613e-09,2.08114756879267e-08,1.15684055806846e-08,1.80427073551426e-08,1.1176682851699e-08,6.14945791259845e-09,3.07321812280954e-09,9.6629957859431e-09,5.38046844699506e-09,8.08085221529796e-09,5.2500390434565e-09,2.61708077349929e-09,2.98556565694473e-09,4.61853681131743e-09,2.95777356058758e-09,4.74713046871112e-09,2.12052447471085e-09,2.58483032182838e-09,1.73386515709917e-09,2.37807624159779e-09,2.82039940539506e-09,2.48454117423942e-09,2.3698566039667e-09,1.45063773698684e-09,1.02013281524003e-09,2.47591573036115e-09,1.45233882353818e-09,2.41986968251847e-09
1.07851387382347e-08,1.72783423471395e-08,1.61676982079461e-08,1.52807388405823e-08,2.57922384856271e-08,2.19665499884337e-08,1.97437981487292e-08,1.82585961602753e-08,2.3717310068295e-08,2.96756031203716e-08,3.21128194150077e-08,4.65282084108676e-08,1.54046028737988e-08,1.93169959219483e-08,1.00019310765996e-08,2.65256974757525e-08,1.45405868670513e-08,2.0559407604746e-08,1.62730638299865e-08,8.22240350717594e-09,5.18445019109438e-09,1.20550479500343e-08,7.65028923563105e-09,1.097252201213e-08,7.00297023100629e-09,4.46216878268165e-09,5.69859083867295e-09,6.50237852350123e-09,5.18351596589018e-09,7.04711710869195e-09,3.70303306883878e-09,4.8494561866051e-09,2.83560405675094e-09,4.15013606200598e-09,5.36638066849537e-09,4.54017508321908e-09,4.17421595919275e-09,2.42435577645095e-09,1.9331122417571e-09,4.57246560449807e-09,2.51698413537079e-09,4.76274427303806e-09,6.95203750476548e-09,1.16962218419114e-08,1.05368895220341e-08,1.02749203555056e-08,1.72608145604072e-08,1.51019080146238e-08,1.35168110333626e-08,1.22483706509106e-08,1.40570262029287e-08,1.99015153343479e-08,2.0626820033622e-08,3.00675535965334e-08,1.04116039346073e-08,1.16507409352718e-08,6.65866489095971e-09,1.73386023939788e-08,1.05010564205509e-08,1.48560101135932e-08,9.65681560799292e-09,5.66891712702361e-09,3.2057874879466e-09,8.65085430061654e-09,5.06988382787030e-09,7.10313979614151e-09,4.84237523110871e-09,2.79452067200053e-09,3.13760023258636e-09,4.34264980375479e-09,3.15581130424263e-09,4.58119274534646e-09,2.24392884579846e-09,2.76278285749016e-09,2.00611767218129e-09,2.54666676811047e-09,2.88867184073438e-09,2.7475574639323e-09,2.45899444429995e-09,1.73129127878431e-09,1.23627711797277e-09,2.55684918065835e-09,1.74932636441753e-09,2.58472239298923e-09
5.65391990459408e-09,8.53062539054066e-09,2.04520992106091e-08,8.71888579049622e-09,1.62505338834981e-08,1.5318870229137e-08,9.54928234952301e-09,2.30746215823916e-08,1.09396769729811e-08,1.84201431862045e-08,1.94506536448889e-08,1.54046028737988e-08,2.56625065034605e-08,1.19115539473144e-08,6.01667837589047e-09,2.14137434018211e-08,1.05918341726893e-08,1.92187373285562e-08,1.00082152751212e-08,5.10126878307039e-09,4.61899591686941e-09,8.92748757871362e-09,5.16802716602476e-09,8.67095186876063e-09,4.33167504724803e-09,4.04101092111903e-09,2.8642568734173e-09,4.37798721258573e-09,4.53075848067332e-09,4.80312523913947e-09,3.44981438401605e-09,2.41635738285371e-09,1.91791691392994e-09,3.80026623177273e-09,2.6399044159737e-09,4.03740450019297e-09,2.15151715815484e-09,1.63625858790186e-09,1.33947324262473e-09,2.28269204085205e-09,1.68875699745953e-09,2.40975061446564e-09,3.49759271557964e-09,5.70189057333367e-09,1.21534802301758e-08,5.66192998749796e-09,1.06634489822779e-08,9.70574153177226e-09,6.21678442669501e-09,1.37158543649367e-08,7.2611605527747e-09,1.18833917587451e-08,1.28551635611797e-08,1.07875235934143e-08,1.54090388537491e-08,7.82063286118687e-09,3.76356561673999e-09,1.43105815783587e-08,7.48185095138548e-09,1.30949816629035e-08,6.44733351491941e-09,3.24260411300328e-09,2.44366919209304e-09,6.27162256376002e-09,3.06517382482072e-09,5.62291172911534e-09,2.73204590570674e-09,2.18225232228076e-09,1.7627830382024e-09,2.71552816663324e-09,2.57876914270477e-09,2.93711200637268e-09,1.85772416339397e-09,1.56955317975977e-09,1.43345921324018e-09,2.14923297099187e-09,1.6277485793244e-09,2.33510841287652e-09,1.455770523472e-09,1.1633239455524e-09,9.09136529124383e-10,1.37687733824178e-09,1.25186915564731e-09,1.5221111935599e-09
6.34078001059694e-09,4.9214484515653e-09,9.91890969795198e-09,5.97865155772992e-09,8.81182727417388e-09,8.90261725064326e-09,5.39538523090818e-09,1.0938212078811e-08,2.82705960119102e-08,9.82258843570124e-09,2.14887779442272e-08,1.93169959219483e-08,1.19115539473144e-08,3.10920062323924e-08,1.28700524889596e-08,2.37067791436151e-08,2.3588136766841e-08,1.76818494462333e-08,2.60467963169737e-08,1.05730466025687e-08,5.42648352962307e-09,1.96049378264521e-08,9.59634146960406e-09,1.78961114901479e-08,8.9383845768975e-09,4.53617341261605e-09,5.79633277496226e-09,8.05767327059451e-09,5.28878787779040e-09,8.55189583856254e-09,3.7804428784862e-09,4.91353841582011e-09,2.69635693887258e-09,4.27277748691588e-09,5.38684618900243e-09,4.58550047821857e-09,4.36908196529001e-09,2.22410524284751e-09,1.74133521441157e-09,4.63135835656673e-09,2.30649841889327e-09,4.7537681074682e-09,3.47901494848382e-09,2.93067499497444e-09,6.54921212283226e-09,3.4673511659834e-09,5.87928736500285e-09,6.0747683259535e-09,3.14751055878022e-09,7.25108520190969e-09,1.7421059214747e-08,6.54463199673357e-09,1.38888597264242e-08,1.2345181579402e-08,7.80111654821227e-09,1.92362437028747e-08,9.06210089016323e-09,1.49651988308528e-08,1.61633312911547e-08,1.24797282907465e-08,1.60332850472651e-08,7.70962247802917e-09,3.37869188109296e-09,1.34228262005564e-08,6.65379594063207e-09,1.17763285178339e-08,6.60902876773713e-09,2.84895296880063e-09,3.30706684471309e-09,5.70854051718207e-09,3.32992512918399e-09,5.86890557623272e-09,2.31328134860238e-09,2.8751342889467e-09,1.85093280993939e-09,2.68758037193443e-09,3.15041842059993e-09,2.79301912690385e-09,2.65780321626386e-09,1.5587170906008e-09,1.18256680949699e-09,2.79970112760364e-09,1.61933856893168e-09,2.78521685413683e-09
3.70645426202362e-09,4.43211308006672e-09,4.75488881043258e-09,5.71748328728387e-09,4.78517988909104e-09,5.17073690167025e-09,5.05144671434438e-09,5.29702100461834e-09,1.17552010560325e-08,5.37988536720173e-09,1.0632605193954e-08,1.00019310765996e-08,6.01667837589047e-09,1.28700524889596e-08,2.66583037261475e-08,1.16992495287883e-08,2.09553059150397e-08,1.87926100813509e-08,1.0573999730879e-08,2.19948936600536e-08,9.29423421431323e-09,1.70641660788265e-08,1.70767775362697e-08,1.31825237573392e-08,1.88227016052671e-08,7.80698088287869e-09,4.69401163748355e-09,1.44765795953046e-08,8.06432609750172e-09,1.43417322287002e-08,6.32809142325721e-09,3.90755428510123e-09,4.20213156665852e-09,6.4151745717112e-09,4.44747550686352e-09,6.68125435099285e-09,3.31073477426186e-09,3.42144284485633e-09,1.92352157071941e-09,3.66631613986958e-09,3.54497474822977e-09,3.8152656453212e-09,1.906673430412e-09,3.02506665889733e-09,3.26609566667236e-09,3.12284297956099e-09,3.58120340602013e-09,3.37851745909225e-09,3.38006313990182e-09,3.55701124010897e-09,7.35280210375227e-09,3.9878530271301e-09,6.55624332021303e-09,6.3228456651012e-09,3.86632624404742e-09,7.9293370699769e-09,1.76013215620357e-08,7.06435136625744e-09,1.4357891469706e-08,1.24996811204642e-08,6.53309235739796e-09,1.48423425642417e-08,6.35401048159502e-09,1.1784771873609e-08,1.13907700132692e-08,8.97482776422435e-09,1.26405407247686e-08,5.46138853571466e-09,3.12951634304207e-09,9.9169580488642e-09,5.5182113370083e-09,9.59275350650744e-09,4.37463112591038e-09,2.59864279287655e-09,2.66144232047178e-09,4.38762450311057e-09,2.70272810045734e-09,4.43137891773028e-09,2.25176220620754e-09,2.22308941590494e-09,1.34219336496549e-09,2.23849782324326e-09,2.34315551827384e-09,2.29155491412373e-09
6.33686791516731e-09,8.44429211610503e-09,1.73805479244437e-08,9.05954891483338e-09,1.36674966987528e-08,1.31898065621181e-08,9.34039974809697e-09,1.9449402863778e-08,2.14893339133097e-08,1.53502391157328e-08,3.26456270998238e-08,2.65256974757525e-08,2.14137434018211e-08,2.37067791436151e-08,1.16992495287883e-08,3.62127617775868e-08,1.77420294793698e-08,2.82187121363671e-08,1.98428879466338e-08,9.54027354845085e-09,5.4534567333298e-09,1.46899692282948e-08,8.90186775168751e-09,1.35063227038094e-08,7.91366577324386e-09,4.55394753166576e-09,5.95537079637626e-09,7.35207605605562e-09,5.30099211638897e-09,7.89368937286099e-09,3.76531873508616e-09,4.96402539486571e-09,2.71491435105521e-09,4.18898444618942e-09,5.36279284062987e-09,4.53599670327832e-09,4.37558655776878e-09,2.30075543724123e-09,1.82904399916483e-09,4.6321630915968e-09,2.36681357283428e-09,4.86512760990531e-09,3.88687492817819e-09,5.55274751700852e-09,1.079291690241e-08,5.75127660803716e-09,8.96520971098398e-09,8.6360780676383e-09,6.05327668440719e-09,1.23313892094662e-08,1.32245498907032e-08,1.01420655109214e-08,2.08110227945827e-08,1.72487714276515e-08,1.36263621778034e-08,1.46742284491959e-08,7.71808132377218e-09,2.28965803633427e-08,1.24897627846959e-08,1.94066172869319e-08,1.23110504839899e-08,6.48170856588013e-09,3.32092791954996e-09,1.03671187129737e-08,5.69147435130822e-09,8.76938010440221e-09,5.50708442750410e-09,2.79274308639536e-09,3.30478894070898e-09,4.92747922629321e-09,3.22109622340695e-09,5.05835251481396e-09,2.24759919048001e-09,2.83032634822287e-09,1.82239006675741e-09,2.57370138392306e-09,3.09956390352207e-09,2.73494005710446e-09,2.60710081630072e-09,1.53696180374582e-09,1.12777604217257e-09,2.74975898527129e-09,1.53775845428148e-09,2.6690045428588e-09
6.42575550092734e-09,4.90310208928195e-09,8.66569145144245e-09,5.81794801462334e-09,7.86701672739388e-09,8.00500996608304e-09,5.44130994370391e-09,9.63209408083189e-09,2.1676679352851e-08,8.86458693552733e-09,1.62286364639975e-08,1.45405868670513e-08,1.05918341726893e-08,2.3588136766841e-08,2.09553059150397e-08,1.77420294793698e-08,3.38288849254938e-08,2.61983410828292e-08,1.96059876298729e-08,1.70639082685234e-08,8.35423573923361e-09,2.78699497002968e-08,1.32722804061671e-08,2.26983690466897e-08,1.45233518637196e-08,6.93411572437612e-09,4.77650001495218e-09,1.1136424921748e-08,7.2527819016779e-09,1.10929062324356e-08,5.6802836730696e-09,3.9205291657287e-09,4.38355248586199e-09,5.80536530671865e-09,4.5066340276446e-09,6.16851828197775e-09,3.40975197040902e-09,3.60964812195938e-09,2.15536796534699e-09,3.71429466866501e-09,3.82603148603146e-09,3.90667467102697e-09,3.38817747867522e-09,3.11832919719642e-09,5.80869345352219e-09,3.67603424515427e-09,5.56649851566718e-09,5.57150028089072e-09,3.40544941814416e-09,6.47406587553241e-09,1.36080120718558e-08,6.26388515622524e-09,1.05693339803948e-08,9.75530679480328e-09,7.00494135174602e-09,1.48407924099016e-08,1.45228324720323e-08,1.13715644919114e-08,2.26354545060849e-08,1.78066491233702e-08,1.23261979776292e-08,1.20698707777879e-08,5.56842324242883e-09,1.8651113188568e-08,9.3162254126312e-09,1.5091461662391e-08,1.02376787416595e-08,4.69137101822485e-09,3.21268800872966e-09,8.01516914290335e-09,4.9053081341534e-09,7.89763085521582e-09,3.87853568372771e-09,2.68643547816569e-09,3.01525414061742e-09,3.8877697315316e-09,2.97429540285373e-09,4.08067574903682e-09,2.40563767932937e-09,2.50066569250896e-09,1.60423867579812e-09,2.4723837658046e-09,2.68306348930759e-09,2.54549594010399e-09
6.08643533279663e-09,7.89846608404188e-09,1.55239301867812e-08,8.52557154901939e-09,1.21199707092036e-08,1.19383296271591e-08,8.80156982171679e-09,1.7388186718492e-08,1.62268830907184e-08,1.36952616925171e-08,2.56225547499709e-08,2.0559407604746e-08,1.92187373285562e-08,1.76818494462333e-08,1.87926100813509e-08,2.82187121363671e-08,2.61983410828292e-08,3.88370828883307e-08,1.46323663498551e-08,1.51647780313565e-08,7.98237414244034e-09,2.14198538805866e-08,1.1953431416664e-08,1.73262070121871e-08,1.26767961085739e-08,6.60564252951791e-09,4.64988105984784e-09,9.87316290370469e-09,6.81149861578788e-09,9.93650461686537e-09,5.37322973569121e-09,3.79171031870963e-09,4.24280967541508e-09,5.37152565416688e-09,4.25394808257188e-09,5.73339358707497e-09,3.30339128315281e-09,3.61701710090599e-09,2.16327077320456e-09,3.575226436378e-09,3.8485647349014e-09,3.81248889990487e-09,3.55758993826768e-09,5.25718162202774e-09,9.58986517524182e-09,5.62062361721373e-09,8.16030758933934e-09,7.86643569531076e-09,5.80190193329213e-09,1.09676217890508e-08,1.02406917344617e-08,9.29374436718262e-09,1.62811859559595e-08,1.37554599768628e-08,1.20782666290331e-08,1.12647040717891e-08,1.23968467361366e-08,1.79905788826985e-08,1.78219101879151e-08,2.60038079310883e-08,9.36495913065791e-09,1.02062825161839e-08,5.09628017811334e-09,1.46267811422478e-08,7.87593403219448e-09,1.13894891612645e-08,8.48100598418395e-09,4.29196010049413e-09,2.87693491979447e-09,6.73513517056516e-09,4.51276127258785e-09,6.59851647431761e-09,3.51162961435541e-09,2.37819395231541e-09,2.82864885461711e-09,3.61528972914088e-09,2.62069496904575e-09,3.81757914984542e-09,2.0789972037071e-09,2.39786779791285e-09,1.45916019811302e-09,2.15937611270119e-09,2.57067271082645e-09,2.28642482609513e-09
5.61641230145238e-09,4.3022179690124e-09,8.4102510399789e-09,5.14915804995979e-09,7.44988663232691e-09,7.58071204305229e-09,4.71135976349249e-09,9.26139508503861e-09,2.39499695760714e-08,8.26244451696778e-09,1.8187733804298e-08,1.62730638299865e-08,1.00082152751212e-08,2.60467963169737e-08,1.0573999730879e-08,1.98428879466338e-08,1.96059876298729e-08,1.46323663498551e-08,2.89407689862702e-08,1.15409788163727e-08,5.90738276030777e-09,2.17935533522465e-08,1.05684988577723e-08,2.00028137751186e-08,9.75039259225498e-09,4.95070180279437e-09,6.30495807107919e-09,8.86825793434456e-09,5.67328362572388e-09,9.31266430894542e-09,4.10886378411726e-09,5.26185845147886e-09,2.95222734404002e-09,4.56406006063795e-09,5.81642593208745e-09,4.91184344070932e-09,4.58003408906305e-09,2.39244453910467e-09,1.95276576938011e-09,4.90759870202056e-09,2.51175437531158e-09,5.06053669954158e-09,3.02234353926795e-09,2.71340810425297e-09,5.52426496182015e-09,3.09183404246195e-09,5.01453051552779e-09,5.13520363407602e-09,2.87420237201214e-09,6.0794022234835e-09,1.46588648305396e-08,5.51986768935223e-09,1.16855565553458e-08,1.04263550936201e-08,6.39300419888701e-09,1.60329865768057e-08,7.70916550129365e-09,1.26203018784778e-08,1.34233881323342e-08,1.05079303682383e-08,1.78694928715376e-08,8.34742381517184e-09,3.76633922235959e-09,1.4839339128353e-08,7.39291536644045e-09,1.32618903277875e-08,7.16242317650812e-09,3.20733392564312e-09,3.74637249172047e-09,6.36425325144988e-09,3.48706822759547e-09,6.35126942528198e-09,2.62561397852025e-09,3.188246040082e-09,1.9628643781589e-09,2.78330701516828e-09,3.4513031523301e-09,2.87934224112872e-09,2.81659925123297e-09,1.67440912709742e-09,1.36217171288438e-09,2.96374329838878e-09,1.7836475349277e-09,3.01825510695549e-09
3.38189900305696e-09,3.92906983840313e-09,4.0927292083328e-09,5.17905782267349e-09,4.03809335108796e-09,4.53378187737496e-09,4.48056300442086e-09,4.50290819895927e-09,9.79580998577191e-09,4.49102653023012e-09,8.78978466732068e-09,8.22240350717594e-09,5.10126878307039e-09,1.05730466025687e-08,2.19948936600536e-08,9.54027354845085e-09,1.70639082685234e-08,1.51647780313565e-08,1.15409788163727e-08,2.43860589259609e-08,1.00583330494754e-08,1.8818074090802e-08,1.88002316509356e-08,1.44584443683e-08,2.07654622566167e-08,8.44019564080032e-09,5.10138010216248e-09,1.59139182856141e-08,8.67670120943897e-09,1.56455326851803e-08,6.8373929352036e-09,4.22774619264576e-09,4.52114176550644e-09,6.89536447185485e-09,4.788045293431e-09,7.18076023611388e-09,3.51824786292634e-09,3.64993615639153e-09,2.15743071587142e-09,3.87764435992908e-09,3.85273028646955e-09,4.04321939209286e-09,1.69456692290968e-09,2.73526314770729e-09,2.77449199107824e-09,2.85640792385434e-09,3.08487375310747e-09,3.01182570839586e-09,2.98789871901225e-09,2.90736943174628e-09,6.1357682205486e-09,3.3638115642639e-09,5.43290715476183e-09,5.20043604037341e-09,3.14820831700947e-09,6.53204125502793e-09,1.48414072200495e-08,5.92946584415403e-09,1.17844690964552e-08,1.03650559374923e-08,7.25540834177448e-09,1.65039718533845e-08,6.95489117378983e-09,1.31334154324012e-08,1.2636169711012e-08,9.92100259353801e-09,1.40607595528571e-08,5.99155981792837e-09,3.39561002223704e-09,1.10051176319812e-08,5.82214007503824e-09,1.04012738964777e-08,4.775022945879e-09,2.81363134461476e-09,2.77205216381908e-09,4.56349017866774e-09,3.00063340630735e-09,4.7540392882947e-09,2.33927297426375e-09,2.27528835477318e-09,1.50017798879127e-09,2.42226076797853e-09,2.5148567811482e-09,2.44432115390044e-09
2.65153426844396e-09,2.47765234243008e-09,3.57948898537238e-09,3.25306824888886e-09,3.8768896966275e-09,4.97610106105763e-09,2.77217843295784e-09,4.07554888897435e-09,5.04027728540356e-09,4.48972905569798e-09,4.98787962714408e-09,5.18445019109438e-09,4.61899591686941e-09,5.42648352962307e-09,9.29423421431323e-09,5.4534567333298e-09,8.35423573923361e-09,7.98237414244034e-09,5.90738276030777e-09,1.00583330494754e-08,2.40322847447331e-08,9.12496319937624e-09,1.76163881183899e-08,1.60584977377876e-08,8.44095609675425e-09,1.98886570494242e-08,9.05018009879732e-09,1.44714974223541e-08,1.66071238132908e-08,1.19838134584988e-08,1.64610063386257e-08,7.55814626622291e-09,4.49703570536822e-09,1.34904663818616e-08,7.38204658945586e-09,1.30700141339139e-08,6.47188975286361e-09,3.60992879094751e-09,3.47222793690543e-09,6.20244063492967e-09,3.88499626365167e-09,6.21950179720304e-09,1.44747858590608e-09,1.61288450052177e-09,1.73658537359549e-09,1.91389121203481e-09,2.06819437918266e-09,2.37832583018047e-09,1.72359316941543e-09,1.86447030249349e-09,2.64261172927759e-09,2.30814191200248e-09,2.86395664899214e-09,2.90852098661734e-09,2.08049578764032e-09,2.70222897817896e-09,6.35733778132389e-09,3.16410003730185e-09,5.48443008958213e-09,5.43072968282348e-09,2.96532791171855e-09,6.72585026733971e-09,1.44837303963738e-08,5.82033213271438e-09,1.15859977739665e-08,1.06095703134997e-08,5.61510994433484e-09,1.2266352019511e-08,6.39503400335945e-09,9.80477880787100e-09,1.11354920434707e-08,8.60723179208396e-09,1.01202683588115e-08,5.36785541271222e-09,3.10830731448017e-09,8.97305909163904e-09,5.20176295463463e-09,8.58882343177762e-09,4.61239918119479e-09,2.55910551591705e-09,2.30681614695459e-09,4.39328400398496e-09,2.90127610445836e-09,4.11947019203061e-09
5.80005764936833e-09,4.22121691301124e-09,7.34122690265475e-09,5.11076009350261e-09,6.57028140351695e-09,6.80700688312074e-09,4.69200165680106e-09,8.13868230052566e-09,1.81833847927835e-08,7.37637915493017e-09,1.35417889247461e-08,1.20550479500343e-08,8.92748757871362e-09,1.96049378264521e-08,1.70641660788265e-08,1.46899692282948e-08,2.78699497002968e-08,2.14198538805866e-08,2.17935533522465e-08,1.8818074090802e-08,9.12496319937624e-09,3.11561991178677e-08,1.45775439744288e-08,2.53028049451743e-08,1.59860412678792e-08,7.59209414519973e-09,5.2481122919907e-09,1.22567208384299e-08,7.84719519768765e-09,1.20569030832953e-08,6.18330916109382e-09,4.26543412404551e-09,4.74630840413566e-09,6.23618475798432e-09,4.9295428726096e-09,6.63258960222323e-09,3.57814312375236e-09,3.84188445541929e-09,2.40488559790206e-09,3.90196881517941e-09,4.14719767376179e-09,4.127878812219e-09,3.02693765225807e-09,2.79357271819705e-09,4.85615266207839e-09,3.27554959166237e-09,4.62831505748593e-09,4.70256963934093e-09,3.01354137062065e-09,5.41765324788475e-09,1.13840638751628e-08,5.17805638598191e-09,8.81291871337485e-09,8.08449016140598e-09,5.83022702472499e-09,1.2324959529867e-08,1.20687169553364e-08,9.53642770066690e-09,1.86509316970648e-08,1.47842386127144e-08,1.3840245001155e-08,1.31817762617887e-08,6.19506960710823e-09,2.09751519736006e-08,1.01513851666777e-08,1.69735177880395e-08,1.11927408133264e-08,5.26837285866432e-09,3.59864326005533e-09,8.78352841469716e-09,5.2836659659799e-09,8.46555922237808e-09,4.31960762502853e-09,2.99432534407537e-09,3.09268896000257e-09,4.11493642806096e-09,3.28088393551646e-09,4.29233573273341e-09,2.50106666489201e-09,2.56410578069637e-09,1.79722121437603e-09,2.60244122848283e-09,2.89213202960943e-09,2.71672682462631e-09
