1.61713273405519e-07,1.03274220305659e-07,3.9173620876958e-08,1.4814601146534e-07,9.64737493728203e-08,1.3919863222823e-07,9.6975514149589e-08,3.65656653229842e-08,1.40920101879708e-08,9.13604077442798e-08,3.34540972945156e-08,8.46475679957653e-08,3.49555325023358e-08,1.26742163154331e-08,7.6627607318142e-09,3.19624656758198e-08,1.51986460015035e-08,3.2737281716963e-08,1.1313595452905e-08,6.85767717544923e-09,4.2858574146212e-09,1.37330373004288e-08,6.63214348608212e-09,1.48324366476169e-08,6.2146684394611e-09,4.06945392591805e-09,3.16202994483565e-09,6.11185679646342e-09,4.63275204488346e-09,6.49021140927836e-09,3.75446792797202e-09,3.15031906686572e-09,2.8331799919606e-09,4.34758945139087e-09,3.86800306316802e-09,4.73365972076994e-09,2.7375810948758e-09,2.29483229154265e-09,2.0284164361414e-09,3.21456211629154e-09,2.6164616350781e-09,3.86771465767405e-09,2.15156942728023e-09,1.81954455874614e-09,2.29763492634525e-09,2.32363079278311e-09,3.02653974446183e-09,3.5079687997328e-09,7.68649351620509e-08,5.33697020796817e-08,1.05060789189062e-08,7.57574691075466e-08,4.83480269383403e-08,6.46247256635327e-08,4.84462157324688e-08,1.14671916217172e-08,6.95808680790424e-09,4.82199510713177e-08,8.05879705295533e-09,3.92207558872431e-08,1.13881834200257e-08,6.02701932423687e-09,5.96670538000235e-09,7.84857179872542e-09,5.53265625080745e-09,5.862931581637e-09,5.32578576531558e-09,5.57878111197253e-09,2.30867755312723e-09,4.81109553387437e-09,4.97225415482872e-09,4.94724761020873e-09,4.6571645498122e-09,2.65436607511325e-09,4.97421553034022e-10,4.68828333768643e-09,3.2468006952206e-09,4.89934525838288e-09,2.6986581161756e-09,6.78268453201723e-10,3.27382204582328e-09,3.08381165897798e-09,1.92403470195245e-09,2.58400617440634e-09,3.36234203696563e-10,3.11341457167115e-09,-1.95590239294371e-11,1.72019525141265e-09,5.54476663420407e-10,1.1318101178804e-09,2.73285260934225e-09,-6.95322870336575e-10,4.95155347500949e-09,-4.761697610254e-10,2.26104339901917e-09,1.86605454378882e-09
1.03274220305659e-07,2.57261637655991e-07,6.27649413949065e-08,1.34885661274577e-07,2.28073371896643e-07,1.16730553175625e-07,2.36412162171466e-07,5.83649176567653e-08,1.53107522906132e-08,2.15549021767306e-07,5.18832096368293e-08,1.98428402618169e-07,5.56229389008646e-08,1.41008072427629e-08,1.59279207193858e-08,4.91687297931983e-08,1.64829577179921e-08,4.90068567749743e-08,1.21564628139289e-08,1.46760740901524e-08,9.45194482289209e-09,1.51189885864461e-08,1.56373595532117e-08,1.65942223424406e-08,1.33502877977573e-08,9.08639917546705e-09,5.1249438485732e-09,1.4506932547919e-08,9.80415371968245e-09,1.44904298920197e-08,8.69862858009913e-09,5.05031141983067e-09,4.30151340934384e-09,9.38393293673375e-09,6.6562716421768e-09,1.1334613169852e-08,4.64073486926529e-09,3.31090451068224e-09,3.20797144243341e-09,5.57065642923572e-09,4.13242197033114e-09,6.49033154552252e-09,3.45141251612152e-09,2.96384643086293e-09,3.06969630039649e-09,4.14801897738861e-09,4.002204333365e-09,4.97365457921801e-09,4.75132588057489e-08,1.06303075209015e-07,2.36328813819564e-08,7.51359043831641e-08,9.07286114248911e-08,5.85652789617253e-08,9.22979323129962e-08,2.22457179445387e-08,1.0395905752729e-08,8.73061552455034e-08,1.11250096901404e-08,5.97447475361149e-08,2.03157232106613e-08,9.85918891152017e-09,1.65391876913451e-08,9.19818028718248e-09,9.04763403932384e-09,7.81474928328186e-09,8.79523607713415e-09,1.52304601573774e-08,6.64065890162856e-09,8.13262730309227e-09,1.11544972288968e-08,6.91129886705865e-09,1.44287751546924e-08,6.48883890075949e-09,1.65489827408433e-09,1.31764924428287e-08,6.85949423760989e-09,1.307340394254e-08,6.49429454880365e-09,1.47517279585455e-09,3.39059360236495e-09,6.52015707763434e-09,4.10508422809196e-09,5.75136577057915e-09,1.11686858813936e-09,2.47343796573945e-09,-3.94292053858158e-10,3.08161437496842e-09,1.9194054931557e-09,3.18975661624505e-09,3.22809886076143e-09,-8.76520079824651e-10,5.15317947357061e-09,1.25394338791283e-09,3.06938489048464e-09,4.60164583967674e-09
3.9173620876958e-08,6.27649413949065e-08,1.09074005070308e-07,5.73573562313591e-08,9.73792083632998e-08,8.67778801971819e-08,5.83561611480127e-08,9.98414318290521e-08,3.2136294509009e-08,8.97098375129375e-08,8.61905339670787e-08,7.44978381562406e-08,9.42722971627508e-08,2.86103795211001e-08,1.82939582510581e-08,8.05204799329334e-08,3.14601192425405e-08,8.2675098525692e-08,2.60797580778676e-08,1.70473799092913e-08,1.02248268030895e-08,2.91905185761687e-08,1.48292521449864e-08,2.65714883296846e-08,1.6046216278961e-08,9.31335786364276e-09,4.7939405125961e-09,1.39703107779067e-08,9.9210229786526e-09,1.38678253467675e-08,8.22535793137818e-09,4.51870755007782e-09,2.08167873831218e-09,8.78334011361924e-09,5.46833422628139e-09,9.85261603559392e-09,4.36729326939954e-09,1.91814828562687e-09,1.4497718057062e-09,5.06086579228395e-09,2.75064054458263e-09,5.49654152710738e-09,1.69531595594075e-09,1.32160688749686e-09,1.83095635554854e-09,2.39450081065335e-09,1.67319501868111e-09,2.29214880292297e-09,1.40850659829e-08,3.52375849304392e-08,2.76410925571669e-08,2.76979088500046e-08,4.30442551504441e-08,2.99532730311964e-08,3.18714050354354e-08,2.69846548860213e-08,1.82695075177741e-08,4.07274386555207e-08,2.7028513615899e-08,3.88690418999709e-08,2.40146334487617e-08,1.42616894422434e-08,1.06514760839699e-08,2.2738487130432e-08,1.39077791661737e-08,1.79344009470921e-08,1.342443281931e-08,9.87691760044282e-09,1.37337971282169e-09,1.33419464377426e-08,1.01222969169076e-08,1.18971089598858e-08,9.09092967551309e-09,1.44291232442913e-09,6.60853355665193e-10,9.54796699644550e-09,3.29743558658695e-10,1.40070610438806e-08,9.93744991777248e-10,4.10165872953321e-10,-6.39272135159741e-10,4.22423603881524e-12,-6.73575067080762e-10,2.21468679434735e-10,1.59590666917722e-10,-3.54564391754778e-10,1.4234509928685e-09,-7.04687701668088e-10,4.21248673520975e-10,8.34649808940109e-10,-5.7984613204067e-10,5.07041266341142e-10,2.21808563257793e-09,-9.54029369619679e-11,9.64375091947898e-10,-4.15525662108604e-10
1.4814601146534e-07,1.34885661274577e-07,5.73573562313591e-08,1.83812653625871e-07,1.18391954867523e-07,1.66235890164073e-07,1.23636711049276e-07,5.28583815847315e-08,1.27876291044368e-08,1.11016716532698e-07,4.81908367328022e-08,1.02221136260537e-07,4.98204153735618e-08,1.2019561892086e-08,1.27786865395379e-08,4.51776177618738e-08,1.39868477887078e-08,4.51278832760573e-08,9.93924618961034e-09,1.1410412045838e-08,5.9951565970457e-09,1.23003178321816e-08,1.11636774834852e-08,1.2457736800024e-08,1.02523445799784e-08,5.62027873598933e-09,3.0160469549432e-09,1.02051194271486e-08,5.87868250708111e-09,9.75908702641037e-09,5.11223518534566e-09,2.97984041514105e-09,2.5181175423598e-09,5.33072115020813e-09,4.35076192929912e-09,6.25695266128303e-09,2.61561762186241e-09,1.65067456409595e-09,2.51297377512148e-09,3.32472230035013e-09,2.27676625881677e-09,4.13209017710479e-09,1.52666361261386e-09,2.17355882314171e-09,2.36336825851943e-09,1.98925741726544e-09,3.26152267966049e-09,2.97956830628129e-09,7.25131378345897e-08,7.46823761940532e-08,1.67103948666735e-08,9.8302153952662e-08,5.85331896845461e-08,7.70405729552595e-08,6.67922749252827e-08,1.60121079996156e-08,6.96059736878494e-09,5.71475063633122e-08,1.24619652158745e-08,5.04448465076346e-08,1.42751988782105e-08,6.62072218178280e-09,1.2522670710283e-08,1.06922090346584e-08,8.47093726949612e-09,9.71648069820147e-09,6.16902532213654e-09,1.15440450081076e-08,4.09742730197002e-09,7.98237331997619e-09,8.41191360676137e-09,6.17510734644752e-09,1.05204716934671e-08,4.14942789436344e-09,6.29367032072587e-10,8.99473925776099e-09,4.8559700880136e-09,1.00805777639344e-08,4.11207360475009e-09,7.59596836783653e-10,1.65096612082709e-09,4.58927168832563e-09,2.42946142513326e-09,3.64461990860057e-09,5.57538820407952e-10,1.61991725955508e-09,2.64585942353313e-10,2.57704035632802e-09,8.28244964178702e-10,2.63551163352673e-09,1.61849269606379e-09,6.29514252101765e-10,5.59869205395729e-09,4.03984069189504e-10,3.904947689622e-09,3.46303196004685e-09
9.64737493728203e-08,2.28073371896643e-07,9.73792083632998e-08,1.18391954867523e-07,2.75234933223922e-07,1.52735339007197e-07,2.15541132349789e-07,8.97156952244728e-08,2.95086396992985e-08,2.57848397233056e-07,7.13349932424196e-08,2.2382012598841e-07,8.50076912461634e-08,2.66379417386469e-08,2.32144955109181e-08,6.70504042743641e-08,3.23961228013915e-08,6.99433655882247e-08,2.4189228655418e-08,2.22093768349589e-08,1.73397088919851e-08,3.05898957314619e-08,2.05674527437579e-08,2.84142029192529e-08,2.11747610723473e-08,1.62692455594666e-08,8.70298122658444e-09,1.96714125870928e-08,1.78207224384511e-08,2.00399434619438e-08,1.5185687393935e-08,8.40305258795294e-09,4.32194613039545e-09,1.67680991513689e-08,1.01475095942825e-08,1.87277891583566e-08,8.13481029562245e-09,3.85622241421585e-09,3.62022684944528e-09,9.61454736145877e-09,5.56265718994214e-09,1.03293249493834e-08,3.80487342286723e-09,3.39896752843399e-09,3.75012336391607e-09,4.97043335320406e-09,5.00775820346035e-09,5.9071146873953e-09,4.42222914671383e-08,9.27520406248727e-08,3.09862852568558e-08,6.31683283336511e-08,1.09707279871833e-07,6.59682483614184e-08,8.56449904227608e-08,2.95086060549329e-08,1.88047415137816e-08,1.0533059341188e-07,2.31166618853776e-08,8.12937517714228e-08,2.64105240397388e-08,1.62327702860855e-08,1.33673264783803e-08,1.9133250636339e-08,1.76667541485345e-08,1.29095298455562e-08,1.58368906732294e-08,1.26810275551808e-08,7.25046357789871e-09,1.68127566295972e-08,1.1637777553522e-08,1.36701446605518e-08,1.20920156338113e-08,7.34237655193978e-09,1.73755779606684e-09,1.17432601303381e-08,8.21619826726909e-09,1.87734067489218e-08,7.04455119074421e-09,1.22328373231717e-09,2.2404937215647e-09,7.71788146098654e-09,3.52013777005181e-09,8.82158111410537e-09,7.62351000773737e-10,1.11626224584978e-09,5.5731552974936e-10,1.76844531686765e-09,3.36609721051531e-10,1.86430209876372e-09,5.89450786975198e-10,-7.24600199542386e-10,5.27404093555294e-09,-1.20243119086787e-09,2.94012850155028e-09,2.18424539492318e-09
1.3919863222823e-07,1.16730553175625e-07,8.67778801971819e-08,1.66235890164073e-07,1.52735339007197e-07,2.03231796602874e-07,1.09725513124235e-07,7.91034183396575e-08,2.43616612033898e-08,1.41636715266214e-07,6.48086995062185e-08,1.20272670483866e-07,7.38900472889609e-08,2.12024555673104e-08,1.61132562324041e-08,5.96329591109125e-08,2.50966476227921e-08,6.12914305576024e-08,1.85166793990106e-08,1.47420312563982e-08,1.28314967992634e-08,2.2755475133902e-08,1.31808340306606e-08,2.06037887246774e-08,1.36184047097451e-08,1.18945070363046e-08,5.69705123456732e-09,1.21951796511371e-08,1.29175242963774e-08,1.19277858423446e-08,1.07483005357219e-08,5.50243880276604e-09,2.55477805237116e-09,1.17765551682915e-08,6.54076830013172e-09,1.23246815042768e-08,5.17272846262879e-09,1.96937655781049e-09,2.61656738692151e-09,5.8367739412486e-09,2.89099152836968e-09,6.86668810658791e-09,1.6072878588441e-09,2.34001895648901e-09,2.46381360762682e-09,2.12936599991305e-09,4.30936973010004e-09,3.67985412289165e-09,6.70214439445313e-08,6.3642260299579e-08,2.44061621849501e-08,8.80363994713837e-08,7.19659796466635e-08,8.97743311663265e-08,5.97078787947291e-08,2.46687290608324e-08,1.38728579185808e-08,7.06305086176084e-08,2.30593723071924e-08,6.40653483834017e-08,2.16587348690869e-08,1.03843295912752e-08,1.21853286354976e-08,1.87632893627644e-08,1.40249756481059e-08,1.63978316733649e-08,9.81077241971602e-09,1.14471353453385e-08,5.32269130494626e-09,1.31322822474565e-08,9.74151674437723e-09,9.8454600280187e-09,1.05091448442678e-08,5.48222440995152e-09,-6.21751579341394e-10,9.28349725079897e-09,3.89745609982954e-09,1.09003503439708e-08,5.08290842127765e-09,-6.98514731649338e-10,1.17524207726416e-09,3.56297164591530e-09,7.18982012880722e-11,3.305659617796e-09,-1.13101997019602e-09,1.05533930255517e-09,5.01215164831245e-10,-3.36171702119042e-10,1.66965707821696e-11,-8.31075212550436e-10,1.07094753871062e-09,-2.38657918199705e-10,3.88171362546174e-09,-8.72303261662917e-10,2.16280030533742e-09,1.02184458698498e-09
9.6975514149589e-08,2.36412162171466e-07,5.83561611480127e-08,1.23636711049276e-07,2.15541132349789e-07,1.09725513124235e-07,3.10637593857426e-07,7.85537004107455e-08,1.87437839537534e-08,2.85966523349475e-07,7.0265725357929e-08,2.63404525249754e-07,7.48896086614927e-08,1.74035710725011e-08,1.9945078071395e-08,6.67443050073662e-08,2.0462489468129e-08,6.64712343698924e-08,1.5390848261303e-08,1.85955024365899e-08,1.17324930921199e-08,1.90524490599466e-08,1.96051624246012e-08,2.02032894718909e-08,1.71199235089104e-08,1.1314154771112e-08,6.070136190826e-09,1.8355283942634e-08,1.26411047193299e-08,1.88837846326603e-08,1.08707803784356e-08,5.9833663502877e-09,4.70962617531854e-09,1.2183527575034e-08,7.2735918541052e-09,1.39697431048812e-08,5.45467340526643e-09,3.61757266232448e-09,4.1677450678156e-09,6.09811041747766e-09,5.13959978628214e-09,7.52119774922689e-09,3.29451282258167e-09,3.59953995666828e-09,3.78799720485717e-09,4.53194740473406e-09,5.03427456080487e-09,5.725380968256e-09,4.49251178164311e-08,9.23524272438292e-08,2.22418876198071e-08,6.701482794458e-08,8.72801750417528e-08,5.59574524935875e-08,1.35500652863893e-07,3.15795353249808e-08,1.44023898922255e-08,1.27223553200473e-07,1.73202334274004e-08,8.83591284359063e-08,2.87491492644925e-08,1.38322421980722e-08,1.95854200887256e-08,1.4455091306711e-08,1.12603601846314e-08,1.21508444522244e-08,1.26733678775972e-08,1.8297248473307e-08,9.73860747036572e-09,1.03631612748037e-08,1.44863793180945e-08,8.68398764072729e-09,1.74098431897437e-08,9.52206187546232e-09,2.50694371382412e-09,1.64642037901442e-08,1.04247543634133e-08,1.42292648511328e-08,9.36046529726589e-09,2.36631503489715e-09,3.05804537344357e-09,1.00521040749663e-08,5.66744950746607e-09,1.14763899054266e-08,1.91825030057716e-09,1.98937604059649e-09,4.62658669775808e-10,4.52132786344027e-09,3.48543431569169e-09,5.18923284664872e-09,2.42191113156837e-09,2.82356752551204e-10,5.82032472906605e-09,2.58006347319049e-09,3.79673030459452e-09,6.78474283377135e-09
3.65656653229842e-08,5.83649176567653e-08,9.98414318290521e-08,5.28583815847315e-08,8.97156952244728e-08,7.91034183396575e-08,7.85537004107455e-08,1.24380235823173e-07,3.77459752023368e-08,1.16624202608145e-07,1.07984552385713e-07,9.85360825125909e-08,1.17429041020713e-07,3.34663041780983e-08,2.30944990393592e-08,1.00758337982301e-07,3.70008291386652e-08,1.02622973414265e-07,3.06493009978063e-08,2.16032615765004e-08,1.12377467664386e-08,3.44491828203506e-08,1.92869359106957e-08,3.14061692228124e-08,2.04482275677962e-08,1.02734907209965e-08,5.42618743744588e-09,1.82942895108882e-08,1.07724945959065e-08,1.7264000188682e-08,9.164646961032e-09,5.16145881352512e-09,2.34973014324368e-09,9.62884725079725e-09,5.85657453580404e-09,1.04761151482636e-08,4.96929049023046e-09,2.19606475028305e-09,2.02112743608627e-09,5.41345396994073e-09,3.35054094963175e-09,6.2996102461101e-09,1.91446387095221e-09,1.57016230642959e-09,1.76873137663476e-09,2.69943240347419e-09,1.80415096355978e-09,2.63526805473168e-09,1.23144424441388e-08,3.18948657797089e-08,2.69844758505927e-08,2.41401310076279e-08,4.07243247100039e-08,2.74751989474899e-08,5.10069609516308e-08,3.26501731202418e-08,2.09921674949024e-08,5.45078227835198e-08,3.33602077792468e-08,5.23332432637805e-08,2.82634919493057e-08,1.63765248371283e-08,1.50450305640801e-08,2.7652260326069e-08,1.6614089810521e-08,2.39739358379752e-08,1.53739982701236e-08,1.41366726968272e-08,1.68171489033341e-09,1.58966345710339e-08,1.41688997587077e-08,1.35825005005397e-08,1.3229898042034e-08,1.79725979269536e-09,2.09098762646828e-09,1.3546823684697e-08,1.54653416080694e-09,1.79781044380866e-08,1.36883824314524e-09,1.89217382266338e-09,-4.88128669251196e-10,1.23093570133009e-09,5.86464864373373e-10,1.77333622807514e-09,1.67085783348806e-09,-2.32372055601809e-10,1.59007386916022e-09,5.10211843271753e-10,1.25625569084256e-09,2.27533922103107e-09,-8.74380003498023e-11,7.26410158565717e-10,2.48900067401037e-09,2.04234921847434e-10,1.62722036254404e-09,5.66114878854279e-10
1.40920101879708e-08,1.53107522906132e-08,3.2136294509009e-08,1.27876291044368e-08,2.95086396992985e-08,2.43616612033898e-08,1.87437839537534e-08,3.77459752023368e-08,8.78635198169706e-08,3.49019737760796e-08,6.41892493123564e-08,5.33299594455529e-08,3.34839732763243e-08,7.71928231806022e-08,4.50972970134649e-08,5.66625338466803e-08,7.49792726995286e-08,5.58112474805724e-08,6.97789524599609e-08,4.16758370040138e-08,1.89240620617087e-08,7.04941138243545e-08,4.03968108579017e-08,6.94276329715041e-08,3.94340873899489e-08,1.81191111601999e-08,6.57411554522835e-09,3.84090987388744e-08,1.80896462299716e-08,3.57396367191728e-08,1.73508488401145e-08,6.37739124060264e-09,4.10069245197292e-09,1.73645173858281e-08,7.40049837162363e-09,1.88162477624442e-08,5.83609515819307e-09,3.22326948697494e-09,2.81590103228662e-09,6.24196609142870e-09,4.29493018739056e-09,6.72543055691953e-09,3.04672816196068e-09,2.68239751121713e-09,1.20687125473484e-09,3.99163820661372e-09,2.36905996504191e-09,3.95199282871689e-09,5.51608404415551e-09,7.22390845658178e-09,2.24936737375658e-09,4.50107186877796e-09,8.84542814779773e-09,4.78159102954521e-09,7.83742245364742e-09,1.44977671646637e-09,5.17854217840534e-08,1.03010098707907e-08,1.42025004037575e-08,2.50468909038648e-08,-3.27721605399404e-10,3.95177843264202e-08,2.11623364414951e-08,8.35547131771016e-09,3.00354841431569e-08,5.84542613578714e-09,3.7958472269223e-08,2.0909048302774e-08,7.70403372121927e-09,2.86905750722639e-08,2.34859770087674e-08,3.26797780103284e-08,1.92096099477175e-08,7.36706083166557e-09,3.84585187230341e-09,2.20269864787472e-08,6.75439148218555e-09,2.2394057855147e-08,7.28566925972195e-09,3.82204462428685e-09,2.42599136945073e-09,6.68135771653955e-09,3.35797415199325e-09,7.15287372537817e-09,3.0620261100845e-09,2.48606601379086e-09,1.68365846519018e-09,3.92379834802585e-09,2.1739891614445e-09,2.6353111630551e-09,2.23794005777959e-09,1.37726268405601e-09,1.52956365380033e-09,1.79944590630821e-09,1.03947066272364e-09,2.1273753689611e-09
9.13604077442798e-08,2.15549021767306e-07,8.97098375129375e-08,1.11016716532698e-07,2.57848397233056e-07,1.41636715266214e-07,2.85966523349475e-07,1.16624202608145e-07,3.49019737760796e-08,3.39753677628199e-07,9.51797955874241e-08,2.9851785624318e-07,1.10738221845948e-07,3.13646930231247e-08,2.86755349610281e-08,8.94915707425639e-08,3.84039590826843e-08,9.27881142221036e-08,2.87939793856124e-08,2.76170135451052e-08,2.00016048535821e-08,3.64956463222828e-08,2.56723789714996e-08,3.34328691567296e-08,2.64260099054119e-08,1.88623201316792e-08,9.46857674088809e-09,2.46347684780639e-08,2.08557525503828e-08,2.47655866441172e-08,1.77060641791377e-08,9.18601220353865e-09,4.60743379328267e-09,1.97772478831431e-08,1.05115310566046e-08,2.13386293756217e-08,8.77665065617136e-09,4.01342167290422e-09,4.36101692769213e-09,9.87233046439821e-09,6.43249548951785e-09,1.12274109746647e-08,3.70669762928457e-09,3.76348566064989e-09,3.83077314604321e-09,5.42692589389439e-09,5.12499182811395e-09,6.3604528750462e-09,4.15190201576927e-08,8.57025826899581e-08,2.95058824326211e-08,5.83613883110539e-08,1.05310408226151e-07,6.2925803349884e-08,1.24824667025682e-07,3.9815873725184e-08,2.35129764002589e-08,1.54387902098626e-07,3.21189155933338e-08,1.21692916518908e-07,3.55211240201933e-08,2.03027248913299e-08,1.6089958239011e-08,2.64196838089859e-08,2.02940311843132e-08,1.89938541436508e-08,1.98037390303771e-08,1.54307784575353e-08,1.08950492797667e-08,1.93899941492922e-08,1.46801968568494e-08,1.53510262643949e-08,1.48103313589311e-08,1.08956154060604e-08,3.00146010782897e-09,1.47205505006165e-08,1.19342626303767e-08,1.99465959572744e-08,1.04876485822891e-08,2.54033279793205e-09,1.62829006824444e-09,1.14198224823241e-08,4.62921970610764e-09,1.34196199699307e-08,2.08005773254464e-09,2.85177487096265e-10,1.2317908171498e-09,2.71450452941728e-09,1.69047942605918e-09,3.32698223074397e-09,5.91677794148835e-10,1.57695200453778e-11,5.10229015104366e-09,-9.26046016936653e-11,2.56211545396741e-09,3.07875912655025e-09
3.34540972945156e-08,5.18832096368293e-08,8.61905339670787e-08,4.81908367328022e-08,7.13349932424196e-08,6.48086995062185e-08,7.0265725357929e-08,1.07984552385713e-07,6.41892493123564e-08,9.51797955874241e-08,1.40555304292456e-07,1.19403676271655e-07,1.00776713082069e-07,5.66490191639953e-08,3.75965789421562e-08,1.29732565753584e-07,5.42670261901263e-08,1.24102669986759e-07,5.03002915109119e-08,3.46622437370336e-08,1.53851043113462e-08,5.03572088826482e-08,3.23328479644121e-08,4.80054868497853e-08,3.24387701490175e-08,1.45655989639243e-08,6.1841739212736e-09,3.03886323255831e-08,1.41644961461985e-08,2.83218295404297e-08,1.36925948802913e-08,5.98666372944477e-09,3.74232597840568e-09,1.31198457514822e-08,7.20668016774e-09,1.43703649789682e-08,5.40324855060071e-09,3.33067381419017e-09,2.75598268851238e-09,6.56904828615384e-09,4.16111215012283e-09,7.46797045221299e-09,3.07206163714249e-09,2.39643385912558e-09,1.60000545838124e-09,3.52872395795119e-09,2.09883094602346e-09,3.52853330594758e-09,1.1365802590581e-08,2.10778159960428e-08,2.09471958546177e-08,1.61870855766022e-08,3.34276312990091e-08,2.27250031843535e-08,3.59681673527146e-08,2.55075537896972e-08,3.94872080844622e-08,4.6331306829086e-08,4.03434336091598e-08,6.27419147433019e-08,2.08183344226583e-08,3.05741943455962e-08,1.83271416645094e-08,3.18693827611098e-08,2.46687654871562e-08,2.87329513559071e-08,2.86181032684479e-08,1.79926515419201e-08,2.85564074378131e-09,2.30551346273161e-08,1.69073875581118e-08,2.15889468383055e-08,1.65959862169089e-08,2.74408269266999e-09,3.7758841226379e-09,1.57493488526561e-08,2.60237994286565e-09,1.91492167604275e-08,2.76151086773462e-09,3.69978772143056e-09,2.79658297366859e-09,2.33863682739317e-09,5.89555525343924e-09,3.63759902124062e-09,2.96400709417896e-09,2.50670107413205e-09,2.9619711996643e-09,5.81376570258017e-09,2.96595737564913e-09,5.52373177064517e-09,2.41371400520292e-09,2.20758885477349e-09,2.56630358431336e-09,1.82648711018027e-09,2.57967012112885e-09,2.82695065176203e-09
8.46475679957653e-08,1.98428402618169e-07,7.44978381562406e-08,1.02221136260537e-07,2.2382012598841e-07,1.20272670483866e-07,2.63404525249754e-07,9.85360825125909e-08,5.33299594455529e-08,2.9851785624318e-07,1.19403676271655e-07,3.33354048759946e-07,9.25800501074181e-08,4.73214897828242e-08,3.47117115780263e-08,1.10897604767645e-07,4.64785256839635e-08,1.06701082036973e-07,4.17907502233591e-08,3.2734807316882e-08,1.40379962818018e-08,4.34674480500395e-08,2.9619342148418e-08,3.9968489764445e-08,3.10363615735102e-08,1.34895291343585e-08,1.16767886408501e-08,2.81541169766375e-08,1.36336540972636e-08,2.59021243239952e-08,1.27073907297663e-08,1.15354176088478e-08,6.80394297946269e-09,1.28886241117627e-08,1.38078569213687e-08,1.42531769783632e-08,9.94324942259474e-09,5.14383818185439e-09,4.89279884815242e-09,1.160559847544e-08,6.84687495681076e-09,1.17929289020216e-08,4.88416626337578e-09,4.3285460826622e-09,3.37415814782311e-09,5.91594415211207e-09,4.90347242980948e-09,6.13935717772957e-09,3.64427249583639e-08,7.05962264691975e-08,1.89928592102138e-08,4.68973255320949e-08,8.96406545291848e-08,5.35142559324939e-08,1.06240285652553e-07,2.78941112139232e-08,3.56798267655222e-08,1.35652194091408e-07,3.80452810270971e-08,1.383631917638e-07,2.33429752687156e-08,2.92349656276242e-08,1.76339518734366e-08,2.98838625911484e-08,2.21109567718023e-08,2.32458073604291e-08,2.68580150509568e-08,1.75368470730648e-08,4.62871728666947e-09,2.00436024900099e-08,1.67910706562975e-08,1.955791846406e-08,1.6652878601547e-08,4.81201233641127e-09,6.41494232063349e-09,1.59461344937849e-08,3.89906813527043e-09,1.83635739339795e-08,4.85667592947727e-09,6.23223787936117e-09,5.36904030619121e-09,3.82078099166284e-09,7.63262462661902e-09,5.53591497739311e-09,4.52361198295408e-09,3.4592103866964e-09,2.72375834913417e-09,6.11407396644313e-09,2.47018727454127e-09,4.72019222575452e-09,3.66799191975142e-09,1.37146943923324e-09,5.10597773676555e-09,6.75066191702396e-10,1.89651302439779e-09,4.93204994105813e-09
3.49555325023358e-08,5.56229389008646e-08,9.42722971627508e-08,4.98204153735618e-08,8.50076912461634e-08,7.38900472889609e-08,7.48896086614927e-08,1.17429041020713e-07,3.34839732763243e-08,1.10738221845948e-07,1.00776713082069e-07,9.25800501074181e-08,1.45042132194247e-07,4.2211055437169e-08,2.76194326354717e-08,1.25375536404605e-07,4.63508637614802e-08,1.28787537431147e-07,3.92111687541357e-08,2.54563100793616e-08,1.30141666215811e-08,4.31602867157123e-08,2.36074703691346e-08,3.94892692658079e-08,2.42099581631961e-08,1.20234784385193e-08,7.17867155033104e-09,2.25196766488887e-08,1.24431559534361e-08,2.11947840303724e-08,1.08307489180917e-08,6.90550028220956e-09,4.39851003100636e-09,1.12304331548435e-08,8.69774645021415e-09,1.29260575460617e-08,6.6838570617024e-09,4.23192569159705e-09,2.09410830922683e-09,8.17766260939702e-09,4.89110990718935e-09,8.28177900546978e-09,3.96350275077316e-09,1.74240303019494e-09,2.02591009048376e-09,4.22586845279392e-09,1.98795754111029e-09,4.16624126274268e-09,1.11932640461198e-08,2.90140086724798e-08,2.40284505199112e-08,2.1737392117097e-08,3.67857982012782e-08,2.37354065602327e-08,4.84134853122043e-08,2.82780009483716e-08,1.64224896132884e-08,5.04984580969295e-08,2.77102680803519e-08,4.70086420612206e-08,4.50131749142162e-08,2.25207644517666e-08,1.87836221050931e-08,4.12496019109551e-08,2.32338652206261e-08,3.70660963825246e-08,2.10689888554679e-08,1.74615561712225e-08,1.75715762094527e-09,2.26544258038638e-08,1.70517655962818e-08,1.98451888157707e-08,1.65867692472792e-08,1.9224107720173e-09,2.93663123793871e-09,1.64290893298319e-08,1.07761073475495e-09,2.13098743168011e-08,1.49786247548183e-09,2.76839114929904e-09,-5.99371329523493e-10,7.96856283382749e-10,1.25080381724716e-09,8.360676462898e-10,2.35721294206292e-09,-3.81900001570437e-10,1.39506015896216e-09,7.50760475467555e-10,1.80415647904075e-09,2.55801454401629e-09,-4.13333516075247e-10,7.15457538520067e-10,2.44144427687478e-09,6.67861703487291e-10,1.71971416537184e-09,3.43262683789416e-10
1.26742163154331e-08,1.41008072427629e-08,2.86103795211001e-08,1.2019561892086e-08,2.66379417386469e-08,2.12024555673104e-08,1.74035710725011e-08,3.34663041780983e-08,7.71928231806022e-08,3.13646930231247e-08,5.66490191639953e-08,4.73214897828242e-08,4.2211055437169e-08,9.39123418050468e-08,5.56119034505758e-08,7.00720506266596e-08,8.94416652927284e-08,6.84599903020856e-08,8.47153555036124e-08,4.99711579880665e-08,2.08356493142793e-08,8.43416381463868e-08,4.78340252478987e-08,8.18831873687227e-08,4.74751102500856e-08,1.99553518304041e-08,9.66278444658412e-09,4.5643615152572e-08,2.02607340427931e-08,4.27031079313439e-08,1.89591270345608e-08,9.42951083111447e-09,6.03454136481271e-09,1.92708496848951e-08,1.07749653414994e-08,2.07443536409061e-08,8.88136752314067e-09,5.07129291904294e-09,3.53414854990529e-09,9.47999949132884e-09,6.14352557735777e-09,8.88445250927459e-09,4.89669630190204e-09,3.37956226610211e-09,1.75909721931679e-09,5.7682656488081e-09,3.11494461534224e-09,5.848656040805e-09,4.27772466589497e-09,6.99087126952448e-09,1.1045383231287e-09,3.89241429789536e-09,7.15323294960768e-09,2.22850587676356e-09,7.54961263015454e-09,-3.3139126111908e-10,3.95321292893806e-08,7.9051620139268e-09,8.36166927549728e-09,1.88163001617365e-08,7.00478485100036e-09,4.75836625169896e-08,2.93395546606485e-08,1.74242314761646e-08,3.76296325911753e-08,1.32254324054079e-08,4.47459818298594e-08,2.7553817482625e-08,9.49709778665185e-09,3.60285703871667e-08,3.0562210902485e-08,4.04696361227034e-08,2.56897686337148e-08,9.13924079152056e-09,4.0618151224655e-09,2.89639255337651e-08,8.97365091104152e-09,2.8256929102017e-08,8.7884604477886e-09,4.04403328653565e-09,1.77765636591048e-09,8.55470925770821e-09,2.49296220132306e-09,8.27764147457665e-09,3.16368010684539e-09,1.69650615167069e-09,1.60701305399684e-09,2.50665420162446e-09,2.02107546490361e-09,1.38314208126468e-09,1.53240318471779e-09,1.31838354022785e-09,1.85092775411161e-09,1.63334090085355e-09,1.42020982606586e-09,2.25706014092124e-09
7.6627607318142e-09,1.59279207193858e-08,1.82939582510581e-08,1.27786865395379e-08,2.32144955109181e-08,1.61132562324041e-08,1.9945078071395e-08,2.30944990393592e-08,4.50972970134649e-08,2.86755349610281e-08,3.75965789421562e-08,3.47117115780263e-08,2.76194326354717e-08,5.56119034505758e-08,1.12247970589526e-07,4.71790006473559e-08,8.94688385998565e-08,7.13291473856959e-08,4.99797607844988e-08,1.01517224438516e-07,4.86405860871046e-08,8.27056420581807e-08,9.39728598229603e-08,7.69156602795113e-08,9.63725001507143e-08,4.60878830062268e-08,1.95085720861492e-08,8.92950096054088e-08,4.31794211839584e-08,8.184487905668e-08,4.31345627997612e-08,1.85036582511546e-08,1.12147765060143e-08,4.01027100581586e-08,1.95984037088902e-08,4.09307265601877e-08,1.76237068563688e-08,9.65305636689932e-09,6.8311642460738e-09,1.77766450698333e-08,1.0516273072328e-08,1.9857359165488e-08,8.92500980663098e-09,4.12336988018976e-09,4.07876135669271e-09,7.72104097239531e-09,4.33301377996913e-09,8.24934370087689e-09,5.20325299197256e-09,1.5351410708916e-08,-2.13054631816907e-10,1.35080262539645e-08,9.24515632909117e-09,2.89863574542303e-09,1.72196729929801e-08,-3.74860399855469e-11,2.77580505117423e-08,1.22781188205979e-08,6.51101998882949e-09,1.85012048206111e-08,2.44579330817297e-09,2.96656028751882e-08,7.73643084954995e-08,1.08056224280278e-08,4.24742254953622e-08,1.54170007718586e-08,2.58264401495074e-08,6.92857398737539e-08,2.33459183793038e-08,3.92484752189814e-08,6.97124828495142e-08,3.93599236983598e-08,6.49657747501746e-08,2.12025994595461e-08,6.94106252023084e-09,6.8134425140592e-08,1.83418034778122e-08,6.31248721905026e-08,1.92810841775833e-08,6.20525164225404e-09,5.01308603347649e-09,1.65530262887006e-08,2.9756058170498e-09,1.99706326398064e-08,5.00259797431238e-09,4.95985108530047e-09,3.744499352609e-09,3.67325299802215e-09,1.94909273084414e-09,3.92042495835106e-09,3.89546430477169e-09,1.06751322035293e-09,2.17710598900803e-09,-4.29142418708245e-10,1.63954023600803e-09,5.66685824405625e-10
3.19624656758198e-08,4.91687297931983e-08,8.05204799329334e-08,4.51776177618738e-08,6.70504042743641e-08,5.96329591109125e-08,6.67443050073662e-08,1.00758337982301e-07,5.66625338466803e-08,8.94915707425639e-08,1.29732565753584e-07,1.10897604767645e-07,1.25375536404605e-07,7.00720506266596e-08,4.71790006473559e-08,1.59896801294857e-07,6.68110880342077e-08,1.53802686223737e-07,6.23794531635434e-08,4.22454361956748e-08,1.74830162805457e-08,6.21825369094167e-08,3.96130088470116e-08,5.82497581178519e-08,3.98336645517165e-08,1.66053006596302e-08,8.83052353087017e-09,3.74986092194772e-08,1.61870267718167e-08,3.46603002574705e-08,1.55010268967879e-08,8.62738851419312e-09,6.94193347268548e-09,1.48867759365425e-08,1.11921027484898e-08,1.70224257351554e-08,7.97740997086709e-09,6.448593643514e-09,3.08379349021737e-09,1.04004151539003e-08,6.5493231382724e-09,1.01269225911151e-08,6.23647558981031e-09,2.80852031595209e-09,2.28558290595662e-09,5.93602220190803e-09,2.61996882828897e-09,6.14351283420103e-09,1.03627973436467e-08,1.87361309939319e-08,1.77735991852801e-08,1.41401934967546e-08,2.92889636702723e-08,1.8411579723672e-08,3.38612147705017e-08,2.08256157353119e-08,3.06242698773934e-08,4.16969487926694e-08,3.19201971531984e-08,5.39838829498047e-08,3.40349124185813e-08,3.81560032057045e-08,2.53951551115629e-08,5.03492273829339e-08,3.10751106794351e-08,4.38383393146337e-08,3.50497752754042e-08,2.36814131202415e-08,3.26814908385061e-09,2.96228925381779e-08,2.26686158654551e-08,2.86724266881203e-08,2.22234298433206e-08,3.02346273750105e-09,4.78564333702082e-09,2.1415999877679e-08,3.03052670858022e-09,2.40385387093596e-08,2.91150350681512e-09,4.76098739373149e-09,2.59411842340841e-09,2.59739726366907e-09,6.31199640837881e-09,3.17221256180899e-09,3.59177575437929e-09,2.15062145777242e-09,2.80546638570042e-09,5.47255105391245e-09,3.0782171583949e-09,4.88190530884968e-09,2.0690072757233e-09,2.16193782733891e-09,2.74127128835025e-09,1.95929086396714e-09,2.95280314750543e-09,2.45713490530535e-09
1.51986460015035e-08,1.64829577179921e-08,3.14601192425405e-08,1.39868477887078e-08,3.23961228013915e-08,2.50966476227921e-08,2.0462489468129e-08,3.70008291386652e-08,7.49792726995286e-08,3.84039590826843e-08,5.42670261901263e-08,4.64785256839635e-08,4.63508637614802e-08,8.94416652927284e-08,8.94688385998565e-08,6.68110880342077e-08,1.30984435510475e-07,9.74462682832207e-08,8.4333991561313e-08,8.269210491596e-08,4.56617663859213e-08,1.22358700239748e-07,7.66787790427496e-08,1.14760512838093e-07,7.85215843515299e-08,4.32333542989305e-08,1.82282586068814e-08,7.28691219586239e-08,4.04567974010901e-08,6.6859475591509e-08,4.05654349194075e-08,1.71643302141826e-08,1.02749259209766e-08,3.77655047994383e-08,1.76533239611609e-08,3.77841885609039e-08,1.62484764212385e-08,9.30124798866286e-09,6.22005449286167e-09,1.6341284128463e-08,9.85930189784667e-09,1.84377723108042e-08,8.44026615224883e-09,3.75104943698327e-09,2.65600115517567e-09,7.12457887487691e-09,3.40185040353294e-09,7.20692661518614e-09,7.42869191317892e-09,1.26606524448646e-08,7.92856529094347e-10,1.05389184232177e-08,1.08642502335812e-08,3.35348806067012e-09,1.3247296568613e-08,-1.12447613930753e-09,4.04389948984366e-08,1.22652903649964e-08,7.63415225293445e-09,2.16863488080501e-08,5.5735249350138e-09,4.79124710890003e-08,5.20001822323277e-08,1.31072036267301e-08,6.2083597423039e-08,1.86198801040876e-08,4.43505563117581e-08,4.80718848971193e-08,2.02345514478542e-08,5.82259831410859e-08,4.91072189647196e-08,5.78387013707003e-08,4.40409349156304e-08,1.85065711914044e-08,6.9444899562832e-09,4.62797669100078e-08,1.50800578038325e-08,4.42651321761153e-08,1.65122909136877e-08,6.14296625265691e-09,6.42582911795122e-09,1.29837505135717e-08,4.53480575141454e-09,1.87157599138528e-08,5.01374985413397e-09,6.19854722912169e-09,3.97751048858505e-09,4.46096504180558e-09,1.66374513176587e-09,4.96976285011085e-09,5.20591984627581e-09,1.29738990440615e-09,1.8740704385542e-09,-4.26984958375869e-10,1.07444822695032e-09,-2.08437553356481e-10
3.2737281716963e-08,4.90068567749743e-08,8.2675098525692e-08,4.51278832760573e-08,6.99433655882247e-08,6.12914305576024e-08,6.64712343698924e-08,1.02622973414265e-07,5.58112474805724e-08,9.27881142221036e-08,1.24102669986759e-07,1.06701082036973e-07,1.28787537431147e-07,6.84599903020856e-08,7.13291473856959e-08,1.53802686223737e-07,9.74462682832207e-08,1.91937389717466e-07,6.36809400436184e-08,6.51725627786251e-08,3.3620628485632e-08,8.98693230574025e-08,5.98081024655643e-08,8.21558240441297e-08,6.14862531544702e-08,3.16097881940849e-08,1.46866706737214e-08,5.64686493988492e-08,2.82460349433052e-08,5.12876642293383e-08,2.88762563521166e-08,1.37694150887127e-08,1.03626503203053e-08,2.5739665234613e-08,1.58260348837725e-08,2.66695058098423e-08,1.26621848225389e-08,9.62943240746592e-09,5.16148554742551e-09,1.45816963107424e-08,9.58892785229765e-09,1.44736780420481e-08,8.86932577315493e-09,3.14103303195051e-09,2.99392884547728e-09,7.17738271638179e-09,2.85034569277683e-09,7.4462616749386e-09,9.52531000805719e-09,2.10556730608259e-08,1.8215565285477e-08,1.46464987758947e-08,3.28895874592301e-08,1.75208500896032e-08,3.84531585505848e-08,2.14756511643583e-08,3.0074427426472e-08,4.61140636704371e-08,2.68970906202094e-08,5.50351161189575e-08,3.61231772184189e-08,3.71279618651704e-08,4.00498838438988e-08,4.32266862468758e-08,4.68792260447132e-08,5.53290974642658e-08,3.37217186815204e-08,3.61053763399303e-08,1.23216066928074e-08,4.36321718986594e-08,3.44643680716899e-08,4.0832297831811e-08,3.31126831934515e-08,1.11360893943001e-08,7.88930445820818e-09,3.22245666286667e-08,8.60754073735507e-09,3.40048624111757e-08,9.4098545233596e-09,7.17522800703884e-09,5.39651159201373e-09,7.08280917192713e-09,7.5956763274786e-09,9.05280793740008e-09,5.5925844015541e-09,4.76957778592882e-09,4.01909668983066e-09,6.8015212045498e-09,2.55408761818368e-09,7.14952842657366e-09,3.77704844649346e-09,1.9819112587889e-09,3.16347457254602e-09,4.35631218563274e-10,1.77657855394495e-09,-3.48655505959231e-10
1.1313595452905e-08,1.21564628139289e-08,2.60797580778676e-08,9.93924618961034e-09,2.4189228655418e-08,1.85166793990106e-08,1.5390848261303e-08,3.06493009978063e-08,6.97789524599609e-08,2.87939793856124e-08,5.03002915109119e-08,4.17907502233591e-08,3.92111687541357e-08,8.47153555036124e-08,4.99797607844988e-08,6.23794531635434e-08,8.4333991561313e-08,6.36809400436184e-08,1.08519508056207e-07,5.96718962746108e-08,2.60207655281513e-08,1.06224952104358e-07,5.7147267289203e-08,1.00977104059681e-07,5.6941298874523e-08,2.50296427074746e-08,1.259053295689e-08,5.47221537010906e-08,2.52533124142551e-08,5.20173037750884e-08,2.39995567726289e-08,1.23677025787723e-08,6.91578480077745e-09,2.42545812570172e-08,1.32879175507745e-08,2.65488091662071e-08,1.18695154800373e-08,5.94029688490177e-09,4.92151857279867e-09,1.20434200934421e-08,7.60729209767743e-09,1.21204008010762e-08,5.81503745768033e-09,4.77837402136145e-09,2.56375369623489e-09,7.29763747808624e-09,4.22904025995562e-09,7.09656161200785e-09,4.4531426583588e-09,6.83264707672185e-09,1.78239940142665e-09,4.23246217895606e-09,6.94971881650791e-09,1.97915286872712e-09,7.14666026343397e-09,2.34519381758464e-10,3.8006033153472e-08,7.75225899296545e-09,8.49474519506275e-09,1.63996331375157e-08,7.56338329822472e-09,4.47463384542127e-08,2.75760777436768e-08,1.60954128640124e-08,3.6034336993357e-08,1.23657193941591e-08,6.11036879087731e-08,3.08205433307517e-08,1.35646904091913e-08,4.80604296835638e-08,3.4410431894558e-08,4.95371416087712e-08,2.88719431594155e-08,1.30058947598108e-08,5.80426069055837e-09,3.27523657848486e-08,1.09108890827686e-08,3.13590613097449e-08,1.26391740675262e-08,5.79641484905684e-09,2.70271075910637e-09,1.04592422183939e-08,4.39466797815131e-09,1.10246771096426e-08,5.04225548253008e-09,2.53554736231206e-09,2.44915320372999e-09,4.40968903352286e-09,3.76371860492997e-09,4.02089066214332e-09,2.47090475721819e-09,2.36789419320443e-09,3.01188692015813e-09,3.45288026394898e-09,2.22515854967418e-09,4.22580548811912e-09
