1.9297989745247e-07,9.89279660302386e-08,5.26562110311291e-08,1.43883374255691e-07,9.94360790192739e-08,1.41115044668278e-07,8.27812962152429e-08,3.84519832223464e-08,3.9763987938061e-08,7.97893104589432e-08,3.96896708307057e-08,7.94592043157372e-08,3.34816726833672e-08,3.40770843465456e-08,2.17754185010354e-08,3.5468719350818e-08,3.40849443979991e-08,3.31189271906657e-08,3.00548247775362e-08,1.95172145646777e-08,1.53653500469839e-08,3.04863318158127e-08,1.79633847065874e-08,2.79514811421053e-08,1.79867271448185e-08,1.41767525476474e-08,1.13298345315439e-08,1.66064443665548e-08,1.60360166638004e-08,1.91711046228283e-08,1.31242127740181e-08,1.07337340856181e-08,1.02170078885163e-08,1.49515762046109e-08,1.15664610666618e-08,1.80062565521111e-08,9.68195646700342e-09,9.26057676799645e-09,1.10942752359839e-08,1.03693000144542e-08,1.35223411630686e-08,1.43869136653958e-08,8.26571088531088e-09,9.9173382822276e-09,9.6748006016831e-09,1.17447652244398e-08,1.20756103473193e-08,1.34036425048535e-08,1.52311417085157e-07,7.19811609394813e-08,3.25404329618952e-08,1.19852005232803e-07,7.03657383287164e-08,1.07022559950806e-07,6.25414955435898e-08,2.81606891854252e-08,3.01881500051225e-08,5.78758928039985e-08,2.34183239807312e-08,4.44743496690235e-08,2.40412857594489e-08,2.6991267946602e-08,1.87684465543059e-08,2.35270189568553e-08,2.4802568558559e-08,2.03135969669062e-08,2.3854249463865e-08,1.67901966512458e-08,1.1376572702444e-08,2.25373580603379e-08,1.52479595798217e-08,2.04576423359639e-08,1.51323854410845e-08,9.87356327402913e-09,1.10535513028321e-08,1.40678187728103e-08,1.6281482475828e-08,1.78437112894846e-08,8.60694095999816e-09,1.03235892467167e-08,9.14549976911028e-09,1.45355759313149e-08,8.51866816602505e-09,1.35790303848153e-08,9.58437717344643e-09,8.55763892426347e-09,7.59867305254561e-09,8.27931911468914e-09,1.10304876128827e-08,9.32923121452681e-09,7.98071726765369e-09,7.4894352342635e-09,6.86496755412481e-09,1.04242576158148e-08,9.8321227108674e-09,1.12428409735165e-08
9.89279660302386e-08,4.11918021220584e-07,1.05975219372446e-07,1.77209216899395e-07,3.58168242718935e-07,1.44889103619416e-07,3.44290366656011e-07,7.93660008814527e-08,4.02038737371366e-08,2.85084471060336e-07,7.05392183497837e-08,2.67822793535952e-07,6.79440852347965e-08,3.34800903983986e-08,4.90876760572557e-08,5.99636231770845e-08,3.95981431363111e-08,6.07112592407069e-08,2.962116021517e-08,4.32413461137372e-08,3.24894178641105e-08,3.39172318058291e-08,4.87880191305303e-08,3.13020706659726e-08,3.90534304092927e-08,2.94904903830183e-08,2.13643785155904e-08,4.30066185234206e-08,3.49185230961272e-08,4.96282913345855e-08,2.73650811886207e-08,1.99720362114297e-08,1.66016124307284e-08,3.27952397885382e-08,2.03785908701725e-08,3.61892424390396e-08,1.71576812732115e-08,1.43470316683491e-08,1.82747650044574e-08,1.62988433831944e-08,2.19595490953688e-08,2.21158803485236e-08,1.42961514530091e-08,1.73679699863274e-08,1.44935236894102e-08,2.05685980311876e-08,1.90705524161977e-08,2.04657810171999e-08,9.11354269104385e-08,2.58933902017565e-07,8.20135584370643e-08,1.41318428529523e-07,2.14890812271369e-07,1.25492326101642e-07,2.22710484249321e-07,6.23980906975717e-08,2.86361051211996e-08,1.75208843933408e-07,4.45369134603687e-08,1.4521596765208e-07,5.20335349407871e-08,2.2761081951226e-08,3.6047455767065e-08,3.87339099390277e-08,2.80270758140267e-08,4.1653388680496e-08,2.02868684815809e-08,3.10902614361359e-08,2.74615665467961e-08,2.3851239840298e-08,3.17706273238264e-08,2.49789670759291e-08,2.78423194911736e-08,2.53159700708511e-08,1.54476708930672e-08,2.76813924239678e-08,3.03877792879599e-08,3.2435590469961e-08,2.29825440228183e-08,1.40595190010892e-08,1.33645534846597e-08,2.81761698219269e-08,1.37862531039129e-08,3.11308835613897e-08,1.06284393264112e-08,1.24156457095642e-08,1.2806927077601e-08,1.12145080558114e-08,1.69388702429421e-08,1.30072541603381e-08,1.28680028175993e-08,1.30169032770443e-08,1.01922227972676e-08,1.63916162060778e-08,1.64653739361861e-08,1.57734447149071e-08
5.26562110311291e-08,1.05975219372446e-07,2.29168509560776e-07,8.24999400927429e-08,1.96366076313481e-07,1.55682705713475e-07,7.94926797058191e-08,1.72621207404777e-07,7.20808555545886e-08,1.43422248198e-07,1.30854878768296e-07,1.11535112357851e-07,1.49435925105618e-07,5.87221124128217e-08,3.99211588525899e-08,1.11804964331859e-07,5.54698286737134e-08,1.02216164109758e-07,5.21213803854334e-08,3.46364854684401e-08,3.51108832201633e-08,4.83293881545045e-08,3.53691067806023e-08,4.49743534172888e-08,2.93362604263842e-08,3.12746531455104e-08,1.55576634693868e-08,3.01502487880387e-08,3.16462672590894e-08,3.08806958028673e-08,2.84782873342734e-08,1.48643583579324e-08,1.45062914952592e-08,2.94565287807137e-08,1.76177471671624e-08,3.51554469714835e-08,1.32662663980647e-08,1.27591915512886e-08,1.23261430170625e-08,1.5687975329253e-08,1.45080476909096e-08,1.73200253459813e-08,1.21662208138274e-08,1.23291900742958e-08,1.40072181224513e-08,1.42339271115801e-08,1.70120750349724e-08,1.78584714037781e-08,4.13250966938625e-08,7.66263139770063e-08,1.58060926277027e-07,6.74007553485638e-08,1.40557503186368e-07,1.1935423378106e-07,5.99866731907493e-08,1.24655887835815e-07,5.65046304083262e-08,1.03804242031828e-07,9.58004131054337e-08,7.56580677331456e-08,1.06268697060388e-07,4.65412145294941e-08,3.04407169316591e-08,8.11655320673999e-08,4.12043867078964e-08,7.11175846149406e-08,4.17412320733116e-08,2.68755074341823e-08,2.56635428419631e-08,3.66728930793918e-08,2.65865518575271e-08,3.27998744870097e-08,2.42365032402709e-08,2.21677921099243e-08,1.11185967365373e-08,2.48450139199968e-08,2.46637098136408e-08,2.68727667038633e-08,1.99709661108255e-08,1.02632358678575e-08,9.39060069568214e-09,2.26475622494388e-08,1.21202542525354e-08,2.62977680202501e-08,8.97234322341110e-09,7.95045719302493e-09,6.60658280089656e-09,1.10278675139229e-08,9.28596439598805e-09,9.61307237837041e-09,7.85938255801108e-09,7.15191700297348e-09,8.02354408622883e-09,9.35852510709023e-09,1.16131515187251e-08,1.14986225096089e-08
1.43883374255691e-07,1.77209216899395e-07,8.24999400927429e-08,2.36425796363638e-07,1.41316327107121e-07,1.90112685498498e-07,1.48782253868868e-07,6.28879454953563e-08,3.66534142749702e-08,1.13600121344265e-07,5.52403833095719e-08,1.01836348101097e-07,5.41922881432746e-08,3.00239848635171e-08,4.15773365402414e-08,4.69287104766636e-08,3.50210721237671e-08,4.83536404200494e-08,2.65364812082917e-08,3.76084892809347e-08,2.65262781389095e-08,3.06830629071508e-08,4.20228550819183e-08,2.84019792294801e-08,3.388925125168e-08,2.36074154090707e-08,1.51652660127749e-08,3.65754437796668e-08,2.53842121744177e-08,3.91467653514726e-08,2.18675009967064e-08,1.39187551617191e-08,1.43009259739801e-08,2.37504443957157e-08,1.62984184347987e-08,2.89706919752112e-08,1.13485684467918e-08,1.30781027860649e-08,1.42378583973845e-08,1.33381189316907e-08,1.73705385015451e-08,1.70022480197939e-08,1.18975566191538e-08,1.36970045594948e-08,1.35883583595751e-08,1.59099507368424e-08,1.7554058789352e-08,1.79483356550872e-08,1.15041539542921e-07,1.24389214661415e-07,5.85318477667435e-08,1.84379590759847e-07,1.03402406022709e-07,1.44768891407902e-07,1.03863811340353e-07,4.76279716811431e-08,2.43340797528172e-08,8.29066486642283e-08,2.92077711393573e-08,5.74828345338516e-08,3.9788821108364e-08,2.21852035803174e-08,2.66434115226958e-08,2.81535122675617e-08,2.32431969447084e-08,2.69771072463356e-08,2.01065905977311e-08,2.42407492811164e-08,1.898592865588e-08,2.09495649417258e-08,2.60992983100471e-08,2.10618746456365e-08,2.21567734090986e-08,1.80163678171066e-08,1.34135697043383e-08,2.39322247312857e-08,2.33787496999023e-08,2.87333585450182e-08,1.62276821959062e-08,1.18564524115438e-08,1.13893137905602e-08,2.18148861654393e-08,9.97719554566386e-09,2.30728665117733e-08,8.83362903746012e-09,1.08438842803904e-08,1.23900736844632e-08,8.8549860747893e-09,1.47759447478459e-08,1.19088054340577e-08,1.08143674791102e-08,1.24484476552297e-08,9.67732494966013e-09,1.48926167868054e-08,1.43753822346819e-08,1.34655162031224e-08
9.94360790192739e-08,3.58168242718935e-07,1.96366076313481e-07,1.41316327107121e-07,5.32900550492025e-07,2.54319070994935e-07,2.85180661481069e-07,1.43314785818013e-07,7.39641889632196e-08,4.02310329183788e-07,1.11861610508182e-07,3.44894966690512e-07,1.21994056818578e-07,6.06804882873735e-08,4.86263306231897e-08,9.28800239226492e-08,5.87944596887391e-08,8.53431733591577e-08,5.43989823247607e-08,4.35371830818625e-08,4.3868020832906e-08,5.16511703983619e-08,4.94699114035278e-08,5.04661738029056e-08,3.79340796593261e-08,3.94187301005425e-08,2.39809584707837e-08,4.31316535789176e-08,4.42550187383479e-08,4.61798704545085e-08,3.57656390085681e-08,2.2820341148267e-08,2.02736658026987e-08,4.14201080194766e-08,2.47620810473803e-08,4.80988931808023e-08,2.09311877419507e-08,1.75731191202279e-08,2.03422365708948e-08,2.10774180478304e-08,2.53799891256624e-08,2.63716742481036e-08,1.93918969580943e-08,1.93331907215728e-08,1.81891160393518e-08,2.48060758604503e-08,2.24391592091699e-08,2.52909832042961e-08,9.19127681476738e-08,2.32144499938257e-07,1.407015581756e-07,1.21135353253265e-07,3.28774383513847e-07,2.08313525411293e-07,1.86841586432431e-07,1.05960634276599e-07,5.48025920894138e-08,2.48559522211312e-07,7.57760582399006e-08,1.93536096523168e-07,8.85297522039516e-08,4.32151204590778e-08,3.96120957248798e-08,6.2198758544383e-08,4.10917665020587e-08,6.04228429185726e-08,3.9054334695021e-08,3.54740005524981e-08,3.55386871016651e-08,3.59011715353527e-08,3.80743817488236e-08,3.56712449617468e-08,3.13267620505114e-08,3.0690725351703e-08,1.44493823746626e-08,3.39526389098683e-08,3.56581670621196e-08,3.19176767344202e-08,2.75590065034629e-08,1.37442819325364e-08,1.58792487441808e-08,3.28011325594513e-08,1.86290092546776e-08,4.08741156490699e-08,1.21948122720512e-08,1.41225984154049e-08,1.07306469101108e-08,1.55709036482465e-08,1.7471692384181e-08,1.49914646101802e-08,1.57943508659465e-08,1.12271446788126e-08,1.04841595541974e-08,1.78740360982042e-08,1.63849155646276e-08,1.89855397859066e-08
1.41115044668278e-07,1.44889103619416e-07,1.55682705713475e-07,1.90112685498498e-07,2.54319070994935e-07,3.05949378959782e-07,1.13952997049654e-07,1.15462200075203e-07,6.21502005169545e-08,1.89497633451935e-07,8.70907590068285e-08,1.51045752233131e-07,9.75356455362368e-08,4.91184285966756e-08,3.7400391222904e-08,7.11514728722019e-08,4.95657388345867e-08,6.59542727005499e-08,4.38012967450598e-08,3.40516700684401e-08,3.47169588132496e-08,4.42974387234658e-08,3.68887039004334e-08,4.08107305680687e-08,2.90435303449485e-08,3.08732011181834e-08,1.55423421618521e-08,3.15264371824543e-08,3.33015230524041e-08,3.17583989470001e-08,2.81391914818343e-08,1.46170791113635e-08,1.66634835564864e-08,3.08281072872734e-08,1.8445671826833e-08,3.88276758569835e-08,1.28912075793328e-08,1.49209019454617e-08,1.54077786611734e-08,1.59800991439244e-08,1.86387191420015e-08,1.84509247614293e-08,1.51675748968559e-08,1.49306839819124e-08,1.48810876985941e-08,1.79832444205077e-08,1.92920554821773e-08,2.0348928384773e-08,1.12198242352804e-07,1.06456612224519e-07,1.04412460745625e-07,1.53183174228219e-07,1.809218292948e-07,2.31403583366971e-07,8.14476445132204e-08,8.2681457164564e-08,4.40132170265095e-08,1.34605109618946e-07,5.04967212461731e-08,9.11576996118088e-08,6.81674596722851e-08,3.67329046188991e-08,2.49695153337583e-08,4.34577153151137e-08,3.45712977225377e-08,3.77958940830389e-08,3.35881253842187e-08,2.33930807519729e-08,2.43728615112426e-08,3.15174609088989e-08,2.80559818945216e-08,3.00420683212904e-08,2.07949847148721e-08,2.1362059295995e-08,1.1638651436937e-08,2.55194341202166e-08,2.67528639958722e-08,2.75867725997565e-08,1.88658908743155e-08,9.86867941899377e-09,1.24091867135781e-08,2.39905023080728e-08,1.22353514622927e-08,2.84938580441826e-08,8.7554400961921e-09,1.10453490784825e-08,1.0179172918645e-08,1.09121825840334e-08,1.21850579173315e-08,1.12449049986799e-08,1.2159898522836e-08,1.08052017115334e-08,8.66480814625264e-09,1.36212560190637e-08,1.41325381991965e-08,1.40001075655791e-08
8.27812962152429e-08,3.44290366656011e-07,7.94926797058191e-08,1.48782253868868e-07,2.85180661481069e-07,1.13952997049654e-07,4.24407052632325e-07,9.89633294201083e-08,5.02086162463589e-08,3.58123443439709e-07,8.86603722708418e-08,3.2980127487813e-07,8.38632151025333e-08,4.06707154848653e-08,5.79897231111984e-08,7.36675947900395e-08,4.73841030021383e-08,7.49130334506079e-08,3.60659070511267e-08,5.0567006320275e-08,3.66453522046047e-08,3.99045491288114e-08,5.40732883800361e-08,3.96904843480749e-08,4.58193978049037e-08,3.24906953053974e-08,2.48803019006819e-08,4.69661219876353e-08,4.03487521494268e-08,5.52185125059032e-08,3.01124432874002e-08,2.30081278415435e-08,1.92814663392158e-08,3.74092966807119e-08,2.46193367372035e-08,4.0071450619096e-08,2.01546282419565e-08,1.69305893532372e-08,1.99408958453264e-08,2.02773428622579e-08,2.45649253617857e-08,2.57598690412307e-08,1.54691920257724e-08,1.8127534214324e-08,1.61984100109657e-08,2.17619037750111e-08,2.07750283594458e-08,2.34812144124298e-08,7.83807412236767e-08,2.22761897054409e-07,6.25047391855775e-08,1.17897535977598e-07,1.75360488747271e-07,9.89751321439173e-08,2.60154755253731e-07,7.6672806811338e-08,3.19459538625739e-08,2.09455439293419e-07,5.82370266449213e-08,1.78874065589097e-07,6.31618204385256e-08,2.5576475306338e-08,4.1990215532128e-08,4.86306410637693e-08,3.02370382927498e-08,5.12614372004524e-08,2.30972183112951e-08,3.80958189030794e-08,3.11451725492483e-08,2.6304490940303e-08,3.65853611590984e-08,2.89911695785506e-08,3.4056936386798e-08,2.71677464807334e-08,1.72736466120932e-08,3.08429573052808e-08,3.41131003001362e-08,3.5646917284169e-08,2.46005972112158e-08,1.57838673237951e-08,1.53506057753066e-08,3.08692233736267e-08,1.7382762693515e-08,3.35929835713701e-08,1.24279107261302e-08,1.44945357099721e-08,1.42261509930315e-08,1.44007660154815e-08,1.88851835089317e-08,1.56309092284381e-08,1.34212500286979e-08,1.3932458633237e-08,1.06587124083724e-08,1.66983641777611e-08,1.79047961971399e-08,1.82965935949634e-08
3.84519832223464e-08,7.93660008814527e-08,1.72621207404777e-07,6.28879454953563e-08,1.43314785818013e-07,1.15462200075203e-07,9.89633294201083e-08,2.03143491290632e-07,8.49829320757939e-08,1.75448315249684e-07,1.52632878585857e-07,1.34844486978994e-07,1.69672328379328e-07,6.56695254171681e-08,4.45849914549376e-08,1.25621503131918e-07,6.1100036719299e-08,1.15473722668709e-07,5.84127085247604e-08,3.85950501781278e-08,3.92605151047645e-08,5.26781970414799e-08,3.81674846932635e-08,4.97406195828888e-08,3.31612671980294e-08,3.46499962194452e-08,1.77235404013616e-08,3.26824183660215e-08,3.6258161133536e-08,3.39030768247155e-08,3.1665788071997e-08,1.69126299292155e-08,1.59542857865426e-08,3.37822178066625e-08,1.90965558947626e-08,3.7638654885375e-08,1.47422293448138e-08,1.41221457143091e-08,1.34191532778913e-08,1.67992790303585e-08,1.60930165031999e-08,1.85602705659564e-08,1.19187970228595e-08,1.17426462879716e-08,1.36449175069615e-08,1.33802691110177e-08,1.64354807106725e-08,1.77625394977764e-08,3.21170955356259e-08,6.00001915577681e-08,1.24689980400539e-07,5.22676601032063e-08,1.03857517129215e-07,9.06632326205011e-08,7.20728012354064e-08,1.42825705771505e-07,6.49567776187786e-08,1.20466189896697e-07,1.15870402496802e-07,9.35385285331965e-08,1.20506688347112e-07,5.33005373366648e-08,3.52825907349874e-08,9.55190105623722e-08,4.4938648299348e-08,8.22166814811625e-08,4.88745399332223e-08,3.10196111996999e-08,3.04157623922637e-08,4.00828275799497e-08,2.85094334892853e-08,3.57490386153631e-08,2.81879354236292e-08,2.59472485803874e-08,1.31192661120145e-08,2.65947779022959e-08,2.91502663020091e-08,2.94899348781983e-08,2.37814240430933e-08,1.20231495771223e-08,1.07905786758064e-08,2.67164817304337e-08,1.40752101332798e-08,2.89958552035765e-08,9.5050102773228e-09,9.04293128311015e-09,7.38389212519971e-09,1.18103600317945e-08,1.09201572112797e-08,1.04037717860096e-08,7.20333442417375e-09,6.66978667760653e-09,8.38553716743805e-09,8.86801611733391e-09,1.10588406465691e-08,1.14500388801304e-08
3.9763987938061e-08,4.02038737371366e-08,7.20808555545886e-08,3.66534142749702e-08,7.39641889632196e-08,6.21502005169545e-08,5.02086162463589e-08,8.49829320757939e-08,2.15910980902746e-07,8.90871229529652e-08,1.64474172888163e-07,1.58630811498875e-07,6.56935335090116e-08,1.71896134305402e-07,8.31452863437373e-08,1.29277077841532e-07,1.37003839798262e-07,1.00929226487259e-07,1.46685375815764e-07,6.99594701543813e-08,3.69111057980734e-08,1.16990715450135e-07,6.19025627792042e-08,1.03195562838034e-07,6.17103425941762e-08,3.17905857964476e-08,2.64682749067074e-08,5.26314098842438e-08,2.9886752057795e-08,5.22786862758894e-08,2.82395756919461e-08,2.46884155793724e-08,1.68634617886863e-08,2.69646567762579e-08,2.95333020472908e-08,3.16425409829117e-08,2.15737475418893e-08,1.54605504263052e-08,1.5533953269139e-08,2.57242474360848e-08,1.87732134159892e-08,2.83260669402998e-08,1.41569270927765e-08,1.39861517092881e-08,1.35571329030613e-08,1.65011431973177e-08,1.71379899433124e-08,2.01064921845564e-08,3.08889890359873e-08,2.96755925815016e-08,5.27787689592774e-08,2.69540319188509e-08,4.86890189209797e-08,4.53346678964419e-08,3.57297300694547e-08,6.05414301374262e-08,1.61201329840819e-07,5.89070802449249e-08,1.12941142833127e-07,1.11735710923006e-07,4.68918653356066e-08,1.38146177022549e-07,6.12420786267706e-08,9.51139115828324e-08,1.01720043354872e-07,7.1235421561434e-08,1.19752203276909e-07,5.15499631587224e-08,3.20985161239072e-08,8.84930124901945e-08,4.4796693528361e-08,7.80339690087801e-08,4.59408887851062e-08,2.93562151429603e-08,2.19738834015631e-08,4.00349577934787e-08,2.79311444935704e-08,3.98641146515598e-08,2.63149510958815e-08,2.00729983486651e-08,1.05730824237731e-08,2.61028995108845e-08,1.84876959069127e-08,2.36288819755372e-08,1.69268117868164e-08,9.21693104008474e-09,1.07008991161807e-08,1.60768450788928e-08,1.47391087787235e-08,1.81287135376796e-08,8.27299192345432e-09,9.65881638565683e-09,1.23988985589428e-08,1.22886789921861e-08,1.37921629445391e-08,1.76986457280922e-08
7.97893104589432e-08,2.85084471060336e-07,1.43422248198e-07,1.13600121344265e-07,4.02310329183788e-07,1.89497633451935e-07,3.58123443439709e-07,1.75448315249684e-07,8.90871229529652e-08,4.98258620214275e-07,1.35377617002641e-07,4.19586906671533e-07,1.45481475814506e-07,7.02676328315948e-08,5.54718507026809e-08,1.09136654240781e-07,6.69926485262987e-08,1.01673223977184e-07,6.31850707076926e-08,4.88837933827918e-08,5.06352550816348e-08,5.80150076427218e-08,5.41493548815157e-08,5.95292255162927e-08,4.29105633370954e-08,4.47765172079267e-08,2.74647025100948e-08,4.65013582370899e-08,5.29538791797166e-08,5.15484973365943e-08,4.08306132028885e-08,2.60886998676811e-08,2.30026801368113e-08,4.92271277449894e-08,2.88967082624785e-08,5.42137085297356e-08,2.35664986548383e-08,1.98782143573744e-08,2.21964254049591e-08,2.45327794385049e-08,2.81165604540727e-08,2.98407247787616e-08,1.84062839681765e-08,1.95182847878829e-08,1.91128233415164e-08,2.46258335839838e-08,2.38320942548501e-08,2.73369127880944e-08,7.61461163258427e-08,1.86895465049016e-07,1.06076992149048e-07,9.47884322092819e-08,2.48728616507454e-07,1.53741733438877e-07,2.15400504467535e-07,1.28021562382293e-07,6.47109550384334e-08,2.88866607190139e-07,9.676972955698e-08,2.34842045870799e-07,1.06083638881746e-07,5.17047024731676e-08,4.46822914214444e-08,7.72501533884091e-08,4.54565871518287e-08,7.31316975540483e-08,4.78856001246706e-08,4.20937417039597e-08,4.25797348759242e-08,4.02036821251661e-08,4.1918359269146e-08,4.04376096344809e-08,3.74453250281231e-08,3.58300704118755e-08,1.67946852129949e-08,3.62458604654195e-08,4.38990063283821e-08,3.64800742445834e-08,3.230119099221e-08,1.59673968986925e-08,1.79332400276698e-08,3.95013555853526e-08,2.32452976736291e-08,4.57231762894681e-08,1.29038067405806e-08,1.61940258982286e-08,1.17561924748068e-08,1.86873563500976e-08,1.95633211147692e-08,1.73689056393289e-08,1.50014629743323e-08,1.14880404930149e-08,1.10679037928192e-08,1.70766284688026e-08,1.74058270962081e-08,2.02917932503139e-08
3.96896708307057e-08,7.05392183497837e-08,1.30854878768296e-07,5.52403833095719e-08,1.11861610508182e-07,8.70907590068285e-08,8.86603722708418e-08,1.52632878585857e-07,1.64474172888163e-07,1.35377617002641e-07,2.56382688437514e-07,2.21799159744004e-07,1.25636788792972e-07,1.29262786921693e-07,7.27345467971897e-08,2.09016531911506e-07,1.01859896673275e-07,1.70634691082862e-07,1.08279223082154e-07,5.90796042958712e-08,3.3600677136256e-08,8.48988721096211e-08,5.51354089375824e-08,7.47900496038759e-08,5.04832565523375e-08,2.82826904100109e-08,2.94393039165108e-08,4.52105206341749e-08,2.81663554621896e-08,4.50862435042217e-08,2.58792397890501e-08,2.78504327252841e-08,1.97882202832136e-08,2.61637489691035e-08,3.2348085426508e-08,2.88856231765025e-08,2.52076359699524e-08,1.77276532996749e-08,1.76202600121961e-08,2.85134726695547e-08,2.13417338739464e-08,3.13369885245347e-08,1.56149010968397e-08,1.46046044792592e-08,1.50377284309384e-08,1.67775608070986e-08,1.99453237749765e-08,2.23682033129584e-08,3.40538656502095e-08,4.58514594360821e-08,8.63455682804909e-08,4.4692883156142e-08,7.60456802245068e-08,6.70707207926359e-08,5.98047726827355e-08,9.84428491415587e-08,1.13759821903302e-07,9.11471980330289e-08,1.70409786016787e-07,1.46552354323737e-07,8.16918311437154e-08,9.82296608578214e-08,5.1094023648754e-08,1.48249876845205e-07,7.11365500752313e-08,1.18091230705331e-07,8.54610134281599e-08,4.13947820648429e-08,2.54893514098492e-08,6.16338168044528e-08,3.92835017258827e-08,5.28420468480461e-08,3.70129561546586e-08,2.34189518105278e-08,2.03425056250172e-08,3.52913583816573e-08,2.3345660800763e-08,3.25508267262014e-08,2.1463068751815e-08,1.81810769955734e-08,1.32598227572356e-08,2.1701869571805e-08,2.00114547172091e-08,2.22169618783941e-08,1.62758396271232e-08,1.1753915362016e-08,1.11534373528062e-08,1.78905717325362e-08,1.50514350864674e-08,1.72387553648866e-08,9.77643107798276e-09,9.727542420357e-09,1.23695353999734e-08,1.10435011615399e-08,1.4868048833672e-08,1.66103520392625e-08
7.94592043157372e-08,2.67822793535952e-07,1.11535112357851e-07,1.01836348101097e-07,3.44894966690512e-07,1.51045752233131e-07,3.2980127487813e-07,1.34844486978994e-07,1.58630811498875e-07,4.19586906671533e-07,2.21799159744004e-07,5.59729350788015e-07,1.09519556146407e-07,1.25254792713952e-07,8.01203575307387e-08,1.77357242729376e-07,1.00439542327622e-07,1.44651553385193e-07,1.06672130155176e-07,6.64212905097144e-08,3.77775902976047e-08,8.40655554157191e-08,6.4033238315681e-08,7.70021276937721e-08,5.77698076330957e-08,3.24997963608608e-08,3.93614102755476e-08,5.39043597970667e-08,3.96628534255556e-08,5.98620140874378e-08,3.01974263857457e-08,3.65932810390256e-08,2.66379764157047e-08,3.68308738740658e-08,4.28169951473078e-08,3.987216852837e-08,3.31872788927993e-08,2.33618741284018e-08,2.70705233142228e-08,3.63129429834135e-08,3.41291629519059e-08,4.47923873825333e-08,2.16106463137457e-08,2.26778369507417e-08,2.00982844129538e-08,2.84176413704142e-08,2.70153229891849e-08,3.28593319066281e-08,7.96431287777819e-08,1.61971548405767e-07,8.16507676194148e-08,8.27911079148679e-08,2.05807511405527e-07,1.25025047639561e-07,1.87238770473841e-07,9.74683880286283e-08,1.06659838797542e-07,2.41065973426658e-07,1.4250683951875e-07,3.212713038296e-07,7.98634102584376e-08,9.06250549677489e-08,5.52058725240368e-08,1.21870966564251e-07,6.95850455726181e-08,1.02754149139872e-07,7.9348604122437e-08,4.83190972036701e-08,2.9707730858515e-08,5.98812671668753e-08,4.58832292268036e-08,5.08869175362515e-08,4.27353826882953e-08,2.64451972228346e-08,2.37784902476188e-08,4.00908371225059e-08,3.39176115281118e-08,3.99309690340102e-08,2.46359089410269e-08,2.13675808260494e-08,2.06280586230714e-08,3.16943002869547e-08,2.85881807866301e-08,3.73831695668289e-08,1.90657731179676e-08,1.88595869887623e-08,1.50672983292789e-08,2.37813857667621e-08,2.22353708289755e-08,2.31929721697569e-08,1.69836298514137e-08,1.40721029115953e-08,1.48588487945552e-08,1.71191895634843e-08,2.15306859367819e-08,2.50139729913324e-08
3.34816726833672e-08,6.79440852347965e-08,1.49435925105618e-07,5.41922881432746e-08,1.21994056818578e-07,9.75356455362368e-08,8.38632151025333e-08,1.69672328379328e-07,6.56935335090116e-08,1.45481475814506e-07,1.25636788792972e-07,1.09519556146407e-07,2.03620384449351e-07,7.50178911796039e-08,4.84930534771029e-08,1.48175202534437e-07,6.79139229038806e-08,1.33333304518614e-07,6.46825136727123e-08,4.14321195406619e-08,4.34928979634353e-08,5.66141528513994e-08,4.21589329373166e-08,5.51844088831736e-08,3.57855502362766e-08,3.7950864696819e-08,1.94922861217714e-08,3.58945705951318e-08,4.02792954160305e-08,3.68441132379153e-08,3.43776120351707e-08,1.83055632030463e-08,1.66909047740126e-08,3.68014461083437e-08,2.13739038549636e-08,4.08423363638821e-08,1.56950121246739e-08,1.46680123220562e-08,1.43129750174381e-08,1.82940372945227e-08,1.661331808408e-08,2.00023898971098e-08,1.24413988130678e-08,1.23902259528229e-08,1.3989702551867e-08,1.39183329005966e-08,1.72214705013048e-08,1.83210680748534e-08,2.76984902678929e-08,5.15750815831301e-08,1.06297662725198e-07,4.54173851720001e-08,8.65693428155597e-08,7.60281898436914e-08,6.22527407442878e-08,1.20499812252145e-07,5.32828760814206e-08,1.02394910538796e-07,9.55068315096528e-08,7.66045987357047e-08,1.37373157541622e-07,5.4707810781385e-08,3.87133029308289e-08,1.097127708611e-07,4.69857886647268e-08,9.40368223089635e-08,5.04179395437846e-08,3.44846057787563e-08,3.26613480441174e-08,4.27025969315787e-08,2.85969296975787e-08,3.94291975241831e-08,3.11279208292034e-08,2.77961124199239e-08,1.40177536961673e-08,2.65077730910996e-08,3.18929976170693e-08,3.27963025743888e-08,2.46823736536455e-08,1.26721938775619e-08,1.17099920630484e-08,2.90997890488936e-08,1.52502163720515e-08,3.17851244095639e-08,1.00178497101128e-08,9.59302140532298e-09,9.33307888533800e-09,1.24499371746997e-08,1.14195163476451e-08,1.1438523249122e-08,7.54620346953392e-09,8.25011694879725e-09,8.87693183930467e-09,9.35217724382071e-09,1.27596442347153e-08,1.18047355398101e-08
3.40770843465456e-08,3.34800903983986e-08,5.87221124128217e-08,3.00239848635171e-08,6.06804882873735e-08,4.91184285966756e-08,4.06707154848653e-08,6.56695254171681e-08,1.71896134305402e-07,7.02676328315948e-08,1.29262786921693e-07,1.25254792713952e-07,7.50178911796039e-08,1.97123333789622e-07,9.21372502948137e-08,1.44549666946697e-07,1.57278858461686e-07,1.13527297933075e-07,1.663282478619e-07,7.64479046620026e-08,4.14332080736337e-08,1.32171777746484e-07,6.92492528869047e-08,1.19750459391934e-07,6.687837612346e-08,3.56944047829235e-08,2.98277937522269e-08,5.89635555653913e-08,3.43069807172212e-08,5.70371527265939e-08,3.16475035149754e-08,2.76037382315128e-08,1.85795559601796e-08,3.08089976656553e-08,3.40002082058753e-08,3.62441561049356e-08,2.41691480325821e-08,1.68654816907251e-08,1.69616828561233e-08,2.96131565791198e-08,1.97052707964448e-08,3.08650468468479e-08,1.53990437849539e-08,1.51696399780378e-08,1.4325640389794e-08,1.75254330610618e-08,1.86880442068163e-08,2.16435643072418e-08,2.71766439906806e-08,2.32267266436572e-08,4.33202211871715e-08,2.24031898643186e-08,3.90832333242523e-08,3.7896841123487e-08,2.8381398250749e-08,4.68743404293795e-08,1.38120550849621e-07,4.75159896904903e-08,9.51051283287906e-08,9.66643606544793e-08,5.36588326933646e-08,1.53247226465168e-07,6.80890255929089e-08,1.05137270127723e-07,1.14931334545338e-07,8.19214276260884e-08,1.32114837040481e-07,5.76141681755825e-08,3.513912764732e-08,9.96110484440099e-08,5.00185876521678e-08,9.08514384157074e-08,5.05746887874971e-08,3.20929983889317e-08,2.17665225882273e-08,4.44376260916548e-08,2.96138969774086e-08,4.33304750160294e-08,2.8695130049046e-08,1.96478383317191e-08,1.11457281612802e-08,2.77519071467224e-08,2.03685813463802e-08,2.84692231798778e-08,1.63507515202001e-08,9.43921720328335e-09,1.31702402266386e-08,1.73967066681109e-08,1.6084234753241e-08,1.86750990223463e-08,8.18589611523133e-09,1.1884481161613e-08,1.31867039370576e-08,1.37699376903773e-08,1.58993508989888e-08,1.82317396035274e-08
2.17754185010354e-08,4.90876760572557e-08,3.99211588525899e-08,4.15773365402414e-08,4.86263306231897e-08,3.7400391222904e-08,5.79897231111984e-08,4.45849914549376e-08,8.31452863437373e-08,5.54718507026809e-08,7.27345467971897e-08,8.01203575307387e-08,4.84930534771029e-08,9.21372502948137e-08,2.422695448517e-07,8.05717709955927e-08,1.80490717679696e-07,1.57146762190091e-07,7.64617711319685e-08,2.03066940536467e-07,8.17656964500916e-08,1.49225396918865e-07,1.56623294385875e-07,1.12928619375253e-07,1.74691104425163e-07,6.90767182982101e-08,3.15373622121528e-08,1.33013942643731e-07,6.61332733855199e-08,1.2892696743861e-07,5.97051672080754e-08,2.64708310241574e-08,3.39350672920522e-08,5.71906185633402e-08,3.20930179316286e-08,5.88171519084551e-08,2.34779376943979e-08,2.97190056017886e-08,2.00278627328493e-08,2.73340833913732e-08,3.48715783102926e-08,2.96513387757379e-08,2.68773840342961e-08,1.84780390232215e-08,1.84130088723789e-08,3.11598881576969e-08,2.22987293272197e-08,3.66073993362302e-08,1.63132788015964e-08,3.43620420418885e-08,2.7042723642381e-08,2.59525430457914e-08,3.12125266282163e-08,2.36807303214581e-08,3.22548854961912e-08,2.83776207777174e-08,7.21586902415205e-08,3.23275456233716e-08,5.4617224195778e-08,6.41170352346796e-08,3.09374164655893e-08,7.80701930918102e-08,1.65879547971937e-07,6.17112101862633e-08,1.29870199435914e-07,1.09600871325821e-07,6.5759111244414e-08,1.44702638826138e-07,6.41189619478047e-08,1.11367895716015e-07,1.07280564698658e-07,8.03783886434737e-08,1.26608920532662e-07,5.64518136154789e-08,1.97302870351477e-08,9.49676943282374e-08,5.14123896988713e-08,9.10948079948657e-08,4.87644353251705e-08,1.83921937712209e-08,2.18902039948659e-08,4.80750873859467e-08,2.15562556411592e-08,4.56773997248076e-08,1.65591565491693e-08,2.03213981704821e-08,1.47198596733107e-08,1.80907518199103e-08,2.47284305099867e-08,2.01232549130914e-08,1.80696999785592e-08,1.4200529643943e-08,1.39240429144687e-08,2.22288742219148e-08,1.77903778174758e-08,2.84465506698219e-08
3.5468719350818e-08,5.99636231770845e-08,1.11804964331859e-07,4.69287104766636e-08,9.28800239226492e-08,7.11514728722019e-08,7.36675947900395e-08,1.25621503131918e-07,1.29277077841532e-07,1.09136654240781e-07,2.09016531911506e-07,1.77357242729376e-07,1.48175202534437e-07,1.44549666946697e-07,8.05717709955927e-08,2.37652487649732e-07,1.14213406461795e-07,1.93750949762453e-07,1.19745739431773e-07,6.486840834876e-08,3.79967578835877e-08,9.37974553843829e-08,6.18067233025914e-08,8.48349572181475e-08,5.47022081341888e-08,3.14074113569053e-08,3.20301642172755e-08,5.01000604893001e-08,3.19344059694741e-08,4.98278963285643e-08,2.81310022139589e-08,3.0123671240847e-08,2.04073575405189e-08,2.86833683240048e-08,3.52717752823388e-08,3.16054306991324e-08,2.70079813608593e-08,1.84717451383424e-08,1.81995347761938e-08,3.10718171028249e-08,2.17119053968041e-08,3.34579538389663e-08,1.63559291440851e-08,1.51924384414462e-08,1.56642894293798e-08,1.72989911181621e-08,2.07769065879393e-08,2.30677604046062e-08,2.91293958022674e-08,3.7795943704024e-08,7.33742495896776e-08,3.69378914187686e-08,6.21737433187288e-08,5.53556807238686e-08,4.95270571311286e-08,8.1676580223278e-08,9.82028320460766e-08,7.58124034819015e-08,1.48237035020358e-07,1.25421718006085e-07,9.67511321969107e-08,1.06792452401322e-07,5.74642566623612e-08,1.65836430764092e-07,8.06088271459196e-08,1.3470201951711e-07,9.26379199281448e-08,4.75494001877382e-08,2.85029919281271e-08,6.95472531437227e-08,4.45547804784267e-08,6.23375146718597e-08,4.11499930706601e-08,2.55790441401642e-08,2.17270126787163e-08,3.8994150205303e-08,2.52306237048513e-08,3.83853263807118e-08,2.2434051174248e-08,1.92738275124082e-08,1.47445773020465e-08,2.27763314502502e-08,2.20138591279904e-08,2.41654277166023e-08,1.69788568769719e-08,1.3088131379761e-08,1.27591709843013e-08,1.92519462135194e-08,1.59990297357231e-08,1.8485984548966e-08,1.1074623227382e-08,1.12735644591669e-08,1.2939945431373e-08,1.20931140857095e-08,1.6582274595059e-08,1.71189798259292e-08
3.40849443979991e-08,3.95981431363111e-08,5.54698286737134e-08,3.50210721237671e-08,5.87944596887391e-08,4.95657388345867e-08,4.73841030021383e-08,6.1100036719299e-08,1.37003839798262e-07,6.69926485262987e-08,1.01859896673275e-07,1.00439542327622e-07,6.79139229038806e-08,1.57278858461686e-07,1.80490717679696e-07,1.14213406461795e-07,2.70367746095905e-07,2.10971039120664e-07,1.32183480728126e-07,1.49216777754095e-07,7.55122035308941e-08,2.24105493373325e-07,1.14451108796771e-07,1.78466276631829e-07,1.27902669115144e-07,6.27823056071849e-08,3.10875611405242e-08,9.58314985454572e-08,5.71601908951981e-08,8.80583673945818e-08,5.36289254523193e-08,2.65299060318483e-08,3.66889910699879e-08,4.91843938525955e-08,3.20260624773025e-08,5.17401145548013e-08,2.29191871026146e-08,3.16970023560164e-08,2.15960667840927e-08,2.68073774302822e-08,3.56513840124975e-08,2.85234471449593e-08,2.73202401806836e-08,1.90004938773498e-08,1.70175464221943e-08,3.05891568839706e-08,2.15242373920593e-08,3.60590374338998e-08,2.35396402057844e-08,2.27755645899923e-08,4.16778112766459e-08,2.17968990709137e-08,3.71750712724743e-08,3.58669779638943e-08,2.62589010964582e-08,4.48543188780759e-08,1.10152288753106e-07,4.29385396543901e-08,7.84824430504971e-08,7.69730112818741e-08,4.8735125625535e-08,1.22101580938953e-07,1.2745906752897e-07,8.75195799952259e-08,1.8875729337791e-07,1.50870130414913e-07,1.05150497219919e-07,1.11362894363643e-07,5.53450788890561e-08,1.63659479710777e-07,7.97179626141105e-08,1.28340128301164e-07,9.67084435010441e-08,4.85719190245839e-08,1.86578534593658e-08,6.96804966867194e-08,4.16650897593968e-08,6.39096070771788e-08,4.06942234475207e-08,1.69588391752186e-08,2.41570759006435e-08,3.77468970800808e-08,1.93015357531226e-08,3.68365175254143e-08,1.44288444607167e-08,2.16647571990329e-08,1.5682615014464e-08,1.54784981702351e-08,2.80109616229495e-08,1.77690262899013e-08,1.8062822941383e-08,1.46841990126372e-08,1.40763129286145e-08,2.39380159251885e-08,1.7228272620373e-08,2.89024613789295e-08
3.31189271906657e-08,6.07112592407069e-08,1.02216164109758e-07,4.83536404200494e-08,8.53431733591577e-08,6.59542727005499e-08,7.49130334506079e-08,1.15473722668709e-07,1.00929226487259e-07,1.01673223977184e-07,1.70634691082862e-07,1.44651553385193e-07,1.33333304518614e-07,1.13527297933075e-07,1.57146762190091e-07,1.93750949762453e-07,2.10971039120664e-07,3.13702920915363e-07,9.33083661496814e-08,1.262570801898e-07,6.82137145432097e-08,1.70480223819094e-07,9.640438535545e-08,1.33180916535576e-07,1.05757402081077e-07,5.61503039715842e-08,3.43967413449765e-08,7.9295549434946e-08,5.44697961400235e-08,7.55275507297291e-08,4.92999151580845e-08,3.02449042409433e-08,3.89010019237777e-08,4.75622876718551e-08,3.45336810493122e-08,4.8405984456408e-08,2.60737053131668e-08,3.40002043227746e-08,2.19143426982232e-08,2.92704125592443e-08,3.76112062454201e-08,3.05185382795019e-08,2.84472533979572e-08,1.85366804621085e-08,1.70942967167608e-08,3.05236021591366e-08,2.0923394691042e-08,3.56644338573729e-08,2.47711770530554e-08,3.59770075893562e-08,6.97826565399663e-08,3.61920766342994e-08,5.6750807856647e-08,5.08981960767837e-08,4.53373703526681e-08,8.01298235027783e-08,7.81102068463208e-08,6.9477844034027e-08,1.2606496257212e-07,1.02205514900341e-07,9.28413728397481e-08,8.65366033966061e-08,1.03851297606932e-07,1.41697291893095e-07,1.39628525747184e-07,2.15751856786377e-07,7.45279697667306e-08,9.21230196214881e-08,4.84432182055671e-08,1.22321177013676e-07,6.73415872724008e-08,9.19919468220889e-08,7.93183096615751e-08,4.30801519594142e-08,2.09752017597616e-08,5.88161904678519e-08,3.85452456770238e-08,5.4233609297813e-08,3.74170658722814e-08,1.92239459472855e-08,2.59799877124746e-08,3.49586223892878e-08,2.08793221990929e-08,3.19457059469873e-08,1.59357875061446e-08,2.34913554817284e-08,1.46703310532273e-08,1.83082314427351e-08,2.78092622451985e-08,1.77550476827549e-08,1.87086833705909e-08,1.32046074090584e-08,1.2839541294467e-08,2.2432650141881e-08,1.58419600638911e-08,2.49215310257357e-08
3.00548247775362e-08,2.962116021517e-08,5.21213803854334e-08,2.65364812082917e-08,5.43989823247607e-08,4.38012967450598e-08,3.60659070511267e-08,5.84127085247604e-08,1.46685375815764e-07,6.31850707076926e-08,1.08279223082154e-07,1.06672130155176e-07,6.46825136727123e-08,1.663282478619e-07,7.64617711319685e-08,1.19745739431773e-07,1.32183480728126e-07,9.33083661496814e-08,1.91943078822618e-07,8.58194534267525e-08,4.73208504208116e-08,1.53708744172578e-07,7.80739815546869e-08,1.38409781282107e-07,7.51074983649908e-08,4.08914981048033e-08,3.27703076979451e-08,6.67246088146395e-08,3.95033525821726e-08,6.43130075983195e-08,3.65942452213517e-08,3.00800674098006e-08,2.03680507856694e-08,3.57211885715348e-08,3.65214409181777e-08,4.07260950400835e-08,2.64771398492925e-08,1.85538638864437e-08,1.72724460094387e-08,3.21362565019592e-08,2.1066132404766e-08,3.32028994245456e-08,1.69899806274778e-08,1.51938060970093e-08,1.56764886030243e-08,1.86186761527704e-08,1.89006629549691e-08,2.27279893546122e-08,2.46377795401894e-08,2.16635385700791e-08,3.95274242662152e-08,2.09795613160786e-08,3.64868911328597e-08,3.5493777016913e-08,2.67383315571168e-08,4.29765693253595e-08,1.19687990056987e-07,4.44588203015086e-08,8.02441238148035e-08,8.45282925245466e-08,4.92676826881904e-08,1.32100523302149e-07,5.75885801638986e-08,8.80473038186007e-08,9.95957455536069e-08,6.92104367420182e-08,1.48275796678445e-07,6.49053612025985e-08,3.94425880702047e-08,1.166793072088e-07,5.76964443944156e-08,1.07072793612622e-07,5.75801245596948e-08,3.53571998953618e-08,2.31533245395124e-08,5.16380634180565e-08,3.23875386765287e-08,4.92972160265448e-08,3.17923124738524e-08,2.03883327775643e-08,1.2122748685949e-08,3.03175078876969e-08,2.13894068278826e-08,3.06858033672332e-08,1.63307190312769e-08,1.07820164599695e-08,1.36261556890077e-08,1.79732298856755e-08,1.70559652836576e-08,1.92785762384556e-08,9.39962515154621e-09,1.22879012529994e-08,1.45557345229545e-08,1.47270924662109e-08,1.66037977921658e-08,1.91731606211224e-08
