3.76566245869447e-08,9.79383600679269e-09,5.53805470879161e-09,3.24544457176396e-08,9.55545441204219e-09,3.24853584408957e-08,8.14916053232511e-09,4.6830800498938e-09,5.72383540138764e-09,7.916226569657e-09,5.24681512934898e-09,8.12390064236048e-09,3.92600304751826e-09,4.90078026599309e-09,2.40542000884448e-09,4.41394271159571e-09,4.87241963248017e-09,4.4258912145138e-09,4.21589002470846e-09,2.15066875778327e-09,1.83481307458426e-09,4.18103736867168e-09,2.51025897994339e-09,4.52354257641892e-09,1.89045381628029e-09,1.6147879774113e-09,1.70334868365992e-09,2.16897462819028e-09,1.97710468481477e-09,2.41820453436741e-09,1.38528231444352e-09,1.51300348962214e-09,1.39866004088214e-09,1.68677910839351e-09,1.83107379017385e-09,2.03801843876294e-09,1.39795649185353e-09,1.19663758635651e-09,1.13214722429685e-09,1.50705033256991e-09,1.3743331154768e-09,1.58112550856064e-09,1.39944991943992e-08,5.30129409947618e-09,2.64346844539125e-09,1.31534867428662e-08,5.08608296269732e-09,1.27133576704801e-08,4.55617207908077e-09,2.24729124452137e-09,2.52082581855204e-09,4.19266281516917e-09,2.59487108165442e-09,4.16841230860374e-09,1.90570675113206e-09,2.3007396528524e-09,1.16450172870971e-09,2.20542080404281e-09,2.24402967810448e-09,2.26220786623436e-09,2.15188922115443e-09,1.00607111585975e-09,1.04666814258669e-09,2.0135088578784e-09,1.31370789093145e-09,2.40139639862421e-09,7.87511149479378e-10,8.64610942797395e-10,8.24781085606468e-10,1.00443175596949e-09,9.66934013380022e-10,1.05582545715611e-09,7.88102688194094e-10,7.2672880103863e-10,7.1686834337176e-10,8.32707846776904e-10,8.33988759900288e-10,1.02876719042617e-09,6.27087506516962e-10,6.01654947489042e-10,6.81791173699323e-10,5.92525152894629e-10,8.12912499218123e-10,8.81309811349531e-10
9.79383600679269e-09,2.01874337166287e-08,9.05119852521889e-09,1.65513029803262e-08,1.67419220698926e-08,1.38487004733206e-08,1.72432445255956e-08,7.72498153860603e-09,4.59943830527983e-09,1.43592546713055e-08,7.6856621607794e-09,1.37572049334887e-08,6.57503309328816e-09,3.79353215426565e-09,3.04890140598194e-09,6.51190265215641e-09,3.70095174233273e-09,6.31140352151743e-09,3.06832668650140e-09,2.70185621851001e-09,1.62650365719498e-09,2.98985644901556e-09,2.99222916491037e-09,2.92434109287514e-09,2.43189665779486e-09,1.50654697194132e-09,1.59061065647197e-09,2.70478279868947e-09,1.84894885602834e-09,3.10788137429496e-09,1.27927610064848e-09,1.31962554872242e-09,1.21104843848049e-09,1.57826709076891e-09,1.59793468658331e-09,1.75986816352875e-09,1.16917318533737e-09,1.01925597566809e-09,9.46550827566827e-10,1.37027351220153e-09,1.11539072590975e-09,1.43956646033363e-09,3.51127492999313e-09,9.89316160132922e-09,5.05711245169049e-09,7.29642264507261e-09,9.28425764191668e-09,6.87379853750251e-09,8.51107280710533e-09,4.32545772460812e-09,2.00578199234534e-09,7.92595880996676e-09,4.08015304984703e-09,7.21285238412537e-09,3.79361727147586e-09,1.67873521446156e-09,1.17778172854486e-09,3.53953323368453e-09,1.69949213850824e-09,3.53692131971548e-09,1.35615144895415e-09,9.58990426085829e-10,6.50487330350509e-10,1.35574646223296e-09,1.15191050702311e-09,1.51873425366183e-09,8.7821736402821e-10,6.48964072187204e-10,6.75033616755483e-10,1.08404060228437e-09,6.47659626871582e-10,8.64405800405863e-10,5.2328863689962e-10,5.36505599864591e-10,4.72511150128501e-10,5.3629764095367e-10,8.41799304378767e-10,8.90210594579337e-10,4.67604537742209e-10,4.31154190955269e-10,5.29356663596774e-10,7.07123497184787e-10,5.27587785576834e-10,8.30059425294133e-10
5.53805470879161e-09,9.05119852521889e-09,2.29170359612372e-08,8.91745442622189e-09,1.78745867307803e-08,1.65373237217494e-08,7.72648482953576e-09,1.90582318996123e-08,9.30675846544108e-09,1.49658428876153e-08,1.60598800542438e-08,1.25335577159893e-08,1.54715026119483e-08,7.22016202449858e-09,3.49212572717795e-09,1.30129751498335e-08,6.56576619905437e-09,1.19592445462331e-08,5.86947916433609e-09,2.96710286749e-09,2.93836307853064e-09,5.30617911386384e-09,3.02756197911292e-09,5.08944984697737e-09,2.4561343410158e-09,2.6049405520656e-09,1.78793103972621e-09,2.52512759440663e-09,2.98229540304283e-09,2.75536831733631e-09,2.23685997911417e-09,1.51131828920747e-09,1.35840243180203e-09,2.54881488037586e-09,1.77676469928772e-09,2.88422386085475e-09,1.34260307544112e-09,1.18010177118793e-09,9.79582294471592e-10,1.53748874911184e-09,1.21919694585816e-09,1.56138389178016e-09,1.92054948888329e-09,4.27965066929865e-09,1.1649420690924e-08,4.2048823931191e-09,8.72404296115204e-09,8.34103035736122e-09,3.69180931529817e-09,9.71272274817426e-09,4.93562361445798e-09,7.27879452969441e-09,8.47700285566899e-09,6.40690563961895e-09,8.2479087215604e-09,3.99162872552255e-09,1.82270375500202e-09,7.00574432387976e-09,3.41668032064962e-09,6.53544141431388e-09,3.28181334044539e-09,1.4866190049902e-09,1.32831657555568e-09,2.75220453583797e-09,1.57474657977641e-09,3.08446002651643e-09,1.24714566515487e-09,1.22295288615486e-09,8.49662664610435e-10,1.37541658161619e-09,1.34029032910636e-09,1.35607261715823e-09,1.04094388641544e-09,6.74847363846025e-10,6.61572131905241e-10,1.14764884920002e-09,7.52859534309397e-10,1.24880007933859e-09,5.94273948116453e-10,6.00654376769887e-10,4.26164401280221e-10,6.32877173800606e-10,5.83567103192068e-10,7.61124378749033e-10
3.24544457176396e-08,1.65513029803262e-08,8.91745442622189e-09,4.37925760513874e-08,1.39663071090131e-08,4.00102433399091e-08,1.38347380318333e-08,7.51942477167567e-09,4.92568456001592e-09,1.16535605131721e-08,7.83388122643076e-09,1.15159189838568e-08,6.41974504771571e-09,4.17082432783245e-09,3.7448024454614e-09,6.64496228479165e-09,4.07064125949661e-09,6.55637112080047e-09,3.48916233240282e-09,3.38739105994003e-09,2.07070607902472e-09,3.48032648905178e-09,3.84103126577451e-09,3.59844991977389e-09,2.98593005696977e-09,1.83801369481586e-09,1.93522387693843e-09,3.40915631986061e-09,2.26036705126477e-09,3.81665409783283e-09,1.62803578868996e-09,1.69098255159434e-09,1.68875021281514e-09,1.9932254854212e-09,2.19181528376445e-09,2.48602498262689e-09,1.59329719661401e-09,1.50349295399777e-09,1.32510993409297e-09,1.88991833882973e-09,1.56329034943693e-09,1.86836204166891e-09,1.10086498248275e-08,8.46483496280932e-09,4.80816610608097e-09,1.71829156412938e-08,7.79636548588275e-09,1.60623073075063e-08,7.29326840894637e-09,4.02237796942177e-09,1.98511213631473e-09,6.35954174525456e-09,4.00245253451009e-09,5.97415714797232e-09,3.45245887700223e-09,1.82525878579089e-09,1.64737241028411e-09,3.50521263558355e-09,1.86315512591198e-09,3.42676373683971e-09,1.67245738854121e-09,1.45405222938308e-09,9.99345457984227e-10,1.66030555823076e-09,1.80660525877717e-09,1.8645257912104e-09,1.15108115201454e-09,8.93582893158768e-10,1.00749024072524e-09,1.49925808422644e-09,9.94256893980192e-10,1.41780505381637e-09,8.2331002109054e-10,8.20323726258206e-10,7.85557508835777e-10,8.31245417323081e-10,9.86457517003256e-10,1.17103172822294e-09,7.50480490080018e-10,7.01328707853197e-10,6.7629620457742e-10,7.39288736940257e-10,7.89449037199197e-10,9.53585085298932e-10
9.55545441204219e-09,1.67419220698926e-08,1.78745867307803e-08,1.39663071090131e-08,2.81378516232998e-08,2.33749431084275e-08,1.43604900207072e-08,1.49652236955937e-08,8.6058122275516e-09,2.37480491201188e-08,1.25198035683571e-08,2.01764566144495e-08,1.21958106904371e-08,6.76702784063019e-09,3.50623721224141e-09,1.01773147715439e-08,6.18379880172284e-09,9.2997320630841e-09,5.51752834314801e-09,2.93488617612523e-09,3.17486648553885e-09,4.98096586630054e-09,3.03746928493433e-09,4.77259250733116e-09,2.44819985929405e-09,2.8933482881983e-09,2.10885638899136e-09,2.5789374120346e-09,3.30391110890287e-09,2.90334312958708e-09,2.49591842509769e-09,1.80577575646553e-09,1.57977356973831e-09,2.86005403733508e-09,2.17713911859635e-09,3.25573004819265e-09,1.60278588965245e-09,1.40899193359869e-09,1.20865197523133e-09,1.88910197223043e-09,1.46503735119544e-09,1.93952812885751e-09,3.54335912585863e-09,8.4462197929147e-09,9.64052270549307e-09,6.4426600222185e-09,1.44165707686718e-08,1.13723539434575e-08,7.1691987706066e-09,8.04540963279552e-09,4.67137735843338e-09,1.2180546709456e-08,7.08016612892298e-09,1.06477798113563e-08,6.97268523662714e-09,3.7288012469007e-09,1.82994939389396e-09,5.97527223223643e-09,3.29712002309432e-09,5.381629795458e-09,2.95966079757328e-09,1.44575428981879e-09,1.29207426319177e-09,2.53653517151996e-09,1.47830043395185e-09,2.77048196164775e-09,1.22704727126585e-09,1.21895876435444e-09,8.91341984458374e-10,1.2977113811702e-09,1.26766245824161e-09,1.22312774707247e-09,1.05323448636423e-09,7.7386583344734e-10,7.65220813161326e-10,1.06898165604783e-09,1.07063186459726e-09,1.45755683411731e-09,6.81759234986517e-10,6.92029215785341e-10,6.02149545271853e-10,8.56353041565343e-10,6.93629582560087e-10,1.06733067245775e-09
3.24853584408957e-08,1.38487004733206e-08,1.65373237217494e-08,4.00102433399091e-08,2.33749431084275e-08,5.4830166099451e-08,1.15500405841291e-08,1.38068229780803e-08,8.02216124960331e-09,1.93873076105956e-08,1.18862459474552e-08,1.66799154865288e-08,1.12700274811056e-08,6.48427896396353e-09,3.89358227136597e-09,9.75947612612016e-09,6.11899155759809e-09,9.25244733948745e-09,5.33001582395819e-09,3.25893939334448e-09,3.69354582621558e-09,5.04173435746696e-09,3.43900878005996e-09,5.0053828119969e-09,2.65775840834163e-09,3.30421749529323e-09,2.41799772821254e-09,2.82405145648589e-09,3.78022566256722e-09,3.1148821789422e-09,2.89430576797105e-09,2.11830926354042e-09,2.03998097802615e-09,3.30879822881713e-09,2.72856205217662e-09,3.99900814744324e-09,1.95674805945541e-09,1.80782008962897e-09,1.48976068869064e-09,2.32186058794916e-09,1.87722666375885e-09,2.2910888441552e-09,1.11337534525038e-08,7.29042177095455e-09,8.91340579766365e-09,1.56206214814851e-08,1.2212952479838e-08,2.26063755075654e-08,6.0852819587912e-09,7.48603119934084e-09,4.39828653146042e-09,1.01523220820269e-08,6.88136238813766e-09,9.11858554967168e-09,6.39265845656032e-09,3.65502568772596e-09,1.93682876704659e-09,5.84947437320705e-09,3.37670495767563e-09,5.28369993545913e-09,3.00327942387874e-09,1.56331299341449e-09,1.50042034864478e-09,2.76446771824889e-09,1.63417930383131e-09,2.97146688441297e-09,1.21945228461635e-09,1.34766700456464e-09,1.20638571571797e-09,1.27960860063378e-09,1.54144750017071e-09,1.24891616202753e-09,1.2576240174498e-09,1.06772863988962e-09,1.10951924331202e-09,1.35301732976763e-09,1.27893208975999e-09,1.81677118650959e-09,9.60280893780001e-10,9.45498369459783e-10,7.01890910782572e-10,9.60558796873386e-10,9.43771608788882e-10,1.17787313273781e-09
8.14916053232511e-09,1.72432445255956e-08,7.72648482953576e-09,1.38347380318333e-08,1.43604900207072e-08,1.15500405841291e-08,2.03443537327014e-08,8.94177120725686e-09,5.28033291244954e-09,1.68661427301159e-08,8.874628413816e-09,1.61935498316079e-08,7.62132570019927e-09,4.30854476672952e-09,3.81387737296183e-09,7.53243558816934e-09,4.23913771122579e-09,7.26757023276816e-09,3.48695633629728e-09,3.36969524848794e-09,1.93917125621522e-09,3.43115890629404e-09,3.64240966361832e-09,3.41098734087197e-09,3.01780844548068e-09,1.75918869304226e-09,1.79928971526469e-09,3.25149613860708e-09,2.14248485414874e-09,3.65097910581078e-09,1.498644413082e-09,1.49792925242118e-09,1.35904799107855e-09,1.8367213726239e-09,1.76992054864774e-09,1.98414419778257e-09,1.34126518011866e-09,1.14334342128761e-09,1.01730984276491e-09,1.51763159335637e-09,1.20199364562094e-09,1.6059082009923e-09,3.3578194643012e-09,8.51106472255352e-09,4.32578939991479e-09,6.48894687420012e-09,7.92724854484914e-09,5.8004642268185e-09,1.02535353710784e-08,5.13456248012905e-09,2.5175470756829e-09,9.26764956626962e-09,4.8616104426098e-09,8.51217960970269e-09,4.41679266542952e-09,2.14592948518457e-09,1.59101269535246e-09,4.25909472682051e-09,2.03795888783548e-09,4.04732265995066e-09,1.71646287873466e-09,1.31675036624878e-09,8.45829366385674e-10,1.59173654240267e-09,1.53586755121858e-09,1.94426293731875e-09,1.23166962658438e-09,7.90201215556459e-10,7.89381282196505e-10,1.43292256816446e-09,7.49862119229677e-10,1.11216188751135e-09,6.58327644840791e-10,6.54248893096572e-10,5.03573883002895e-10,6.61896656699319e-10,9.76216006958904e-10,1.07077057414305e-09,5.69253994797677e-10,4.56584688419751e-10,5.88629111683023e-10,8.26998350289906e-10,5.75600570132392e-10,9.46970825709803e-10
4.6830800498938e-09,7.72498153860603e-09,1.90582318996123e-08,7.51942477167567e-09,1.49652236955937e-08,1.38068229780803e-08,8.94177120725686e-09,2.20028885832408e-08,1.04658596085964e-08,1.7113873725761e-08,1.83501409507181e-08,1.42034740990294e-08,1.8077700608461e-08,8.21668817467057e-09,4.06123098963809e-09,1.50475999159945e-08,7.47337975366512e-09,1.3792834223973e-08,6.6309231955304e-09,3.41510732157071e-09,3.33856319947811e-09,5.97635501685729e-09,3.48260416481552e-09,5.78499783765961e-09,2.81023511601294e-09,2.92339390717761e-09,1.94598901564227e-09,2.82571244023702e-09,3.30181690402708e-09,3.05704869929193e-09,2.5280507603733e-09,1.65453153909813e-09,1.51125021866858e-09,2.84140788211302e-09,1.94392643885457e-09,3.1697593432313e-09,1.48173875656304e-09,1.31058604448671e-09,1.04354739058184e-09,1.67977961219218e-09,1.30724583282133e-09,1.71826854363855e-09,1.57964865060556e-09,3.69095948540717e-09,9.71191130339702e-09,3.68316386234573e-09,7.27882332728455e-09,7.05415136007565e-09,4.09262304649696e-09,1.17577976592901e-08,5.77590004903388e-09,8.64907494688741e-09,9.9614090454988e-09,7.42917842259675e-09,9.98735534526587e-09,4.72224361353475e-09,2.09466120867716e-09,8.31595295373717e-09,3.94490884533496e-09,7.55001969598343e-09,3.86253464585619e-09,1.75554322606648e-09,1.61261821729637e-09,3.16820642311584e-09,1.85984523915482e-09,3.60430503483233e-09,1.45558209390186e-09,1.40870883082387e-09,9.28997716817772e-10,1.57463353977439e-09,1.48124306641146e-09,1.46167977588259e-09,1.22842092658574e-09,7.69604415646848e-10,6.76382316333327e-10,1.3187853338428e-09,8.68902727919495e-10,1.42237107114717e-09,6.73216802288977e-10,6.04402593286687e-10,5.39581878985809e-10,7.26211714826196e-10,6.52382098862723e-10,8.6563507325659e-10
5.72383540138764e-09,4.59943830527983e-09,9.30675846544108e-09,4.92568456001592e-09,8.6058122275516e-09,8.02216124960331e-09,5.28033291244954e-09,1.04658596085964e-08,2.91295215706164e-08,9.58943987810013e-09,2.19765531344451e-08,2.01344633368093e-08,8.21835329491877e-09,2.35286583177367e-08,9.37816885534012e-09,1.77063208306997e-08,1.73195595855431e-08,1.28589950733478e-08,1.95401119871508e-08,7.6340838998615e-09,4.38794325599867e-09,1.39745786928977e-08,7.18815319231276e-09,1.32717492507784e-08,5.9518429347796e-09,3.49629513636799e-09,4.78057676842653e-09,5.58763633514977e-09,3.564353467044e-09,5.42125540513139e-09,2.97837536016037e-09,4.16514214149696e-09,2.0654364187596e-09,2.98028751765477e-09,4.35230315653057e-09,3.36413184037167e-09,3.6471460190523e-09,1.82517146253492e-09,1.29489900537115e-09,3.78519207216283e-09,1.83612932998652e-09,4.04128161770378e-09,2.00286205387421e-09,1.91344202106897e-09,4.36786991617217e-09,2.1510719065963e-09,3.89529496123733e-09,3.81432696482816e-09,2.37004317438141e-09,5.21840885757974e-09,1.42732637106121e-08,4.59306004064445e-09,1.09151460578212e-08,9.74056698204826e-09,4.42387056035473e-09,1.16821531907818e-08,5.08502698346955e-09,8.94715496807879e-09,9.10390517395797e-09,6.80037140571584e-09,9.59422935574865e-09,4.24725174412635e-09,2.16311382296109e-09,7.23786976525818e-09,4.08724951386677e-09,7.35475939502565e-09,3.23741325750506e-09,1.76761780375488e-09,1.97479526103112e-09,3.19821762804902e-09,1.72699534884822e-09,3.01373323226981e-09,1.49037731604815e-09,1.64083522235602e-09,9.28660826759616e-10,1.45561325335839e-09,1.58458413391503e-09,1.73534345590464e-09,1.39392701488248e-09,8.85361223854297e-10,8.71953115954369e-10,1.50126599404863e-09,1.0978054213984e-09,1.87576135399748e-09
7.916226569657e-09,1.43592546713055e-08,1.49658428876153e-08,1.16535605131721e-08,2.37480491201188e-08,1.93873076105956e-08,1.68661427301159e-08,1.7113873725761e-08,9.58943987810013e-09,2.75990362136016e-08,1.4244010733499e-08,2.34615270463081e-08,1.40638322634015e-08,7.56936995263129e-09,4.11221403979318e-09,1.16772363441793e-08,7.00355629700778e-09,1.07242646564872e-08,6.1280440746388e-09,3.40687417444541e-09,3.64974611622647e-09,5.61740238771918e-09,3.50855557812128e-09,5.43938745467535e-09,2.82835390656438e-09,3.26736927512073e-09,2.32055557725172e-09,2.91632789455786e-09,3.71057535457314e-09,3.2587869910802e-09,2.81468143386782e-09,1.98649596551812e-09,1.7763442942901e-09,3.20107773139522e-09,2.34416624007924e-09,3.58781246429784e-09,1.77805835459527e-09,1.57181630391145e-09,1.28378237711889e-09,2.02258324816049e-09,1.58261618940496e-09,2.0723259357969e-09,3.1985617184072e-09,7.16849708158765e-09,8.04487943128846e-09,5.49965100931563e-09,1.21811016044656e-08,9.61477838919608e-09,8.44300850946953e-09,9.41951281634276e-09,5.38669551145346e-09,1.4133957541666e-08,8.15094615819675e-09,1.2498762308856e-08,8.14586288488491e-09,4.37395723358982e-09,2.2041387572278e-09,6.95893016178529e-09,3.91233868971561e-09,6.17663647181767e-09,3.42838974748871e-09,1.78489421727205e-09,1.5640936258686e-09,2.97939148381992e-09,1.80289607889329e-09,3.32570889209962e-09,1.49361111296172e-09,1.41545355914443e-09,9.39731977812949e-10,1.55177916356148e-09,1.36981262469145e-09,1.32597173522227e-09,1.21396165540706e-09,8.32985718510055e-10,7.82459645285062e-10,1.16972381511108e-09,1.15155132069612e-09,1.58777907305956e-09,7.29293973365311e-10,6.91607502626985e-10,7.12486923558696e-10,9.28312559895615e-10,8.02511014680106e-10,1.18819212206103e-09
5.24681512934898e-09,7.6856621607794e-09,1.60598800542438e-08,7.83388122643076e-09,1.25198035683571e-08,1.18862459474552e-08,8.874628413816e-09,1.83501409507181e-08,2.19765531344451e-08,1.4244010733499e-08,3.27792678142572e-08,2.65149239205776e-08,1.5048995420293e-08,1.77057383153001e-08,8.44664332697732e-09,2.68775663958231e-08,1.27640274616936e-08,2.05784460380188e-08,1.46259253331895e-08,6.87567946377915e-09,4.29967405309901e-09,1.01920611237208e-08,6.52540434553878e-09,9.53637039224503e-09,5.29220369004475e-09,3.40886467400252e-09,4.89314054264664e-09,5.0247689111997e-09,3.5398323958246e-09,4.92590872057998e-09,2.92187377593355e-09,4.24708769596052e-09,2.17127165775958e-09,3.02685303424892e-09,4.41418143459158e-09,3.44592899473301e-09,3.69950289201793e-09,1.88818436469204e-09,1.36136199702672e-09,3.78291556731828e-09,1.75378569198976e-09,3.96169387029e-09,2.071119951569e-09,3.4691724220724e-09,8.14744743258926e-09,3.69705674375399e-09,5.96004108733915e-09,5.95836601552866e-09,4.10801506520335e-09,9.77940280570419e-09,1.11713505544122e-08,7.15903215376227e-09,1.63635957727623e-08,1.28591919003856e-08,8.23472122811648e-09,9.19479756599862e-09,4.56938031633073e-09,1.36564718912138e-08,6.9156188301205e-09,1.1230279712606e-08,7.5287885464089e-09,3.86163678157668e-09,2.15734073034525e-09,5.47297210544993e-09,3.72920327364743e-09,5.81573854824417e-09,2.87612460138995e-09,1.76785265180809e-09,2.06918975682102e-09,2.92087220078213e-09,1.79208193371015e-09,2.74032202121562e-09,1.51378894809459e-09,1.70811942563459e-09,1.02124668196934e-09,1.56308040326781e-09,1.55473868496083e-09,1.85725793161498e-09,1.48455586750407e-09,9.39499243513644e-10,7.72426477153729e-10,1.50598938142616e-09,9.87661322345492e-10,1.81387714272451e-09
8.12390064236048e-09,1.37572049334887e-08,1.25335577159893e-08,1.15159189838568e-08,2.01764566144495e-08,1.66799154865288e-08,1.61935498316079e-08,1.42034740990294e-08,2.01344633368093e-08,2.34615270463081e-08,2.65149239205776e-08,3.82616400545599e-08,1.16270768673674e-08,1.61952620751952e-08,7.95589450214850e-09,2.1705753783338e-08,1.16288248997094e-08,1.62808405641953e-08,1.33520962849716e-08,6.36268836801694e-09,4.21527962346412e-09,9.21335973578498e-09,6.06227823003742e-09,8.556956420998e-09,4.84669326783214e-09,3.37323908899219e-09,5.07556427632417e-09,4.64861227831004e-09,3.72502023956715e-09,4.84049634226592e-09,2.85862561809748e-09,4.42249631312876e-09,2.35797696691129e-09,3.14936037976834e-09,4.77130314906363e-09,3.62240884434102e-09,3.8761806372761e-09,2.04753872304405e-09,1.57991018709291e-09,4.08825667524295e-09,1.98335202574844e-09,4.28704276417863e-09,3.54121996811991e-09,6.78974501059162e-09,6.67329668501508e-09,5.40419711656726e-09,1.03571225917388e-08,8.23830920985356e-09,8.2584781692515e-09,7.79900875883236e-09,1.02212539884422e-08,1.2378453157613e-08,1.36856787917918e-08,1.94706834741715e-08,6.68273364286112e-09,8.38839952125904e-09,4.46380592263376e-09,1.15793733702778e-08,6.64361053804442e-09,9.16460097748753e-09,6.72003081533983e-09,3.65217146694157e-09,1.93491936857196e-09,5.01175875479685e-09,3.53419819772997e-09,5.29556348255587e-09,2.65395954832857e-09,1.59296111150189e-09,2.09110989327333e-09,2.72415519521821e-09,1.58700183696371e-09,2.56377904269345e-09,1.31936231124453e-09,1.71668236550074e-09,1.12919463596512e-09,1.32259412458875e-09,1.85622945683367e-09,1.83690805928481e-09,1.51284665015886e-09,1.02507380924309e-09,1.03551362359137e-09,1.73254704347798e-09,1.0836926453191e-09,2.1694274440932e-09
3.92600304751826e-09,6.57503309328816e-09,1.54715026119483e-08,6.41974504771571e-09,1.21958106904371e-08,1.12700274811056e-08,7.62132570019927e-09,1.8077700608461e-08,8.21835329491877e-09,1.40638322634015e-08,1.5048995420293e-08,1.16270768673674e-08,2.04525291676063e-08,9.22427751784934e-09,4.62665862531927e-09,1.69551937699524e-08,8.41522418799995e-09,1.56136699944449e-08,7.45707170293767e-09,3.83170670149372e-09,3.78682097145715e-09,6.75307492254852e-09,3.91620957545542e-09,6.47041415122089e-09,3.09311450810271e-09,3.3097939944741e-09,2.17482834578911e-09,3.13695037135245e-09,3.76542292552907e-09,3.4206859289699e-09,2.89787141263094e-09,1.86492981979055e-09,1.72526257447564e-09,3.27849463166826e-09,2.22824034990697e-09,3.65316563853242e-09,1.66822157081196e-09,1.47718106961507e-09,1.27622683603545e-09,1.92682791260996e-09,1.55044280502956e-09,2.02651548243521e-09,1.46852928395608e-09,3.05840596933485e-09,8.24255846491673e-09,3.07087180686705e-09,6.15303514439023e-09,5.97627758133348e-09,3.32205311014557e-09,9.98523712543325e-09,4.72214426590845e-09,7.20644153140642e-09,8.31626708152292e-09,6.12132324364071e-09,1.1757295922821e-08,5.4483268174729e-09,2.35829814747678e-09,9.41947242705658e-09,4.79763453358023e-09,8.90870067578903e-09,4.46285040554011e-09,1.94661740236934e-09,1.74604688183002e-09,3.85964005503884e-09,2.02972133096056e-09,4.12148355122844e-09,1.52334720364885e-09,1.49356554902991e-09,1.01132553105637e-09,1.6641807043071e-09,1.6615955043737e-09,1.58826193930227e-09,1.31598137271834e-09,8.31344013800538e-10,8.1186952049355e-10,1.50119099341028e-09,9.16467340759519e-10,1.63189201144221e-09,7.32460400024669e-10,7.78818704884769e-10,7.05879836779933e-10,8.15795641665897e-10,8.29284493524715e-10,9.82309896047532e-10
4.90078026599309e-09,3.79353215426565e-09,7.22016202449858e-09,4.17082432783245e-09,6.76702784063019e-09,6.48427896396353e-09,4.30854476672952e-09,8.21668817467057e-09,2.35286583177367e-08,7.56936995263129e-09,1.77057383153001e-08,1.61952620751952e-08,9.22427751784934e-09,2.60234114658064e-08,1.04366707112564e-08,1.95864042733339e-08,1.92394281720263e-08,1.43215823182124e-08,2.15309835941285e-08,8.44954328855564e-09,4.81498129853662e-09,1.54725397581803e-08,7.91722748168157e-09,1.46087557753351e-08,6.54266712952084e-09,3.82901270531159e-09,5.22916375215194e-09,6.11024004725333e-09,3.93319433873684e-09,6.02265713897962e-09,3.26559611262272e-09,4.55024624765137e-09,2.31217777379288e-09,3.31481353150339e-09,4.77122656640166e-09,3.71833927088309e-09,3.9800955846047e-09,2.04461187313847e-09,1.47244020057932e-09,4.15490640123979e-09,2.08821630761262e-09,4.45269184814333e-09,1.86050471356014e-09,1.44876256494748e-09,3.77921911392116e-09,1.79086356115638e-09,3.33347815614842e-09,3.33102233501925e-09,1.79899972024307e-09,4.41999418897229e-09,1.16806300977413e-08,3.82485760727481e-09,8.94607806098714e-09,7.76100664329458e-09,5.19301783473604e-09,1.31436369724247e-08,5.57892710881791e-09,9.98594857884112e-09,1.07116306977138e-08,7.87816090154693e-09,1.06663620503167e-08,4.57486345339992e-09,2.32031970966186e-09,8.39984398912738e-09,4.36957954821179e-09,8.32847618916967e-09,3.40265941580288e-09,1.88295424186178e-09,2.09377096916702e-09,3.33457263904523e-09,1.83079713159723e-09,3.14073461940234e-09,1.5877938778071e-09,1.73150149297763e-09,1.12873201014899e-09,1.55848171396995e-09,1.73251162787816e-09,1.91535211591121e-09,1.47840697477312e-09,1.0835654870341e-09,9.51800181741412e-10,1.6468666615094e-09,1.26805662882801e-09,2.04627678523024e-09
2.40542000884448e-09,3.04890140598194e-09,3.49212572717795e-09,3.7448024454614e-09,3.50623721224141e-09,3.89358227136597e-09,3.81387737296183e-09,4.06123098963809e-09,9.37816885534012e-09,4.11221403979318e-09,8.44664332697732e-09,7.95589450214850e-09,4.62665862531927e-09,1.04366707112564e-08,2.23917594666269e-08,9.46442280949367e-09,1.77711762953299e-08,1.66167724399041e-08,8.45174905216223e-09,1.79471685602402e-08,7.53365923842117e-09,1.40482776077714e-08,1.3707927008497e-08,1.05345254403411e-08,1.44530625802226e-08,5.83168024454997e-09,3.81892082834988e-09,1.08013666323645e-08,5.58009788519137e-09,1.02618256672387e-08,4.9635220360645e-09,3.10849269801255e-09,3.76965254112376e-09,4.65119206760496e-09,3.39855841466938e-09,4.88401536141932e-09,2.72556634869863e-09,3.28855762308743e-09,1.7640546715764e-09,2.86847477524504e-09,3.4360892503493e-09,3.06598639153077e-09,1.03886144640507e-09,9.12332242492914e-10,1.63107559353185e-09,1.37694007771107e-09,1.60309904063097e-09,2.00588245248108e-09,1.30980631547835e-09,1.8827246160236e-09,4.96369832427586e-09,2.00497095452537e-09,4.34543311756137e-09,4.38690547959574e-09,2.36716680844683e-09,5.67096877829016e-09,1.06300361370984e-08,4.94351554537411e-09,9.06245422831567e-09,8.3398188254154e-09,4.4053647800033e-09,8.78212605763583e-09,4.07106907051143e-09,7.28460787565041e-09,7.0339638676642e-09,6.06110529117311e-09,6.82267720650066e-09,3.29789843544884e-09,2.06368429994038e-09,5.56204804477029e-09,3.11129269074392e-09,5.13761787687984e-09,2.83246993435913e-09,1.71437610586626e-09,1.61161152706918e-09,2.59697808712088e-09,1.85657760547434e-09,2.83295221573557e-09,1.4583532810145e-09,1.51071232247613e-09,1.04448405726822e-09,1.54319173394268e-09,1.65748680243198e-09,1.79757312026628e-09
4.41394271159571e-09,6.51190265215641e-09,1.30129751498335e-08,6.64496228479165e-09,1.01773147715439e-08,9.75947612612016e-09,7.53243558816934e-09,1.50475999159945e-08,1.77063208306997e-08,1.16772363441793e-08,2.68775663958231e-08,2.1705753783338e-08,1.69551937699524e-08,1.95864042733339e-08,9.46442280949367e-09,3.00822711957806e-08,1.42425852517117e-08,2.32262972527824e-08,1.61658166387558e-08,7.63859445626599e-09,4.77439266299784e-09,1.13777894605102e-08,7.23050251081928e-09,1.05805197295349e-08,5.84014631875067e-09,3.79475118417123e-09,5.3608808274467e-09,5.53429551989477e-09,3.92778250399466e-09,5.44240388642599e-09,3.26852112540871e-09,4.64810940460363e-09,2.45717433826417e-09,3.37490069040907e-09,4.90122602738681e-09,3.85289115865919e-09,4.03826139390698e-09,2.12610052454242e-09,1.61351193835041e-09,4.18891427024056e-09,2.06468113771138e-09,4.41759176216467e-09,1.84714519539958e-09,2.87104184649004e-09,6.89562375168059e-09,3.1295581173618e-09,5.14769622652111e-09,5.19678377486333e-09,3.3570352083532e-09,8.23073149307708e-09,9.19348633672905e-09,6.03049558953536e-09,1.3655679249238e-08,1.04233100644107e-08,9.55343807481577e-09,1.04817202767601e-08,5.04967709237622e-09,1.52766111399106e-08,8.26188373163219e-09,1.29854586315368e-08,8.58116895970275e-09,4.21598856307534e-09,2.29224358069828e-09,6.56695556493849e-09,4.04203885285141e-09,6.74742597941024e-09,3.07606698717283e-09,1.84495777317533e-09,2.25676861418272e-09,3.10398669759529e-09,1.88999275454139e-09,2.92677120533069e-09,1.58351793857014e-09,1.8537613982463e-09,1.21909818551735e-09,1.6569455887691e-09,1.72084757101731e-09,2.03132834466043e-09,1.58636248885572e-09,1.14519675239532e-09,9.51559461437892e-10,1.65888786197031e-09,1.22100662013961e-09,2.00073401475955e-09
4.87241963248017e-09,3.70095174233273e-09,6.56576619905437e-09,4.07064125949661e-09,6.18379880172284e-09,6.11899155759809e-09,4.23913771122579e-09,7.47337975366512e-09,1.73195595855431e-08,7.00355629700778e-09,1.27640274616936e-08,1.16288248997094e-08,8.41522418799995e-09,1.92394281720263e-08,1.77711762953299e-08,1.42425852517117e-08,2.89442687114538e-08,2.26129834183113e-08,1.54747025480388e-08,1.40475512139079e-08,6.94108515581292e-09,2.29604680383884e-08,1.06377421451115e-08,1.81420581669375e-08,1.11259736803758e-08,5.3331366773747e-09,3.78019394870986e-09,8.16733090934964e-09,5.19775151125846e-09,7.80210052442282e-09,4.48349917556409e-09,3.1972632230095e-09,4.01340663852397e-09,4.30461453047409e-09,3.41431095273278e-09,4.56699102896094e-09,2.85788587332879e-09,3.55555896438266e-09,1.80587591180191e-09,3.02592471755958e-09,3.73915728037134e-09,3.17595820767317e-09,1.92278825664214e-09,1.50333566541185e-09,3.47532872832679e-09,1.75326212443912e-09,3.07654128207233e-09,3.1160368519565e-09,1.92624903005634e-09,4.09993117329969e-09,9.25993100428997e-09,3.64112426257226e-09,6.83125823408668e-09,5.91964385254983e-09,5.02333257696628e-09,1.04314846967453e-08,8.89585406080434e-09,7.68833471306367e-09,1.55531809313581e-08,1.19569388424067e-08,8.07084164640361e-09,7.18847434730881e-09,3.58390769188223e-09,1.22109265943761e-08,6.00839345570134e-09,1.07164795197096e-08,5.48655820101437e-09,2.86510085581809e-09,1.68828505629883e-09,4.5292239984454e-09,2.63348228366108e-09,4.05797959045382e-09,2.41653203204955e-09,1.45129656293783e-09,1.72978461776749e-09,2.24676353061088e-09,1.59549588522394e-09,2.41752620347063e-09,1.34055657651554e-09,1.66457294322112e-09,1.03429633012691e-09,1.42848799469871e-09,1.85117643662243e-09,1.81581666124592e-09
4.4258912145138e-09,6.31140352151743e-09,1.19592445462331e-08,6.55637112080047e-09,9.2997320630841e-09,9.25244733948745e-09,7.26757023276816e-09,1.3792834223973e-08,1.28589950733478e-08,1.07242646564872e-08,2.05784460380188e-08,1.62808405641953e-08,1.56136699944449e-08,1.43215823182124e-08,1.66167724399041e-08,2.32262972527824e-08,2.26129834183113e-08,3.38785823343229e-08,1.14047716572614e-08,1.30946267048883e-08,6.85475519906055e-09,1.78160948260393e-08,9.89042747780695e-09,1.37877202206509e-08,1.03482865560512e-08,5.289395346938e-09,3.95361782734423e-09,7.58180523843924e-09,5.13401003348349e-09,7.23135553041017e-09,4.58906012330264e-09,3.38038093109792e-09,4.23198155624678e-09,4.40680959818224e-09,3.70268109376761e-09,4.77793512100806e-09,2.978946697932e-09,3.67550929892771e-09,1.94710333565002e-09,3.17639209245081e-09,3.81074018926164e-09,3.20454436944455e-09,1.87976736200165e-09,2.92813852312547e-09,6.35948053665996e-09,3.21073703819316e-09,4.73335616558521e-09,4.91616010633795e-09,3.36713014309343e-09,7.55038400252021e-09,7.10546919247004e-09,5.56411348198512e-09,1.08021783792611e-08,8.17899448721088e-09,9.08340786407947e-09,8.16832871470174e-09,8.22195124265221e-09,1.23751725521642e-08,1.25568497213318e-08,1.80679795075505e-08,6.41481221341962e-09,6.64957084728822e-09,3.57832913086354e-09,9.99637506247198e-09,5.59456902710152e-09,9.07274310536690e-09,4.98565395393891e-09,2.83067416973071e-09,1.92749822262846e-09,4.2392468556393e-09,2.73637630503992e-09,3.80449949058221e-09,2.46587929568693e-09,1.68684955338462e-09,1.795389641587e-09,2.44331406840978e-09,1.72512876556233e-09,2.6156262511685e-09,1.50520102478803e-09,1.69341872974547e-09,9.81066675408238e-10,1.49943438592668e-09,1.67930488033826e-09,1.74188398729661e-09
4.21589002470846e-09,3.06832668650140e-09,5.86947916433609e-09,3.48916233240282e-09,5.51752834314801e-09,5.33001582395819e-09,3.48695633629728e-09,6.6309231955304e-09,1.95401119871508e-08,6.1280440746388e-09,1.46259253331895e-08,1.33520962849716e-08,7.45707170293767e-09,2.15309835941285e-08,8.45174905216223e-09,1.61658166387558e-08,1.54747025480388e-08,1.14047716572614e-08,2.48741688994337e-08,9.62822678635681e-09,5.39915157461296e-09,1.80083329662333e-08,8.91798600989323e-09,1.68555965870848e-08,7.5463656959501e-09,4.30934972607216e-09,5.86149195008897e-09,6.92480064545734e-09,4.45897198352338e-09,6.89227913030724e-09,3.60342224259394e-09,5.05667380829721e-09,2.67244292737265e-09,3.65990573324089e-09,5.42471478491834e-09,4.0986226285102e-09,4.33223395084273e-09,2.29559035542492e-09,1.68404807444174e-09,4.60394299564423e-09,2.3629920889341e-09,4.86697069119748e-09,1.74803090901843e-09,1.19829479389964e-09,3.03986609208547e-09,1.59975551620539e-09,2.68941635145749e-09,2.72072146547409e-09,1.46372248366088e-09,3.45973873573194e-09,9.58912525554908e-09,2.95407271434435e-09,7.28490087481605e-09,6.22519323681056e-09,4.12497975103195e-09,1.06649827193936e-08,4.57365556374043e-09,8.13373008643723e-09,8.39851444084599e-09,6.36841133859768e-09,1.25365649057746e-08,5.46656891127389e-09,2.53908173854183e-09,1.00193493605064e-08,5.0590833900065e-09,9.75232811474066e-09,4.14173060558852e-09,2.04754263714229e-09,2.46082362705586e-09,3.87980387062482e-09,2.06549578429311e-09,3.67639636615003e-09,1.72009712301843e-09,1.95731942196653e-09,1.26933751013229e-09,1.67292347150401e-09,1.97962320823648e-09,1.97508038377760e-09,1.66687642304047e-09,1.23151683213337e-09,1.12785387433669e-09,1.85605273686661e-09,1.4549174218621e-09,2.25762561711207e-09
2.15066875778327e-09,2.70185621851001e-09,2.96710286749e-09,3.38739105994003e-09,2.93488617612523e-09,3.25893939334448e-09,3.36969524848794e-09,3.41510732157071e-09,7.6340838998615e-09,3.40687417444541e-09,6.87567946377915e-09,6.36268836801694e-09,3.83170670149372e-09,8.44954328855564e-09,1.79471685602402e-08,7.63859445626599e-09,1.40475512139079e-08,1.30946267048883e-08,9.62822678635681e-09,2.05211546615792e-08,8.45822896260916e-09,1.59228075700349e-08,1.57314164066435e-08,1.18931432960007e-08,1.66572816665218e-08,6.58745447770833e-09,4.2504019957364e-09,1.24654014195657e-08,6.24303775122554e-09,1.18081253554673e-08,5.56988130153725e-09,3.44112771924689e-09,4.25301215295821e-09,5.15052403098475e-09,3.82507697424294e-09,5.46076982350239e-09,2.9794841113579e-09,3.64718329832915e-09,1.97658101618685e-09,3.15780040826628e-09,3.82947494947373e-09,3.37107444773636e-09,9.69765185260339e-10,9.00812931418662e-10,1.32352373343014e-09,1.36174752366367e-09,1.31124238663501e-09,1.72202791945391e-09,1.20240559523359e-09,1.53751829484518e-09,3.90039617099701e-09,1.60933233629081e-09,3.5540429451457e-09,3.4425732353366e-09,1.9507000935825e-09,4.40248465906111e-09,8.7795996504799e-09,4.02178068504216e-09,7.2813515266761e-09,6.88012246153474e-09,4.91177076232329e-09,1.05153513303034e-08,4.61204493965158e-09,8.30673291763675e-09,8.31874495059957e-09,6.84098804688353e-09,8.35250875729967e-09,3.74699870344719e-09,2.22756199683632e-09,6.66060950547107e-09,3.48937865930785e-09,6.02505239103764e-09,3.19652651938856e-09,1.81441616389056e-09,1.86909494215881e-09,2.87576838833319e-09,1.97966984856854e-09,3.07556768241849e-09,1.53812144418189e-09,1.74101651331612e-09,1.18412882430129e-09,1.6561420786842e-09,1.80674450017412e-09,1.91861325460292e-09
1.83481307458426e-09,1.62650365719498e-09,2.93836307853064e-09,2.07070607902472e-09,3.17486648553885e-09,3.69354582621558e-09,1.93917125621522e-09,3.33856319947811e-09,4.38794325599867e-09,3.64974611622647e-09,4.29967405309901e-09,4.21527962346412e-09,3.78682097145715e-09,4.81498129853662e-09,7.53365923842117e-09,4.77439266299784e-09,6.94108515581292e-09,6.85475519906055e-09,5.39915157461296e-09,8.45822896260916e-09,2.17515849758991e-08,7.71302748656285e-09,1.59580832897601e-08,1.45826457194044e-08,6.58912960187947e-09,1.74729865942428e-08,7.49979993818054e-09,1.25965565913128e-08,1.35667010153235e-08,9.61169858705971e-09,1.45881219467197e-08,6.18579732478608e-09,4.07721342789144e-09,1.12315740485331e-08,5.99937049900739e-09,1.10820902308238e-08,5.19291602564542e-09,3.25327533229318e-09,3.44772491333156e-09,4.89639540302637e-09,3.51999180242824e-09,5.03879711535385e-09,7.13403309169536e-10,5.08672848538397e-10,1.2754390362311e-09,7.49861215539454e-10,1.16818635237045e-09,1.37737608365896e-09,7.00693663375352e-10,1.45864226095985e-09,1.93643763086333e-09,1.37414932216107e-09,2.2475605786088e-09,1.93882154887929e-09,1.68104602320252e-09,2.26944383881591e-09,3.75321739335239e-09,2.51019682698344e-09,3.32614700670587e-09,3.55336402386715e-09,2.52120471365782e-09,4.23637361485704e-09,1.04843220225513e-08,3.70955176539135e-09,7.41707314613403e-09,7.63875647465267e-09,3.17004604569021e-09,8.61365218684798e-09,4.07492830676568e-09,5.97421714687976e-09,7.1174731772849e-09,4.96256855795458e-09,7.28019159630666e-09,3.38700090375043e-09,2.14631915977418e-09,5.88775528361176e-09,3.48624457236136e-09,6.09038135891936e-09,2.77935029835124e-09,1.87105275157001e-09,1.63949693006245e-09,2.77681572683548e-09,1.90114682174021e-09,2.93126978684377e-09
4.18103736867168e-09,2.98985644901556e-09,5.30617911386384e-09,3.48032648905178e-09,4.98096586630054e-09,5.04173435746696e-09,3.43115890629404e-09,5.97635501685729e-09,1.39745786928977e-08,5.61740238771918e-09,1.01920611237208e-08,9.21335973578498e-09,6.75307492254852e-09,1.54725397581803e-08,1.40482776077714e-08,1.13777894605102e-08,2.29604680383884e-08,1.78160948260393e-08,1.80083329662333e-08,1.59228075700349e-08,7.71302748656285e-09,2.66497355895224e-08,1.19574791238154e-08,2.1006099306542e-08,1.26825777948244e-08,5.92000852132095e-09,4.16786364287474e-09,9.20595968385626e-09,5.75017348061884e-09,8.79793749769975e-09,4.95358744737088e-09,3.49839133203948e-09,4.48628718745832e-09,4.70671230204386e-09,3.85880570177e-09,5.03007011357852e-09,3.08180404123834e-09,3.93614264561375e-09,2.020568665584e-09,3.35215871403874e-09,4.11336632664597e-09,3.51091415788346e-09,1.68438553338876e-09,1.3221566315626e-09,2.81006734059153e-09,1.57453166991688e-09,2.48072080493021e-09,2.52993621693812e-09,1.63499218022493e-09,3.22479680346949e-09,7.26429773223296e-09,2.81425325399053e-09,5.33769613234621e-09,4.5324547821695e-09,4.04333459343133e-09,8.06756340123582e-09,7.18559938310417e-09,6.03943310873986e-09,1.22072958452658e-08,9.5373276899976e-09,9.48041617542169e-09,8.3733955649131e-09,3.92330524362981e-09,1.43161002664375e-08,6.74359869657875e-09,1.23352921476062e-08,6.52222810758822e-09,3.12651157288968e-09,1.85999555508041e-09,5.14039266357997e-09,2.91852142920001e-09,4.55532074271828e-09,2.65999337988617e-09,1.53174980705047e-09,2.04270549419386e-09,2.42808805577086e-09,1.74636957703671e-09,2.64317573853952e-09,1.40958666881026e-09,1.96017986704872e-09,1.17496398642559e-09,1.57749263712596e-09,2.03856067621958e-09,1.95308926731804e-09
