4.14595514687405e-08,2.37856153634719e-08,1.04689206169735e-08,3.5781732225398e-08,2.27568001044198e-08,3.33723425346251e-08,2.03394916732076e-08,8.831119376623e-09,7.14859426137557e-09,1.93148706810514e-08,9.18003028332547e-09,1.88586167454605e-08,6.89757997150447e-09,6.18645589852634e-09,5.11180071598034e-09,7.1120256892645e-09,7.51654422032034e-09,8.00633356285436e-09,5.14463337319867e-09,4.27392996478538e-09,3.03151585107033e-09,6.31368470530315e-09,4.18086559302879e-09,5.9608740315991e-09,3.75855101769763e-09,2.62993601399213e-09,2.44724103421721e-09,3.63931264349885e-09,3.1041002963859e-09,4.06459562780852e-09,2.37150634203642e-09,2.23379414608952e-09,2.30255597571215e-09,2.85702331737238e-09,2.51864559973054e-09,3.11948805715244e-09,2.03748940401235e-09,1.87221782602228e-09,1.9754398325363e-09,2.27760249836999e-09,2.4961747943792e-09,2.74375717216288e-09,1.76846437617954e-09,1.93609211239503e-09,1.53821083574177e-09,2.32360257926894e-09,1.86071601932281e-09,2.23936295374353e-09,2.72250247174041e-08,1.62649315480339e-08,6.6193865457582e-09,2.42048299806982e-08,1.5820029572661e-08,2.3334471906598e-08,1.38830571920401e-08,5.5710471099564e-09,4.07990310881245e-09,1.32590259041922e-08,5.45499255676898e-09,1.10823062296656e-08,4.57423850017948e-09,3.64696847549789e-09,2.64764904646386e-09,4.47847096869802e-09,4.7724236726314e-09,4.42789615243653e-09,2.95424040461205e-09,2.19675834619858e-09,2.4421844084492e-09,4.10565437578443e-09,2.05748156140817e-09,3.62784399985573e-09,2.1751755073526e-09,2.21052723528606e-09,1.61520843436669e-09,2.09434326059806e-09,2.1973375864436e-09,2.00307585356095e-09,1.91375947461787e-09,1.5206539663357e-09,1.91903394173302e-09,1.942891220273e-09,2.01995653784504e-09,2.38972366846152e-09,1.28747273420487e-09,1.54860939594645e-09,1.44042684753156e-09,1.76486511687912e-09,1.49495048678216e-09,1.73222048974146e-09,1.51977919009337e-09,1.45601735044946e-09,9.92026977861988e-10,1.49539655323906e-09,1.3467829494352e-09,1.63123824348596e-09
2.37856153634719e-08,7.98246000212498e-08,2.56484788092698e-08,4.6071007535126e-08,6.76142127075889e-08,3.72316932370141e-08,6.77041992472281e-08,2.13897592907341e-08,1.14830778345881e-08,5.75153140714742e-08,2.02966322258784e-08,5.46334576453827e-08,1.6907806748826e-08,9.63587917885018e-09,1.10797771279346e-08,1.57729484966172e-08,1.11424733244066e-08,1.68780385838467e-08,7.74909493873809e-09,9.2998266021423e-09,6.09288520434902e-09,8.88603140433398e-09,9.97938954916575e-09,8.79716330761771e-09,7.79507773437086e-09,5.05478785964913e-09,4.05427958355974e-09,8.47771222997092e-09,5.96643127106418e-09,9.26908181867848e-09,4.81031532405046e-09,3.8363594100714e-09,3.66735509461303e-09,5.60275568732199e-09,3.76434579249036e-09,5.45141648640442e-09,3.57967672204188e-09,3.22860537533192e-09,3.04317515307524e-09,3.5101118641428e-09,4.22593878686622e-09,4.44138076996926e-09,3.00580494970786e-09,3.06084777802796e-09,2.90487708301506e-09,3.99505334828009e-09,3.69468105814535e-09,4.48805506083238e-09,1.82648197213055e-08,5.14915827896987e-08,1.76345764728076e-08,3.74218613671907e-08,4.16232627208706e-08,2.94048558114857e-08,4.3003158042886e-08,1.45784331694891e-08,4.30256205078463e-09,3.51439074751765e-08,1.16673639324826e-08,2.9113389225724e-08,1.25566024304348e-08,3.24965707081426e-09,6.73237819255621e-09,8.98825275083882e-09,4.55160265277728e-09,8.98026476140352e-09,2.48270693096166e-09,5.70275604466269e-09,4.48349345937948e-09,3.63028794345452e-09,6.62867005932543e-09,4.27260817293171e-09,4.58299430323693e-09,3.69884431083601e-09,1.88919267963228e-09,5.08557787848774e-09,3.37085957615961e-09,4.11842278977857e-09,3.5387282499313e-09,1.89924814774501e-09,2.00476276614742e-09,3.14759030834631e-09,1.98007889502659e-09,3.40139509544629e-09,1.6348633982004e-09,1.90196168379544e-09,2.20306171615885e-09,1.71141757156933e-09,2.84650686568566e-09,2.75495934936761e-09,1.78714932054786e-09,2.25080453513269e-09,2.08286437799181e-09,2.63299539111743e-09,2.82392254054602e-09,3.22276189615367e-09
1.04689206169735e-08,2.56484788092698e-08,4.93237203631968e-08,2.02982296535683e-08,4.34619432582427e-08,3.61574096178137e-08,2.13991892895336e-08,4.05049092561599e-08,1.70321982898556e-08,3.50258662794991e-08,3.27178460645575e-08,2.84267214545993e-08,3.29828117448771e-08,1.3879337180976e-08,8.84416761663065e-09,2.59104883247827e-08,1.41610358802918e-08,2.47855969344301e-08,1.11791448682758e-08,7.36481998983038e-09,6.81217160673373e-09,1.13443937202024e-08,7.69771811182107e-09,1.14046696413497e-08,6.1864027572992e-09,5.65775208235259e-09,3.62937219063812e-09,6.36819255380958e-09,6.42379067450472e-09,6.70324251900937e-09,5.35905696794127e-09,3.34518562261701e-09,3.3645698256623e-09,5.97776442621537e-09,3.90965041632565e-09,6.52400362004364e-09,2.92624490070643e-09,2.51455385006467e-09,2.24366229258256e-09,3.28943919457203e-09,2.87224940455715e-09,3.57398410518028e-09,2.43366144487149e-09,2.13394751547844e-09,2.10470882644538e-09,2.7094504179397e-09,2.49213600024691e-09,3.06487772954762e-09,7.02348080974938e-09,1.70364150229112e-08,3.20313993497395e-08,1.57299048457855e-08,2.76382503082096e-08,2.42089302147109e-08,1.46807946396488e-08,2.68685671574688e-08,7.58233807235196e-09,2.35170742433168e-08,1.9482536989881e-08,1.70866137637878e-08,2.24652053238417e-08,6.00290028400021e-09,5.21068125901846e-09,1.56958078042302e-08,6.72380655435278e-09,1.5317663595329e-08,4.97951338749852e-09,4.86120478016206e-09,4.54374652517663e-09,5.65691500188691e-09,5.02775639093679e-09,5.2738319300496e-09,4.0074966644032e-09,3.75517801959092e-09,1.96706452221707e-09,4.26504661063335e-09,3.80961544417601e-09,3.41315250417056e-09,3.4971501695306e-09,1.86512001846321e-09,2.3216980661425e-09,3.58006236832373e-09,2.07181376372205e-09,4.07141480063048e-09,1.69726850345993e-09,1.68178632939763e-09,1.52449014532443e-09,1.77278069247296e-09,2.0706175084482e-09,2.32052952211164e-09,1.66926906840781e-09,1.40421280242737e-09,2.06856273608889e-09,1.7116381794058e-09,1.88586500819436e-09,2.44811555249833e-09
3.5781732225398e-08,4.6071007535126e-08,2.02982296535683e-08,6.16915362122471e-08,3.61977020631077e-08,4.91615487877494e-08,3.86362745483787e-08,1.69863391319995e-08,1.01129094343021e-08,3.04466535436654e-08,1.63857110754029e-08,2.86015703557191e-08,1.40601867422347e-08,8.68492132840497e-09,1.0240352420614e-08,1.33732242166635e-08,1.0428760477945e-08,1.42719576592056e-08,6.86920386417213e-09,8.71389655068873e-09,5.00705727136718e-09,8.27005165398894e-09,8.8991662307646e-09,7.79346367915245e-09,7.70908478513313e-09,4.18462315390666e-09,3.41211975272232e-09,7.75941045161837e-09,5.08963000390949e-09,8.51206176689863e-09,3.89258353231545e-09,3.17855384498985e-09,2.91809930369479e-09,4.69557511333379e-09,3.16258175779413e-09,4.51436103881361e-09,2.97128159681475e-09,2.51706519432699e-09,2.25113513410834e-09,2.97188564145524e-09,3.13980909783732e-09,3.45956875875821e-09,2.42545145450174e-09,2.28413960656779e-09,2.1918633391511e-09,3.01965356048593e-09,2.51889669064511e-09,3.16901382321232e-09,2.61388315462732e-08,3.35115107831171e-08,1.4460138791213e-08,4.33465292934805e-08,2.63678495353529e-08,3.63059450666901e-08,2.75131706793881e-08,1.19811817833795e-08,5.6319956417767e-09,2.20182684867321e-08,1.00019862095625e-08,1.81599899352961e-08,1.04815320600917e-08,4.49247455773966e-09,5.81085445657988e-09,8.19525838603456e-09,5.62668533035859e-09,8.04145767762426e-09,3.86150648337115e-09,4.97060501809683e-09,4.10623813618955e-09,4.98857196486756e-09,4.99451224864666e-09,4.46681354347599e-09,4.25417958192767e-09,3.68366056819047e-09,2.0050901537713e-09,4.41013511117709e-09,3.56332316368427e-09,3.79657652247853e-09,3.35052390501224e-09,1.94030464710325e-09,2.02790083081989e-09,3.22496599459513e-09,2.01690558191535e-09,3.30800105069405e-09,1.68960373537488e-09,1.81715569558044e-09,1.74520387408965e-09,1.55003215267548e-09,2.18851306442394e-09,2.05563893246845e-09,1.82129343805963e-09,1.78392582083232e-09,1.68220107301764e-09,2.14883605646228e-09,1.99283786823969e-09,2.49369892818766e-09
2.27568001044198e-08,6.76142127075889e-08,4.34619432582427e-08,3.61977020631077e-08,9.58577899720561e-08,5.55257994057861e-08,5.75235354834465e-08,3.50194017787469e-08,1.7188739191628e-08,7.92031169868476e-08,2.88301223130139e-08,6.86284794872578e-08,2.7670596369685e-08,1.40411147305415e-08,9.88481326935331e-09,2.17933725357388e-08,1.4631734040836e-08,2.16491986534366e-08,1.1520957268592e-08,8.21674100384437e-09,8.5555142541272e-09,1.18924479633991e-08,8.80371207304111e-09,1.21838860647059e-08,6.81160958095449e-09,7.14344781540987e-09,4.96002396724948e-09,7.3060201801598e-09,8.11733406659993e-09,7.81451903579211e-09,6.70582540437599e-09,4.58132069381934e-09,4.53017301065739e-09,7.48603301693818e-09,5.00457625837116e-09,8.12680323408239e-09,4.2163290861269e-09,3.79934910454197e-09,3.50054804472079e-09,4.53407088871644e-09,4.59435258732541e-09,5.3420797013928e-09,3.65458216733094e-09,3.5375726272346e-09,3.32772132590369e-09,4.46755153792293e-09,4.13690869474062e-09,4.98415467240533e-09,1.68533324643805e-08,4.41004084193762e-08,2.8616812001863e-08,3.08955087712368e-08,5.65079905866062e-08,4.05298951882913e-08,3.78422493425461e-08,2.42525047261329e-08,5.8736105451449e-09,4.81569407701721e-08,1.70380733533076e-08,3.70587145365823e-08,2.03800051107563e-08,4.36826937266568e-09,4.96510567694599e-09,1.29182028618762e-08,5.63017344223121e-09,1.27920070562831e-08,3.40817150964962e-09,4.48535964353868e-09,5.44776703929296e-09,4.71944074771578e-09,4.88092971729405e-09,5.24721822222592e-09,3.90879972834006e-09,4.42361303631781e-09,2.51271638413804e-09,3.84851526557610e-09,4.5417629355235e-09,2.87739206945696e-09,4.17083630971475e-09,2.48577239658903e-09,2.98977810050766e-09,4.21583130941785e-09,2.50587156600101e-09,4.82855205278877e-09,2.15312394955604e-09,2.42556493544307e-09,2.46689100624885e-09,2.26387554841527e-09,3.22400794225236e-09,3.29806037006438e-09,2.30345907102654e-09,2.59683997124902e-09,2.51984437094596e-09,3.02677899158223e-09,3.00511407155431e-09,3.50200820845655e-09
3.33723425346251e-08,3.72316932370141e-08,3.61574096178137e-08,4.91615487877494e-08,5.55257994057861e-08,7.0975114327015e-08,3.13064880500079e-08,2.94327607881584e-08,1.46278177154929e-08,4.5388499595903e-08,2.31504996784674e-08,3.72177955026992e-08,2.41910164223408e-08,1.22809647571576e-08,8.84830564863212e-09,1.82641149946165e-08,1.31627626514966e-08,1.83471793144019e-08,1.01387740293939e-08,7.73270338940774e-09,7.61858550813742e-09,1.09034677864251e-08,7.71794336672247e-09,1.05999486387366e-08,6.6101071033303e-09,6.53714623812607e-09,4.12593473774462e-09,6.4957465476276e-09,7.28997830634451e-09,7.00259235435401e-09,6.16228738317743e-09,3.84203740870074e-09,3.76926206961181e-09,6.88664205041139e-09,4.3503454049856e-09,7.33283792089725e-09,3.47743178947139e-09,3.01773610914995e-09,2.55876251709508e-09,3.87619862699333e-09,3.51868332228493e-09,4.2616628876167e-09,3.05154073213597e-09,2.52010916577529e-09,2.32845982384454e-09,3.45152988509952e-09,2.72956936003994e-09,3.61541911844844e-09,2.3639152432539e-08,2.67169486366918e-08,2.35215007756412e-08,3.59560796300441e-08,3.6250373916905e-08,4.8295609334726e-08,2.2637592719967e-08,2.02689849735335e-08,6.24397295144592e-09,3.10092772633536e-08,1.3901709583757e-08,2.17604142835958e-08,1.74125383598831e-08,5.08218116727049e-09,4.43576541499365e-09,1.12051473047179e-08,6.38455354888797e-09,1.12842588206139e-08,4.49565847068164e-09,4.01475245150985e-09,5.23601671507815e-09,5.62516497679877e-09,3.32155611752497e-09,4.99501334934156e-09,3.58160818191178e-09,4.49959147935153e-09,2.56407403640109e-09,3.2734028216161e-09,4.85392241918482e-09,2.92984123484498e-09,4.13599973908504e-09,2.45376177808607e-09,2.98621956077188e-09,4.37647033042089e-09,2.31932416297097e-09,4.75975810622764e-09,2.21332327851652e-09,2.05548687428696e-09,1.7735590038297e-09,1.95126905469807e-09,2.46903704459042e-09,2.75461769348662e-09,2.06770885574247e-09,1.94253718623336e-09,1.90908573184576e-09,2.42076424341007e-09,2.12916612588959e-09,2.77541010519713e-09
2.03394916732076e-08,6.77041992472281e-08,2.13991892895336e-08,3.86362745483787e-08,5.75235354834465e-08,3.13064880500079e-08,8.57501849904612e-08,2.42735022422466e-08,1.32150997489324e-08,7.24680150180282e-08,2.37647295931089e-08,7.17473041177301e-08,1.93185838983528e-08,1.10121985682714e-08,1.236465963171e-08,1.8907877711787e-08,1.25796316010402e-08,2.00728203059932e-08,8.79079647069204e-09,1.03354645206537e-08,6.5254346236118e-09,9.92300304815462e-09,1.10492637812095e-08,9.45592030300343e-09,8.80729507916649e-09,5.44266647148839e-09,4.5417273105235e-09,9.4565514031231e-09,6.5924207736124e-09,1.04130037027122e-08,5.11024124888901e-09,4.37999587331814e-09,4.34105999140955e-09,6.14740215332533e-09,4.32037177990513e-09,5.93150809639316e-09,4.05830681509067e-09,3.82196473684402e-09,3.15336822193229e-09,3.99593312875917e-09,4.82275071587542e-09,4.99551076665298e-09,3.40246223370417e-09,2.8381010344198e-09,2.84171126908893e-09,4.31748099328089e-09,3.53210998545223e-09,4.87507280665068e-09,1.59571096461073e-08,4.30113543621885e-08,1.45790434870192e-08,3.12246771479336e-08,3.51517133254089e-08,2.48413427414668e-08,5.3074808108761e-08,1.7795916820036e-08,5.26469569401028e-09,4.28452573631913e-08,1.44487952359021e-08,3.526250702688e-08,1.51311390927832e-08,4.24730729922086e-09,7.51924689060526e-09,1.14141265409525e-08,5.47804238194134e-09,1.08011581774941e-08,3.10575320543747e-09,6.5974339066579e-09,4.85741625664303e-09,4.27975635835707e-09,7.44366394044134e-09,4.49621139173453e-09,5.67350119460193e-09,4.01392560943943e-09,2.39514220391262e-09,5.93346732601447e-09,4.28950674447302e-09,4.76738899267861e-09,3.89339202539978e-09,2.4091326538583e-09,2.25127094117825e-09,3.96546114163908e-09,2.37443556087335e-09,3.77800315179581e-09,2.13975646585111e-09,2.1415297224503e-09,2.23646726577632e-09,2.10129768966217e-09,3.28284024200451e-09,3.33225482417391e-09,1.87497834996907e-09,1.99455056492893e-09,2.15326782062702e-09,2.9173020339538e-09,2.71660572004211e-09,3.48860605018681e-09
8.831119376623e-09,2.13897592907341e-08,4.05049092561599e-08,1.69863391319995e-08,3.50194017787469e-08,2.94327607881584e-08,2.42735022422466e-08,4.58319710653021e-08,1.97326253956488e-08,3.99777509948256e-08,3.73108557308587e-08,3.29660938812722e-08,3.70109659392389e-08,1.57884566571484e-08,1.0158605988986e-08,2.97161360776021e-08,1.57570939832421e-08,2.83254573850659e-08,1.23515288263137e-08,8.15410988547073e-09,7.39000719932892e-09,1.23284857813737e-08,8.32051735334247e-09,1.20937833720857e-08,6.96230665044979e-09,6.21824311906223e-09,4.05713229910302e-09,7.00170245385046e-09,7.1019138457292e-09,7.50193848017171e-09,5.92271848712061e-09,3.76413118086594e-09,3.62054766440226e-09,6.65593574436317e-09,4.26805636970249e-09,7.18796720970703e-09,3.23510121572611e-09,2.74880678311579e-09,2.26164914818844e-09,3.63221571601954e-09,3.0485588970562e-09,3.84002001953317e-09,2.39518737527433e-09,1.97869193419068e-09,2.07444046310501e-09,2.6574084593102e-09,2.42618665317498e-09,3.12091435666646e-09,5.98628224441944e-09,1.46829325752837e-08,2.68658402641431e-08,1.36572797185875e-08,2.35185985849457e-08,2.0756032382936e-08,1.89002714796648e-08,3.12074656924726e-08,9.41185913086957e-09,2.91984661177258e-08,2.29867330536498e-08,2.18492458102013e-08,2.59145166077704e-08,7.70045678453663e-09,6.14992686250206e-09,1.86204346323594e-08,7.22263305372605e-09,1.72650895269071e-08,6.0771724478024e-09,5.70225099233855e-09,5.11839027419858e-09,5.97484844054517e-09,5.89304545132937e-09,5.46496194973778e-09,4.82929213058665e-09,4.2894829308204e-09,2.35339523321863e-09,5.10425762814316e-09,4.65421917081925e-09,4.46291562920735e-09,4.03693466582352e-09,2.24233790578094e-09,2.17231740606156e-09,4.38379299289332e-09,2.21821295675719e-09,4.33931142904171e-09,1.99617766349401e-09,1.59972651631415e-09,1.52428074404733e-09,1.92939836306506e-09,2.0626549898921e-09,2.36565396057511e-09,1.59103490608037e-09,1.33894326163514e-09,2.0155385756064e-09,1.75707663459098e-09,1.98246400055671e-09,2.5175406318574e-09
7.14859426137557e-09,1.14830778345881e-08,1.70321982898556e-08,1.01129094343021e-08,1.7188739191628e-08,1.46278177154929e-08,1.32150997489324e-08,1.97326253956488e-08,4.98990974295286e-08,1.99963227540813e-08,4.06770295007321e-08,3.92943766011543e-08,1.57936200756727e-08,4.05345414666708e-08,2.0590061886177e-08,3.26809569277395e-08,3.41575669565868e-08,2.76868933217598e-08,3.25695640373813e-08,1.62775878185817e-08,8.00523864716606e-09,2.72104976924369e-08,1.49219791125818e-08,2.4809679298806e-08,1.32664902677798e-08,6.24723302481174e-09,6.78671915722733e-09,1.1924132085436e-08,6.72892195832368e-09,1.18100044424392e-08,5.27436195558601e-09,6.14492797889014e-09,4.04054693860419e-09,5.7322302920675e-09,6.66913558161382e-09,6.2585937179256e-09,5.29865960859807e-09,3.64692011982242e-09,2.60857287345737e-09,5.96686831454911e-09,3.50674200996276e-09,6.08267979165281e-09,3.23497904689002e-09,2.35208355588671e-09,1.80571697831885e-09,3.14482148273969e-09,2.40894842952107e-09,3.53318534482442e-09,4.13999417837255e-09,8.87968830901132e-09,1.16838804385053e-08,8.52225848344109e-09,1.36166672927344e-08,1.10397633898263e-08,1.05846483116056e-08,1.35745725452928e-08,2.96731274876597e-08,1.72738991902943e-08,2.54389926440147e-08,2.94058518164962e-08,1.12100156082563e-08,2.39485112496869e-08,1.14635189394918e-08,2.01146450145401e-08,1.73592160946987e-08,1.50632831550044e-08,1.95413270332192e-08,1.00144870826735e-08,4.58602602257286e-09,1.45476916937602e-08,8.34004618999901e-09,1.21275989420917e-08,7.40877748001842e-09,3.56547478263766e-09,4.39929483951548e-09,6.60255576770047e-09,3.62678192431985e-09,5.34861848704134e-09,3.07475119981843e-09,3.9186566820183e-09,2.9144222445164e-09,3.49591810454099e-09,3.97557203986776e-09,3.39798334919059e-09,3.16486488507206e-09,2.55291374609658e-09,2.15901285073802e-09,3.49663395302197e-09,2.45952791899079e-09,3.74184097687854e-09,2.25070246959353e-09,1.96673436900112e-09,1.57729427354527e-09,2.16122852902724e-09,2.20957183567372e-09,2.84051013833336e-09
1.93148706810514e-08,5.75153140714742e-08,3.50258662794991e-08,3.04466535436654e-08,7.92031169868476e-08,4.5388499595903e-08,7.24680150180282e-08,3.99777509948256e-08,1.99963227540813e-08,9.67484598354748e-08,3.36609024839051e-08,8.6293063163183e-08,3.16558277822654e-08,1.61134950664672e-08,1.13222153092656e-08,2.59943403708721e-08,1.67345514616059e-08,2.60442183143569e-08,1.27946725143485e-08,9.17153455511833e-09,9.08137172413368e-09,1.32630092460012e-08,9.5590931678645e-09,1.3029927377153e-08,7.72267652033375e-09,7.62660159911139e-09,5.4227292578033e-09,7.96691861296113e-09,8.80068546874655e-09,8.60996648164223e-09,7.15138153634835e-09,5.09898925130389e-09,4.94342319412922e-09,8.14359619405222e-09,5.34763640011815e-09,8.50201427638302e-09,4.62605309578127e-09,4.14485912424666e-09,3.5314629679934e-09,4.83713411236445e-09,4.95949625157598e-09,5.7470218972156e-09,3.79273090862219e-09,3.26237034929207e-09,3.17012255765424e-09,4.64233835364628e-09,3.89456523000881e-09,5.23047593147959e-09,1.47690397947296e-08,3.78497320542003e-08,2.42505457104754e-08,2.65956877846313e-08,4.81636208521698e-08,3.46605265572538e-08,4.73858338706936e-08,2.97778554509884e-08,7.7169702977331e-09,6.00662777213234e-08,2.05993839537271e-08,4.45076404336164e-08,2.4834851915158e-08,6.0717825771807e-09,5.38844845422952e-09,1.58839709458027e-08,6.70636311226956e-09,1.48086476520441e-08,4.27526348170983e-09,5.03458911441473e-09,5.86911967569488e-09,5.45617781225993e-09,5.49075043680435e-09,5.63234619348327e-09,4.59036993885575e-09,4.82469276341696e-09,3.09750047872827e-09,4.43303898960065e-09,5.72282438623925e-09,3.6573482261743e-09,4.59325100502126e-09,3.05058979800209e-09,2.97919922485275e-09,5.26077183508256e-09,2.66262619816501e-09,5.15609915025002e-09,2.6991761056574e-09,2.46115910353518e-09,2.31088903104295e-09,2.44248606314994e-09,3.32199299116377e-09,3.58721718767861e-09,2.25324083279099e-09,2.21911837402133e-09,2.51031486209064e-09,3.07789048502645e-09,2.87203665686162e-09,3.58656986273845e-09
9.18003028332547e-09,2.02966322258784e-08,3.27178460645575e-08,1.63857110754029e-08,2.88301223130139e-08,2.31504996784674e-08,2.37647295931089e-08,3.73108557308587e-08,4.06770295007321e-08,3.36609024839051e-08,6.42643606370509e-08,5.71227383936391e-08,2.97217788216007e-08,3.26796231291988e-08,1.95481486948499e-08,5.14858532510204e-08,2.78668786676625e-08,4.39256637883618e-08,2.60573516727662e-08,1.54262706961474e-08,7.95641234196588e-09,2.18500895513278e-08,1.4300708440673e-08,1.980226309597e-08,1.27931201638483e-08,6.51904439196461e-09,8.20316076382602e-09,1.17063743964715e-08,7.29981102518308e-09,1.18701698364338e-08,5.53300034914398e-09,7.56422353064597e-09,4.83079267671551e-09,6.21195158216026e-09,7.92458423904703e-09,6.60850019189691e-09,6.53178874741e-09,4.09157471917377e-09,2.90650731457555e-09,7.07459691046889e-09,4.41990891021882e-09,7.37591774017917e-09,3.65811940499538e-09,2.64507663618449e-09,2.49357669142892e-09,3.94871566234098e-09,2.98502132046785e-09,4.4026250414837e-09,6.84994500777064e-09,1.57511118732287e-08,2.11062697086773e-08,1.39471415038164e-08,2.14252460651269e-08,1.75398945359872e-08,1.97069184879803e-08,2.4642225019455e-08,2.28785973372807e-08,2.64292810580857e-08,3.86460508671082e-08,3.87342412650801e-08,1.98377117742293e-08,1.81581807383774e-08,9.44721695863533e-09,3.09431152648426e-08,1.37496298670361e-08,2.48643888168085e-08,1.47384903336796e-08,8.38106201083131e-09,4.36708459738102e-09,1.14608345901295e-08,7.84639201118459e-09,9.49654747287653e-09,6.29293481301872e-09,3.80528263868163e-09,4.4675569393046e-09,6.35454650427359e-09,3.50706898046046e-09,5.0168472937677e-09,3.38905519021818e-09,4.07070218856635e-09,3.0521688331113e-09,3.3243189481494e-09,4.20257681383959e-09,3.29547532239807e-09,3.43501973746735e-09,2.55597877439426e-09,2.29893277030535e-09,3.73849088505846e-09,2.91425529098645e-09,4.27570806050372e-09,2.35009067130523e-09,2.06698434470393e-09,2.00230083704913e-09,2.41519954461729e-09,2.39985916855134e-09,3.13418964892133e-09
1.88586167454605e-08,5.46334576453827e-08,2.84267214545993e-08,2.86015703557191e-08,6.86284794872578e-08,3.72177955026992e-08,7.17473041177301e-08,3.29660938812722e-08,3.92943766011543e-08,8.6293063163183e-08,5.71227383936391e-08,1.24327681594123e-07,2.5418023089237e-08,3.1474432161689e-08,2.00049803599118e-08,4.47365946285908e-08,2.77010885018791e-08,3.96615530812896e-08,2.50697866556921e-08,1.54250065004614e-08,9.31760779058544e-09,2.16538080043575e-08,1.46283447844044e-08,1.98491573386975e-08,1.30177969412832e-08,7.73316766559676e-09,9.29592000420582e-09,1.2238288797989e-08,8.87530222455763e-09,1.24692962399773e-08,6.66848443465734e-09,8.68725951139924e-09,6.40154460330574e-09,7.65602446691367e-09,8.96982532334643e-09,7.73978180016392e-09,7.61063811371121e-09,5.64827355386378e-09,4.40971980538965e-09,8.09776793194115e-09,6.63842696457773e-09,9.30011255641302e-09,5.12204182092496e-09,3.98001215510805e-09,3.58235741069667e-09,6.16934610875232e-09,4.52850433463189e-09,6.73897657282391e-09,1.49191936534663e-08,3.71147813354735e-08,2.01951716257421e-08,2.53664670605614e-08,4.45165131190901e-08,2.95770387628644e-08,4.63669847290914e-08,2.46465323164088e-08,1.88469392707469e-08,5.41457876926857e-08,3.42396227840152e-08,6.55448827631393e-08,1.97494565519624e-08,1.45944161368669e-08,6.78983814397103e-09,2.66391998420699e-08,1.24475439126705e-08,2.1615445016986e-08,1.12287279970712e-08,5.35837765976643e-09,4.20903679392153e-09,9.98466249315528e-09,5.60543641170042e-09,8.40754913456671e-09,4.52769542975756e-09,3.29956193421481e-09,5.03095951561357e-09,4.57211634555747e-09,3.74016472209519e-09,3.39684517010641e-09,3.14171438275779e-09,4.54499638003542e-09,3.66715915893855e-09,3.50446546185196e-09,4.61962513675059e-09,2.9784266272738e-09,3.85511303401841e-09,3.31238303603413e-09,2.99033772765927e-09,4.260984391315e-09,4.00376726584795e-09,5.45349052463769e-09,2.97150483054942e-09,2.90831380331299e-09,2.38192815860978e-09,3.82038579660243e-09,3.32818207567729e-09,4.51603863426411e-09
6.89757997150447e-09,1.6907806748826e-08,3.29828117448771e-08,1.40601867422347e-08,2.7670596369685e-08,2.41910164223408e-08,1.93185838983528e-08,3.70109659392389e-08,1.57936200756727e-08,3.16558277822654e-08,2.97217788216007e-08,2.5418023089237e-08,4.50384782354626e-08,1.87482908969414e-08,1.16050443401559e-08,3.54036391175173e-08,1.85258644553323e-08,3.39024877499421e-08,1.45872298809688e-08,9.18569923493312e-09,8.84608618239622e-09,1.43292007519012e-08,9.52560700481692e-09,1.40390061508209e-08,7.77600041428395e-09,7.31966925630098e-09,4.57295796548667e-09,8.03423487615757e-09,8.24142851452527e-09,8.72151969661585e-09,6.87485523948985e-09,4.11404068234148e-09,3.89662464641686e-09,7.56775704181767e-09,4.81948373794525e-09,8.35921643206739e-09,3.54627119098353e-09,3.0079253671536e-09,2.62233948293049e-09,4.09125086671217e-09,3.48043208549186e-09,4.37316053203982e-09,2.57509048876973e-09,2.2616682559375e-09,2.32699055053741e-09,2.98067417632274e-09,2.81885306150049e-09,3.6322480209232e-09,4.63040314428427e-09,1.37383538230116e-08,2.24607262257127e-08,1.22795146416689e-08,2.04426143034736e-08,1.76919057891362e-08,1.72230025431302e-08,2.5915293721861e-08,7.69865097247229e-09,2.50616837394334e-08,1.86226959878933e-08,1.83212820896048e-08,3.06838359831372e-08,9.75802953059831e-09,6.72323531091416e-09,2.35868050874519e-08,9.31709197082779e-09,2.09362405880413e-08,7.91052756841609e-09,5.99971958061959e-09,5.8561306206564e-09,7.74517880988748e-09,6.781185273578e-09,7.48496536554824e-09,5.02601973519192e-09,4.88515360574084e-09,2.78952944335106e-09,5.83257953718852e-09,5.64803128928877e-09,5.35175599564676e-09,4.59838148203776e-09,2.46740216413057e-09,2.18610543682703e-09,5.21784499350404e-09,2.51735019378826e-09,5.0897750587542e-09,2.21351658901996e-09,1.63069852127633e-09,1.6655998761851e-09,2.31650336068623e-09,2.19837569685828e-09,2.65003053091374e-09,1.52245462507067e-09,1.50692795007166e-09,2.19246265041867e-09,1.9162020449211e-09,2.25913285186916e-09,2.73288980008723e-09
6.18645589852634e-09,9.63587917885018e-09,1.3879337180976e-08,8.68492132840497e-09,1.40411147305415e-08,1.22809647571576e-08,1.10121985682714e-08,1.57884566571484e-08,4.05345414666708e-08,1.61134950664672e-08,3.26796231291988e-08,3.1474432161689e-08,1.87482908969414e-08,4.72351723968326e-08,2.40217065349442e-08,3.81348361466822e-08,3.97276019551034e-08,3.20887881950238e-08,3.80606364418652e-08,1.89717901933163e-08,9.3021116719976e-09,3.16383005655463e-08,1.76458915335162e-08,2.90936576213451e-08,1.55468904040703e-08,7.41509918417601e-09,7.39863948445322e-09,1.42789749935196e-08,8.06783154523886e-09,1.44385403990105e-08,6.08392047451116e-09,6.55400970903564e-09,4.35618236670889e-09,6.59202862265838e-09,7.31751137291517e-09,7.12793717840577e-09,5.69875347082384e-09,3.90102971531274e-09,2.87874712395395e-09,6.4867189409455e-09,3.81621498832507e-09,6.63251956091701e-09,3.50550687314391e-09,2.62674358495683e-09,2.13823106087433e-09,3.47598525810919e-09,2.8846152073759e-09,4.14135780382377e-09,3.72245261937773e-09,7.68931103539031e-09,9.94290070410291e-09,7.43186554249756e-09,1.21091996929339e-08,9.74937936985008e-09,9.33999623569149e-09,1.12075630241353e-08,2.39438257959253e-08,1.48236513030497e-08,2.01127746418491e-08,2.44171485905631e-08,1.35760822092258e-08,2.8751963642568e-08,1.34574606162623e-08,2.36945670802065e-08,2.20725816850546e-08,1.85906546366604e-08,2.37619256506963e-08,1.1598174999568e-08,5.30381434762701e-09,1.84797990336647e-08,1.03416980583467e-08,1.62945801644872e-08,8.96595928831391e-09,4.24984388868985e-09,4.85057767002214e-09,8.49475352507667e-09,4.49522209716513e-09,7.55902642144689e-09,3.67481583596747e-09,4.14822220900331e-09,3.14745094638971e-09,4.25788913315931e-09,4.3885956110733e-09,3.9146860029331e-09,3.33428605930211e-09,2.7828960498102e-09,2.26031409234233e-09,3.84061318440573e-09,2.75602601224696e-09,4.09686801973741e-09,2.45080236034649e-09,2.11539715592935e-09,1.85445779423351e-09,2.46782222482535e-09,2.54786378971388e-09,3.2713878739788e-09
5.11180071598034e-09,1.10797771279346e-08,8.84416761663065e-09,1.0240352420614e-08,9.88481326935331e-09,8.84830564863212e-09,1.236465963171e-08,1.0158605988986e-08,2.0590061886177e-08,1.13222153092656e-08,1.95481486948499e-08,2.00049803599118e-08,1.16050443401559e-08,2.40217065349442e-08,6.32299346815801e-08,2.25425788871662e-08,4.66815843345338e-08,4.37581779875121e-08,1.89802792697456e-08,5.08994868997001e-08,1.98760284655651e-08,3.75466331743562e-08,3.83862799477652e-08,2.75105799193417e-08,4.19811571920517e-08,1.59313888582006e-08,8.35828881742134e-09,3.12495911889979e-08,1.53475696882943e-08,3.00102501130486e-08,1.29201096043094e-08,7.2455439187015e-09,1.00540879366938e-08,1.24880497487549e-08,7.80135194822691e-09,1.30504936127866e-08,6.0845578848258e-09,8.68924198952262e-09,4.43442758855489e-09,6.65012038228627e-09,9.1384687809903e-09,7.3443316379551e-09,7.73356094470195e-09,3.87393074807758e-09,2.86869422192102e-09,8.04313473945469e-09,3.96589706493919e-09,8.49325592693478e-09,4.53009963494654e-09,7.29999749140813e-09,5.36717653888613e-09,7.30362911577168e-09,7.49931050513762e-09,5.85570814625938e-09,8.0227758532404e-09,6.66439203697533e-09,1.29235912937133e-08,9.84628129096682e-09,1.13134439252595e-08,1.70104464975909e-08,7.5451188852199e-09,1.54148519633518e-08,3.44188275758996e-08,1.3396436026935e-08,2.74589637267778e-08,2.44142391727708e-08,1.22840831164126e-08,2.92717013725796e-08,1.17822262849832e-08,2.30277917604502e-08,2.1820292597551e-08,1.66235684448277e-08,2.41891670881937e-08,9.82746220135432e-09,5.09393493923925e-09,1.79782945457041e-08,9.13548770871498e-09,1.54977575366972e-08,8.18872933332375e-09,4.91705196254729e-09,6.21172069843284e-09,8.14911139647526e-09,4.84079207847236e-09,7.62909049291118e-09,4.02099711399908e-09,4.9831266572205e-09,3.41857714287005e-09,4.10444402999279e-09,5.44130025476134e-09,4.95784652168471e-09,4.29543296982988e-09,3.09716371508722e-09,2.74608657961624e-09,4.72780907093746e-09,3.32621208031846e-09,5.35884928858117e-09
7.1120256892645e-09,1.57729484966172e-08,2.59104883247827e-08,1.33732242166635e-08,2.17933725357388e-08,1.82641149946165e-08,1.8907877711787e-08,2.97161360776021e-08,3.26809569277395e-08,2.59943403708721e-08,5.14858532510204e-08,4.47365946285908e-08,3.54036391175173e-08,3.81348361466822e-08,2.25425788871662e-08,6.06547317183129e-08,3.22946007887748e-08,5.16067769862736e-08,3.04652246357963e-08,1.76676142969326e-08,9.25054518621309e-09,2.52211423244816e-08,1.66152888470214e-08,2.31440027421678e-08,1.46598987902769e-08,7.63582580374428e-09,8.85133097693483e-09,1.37253244512616e-08,8.64496189583738e-09,1.41511084669166e-08,6.38693795121591e-09,7.95839965496562e-09,5.19195131450387e-09,7.08777412260955e-09,8.61470201874544e-09,7.6781082181407e-09,6.89773714005421e-09,4.4047528874542e-09,3.30200099478433e-09,7.62612077124399e-09,4.83968301446617e-09,7.95734586031735e-09,3.96121122387665e-09,3.03538776302234e-09,2.73310745763057e-09,4.37868343494474e-09,3.44979192023013e-09,5.00226782682601e-09,5.34597718394171e-09,1.39788228743609e-08,1.68679783927249e-08,1.23749614883267e-08,1.7776108362397e-08,1.4447854424905e-08,1.76347978493434e-08,1.98352322559354e-08,1.81525938572333e-08,2.20027240667393e-08,3.09416554099944e-08,3.19642508650462e-08,2.46767009382902e-08,2.2321324510449e-08,1.06508131454672e-08,3.82734265315911e-08,1.759731338717e-08,3.0562127580311e-08,1.83850642194557e-08,9.24942877960765e-09,5.25833845802517e-09,1.46512452363396e-08,9.26338072941374e-09,1.29354795640588e-08,7.02453802750902e-09,4.57854898934709e-09,4.9692276101491e-09,7.58269892816047e-09,4.57397325334375e-09,6.51441785894006e-09,4.04318601034807e-09,4.27570397168967e-09,3.15633188011007e-09,4.08641689349376e-09,4.59266113567189e-09,3.96593608364331e-09,3.60415491281038e-09,2.67089328046499e-09,2.48882488688758e-09,4.15405899396131e-09,3.13768076674516e-09,4.70471197602173e-09,2.42712199495418e-09,2.30376501137024e-09,2.1503452548251e-09,2.68746346403106e-09,2.71562708605626e-09,3.37687425288592e-09
7.51654422032034e-09,1.11424733244066e-08,1.41610358802918e-08,1.0428760477945e-08,1.4631734040836e-08,1.31627626514966e-08,1.25796316010402e-08,1.57570939832421e-08,3.41575669565868e-08,1.67345514616059e-08,2.78668786676625e-08,2.77010885018791e-08,1.85258644553323e-08,3.97276019551034e-08,4.66815843345338e-08,3.22946007887748e-08,6.81253218560346e-08,5.67927703717913e-08,3.16407032938442e-08,3.75379872762418e-08,1.75427853467926e-08,5.49233682093525e-08,2.78612964940591e-08,4.25369441695624e-08,3.1050198489778e-08,1.38861253210776e-08,8.32116544060868e-09,2.25624902065745e-08,1.33218576061354e-08,2.17369479767897e-08,1.12221721921009e-08,7.13395784679128e-09,1.01864168428449e-08,1.08256440140101e-08,7.84917777454968e-09,1.15272879859703e-08,6.08450609442414e-09,8.69894884674548e-09,4.52719491654833e-09,6.62221150222062e-09,9.23188365130064e-09,7.16411185192497e-09,7.6261733730992e-09,3.91115229630426e-09,3.3429014841251e-09,7.98631679113894e-09,4.28451672801973e-09,8.86394954911828e-09,4.87763821715143e-09,7.98841236989682e-09,9.85746763366626e-09,8.52910989649222e-09,1.22309207698823e-08,9.96362226480795e-09,9.97482310582327e-09,1.09332936150915e-08,1.89592483033056e-08,1.51436519913335e-08,1.69957680007052e-08,2.30302529452328e-08,1.31356437295207e-08,2.32314392191865e-08,2.61540678739813e-08,2.00778703217732e-08,3.81477870411097e-08,3.26386969433358e-08,1.89146151935597e-08,2.21240801999358e-08,1.00247051124862e-08,3.15523401485949e-08,1.61084033398525e-08,2.37826652386115e-08,1.85357323846648e-08,8.38210366735694e-09,5.11483217970281e-09,1.37836135435397e-08,7.78102499560999e-09,1.18185353692363e-08,6.86523146522415e-09,4.81734243447662e-09,6.35555728976056e-09,6.95445181576172e-09,4.97247444799208e-09,6.37774989875801e-09,3.95968926267625e-09,5.1500788799865e-09,3.51229149467829e-09,4.1500045607862e-09,5.52555534256801e-09,4.79146147058527e-09,4.43577278442292e-09,3.13638794298484e-09,2.87238423002365e-09,4.86125330847967e-09,3.21386649684649e-09,5.64600831012418e-09
8.00633356285436e-09,1.68780385838467e-08,2.47855969344301e-08,1.42719576592056e-08,2.16491986534366e-08,1.83471793144019e-08,2.00728203059932e-08,2.83254573850659e-08,2.76868933217598e-08,2.60442183143569e-08,4.39256637883618e-08,3.96615530812896e-08,3.39024877499421e-08,3.20887881950238e-08,4.37581779875121e-08,5.16067769862736e-08,5.67927703717913e-08,8.2998964130213e-08,2.50305383111416e-08,3.51729615409305e-08,1.65032942451916e-08,4.53399525252003e-08,2.59262851696573e-08,3.40649014363281e-08,2.91985658726719e-08,1.32594992188188e-08,9.17277756823015e-09,2.11963374946876e-08,1.31865267310121e-08,2.07783460862385e-08,1.06733479561254e-08,7.66523102589302e-09,1.10285745386961e-08,1.04816345926475e-08,8.22602430344912e-09,1.11515460759024e-08,6.69016253895051e-09,9.61177467418322e-09,5.17028014459627e-09,6.9949504921906e-09,1.09074474167214e-08,8.25017772206336e-09,8.53545209922118e-09,4.3651607068463e-09,3.94142303269789e-09,9.37156203002765e-09,4.70116116415862e-09,1.04813516194545e-08,5.52362479770829e-09,1.41171355116919e-08,1.70718690593816e-08,1.33575580688911e-08,1.76551945519882e-08,1.4789292461678e-08,1.79404909671701e-08,1.99518058115373e-08,1.48188029019544e-08,2.26087870827361e-08,2.74722200110372e-08,3.07238193555309e-08,2.42674419980719e-08,1.82835995645911e-08,2.1412879638398e-08,3.40358022859519e-08,3.05628964156486e-08,4.88376945174732e-08,1.44662532398836e-08,1.83911781382902e-08,9.08609852151187e-09,2.54101725926861e-08,1.43605241917773e-08,1.85531453809288e-08,1.52828802709399e-08,7.79701704722351e-09,5.410423056812e-09,1.23618475772327e-08,7.31681740134819e-09,1.08589373539322e-08,6.21150293461854e-09,4.91435390733401e-09,6.11767613816459e-09,6.22549941470266e-09,4.79686298558311e-09,5.58653759368676e-09,4.11948094568437e-09,4.95782137305597e-09,3.67298289389728e-09,4.12463497049229e-09,5.79972677375156e-09,5.33761777180585e-09,4.41982352408505e-09,3.2048581082869e-09,3.32642514693533e-09,4.95705758825939e-09,3.38223017583789e-09,6.09917706410742e-09
5.14463337319867e-09,7.74909493873809e-09,1.11791448682758e-08,6.86920386417213e-09,1.1520957268592e-08,1.01387740293939e-08,8.79079647069204e-09,1.23515288263137e-08,3.25695640373813e-08,1.27946725143485e-08,2.60573516727662e-08,2.50697866556921e-08,1.45872298809688e-08,3.80606364418652e-08,1.89802792697456e-08,3.04652246357963e-08,3.16407032938442e-08,2.50305383111416e-08,4.75024251024807e-08,2.19488757919812e-08,1.1485154925086e-08,3.99006362283258e-08,2.05796204736016e-08,3.67351007807535e-08,1.78610075715815e-08,9.32581074372726e-09,9.0194640472853e-09,1.65673945320359e-08,9.84018069956485e-09,1.67524899582485e-08,7.55059250447338e-09,8.09523963248556e-09,5.03593809488181e-09,8.17256492308011e-09,8.50566234564037e-09,8.45638578857028e-09,6.98447694507679e-09,4.51690343883195e-09,3.55952758074945e-09,7.52500608672682e-09,4.61528554489675e-09,7.70387159240035e-09,3.92163169170474e-09,3.13715711747391e-09,2.56278080210423e-09,4.05270519281017e-09,3.3261892316346e-09,4.61447537085287e-09,2.97503766276526e-09,6.98265033428466e-09,8.52598014214465e-09,6.39027433830009e-09,9.88901831282233e-09,8.24343256635358e-09,8.46122639517002e-09,9.0177822162286e-09,1.95278062211924e-08,1.15700195171855e-08,1.65707133996459e-08,1.93198665913171e-08,1.08512520717874e-08,2.37579189690542e-08,1.15959515151018e-08,1.93662945967429e-08,1.84769962482922e-08,1.5232367721756e-08,2.93619620903452e-08,1.32405416806657e-08,7.07930911064209e-09,2.23869633754114e-08,1.24010864848978e-08,2.03766656282256e-08,1.01115196343535e-08,5.8615027098199e-09,6.06527222351747e-09,1.03687244241678e-08,5.295594047934e-09,9.211181140654e-09,5.16397708080015e-09,5.33280990411965e-09,3.87790264352538e-09,5.00383421151499e-09,5.45001483936446e-09,4.62031437083116e-09,4.45951791451974e-09,3.42351033767963e-09,2.93721717500127e-09,4.73564841505764e-09,3.52363382007062e-09,5.12621432725639e-09,2.9336993953498e-09,2.58991207134372e-09,2.16236382379854e-09,2.91745422267606e-09,2.9063712353648e-09,3.6967827981184e-09
