4.21480800446565e-08,1.30007413889666e-08,7.50495715097794e-09,3.60150319122571e-08,1.25182283628657e-08,3.41389507396309e-08,1.09042154918637e-08,6.39992130185919e-09,7.31206336364706e-09,1.05010558168585e-08,7.29060835189228e-09,1.07851387382347e-08,5.65391990459408e-09,6.34078001059694e-09,3.70645426202362e-09,6.33686791516731e-09,6.42575550092734e-09,6.08643533279663e-09,5.61641230145238e-09,3.38189900305696e-09,2.65153426844396e-09,5.80005764936833e-09,3.74987264410977e-09,5.9912304106265e-09,3.08761641813619e-09,2.40671132011378e-09,2.38747037022715e-09,3.38228968600269e-09,2.84676876204978e-09,3.79960783915141e-09,1.96057645744402e-09,2.02851043817324e-09,1.83382561759538e-09,2.32677826801516e-09,2.25615159084186e-09,2.65674126099484e-09,1.71647309946522e-09,1.58991161454872e-09,1.38941778471511e-09,1.96582808242931e-09,1.7354322161149e-09,2.20260054951307e-09,2.10360632011889e-08,8.73138806173464e-09,3.94962336151904e-09,1.81320781774229e-08,8.61932956155148e-09,1.68755127129406e-08,7.21375570392037e-09,3.47974126700389e-09,3.92179609659898e-09,7.45272868131869e-09,3.97422835311206e-09,7.37639519933894e-09,3.07275719249615e-09,3.70420998938483e-09,2.24484607402862e-09,3.64509913087355e-09,4.05028533911648e-09,4.11235686788818e-09,3.23985330115599e-09,2.04172819112678e-09,1.57432781674176e-09,3.62987752312853e-09,2.26448536146409e-09,3.60029925331053e-09,1.88928728569729e-09,1.48531156709083e-09,1.4127037499969e-09,1.97712123674674e-09,1.59373726823565e-09,1.90219818582657e-09,1.13111562785776e-09,1.08715769938062e-09,8.84020987878796e-10,1.2225556660271e-09,1.17360296592329e-09,9.23488516358656e-10,1.0118055037316e-09,7.33652874008425e-10,8.81072350024897e-10,1.09798875459464e-09,1.02707575060343e-09,1.4116871830656e-09
1.30007413889666e-08,2.65347249503406e-08,1.17219164822475e-08,2.27764343424739e-08,2.1566528383961e-08,1.83096951349097e-08,2.26075806214704e-08,9.92436940459153e-09,5.9448377399013e-09,1.81845375994208e-08,9.85909629465516e-09,1.72783423471395e-08,8.53062539054066e-09,4.9214484515653e-09,4.43211308006672e-09,8.44429211610503e-09,4.90310208928195e-09,7.89846608404188e-09,4.3022179690124e-09,3.92906983840313e-09,2.47765234243008e-09,4.22121691301124e-09,4.25688518392814e-09,4.39481728147505e-09,3.52665804957955e-09,2.23229675501753e-09,2.14782679302142e-09,3.76936881344072e-09,2.66111598691567e-09,4.33646534059674e-09,1.91923840405827e-09,1.80068395649945e-09,1.50831202427798e-09,2.24690691200229e-09,1.80972341437522e-09,2.36410605835898e-09,1.57346968970197e-09,1.35806578688522e-09,1.24579297740627e-09,1.58266820241638e-09,1.60857862951481e-09,1.93082195742615e-09,5.04645586733397e-09,1.58813612552447e-08,7.47183040511526e-09,1.06633180546081e-08,1.41135421646491e-08,9.26255585874506e-09,1.34881178461516e-08,6.49032232293731e-09,3.35527298166308e-09,1.21365491879083e-08,6.257836186581e-09,1.09513038078775e-08,5.55866992927019e-09,2.91794670989e-09,2.01798615775814e-09,5.5479315380056e-09,3.07472507407296e-09,5.56210279722287e-09,2.46161456261559e-09,1.74213585202648e-09,1.19798256172138e-09,2.62467539446774e-09,2.0134698662416e-09,2.76085166110858e-09,1.59973346070938e-09,1.11266504374445e-09,1.18288175315595e-09,1.62484939187094e-09,1.43020552911555e-09,1.79530368593018e-09,8.77606506026884e-10,9.29449834263735e-10,8.0134216295547e-10,1.11970262521258e-09,8.23155182251036e-10,1.06472140485387e-09,8.81573829236876e-10,6.8992895745932e-10,7.9307826257182e-10,7.75193602930004e-10,1.16162552480376e-09,1.21439167893191e-09
7.50495715097794e-09,1.17219164822475e-08,2.89690426901389e-08,1.19444510565603e-08,2.30019712894477e-08,2.1860728906342e-08,9.9259969980316e-09,2.40355783752714e-08,1.19161438145148e-08,1.9069749317855e-08,2.04762478080694e-08,1.61676982079461e-08,2.04520992106091e-08,9.91890969795198e-09,4.75488881043258e-09,1.73805479244437e-08,8.66569145144245e-09,1.55239301867812e-08,8.4102510399789e-09,4.0927292083328e-09,3.57948898537238e-09,7.34122690265475e-09,4.08489446692644e-09,7.01525661420536e-09,3.51964754956076e-09,3.14242499462709e-09,2.2339363084633e-09,3.5155048265556e-09,3.5566338592043e-09,3.87337616274101e-09,2.68053159380708e-09,1.91519964219126e-09,1.55019929025821e-09,3.03734230627132e-09,2.20120354763852e-09,3.25355357560959e-09,1.72329856844525e-09,1.3446503479193e-09,1.12440496715565e-09,1.91061508141423e-09,1.41511405152929e-09,1.97677973292081e-09,3.29912431573615e-09,7.07732910642384e-09,1.58744546899166e-08,5.17778456714685e-09,1.32428374887934e-08,9.68766176888138e-09,6.03981512155942e-09,1.35398084894198e-08,7.67608962123762e-09,1.14064553837419e-08,1.23407526288413e-08,1.02493255442221e-08,1.12765136437569e-08,6.50217025967096e-09,2.70628852537542e-09,1.05788241677991e-08,5.95689155126917e-09,9.68623477149341e-09,5.38170294002347e-09,2.28686984451783e-09,1.85903504446132e-09,4.95965512834718e-09,2.58693032787681e-09,4.85300323979308e-09,1.99008695402135e-09,1.68617088815703e-09,1.03984841835613e-09,2.25303254783693e-09,1.90759664129205e-09,2.20319537162576e-09,1.36073762538403e-09,9.37369831142822e-10,7.02508501215019e-10,1.57041688194418e-09,7.53139566716101e-10,1.21817718395943e-09,9.02975372273872e-10,5.3035302790882e-10,8.06528881155801e-10,5.95781909715438e-10,9.50577854112544e-10,1.13394174600224e-09
3.60150319122571e-08,2.27764343424739e-08,1.19444510565603e-08,5.1856165062898e-08,1.8622744585235e-08,4.48188733826597e-08,1.93743810131759e-08,1.01373732538192e-08,7.14315403974243e-09,1.56640681974795e-08,1.0608854009959e-08,1.52807388405823e-08,8.71888579049622e-09,5.97865155772992e-09,5.71748328728387e-09,9.05954891483338e-09,5.81794801462334e-09,8.52557154901939e-09,5.14915804995979e-09,5.17905782267349e-09,3.25306824888886e-09,5.11076009350261e-09,5.69400393135589e-09,5.24174692193128e-09,4.70144276981315e-09,2.93616645830992e-09,2.93825291395059e-09,5.10871515194424e-09,3.49770323307457e-09,5.69365770755686e-09,2.52726018618792e-09,2.55357553083058e-09,2.29296600775103e-09,2.95773062248581e-09,2.73425794184534e-09,3.37547722003787e-09,2.15239522426505e-09,1.92788385253769e-09,1.63952719960652e-09,2.31895312207862e-09,2.22478971911005e-09,2.71597876417666e-09,1.67574017426274e-08,1.46444744869725e-08,6.99533931334675e-09,2.6140738475455e-08,1.28107499589244e-08,2.29301355714603e-08,1.23311587587332e-08,5.99214036614170e-09,4.05801821318015e-09,1.09863858324787e-08,6.28093891594913e-09,1.00151796110157e-08,5.11377781082714e-09,3.55713098891208e-09,2.8874530218993e-09,5.60878674259829e-09,3.85572745316168e-09,5.82830799409864e-09,3.03145055058117e-09,2.57508252463021e-09,1.68890700964004e-09,3.30549019067508e-09,2.93949348481878e-09,3.16726634498042e-09,2.41611914928836e-09,1.62722940669271e-09,1.55391082959488e-09,2.59642701558189e-09,1.77261357633716e-09,2.35902871648681e-09,1.3673867679602e-09,1.1874270986998e-09,1.01822214404289e-09,1.37667653098723e-09,1.19233296527644e-09,1.1673345993e-09,1.08466428272507e-09,8.49520612537921e-10,9.63764886156548e-10,1.0395535234847e-09,1.44315719547923e-09,1.69416332012661e-09
1.25182283628657e-08,2.1566528383961e-08,2.30019712894477e-08,1.8622744585235e-08,3.61243520933791e-08,3.07502582298554e-08,1.8185526855561e-08,1.9068581589747e-08,1.06724497926949e-08,3.02067594417258e-08,1.61468209332654e-08,2.57922384856271e-08,1.62505338834981e-08,8.81182727417388e-09,4.78517988909104e-09,1.36674966987528e-08,7.86701672739388e-09,1.21199707092036e-08,7.44988663232691e-09,4.03809335108796e-09,3.8768896966275e-09,6.57028140351695e-09,4.06434158816548e-09,6.31887003341393e-09,3.52314211522764e-09,3.40663602388835e-09,2.64666178074543e-09,3.52070260294086e-09,3.96777108934111e-09,4.08098541469558e-09,2.90440749396317e-09,2.22385932763912e-09,1.75040206611164e-09,3.37245677012009e-09,2.37244717743215e-09,3.5155594961581e-09,1.9672253078347e-09,1.50795473724165e-09,1.24972486117083e-09,2.03654631345492e-09,1.66224117981874e-09,2.21594387830358e-09,4.52651849771587e-09,1.32550326389046e-08,1.34653602352316e-08,8.02661725982799e-09,2.16211819553029e-08,1.40686232907343e-08,1.12874940425443e-08,1.17141534669055e-08,6.45406373888152e-09,1.85932167948955e-08,1.03101935273634e-08,1.59398039710387e-08,9.86432622805203e-09,5.54133992919719e-09,2.51912638366412e-09,8.95238574344522e-09,5.19457375273328e-09,8.34874729227719e-09,4.51196444478718e-09,2.09059653559858e-09,1.7478756264989e-09,4.24843032897651e-09,2.2617022336148e-09,4.11351130707003e-09,1.83464936786643e-09,1.63248282053659e-09,1.35862081874462e-09,1.87022625748661e-09,2.01485122696939e-09,2.20945108297394e-09,1.34671835915197e-09,1.11250084421874e-09,1.03201303804325e-09,1.66202655852262e-09,1.01231589698938e-09,1.49969444178731e-09,1.04601081949464e-09,8.46687031814489e-10,8.74918852716918e-10,8.86597837187375e-10,1.10449435066986e-09,1.25058070892265e-09
3.41389507396309e-08,1.83096951349097e-08,2.1860728906342e-08,4.48188733826597e-08,3.07502582298554e-08,6.30930691951778e-08,1.53847466763556e-08,1.79801081387691e-08,1.06911808082508e-08,2.54609743541823e-08,1.55768055678884e-08,2.19665499884337e-08,1.5318870229137e-08,8.90261725064326e-09,5.17073690167025e-09,1.31898065621181e-08,8.00500996608304e-09,1.19383296271591e-08,7.58071204305229e-09,4.53378187737496e-09,4.97610106105763e-09,6.80700688312074e-09,4.84548625935099e-09,6.62534394113855e-09,3.96246108640663e-09,4.40269662559624e-09,3.30610811068595e-09,4.19164550820567e-09,4.9730272985964e-09,4.82039444870185e-09,3.72344267355418e-09,2.83228844051559e-09,2.47509264763765e-09,4.2117558889471e-09,3.21206594720298e-09,4.79419097947712e-09,2.5278957699857e-09,2.14733031856507e-09,1.74206413289969e-09,2.81994676753486e-09,2.36501499693581e-09,3.10516116239943e-09,1.48378656724539e-08,1.21201388003136e-08,1.21425286827556e-08,2.12665263611352e-08,1.92808496451086e-08,2.99164835325759e-08,1.01383126427008e-08,1.03675972352834e-08,6.38991106176977e-09,1.63389301770164e-08,9.74221103551657e-09,1.41817285714519e-08,8.71100925643885e-09,5.60158971876281e-09,2.99419044512534e-09,8.56803254233596e-09,5.42578066803334e-09,8.57640682565761e-09,4.5072025777159e-09,2.61092693189041e-09,2.42172585944711e-09,4.4246859990811e-09,2.70923075557264e-09,4.11955804685449e-09,2.32788095387855e-09,2.2374512440024e-09,1.7129136797562e-09,2.37596659262196e-09,2.58282010669131e-09,2.40738026982924e-09,1.84428270817963e-09,1.34549991338218e-09,1.21641452793745e-09,2.035168086264e-09,1.35503060766222e-09,1.72428204171349e-09,1.29697014043579e-09,1.01280552675386e-09,1.26546308289325e-09,1.21833988878943e-09,1.6021866471579e-09,1.95818490933726e-09
1.09042154918637e-08,2.26075806214704e-08,9.9259969980316e-09,1.93743810131759e-08,1.8185526855561e-08,1.53847466763556e-08,2.59175479077821e-08,1.11714550027391e-08,6.49153660916481e-09,2.09505890434551e-08,1.09551542094896e-08,1.97437981487292e-08,9.54928234952301e-09,5.39538523090818e-09,5.05144671434438e-09,9.34039974809697e-09,5.44130994370391e-09,8.80156982171679e-09,4.71135976349249e-09,4.48056300442086e-09,2.77217843295784e-09,4.69200165680106e-09,4.84196725395837e-09,4.87329571407919e-09,4.02634734409296e-09,2.50714157233561e-09,2.37151620987632e-09,4.31318789109329e-09,2.9500269388475e-09,4.91653349118672e-09,2.16114715132369e-09,1.99009513530147e-09,1.78848795594953e-09,2.49604188006586e-09,2.12184773291019e-09,2.73576502423781e-09,1.70624869376054e-09,1.59706485196838e-09,1.41314068657463e-09,1.82781767352595e-09,1.84520589609579e-09,2.16988455757253e-09,4.13543476781698e-09,1.34876175329179e-08,6.49168494430608e-09,9.23343876447428e-09,1.21373379450052e-08,8.03175468256488e-09,1.57401768902867e-08,7.34644859240716e-09,3.76188888366937e-09,1.38128794413149e-08,7.05539072573285e-09,1.25851578074694e-08,6.20706874020033e-09,3.19630201045451e-09,2.3405147447609e-09,6.1372536583455e-09,3.41733657724421e-09,6.1764639579845e-09,2.7110968514896e-09,2.04618925180935e-09,1.39868894851471e-09,2.94010468080658e-09,2.50081679928354e-09,3.11130775593593e-09,1.88316064807164e-09,1.28995902527453e-09,1.41154930622162e-09,2.06895253663166e-09,1.6711563037105e-09,2.22036122493951e-09,1.0138446839828e-09,1.15326924677586e-09,9.04759403274698e-10,1.32523616975963e-09,1.02651116841025e-09,1.24494996285376e-09,1.06414764723802e-09,7.51122883629627e-10,9.05340424676492e-10,8.94719193510566e-10,1.35404646351047e-09,1.46392136464879e-09
6.39992130185919e-09,9.92436940459153e-09,2.40355783752714e-08,1.01373732538192e-08,1.9068581589747e-08,1.79801081387691e-08,1.11714550027391e-08,2.7222226145962e-08,1.31440976039534e-08,2.16602497960493e-08,2.3046216363501e-08,1.82585961602753e-08,2.30746215823916e-08,1.0938212078811e-08,5.29702100461834e-09,1.9449402863778e-08,9.63209408083189e-09,1.7388186718492e-08,9.26139508503861e-09,4.50290819895927e-09,4.07554888897435e-09,8.13868230052566e-09,4.50980409751151e-09,7.82291723178135e-09,3.86020786552914e-09,3.60919253768411e-09,2.65648235732825e-09,3.88192694635887e-09,4.13148378524548e-09,4.3477409457147e-09,3.09294489185837e-09,2.23497582972242e-09,1.75874493611378e-09,3.49079869254783e-09,2.48197725903465e-09,3.72266630881156e-09,1.99600615432778e-09,1.51856120771431e-09,1.22832020981107e-09,2.14515365997898e-09,1.54692138166581e-09,2.24891253264497e-09,2.9439156237586e-09,6.03794118784016e-09,1.35405074813108e-08,4.61885419659393e-09,1.14060864723031e-08,8.34377550133671e-09,6.48893706009701e-09,1.5391697731973e-08,8.5529074450425e-09,1.25854158332436e-08,1.40179566132266e-08,1.13542048403285e-08,1.27174986367063e-08,7.24483585442341e-09,3.13873896316173e-09,1.19553676439428e-08,6.79478516227809e-09,1.088451558977e-08,5.99248776125278e-09,2.6636797298185e-09,2.10443651185906e-09,5.67371468208876e-09,2.90618149939618e-09,5.48484519679823e-09,2.32990255854477e-09,1.91130783773299e-09,1.31637781544482e-09,2.55775528756928e-09,2.2316399940337e-09,2.57680260353065e-09,1.58528356008463e-09,1.15657132953947e-09,9.03635280564096e-10,1.77723046099396e-09,9.02457562014977e-10,1.4071054090843e-09,1.11699943715471e-09,6.72956433757227e-10,8.31174998079795e-10,6.98818125411557e-10,1.04044588796372e-09,1.30383024815401e-09
7.31206336364706e-09,5.9448377399013e-09,1.19161438145148e-08,7.14315403974243e-09,1.06724497926949e-08,1.06911808082508e-08,6.49153660916481e-09,1.31440976039534e-08,3.42667021576119e-08,1.18772076344159e-08,2.62319629205935e-08,2.3717310068295e-08,1.09396769729811e-08,2.82705960119102e-08,1.17552010560325e-08,2.14893339133097e-08,2.1676679352851e-08,1.62268830907184e-08,2.39499695760714e-08,9.79580998577191e-09,5.04027728540356e-09,1.81833847927835e-08,8.86537878838292e-09,1.6530235071792e-08,8.3408682758166e-09,4.2695843019703e-09,5.35796510254687e-09,7.50933892837926e-09,4.98111991275646e-09,7.95725139454744e-09,3.57944800863909e-09,4.54508329303946e-09,2.53620916311365e-09,4.04815606891618e-09,4.9696662768175e-09,4.34270498344484e-09,4.03110667852649e-09,2.10324341242787e-09,1.66527257136945e-09,4.26911229737263e-09,2.1976343793619e-09,4.34793816591432e-09,4.62315420889249e-09,2.87502058946566e-09,7.16708853591174e-09,3.94152964488689e-09,6.44223406637103e-09,6.05209203815219e-09,3.12792131058457e-09,7.86301890644963e-09,1.96804554471751e-08,6.98262423672035e-09,1.47700186321076e-08,1.33709432659803e-08,6.41961201906601e-09,1.63071157943873e-08,7.68104957245644e-09,1.19780826097531e-08,1.40899867088337e-08,1.02658701575971e-08,1.37583897534079e-08,6.49967923020353e-09,3.06721488071207e-09,1.18526279470053e-08,6.15811096939417e-09,1.11978077889455e-08,5.6416503711023e-09,2.65386135250076e-09,2.51504985853101e-09,5.33898782864058e-09,2.6948750778943e-09,5.18492827877561e-09,2.13708379894676e-09,2.1189522728634e-09,1.45056425935063e-09,2.01471335330056e-09,2.39922449009245e-09,2.01094373938699e-09,1.99384203574032e-09,1.16371251730835e-09,1.13173642920356e-09,2.03658059278292e-09,1.40240107790463e-09,2.28186017492507e-09
1.05010558168585e-08,1.81845375994208e-08,1.9069749317855e-08,1.56640681974795e-08,3.02067594417258e-08,2.54609743541823e-08,2.09505890434551e-08,2.16602497960493e-08,1.18772076344159e-08,3.48899532043136e-08,1.82082047906522e-08,2.96756031203716e-08,1.84201431862045e-08,9.82258843570124e-09,5.37988536720173e-09,1.53502391157328e-08,8.86458693552733e-09,1.36952616925171e-08,8.26244451696778e-09,4.49102653023012e-09,4.48972905569798e-09,7.37637915493017e-09,4.53158889747442e-09,7.1146837258543e-09,3.90524067776808e-09,3.98250817064539e-09,3.01558573414247e-09,3.93404998273169e-09,4.54842992813351e-09,4.50765317704115e-09,3.40492897761769e-09,2.52887409037849e-09,2.11549581272136e-09,3.87311266362887e-09,2.7991022138601e-09,4.14575806256848e-09,2.24785160338267e-09,1.8539536693552e-09,1.44284001702453e-09,2.43069980519285e-09,1.95443765227808e-09,2.60842881031436e-09,3.78195044117241e-09,1.12859961068778e-08,1.17155559383319e-08,6.92454698049207e-09,1.85935584686286e-08,1.20273995150699e-08,1.28796530199624e-08,1.33564973057284e-08,7.37011963369027e-09,2.09775160143673e-08,1.18796792207686e-08,1.8365559611638e-08,1.11260683461826e-08,6.28496699457019e-09,2.90806321367346e-09,1.01790788105361e-08,5.9142808264683e-09,9.42365030586802e-09,5.07239307303182e-09,2.48517050878053e-09,2.01824170766738e-09,4.84656547125094e-09,2.69252079283853e-09,4.6472694761884e-09,2.20325396578751e-09,1.87418925080892e-09,1.69247351198264e-09,2.28455367906109e-09,2.27465032235741e-09,2.62564283187914e-09,1.56316002395676e-09,1.41198191128004e-09,1.17910185488891e-09,1.86997222956879e-09,1.19778703171169e-09,1.67240813884763e-09,1.33563133777677e-09,9.63924216709325e-10,9.37372713696721e-10,1.02796182812916e-09,1.29160058718348e-09,1.52108831723882e-09
7.29060835189228e-09,9.85909629465516e-09,2.04762478080694e-08,1.0608854009959e-08,1.61468209332654e-08,1.55768055678884e-08,1.09551542094896e-08,2.3046216363501e-08,2.62319629205935e-08,1.82082047906522e-08,3.92771288285758e-08,3.21128194150077e-08,1.94506536448889e-08,2.14887779442272e-08,1.0632605193954e-08,3.26456270998238e-08,1.62286364639975e-08,2.56225547499709e-08,1.8187733804298e-08,8.78978466732068e-09,4.98787962714408e-09,1.35417889247461e-08,8.10880041402173e-09,1.22865875514216e-08,7.38358595704308e-09,4.22594070935210e-09,5.43241931795508e-09,6.80690967535161e-09,4.93126661130289e-09,7.29049412299997e-09,3.53054601141044e-09,4.54917172679759e-09,2.54504209726279e-09,3.93657954090966e-09,4.97109937868128e-09,4.25853675404989e-09,4.01011836514224e-09,2.15009116469936e-09,1.69926906948281e-09,4.2900148598142e-09,2.23109508913743e-09,4.45171072318848e-09,3.70007254898612e-09,5.99206753563806e-09,1.1745522846531e-08,5.20240225542322e-09,9.78390423885756e-09,7.51185674096888e-09,6.56655238993097e-09,1.34559630241997e-08,1.58659699656071e-08,1.0950905064013e-08,2.26061179141182e-08,1.87831896055206e-08,1.10331968234854e-08,1.28411681509066e-08,6.67191204326012e-09,1.85572250205718e-08,1.13944059347563e-08,1.63296080985695e-08,1.08080898919904e-08,5.57497258158323e-09,3.162596444443e-09,9.55736775846155e-09,5.52089257388725e-09,8.80680183866608e-09,4.82696739264943e-09,2.79621489195281e-09,2.3767355747139e-09,4.80663899455803e-09,2.87824486847053e-09,4.62096234585226e-09,2.16701261217851e-09,2.02036795064414e-09,1.46800854092886e-09,2.12185421701312e-09,2.14211942044741e-09,2.0653145987454e-09,1.93262999326451e-09,1.18109144057327e-09,1.11136937239547e-09,1.83503365965326e-09,1.50665099529509e-09,2.21269382194998e-09
1.07851387382347e-08,1.72783423471395e-08,1.61676982079461e-08,1.52807388405823e-08,2.57922384856271e-08,2.19665499884337e-08,1.97437981487292e-08,1.82585961602753e-08,2.3717310068295e-08,2.96756031203716e-08,3.21128194150077e-08,4.65282084108676e-08,1.54046028737988e-08,1.93169959219483e-08,1.00019310765996e-08,2.65256974757525e-08,1.45405868670513e-08,2.0559407604746e-08,1.62730638299865e-08,8.22240350717594e-09,5.18445019109438e-09,1.20550479500343e-08,7.65028923563105e-09,1.097252201213e-08,7.00297023100629e-09,4.46216878268165e-09,5.69859083867295e-09,6.50237852350123e-09,5.18351596589018e-09,7.04711710869195e-09,3.70303306883878e-09,4.8494561866051e-09,2.83560405675094e-09,4.15013606200598e-09,5.36638066849537e-09,4.54017508321908e-09,4.17421595919275e-09,2.42435577645095e-09,1.9331122417571e-09,4.57246560449807e-09,2.51698413537079e-09,4.76274427303806e-09,4.10534992122012e-09,1.06492223942538e-08,1.027130604927e-08,7.06127001850671e-09,1.5976375538705e-08,1.06782516209201e-08,1.2450304325019e-08,1.17800180033676e-08,1.42058169612559e-08,1.82996247115603e-08,1.93642857033192e-08,2.75139797252972e-08,9.6549631718755e-09,1.14489443623299e-08,5.99360260564405e-09,1.57929930983007e-08,1.02449605436313e-08,1.39188426418121e-08,9.49155129036194e-09,5.0862789778605e-09,3.08874615907572e-09,8.46992965815025e-09,5.11356834104049e-09,7.55728831193382e-09,4.41612279263204e-09,2.777907289567e-09,2.62340270917994e-09,4.39171592188275e-09,2.92816548923345e-09,4.4108732944273e-09,2.16478689381696e-09,2.24233268875273e-09,1.63084430852096e-09,2.26972728174083e-09,2.25920665777926e-09,2.27425296233e-09,2.05105544143673e-09,1.37659521588158e-09,1.25299832798241e-09,1.95873247272678e-09,1.65581032063227e-09,2.38070727780623e-09
5.65391990459408e-09,8.53062539054066e-09,2.04520992106091e-08,8.71888579049622e-09,1.62505338834981e-08,1.5318870229137e-08,9.54928234952301e-09,2.30746215823916e-08,1.09396769729811e-08,1.84201431862045e-08,1.94506536448889e-08,1.54046028737988e-08,2.56625065034605e-08,1.19115539473144e-08,6.01667837589047e-09,2.14137434018211e-08,1.05918341726893e-08,1.92187373285562e-08,1.00082152751212e-08,5.10126878307039e-09,4.61899591686941e-09,8.92748757871362e-09,5.16802716602476e-09,8.67095186876063e-09,4.33167504724803e-09,4.04101092111903e-09,2.8642568734173e-09,4.37798721258573e-09,4.53075848067332e-09,4.80312523913947e-09,3.44981438401605e-09,2.41635738285371e-09,1.91791691392994e-09,3.80026623177273e-09,2.6399044159737e-09,4.03740450019297e-09,2.15151715815484e-09,1.63625858790186e-09,1.33947324262473e-09,2.28269204085205e-09,1.68875699745953e-09,2.40975061446564e-09,2.52480259642194e-09,5.25283790120582e-09,1.12783724473916e-08,3.95574420662639e-09,9.50780599893103e-09,6.70671904883383e-09,5.57826791500488e-09,1.27181513586471e-08,7.2453910580655e-09,1.04753543637454e-08,1.19565483414752e-08,9.7257411141445e-09,1.415402837337e-08,7.97646064542281e-09,3.11454966758417e-09,1.32480523514089e-08,7.3207364118723e-09,1.19460140559181e-08,6.529929423121e-09,2.62021331129409e-09,2.40551900908278e-09,6.08223576338787e-09,3.070620003594e-09,5.93932012841071e-09,2.30267694280895e-09,2.17036671261075e-09,1.3896690817391e-09,2.75577702779666e-09,2.47750038613185e-09,2.85001047849839e-09,1.84390554783237e-09,1.24547922653592e-09,9.85223279241893e-10,1.97466713356354e-09,1.03137570016764e-09,1.67872852888893e-09,1.19806592869729e-09,7.23017202549956e-10,8.91594438808324e-10,8.24437890462617e-10,1.09500083523498e-09,1.44855573253208e-09
6.34078001059694e-09,4.9214484515653e-09,9.91890969795198e-09,5.97865155772992e-09,8.81182727417388e-09,8.90261725064326e-09,5.39538523090818e-09,1.0938212078811e-08,2.82705960119102e-08,9.82258843570124e-09,2.14887779442272e-08,1.93169959219483e-08,1.19115539473144e-08,3.10920062323924e-08,1.28700524889596e-08,2.37067791436151e-08,2.3588136766841e-08,1.76818494462333e-08,2.60467963169737e-08,1.05730466025687e-08,5.42648352962307e-09,1.96049378264521e-08,9.59634146960406e-09,1.78961114901479e-08,8.9383845768975e-09,4.53617341261605e-09,5.79633277496226e-09,8.05767327059451e-09,5.28878787779040e-09,8.55189583856254e-09,3.7804428784862e-09,4.91353841582011e-09,2.69635693887258e-09,4.27277748691588e-09,5.38684618900243e-09,4.58550047821857e-09,4.36908196529001e-09,2.22410524284751e-09,1.74133521441157e-09,4.63135835656673e-09,2.30649841889327e-09,4.7537681074682e-09,3.84433026982399e-09,2.36302563922487e-09,5.85025144891379e-09,3.02777788614043e-09,5.07394132648735e-09,4.65041533239073e-09,2.63151244953445e-09,6.41913840573168e-09,1.63066040699515e-08,5.61097992119797e-09,1.19778737636049e-08,1.06390298547283e-08,6.71322891581942e-09,1.79211166316726e-08,8.37951309363871e-09,1.28123677143373e-08,1.55108054360575e-08,1.09430942445526e-08,1.48711526159726e-08,7.0342192669497e-09,3.33789627570701e-09,1.28803558361329e-08,6.59824177749884e-09,1.20855565806289e-08,6.11443807521029e-09,2.8296426185512e-09,2.70248559340232e-09,5.75889830207342e-09,2.81838078529304e-09,5.6549580375086e-09,2.25693915901998e-09,2.29971487062058e-09,1.55501349012888e-09,2.14303402331373e-09,2.67398240235788e-09,2.22425760741469e-09,2.20079881262836e-09,1.25485790040836e-09,1.21718175007724e-09,2.28663910000336e-09,1.47802827983336e-09,2.54767974801733e-09
3.70645426202362e-09,4.43211308006672e-09,4.75488881043258e-09,5.71748328728387e-09,4.78517988909104e-09,5.17073690167025e-09,5.05144671434438e-09,5.29702100461834e-09,1.17552010560325e-08,5.37988536720173e-09,1.0632605193954e-08,1.00019310765996e-08,6.01667837589047e-09,1.28700524889596e-08,2.66583037261475e-08,1.16992495287883e-08,2.09553059150397e-08,1.87926100813509e-08,1.0573999730879e-08,2.19948936600536e-08,9.29423421431323e-09,1.70641660788265e-08,1.70767775362697e-08,1.31825237573392e-08,1.88227016052671e-08,7.80698088287869e-09,4.69401163748355e-09,1.44765795953046e-08,8.06432609750172e-09,1.43417322287002e-08,6.32809142325721e-09,3.90755428510123e-09,4.20213156665852e-09,6.4151745717112e-09,4.44747550686352e-09,6.68125435099285e-09,3.31073477426186e-09,3.42144284485633e-09,1.92352157071941e-09,3.66631613986958e-09,3.54497474822977e-09,3.8152656453212e-09,2.10129936897412e-09,2.47298210107166e-09,2.75292775450151e-09,3.11848145197125e-09,3.01233494366696e-09,2.70885513718942e-09,2.81653602985785e-09,2.95027615191661e-09,6.99002010743637e-09,3.27529934189169e-09,5.59976965260943e-09,5.33859601849768e-09,3.03978545477168e-09,7.44554402767957e-09,1.52434049612692e-08,5.99978443097505e-09,1.26775039040808e-08,1.04183018244614e-08,5.96279606356288e-09,1.27920088133558e-08,6.45907875739109e-09,1.04313259281322e-08,1.10509598256186e-08,8.973884876947e-09,1.09517520998755e-08,5.53976734266979e-09,3.01354399583256e-09,9.71742896038965e-09,5.03319002295017e-09,8.84063940067109e-09,4.36609530231025e-09,2.4282630455557e-09,2.11265089729903e-09,3.7368339275121e-09,2.57233497018372e-09,4.04300698381326e-09,2.18937148917405e-09,1.67764136698538e-09,1.40107054451089e-09,2.05654598528057e-09,1.95271119636827e-09,2.48176660515803e-09
6.33686791516731e-09,8.44429211610503e-09,1.73805479244437e-08,9.05954891483338e-09,1.36674966987528e-08,1.31898065621181e-08,9.34039974809697e-09,1.9449402863778e-08,2.14893339133097e-08,1.53502391157328e-08,3.26456270998238e-08,2.65256974757525e-08,2.14137434018211e-08,2.37067791436151e-08,1.16992495287883e-08,3.62127617775868e-08,1.77420294793698e-08,2.82187121363671e-08,1.98428879466338e-08,9.54027354845085e-09,5.4534567333298e-09,1.46899692282948e-08,8.90186775168751e-09,1.35063227038094e-08,7.91366577324386e-09,4.55394753166576e-09,5.95537079637626e-09,7.35207605605562e-09,5.30099211638897e-09,7.89368937286099e-09,3.76531873508616e-09,4.96402539486571e-09,2.71491435105521e-09,4.18898444618942e-09,5.36279284062987e-09,4.53599670327832e-09,4.37558655776878e-09,2.30075543724123e-09,1.82904399916483e-09,4.6321630915968e-09,2.36681357283428e-09,4.86512760990531e-09,3.01534007266857e-09,5.08889293314938e-09,9.69229629074657e-09,4.3504344464803e-09,7.90404872870097e-09,5.94258745464647e-09,5.58992436165119e-09,1.10330401613875e-08,1.28409419371595e-08,8.96434758394119e-09,1.85574948083245e-08,1.52802889080072e-08,1.19706137858906e-08,1.43599675860466e-08,7.13280419822925e-09,2.03699749372568e-08,1.24550226155139e-08,1.77246323483811e-08,1.19060844293753e-08,5.92397802589653e-09,3.5758184118854e-09,1.0322315942121e-08,5.91538847167794e-09,9.56302907064673e-09,5.10502796255e-09,3.06927378818139e-09,2.73440822650802e-09,5.14788517313114e-09,3.25544270309725e-09,5.10569580800194e-09,2.32543508592457e-09,2.30290440423807e-09,1.61872583363772e-09,2.38575930793019e-09,2.41763392357523e-09,2.30200687664983e-09,2.21964838731738e-09,1.33282232924373e-09,1.20505272748367e-09,2.10294134139623e-09,1.55534793754123e-09,2.47722410139748e-09
6.42575550092734e-09,4.90310208928195e-09,8.66569145144245e-09,5.81794801462334e-09,7.86701672739388e-09,8.00500996608304e-09,5.44130994370391e-09,9.63209408083189e-09,2.1676679352851e-08,8.86458693552733e-09,1.62286364639975e-08,1.45405868670513e-08,1.05918341726893e-08,2.3588136766841e-08,2.09553059150397e-08,1.77420294793698e-08,3.38288849254938e-08,2.61983410828292e-08,1.96059876298729e-08,1.70639082685234e-08,8.35423573923361e-09,2.78699497002968e-08,1.32722804061671e-08,2.26983690466897e-08,1.45233518637196e-08,6.93411572437612e-09,4.77650001495218e-09,1.1136424921748e-08,7.2527819016779e-09,1.10929062324356e-08,5.6802836730696e-09,3.9205291657287e-09,4.38355248586199e-09,5.80536530671865e-09,4.5066340276446e-09,6.16851828197775e-09,3.40975197040902e-09,3.60964812195938e-09,2.15536796534699e-09,3.71429466866501e-09,3.82603148603146e-09,3.90667467102697e-09,3.93942251176275e-09,2.64890650811693e-09,5.08390984636019e-09,3.26001796043103e-09,4.72492658090791e-09,4.58341532704724e-09,2.94508352943612e-09,5.5401519142169e-09,1.30563952666853e-08,5.14879609028961e-09,9.28399494681043e-09,8.46192653436958e-09,5.85892624872963e-09,1.40238955304198e-08,1.30580175883066e-08,9.84923134732592e-09,2.06747420819406e-08,1.54272179940504e-08,1.15486507065043e-08,1.07613115067981e-08,5.45096125699262e-09,1.71410478317762e-08,9.23836412794835e-09,1.52560887337347e-08,9.26902773814346e-09,4.58594527547002e-09,2.87700016602058e-09,8.11018574302279e-09,4.2740474125877e-09,7.53199917850002e-09,3.76195308801945e-09,2.33166312583661e-09,2.46436815260466e-09,3.20507865711681e-09,2.731088990367e-09,3.64713498342663e-09,2.15570013799416e-09,1.94027385546685e-09,1.55748581442829e-09,2.11619075945242e-09,2.12651171368859e-09,2.56954025422769e-09
6.08643533279663e-09,7.89846608404188e-09,1.55239301867812e-08,8.52557154901939e-09,1.21199707092036e-08,1.19383296271591e-08,8.80156982171679e-09,1.7388186718492e-08,1.62268830907184e-08,1.36952616925171e-08,2.56225547499709e-08,2.0559407604746e-08,1.92187373285562e-08,1.76818494462333e-08,1.87926100813509e-08,2.82187121363671e-08,2.61983410828292e-08,3.88370828883307e-08,1.46323663498551e-08,1.51647780313565e-08,7.98237414244034e-09,2.14198538805866e-08,1.1953431416664e-08,1.73262070121871e-08,1.26767961085739e-08,6.60564252951791e-09,4.64988105984784e-09,9.87316290370469e-09,6.81149861578788e-09,9.93650461686537e-09,5.37322973569121e-09,3.79171031870963e-09,4.24280967541508e-09,5.37152565416688e-09,4.25394808257188e-09,5.73339358707497e-09,3.30339128315281e-09,3.61701710090599e-09,2.16327077320456e-09,3.575226436378e-09,3.8485647349014e-09,3.81248889990487e-09,2.98767246927373e-09,4.89447323558687e-09,8.44410950965113e-09,4.30548071625163e-09,7.17240663562061e-09,5.74058275959194e-09,5.42201785188558e-09,9.61438188485438e-09,1.0320760986183e-08,8.11783650957658e-09,1.45718143488746e-08,1.22780883508735e-08,1.04624224248602e-08,1.12304265362375e-08,1.12941456134897e-08,1.60138063861147e-08,1.69142052758353e-08,2.32191906957873e-08,9.18645489140483e-09,9.23142074946615e-09,5.30199223708193e-09,1.39242442637514e-08,8.21812006251991e-09,1.20960938804458e-08,7.77463924473039e-09,4.50230088795296e-09,2.71638953151136e-09,7.14141284597785e-09,4.33808823406897e-09,6.50776766721356e-09,3.54563507666483e-09,2.19652592301192e-09,2.24868929380588e-09,3.19769573358203e-09,2.4846468147684e-09,3.35117367719072e-09,2.01415425808775e-09,1.82322006036604e-09,1.52207777268773e-09,1.89132956541351e-09,2.10744659786274e-09,2.48084661949073e-09
5.61641230145238e-09,4.3022179690124e-09,8.4102510399789e-09,5.14915804995979e-09,7.44988663232691e-09,7.58071204305229e-09,4.71135976349249e-09,9.26139508503861e-09,2.39499695760714e-08,8.26244451696778e-09,1.8187733804298e-08,1.62730638299865e-08,1.00082152751212e-08,2.60467963169737e-08,1.0573999730879e-08,1.98428879466338e-08,1.96059876298729e-08,1.46323663498551e-08,2.89407689862702e-08,1.15409788163727e-08,5.90738276030777e-09,2.17935533522465e-08,1.05684988577723e-08,2.00028137751186e-08,9.75039259225498e-09,4.95070180279437e-09,6.30495807107919e-09,8.86825793434456e-09,5.67328362572388e-09,9.31266430894542e-09,4.10886378411726e-09,5.26185845147886e-09,2.95222734404002e-09,4.56406006063795e-09,5.81642593208745e-09,4.91184344070932e-09,4.58003408906305e-09,2.39244453910467e-09,1.95276576938011e-09,4.90759870202056e-09,2.51175437531158e-09,5.06053669954158e-09,3.48022133297193e-09,2.18954554633427e-09,4.91137225426378e-09,2.81747436153551e-09,4.27166034396142e-09,4.08651993743805e-09,2.40104595901895e-09,5.34645318812067e-09,1.37565078775042e-08,4.63650286787055e-09,9.88676731153626e-09,8.82121993976150e-09,5.52399229241089e-09,1.48706696899976e-08,7.03322305670831e-09,1.06140809020196e-08,1.28797704556052e-08,9.14592297949373e-09,1.65767242625424e-08,7.66459724298908e-09,3.76218442884931e-09,1.43001850268351e-08,7.30527451110227e-09,1.36372785018961e-08,6.73607894590871e-09,3.21988961974384e-09,2.94442789285094e-09,6.46522197831822e-09,2.97324076589248e-09,6.14859261208652e-09,2.58112880028359e-09,2.42930025739553e-09,1.63602654777948e-09,2.2463958954219e-09,2.77841948841595e-09,2.37346010831555e-09,2.31269013934123e-09,1.40500107150579e-09,1.36861967789869e-09,2.44634065667531e-09,1.63894857496715e-09,2.72543636137385e-09
3.38189900305696e-09,3.92906983840313e-09,4.0927292083328e-09,5.17905782267349e-09,4.03809335108796e-09,4.53378187737496e-09,4.48056300442086e-09,4.50290819895927e-09,9.79580998577191e-09,4.49102653023012e-09,8.78978466732068e-09,8.22240350717594e-09,5.10126878307039e-09,1.05730466025687e-08,2.19948936600536e-08,9.54027354845085e-09,1.70639082685234e-08,1.51647780313565e-08,1.15409788163727e-08,2.43860589259609e-08,1.00583330494754e-08,1.8818074090802e-08,1.88002316509356e-08,1.44584443683e-08,2.07654622566167e-08,8.44019564080032e-09,5.10138010216248e-09,1.59139182856141e-08,8.67670120943897e-09,1.56455326851803e-08,6.8373929352036e-09,4.22774619264576e-09,4.52114176550644e-09,6.89536447185485e-09,4.788045293431e-09,7.18076023611388e-09,3.51824786292634e-09,3.64993615639153e-09,2.15743071587142e-09,3.87764435992908e-09,3.85273028646955e-09,4.04321939209286e-09,1.97114409078067e-09,2.25941843142949e-09,2.34736540659593e-09,2.85868124905177e-09,2.6079388823732e-09,2.51870862526615e-09,2.55032451185263e-09,2.40057683868544e-09,5.71677015375542e-09,2.75641982819786e-09,4.4396031959212e-09,4.2246400608979e-09,2.50268816430038e-09,5.96148023526825e-09,1.2790485039975e-08,4.82469415016128e-09,1.04298068806751e-08,8.58724876280103e-09,6.6736506311536e-09,1.42341958375307e-08,7.10461753684578e-09,1.16972402119753e-08,1.22297683362941e-08,1.00870427860086e-08,1.22571126275045e-08,6.12325397731038e-09,3.24214361621749e-09,1.08361289617765e-08,5.38070294025948e-09,9.75319129166101e-09,4.82346667839671e-09,2.60913098547402e-09,2.24054063257383e-09,3.96722289972861e-09,2.77796325859521e-09,4.37687218945463e-09,2.25593651804166e-09,1.75909204941762e-09,1.48771002241025e-09,2.18936454487714e-09,2.03607976716771e-09,2.54040912198896e-09
2.65153426844396e-09,2.47765234243008e-09,3.57948898537238e-09,3.25306824888886e-09,3.8768896966275e-09,4.97610106105763e-09,2.77217843295784e-09,4.07554888897435e-09,5.04027728540356e-09,4.48972905569798e-09,4.98787962714408e-09,5.18445019109438e-09,4.61899591686941e-09,5.42648352962307e-09,9.29423421431323e-09,5.4534567333298e-09,8.35423573923361e-09,7.98237414244034e-09,5.90738276030777e-09,1.00583330494754e-08,2.40322847447331e-08,9.12496319937624e-09,1.76163881183899e-08,1.60584977377876e-08,8.44095609675425e-09,1.98886570494242e-08,9.05018009879732e-09,1.44714974223541e-08,1.66071238132908e-08,1.19838134584988e-08,1.64610063386257e-08,7.55814626622291e-09,4.49703570536822e-09,1.34904663818616e-08,7.38204658945586e-09,1.30700141339139e-08,6.47188975286361e-09,3.60992879094751e-09,3.47222793690543e-09,6.20244063492967e-09,3.88499626365167e-09,6.21950179720304e-09,1.28474537619802e-09,1.48414251501115e-09,1.85931058992385e-09,1.64136924429419e-09,2.09798202903724e-09,2.29778622929808e-09,1.51689891251037e-09,1.94355618554803e-09,2.28970794067968e-09,2.15123098192738e-09,2.252539999187e-09,2.3138810249994e-09,2.13678588851679e-09,2.34862214786739e-09,5.17845335754323e-09,2.60571073416466e-09,4.64733954480672e-09,4.68847655621669e-09,2.60089298002519e-09,5.41666647529169e-09,1.38354501923895e-08,4.98691049808953e-09,1.09814938381458e-08,1.01857346375307e-08,4.59351313780204e-09,1.18404578049014e-08,6.03582735826001e-09,9.32279311385923e-09,1.01321540381223e-08,7.52134624411399e-09,9.69509381900894e-09,5.02612440578785e-09,2.76485926462595e-09,7.93504289663052e-09,4.78794052986278e-09,7.59904270204197e-09,4.38245634683063e-09,2.22782780095124e-09,2.08028247649007e-09,4.13984372555773e-09,2.68725346123292e-09,4.20858467784371e-09
5.80005764936833e-09,4.22121691301124e-09,7.34122690265475e-09,5.11076009350261e-09,6.57028140351695e-09,6.80700688312074e-09,4.69200165680106e-09,8.13868230052566e-09,1.81833847927835e-08,7.37637915493017e-09,1.35417889247461e-08,1.20550479500343e-08,8.92748757871362e-09,1.96049378264521e-08,1.70641660788265e-08,1.46899692282948e-08,2.78699497002968e-08,2.14198538805866e-08,2.17935533522465e-08,1.8818074090802e-08,9.12496319937624e-09,3.11561991178677e-08,1.45775439744288e-08,2.53028049451743e-08,1.59860412678792e-08,7.59209414519973e-09,5.2481122919907e-09,1.22567208384299e-08,7.84719519768765e-09,1.20569030832953e-08,6.18330916109382e-09,4.26543412404551e-09,4.74630840413566e-09,6.23618475798432e-09,4.9295428726096e-09,6.63258960222323e-09,3.57814312375236e-09,3.84188445541929e-09,2.40488559790206e-09,3.90196881517941e-09,4.14719767376179e-09,4.127878812219e-09,3.68441943066709e-09,2.35859562695096e-09,4.22228151978857e-09,3.03723724823788e-09,3.8445566725964e-09,4.01631335944588e-09,2.59348305673373e-09,4.60063295867676e-09,1.08721042413228e-08,4.12381064961387e-09,7.5164684013502e-09,6.76197842457502e-09,4.89143337197251e-09,1.15470707887529e-08,1.07593637147209e-08,8.07039077903684e-09,1.71392163697062e-08,1.27018210718612e-08,1.29751707900582e-08,1.18483618355463e-08,6.15851093063467e-09,1.945721405098e-08,1.02103031617803e-08,1.72705186642701e-08,1.02490794536301e-08,5.24759278920252e-09,3.14062232523116e-09,9.01982081903153e-09,4.6888196582439e-09,8.10227333011443e-09,4.26830383086296e-09,2.5516129678345e-09,2.54934422676529e-09,3.49250795982299e-09,2.9134283472133e-09,3.90272057135952e-09,2.21057067692297e-09,2.05957877772528e-09,1.70215695587768e-09,2.24453642283986e-09,2.26924140867708e-09,2.6762963865623e-09
