4.39224709612861e-08,1.85800318887883e-08,1.2930377155999e-08,3.08064081450373e-08,1.71134144076854e-08,2.93260400148372e-08,1.42901353687568e-08,9.65720239422375e-09,1.42567854144854e-08,1.31703290002621e-08,9.56984510629536e-09,1.33142687215874e-08,8.13392781991202e-09,1.10469200558813e-08,8.85061848504866e-09,7.61107501379135e-09,1.37595462125378e-08,1.06369516379479e-08,8.60085635631562e-09,6.14512933653052e-09,4.73119709069636e-09,9.84803307966457e-09,6.37994527049041e-09,1.02826395891012e-08,5.00593572266209e-09,3.52426658957832e-09,3.48436046555121e-09,5.01519738283596e-09,3.65502607971485e-09,4.91674622938195e-09,2.8674475601166e-09,2.52169466438918e-09,2.15693031379702e-09,2.8941662439639e-09,2.65000203734967e-09,3.42556811140231e-09,2.17375339590388e-09,1.94050867774986e-09,2.44402950383234e-09,2.27201353957869e-09,2.66383180230748e-09,2.76067448459384e-09,2.21860428736141e-09,2.58966627510312e-09,2.14398665410073e-09,3.01251384795147e-09,2.73270097575448e-09,2.72042334127726e-09,2.00080631660787e-08,1.22056216294239e-08,4.85899660057463e-09,1.59545791668199e-08,1.05521525719255e-08,1.39811558877834e-08,8.39980631819376e-09,4.38849428118328e-09,4.39942070618753e-09,6.89992261100581e-09,3.00193623822858e-09,4.69303626707852e-09,3.73316852881229e-09,3.13043913258489e-09,4.3792712151159e-09,3.09715202787776e-09,4.77614234701943e-09,4.95811879488158e-09,3.03120783407168e-09,3.42648672584673e-09,1.89262713185457e-09,4.98911524554545e-09,2.90937748443336e-09,4.43179394679652e-09,2.73786140561989e-09,1.61361921074219e-09,2.18900631370812e-09,2.53750931761452e-09,1.71779516462798e-09,3.01557463362605e-09,1.43559380015906e-09,1.28571260337772e-09,1.11878367906096e-09,1.50043488137898e-09,1.56314863178459e-09,1.56116462879106e-09,1.17174270776919e-09,1.12400011685113e-09,7.91423144539085e-10,1.32259413782279e-09,9.87010888340769e-10,1.24737692724204e-09,1.27449394612799e-09,9.64920674785123e-10,-2.27987812441109e-11,1.46436463252064e-09,2.36476036596573e-10,6.38454931005769e-10
1.85800318887883e-08,9.39596038323574e-08,2.38684571339063e-08,4.98726716757987e-08,7.33127780951065e-08,3.21001755110764e-08,6.795654828538e-08,1.74632014600431e-08,1.19037734992419e-08,5.12452311360996e-08,1.52773559186874e-08,4.99195133185106e-08,1.43527340060655e-08,9.71914190120291e-09,1.84260557905043e-08,1.21010995650212e-08,1.20957052725473e-08,1.45351194898296e-08,7.57334469817035e-09,1.45967043738444e-08,7.5022779899611e-09,9.27447817686421e-09,1.58204289109527e-08,1.03455125634711e-08,1.16128302943171e-08,5.28273458620954e-09,4.65325147346127e-09,1.23574543889808e-08,5.57346639374167e-09,1.24960307775123e-08,4.26514945629974e-09,3.74649921124508e-09,3.24124522004705e-09,4.77328406440888e-09,3.96480167939519e-09,5.17718124466231e-09,3.5657283621894e-09,2.61437196077595e-09,2.83261756596768e-09,3.52017738579811e-09,3.57667575748968e-09,4.10690062153911e-09,2.47314629597412e-09,3.27504745992075e-09,2.40340315258311e-09,3.4691198070629e-09,3.41781291106531e-09,3.81251879426136e-09,7.73329516720042e-09,3.45370365188626e-08,1.20816181536008e-08,2.2113148067314e-08,3.17043931797687e-08,1.70990483007087e-08,2.58803389976992e-08,9.29912220993191e-09,3.87899239327721e-09,2.19070944431383e-08,7.51696205372279e-09,1.52731177680405e-08,7.36371344471893e-09,3.1704147698199e-09,7.9557331551492e-09,6.33967412195688e-09,5.92445803259613e-09,7.52354191029558e-09,2.37442403047651e-09,6.56711917456123e-09,3.27425112361842e-09,5.06383019916076e-09,7.5017691295436e-09,4.17420255470151e-09,5.13943220938227e-09,2.70512466374865e-09,9.74248168253832e-10,5.57204350542085e-09,2.26517408847174e-09,4.00960324582124e-09,2.34512798065074e-09,4.60318158376714e-10,1.01224038637018e-09,1.69140319772518e-09,1.83093746425426e-09,2.2652462059213e-09,9.39656364691841e-10,1.00308084296605e-09,1.13637748649439e-09,1.2040625833344e-09,1.48152331534331e-09,1.83024115051077e-09,1.2747988958332e-09,1.25581618495294e-09,1.30653051515433e-09,1.99094512540907e-09,1.11603019553614e-09,1.44686404117021e-09
1.2930377155999e-08,2.38684571339063e-08,7.39759990208672e-08,2.32323367019962e-08,5.01819188200874e-08,4.76829030563411e-08,1.74853064509404e-08,5.47734119246089e-08,1.88095932298244e-08,3.70724927231428e-08,3.69277976656263e-08,2.51367416063841e-08,4.50526541634489e-08,1.53496772495292e-08,1.2792793361139e-08,3.05526458327576e-08,1.69276965098991e-08,3.2613788558407e-08,1.13443734122265e-08,9.55681799075393e-09,1.26264785928376e-08,1.25065342316841e-08,9.98480857832744e-09,1.26254291318807e-08,7.64576984810755e-09,9.4781162508067e-09,3.95090515390227e-09,7.98591316664629e-09,9.50667654773933e-09,8.05956763754191e-09,8.05759910038448e-09,3.29325496402873e-09,4.74160824937344e-09,8.41235888909801e-09,3.4420885094448e-09,1.00974755176041e-08,2.91040356507936e-09,3.46359543085379e-09,3.01144325991881e-09,2.92666037900956e-09,3.96638291445651e-09,3.53034385956792e-09,4.18823366850268e-09,2.83231325131426e-09,3.14946364751833e-09,4.80040654106928e-09,3.35337042242864e-09,3.41902899828775e-09,6.24989389549985e-09,7.19978303095104e-09,3.22218915243447e-08,7.65204293439014e-09,2.18206400416796e-08,2.35015645260668e-08,6.70247166356692e-09,2.54957715236672e-08,8.47364412762374e-09,1.53115780582601e-08,1.84563203931386e-08,1.05548494938459e-08,1.90786997696457e-08,7.17749220637255e-09,5.57222148631257e-09,1.49949055106243e-08,6.17282541949795e-09,1.43134286458203e-08,5.96113631680744e-09,4.22689108897934e-09,5.81961699267326e-09,5.80040788727256e-09,5.4250102279003e-09,5.84577346574855e-09,3.07177227891425e-09,4.62171768932991e-09,1.06198479599763e-09,4.24871792241379e-09,5.43606298084208e-09,4.08787167589231e-09,3.83298591731072e-09,3.78966459765237e-10,2.31254483063346e-09,4.379374912905e-09,2.7944048565506e-09,3.70578760847395e-09,4.79933139570405e-10,1.91290194406808e-09,1.20917923820294e-09,1.86163973704896e-09,1.09727468684634e-09,2.06139460165032e-09,2.35953276351398e-09,1.20302359623968e-09,2.07765932118215e-09,1.44869678325205e-09,1.31605873194996e-09,1.24671497902998e-09
3.08064081450373e-08,4.98726716757987e-08,2.32323367019962e-08,7.01668237716114e-08,3.18503206712554e-08,4.68861503391396e-08,3.76201634178761e-08,1.66723161249101e-08,1.15307071713303e-08,2.27541920948613e-08,1.47600783214436e-08,2.00983001706872e-08,1.35408646166784e-08,9.35142501898359e-09,2.04667021154596e-08,1.16541518960483e-08,1.27724887755696e-08,1.45888195848816e-08,7.34575954392976e-09,1.60213506292424e-08,7.48088922520787e-09,9.51022775354322e-09,1.69076033015644e-08,9.04007257920686e-09,1.2850547166566e-08,5.48587733088486e-09,4.46892057569829e-09,1.3356426480077e-08,5.7755568847845e-09,1.31150794334167e-08,4.71692036951678e-09,3.49732591556449e-09,2.91012557775175e-09,4.87027248042553e-09,3.68895207350406e-09,5.30370758739907e-09,3.1967063694365e-09,2.64896847657521e-09,2.91854165245455e-09,3.2543243658094e-09,3.6340340287049e-09,3.8346573080642e-09,2.67473653029274e-09,3.3053474913186e-09,2.29097902169165e-09,3.75190803759936e-09,3.40804302223593e-09,3.98591970332134e-09,1.38703421897007e-08,2.502869153587e-08,1.0103513947381e-08,3.20790704634557e-08,1.70020691738763e-08,2.33496230164037e-08,1.97632560367646e-08,8.42420496441153e-09,5.51420230868903e-09,1.20234791246144e-08,5.60825567648628e-09,9.14468277832557e-09,6.73074864664472e-09,4.7646895518464e-09,9.64231163425749e-09,4.74571232680052e-09,5.98725757063399e-09,7.45544401452532e-09,4.29697179894508e-09,8.21867011028105e-09,3.00289030154832e-09,5.35229024632501e-09,7.08115588948353e-09,4.9206820847855e-09,6.27942967498295e-09,2.4628468176346e-09,1.98159360609577e-09,5.80300580498663e-09,2.05774956960085e-09,5.07096604133282e-09,2.20616242824897e-09,1.15943476821445e-09,9.01739955792761e-10,1.48080438241265e-09,1.70000777800045e-09,2.22862769433395e-09,1.27406188609599e-09,9.62601636841194e-10,1.15634796825225e-09,1.30802460490532e-09,1.13590049594255e-09,1.29372846284202e-09,1.34433672281807e-09,1.37264845938573e-09,8.21736733404524e-10,1.89284099949027e-09,1.08189068262385e-09,1.49403098819238e-09
1.71134144076854e-08,7.33127780951065e-08,5.01819188200874e-08,3.18503206712554e-08,1.11226284878654e-07,6.04547621742495e-08,5.12577514895321e-08,3.70562589410009e-08,1.8508803698033e-08,8.0158590883074e-08,2.43636849692682e-08,6.45697437741113e-08,3.00787738010695e-08,1.48321229915493e-08,1.30335052371751e-08,1.94564856491311e-08,1.64349710124007e-08,2.10744105881329e-08,1.10115464880165e-08,9.63514215990773e-09,1.29376602566368e-08,1.20993940694027e-08,1.06686748536937e-08,1.40358596506231e-08,7.50565773961377e-09,9.81006725844758e-09,5.16198572925093e-09,8.09879142938696e-09,1.05593295382596e-08,8.72563123827477e-09,8.5241955550632e-09,4.37508164749097e-09,4.74916053409636e-09,9.26662985132559e-09,5.04750298668871e-09,1.01741540529495e-08,3.97770855200452e-09,3.39340269073826e-09,3.87551750100353e-09,4.33771703578575e-09,4.37768872410657e-09,4.90266326574721e-09,3.13780570018069e-09,4.33038530847856e-09,2.84485303103266e-09,4.30536402840015e-09,4.09896728788104e-09,4.14091026756248e-09,7.65804906549917e-09,2.26897914443124e-08,2.54016157812146e-08,1.157557548972e-08,4.83637330814274e-08,2.96044395725439e-08,1.69690452792629e-08,1.80890959436127e-08,9.25398947778052e-09,3.37632694632648e-08,1.42227034717776e-08,2.73027158483267e-08,1.34784197525926e-08,7.4629158721297e-09,4.3807420491182e-09,1.18957695901382e-08,6.9922703928421e-09,1.0110810434875e-08,5.85211267728454e-09,3.55866072326745e-09,5.20386227301038e-09,5.87148908553003e-09,5.26477002820748e-09,6.87632232517734e-09,2.67484949662092e-09,4.32457597405914e-09,7.66344988656902e-10,3.54544162575174e-09,4.10315922521752e-09,3.49026577336025e-09,3.54077468260148e-09,6.57708537272011e-10,2.08486954817214e-09,3.39061024311752e-09,2.63000582385554e-09,3.22972326336181e-09,1.03500420740885e-09,1.67591620930335e-09,1.96748738326669e-09,1.46349080493691e-09,1.74459642092391e-09,2.41343831680141e-09,1.90648386502713e-09,2.17950130879325e-09,1.53699591921153e-09,1.98854588926155e-09,2.22413664353958e-09,1.68825030795454e-09
2.93260400148372e-08,3.21001755110764e-08,4.76829030563411e-08,4.68861503391396e-08,6.04547621742495e-08,8.16195742728549e-08,2.30287997585743e-08,3.47288801941705e-08,1.71967378070493e-08,4.39920001819177e-08,2.24178737338631e-08,3.02506400933042e-08,2.84429505407416e-08,1.38197243520862e-08,1.37814420892445e-08,1.83776711679908e-08,1.64965431402628e-08,2.0254712346961e-08,1.0501609353863e-08,1.00703793801339e-08,1.29257990868162e-08,1.19395808506178e-08,1.06796954180537e-08,1.2444606977155e-08,7.82984853419697e-09,1.02312659771801e-08,4.67972783480246e-09,8.16087301984398e-09,1.04596053073306e-08,8.33230754655825e-09,8.72350368611511e-09,3.81828967468085e-09,3.8470939157404e-09,9.16622052395638e-09,4.26207223483854e-09,9.74797293188597e-09,3.24111966503376e-09,2.91454874320412e-09,3.94874081113416e-09,3.55283034894483e-09,4.12983008383454e-09,4.60256369816304e-09,2.84469991165409e-09,4.18337647185639e-09,2.57579247599428e-09,4.18565280283627e-09,3.90504414267428e-09,3.87830542451622e-09,1.32525221614624e-08,1.32761674380666e-08,2.35489727718024e-08,1.85440405345988e-08,3.02528791789014e-08,3.83323270376328e-08,1.07058249258937e-08,1.76156217988727e-08,8.62961833070251e-09,2.17339712262387e-08,9.74827863036192e-09,1.48267446975384e-08,1.36418232484266e-08,7.6231583471977e-09,5.95093649472716e-09,8.70226802745121e-09,7.08713281515662e-09,9.46421866553585e-09,6.57640183672301e-09,5.03902419942622e-09,4.62070997266504e-09,6.22028297674196e-09,4.61681962724142e-09,7.02301979150201e-09,3.66900381219395e-09,3.84075735944817e-09,2.04954825518512e-09,3.32079632762941e-09,4.4480352103042e-09,3.12032849703983e-09,3.06896386622507e-09,1.5009080394392e-09,1.55621228262619e-09,3.42910861491743e-09,2.37058808299341e-09,3.20176288569921e-09,1.37194022494669e-09,1.19902984163611e-09,1.93920887154451e-09,1.46176776832811e-09,1.23389504599422e-09,2.29511081345423e-09,1.46919865821759e-09,2.25114016290838e-09,8.20889374671382e-10,1.64607801769108e-09,1.68456475956426e-09,1.13131109673155e-09
1.42901353687568e-08,6.795654828538e-08,1.74853064509404e-08,3.76201634178761e-08,5.12577514895321e-08,2.30287997585743e-08,1.13339492331139e-07,2.32715667821501e-08,1.50977348603354e-08,9.14527410502271e-08,2.18969935070921e-08,9.41178477322051e-08,1.88590878743069e-08,1.15604852257011e-08,2.24671149024685e-08,1.70007077702139e-08,1.4003013311139e-08,2.0384666977934e-08,8.87723046754586e-09,1.73215060523521e-08,8.65502313335572e-09,1.05580510691791e-08,1.83623025615071e-08,1.13439161891697e-08,1.36145793977243e-08,6.01396457051151e-09,5.39207217561644e-09,1.42772483235692e-08,6.53177762025693e-09,1.465049587749e-08,4.49510517481689e-09,3.95623742186215e-09,3.40210882673882e-09,5.01947361801519e-09,4.19330314634162e-09,5.46803005078449e-09,3.71827853897871e-09,2.64256693638219e-09,2.89897042008092e-09,3.72086331814971e-09,3.80201906030466e-09,4.53044319945519e-09,2.26494725317593e-09,2.50853933137979e-09,2.52795141831593e-09,3.39415679600111e-09,3.08260684091436e-09,3.9047922503785e-09,6.21379841372259e-09,2.5887052028482e-08,9.28970057440564e-09,1.81903788465464e-08,2.19167556129037e-08,1.31798707399823e-08,4.67904116265001e-08,1.33167097390445e-08,5.95547383413104e-09,4.12754890395707e-08,1.1281886922232e-08,3.3836015840115e-08,1.00199865108984e-08,4.40509020769548e-09,6.5167258520228e-09,8.02121416856848e-09,5.81427220582211e-09,1.04357186126643e-08,3.15524915039479e-09,6.39361569390805e-09,4.20980589121863e-09,4.94413444327517e-09,7.58007921241284e-09,4.07712260946815e-09,4.75824126339755e-09,3.22487541357923e-09,1.45950835033694e-09,5.19694617722354e-09,3.34825046585281e-09,3.91466116740958e-09,2.57307831866599e-09,4.65320093007646e-10,1.18980640591954e-09,2.03219824211419e-09,1.93138662088773e-09,2.83336252792674e-09,1.07057240621967e-09,9.93243853720314e-10,1.23978175863979e-09,1.54475779382502e-09,1.52177123676127e-09,1.99705586361483e-09,1.09966838917543e-09,1.27130894309726e-09,9.572975965072e-10,1.79665306016016e-09,8.56279598359e-10,9.9552114708235e-10
9.65720239422375e-09,1.74632014600431e-08,5.47734119246089e-08,1.66723161249101e-08,3.70562589410009e-08,3.47288801941705e-08,2.32715667821501e-08,6.43010698772413e-08,2.23207537364552e-08,4.69782327962229e-08,4.50724138708579e-08,3.41016393536877e-08,5.14222546049807e-08,1.77304460585058e-08,1.45884525153776e-08,3.58278489507765e-08,1.92331708089392e-08,3.77571395496648e-08,1.29659464596986e-08,1.1032769324817e-08,1.39196576250879e-08,1.41292558261282e-08,1.14566777681262e-08,1.42727218895417e-08,8.87003851457553e-09,1.04969582051441e-08,4.33851212599559e-09,9.13224325591513e-09,1.07249099459783e-08,9.31703558542999e-09,8.78901429356289e-09,3.54856330787848e-09,4.99325791615267e-09,9.21781816737422e-09,3.85557906218777e-09,1.10112587282812e-08,3.09328839015714e-09,3.63476493445912e-09,3.36415962841962e-09,3.2753100589972e-09,4.39831676809997e-09,4.08261645430769e-09,3.0933533310359e-09,2.91720966731708e-09,2.27190517711142e-09,3.91398831644718e-09,2.67549294299517e-09,3.38149869012287e-09,5.73417777359858e-09,6.70112863644114e-09,2.54771838447611e-08,7.29388673611835e-09,1.53117134345397e-08,1.76547306382228e-08,1.14780165386851e-08,3.24107433826874e-08,1.02008397418083e-08,2.18650131127639e-08,2.37081070878356e-08,1.70339220370932e-08,2.36535488556029e-08,8.27024599259972e-09,6.300289636793e-09,1.78915211067347e-08,6.6753487960786e-09,1.72877934618973e-08,6.38968494850186e-09,4.49738068890224e-09,7.4287796453401e-09,5.93157106677575e-09,5.67167957351224e-09,5.63220221710549e-09,3.35312729259466e-09,5.6639122938769e-09,1.13440812382667e-09,4.53868588054766e-09,6.29140374328491e-09,4.48256408308966e-09,4.97104334425852e-09,5.50978654178853e-10,2.59791146282341e-09,5.13332477072622e-09,3.39428226434572e-09,4.9004167944612e-09,6.71087582388908e-10,2.21555304038149e-09,1.51261236520882e-09,2.4678140156487e-09,1.48634492344509e-09,2.49086535034701e-09,2.02629387044658e-09,1.27464157058519e-09,1.31905832398173e-09,1.35009322057853e-09,1.52429985070907e-09,1.50536722584655e-09
1.42567854144854e-08,1.19037734992419e-08,1.88095932298244e-08,1.15307071713303e-08,1.8508803698033e-08,1.71967378070493e-08,1.50977348603354e-08,2.23207537364552e-08,7.10343149913883e-08,2.2809533685115e-08,4.91220711372058e-08,4.90646939005333e-08,1.77406174421331e-08,5.54137794415193e-08,2.49796939583509e-08,3.79599410387678e-08,4.25168812526402e-08,2.88968059152933e-08,4.21130314672848e-08,1.82973042305915e-08,1.06911717135132e-08,3.1515961047401e-08,1.71735822033953e-08,2.97275952222307e-08,1.43183678474496e-08,8.05933055722802e-09,9.92712800212989e-09,1.30302736080017e-08,8.15489827036937e-09,1.25747232607676e-08,6.35908507943748e-09,7.53176106264526e-09,4.75506860717106e-09,6.30507965402172e-09,8.68453273333109e-09,7.26089735331068e-09,6.66061640107108e-09,4.31179251819967e-09,3.47883700132917e-09,7.89008818952027e-09,5.12089685524662e-09,7.66915790010809e-09,3.47334594245992e-09,2.93871042260116e-09,2.5043945101227e-09,4.42113624752553e-09,3.25466233073212e-09,4.44672547147289e-09,7.17070924042332e-09,5.65634560375935e-09,9.52257036937747e-09,5.349243191009e-09,9.3352723927507e-09,8.74845917935278e-09,6.99208126470481e-09,1.01884860472557e-08,3.13981304181738e-08,1.10306115330076e-08,2.19246817879999e-08,2.25094324657517e-08,8.30824931115545e-09,2.5611264503685e-08,1.48831697765365e-08,1.83074860553946e-08,1.94496364842455e-08,1.40996798180345e-08,1.90452552521118e-08,1.11351078578485e-08,5.84674976442566e-09,1.55922278107923e-08,9.62031896615462e-09,1.29118919633891e-08,8.126033761795e-09,4.76209424362908e-09,4.18039731059128e-09,7.21118288056089e-09,4.65904548671198e-09,6.12433909587376e-09,4.06579913712703e-09,2.39516102618301e-09,2.21118390897678e-09,3.87525589155635e-09,3.31054547537111e-09,2.67100105936082e-09,2.15028463957387e-09,2.01688764189502e-09,1.33471945543673e-09,3.08023359250463e-09,2.2870571769391e-09,2.19619946409475e-09,1.72497191109594e-09,1.59889257056212e-09,1.8007701881178e-09,2.74238813395276e-09,2.72481433506011e-09,2.95639138074494e-09
1.31703290002621e-08,5.12452311360996e-08,3.70724927231428e-08,2.27541920948613e-08,8.0158590883074e-08,4.39920001819177e-08,9.14527410502271e-08,4.69782327962229e-08,2.2809533685115e-08,1.26527290308956e-07,3.38142359547251e-08,1.12973208949612e-07,3.75539668975323e-08,1.72815238364037e-08,1.52187695380252e-08,2.64646191233832e-08,1.85187670402799e-08,2.84510236798124e-08,1.27329902943325e-08,1.14002753302345e-08,1.39715443992873e-08,1.36286542900582e-08,1.23721538275156e-08,1.55874647148419e-08,8.93431068738899e-09,1.05743853640912e-08,5.74676257151432e-09,9.39250178334126e-09,1.1705022905571e-08,1.04924316730182e-08,8.80823507637999e-09,4.72150399150255e-09,4.89703749395995e-09,9.65597882127167e-09,5.36939009731475e-09,1.06219142395071e-08,4.20853872527116e-09,3.40529309085601e-09,4.06612759904096e-09,4.58115659612961e-09,4.58702030162918e-09,5.4600455397696e-09,2.9363252537887e-09,3.62208171050669e-09,2.86122460700686e-09,4.24214609229401e-09,3.6665765121954e-09,4.16521333289469e-09,6.49105170560028e-09,1.69732145958389e-08,1.80716486128385e-08,1.037402187055e-08,3.37704412501613e-08,2.15222413977209e-08,4.28964174134254e-08,2.40036924681575e-08,1.14759442287164e-08,5.95495326314136e-08,1.97817677220215e-08,5.28819587534948e-08,1.71865292606947e-08,8.31931444564264e-09,3.6147509952686e-09,1.45293785851967e-08,6.98746536037099e-09,1.44897986512945e-08,6.2299544555368e-09,3.21419565146401e-09,5.54904836583506e-09,5.73290540738459e-09,5.05523477871902e-09,6.34742228271693e-09,2.35579436139028e-09,4.19400238387045e-09,9.8917086096571e-10,3.30223723816836e-09,4.75138119708376e-09,3.9513244591767e-09,3.39718362344345e-09,7.51675279691167e-10,2.03832834665918e-09,3.43050279383501e-09,2.74588814027778e-09,3.25936919999947e-09,1.24681641166421e-09,1.57698300629145e-09,2.07804213253483e-09,1.79481229738977e-09,1.86778038285952e-09,2.81882390065306e-09,1.67046808145944e-09,2.11393609344792e-09,1.23350624419963e-09,1.8917206529454e-09,1.64585190817245e-09,1.18775044965336e-09
9.56984510629536e-09,1.52773559186874e-08,3.69277976656263e-08,1.47600783214436e-08,2.43636849692682e-08,2.24178737338631e-08,2.18969935070921e-08,4.50724138708579e-08,4.91220711372058e-08,3.38142359547251e-08,7.80059836868848e-08,6.23660664346072e-08,3.58363575043219e-08,3.79566999485829e-08,2.2139607594289e-08,6.03267774802217e-08,2.85052797468973e-08,4.68804414971399e-08,2.82478875280692e-08,1.61865557637037e-08,9.73837255089422e-09,2.10277386855366e-08,1.58085255320362e-08,2.04642758511605e-08,1.28952611362037e-08,7.39797536672045e-09,9.70416252583158e-09,1.19638098475491e-08,7.36322550131383e-09,1.16415255810519e-08,5.64664793173208e-09,7.65133593405467e-09,4.86225836002232e-09,5.65022566469786e-09,8.84774011062533e-09,6.82416059221861e-09,6.7994264266349e-09,4.26066783884669e-09,3.76762119380601e-09,8.0500979935517e-09,5.24593300640953e-09,7.91420479642837e-09,3.38896833580621e-09,3.11081477823836e-09,2.69652822200053e-09,4.36179997958222e-09,3.46965513014163e-09,4.50459478665646e-09,5.69224086109513e-09,6.792406509017e-09,1.71493944878158e-08,7.45913444388785e-09,1.02720830001109e-08,1.16881730893616e-08,1.1349957318391e-08,2.2029618169469e-08,2.2384455704568e-08,1.59616104899888e-08,3.66537408466813e-08,2.9548902835572e-08,1.66178390930993e-08,1.77260047862695e-08,1.23609091530912e-08,2.80569769475619e-08,1.15487747435021e-08,2.23065211848337e-08,1.30868796548147e-08,8.81934102903718e-09,5.11009512509682e-09,9.36814776303117e-09,8.64499047927907e-09,8.68700613496871e-09,6.58072756141239e-09,3.91475444741288e-09,3.8173950450461e-09,6.58636930684695e-09,3.69938460129463e-09,4.63495736293285e-09,3.1991137352051e-09,2.530855218577e-09,2.23901176486842e-09,2.85188827076608e-09,4.30167696290302e-09,3.32492380277022e-09,2.30900803729783e-09,1.88122796064392e-09,1.79044904060898e-09,3.81085645706442e-09,1.43791463805666e-09,2.08277168633628e-09,1.48180030422521e-09,1.68415787974488e-09,2.06417072965578e-09,1.65935579858347e-09,2.94908190321485e-09,2.40458047403321e-09
1.33142687215874e-08,4.99195133185106e-08,2.51367416063841e-08,2.00983001706872e-08,6.45697437741113e-08,3.02506400933042e-08,9.41178477322051e-08,3.41016393536877e-08,4.90646939005333e-08,1.12973208949612e-07,6.23660664346072e-08,1.59523252642446e-07,2.69979137021143e-08,3.73121754821572e-08,2.35500548329645e-08,4.78042928201213e-08,2.99424846390426e-08,3.92243437652381e-08,2.80884051744261e-08,1.7448212596878e-08,1.24410781715724e-08,2.22314208319997e-08,1.75992429685568e-08,2.25870508007504e-08,1.38293182040286e-08,9.32235363490879e-09,1.11555424363429e-08,1.332952670766e-08,1.02523172654524e-08,1.40064318935086e-08,7.61773636214446e-09,9.10250071909598e-09,5.90414283584165e-09,8.14039992738356e-09,9.62035473058251e-09,9.45056864870434e-09,8.29087119187577e-09,4.90746136731421e-09,4.41771142606029e-09,8.73267720687658e-09,6.58678709320805e-09,9.25804594276683e-09,4.15416098066514e-09,3.93726055123282e-09,3.44635792123187e-09,5.83676689451145e-09,4.32549898355613e-09,5.57503985219871e-09,5.77264800231602e-09,1.54111075273142e-08,1.21243128994726e-08,9.64013119068282e-09,2.87252420624016e-08,1.55851964951823e-08,4.04423850562102e-08,1.84116068756194e-08,2.22018418971865e-08,5.31827865767858e-08,3.26901392713381e-08,6.73409316285109e-08,1.36823980478508e-08,1.69913871211676e-08,1.07297547672806e-08,2.4935604282314e-08,1.39360985507475e-08,2.02986132751609e-08,1.2411712952655e-08,9.07859489678056e-09,9.04367026848472e-09,1.11855563852161e-08,1.05873400254107e-08,9.77572033611302e-09,6.81768276106144e-09,8.00564869984584e-09,2.96516818265685e-09,7.60106565855285e-09,8.08061073644909e-09,6.67239531673838e-09,7.11711270403379e-09,2.10278717059651e-09,3.01769392454853e-09,7.19216448883937e-09,4.24879244454545e-09,6.15632263852913e-09,2.22996034640124e-09,2.24104268061913e-09,2.12275039185462e-09,3.61185835655413e-09,2.60905390158632e-09,3.2922730115949e-09,2.3238971033579e-09,2.06187557481e-09,1.62676458904219e-09,2.80962900810255e-09,2.8397304816629e-09,2.69204780084807e-09
8.13392781991202e-09,1.43527340060655e-08,4.50526541634489e-08,1.35408646166784e-08,3.00787738010695e-08,2.84429505407416e-08,1.88590878743069e-08,5.14222546049807e-08,1.77406174421331e-08,3.75539668975323e-08,3.58363575043219e-08,2.69979137021143e-08,6.37895379729068e-08,2.26324894213471e-08,1.75368210833996e-08,4.40653948368877e-08,2.40739110700414e-08,4.55845628200117e-08,1.67527486862019e-08,1.32551083132282e-08,1.62698990167986e-08,1.77897945497232e-08,1.37050033638298e-08,1.83965306048372e-08,1.00974647919682e-08,1.19903419737318e-08,5.36089386775972e-09,1.02648787790716e-08,1.26969409409067e-08,1.06629718020267e-08,9.96088513085328e-09,4.18538143897418e-09,6.16665014703493e-09,1.07036439766059e-08,4.96785291344935e-09,1.25486459657571e-08,3.62854405255575e-09,4.55208466587621e-09,4.06707497832653e-09,4.18256329148e-09,5.48405177930271e-09,5.02300328951587e-09,3.85439335984914e-09,3.50592652091111e-09,2.67868701827273e-09,4.86872423320812e-09,3.59014904756589e-09,4.72047966207132e-09,4.80971384009242e-09,5.71318945302754e-09,1.90558972668528e-08,6.07601931624831e-09,1.16821779958789e-08,1.43795002656823e-08,1.0015745464227e-08,2.36571931980165e-08,8.2697577110845e-09,1.68487265695026e-08,1.78995953761942e-08,1.39395332350185e-08,2.99878171874697e-08,1.00081894506431e-08,8.49954491505691e-09,2.05268226891666e-08,8.32906038215886e-09,2.0095084963898e-08,8.03981573071303e-09,6.02034635014163e-09,8.80960094441334e-09,7.50136899982855e-09,7.5742330410204e-09,7.81328539383695e-09,4.14331449914476e-09,6.80415858973682e-09,1.32547756068802e-09,5.64052915876273e-09,8.02291745511486e-09,5.09093524290221e-09,5.96015293067541e-09,6.13171881752635e-10,3.05742895384299e-09,6.48264872919938e-09,3.5290575045903e-09,6.15674221340906e-09,5.58820114725323e-10,2.84664180475584e-09,1.65148145856042e-09,2.62076898881629e-09,2.15330385015958e-09,2.70700522862534e-09,2.56698690958654e-09,1.22267089009111e-09,1.6508321780913e-09,1.6732068377305e-09,1.62905984616147e-09,2.0961094178548e-09
1.10469200558813e-08,9.71914190120291e-09,1.53496772495292e-08,9.35142501898359e-09,1.48321229915493e-08,1.38197243520862e-08,1.15604852257011e-08,1.77304460585058e-08,5.54137794415193e-08,1.72815238364037e-08,3.79566999485829e-08,3.73121754821572e-08,2.26324894213471e-08,6.82085765282427e-08,3.05938335038825e-08,4.69332965008739e-08,5.35437015944466e-08,3.66349776897793e-08,5.18668539900746e-08,2.25008759980128e-08,1.2823560077227e-08,3.99509636488736e-08,2.13058267903512e-08,3.7940225997508e-08,1.65401687286035e-08,9.04163107554239e-09,1.11944273575631e-08,1.52311123618994e-08,9.33003587671337e-09,1.49747377110097e-08,7.01990206408553e-09,8.41459798516277e-09,5.83359951094919e-09,7.08573837303589e-09,9.82403816783008e-09,8.28995312532045e-09,7.35880433939859e-09,4.72208471493961e-09,3.8404375098937e-09,8.51044033887905e-09,5.64817996167282e-09,8.40468453331105e-09,3.81584325444502e-09,3.20938572840818e-09,2.80413768568403e-09,4.8379455268008e-09,3.65815809352171e-09,5.09996022577856e-09,5.00723458582315e-09,4.74665627100913e-09,7.78377282284397e-09,4.09138386202455e-09,7.38505137297778e-09,7.62829404939018e-09,4.86527749300447e-09,8.30671692116072e-09,2.56049513296649e-08,7.82352030355887e-09,1.83111604803347e-08,1.72620330907698e-08,1.13887788933413e-08,3.31531795607635e-08,1.93811778041865e-08,2.34935217202119e-08,2.5116670196445e-08,1.79355567331334e-08,2.36310062686681e-08,1.4722131479134e-08,6.32620583639858e-09,1.90842435772553e-08,1.37284078813658e-08,1.69576971673605e-08,1.03897001386615e-08,4.90765602976874e-09,4.54974388666415e-09,1.01077688283349e-08,4.97638397268043e-09,8.3515506217353e-09,3.9128822781043e-09,2.71617505695032e-09,1.80490367602571e-09,4.04383630891091e-09,3.87843669735861e-09,2.5467310680024e-09,2.14964301009577e-09,1.94191779324279e-09,1.5353598978693e-09,3.36919832449993e-09,2.24470394062044e-09,2.62626991478667e-09,1.57338854344241e-09,1.57118620590637e-09,1.94794695645747e-09,2.47528831188353e-09,2.53392887701164e-09,2.75118124867751e-09
8.85061848504866e-09,1.84260557905043e-08,1.2792793361139e-08,2.04667021154596e-08,1.30335052371751e-08,1.37814420892445e-08,2.24671149024685e-08,1.45884525153776e-08,2.49796939583509e-08,1.52187695380252e-08,2.2139607594289e-08,2.35500548329645e-08,1.75368210833996e-08,3.05938335038825e-08,1.11743851526205e-07,2.68598775380088e-08,8.21441755872272e-08,7.50685747597904e-08,2.25153126195988e-08,8.37677853366143e-08,3.05041190567306e-08,6.09062202370002e-08,5.80185715023902e-08,3.96220264991654e-08,6.23715351842203e-08,2.12214506105673e-08,1.32328412140568e-08,4.15115889116739e-08,2.01596021838298e-08,3.87568153510796e-08,1.60042666721838e-08,1.01157654268593e-08,1.57363679367477e-08,1.50883581223731e-08,1.12545368954852e-08,1.56850439445493e-08,7.94309239089306e-09,1.35189595585077e-08,5.82900766751309e-09,8.88852162968589e-09,1.49018468634988e-08,9.22060149460431e-09,1.19022397002224e-08,4.95264621150331e-09,3.87049122363998e-09,1.31925477449886e-08,5.27474105439875e-09,1.36908004604927e-08,2.91280390142295e-09,1.20403833434271e-08,7.07812275930733e-09,1.16130810527944e-08,5.89785025217783e-09,7.47213658767e-09,1.28935219692278e-08,9.51174242853704e-09,1.15902901628795e-08,6.29438489427298e-09,1.08405848557042e-08,1.16158033494397e-08,1.14195594713761e-08,1.51048235233019e-08,5.33664566875376e-08,1.22932348406278e-08,3.8611985331945e-08,3.25725314762058e-08,1.10504649047454e-08,4.12917868580608e-08,1.88892143318094e-08,2.85537496499718e-08,3.16500918247805e-08,2.0043214377398e-08,2.91568121674419e-08,1.37233704919752e-08,4.77744091318403e-09,2.27933846249468e-08,1.10197914470307e-08,1.94714139936881e-08,1.17799110105421e-08,3.12540971937858e-09,5.37490012735669e-09,9.15278060157034e-09,5.14486832044408e-09,1.00164367483287e-08,2.61202217545992e-09,4.34078661782031e-09,2.46503475220743e-09,3.99059874056485e-09,5.00782397880574e-09,4.88306719096167e-09,4.14069742001664e-09,2.6551730272401e-09,1.83368285479303e-09,5.22246893405581e-09,2.20815114744621e-09,4.25472160194371e-09
7.61107501379135e-09,1.21010995650212e-08,3.05526458327576e-08,1.16541518960483e-08,1.94564856491311e-08,1.83776711679908e-08,1.70007077702139e-08,3.58278489507765e-08,3.79599410387678e-08,2.64646191233832e-08,6.03267774802217e-08,4.78042928201213e-08,4.40653948368877e-08,4.69332965008739e-08,2.68598775380088e-08,7.4022568612437e-08,3.60391067325693e-08,5.80511505137361e-08,3.48560729980966e-08,1.93825295526141e-08,1.17244158432497e-08,2.63837341465086e-08,1.86742360062831e-08,2.56684222842012e-08,1.45918933780978e-08,8.42259578078952e-09,1.11006304845623e-08,1.3441362915649e-08,8.50968309904936e-09,1.33881811608442e-08,6.53097292938039e-09,8.70043941754543e-09,6.2881388856271e-09,6.60648655079899e-09,1.02832748003729e-08,7.98339513772925e-09,7.60861778955044e-09,5.16577505450103e-09,4.25029005119511e-09,8.99857598369003e-09,6.26218085111445e-09,8.84826431600021e-09,4.2278000413182e-09,3.51836646956568e-09,3.10636061765712e-09,5.29800640265105e-09,4.07626926673544e-09,5.7513298921719e-09,4.41819972189367e-09,5.38702248023713e-09,1.38255114374149e-08,6.2350085452339e-09,8.6919451180318e-09,1.04141766066194e-08,8.86884344820249e-09,1.66177184821833e-08,1.77205681076777e-08,1.26353552549273e-08,2.80626235222021e-08,2.29540374637463e-08,2.25162751150524e-08,2.27982777707684e-08,1.47251116648463e-08,3.44171318051745e-08,1.581210579163e-08,2.78644473241149e-08,1.62968624881137e-08,1.05510627476859e-08,5.86592695239201e-09,1.2024613590415e-08,1.12112328752063e-08,1.2195096459912e-08,7.19304088627228e-09,4.48710605699328e-09,4.44195836731496e-09,8.38091949556269e-09,4.90830355510318e-09,5.98197111299265e-09,3.74199327490593e-09,2.82272241209885e-09,2.84595534431388e-09,3.68184324323785e-09,5.42204293265069e-09,4.04680981919796e-09,2.37432436246369e-09,2.5359561723305e-09,1.98014236188731e-09,4.57595047119147e-09,1.86836814406815e-09,2.68531068524369e-09,2.07742168081452e-09,1.649390577602e-09,2.38301996310605e-09,1.91007509979657e-09,2.84659954744398e-09,2.66418439878247e-09
1.37595462125378e-08,1.20957052725473e-08,1.69276965098991e-08,1.27724887755696e-08,1.64349710124007e-08,1.64965431402628e-08,1.4003013311139e-08,1.92331708089392e-08,4.25168812526402e-08,1.85187670402799e-08,2.85052797468973e-08,2.99424846390426e-08,2.40739110700414e-08,5.35437015944466e-08,8.21441755872272e-08,3.60391067325693e-08,1.24649702498009e-07,9.49647702366635e-08,3.99668426796114e-08,6.09052778205346e-08,2.72721791305472e-08,9.33197316882401e-08,3.96945207082028e-08,6.38784121787383e-08,4.60600400922009e-08,1.92937498591796e-08,1.39461358349377e-08,2.79201830001249e-08,1.83264191957976e-08,2.58847415546181e-08,1.46013284551141e-08,1.07677077506718e-08,1.77511309915765e-08,1.34839574459118e-08,1.20621319842617e-08,1.47441776495629e-08,8.49436914039509e-09,1.47477415611364e-08,6.35189200101465e-09,9.32552213824672e-09,1.65603671310595e-08,1.02769109475402e-08,1.27140693201584e-08,5.17990634725447e-09,4.25326513736744e-09,1.4082120088564e-08,5.24033035355856e-09,1.4186540286851e-08,4.65528322922276e-09,5.32614884258718e-09,7.43722713959226e-09,4.9666956341422e-09,6.58814834740462e-09,7.76606657868335e-09,5.11725758966336e-09,8.93979089602099e-09,1.91612616088429e-08,6.66403915369477e-09,1.41756187294939e-08,1.54158483366535e-08,1.26351824674561e-08,2.63557286773931e-08,4.42574736044185e-08,1.88026578110271e-08,5.63942536108858e-08,4.449212390094e-08,2.0133069489202e-08,3.36608602335892e-08,1.53328399363755e-08,4.39626534283575e-08,2.43945543399468e-08,2.98173502056694e-08,2.3888199167396e-08,1.13867820875325e-08,5.53523842257765e-09,1.72612001336261e-08,9.36509120387682e-09,1.56516918167879e-08,9.35110644577637e-09,3.98057050156999e-09,6.28122116182386e-09,7.25240673637182e-09,6.23458355402898e-09,7.07459251573791e-09,3.12243482708203e-09,5.51680355735029e-09,2.50350734728987e-09,4.58947390806125e-09,6.20149974476978e-09,5.99831641347956e-09,5.22406451404233e-09,2.68853472914679e-09,1.51596445987629e-09,6.37220160177406e-09,2.36341724688875e-09,5.53073537358239e-09
1.06369516379479e-08,1.45351194898296e-08,3.2613788558407e-08,1.45888195848816e-08,2.10744105881329e-08,2.0254712346961e-08,2.0384666977934e-08,3.77571395496648e-08,2.88968059152933e-08,2.84510236798124e-08,4.68804414971399e-08,3.92243437652381e-08,4.55845628200117e-08,3.66349776897793e-08,7.50685747597904e-08,5.80511505137361e-08,9.49647702366635e-08,1.27829520327305e-07,2.68240626738152e-08,5.64295197524264e-08,2.6686888157456e-08,7.17836528442509e-08,3.66186853603095e-08,4.74017188015196e-08,4.29886920238755e-08,1.91024449892415e-08,1.42817073806614e-08,2.59678057624753e-08,1.79581553645582e-08,2.43090746845031e-08,1.43186614758981e-08,1.05291603496047e-08,1.86721634457889e-08,1.29655130421888e-08,1.20204552263401e-08,1.51297354033116e-08,8.30072497392032e-09,1.55366988980294e-08,6.75505781638118e-09,9.36307978572404e-09,1.71737684124775e-08,1.04233706140598e-08,1.33877504073063e-08,5.38946002077923e-09,4.3727560210722e-09,1.47412179014175e-08,5.59442591934873e-09,1.48494455533464e-08,5.7656645890427e-09,4.81512531729684e-09,1.33483391272276e-08,6.79318800668514e-09,7.72987636366931e-09,1.0485333856996e-08,8.38229589302721e-09,1.71058476957432e-08,1.1620175141138e-08,1.1795232973639e-08,2.21651297615193e-08,1.90175160142181e-08,2.32103203634635e-08,1.59695160146385e-08,3.784460694967e-08,2.74006652586361e-08,4.53235922790096e-08,5.83888696558878e-08,1.215055998938e-08,2.80587707155946e-08,1.57375720038721e-08,3.38808630339364e-08,2.19870666065394e-08,2.24928837778915e-08,1.99807875452891e-08,1.13777452819842e-08,5.1643716223931e-09,1.5129724809852e-08,9.32921126934288e-09,1.27643159049547e-08,9.62494593707853e-09,3.23921672172777e-09,6.73852835847713e-09,7.1556774613116e-09,7.26720651040728e-09,8.5992042477668e-09,2.70320942734774e-09,5.90102927495358e-09,2.71505787535455e-09,5.36098950315551e-09,5.77479630300389e-09,5.27722412512317e-09,5.46939794359142e-09,2.4557756337839e-09,2.31193358142046e-09,5.64350160157271e-09,3.14819588232191e-09,5.57005528908683e-09
8.60085635631562e-09,7.57334469817035e-09,1.13443734122265e-08,7.34575954392976e-09,1.10115464880165e-08,1.0501609353863e-08,8.87723046754586e-09,1.29659464596986e-08,4.21130314672848e-08,1.27329902943325e-08,2.82478875280692e-08,2.80884051744261e-08,1.67527486862019e-08,5.18668539900746e-08,2.25153126195988e-08,3.48560729980966e-08,3.99668426796114e-08,2.68240626738152e-08,6.20374151971539e-08,2.57423497397343e-08,1.50020167263782e-08,4.69930330613421e-08,2.36678635185756e-08,4.38790726289599e-08,1.90499356489511e-08,1.08728219976072e-08,1.38779365588605e-08,1.69707318116599e-08,1.10704699895206e-08,1.73630108197031e-08,8.02211939611892e-09,1.0743973496537e-08,6.15045457808791e-09,8.20248097993929e-09,1.15373785200006e-08,9.25121126333964e-09,8.84574230686964e-09,4.97800307958334e-09,4.13900192058587e-09,9.88145215213007e-09,5.91007443033823e-09,9.78259766427691e-09,4.0255106837848e-09,3.34531903963483e-09,3.43036725655455e-09,5.02351780437434e-09,3.93914253268522e-09,5.45896800463351e-09,3.76534813179959e-09,3.49314087140342e-09,6.72448778154374e-09,3.2871003328831e-09,5.89848090582804e-09,6.61806885401114e-09,3.96218436778748e-09,7.16074277974592e-09,1.90112843960017e-08,6.42131218559926e-09,1.47022256224599e-08,1.35261100534349e-08,9.40134171574141e-09,2.36172419688623e-08,1.47229120275362e-08,1.82323847438549e-08,1.9076985596784e-08,1.47909371934332e-08,3.04801714513182e-08,1.72501038358641e-08,7.56009572805091e-09,2.31499636073899e-08,1.63090765896085e-08,2.07369501072022e-08,1.21723198260842e-08,5.67333876051634e-09,6.8916037505793e-09,1.2084582557477e-08,5.9328537675463e-09,9.96221645039702e-09,4.48110061010017e-09,4.82321636666602e-09,2.03194118122376e-09,4.66907719769324e-09,5.54182183317420e-09,3.13851891868872e-09,2.71439551828092e-09,2.17985418539999e-09,1.2942950342536e-09,4.26792189056805e-09,2.08285867893987e-09,2.81854354796219e-09,1.71541114571827e-09,1.54638158912542e-09,2.26465711859078e-09,2.5176195193215e-09,2.36759223084107e-09,2.95840026762884e-09
