6.47761088327179e-08,2.69026568473889e-08,1.41056232924777e-08,5.26948848993547e-08,2.61539700179239e-08,5.04945623425118e-08,2.15943201252894e-08,1.04923992186746e-08,9.11600751956605e-09,2.04949102800939e-08,1.1173855573083e-08,2.0233854957463e-08,8.62895449558183e-09,7.84391880554397e-09,4.53994706295897e-09,9.21347776165066e-09,8.22629998437075e-09,9.60669413940852e-09,6.8537550738894e-09,4.0006568012578e-09,3.39638523261445e-09,7.14779285234256e-09,4.33820739331557e-09,7.43993730837349e-09,3.20638610738757e-09,2.79737413016833e-09,2.24369934187458e-09,3.44631342692518e-09,3.15472817762819e-09,3.69034500609913e-09,2.57158378075284e-09,2.14477094349646e-09,1.73703139314905e-09,2.9363171667269e-09,2.43517777563401e-09,3.16089267007649e-09,1.91685666335427e-09,1.33939205569845e-09,1.04041622524822e-09,1.98930327785856e-09,1.45587387334438e-09,2.13249898654337e-09,1.17657026420623e-09,9.23243862084889e-10,1.23706000022166e-09,1.30375900379052e-09,1.41578833622425e-09,1.71334957484334e-09,4.80222743815275e-08,2.12934952976166e-08,1.20123798489888e-08,4.17861630869368e-08,2.14116544885932e-08,4.01949669458031e-08,1.73221922594744e-08,9.21661247242713e-09,6.1865586160352e-09,1.71334046659248e-08,9.65676566044979e-09,1.69997174589642e-08,8.0744584271873e-09,5.32508417145136e-09,3.78451949436032e-09,8.29921087116047e-09,6.02869433305747e-09,8.81157318479723e-09,4.55685773087472e-09,3.34366530382206e-09,3.06759932749435e-09,5.25937262899467e-09,3.47863995741556e-09,5.63093766438677e-09,2.61368205184624e-09,2.43179523861074e-09,1.72254513653617e-09,2.81408408729228e-09,2.49203025239602e-09,2.68197430576513e-09,2.18088551958926e-09,1.49969781714386e-09,1.1704748499237e-09,2.15738184623984e-09,1.6396542642101e-09,2.16887928355534e-09,1.43906028566304e-09,9.57952476973016e-10,7.29529994854389e-10,1.51196163859563e-09,9.57616842631113e-10,1.37462873535933e-09,9.97371993764597e-10,7.28982073886099e-10,5.96257433250411e-10,9.87887357490153e-10,8.02199003790236e-10,1.17935634326976e-09
2.69026568473889e-08,5.98451033142407e-08,2.54133441453889e-08,4.82290765234424e-08,4.93763841815925e-08,3.91256997852107e-08,4.81091025019528e-08,1.94947197170951e-08,1.01034267575519e-08,3.92766998539849e-08,1.90012338296668e-08,3.7246528834781e-08,1.59448868928598e-08,8.09550376555476e-09,7.71189375884816e-09,1.53836293337969e-08,8.46596482182169e-09,1.54273547741279e-08,6.50520357209169e-09,6.51281592329144e-09,3.15534322187853e-09,6.93292574591352e-09,7.09264753432456e-09,6.63137085895836e-09,5.53496646356123e-09,2.77002468115684e-09,2.08959009468341e-09,5.97914762108734e-09,3.00121198175512e-09,5.960228064681e-09,2.47619174964074e-09,1.90066195654677e-09,1.75217518840548e-09,2.65477058433357e-09,2.23001493441676e-09,2.99079756753209e-09,1.49269886386366e-09,1.44729575061006e-09,9.27082610867573e-10,1.75470029952479e-09,1.42985482774692e-09,1.73522367870894e-09,1.34558982873379e-09,8.36556838341458e-10,6.59438387514685e-10,1.31015170261312e-09,9.1195446994377e-10,1.5288603465955e-09,2.20993323739908e-08,4.21063098674572e-08,2.10539590252108e-08,3.63773812343329e-08,3.83083607687368e-08,3.33538782433984e-08,3.35993021087236e-08,1.60621710038517e-08,8.27997368282464e-09,3.03995626346592e-08,1.55856702753181e-08,2.88834527000621e-08,1.35030779629997e-08,6.82843098450144e-09,5.44061857453101e-09,1.32061123769614e-08,7.3441767530106e-09,1.30828908767103e-08,5.64810684954667e-09,4.50348246773166e-09,2.6692124897782e-09,6.34124775428064e-09,4.55726437884922e-09,5.77973586815313e-09,3.60158383729805e-09,2.33376297581301e-09,1.7328766043994e-09,3.97351799266891e-09,2.29265790596281e-09,3.72764391052563e-09,2.05344489749808e-09,1.56289782152791e-09,1.12091006494267e-09,1.95028849006772e-09,1.6681678167943e-09,2.17093265328605e-09,1.29539966834878e-09,8.58049386261648e-10,7.79955258843053e-10,1.31791831209342e-09,1.12720164095058e-09,1.59301119704099e-09,8.73226066680111e-10,7.00292828019745e-10,2.93821670516632e-10,1.00071095317205e-09,7.26035459840817e-10,1.06460886580951e-09
1.41056232924777e-08,2.54133441453889e-08,6.41399674501709e-08,2.40421203916238e-08,5.22937878438106e-08,4.87665407498832e-08,1.95038341963924e-08,4.79929006712188e-08,2.06856422129124e-08,3.83186913098678e-08,3.94084594977561e-08,3.05314207404549e-08,3.92257887731279e-08,1.65355739562764e-08,8.52543691452039e-09,3.23168707973458e-08,1.55659389614251e-08,3.03509508445484e-08,1.35983703301164e-08,7.01445289963831e-09,6.80296791936563e-09,1.27129417043094e-08,7.22268759748519e-09,1.23871037285561e-08,5.71836924965189e-09,5.72513634293239e-09,3.03657387874724e-09,5.72498212350033e-09,5.90482397385584e-09,5.92022098847649e-09,4.92319011591454e-09,2.73366151931925e-09,2.1686338900783e-09,5.16019324699135e-09,3.22883425446797e-09,5.38790727661234e-09,2.31057141759277e-09,1.77665594917698e-09,1.37980877519535e-09,2.67394708010566e-09,1.88575061279723e-09,2.75818000635298e-09,1.69215430532404e-09,1.24239678157088e-09,9.63229993627612e-10,1.80959203664238e-09,1.26433487095186e-09,1.92451527640704e-09,1.03882643169887e-08,1.96210023639934e-08,4.56429908799399e-08,1.87714309783392e-08,3.81694881928006e-08,3.63554247341545e-08,1.51528864092079e-08,3.4910350061083e-08,1.69096053605461e-08,2.84774056353888e-08,2.96784056103918e-08,2.41261793162139e-08,2.87029306714496e-08,1.35664728308129e-08,7.05712144486755e-09,2.4451499292123e-08,1.28604543034196e-08,2.32199936284419e-08,1.1581382994874e-08,5.68706407639384e-09,5.00206019842929e-09,1.05552348550977e-08,5.71776895634988e-09,1.02037247447421e-08,4.6575524915668e-09,4.26394988448568e-09,2.70106809797443e-09,4.50495086279803e-09,4.40167602581727e-09,5.03022081523941e-09,3.50633951849075e-09,2.39551173297809e-09,1.46620014984712e-09,3.79121631819282e-09,2.35919003840317e-09,4.09224831234118e-09,2.05676883430552e-09,1.15371270601183e-09,8.39972685020933e-10,2.03544641392915e-09,1.52684475353935e-09,2.21369191307594e-09,1.16077788498768e-09,6.31160047765396e-10,3.17011021052626e-10,1.32811713933724e-09,7.44263306406068e-10,1.4784396563579e-09
5.26948848993547e-08,4.82290765234424e-08,2.40421203916238e-08,8.04182201981505e-08,3.90058123085818e-08,6.79510220592037e-08,3.86013314355238e-08,1.86794968268552e-08,1.06995993279816e-08,3.07733710391812e-08,1.86027037222137e-08,2.94998047213401e-08,1.54720333066582e-08,8.93760202853756e-09,8.29057084412405e-09,1.55838771121073e-08,9.22099640821306e-09,1.57021270770306e-08,7.308302469216e-09,6.99844939946766e-09,3.91517378193915e-09,7.47285163788485e-09,7.86743466580935e-09,7.47995266869601e-09,5.67461646387172e-09,3.11280639908826e-09,2.46495329134154e-09,6.20705866458012e-09,3.55947069604928e-09,6.42700894275758e-09,2.78499169117247e-09,2.28842038656603e-09,1.99748306387135e-09,3.19936263287547e-09,2.72939677700136e-09,3.58061111114798e-09,1.96458506902707e-09,1.60063089572543e-09,1.19157409844587e-09,2.180624927639e-09,1.55418921629003e-09,2.21497714310457e-09,1.43136521171398e-09,1.03298551624216e-09,8.32190690545101e-10,1.38032286695024e-09,1.20494114886636e-09,1.67579635750769e-09,4.03016842154382e-08,3.5964863098219e-08,2.058168439257e-08,6.08201867039492e-08,3.24666874351373e-08,5.50109726869903e-08,2.86753514672628e-08,1.61107316704098e-08,8.54194956975762e-09,2.55105708076528e-08,1.53242754193191e-08,2.38656748909502e-08,1.36705984044778e-08,7.37221884070762e-09,6.02172634233883e-09,1.33586689262007e-08,8.03975618727984e-09,1.36969972602707e-08,6.21939879623831e-09,4.99163579564066e-09,3.50254924876212e-09,6.80161623265231e-09,5.28670436886288e-09,6.42797323790097e-09,3.75651814101408e-09,2.7541897129982e-09,1.88326686452331e-09,4.29498448886754e-09,2.88691354173679e-09,4.29923221029249e-09,2.42566492852217e-09,1.68239000489911e-09,1.18340227852909e-09,2.42333643474214e-09,1.60924733142446e-09,2.38468436287565e-09,1.51357864585511e-09,8.90062271627856e-10,9.93731588261769e-10,1.3764195164694e-09,1.23989507589101e-09,1.65835665966865e-09,9.79227484663125e-10,9.06162783119084e-10,4.47621084435629e-10,1.10586324750857e-09,7.53509012666461e-10,1.1798101158588e-09
2.61539700179239e-08,4.93763841815925e-08,5.22937878438106e-08,3.90058123085818e-08,8.3316887411766e-08,6.79888578734949e-08,3.92867812332623e-08,3.83185456365254e-08,1.91279871298678e-08,6.38037691936527e-08,3.0634973699752e-08,5.28069531848009e-08,3.07385571428994e-08,1.51547930526375e-08,8.92333774535038e-09,2.4538499394881e-08,1.46335464366894e-08,2.34232422874487e-08,1.23964550247093e-08,7.26980221636314e-09,7.20685422724943e-09,1.19105486502085e-08,7.44724486096067e-09,1.1346800195272e-08,6.02799050041128e-09,6.1094282327316e-09,3.36467008380931e-09,6.03153939983663e-09,6.45401772027632e-09,6.42498147298024e-09,5.26817924608572e-09,3.03751582822214e-09,2.22019592442452e-09,5.61686594677169e-09,3.2283022578066e-09,5.80036681443802e-09,2.49831138657059e-09,1.77650449816321e-09,1.14528743977321e-09,2.64589727607391e-09,1.84398383074354e-09,2.65651459563334e-09,1.66974681510348e-09,1.09313619225294e-09,9.05072073940946e-10,1.80364312077678e-09,1.14202030256598e-09,1.98989272842263e-09,2.09930813926017e-08,3.67565217313691e-08,3.89447791395008e-08,3.11212992629742e-08,6.10624916202638e-08,5.26634753111639e-08,2.95079335695602e-08,2.90057914180505e-08,1.56989982929212e-08,4.70262579161787e-08,2.50821740551129e-08,4.14166541634049e-08,2.37838662029173e-08,1.26872223994674e-08,6.89970234251911e-09,2.06776631609845e-08,1.19692934779031e-08,1.9183329910707e-08,1.05659193634381e-08,5.41932990051648e-09,5.42825609627631e-09,9.71581890688815e-09,5.31592823221586e-09,9.34066053867923e-09,4.48279768178916e-09,4.77212286793708e-09,3.02873776105273e-09,4.22327205346193e-09,4.95686943932516e-09,4.76162116978477e-09,3.94662908295944e-09,2.67668106184097e-09,1.56061658912277e-09,4.20590031650813e-09,2.53855364558496e-09,4.53030198109627e-09,2.29689545749015e-09,1.1726086588715e-09,1.05318053171853e-09,2.17225644982719e-09,1.63675962060713e-09,2.47964412810311e-09,1.18091282533506e-09,1.00611642830985e-09,3.40861764658706e-10,1.56179128566757e-09,7.13806559760267e-10,1.37689587896439e-09
5.04945623425118e-08,3.91256997852107e-08,4.87665407498832e-08,6.79510220592037e-08,6.79888578734949e-08,1.03463058080205e-07,3.09114886407375e-08,3.56329515249044e-08,1.79279933169737e-08,5.12649166534938e-08,2.85500666530989e-08,4.17021996115613e-08,2.85914258555648e-08,1.4460109307348e-08,8.85609277032846e-09,2.32525895436831e-08,1.41704947659055e-08,2.24714933090169e-08,1.1864468561119e-08,7.20642798251765e-09,7.45895941319397e-09,1.14083966567456e-08,7.58617376403659e-09,1.12800727754405e-08,5.86767626719314e-09,6.1189200824138e-09,3.28846342679156e-09,5.98402154579386e-09,6.61961934716238e-09,6.32568456851547e-09,5.3267248904705e-09,3.05176210902021e-09,2.65914964327896e-09,5.86840235623898e-09,3.57568950619658e-09,6.29194118521645e-09,2.62327090535446e-09,2.13380241779794e-09,1.4952961863721e-09,2.90086695496432e-09,2.03173899024903e-09,2.82254915818442e-09,1.82513594353632e-09,1.27015569367785e-09,1.02406445189343e-09,1.8042529724097e-09,1.34317743388399e-09,2.03052698775181e-09,3.84137091749433e-08,3.10677582792872e-08,3.66826404228207e-08,5.33132247438934e-08,5.19707006194291e-08,7.89235603305729e-08,2.48387266539324e-08,2.78127927297934e-08,1.43249597631029e-08,3.98375833897056e-08,2.33766319688743e-08,3.39399397128354e-08,2.28271441525006e-08,1.19533164030175e-08,6.94402365718847e-09,1.97153310596252e-08,1.16927184133651e-08,1.90184199467246e-08,1.00578507102326e-08,5.49136447562257e-09,5.66033519242271e-09,9.33618339404428e-09,5.39510983412136e-09,8.984732209796e-09,4.37452759136321e-09,4.65230322952194e-09,2.82212543850422e-09,4.10422299031208e-09,5.14260631724672e-09,4.87201413323784e-09,3.81745106893672e-09,2.52065911135391e-09,1.88894612561143e-09,4.33005756195309e-09,2.42520836034028e-09,4.56437561442437e-09,2.28486105314574e-09,1.424405463345e-09,1.21271373792938e-09,2.1695767281906e-09,1.83320612063342e-09,2.38884295936664e-09,1.41335043828093e-09,1.11690762077678e-09,5.32866872659516e-10,1.6474645852842e-09,6.22792093026684e-10,1.50060800747922e-09
2.15943201252894e-08,4.81091025019528e-08,1.95038341963924e-08,3.86013314355238e-08,3.92867812332623e-08,3.09114886407375e-08,5.87304061402276e-08,2.2969167047351e-08,1.14624836192577e-08,4.85882357115955e-08,2.21537664389883e-08,4.56624266857978e-08,1.87433306241221e-08,9.26012663608076e-09,8.98491225510588e-09,1.80473542702905e-08,9.91164553772455e-09,1.81970662499167e-08,7.5109818937768e-09,7.46679614782833e-09,3.67656335714025e-09,8.13685676973964e-09,8.02970415687998e-09,7.72535865979608e-09,6.34520272185105e-09,3.22239370955056e-09,2.42942432226552e-09,6.79570351694385e-09,3.55847667946643e-09,6.91591402434617e-09,2.89231186604674e-09,2.19742714247934e-09,2.10511289758042e-09,3.15829625824456e-09,2.62468524747097e-09,3.53248862253969e-09,1.75289100792644e-09,1.76956163486287e-09,1.14740565750913e-09,2.14053699417405e-09,1.74760428968389e-09,2.096422823177e-09,1.54819205989543e-09,9.70978383763913e-10,7.75489259858542e-10,1.55037543524114e-09,1.07793298176316e-09,1.77157062883229e-09,1.78380683589801e-08,3.35998397238005e-08,1.6068945156634e-08,2.89451548189491e-08,3.04056768842081e-08,2.62476568259595e-08,4.28892105695905e-08,1.84328487033561e-08,9.14526342205336e-09,3.81799103441128e-08,1.78699603449027e-08,3.62477348086698e-08,1.55324071776089e-08,7.74912608458194e-09,6.36448832836622e-09,1.52848620527197e-08,8.2416042727187e-09,1.51092935628686e-08,6.47786466376583e-09,5.30815594924492e-09,3.09092338262449e-09,7.17064314521752e-09,5.33695671684347e-09,6.54185191373986e-09,4.31326394382609e-09,2.70244214247552e-09,2.07376021345184e-09,4.70245912442938e-09,2.82604826239759e-09,4.55053023240178e-09,2.37092857627367e-09,1.80687245123739e-09,1.4104365013862e-09,2.40753601677754e-09,2.00008520719816e-09,2.5355727488585e-09,1.52538198293555e-09,1.13267426331865e-09,1.03229335432803e-09,1.61511595512747e-09,1.49949626709076e-09,1.9919221338503e-09,1.08296893138402e-09,9.19774279669527e-10,4.69879893152342e-10,1.35394734603053e-09,8.85559639221427e-10,1.39534856061497e-09
1.04923992186746e-08,1.94947197170951e-08,4.79929006712188e-08,1.86794968268552e-08,3.83185456365254e-08,3.56329515249044e-08,2.2969167047351e-08,5.85071678406187e-08,2.45307881181113e-08,4.52162308611669e-08,4.8133998973747e-08,3.60111484045447e-08,4.77976299108786e-08,1.94736589326281e-08,9.74294379620408e-09,3.94057516875532e-08,1.82157821373384e-08,3.67273426964805e-08,1.61496426440509e-08,7.99398841192521e-09,8.05404001964298e-09,1.49843251850067e-08,8.11313933384407e-09,1.45064268090125e-08,6.56993476073138e-09,6.80326598612518e-09,3.82075349734678e-09,6.44645298371674e-09,7.20754354344054e-09,6.79708169174964e-09,5.81819627150951e-09,3.37873506073131e-09,2.70705733083248e-09,6.25019129474366e-09,3.98569520431746e-09,6.62383473511032e-09,2.87080735724958e-09,2.28001100206017e-09,1.72901278156619e-09,3.3561446329923e-09,2.31104727825389e-09,3.30749901492594e-09,2.06890274694402e-09,1.49449375694725e-09,1.08746298670206e-09,2.1142163881156e-09,1.56397146313125e-09,2.25220918435703e-09,7.64554907186373e-09,1.51461064469893e-08,3.49113829280936e-08,1.48008514020757e-08,2.84745839925924e-08,2.74682064922514e-08,1.89065907732414e-08,4.19536681307481e-08,1.97417183956836e-08,3.49828311738188e-08,3.5776063748858e-08,2.97713455432345e-08,3.48409473433047e-08,1.58866630751542e-08,8.00139304899207e-09,2.9694674362062e-08,1.48543091145503e-08,2.78470090149833e-08,1.35742250398543e-08,6.54866168425606e-09,6.06146272640692e-09,1.23399058901341e-08,6.52334382287459e-09,1.18685807870082e-08,5.40098113892603e-09,5.24707578069028e-09,3.44096012165055e-09,5.22768915573435e-09,5.52689754975599e-09,5.81827623647658e-09,4.31519500664666e-09,3.01951680792105e-09,1.82548759791953e-09,4.75678860492742e-09,3.03709768376159e-09,5.08248613759564e-09,2.60917985985004e-09,1.47562487103516e-09,1.11189941145376e-09,2.70132326803895e-09,1.9066679351317e-09,2.78405377943233e-09,1.38997176592899e-09,8.82651375325502e-10,4.96943360966307e-10,1.63946341433384e-09,9.96650455315873e-10,1.86067301236275e-09
9.11600751956605e-09,1.01034267575519e-08,2.06856422129124e-08,1.06995993279816e-08,1.91279871298678e-08,1.79279933169737e-08,1.14624836192577e-08,2.45307881181113e-08,6.24267367985101e-08,2.24555656141731e-08,4.92260498551279e-08,4.50175392979149e-08,1.94797351170929e-08,4.79109045635514e-08,2.06363719065465e-08,3.72898519356819e-08,3.89768350959521e-08,3.01605190934568e-08,3.88390219984833e-08,1.70064709787293e-08,9.1866473616153e-09,3.17803811451805e-08,1.63739446850859e-08,3.01774449389227e-08,1.38711681496599e-08,7.59900898460273e-09,5.96888657910828e-09,1.29529026128826e-08,8.05813098277578e-09,1.30888742947731e-08,6.35342099838731e-09,4.97969335483321e-09,2.92272580032751e-09,6.69651225201201e-09,5.71228592157258e-09,6.79938579054223e-09,4.28251086277528e-09,2.50731711546814e-09,1.87984459845536e-09,4.8268998738127e-09,2.60906581337256e-09,4.74057938528379e-09,2.1958109391018e-09,1.59307461578434e-09,1.34895407261665e-09,2.29100553017357e-09,1.9226189807234e-09,2.67105135452277e-09,5.84660539111243e-09,7.51655593577718e-09,1.52321455051357e-08,8.16112240010148e-09,1.38367419647729e-08,1.34846977370018e-08,8.88071613011777e-09,1.81108049443659e-08,4.37257573558112e-08,1.67160403607063e-08,3.50622968691826e-08,3.20616548576395e-08,1.46604136275282e-08,3.54233865173868e-08,1.69308097977491e-08,2.7605704791463e-08,3.08093421146123e-08,2.40458672897041e-08,2.87910858180802e-08,1.40840982477138e-08,7.33675246533196e-09,2.52555106928848e-08,1.29152895364181e-08,2.34211281477435e-08,1.12181807094854e-08,5.96456376648572e-09,4.59561499554493e-09,1.01069221741778e-08,6.9144381348453e-09,1.06092701552468e-08,5.12996140118893e-09,3.84672749326365e-09,2.66294823008422e-09,5.6926178475462e-09,4.19612711099058e-09,5.63840848489699e-09,3.33677344227803e-09,2.25348466783001e-09,1.39795213353141e-09,3.50578643855816e-09,2.26071838269859e-09,3.54601903113301e-09,2.07916315925218e-09,1.14880203555493e-09,1.03439665876159e-09,1.91996396973936e-09,1.39794925073503e-09,2.09650032098584e-09
2.04949102800939e-08,3.92766998539849e-08,3.83186913098678e-08,3.07733710391812e-08,6.38037691936527e-08,5.12649166534938e-08,4.85882357115955e-08,4.52162308611669e-08,2.24555656141731e-08,7.78150133999754e-08,3.61701556822832e-08,6.46476855375862e-08,3.611226603913e-08,1.77287672565665e-08,1.05091729102671e-08,2.88819355910039e-08,1.72718135985722e-08,2.76408921817488e-08,1.45569738587441e-08,8.39109444580904e-09,8.41778525091502e-09,1.40646745428509e-08,8.3381348005291e-09,1.32773523164746e-08,6.93424022875975e-09,7.07784890148366e-09,3.9478119779887e-09,6.80391297248807e-09,7.5713496017224e-09,7.4119931522204e-09,6.0877274695598e-09,3.55487650631592e-09,2.73287281185687e-09,6.57962476721049e-09,3.84056646948224e-09,6.85345281464592e-09,2.94003388116811e-09,2.24718860829114e-09,1.49384227727072e-09,3.19885529997805e-09,2.24463835286868e-09,3.1325245541266e-09,2.00130960516777e-09,1.29040706108842e-09,1.03991302323092e-09,2.07219646783445e-09,1.3747244895736e-09,2.31850165721088e-09,1.65979008895245e-08,2.95004429546603e-08,2.90070421244466e-08,2.49715801793317e-08,4.70232346641485e-08,4.03958694389785e-08,3.79099776489141e-08,3.40153546610003e-08,1.79995809236113e-08,5.87655954364671e-08,2.9443391791711e-08,5.18270738643761e-08,2.80952724570527e-08,1.46919629184688e-08,8.03481228559163e-09,2.44245480350907e-08,1.36638726652611e-08,2.24507340191705e-08,1.22834037707535e-08,6.36090441700549e-09,6.43491721038597e-09,1.12350311087215e-08,6.06202266271943e-09,1.07100281163755e-08,5.19894426631997e-09,5.54538633746055e-09,3.5674413108145e-09,4.84300246037264e-09,5.80402654374277e-09,5.55563091213711e-09,4.59879037302075e-09,3.13651295440431e-09,1.91054303214242e-09,4.98731751311451e-09,3.09305354299961e-09,5.31709610175242e-09,2.71008089941305e-09,1.4836743917342e-09,1.42343585512382e-09,2.67212250388181e-09,2.04576872132439e-09,3.08765343683997e-09,1.37969382117733e-09,1.29151891427072e-09,5.71819745553382e-10,1.90434618047293e-09,9.28597653449293e-10,1.71001360767184e-09
1.1173855573083e-08,1.90012338296668e-08,3.94084594977561e-08,1.86027037222137e-08,3.0634973699752e-08,2.85500666530989e-08,2.21537664389883e-08,4.8133998973747e-08,4.92260498551279e-08,3.61701556822832e-08,7.81525409231962e-08,6.19783768088522e-08,3.9412408238738e-08,3.72899547125274e-08,1.93469485875776e-08,6.15352985339689e-08,3.05165931658484e-08,5.24024111044706e-08,2.99724985169662e-08,1.57479309997836e-08,9.1608742764991e-09,2.46307214182418e-08,1.50812212570941e-08,2.32000868577572e-08,1.28423809013327e-08,7.61290344560975e-09,6.22171103372811e-09,1.19439425036475e-08,8.19475080925574e-09,1.22663170920338e-08,6.44579204548047e-09,5.24693885085035e-09,3.31634547504176e-09,6.91741746588699e-09,6.23027828088452e-09,7.05680649230008e-09,4.53395765472538e-09,2.82731542384884e-09,2.16582285902197e-09,5.3111171833885e-09,2.89391942110354e-09,5.07945094115792e-09,2.56218651166053e-09,1.80616241997076e-09,1.37387114995182e-09,2.62719441878120e-09,1.96392364875262e-09,2.87114466036e-09,7.82873840747275e-09,1.45426081282531e-08,2.93980611303939e-08,1.44103368458191e-08,2.36927788496958e-08,2.28606171827451e-08,1.7869295424848e-08,3.50240262440459e-08,3.50937030792642e-08,2.86000092762465e-08,5.42897014974688e-08,4.57102037263734e-08,2.9186752846777e-08,2.81540705100647e-08,1.5870531470574e-08,4.39119206995372e-08,2.55405704591542e-08,4.03489249049967e-08,2.32329083646997e-08,1.3196695137938e-08,7.49773934084262e-09,2.07445828429783e-08,1.19589492496358e-08,1.89227515275121e-08,1.04105429636258e-08,6.26744445346567e-09,4.98234341028942e-09,9.38370715064576e-09,7.03701931193465e-09,1.01988233479176e-08,5.1746348233003e-09,4.21317190698044e-09,2.82351580383524e-09,5.73884957891916e-09,4.76744570859559e-09,5.82947814694512e-09,3.65073281641327e-09,2.39729304057617e-09,1.37079947304597e-09,4.0512060068846e-09,2.36791928982124e-09,3.81327314381159e-09,2.24175299778489e-09,9.86022306964216e-10,6.96527780027594e-10,1.99555962647631e-09,1.04326890430321e-09,2.11142610796916e-09
2.0233854957463e-08,3.7246528834781e-08,3.05314207404549e-08,2.94998047213401e-08,5.28069531848009e-08,4.17021996115613e-08,4.56624266857978e-08,3.60111484045447e-08,4.50175392979149e-08,6.46476855375862e-08,6.19783768088522e-08,9.6205885907663e-08,2.87295568595389e-08,3.37093022457694e-08,1.85691437422937e-08,4.74863013548996e-08,2.75878388500166e-08,4.01029799821304e-08,2.69055929062638e-08,1.48300882452407e-08,8.21479355837862e-09,2.20406621703452e-08,1.41092560037483e-08,2.05164142010065e-08,1.22197854137395e-08,6.82526121609709e-09,6.21166940811716e-09,1.13853555009621e-08,7.6844528360326e-09,1.19694697938912e-08,5.78103234054013e-09,5.34723788321522e-09,3.13025188305593e-09,6.46873989464611e-09,5.97169079456401e-09,6.39551073731007e-09,4.54417372801034e-09,2.68245976987136e-09,1.85279825691147e-09,5.13265099443601e-09,2.62258685543965e-09,4.71358754839172e-09,2.37605529802047e-09,1.59838521256846e-09,1.21349009796056e-09,2.45104938372221e-09,1.67964228885439e-09,2.79859146197699e-09,1.59743078131796e-08,2.79499054756839e-08,2.40004603840934e-08,2.34890912469464e-08,4.05392227334396e-08,3.38922438848523e-08,3.55187949713627e-08,2.77871481805745e-08,3.18950494343103e-08,5.0101148535444e-08,4.59367810789441e-08,7.19920896386349e-08,2.30387530147032e-08,2.56784176082557e-08,1.4306635431494e-08,3.69808246442122e-08,2.289650126866e-08,3.29499382501127e-08,2.08522712177899e-08,1.14214636092875e-08,6.64226765517204e-09,1.81921024982023e-08,1.05054885491207e-08,1.68194455246818e-08,9.21115814806612e-09,5.50692159925184e-09,5.10883318976757e-09,8.18647733345331e-09,6.66433961050095e-09,9.31816733115875e-09,4.49288528022269e-09,4.41172589556037e-09,2.77272692452587e-09,5.42710115671189e-09,4.65821486383016e-09,5.12639224339161e-09,3.70966813381106e-09,2.35600001010979e-09,1.42448334356177e-09,3.84825968289407e-09,2.36197081510208e-09,3.84887220335487e-09,2.15835340190095e-09,1.20260778161978e-09,6.32489299906484e-10,2.17069884628073e-09,8.80521732784045e-10,1.98247547563147e-09
8.62895449558183e-09,1.59448868928598e-08,3.92257887731279e-08,1.54720333066582e-08,3.07385571428994e-08,2.85914258555648e-08,1.87433306241221e-08,4.77976299108786e-08,1.94797351170929e-08,3.611226603913e-08,3.9412408238738e-08,2.87295568595389e-08,5.8115328048438e-08,2.28120788448735e-08,1.10715863299034e-08,4.76465156874876e-08,2.12978880975972e-08,4.47396624783161e-08,1.9030311821084e-08,9.06770323500494e-09,9.23454030089859e-09,1.76249463024328e-08,9.37022626855288e-09,1.70831435605416e-08,7.52216576487923e-09,7.87090718929241e-09,4.56698326591733e-09,7.58357308896618e-09,8.40053569638619e-09,7.86603785813092e-09,6.77640712381918e-09,4.06248050319506e-09,3.32057937076571e-09,7.35360925971573e-09,4.80712592678949e-09,7.83271910205773e-09,3.48894423551755e-09,2.80090083896952e-09,2.24657617801882e-09,4.09903138748949e-09,2.967109369935e-09,4.19889620532251e-09,2.35137450359652e-09,1.9238194095271e-09,1.39031816859036e-09,2.51353439253893e-09,1.98842442552543e-09,2.56687651933284e-09,6.59920526105091e-09,1.2616965463342e-08,2.87084529862705e-08,1.23754719610535e-08,2.30625509446327e-08,2.20288555516672e-08,1.55481181731153e-08,3.48424054781032e-08,1.58913872847189e-08,2.82388415125207e-08,2.96990526858416e-08,2.40077946263996e-08,4.23660862724013e-08,1.84643259525793e-08,9.21581167761917e-09,3.61901727316699e-08,1.73235060155729e-08,3.42838876676692e-08,1.58640735882055e-08,7.47409278622676e-09,6.99280221650011e-09,1.45185853662626e-08,7.67976759546471e-09,1.39318935699329e-08,6.23918692742727e-09,6.07897041911156e-09,3.86545506036287e-09,6.2958738074272e-09,6.46916053778661e-09,6.97944277939007e-09,5.02650407661582e-09,3.4359791835137e-09,2.2091478313565e-09,5.62744921047194e-09,3.57704727886872e-09,6.12852837605682e-09,3.00182939046039e-09,1.83285242800727e-09,1.47570419570521e-09,3.240782012364e-09,2.36196387355377e-09,3.4477716674656e-09,1.62578935555655e-09,1.18698318585785e-09,6.37634500069234e-10,1.98444277987786e-09,1.22123688461091e-09,2.13896947788185e-09
7.84391880554397e-09,8.09550376555476e-09,1.65355739562764e-08,8.93760202853756e-09,1.51547930526375e-08,1.4460109307348e-08,9.26012663608076e-09,1.94736589326281e-08,4.79109045635514e-08,1.77287672565665e-08,3.72899547125274e-08,3.37093022457694e-08,2.28120788448735e-08,5.7197085274264e-08,2.36361207380569e-08,4.29771381489101e-08,4.66614354539721e-08,3.4903750887958e-08,4.68066037637787e-08,1.92826965223057e-08,1.05761244161133e-08,3.82786169383284e-08,1.86338922251814e-08,3.6106800148878e-08,1.58332670827621e-08,8.75806801929243e-09,7.20778527655638e-09,1.49574317844735e-08,9.26633013365616e-09,1.49768938329292e-08,7.38888922705936e-09,6.04380887316768e-09,3.4189977654766e-09,7.78380612988583e-09,6.73905743157203e-09,7.78369738474305e-09,5.2194087292872e-09,2.92582058817828e-09,2.40794917861335e-09,5.69202660559543e-09,3.12525720489397e-09,5.79242223276128e-09,2.50725337469808e-09,2.00558766541135e-09,1.70940663655527e-09,2.63045711791253e-09,2.43054356108596e-09,3.06253968989164e-09,5.37797366137867e-09,6.13754942949869e-09,1.21449971006844e-08,6.79211115369927e-09,1.11105777742544e-08,1.07691028817665e-08,7.22132126073471e-09,1.46588552987052e-08,3.54244852206748e-08,1.34915605726077e-08,2.7605870747938e-08,2.52047106808016e-08,1.68853682826857e-08,4.09779502885377e-08,1.92018840846908e-08,3.1411653266936e-08,3.57913594943284e-08,2.72065795369256e-08,3.37381457228213e-08,1.59081654684133e-08,8.27671306105892e-09,3.00984021612869e-08,1.48884611677346e-08,2.783080057129e-08,1.28578314266623e-08,6.62835224081182e-09,5.1420391183984e-09,1.187097172345e-08,7.65132573681161e-09,1.23969877997008e-08,5.76734073067596e-09,4.39461545677133e-09,3.09426202349268e-09,6.41004892028685e-09,4.74149405959599e-09,6.35770668295846e-09,3.82985778745687e-09,2.64431231464391e-09,1.6726835729789e-09,4.05091213905517e-09,2.69588604147002e-09,4.10121807316833e-09,2.28323770970414e-09,1.42374675380407e-09,1.19834623039657e-09,2.22377842092404e-09,1.78913372197636e-09,2.42841728579696e-09
4.53994706295897e-09,7.71189375884816e-09,8.52543691452039e-09,8.29057084412405e-09,8.92333774535038e-09,8.85609277032846e-09,8.98491225510588e-09,9.74294379620408e-09,2.06363719065465e-08,1.05091729102671e-08,1.93469485875776e-08,1.85691437422937e-08,1.10715863299034e-08,2.36361207380569e-08,6.12087115806994e-08,2.18969811170772e-08,4.80822209099479e-08,4.48911027490543e-08,1.92896868154466e-08,4.73071955835401e-08,1.95074789479428e-08,3.67243097957054e-08,3.81748405473391e-08,2.90215132315916e-08,3.83686428166943e-08,1.57638817826984e-08,7.93252899028327e-09,3.07213927552189e-08,1.51840782426931e-08,2.8836305612957e-08,1.30476226987437e-08,6.30775849396725e-09,5.82893010201373e-09,1.23076100336138e-08,6.89011893159463e-09,1.24089719268758e-08,5.32232228373177e-09,4.96579465423772e-09,2.81730426500799e-09,5.79447778784833e-09,5.17707118809783e-09,5.81304477442467e-09,4.3845017561695e-09,2.47435234958011e-09,1.54605149649601e-09,4.53673511871734e-09,2.61847368844259e-09,4.80876858100231e-09,3.4780683461147e-09,4.68337714315346e-09,5.72083387270868e-09,5.18374489073904e-09,5.72873124237495e-09,6.6788786785817e-09,5.82379640934648e-09,6.80310510911008e-09,1.61719939321496e-08,7.09715449745986e-09,1.35746579047114e-08,1.34131820337478e-08,7.94539280630325e-09,1.87897605898899e-08,4.53922424644735e-08,1.59578802991974e-08,3.69013315890372e-08,3.28803265578786e-08,1.56016013670695e-08,3.54934469378263e-08,1.54974315156813e-08,2.8888740166055e-08,2.82521584870401e-08,2.29887976006705e-08,2.78567457617917e-08,1.23507035838652e-08,6.25672150487248e-09,2.25483649536081e-08,1.22234342725164e-08,2.1689886109145e-08,1.01053663810012e-08,4.82830293183663e-09,4.42636601227323e-09,9.62595834278965e-09,5.31422009299857e-09,9.93321462872152e-09,4.18041044832969e-09,3.63474408078984e-09,1.91817458097003e-09,4.42886205501694e-09,3.68136125344039e-09,4.32385515577899e-09,3.18973619406944e-09,1.72651905193148e-09,1.16983782749484e-09,3.24839509396842e-09,1.48973268116079e-09,2.76200582187998e-09
9.21347776165066e-09,1.53836293337969e-08,3.23168707973458e-08,1.55838771121073e-08,2.4538499394881e-08,2.32525895436831e-08,1.80473542702905e-08,3.94057516875532e-08,3.72898519356819e-08,2.88819355910039e-08,6.15352985339689e-08,4.74863013548996e-08,4.76465156874876e-08,4.29771381489101e-08,2.18969811170772e-08,7.31668686772978e-08,3.51731805652551e-08,6.26304911200124e-08,3.47903462972716e-08,1.76956913357798e-08,1.0385644335529e-08,2.84712391164257e-08,1.70812534503714e-08,2.66569277026793e-08,1.45425164317343e-08,8.67443742570617e-09,7.48963369723623e-09,1.37465945876679e-08,9.37202578464639e-09,1.39317847150593e-08,7.3507004322465e-09,6.33362872871478e-09,4.14249599153956e-09,7.96393874897738e-09,7.45206315996185e-09,8.16347370680129e-09,5.46260518851514e-09,3.55877035832407e-09,2.75199097999611e-09,6.35350349167784e-09,3.73256774864168e-09,6.34448227080339e-09,2.93359135810888e-09,2.23763706374245e-09,1.69875017698093e-09,3.05074463291354e-09,2.44166869497232e-09,3.286957957342e-09,6.87475956399584e-09,1.21574070370386e-08,2.42522174226124e-08,1.22976129747974e-08,1.9308245703535e-08,1.88337944424944e-08,1.47602062603293e-08,2.91850210102726e-08,2.81551942473969e-08,2.32598480762057e-08,4.39120284493049e-08,3.64246095216072e-08,3.51193178698205e-08,3.26695296318443e-08,1.79292076743695e-08,5.26730593949309e-08,2.88672721719811e-08,4.78795348059641e-08,2.72875450025293e-08,1.49334477136377e-08,8.29208901849666e-09,2.39451411681253e-08,1.37110014477184e-08,2.17267238800116e-08,1.20149394878453e-08,6.89081497086033e-09,5.80137649238385e-09,1.10437941457774e-08,7.92914616772234e-09,1.200826056929e-08,5.63313844704618e-09,4.92436367233744e-09,3.4930369256944e-09,6.51218342593381e-09,5.6351805668464e-09,6.72824250720938e-09,4.28110399055614e-09,3.01207926091124e-09,1.77451559677445e-09,4.89019078360326e-09,2.91482567191234e-09,4.66441628149983e-09,2.56453688868858e-09,1.34341337495289e-09,8.63315304362967e-10,2.36957533440114e-09,1.43061194709211e-09,2.43405238302518e-09
8.22629998437075e-09,8.46596482182169e-09,1.55659389614251e-08,9.22099640821306e-09,1.46335464366894e-08,1.41704947659055e-08,9.91164553772455e-09,1.82157821373384e-08,3.89768350959521e-08,1.72718135985722e-08,3.05165931658484e-08,2.75878388500166e-08,2.12978880975972e-08,4.66614354539721e-08,4.80822209099479e-08,3.51731805652551e-08,7.67157169962035e-08,6.13805157144024e-08,3.82859167544236e-08,3.67247194809258e-08,1.79030525676252e-08,6.03818436303992e-08,2.929320910013e-08,5.00566067677307e-08,2.9718758127507e-08,1.43636490474664e-08,7.76020155171177e-09,2.33060008883429e-08,1.40961398594625e-08,2.22337715775991e-08,1.19136659914495e-08,6.22966086036649e-09,6.06566133022754e-09,1.14875189680725e-08,6.73009539138439e-09,1.14247135718923e-08,5.21886908467773e-09,5.07995262439482e-09,2.80532289788998e-09,5.58264605457807e-09,5.23608086000675e-09,5.61530332983071e-09,4.46181153937557e-09,2.4332234201191e-09,1.73457770162786e-09,4.57672604084583e-09,2.74983211162741e-09,4.83907555104307e-09,5.89788204446085e-09,6.61911726936926e-09,1.12075430795899e-08,7.20414972731224e-09,1.05558116123779e-08,1.03195094976473e-08,7.85458038765857e-09,1.35265329915939e-08,2.99606650228087e-08,1.29310566700786e-08,2.30949338790772e-08,2.16246643562992e-08,1.58560880734395e-08,3.47024410576277e-08,3.66059212311809e-08,2.67839494343838e-08,5.6704482625322e-08,4.52013816320339e-08,2.90811578844709e-08,2.9115317802892e-08,1.38264193947505e-08,4.63560635443161e-08,2.34589518627853e-08,3.89194530123175e-08,2.32581236857089e-08,1.06363340630578e-08,6.25380078440326e-09,1.84641980460465e-08,1.12205546347682e-08,1.83156169121377e-08,8.84092102590096e-09,4.95816844435779e-09,4.79516647845035e-09,9.05334197806232e-09,5.39328178442535e-09,9.13544078958256e-09,4.30020884403996e-09,4.00730205171236e-09,1.85818438455677e-09,4.51291814433915e-09,4.06965961932237e-09,4.42538374012486e-09,3.51987224183488e-09,1.58995960716527e-09,1.40104653370327e-09,3.49164843058383e-09,1.77291501447977e-09,3.43326605816902e-09
9.60669413940852e-09,1.54273547741279e-08,3.03509508445484e-08,1.57021270770306e-08,2.34232422874487e-08,2.24714933090169e-08,1.81970662499167e-08,3.67273426964805e-08,3.01605190934568e-08,2.76408921817488e-08,5.24024111044706e-08,4.01029799821304e-08,4.47396624783161e-08,3.4903750887958e-08,4.48911027490543e-08,6.26304911200124e-08,6.13805157144024e-08,9.51194950570548e-08,2.83535699760845e-08,3.39760217313679e-08,1.65908187996075e-08,4.74538097631859e-08,2.65832565557927e-08,3.80673553011661e-08,2.727115191275e-08,1.30646526392074e-08,7.31251424397994e-09,2.08865511200785e-08,1.30234791301523e-08,2.00533599031102e-08,1.09554397203526e-08,5.96298848718877e-09,7.00683358888914e-09,1.06823127514608e-08,7.13497500760179e-09,1.12042298266547e-08,5.08728332471883e-09,5.78064111752289e-09,3.15945619541474e-09,6.01686403491919e-09,5.79858471868721e-09,5.96950841288722e-09,4.92531178477695e-09,2.72264184660838e-09,1.83501160159363e-09,4.94092647651071e-09,2.89479004100144e-09,5.07405213195568e-09,7.53841678444524e-09,1.2332694033252e-08,2.22462728509186e-08,1.27579024654691e-08,1.80996406757189e-08,1.79619266368728e-08,1.51470639261994e-08,2.67747231477486e-08,2.38457944984408e-08,2.20660132628777e-08,3.7850972475741e-08,3.18590692685781e-08,3.28087415182716e-08,2.77339605891545e-08,3.39803028844474e-08,4.63205365944089e-08,4.73878342542435e-08,7.01344800755263e-08,2.3536628566461e-08,2.69024407399947e-08,1.28398225272529e-08,3.80588535734042e-08,2.12653480934515e-08,3.08451782230586e-08,2.12910973538099e-08,9.9397400600018e-09,6.32821903659621e-09,1.66922715532433e-08,1.06714908151949e-08,1.70491940144462e-08,8.37497039200161e-09,5.04299104807292e-09,5.26351254385912e-09,8.65857058436541e-09,5.83257298566045e-09,9.15176825932604e-09,4.40483355820844e-09,4.36651424031991e-09,1.99319039860408e-09,4.94865295051416e-09,4.24476161718892e-09,4.61792262308119e-09,3.76351592390227e-09,1.60476516287195e-09,1.15042886086168e-09,3.59184840220416e-09,1.48447447875949e-09,3.37002240678437e-09
6.8537550738894e-09,6.50520357209169e-09,1.35983703301164e-08,7.308302469216e-09,1.23964550247093e-08,1.1864468561119e-08,7.5109818937768e-09,1.61496426440509e-08,3.88390219984833e-08,1.45569738587441e-08,2.99724985169662e-08,2.69055929062638e-08,1.9030311821084e-08,4.68066037637787e-08,1.92896868154466e-08,3.47903462972716e-08,3.82859167544236e-08,2.83535699760845e-08,5.67509515057254e-08,2.27342665732878e-08,1.2120789298975e-08,4.69917411685568e-08,2.18507297998738e-08,4.44569092385485e-08,1.87068245337256e-08,9.92949955464572e-09,8.55855079877517e-09,1.76038852333139e-08,1.06860654590867e-08,1.7745628595607e-08,8.35374754950807e-09,7.14307618179941e-09,4.1260473682104e-09,8.96443983582116e-09,7.89411149860659e-09,8.99648824046867e-09,6.10616970057022e-09,3.39994691706461e-09,2.84726122701323e-09,6.56211909862564e-09,3.7357633102649e-09,6.66993843994771e-09,2.91418363210157e-09,2.33001001753094e-09,1.99097909616135e-09,3.12526105117358e-09,2.73778102756778e-09,3.53891679582077e-09,4.85988607281086e-09,4.93265308864689e-09,9.98301012451392e-09,5.64772903014281e-09,8.97771330178585e-09,8.87614867496558e-09,5.91163081180807e-09,1.22805874127393e-08,2.87932891919246e-08,1.11745177413822e-08,2.27778442875587e-08,2.06317925147974e-08,1.43699170893705e-08,3.37380972657995e-08,1.59119385747425e-08,2.65429789969267e-08,3.01021054259842e-08,2.29696551085448e-08,4.06885497414838e-08,1.89162047307384e-08,9.18914862703365e-09,3.73197038834733e-08,1.73322530612116e-08,3.44868180729541e-08,1.54212284128509e-08,7.39629152850451e-09,5.92803513971839e-09,1.40704105855651e-08,8.63398027820226e-09,1.47205875814954e-08,6.38281157440508e-09,4.96268930137293e-09,3.5257657499808e-09,7.1221803039073e-09,5.32793280403542e-09,7.14568089458345e-09,4.25476714081672e-09,2.93565837495455e-09,2.10250746202192e-09,4.49191930443123e-09,2.99097365258388e-09,4.53651847619167e-09,2.55521054818317e-09,1.77651652138083e-09,1.42225418596179e-09,2.45711436685304e-09,2.17767086980763e-09,2.706682230629e-09
