1.6714938857731e-07,6.05387876846331e-08,3.67168433296594e-08,1.37907905353805e-07,6.23467004841856e-08,1.40668339482423e-07,4.30185954491743e-08,2.11723577414036e-08,2.1025282490669e-08,4.09651032637875e-08,2.24132574239532e-08,4.0288741706145e-08,1.60250291480314e-08,1.81003169575355e-08,1.06720583372562e-08,1.78775776497654e-08,2.09765421805978e-08,1.9035743589468e-08,1.47538597901322e-08,8.92224761129152e-09,5.82520907783814e-09,1.64665415965041e-08,1.01314781427026e-08,1.94412969156625e-08,7.23727295493333e-09,3.72157112815695e-09,3.72837610682375e-09,7.313264101314e-09,4.2752719772857e-09,8.29915697309252e-09,3.59441771265021e-09,3.57911343421818e-09,3.00916003046505e-09,3.95042118261469e-09,4.22879285138967e-09,4.87168343071679e-09,3.29980474435967e-09,2.3073327072692e-09,5.63311631879161e-10,3.48568459106657e-09,1.57235784492492e-09,2.9833111195142e-09,1.80692064306862e-09,8.98674625695017e-10,7.32553159018152e-10,1.23890612197417e-09,9.87541901048471e-10,1.11097652763874e-09,9.93584700189282e-08,4.14983770930879e-08,1.96070632172351e-08,7.41547510944929e-08,3.92250805645582e-08,7.69030777689916e-08,3.16015524891842e-08,8.88114033457062e-09,1.50246599325603e-08,2.6240024576862e-08,7.88993778916733e-09,2.70172369728802e-08,6.64368004174753e-09,1.32744445882514e-08,1.06426162828228e-08,6.37335067472606e-09,1.65504121612523e-08,1.15328377269414e-08,1.11703815982743e-08,7.91267611077039e-09,4.70580916125466e-09,1.36066707949948e-08,7.07938641484587e-09,1.57096796956558e-08,5.97862012546637e-09,2.86795734969921e-09,1.88391653619523e-09,5.54438867591492e-09,3.57191452993505e-09,6.28264856044227e-09,2.77267537069701e-09,2.43826842397076e-09,1.74058218415153e-09,3.87699101344334e-09,3.41529248148656e-09,5.35084194796038e-09,2.06400142548191e-09,1.30455748142741e-09,4.30965792762756e-10,2.66438999071732e-09,9.74305559083107e-10,1.63074835940293e-09,1.34297154859323e-09,9.73960303789612e-10,1.47039258108076e-09,1.14678982661464e-09,1.77693924720401e-10,2.30222966211672e-10
6.05387876846331e-08,1.71442095256172e-07,7.15151606849596e-08,1.37934827118801e-07,1.34834450677709e-07,1.04721525288914e-07,1.26634777008348e-07,4.692503214451e-08,2.33054816606082e-08,9.65007734712385e-08,4.15401334010936e-08,8.81047706337552e-08,3.56117563249837e-08,1.79657657474254e-08,2.60677448779068e-08,3.11176895804206e-08,2.07608098911364e-08,3.35240362679029e-08,1.42690111598977e-08,2.22918082300228e-08,6.40379750450696e-09,1.65432489719096e-08,2.28811585980393e-08,1.86069984639647e-08,1.97303714845844e-08,5.47063366241774e-09,4.31857395248917e-09,2.03747480239203e-08,5.26350979860499e-09,2.03683264188348e-08,4.76907882333769e-09,3.27893060031463e-09,2.38300340459226e-09,4.37634514867146e-09,3.91857195282401e-09,5.13451326693874e-09,2.77014540254622e-09,1.56190654483538e-09,2.00054063679631e-09,3.02209167595347e-09,1.87311227274639e-09,3.18582510338027e-09,1.06734078780922e-09,1.41406307431818e-09,2.40944544355515e-09,1.18299622746406e-09,3.21946284960775e-09,2.94668904618242e-09,4.53178499926115e-08,1.19865913591022e-07,5.69598298065864e-08,1.02632026551985e-07,9.44042666021881e-08,7.43370138310319e-08,9.56503923746036e-08,3.81589319260499e-08,1.21960949667014e-08,7.07497326882321e-08,2.90357528241986e-08,5.8650566947306e-08,3.04182707343702e-08,9.97131675781555e-09,1.75440165821996e-08,2.32364135059188e-08,1.38533079618174e-08,2.17313503274086e-08,8.19613670554295e-09,1.56788848734395e-08,5.08970096559105e-09,1.13347024401472e-08,1.4890499087497e-08,1.21835940448398e-08,1.33579795869689e-08,4.43999641097071e-09,2.48387428983515e-09,1.3536579740186e-08,3.71193130627297e-09,1.37039304272066e-08,4.18877727141771e-09,2.21697823803865e-09,1.96550866125944e-09,3.86461814640902e-09,2.14477484121915e-09,3.70420303502829e-09,2.03479907274421e-09,1.37939443092486e-09,1.21840273796964e-09,1.68027979430552e-09,2.04044647830336e-09,2.24125697712648e-09,1.14196943376614e-09,1.2250193379391e-09,3.34741413486265e-09,1.41884268054861e-09,3.49802929600347e-09,2.26545707660164e-09
3.67168433296594e-08,7.15151606849596e-08,1.92029058548261e-07,6.85850889703336e-08,1.53759007297017e-07,1.46431299608355e-07,4.6975536578248e-08,1.20554396208817e-07,4.96306788522136e-08,9.09247894437733e-08,9.24177566282237e-08,6.83866162105562e-08,8.701374952599e-08,3.61198302853046e-08,2.03643095528692e-08,6.71671641537338e-08,3.78110026846659e-08,6.73002131485858e-08,2.68333454183125e-08,1.50049141248201e-08,1.01942187079999e-08,2.78030364605024e-08,1.63160965858698e-08,2.97485591603425e-08,1.25328825727748e-08,8.71020225334544e-09,5.4370178293568e-09,1.31623700898188e-08,8.93911683029082e-09,1.32438107675582e-08,7.20468049526426e-09,3.47002355766559e-09,2.83178469340031e-09,6.85847702352735e-09,3.55533216778928e-09,7.15424510009485e-09,3.2120475159142e-09,2.35137974177878e-09,2.12747776638074e-09,3.05254086912562e-09,2.1665233755864e-09,2.98226836331431e-09,1.92841247964384e-09,1.94494749507696e-09,2.19655099169687e-09,1.64913351549592e-09,3.1051794945082e-09,2.44098455878783e-09,2.33165050214436e-08,5.83499379042562e-08,1.20885689857574e-07,4.83346988163324e-08,9.88641317287856e-08,8.10289106973929e-08,4.1242357890499e-08,7.13252969321875e-08,2.43972726343745e-08,5.75231284859358e-08,5.20613986749343e-08,4.1848863098003e-08,5.51888568606646e-08,1.9370522343964e-08,1.58236108002382e-08,4.04598326044442e-08,2.07380499705853e-08,4.0824737461279e-08,1.37506610284053e-08,9.74939888689787e-09,5.40777776082534e-09,1.44513734012127e-08,6.93162219054433e-09,1.39243551311909e-08,9.27330821481956e-09,4.46108230920908e-09,2.03277901788055e-09,6.11926148094776e-09,4.38404477430487e-09,5.58152373691452e-09,4.11993856671544e-09,2.04808619611749e-09,1.6826008276409e-09,3.68140843292921e-09,2.46549083476254e-09,4.64457562678575e-09,1.67881198129171e-09,1.44604929212408e-09,1.52169854450261e-09,2.03592073337741e-09,1.69227488832102e-09,2.38010482613052e-09,1.52071628413952e-09,1.63436481830435e-09,2.43792837258867e-09,1.27004654319481e-09,3.06828864403954e-09,2.40181713001069e-09
1.37907905353805e-07,1.37934827118801e-07,6.85850889703336e-08,2.34743889504074e-07,1.03933727220144e-07,1.95772055521415e-07,9.72501140973772e-08,4.13220861713449e-08,2.20057030027576e-08,6.80307269833437e-08,3.75583073232999e-08,6.32130035338169e-08,3.06094621700625e-08,1.70354094382752e-08,2.68561247719613e-08,2.75632536545934e-08,2.04681775525778e-08,3.07985526508445e-08,1.35814377089815e-08,2.38876503699586e-08,7.3645973188308e-09,1.65945140841921e-08,2.44072770355162e-08,1.89642721747564e-08,2.02780107383834e-08,4.76036095666167e-09,4.73298792005877e-09,1.98372775571459e-08,5.11449017421208e-09,2.08123127657508e-08,4.18398317111028e-09,3.92265687934995e-09,3.20048058247195e-09,4.25840233536706e-09,4.74739042860972e-09,5.7076707589333e-09,3.5309636887101e-09,2.51851317139003e-09,2.42563311299915e-09,3.98394061496133e-09,2.37503410285043e-09,3.80664465063169e-09,1.66575105767523e-09,1.77394040176426e-09,2.44435715624457e-09,1.30529740790791e-09,3.40245304627881e-09,2.8129529286313e-09,7.77477750558695e-08,9.70344168190253e-08,5.4336571696258e-08,1.43579276960984e-07,7.26340421907679e-08,1.18456410771853e-07,7.57495021204914e-08,3.37733915177623e-08,1.2665021313051e-08,4.80151926127982e-08,2.80982241551608e-08,4.42725764658767e-08,2.72625205873559e-08,9.90741921199172e-09,1.9552682160937e-08,2.22385522251793e-08,1.43407621431058e-08,2.15656678884662e-08,8.51754342483222e-09,1.7836688166448e-08,5.29069266295701e-09,1.17511325724672e-08,1.62532667857462e-08,1.18810871956852e-08,1.41728768508632e-08,2.87628586070801e-09,2.109836494167e-09,1.31669910301037e-08,3.48295237672478e-09,1.45735887848222e-08,2.77016845214219e-09,2.13084056657498e-09,1.75501269516559e-09,3.73593646975059e-09,1.82103005424486e-09,4.32326873217988e-09,2.04925497012116e-09,1.26432195242284e-09,3.65605773782157e-10,1.30442922848875e-09,1.91273595051854e-09,1.09989298796314e-09,1.14849859104672e-09,6.78117520887599e-10,3.30050509540977e-09,1.48071182713457e-09,2.48874879124419e-09,2.87306891432992e-09
6.23467004841856e-08,1.34834450677709e-07,1.53759007297017e-07,1.03933727220144e-07,2.38596487953757e-07,1.93899737569163e-07,9.6548820735533e-08,9.09104127186562e-08,4.50080051698381e-08,1.55147839877465e-07,6.87205285459897e-08,1.26405658057319e-07,6.53794752629194e-08,3.34561794102231e-08,2.07814294579095e-08,5.01971625688611e-08,3.54133252872618e-08,5.19342760950738e-08,2.55169959998757e-08,1.59551033570336e-08,1.08849094413606e-08,2.71087068173842e-08,1.73940915572178e-08,3.00701169666753e-08,1.30383800106663e-08,9.29820159283794e-09,6.00768718063566e-09,1.40382419331308e-08,8.57610271847373e-09,1.3396169422181e-08,8.12903352819743e-09,4.5168021116584e-09,3.34685462133187e-09,7.20873394289091e-09,4.62009609063351e-09,7.91786929686331e-09,4.15647398782802e-09,2.59628256495939e-09,2.86043843700044e-09,3.91994801899609e-09,2.743566878639e-09,4.38509959420691e-09,1.80350426470411e-09,2.41898512100591e-09,1.96115294386694e-09,1.88760071892624e-09,3.54628777323956e-09,2.54895389658378e-09,4.67552839527072e-08,1.00398249206464e-07,9.94655972810712e-08,7.55676541250032e-08,1.48246832847878e-07,1.1529687684564e-07,7.29794148509323e-08,5.49289458141357e-08,2.14511481061471e-08,9.38081369847226e-08,4.22303517574049e-08,7.64549945689498e-08,4.25607670615911e-08,1.79636461677223e-08,1.11906092321399e-08,3.29604604583015e-08,1.81991003694633e-08,3.14561602897069e-08,1.37217608393417e-08,8.04631181408571e-09,7.29611834263374e-09,1.35550576733812e-08,4.20448545729406e-09,1.52354905224992e-08,7.26596477739211e-09,6.2339443256878e-09,2.05853265417179e-09,3.69196945637435e-09,4.92582108081559e-09,2.60363419445242e-09,5.94937169022693e-09,1.49561826290644e-09,2.32481027312911e-09,5.00966221355268e-09,1.96859559117877e-09,6.01646663231124e-09,1.37589996651464e-09,1.79944791818751e-09,2.05614503722364e-09,1.38579384359419e-09,2.96019738383237e-09,3.29108464430663e-09,1.55360760440914e-09,2.06363749707824e-09,2.49492566839307e-09,2.07521875235634e-09,3.53151210739530e-09,1.98236626419191e-09
1.40668339482423e-07,1.04721525288914e-07,1.46431299608355e-07,1.95772055521415e-07,1.93899737569163e-07,3.06770681315483e-07,6.9576662616951e-08,8.27223306227512e-08,4.20888614176741e-08,1.16792439134249e-07,6.3743556746132e-08,9.4404257133847e-08,5.7258307274832e-08,3.07957793965525e-08,1.94437272674929e-08,4.51338983832804e-08,3.24509387612797e-08,4.69025269263435e-08,2.31511464270734e-08,1.52538992100464e-08,1.16521644056362e-08,2.46003237686176e-08,1.70859914772034e-08,2.79077127495788e-08,1.19916787209195e-08,8.36178486100298e-09,6.76867777871526e-09,1.22653808952058e-08,8.23766108884336e-09,1.2386033768684e-08,7.34334095257372e-09,5.39628464149595e-09,4.48737445963967e-09,6.79871944832152e-09,5.91135406432035e-09,8.39215438298376e-09,4.9774198750613e-09,3.84832611351242e-09,3.43716817358852e-09,5.23243802782266e-09,3.42983763844218e-09,4.95442513032723e-09,2.76919369251053e-09,3.22348262866373e-09,1.79988183063154e-09,2.18469972527993e-09,4.17622146089574e-09,2.44641332050528e-09,8.19776363726604e-08,7.5240495209503e-08,9.23336860719057e-08,1.16158041623145e-07,1.19980076395683e-07,1.73299538761123e-07,5.11341024201515e-08,4.85166869593127e-08,1.95412463040098e-08,6.7898844888885e-08,3.80918437129209e-08,5.71488459148714e-08,3.66972914294575e-08,1.54810794996012e-08,9.94451449798729e-09,2.95375776896412e-08,1.51353319700053e-08,2.97692226210535e-08,1.16497133189541e-08,6.69814484817826e-09,6.59929991435421e-09,1.03249478851825e-08,3.70935886592231e-09,1.15583848286967e-08,5.34894896883882e-09,3.77731057859001e-09,2.10209958378809e-09,2.12916142906593e-09,3.65679103438656e-09,3.18489816741972e-09,3.79114329051162e-09,1.64634653951891e-09,2.15385987533383e-09,3.69050711078742e-09,2.24906528433657e-09,5.51530581544438e-09,1.5894529843337e-09,1.46108631884824e-09,9.7412478009511e-10,1.41175034657739e-09,2.39957168440939e-09,2.43949833394262e-09,1.4325051069186e-09,1.31283491626625e-09,2.066260752756e-09,1.68081337647137e-09,2.10062670107091e-09,2.21609342872003e-09
4.30185954491743e-08,1.26634777008348e-07,4.6975536578248e-08,9.72501140973772e-08,9.6548820735533e-08,6.9576662616951e-08,1.66011516385939e-07,6.40380463469407e-08,2.88359944840602e-08,1.30664954721803e-07,5.79704788379938e-08,1.20723818581434e-07,4.96068161558484e-08,2.21400004777646e-08,3.13815110461145e-08,4.48051195984167e-08,2.58489511180549e-08,4.69945061556491e-08,1.75602516986736e-08,2.51199749412502e-08,8.27977864036763e-09,2.06331748219739e-08,2.60577941223238e-08,2.29672125047689e-08,2.19392020224576e-08,6.33563981661668e-09,5.08511357893995e-09,2.2608264899855e-08,6.44644936733346e-09,2.2377943877745e-08,5.63456659361259e-09,4.06017756165507e-09,3.99626269169345e-09,5.51211650045571e-09,4.98060925484314e-09,6.60988590406596e-09,3.11214556061152e-09,2.66338757333285e-09,3.54968759808881e-09,3.68127168279103e-09,3.65983306707412e-09,4.21222474214008e-09,2.06320658325793e-09,3.04853933022379e-09,2.62712568950742e-09,2.95323151324310e-09,4.29496246131559e-09,4.12566682560464e-09,3.34871198597909e-08,9.56292550333934e-08,3.82014502002882e-08,8.07019211382859e-08,7.07454462819165e-08,5.36677390720199e-08,1.2442673980502e-07,4.71322301724686e-08,1.50618635392732e-08,9.51223392481541e-08,3.71740330364485e-08,7.95836281674792e-08,3.84429460887374e-08,1.23813057587731e-08,1.9307960358648e-08,3.09284015235073e-08,1.4444481227138e-08,2.96341127099259e-08,1.00083204983202e-08,1.72703727792434e-08,7.0984419920159e-09,1.2057766499347e-08,1.7327385487363e-08,1.40825183000778e-08,1.46084430516851e-08,5.40201937214834e-09,2.72643230916372e-09,1.53176500171221e-08,4.29503253632255e-09,1.50298908322286e-08,4.91474105439843e-09,2.48944340530616e-09,2.49724591158719e-09,4.38270587973426e-09,3.39342284376041e-09,5.13825182020295e-09,1.9998303337551e-09,1.76311141927941e-09,3.5419587410214e-09,2.2647678891257e-09,3.75676682721601e-09,3.55476669962272e-09,1.49845445996004e-09,3.39423020942281e-09,3.79188812254338e-09,3.21267694790825e-09,3.86847366914798e-09,3.3044903254368e-09
2.11723577414036e-08,4.692503214451e-08,1.20554396208817e-07,4.13220861713449e-08,9.09104127186562e-08,8.27223306227512e-08,6.40380463469407e-08,1.56542894260346e-07,6.18381069092325e-08,1.19692139574038e-07,1.23651476197151e-07,9.35556576945163e-08,1.15936391680138e-07,4.64177529801896e-08,2.54986989078176e-08,9.28071890884459e-08,4.82501212599477e-08,9.3082327602236e-08,3.49924477456315e-08,1.86587481704609e-08,1.3141026011772e-08,3.5941838904046e-08,1.98433071801325e-08,3.79665582663899e-08,1.5603366060951e-08,1.0812315217243e-08,8.56977187993499e-09,1.59546252180527e-08,1.27767752842359e-08,1.57613387492287e-08,8.59864667648424e-09,5.93736942906552e-09,5.72419498883073e-09,9.84683481715082e-09,6.04966149139326e-09,1.01118244547845e-08,5.23770978065674e-09,5.19069539928401e-09,4.30184320312509e-09,5.38888400889521e-09,5.12697172803378e-09,5.21664264277956e-09,4.49853567344788e-09,4.08381087504466e-09,2.38111237592127e-09,4.29517055752121e-09,4.87253185333528e-09,4.40643320951497e-09,1.49975767576574e-08,4.11664573936258e-08,7.13342992300536e-08,3.47255324091861e-08,5.74408193532069e-08,4.75368083250456e-08,5.80076821210086e-08,8.83916738583626e-08,2.95609604776306e-08,7.93807047752987e-08,6.89978600011767e-08,6.24589942323785e-08,7.36808718948891e-08,2.48195205595811e-08,1.88462242991428e-08,5.81304428702033e-08,2.42685288129391e-08,5.68050795373785e-08,1.71411110161685e-08,1.20863534639402e-08,6.98321827129263e-09,1.56366719137066e-08,1.06258015109139e-08,1.66533862570421e-08,1.12473183073411e-08,5.3173079956362e-09,4.66850293199686e-09,9.03790839797556e-09,6.49751726446837e-09,8.17174958028605e-09,3.909148221776e-09,3.79199979191965e-09,2.38006397386662e-09,4.65651062665565e-09,4.07110989502931e-09,5.10225458323613e-09,3.28902469540365e-09,2.04785033058119e-09,4.0176951410621e-09,3.46534440892803e-09,3.49069385012641e-09,4.59851941214693e-09,2.19215048056166e-09,3.80978871983418e-09,2.80314156164149e-09,3.06041418169094e-09,3.25153939510247e-09,1.93907345530982e-09
2.1025282490669e-08,2.33054816606082e-08,4.96306788522136e-08,2.20057030027576e-08,4.50080051698381e-08,4.20888614176741e-08,2.88359944840602e-08,6.18381069092325e-08,1.51499693543572e-07,5.44239419912019e-08,1.21954576628952e-07,1.11208291454308e-07,4.64390874004774e-08,1.08511385844521e-07,4.75293526545306e-08,8.45987037870356e-08,8.92785303055059e-08,6.94355024980236e-08,8.43633161969111e-08,3.61781363314547e-08,1.72053714109536e-08,6.85591763989449e-08,3.67219865473042e-08,6.89094870632895e-08,2.99977985350041e-08,1.3918417136513e-08,1.2747418474831e-08,2.99170628714571e-08,1.63772061457006e-08,3.25580502336367e-08,1.09148439710369e-08,9.79794183805257e-09,5.37912088881087e-09,1.27131851609837e-08,1.03102700480424e-08,1.39514956258366e-08,8.44340544543581e-09,4.82833562360271e-09,3.70907249306545e-09,8.67265320197059e-09,5.94900053337699e-09,9.87615808024644e-09,3.97339189078434e-09,2.93411344113924e-09,2.9192680134628e-09,4.57478223383674e-09,3.81440409659559e-09,4.82407186279444e-09,1.4601047177218e-08,1.64344748035728e-08,2.62187814925938e-08,1.85712291132448e-08,2.25819524950027e-08,2.53615321443006e-08,2.07320224690897e-08,3.16996701770142e-08,8.75352621275695e-08,3.03469007233631e-08,6.76930838373473e-08,7.39462776055008e-08,2.78003014131134e-08,6.67195370500195e-08,2.8849087745084e-08,5.30381508833926e-08,5.51914692594782e-08,4.3139160448137e-08,4.83975870925484e-08,2.02007476749179e-08,8.75065427915189e-09,4.01318855009105e-08,1.82571031979656e-08,3.76277558494126e-08,1.53056964720934e-08,6.93189433595444e-09,8.41354994756595e-09,1.48886260860018e-08,1.14758548765591e-08,1.88061831166802e-08,4.50519644396582e-09,6.78851968551124e-09,3.36079456855201e-09,8.26430067070321e-09,7.02275661724003e-09,9.87010892408804e-09,5.61840727610517e-09,2.9750442115135e-09,3.67555344016622e-09,5.80467481703218e-09,4.9437244506637e-09,6.99817267621305e-09,2.77216142503032e-09,3.57695093541307e-09,3.30649911832705e-09,4.58869226352656e-09,3.31213117698579e-09,3.71515283195404e-09
4.09651032637875e-08,9.65007734712385e-08,9.09247894437733e-08,6.80307269833437e-08,1.55147839877465e-07,1.16792439134249e-07,1.30664954721803e-07,1.19692139574038e-07,5.44239419912019e-08,2.00926528710405e-07,9.38087757511429e-08,1.66764472324954e-07,8.93501472037844e-08,4.12659700854483e-08,2.55319299484678e-08,7.1095360977286e-08,4.43362531444604e-08,7.26596053261842e-08,3.19942203518996e-08,1.92021955700624e-08,1.4215611936046e-08,3.4724743351433e-08,2.0972172765051e-08,3.79285363922314e-08,1.55347034241142e-08,1.11561882000786e-08,8.2455472576475e-09,1.63943849496857e-08,1.17028137744694e-08,1.55719578606586e-08,9.80555469677931e-09,6.67902050494569e-09,6.44125622127923e-09,1.01125927545863e-08,6.98448495148149e-09,1.09551852298736e-08,5.5104250065859e-09,5.25883113538296e-09,5.78730692515759e-09,5.82180654403077e-09,6.08695623233209e-09,6.50965046869934e-09,4.22687926253314e-09,4.93578349885443e-09,2.28256598810046e-09,4.68741445817026e-09,5.52027245075593e-09,4.5958608318197e-09,3.44216130492137e-08,7.29011900954958e-08,5.49496134911836e-08,5.61182320940503e-08,9.37286122214064e-08,7.26751742046213e-08,1.02820744329033e-07,7.12180991760716e-08,2.64106717017105e-08,1.26483856478601e-07,5.66261107931379e-08,1.05492193944551e-07,5.73932612857624e-08,2.25898185544485e-08,1.52943422558461e-08,4.63833791958603e-08,1.99258167401875e-08,4.33657297603796e-08,1.69122247550641e-08,1.16751266560703e-08,9.1499871306922e-09,1.46170060967183e-08,8.69446064568988e-09,1.82566443333038e-08,1.02887697002953e-08,6.6027878634519e-09,3.30866288454451e-09,6.90491959449521e-09,5.48271194321018e-09,4.97882948322813e-09,6.15725651819795e-09,2.682884577572e-09,3.44216886955033e-09,5.52333944919006e-09,3.48090610376124e-09,6.61994292437477e-09,2.20765966089263e-09,2.52984207483849e-09,5.05260517248896e-09,2.38746181436867e-09,5.48271303221853e-09,5.51391890835503e-09,2.44234457505087e-09,4.41963692700899e-09,2.87103739641351e-09,4.50444143658757e-09,3.76505566882241e-09,2.64347827759916e-09
2.24132574239532e-08,4.15401334010936e-08,9.24177566282237e-08,3.75583073232999e-08,6.87205285459897e-08,6.3743556746132e-08,5.79704788379938e-08,1.23651476197151e-07,1.21954576628952e-07,9.38087757511429e-08,1.95986799082624e-07,1.55933894705909e-07,9.28380205043374e-08,8.46033747030298e-08,4.41567242521232e-08,1.42166637202848e-07,7.06371660732765e-08,1.22022834649702e-07,6.40165638778835e-08,3.27866448392142e-08,1.67893126429983e-08,5.2167045829467e-08,3.29245240466677e-08,5.18848156813157e-08,2.71059915381786e-08,1.37305254153137e-08,1.42899455338603e-08,2.7137850420016e-08,1.62090340692644e-08,2.81229334314376e-08,1.07882663214251e-08,1.10233845835493e-08,6.16742687511958e-09,1.26185412481083e-08,1.18390648444164e-08,1.35996819621754e-08,9.65545048503967e-09,5.48863682809781e-09,4.31677413492629e-09,1.02517499495081e-08,6.2558524891727e-09,1.0970102264534e-08,4.72845836318568e-09,4.04892706285404e-09,2.34208117285764e-09,5.29056803301276e-09,4.63186291691673e-09,4.86607697403188e-09,1.40361302099588e-08,3.34157065018726e-08,5.07485005311172e-08,3.09130592982429e-08,4.10260605329348e-08,3.97320924619542e-08,5.04659927775463e-08,6.76519481788251e-08,6.89928626157763e-08,6.17130392244816e-08,1.07008975284754e-07,1.06390396191603e-07,5.57036043097108e-08,5.13618617765322e-08,2.77507385363789e-08,8.38252225146268e-08,4.11064169085343e-08,7.25650441356227e-08,3.47071227455975e-08,1.92729910943438e-08,9.12126255134628e-09,2.62650956570271e-08,1.71735736774633e-08,2.47602435576947e-08,1.41643232886967e-08,7.21703574893498e-09,7.34587904546943e-09,1.3722628365882e-08,1.00816607790241e-08,1.44336878168929e-08,4.89935184116527e-09,6.62121020240156e-09,3.05576636786845e-09,6.86791141011138e-09,7.78723838228713e-09,8.46238267700296e-09,5.67580098940826e-09,2.69823563806543e-09,5.05588196256777e-09,6.5668329753932e-09,4.97910731397977e-09,7.87924097475834e-09,2.64868649404698e-09,4.69305199309384e-09,2.93146050054587e-09,4.5744812009676e-09,3.20063960880339e-09,2.72146077600994e-09
4.0288741706145e-08,8.81047706337552e-08,6.83866162105562e-08,6.32130035338169e-08,1.26405658057319e-07,9.4404257133847e-08,1.20723818581434e-07,9.35556576945163e-08,1.11208291454308e-07,1.66764472324954e-07,1.55933894705909e-07,2.43459513835965e-07,6.99629062229476e-08,7.68370373350234e-08,3.92364824381785e-08,1.11641601778782e-07,6.27143300479708e-08,9.36783851308868e-08,5.94727105983906e-08,2.95759357724058e-08,1.56192307049878e-08,4.82076393326147e-08,3.08247396928503e-08,4.82009846492074e-08,2.46718617399394e-08,1.25890768037521e-08,1.37661146501663e-08,2.51534887103458e-08,1.43466293435224e-08,2.62376534673801e-08,1.03600376348864e-08,1.1431811430392e-08,6.14680161920222e-09,1.18134900985283e-08,1.1913514362328e-08,1.25687218430489e-08,9.41454578120609e-09,5.05467619652677e-09,5.63719759205093e-09,9.88093165271474e-09,6.98925798888152e-09,1.14580865068764e-08,4.12836458206677e-09,4.67473878918335e-09,2.03612597678852e-09,5.37204384279567e-09,4.93527479355373e-09,4.85544344152454e-09,3.09040126616226e-08,6.0275271979248e-08,4.06628851675751e-08,4.8600937440998e-08,7.57483319321877e-08,6.03119328026927e-08,8.96135777698209e-08,5.3234889658327e-08,5.95772833847599e-08,1.0518405372679e-07,9.04381035147936e-08,1.56875010675053e-07,4.39041571987645e-08,4.59624293838471e-08,1.55412345845345e-08,7.11537687900663e-08,3.30894836783422e-08,5.68466272839775e-08,3.25666203089251e-08,1.11363952792909e-08,8.25928362595325e-09,2.34103842867698e-08,1.00156410174646e-08,2.42533646509186e-08,8.72819420304357e-09,6.16173468702336e-09,5.52510675488837e-09,7.09235938255323e-09,8.00338864802532e-09,9.36685864570892e-09,4.67985179646763e-09,5.11590225010045e-09,2.91776439705827e-09,6.44628715312231e-09,5.25242829176213e-09,7.02352913449133e-09,3.84401218531082e-09,2.269514583061e-09,6.70899917870947e-09,3.70922619500784e-09,6.822537794639e-09,7.4012417519162e-09,2.55969536762456e-09,5.6259111551328e-09,2.79640910632019e-09,5.97863807782726e-09,3.35635262226537e-09,3.33694099541676e-09
1.60250291480314e-08,3.56117563249837e-08,8.701374952599e-08,3.06094621700625e-08,6.53794752629194e-08,5.7258307274832e-08,4.96068161558484e-08,1.15936391680138e-07,4.64390874004774e-08,8.93501472037844e-08,9.28380205043374e-08,6.99629062229476e-08,1.54563608136538e-07,5.71888862422615e-08,3.05028676406905e-08,1.20569390932544e-07,5.77419929576766e-08,1.20991600997431e-07,4.33597869569137e-08,2.22941768304393e-08,1.96671162272119e-08,4.36332904338824e-08,2.27183682095351e-08,4.43536273716296e-08,1.8706024088505e-08,1.65017837430815e-08,1.15629894971448e-08,1.85371514788461e-08,1.83539940036681e-08,1.83970906037485e-08,1.33461995464464e-08,8.04801070740178e-09,7.82039216175913e-09,1.45516009186015e-08,9.06648894072246e-09,1.6408779098788e-08,6.6755096575959e-09,6.93269757354095e-09,6.21942364001399e-09,7.65723595498196e-09,7.15953506809597e-09,7.58948700735802e-09,6.18495190338738e-09,5.57497557257134e-09,2.51747296404024e-09,6.17428710521767e-09,6.20530183189234e-09,6.1907634281047e-09,1.14900828926694e-08,3.28354065424564e-08,5.5242803225954e-08,2.6609905422035e-08,4.55945744734745e-08,3.56538164797886e-08,4.53194362739172e-08,7.36869178044473e-08,2.48104725231854e-08,6.19806044941137e-08,5.81407785838421e-08,4.81959837392156e-08,9.87885007229541e-08,3.29512924909481e-08,2.26312769292441e-08,8.21450256759698e-08,3.18956377078814e-08,7.96787369714728e-08,2.27102655867264e-08,1.43684513958216e-08,1.17751443644567e-08,2.15157431808426e-08,1.32517438392581e-08,2.19821621697351e-08,1.36212890357517e-08,9.47725329337721e-09,6.29923996095235e-09,1.13970210154599e-08,1.07210932718397e-08,1.07673421225084e-08,7.86075397008834e-09,5.1015106163208e-09,4.72438387297356e-09,8.11442619026053e-09,4.56428799491273e-09,7.08824050123083e-09,3.91638170279624e-09,4.53783061068511e-09,5.16236531299234e-09,4.77572893555553e-09,5.80262654435925e-09,6.18678005847849e-09,4.63219002397201e-09,4.76563051891133e-09,2.47192634860588e-09,5.14310636959474e-09,4.17803449185256e-09,4.1347216982777e-09
1.81003169575355e-08,1.79657657474254e-08,3.61198302853046e-08,1.70354094382752e-08,3.34561794102231e-08,3.07957793965525e-08,2.21400004777646e-08,4.64177529801896e-08,1.08511385844521e-07,4.12659700854483e-08,8.46033747030298e-08,7.68370373350234e-08,5.71888862422615e-08,1.34682328020366e-07,5.54922133277386e-08,1.0539298394099e-07,1.077228469279e-07,8.3678694749226e-08,1.0348063965029e-07,4.0912704248004e-08,2.09854422879501e-08,8.22101199350938e-08,4.08863719310398e-08,8.16851422602928e-08,3.42139526987294e-08,1.71908474106299e-08,1.6548189250763e-08,3.38335083078172e-08,1.89785508657749e-08,3.56248699028918e-08,1.27086443351873e-08,1.22656365359831e-08,6.84174443556742e-09,1.44890306729836e-08,1.40453135881768e-08,1.65865018813341e-08,1.04047546689602e-08,5.74760863109322e-09,4.94233091554238e-09,1.15372248213811e-08,7.18067832785584e-09,1.27397412762187e-08,4.86022167543707e-09,3.83202708345242e-09,3.09645569251791e-09,5.46747230459127e-09,4.65513782966724e-09,5.72892670211237e-09,1.22792633612302e-08,1.38609634189967e-08,2.13675791909204e-08,1.53880058397823e-08,2.02529909319064e-08,2.00557622894157e-08,1.72240594437767e-08,2.78073866324393e-08,6.67034807008879e-08,2.5886973033752e-08,5.30489284140465e-08,5.64484228633117e-08,3.23811851000078e-08,8.09668455758834e-08,3.58876816571468e-08,6.19022262010796e-08,6.80802753108466e-08,5.28872391384762e-08,5.80082920847027e-08,2.41882985168892e-08,1.1620135022358e-08,4.94849337433076e-08,2.15159719707283e-08,4.374162948797e-08,1.925032152931e-08,9.13810841006693e-09,9.56863363788299e-09,1.78871015361552e-08,1.41224533822453e-08,2.16318057377538e-08,5.36077598157463e-09,6.58967801156428e-09,4.32986664324751e-09,9.74035311733678e-09,6.77031624287545e-09,1.06605106844123e-08,4.85060848074604e-09,3.94439515933411e-09,3.99324286269094e-09,5.52143618005642e-09,5.60242872719368e-09,7.10273484982277e-09,3.7509132942753e-09,3.83299719495647e-09,2.95491447588898e-09,5.20731218102056e-09,3.3822579925441e-09,4.410068559426e-09
1.06720583372562e-08,2.60677448779068e-08,2.03643095528692e-08,2.68561247719613e-08,2.07814294579095e-08,1.94437272674929e-08,3.13815110461145e-08,2.54986989078176e-08,4.75293526545306e-08,2.55319299484678e-08,4.41567242521232e-08,3.92364824381785e-08,3.05028676406905e-08,5.54922133277386e-08,1.58622671287933e-07,5.19414455904559e-08,1.20926354463591e-07,1.13662645005658e-07,4.09374191345716e-08,1.11978288261508e-07,3.67020781540794e-08,8.32940035318837e-08,8.74867371877564e-08,6.27832375405258e-08,8.92032549180087e-08,2.88215596238988e-08,1.48117481236008e-08,7.07039399108303e-08,2.97728990530807e-08,7.1028789657205e-08,2.25682115805752e-08,1.09462220544457e-08,1.15872432208542e-08,2.30060300439768e-08,1.04314180654078e-08,2.2648574502749e-08,9.24942778118063e-09,1.01700246805571e-08,5.81888758269331e-09,8.89257128416023e-09,1.22829362616454e-08,1.0026525154981e-08,8.50338122394333e-09,4.21712223664908e-09,4.79449887127024e-09,9.33324823412052e-09,5.98088818032124e-09,1.1264360647485e-08,1.05220040820599e-08,3.36251072540284e-08,1.66911826914169e-08,3.83046383330145e-08,1.73426983267277e-08,1.77635747067901e-08,3.65851718514611e-08,1.98620086027385e-08,3.42465216252964e-08,2.20331098352926e-08,3.38983335586268e-08,3.50086373837284e-08,2.2988775859302e-08,3.75765228637616e-08,1.01512412820098e-07,3.75775243613873e-08,7.87814274267965e-08,7.03937230432738e-08,2.61376126565767e-08,7.40566575255121e-08,2.15594861049121e-08,5.8970878731094e-08,5.29439881904252e-08,4.08541592182768e-08,5.89733072397075e-08,1.70850666365794e-08,1.02767829617415e-08,4.31780877039549e-08,2.08987204453257e-08,4.39204503972481e-08,1.18414090933284e-08,6.98889259656628e-09,8.17455368141332e-09,1.44817387643997e-08,6.61900094476282e-09,1.50763122061372e-08,5.66816354746372e-09,7.12632000707679e-09,3.89580258192943e-09,5.0808098230496e-09,6.56733894324026e-09,5.76819767273423e-09,6.28262530419935e-09,3.66195931352643e-09,4.96083907088398e-09,6.33364558910956e-09,5.30371761021602e-09,8.82254042988368e-09
1.78775776497654e-08,3.11176895804206e-08,6.71671641537338e-08,2.75632536545934e-08,5.01971625688611e-08,4.51338983832804e-08,4.48051195984167e-08,9.28071890884459e-08,8.45987037870356e-08,7.1095360977286e-08,1.42166637202848e-07,1.11641601778782e-07,1.20569390932544e-07,1.0539298394099e-07,5.19414455904559e-08,1.8082759620855e-07,8.51367765710935e-08,1.53770261912141e-07,7.91045742473871e-08,3.74344374674569e-08,2.11880260943665e-08,6.30911697100548e-08,3.71695509442707e-08,6.17074315090374e-08,3.12264042627479e-08,1.75755340402675e-08,1.84716240363707e-08,3.10724197176987e-08,2.00257947802174e-08,3.20162361749622e-08,1.34833648776917e-08,1.42708954679531e-08,8.31145941737098e-09,1.56700698689375e-08,1.60120822853477e-08,1.73169272278929e-08,1.2346237955536e-08,7.25727298041027e-09,6.0747273452186e-09,1.37591011231844e-08,8.39724907959071e-09,1.46402547275802e-08,6.43296518367643e-09,5.24300434994082e-09,2.58696569792061e-09,7.12588447448658e-09,5.68933885627542e-09,6.52679408036266e-09,1.12973476821746e-08,2.6840550828151e-08,3.91136282692392e-08,2.34956257211421e-08,3.38906681944413e-08,3.00540994413103e-08,4.0321079502924e-08,5.57125198277099e-08,5.13406389191142e-08,4.9250423406094e-08,8.38385347713423e-08,8.02074995553419e-08,7.46335100102354e-08,6.3415881858434e-08,3.25057559059812e-08,1.07782041601232e-07,5.32306705277658e-08,9.78065314897947e-08,4.26837407452409e-08,2.13975378488205e-08,1.12882833609426e-08,3.48127524092296e-08,1.95876670631011e-08,3.25860895575601e-08,1.68526097235537e-08,8.39417693923898e-09,8.73913285696832e-09,1.5864600780667e-08,1.2749589918824e-08,1.80683137979094e-08,5.43672571583486e-09,7.44982099802058e-09,5.52253588623953e-09,8.4554244032263e-09,8.3829357910786e-09,8.78713552448377e-09,6.00394155776303e-09,5.01422467213947e-09,5.61067403380748e-09,7.29765189962388e-09,6.83570552059845e-09,8.9627381764181e-09,4.98305265348914e-09,5.27750459455984e-09,2.54560356042158e-09,6.42493642151527e-09,3.47096709095681e-09,4.45521139745601e-09
2.09765421805978e-08,2.07608098911364e-08,3.78110026846659e-08,2.04681775525778e-08,3.54133252872618e-08,3.24509387612797e-08,2.58489511180549e-08,4.82501212599477e-08,8.92785303055059e-08,4.43362531444604e-08,7.06371660732765e-08,6.27143300479708e-08,5.77419929576766e-08,1.077228469279e-07,1.20926354463591e-07,8.51367765710935e-08,1.91761859067757e-07,1.57540410512401e-07,8.22385585333189e-08,8.32974876681152e-08,3.51005068230777e-08,1.39382436958886e-07,6.41273907486332e-08,1.14878047788175e-07,6.54307132071128e-08,2.74855906168629e-08,1.80649271364021e-08,5.14897354478187e-08,2.96230292359353e-08,5.10732252258226e-08,2.15154430950284e-08,1.29514547538498e-08,1.43340034022903e-08,2.30064020220876e-08,1.32686666705158e-08,2.44540711652855e-08,1.11007968506582e-08,1.26462071597494e-08,7.88532014169748e-09,1.08140294784607e-08,1.53612052134082e-08,1.22305582483728e-08,1.04232717460566e-08,5.89870569871719e-09,3.57030462689165e-09,1.13070148996979e-08,6.10730377320385e-09,1.10355782893032e-08,1.5809614065809e-08,1.82478660223167e-08,2.20791998976891e-08,2.19056610439028e-08,2.26720701114813e-08,2.1483293235709e-08,2.12945946180962e-08,2.80934101182141e-08,5.60587046020657e-08,2.75042469737133e-08,4.39553622856208e-08,4.56639412161583e-08,3.60988403538336e-08,6.63367725259286e-08,7.74970915360061e-08,5.44116097303578e-08,1.20392660003328e-07,1.00178081270414e-07,4.80641089315023e-08,5.6599661883546e-08,2.12851543430167e-08,9.19270157282194e-08,3.85808960748926e-08,7.01578083857057e-08,4.57694284017299e-08,1.60645293390822e-08,1.32619414201145e-08,3.07910813418311e-08,2.01226959706107e-08,3.21935672993273e-08,1.15508917155152e-08,8.85979381933231e-09,1.04323837350832e-08,1.49283681735619e-08,9.61692418594223e-09,1.77662214296671e-08,7.171128516968e-09,9.69882163656125e-09,4.6093946421016e-09,7.55960900105234e-09,9.14311010290565e-09,8.74818431195979e-09,8.39538388874274e-09,4.9578331345464e-09,3.62411323572796e-09,8.94358918252561e-09,4.93235459703927e-09,9.20850137550351e-09
1.9035743589468e-08,3.35240362679029e-08,6.73002131485858e-08,3.07985526508445e-08,5.19342760950738e-08,4.69025269263435e-08,4.69945061556491e-08,9.3082327602236e-08,6.94355024980236e-08,7.26596053261842e-08,1.22022834649702e-07,9.36783851308868e-08,1.20991600997431e-07,8.3678694749226e-08,1.13662645005658e-07,1.53770261912141e-07,1.57540410512401e-07,2.4534516459835e-07,6.26049830670443e-08,7.80689317653243e-08,3.37429090986495e-08,1.12228054180634e-07,5.80594929131243e-08,8.95026196273907e-08,6.09609495618646e-08,2.65446434815682e-08,1.8410999913053e-08,4.68115912495524e-08,2.9515057337092e-08,4.63862609193816e-08,2.08866029879857e-08,1.31378668591794e-08,1.60094478589672e-08,2.32880516767803e-08,1.43436585518775e-08,2.47984049623741e-08,1.1614185046277e-08,1.40881488558526e-08,8.21660398571877e-09,1.21497634393613e-08,1.59188960897852e-08,1.26917197444992e-08,1.21245994750952e-08,6.89374732670335e-09,2.66556748974602e-09,1.31712301302401e-08,6.57409814029771e-09,1.17831100475591e-08,1.21064370039357e-08,2.80115457021617e-08,4.25391829464079e-08,2.76120889101418e-08,3.4387166463272e-08,3.10881763961747e-08,3.84492748839959e-08,5.84490661144077e-08,4.17451915828721e-08,4.93164027255022e-08,7.81083061813656e-08,7.03041202994148e-08,8.25126371200757e-08,5.07953406417404e-08,6.90608170014241e-08,1.05139259554242e-07,9.78326053579656e-08,1.55067908219037e-07,3.39792057399212e-08,4.99839627422995e-08,1.98852573341637e-08,7.18506648179226e-08,3.3428652686597e-08,5.5237252575963e-08,4.03812432132066e-08,1.50547350758887e-08,1.20574161375331e-08,2.73000824449056e-08,1.95123665103521e-08,2.81916817142365e-08,1.11709524944205e-08,9.2940597575138e-09,1.16521496790925e-08,1.44404713886476e-08,1.25291111960293e-08,1.7730998637592e-08,8.18970363871115e-09,1.06458185238874e-08,7.00742219766997e-09,1.05668939711219e-08,9.86410831259527e-09,1.18788709975502e-08,9.67531376491444e-09,7.06321018350368e-09,2.34492177136402e-09,1.00668590294964e-08,4.85762474253664e-09,8.83916976060848e-09
1.47538597901322e-08,1.42690111598977e-08,2.68333454183125e-08,1.35814377089815e-08,2.55169959998757e-08,2.31511464270734e-08,1.75602516986736e-08,3.49924477456315e-08,8.43633161969111e-08,3.19942203518996e-08,6.40165638778835e-08,5.94727105983906e-08,4.33597869569137e-08,1.0348063965029e-07,4.09374191345716e-08,7.91045742473871e-08,8.22385585333189e-08,6.26049830670443e-08,1.32947957577373e-07,5.07266655887778e-08,2.63387266785629e-08,1.06362717040406e-07,5.11911371688617e-08,1.07572525144507e-07,4.02636783153354e-08,1.97946501980161e-08,1.90365957415827e-08,4.00985213264607e-08,2.18742000920421e-08,4.2369680928742e-08,1.44485808876286e-08,1.42984438742515e-08,8.3549236595972e-09,1.64086895875524e-08,1.66071719384826e-08,1.91485299795318e-08,1.14003989406805e-08,6.47748463618604e-09,5.12037439085e-09,1.277514577234e-08,7.89760773993123e-09,1.39930208394124e-08,5.39549405603547e-09,4.06239418904612e-09,3.71530587599633e-09,6.02290340232006e-09,5.22112531706722e-09,6.72222884257159e-09,9.60528438069715e-09,1.03143899119758e-08,1.66586832453013e-08,1.15777034449748e-08,1.48562694351989e-08,1.52248138370867e-08,1.26249322498243e-08,2.17775292380189e-08,4.8341886881881e-08,1.9555113594058e-08,3.78911291045335e-08,4.19485945315675e-08,2.57718404531505e-08,5.79978019580296e-08,2.41772636050706e-08,4.43217242556844e-08,4.95002072253587e-08,3.83604282195071e-08,7.96223367032452e-08,3.16988505394741e-08,1.5858317184772e-08,6.53670263288942e-08,3.01415695838368e-08,6.03402563653714e-08,2.43021516875882e-08,1.01636148358175e-08,1.13085265822063e-08,2.30378030916589e-08,1.61108905844801e-08,2.78671226547769e-08,6.16121621733672e-09,8.08525080035238e-09,4.47129035081186e-09,1.07059671843003e-08,7.69245551812888e-09,1.13074975635763e-08,5.56867368934986e-09,4.23836806942038e-09,4.23826394064965e-09,6.03853595587992e-09,5.92877467139342e-09,7.60527218331258e-09,4.24757016880311e-09,4.09049338308587e-09,3.5118783971754e-09,5.45777108849919e-09,4.13479413331722e-09,5.30575886391178e-09
