1.61839327889981e-07,5.76372898999687e-08,2.95390667253994e-08,1.26198526019831e-07,5.30326369805384e-08,1.16711395403119e-07,4.49329127752609e-08,2.3388379030571e-08,2.44096778625201e-08,4.04714546706203e-08,2.48336701795667e-08,3.99848941139215e-08,1.86367205222371e-08,1.94057821921764e-08,9.51007992309564e-09,1.98899082779326e-08,1.98809075646589e-08,1.88833947170396e-08,1.62864600395841e-08,8.09242950268196e-09,6.18747909583821e-09,1.65908540776954e-08,8.82251441670393e-09,1.59007146430583e-08,6.82226738037253e-09,5.01246724555332e-09,4.88800779727954e-09,7.06660070383086e-09,5.39695014588836e-09,7.21899292951509e-09,4.43721281028925e-09,4.41759033486874e-09,4.25688517539605e-09,4.74378591910725e-09,5.30586675132515e-09,6.19715771443565e-09,3.36502783277018e-09,3.436402002195e-09,3.37673757035658e-09,4.17492079596998e-09,4.54122266857724e-09,5.56434502482299e-09,3.07327896272181e-09,2.50193045714059e-09,2.47060319701154e-09,3.51540036765029e-09,3.44374070171874e-09,4.46528853584203e-09,1.30050251198521e-07,5.29310118278835e-08,2.29889213370874e-08,1.04397933778855e-07,4.68163127130049e-08,9.35654936567089e-08,4.28088723614153e-08,1.86010167200121e-08,1.79254678312332e-08,3.78140938406297e-08,1.96563245721463e-08,3.84828015217526e-08,1.46786935058467e-08,1.39336605831009e-08,9.08178395304024e-09,1.50394486560933e-08,1.41298114213027e-08,1.65067405892115e-08,1.17351295123932e-08,7.76492552628891e-09,5.36292452201173e-09,1.14350790263758e-08,7.83815691131472e-09,1.10580629079398e-08,6.22077999948047e-09,4.40841472358847e-09,3.50869811851249e-09,6.01849055437611e-09,3.97892620316243e-09,6.0217194040785e-09,3.69514224510055e-09,3.37362896471606e-09,3.10565449453632e-09,3.61958839284159e-09,4.32532754304591e-09,4.66921607594329e-09,2.72073490121659e-09,2.73975293318343e-09,2.71739786553728e-09,3.38516833739262e-09,3.72965349661935e-09,4.25134848618063e-09,2.56629002472822e-09,2.13879033193112e-09,1.89522989059953e-09,3.00690940121999e-09,2.32067081319445e-09,3.31861091251162e-09
5.76372898999687e-08,1.6240243462205e-07,6.50597283863097e-08,1.19387461142687e-07,1.3029844847435e-07,9.21272604645988e-08,1.28895960172882e-07,5.04282101335416e-08,2.57344739666256e-08,1.02054000957194e-07,4.56660741476253e-08,9.24368337686195e-08,3.89564387794805e-08,2.03726579238537e-08,1.8928839672973e-08,3.57788670037382e-08,2.01818004182601e-08,3.36718255909552e-08,1.70651932327192e-08,1.55855806631082e-08,8.6814017000379e-09,1.64818333570427e-08,1.60129278223339e-08,1.7249158210033e-08,1.33784460968256e-08,7.49113949360287e-09,7.01491676636809e-09,1.39413960782734e-08,8.56159784726666e-09,1.41368444807347e-08,6.80209484366141e-09,5.53864058485819e-09,5.69736628924321e-09,7.18177068604382e-09,6.74954543237871e-09,8.57213233808242e-09,4.71563285361706e-09,4.63875050019511e-09,4.96272262588544e-09,5.62474758760094e-09,5.68699896156113e-09,6.79460259652183e-09,3.72149786412827e-09,3.82517389755892e-09,2.98098721563344e-09,4.52264958154213e-09,4.35524766679313e-09,5.09605821740135e-09,5.16100713521534e-08,1.27545753599611e-07,5.59798697028078e-08,9.52751990347361e-08,1.04916149206286e-07,7.83079140359045e-08,1.0141309644043e-07,4.3160526629061e-08,2.21757428419777e-08,8.14124907270353e-08,3.97757958331917e-08,7.48407936352533e-08,3.44538025714757e-08,1.60880588067482e-08,1.60438669601766e-08,3.06779045952678e-08,1.70669247451331e-08,2.8706057997491e-08,1.33801233314339e-08,1.33786253335633e-08,7.92308206342694e-09,1.39890745065685e-08,1.35902942357396e-08,1.46935477571434e-08,1.11814542966141e-08,6.81672791726887e-09,5.8190224882047e-09,1.16890943501706e-08,7.27110509426433e-09,1.20117839605652e-08,5.98829323860999e-09,4.57580462108303e-09,4.53101252287385e-09,6.18733163257437e-09,5.27936504595223e-09,7.10903146596371e-09,3.97692983819102e-09,3.68694983894948e-09,3.3293430284687e-09,4.39365283009476e-09,4.11053824019084e-09,4.48176861231135e-09,2.90860113302726e-09,2.5577032667514e-09,2.99754619283808e-09,3.18860728161576e-09,3.75566943579132e-09,4.13605627810761e-09
2.95390667253994e-08,6.50597283863097e-08,1.72785277611569e-07,5.84975447163202e-08,1.359772840823e-07,1.2346420507306e-07,5.04849801414285e-08,1.27026169706091e-07,5.05581954951202e-08,9.88795722784458e-08,9.68478085259329e-08,7.34216984994215e-08,9.64426966805071e-08,3.89259717666088e-08,1.97946497010362e-08,7.62144335267154e-08,3.67185022415125e-08,7.19643602378967e-08,3.23046957404401e-08,1.55714878474417e-08,1.45145217668432e-08,2.95607187712821e-08,1.64602215482492e-08,2.85484250787863e-08,1.3323979212827e-08,1.18973215284774e-08,7.92294239413447e-09,1.39286305245405e-08,1.29118465242052e-08,1.43820440006026e-08,1.04504193347017e-08,6.72666562860967e-09,4.79524199779525e-09,1.12309232749242e-08,7.14917484837261e-09,1.1916160954125e-08,5.24754575311876e-09,3.73368236857598e-09,4.18857621603351e-09,5.82421099871369e-09,5.22797386229633e-09,7.19010901799118e-09,3.16569439790211e-09,3.41984239680156e-09,2.95481703183125e-09,4.28142458446646e-09,3.88164872152814e-09,4.71070522413787e-09,2.32624518031793e-08,5.51978043381581e-08,1.28184376791137e-07,4.71707204134111e-08,1.03181418650197e-07,9.10333981568904e-08,4.23272909308388e-08,9.83937454427263e-08,4.1217761758183e-08,7.72993949578145e-08,7.9546017151017e-08,6.1707098320462e-08,7.82018380589432e-08,3.19818753020141e-08,1.5868284999636e-08,6.31908096897569e-08,2.99760618728388e-08,5.84814637251439e-08,2.63938550783153e-08,1.26649697174432e-08,1.04284473649422e-08,2.39258531957647e-08,1.333418319947e-08,2.37485230923959e-08,1.05777113407469e-08,9.40162050621941e-09,7.17847967347345e-09,1.09846125577303e-08,1.01651429336132e-08,1.08860447294128e-08,8.14715793294303e-09,6.00772785053243e-09,3.96057331661374e-09,8.95290583599121e-09,6.52286688791601e-09,9.58982133982614e-09,5.05325729979587e-09,3.15410906005799e-09,3.31253174639855e-09,5.29863689777343e-09,4.04235890493712e-09,5.63404419160788e-09,2.40793633976762e-09,2.70520594529635e-09,2.08924242086338e-09,3.17061801506174e-09,3.40980245725295e-09,4.55783426958438e-09
1.26198526019831e-07,1.19387461142687e-07,5.84975447163202e-08,2.10460874588642e-07,9.12144879748553e-08,1.70012070027503e-07,9.2748597537108e-08,4.52768849399255e-08,2.53084643051961e-08,6.93262595784782e-08,4.14604896281621e-08,6.24180874613021e-08,3.51136390465415e-08,2.02417673088311e-08,1.9152164935232e-08,3.24202918534188e-08,2.01100491821975e-08,3.09604574360842e-08,1.68273357063096e-08,1.6341777292431e-08,8.96547296288527e-09,1.67167729931896e-08,1.66387574862889e-08,1.75250214345344e-08,1.41063638565595e-08,7.67859232271002e-09,7.4962469395385e-09,1.42677416095507e-08,9.03187021648812e-09,1.48643779121149e-08,6.90533890150675e-09,6.19367531328839e-09,6.69148231694062e-09,7.72764070793794e-09,7.66592462309912e-09,9.37561329309660e-09,4.75501394273399e-09,5.33615199941827e-09,6.15690950514603e-09,6.10650348716199e-09,7.45731507224443e-09,8.14957726801591e-09,4.57681011421755e-09,4.56237663749762e-09,3.65687548799260e-09,5.67018994533712e-09,5.52499061809986e-09,6.62398151953205e-09,1.03140860288802e-07,9.70677995699893e-08,5.07651554243555e-08,1.62728000472475e-07,7.99249319203207e-08,1.34817230142672e-07,7.71474958191939e-08,3.90983159486021e-08,2.12390660537658e-08,6.17625163976703e-08,3.66377483590942e-08,5.71129203333359e-08,3.1235182418143e-08,1.60019441135319e-08,1.56370198184905e-08,2.81368540052981e-08,1.65259665246721e-08,2.74651146433453e-08,1.34430563545655e-08,1.3781648431011e-08,7.21513541904076e-09,1.39557855860715e-08,1.33407195450357e-08,1.44865801418476e-08,1.15599181838748e-08,5.9017401269557e-09,5.99627433490148e-09,1.11430027910148e-08,7.14710354248963e-09,1.21660506692313e-08,4.99733657095745e-09,4.9374527659829e-09,4.84690895726553e-09,6.10849817995817e-09,5.87488879785463e-09,6.98842366628257e-09,4.20753542004542e-09,3.91378616772669e-09,4.50207549273154e-09,4.60881421494222e-09,6.10640442889288e-09,6.02316998387433e-09,3.32544714066386e-09,3.3052481322518e-09,3.21892474430553e-09,4.60548872620713e-09,4.27440756321361e-09,5.47321861976834e-09
5.30326369805384e-08,1.3029844847435e-07,1.359772840823e-07,9.12144879748553e-08,2.23092152586095e-07,1.66712921665306e-07,1.02113343925871e-07,9.88760085502241e-08,4.67490920286139e-08,1.65940378829399e-07,7.3532844986111e-08,1.31539325257885e-07,7.30552786163303e-08,3.5945864043573e-08,2.00935821338325e-08,5.69142030430886e-08,3.37286514300705e-08,5.25576652876554e-08,3.01325176476442e-08,1.64711897723094e-08,1.63867400144821e-08,2.77383495759944e-08,1.70852867796648e-08,2.79132053932764e-08,1.38976690662764e-08,1.37901912021155e-08,8.82130601101495e-09,1.45155113816917e-08,1.48815553729723e-08,1.46452316760649e-08,1.23134711334096e-08,7.48940568438353e-09,6.05001536036497e-09,1.31350258076099e-08,8.45951452384084e-09,1.42245785773125e-08,5.95369650377969e-09,4.50827940876557e-09,4.94527958957057e-09,6.94226820617962e-09,5.7609476036759e-09,7.91768106714337e-09,3.77630713817624e-09,3.95046986148665e-09,3.26804923218348e-09,4.73588852184719e-09,4.60664594600921e-09,5.48485048296093e-09,4.65976945007712e-08,1.04548301660784e-07,1.02433141558821e-07,7.67676492753981e-08,1.67452034705281e-07,1.29360548580513e-07,8.12725469667793e-08,7.68486623506874e-08,3.90829918057181e-08,1.25810357844474e-07,6.24536037481409e-08,1.05366314457435e-07,6.00676861698021e-08,2.98120341536543e-08,1.71281914173095e-08,4.87012682230947e-08,2.82513703507667e-08,4.44586463667163e-08,2.4953877674924e-08,1.3859791168759e-08,1.27427431393785e-08,2.32283448955237e-08,1.46577672704803e-08,2.42148819319177e-08,1.13866423893404e-08,1.16425476992208e-08,7.08135325014478e-09,1.21076924698445e-08,1.20307525606731e-08,1.16423202553369e-08,1.02265354063191e-08,6.06701692072706e-09,5.39912944597437e-09,1.07524763974649e-08,7.27834129421223e-09,1.19741322479413e-08,4.89737546461393e-09,3.89784118561007e-09,3.78223701407334e-09,5.93419452194272e-09,4.64729441120418e-09,5.8470763167607e-09,3.14561417138894e-09,3.00653083088128e-09,2.96530731414532e-09,3.77921467202761e-09,3.74702241525527e-09,4.6498863048731e-09
1.16711395403119e-07,9.21272604645988e-08,1.2346420507306e-07,1.70012070027503e-07,1.66712921665306e-07,2.61149305942871e-07,6.99563233721154e-08,8.86806403500214e-08,4.28717119848754e-08,1.19443946143082e-07,6.50828909713963e-08,9.15991684499672e-08,6.51830490302177e-08,3.26153363042325e-08,1.83111262813984e-08,4.9919311232943e-08,3.12874180953279e-08,4.62600426448691e-08,2.71608777627967e-08,1.51854280925512e-08,1.51255048866704e-08,2.58401019582053e-08,1.59043435057013e-08,2.52087479172838e-08,1.27722366472917e-08,1.27808166958142e-08,8.87730006012233e-09,1.32344803150917e-08,1.40853966898621e-08,1.36097424113404e-08,1.13422376000582e-08,7.74103630396044e-09,6.29873892121936e-09,1.24647872056828e-08,8.57573410495402e-09,1.3555299485194e-08,5.77611705992966e-09,5.02895527817957e-09,5.98799798577972e-09,7.06233960607809e-09,7.39851135761327e-09,9.10156289877981e-09,4.32614850901551e-09,4.47334809218838e-09,3.82119549674302e-09,5.69894177926712e-09,5.40214434945742e-09,6.56382246350569e-09,9.50443895112473e-08,7.90924741120843e-08,9.31465769984464e-08,1.35681626101916e-07,1.31962984478388e-07,2.01191311060896e-07,6.11289534774983e-08,6.99482503498677e-08,3.61577165801873e-08,9.843664838749e-08,5.56868107421227e-08,8.09090478493981e-08,5.45232349703734e-08,2.7292338753413e-08,1.54932486237102e-08,4.27455091926918e-08,2.65252004884347e-08,4.05304624734601e-08,2.2900490347997e-08,1.2521541984357e-08,1.04997910911808e-08,2.17432904269235e-08,1.31484840813864e-08,2.19776659034614e-08,1.01471300527411e-08,9.38525081933692e-09,6.9279116423693e-09,1.05775611413065e-08,1.0178946543633e-08,1.0618195898267e-08,8.17110298484256e-09,6.03288265423103e-09,4.85600172705996e-09,9.28753692636594e-09,7.07486383160617e-09,1.01906988474387e-08,4.94991090526464e-09,3.88792212799103e-09,4.8539293382071e-09,5.91787373746837e-09,6.24603232613608e-09,7.0555182319692e-09,3.24591616476557e-09,3.6900204982701e-09,2.94669890676533e-09,4.80776582381454e-09,4.09611971977996e-09,5.36695300584114e-09
4.49329127752609e-08,1.28895960172882e-07,5.04849801414285e-08,9.2748597537108e-08,1.02113343925871e-07,6.99563233721154e-08,1.64649109747004e-07,6.02383220588451e-08,3.04930540268185e-08,1.31494220116921e-07,5.562699060768e-08,1.20659405718829e-07,4.6381817223052e-08,2.37883786383497e-08,2.28504812267964e-08,4.3289040550706e-08,2.34485078098217e-08,3.97952665461193e-08,1.97524676425854e-08,1.88228807411741e-08,1.06215364217775e-08,1.90836439757878e-08,1.98073924262649e-08,2.04759319479892e-08,1.62562721869366e-08,9.20389355022725e-09,8.27101000226984e-09,1.72220452356886e-08,1.03147495622357e-08,1.71129941957141e-08,8.38631666893612e-09,6.6859884712308e-09,6.91997013605956e-09,8.79265967114232e-09,8.01832694620792e-09,1.02870565667573e-08,5.34207010546049e-09,5.66558252561778e-09,5.33315922652154e-09,6.5642937933199e-09,6.64278186134502e-09,7.7077077804317e-09,4.22357710177942e-09,4.09389996090004e-09,3.14100627665333e-09,5.15089365610202e-09,4.79842798289018e-09,5.90874167324021e-09,4.122055803313e-08,1.01407344656797e-07,4.31908262801302e-08,7.61139904298857e-08,8.14385549044463e-08,6.02691104708304e-08,1.33157369942956e-07,5.17655766875509e-08,2.66870244510508e-08,1.0722983892584e-07,4.82399495097804e-08,1.00104206713803e-07,4.0838725189877e-08,1.95308609500205e-08,1.92701987255298e-08,3.69884704993892e-08,2.06502877712801e-08,3.49298484670063e-08,1.61684429685144e-08,1.62513939919223e-08,9.63868096416314e-09,1.69805582663803e-08,1.65795788897184e-08,1.7625067195227e-08,1.37616621835774e-08,8.21269319517571e-09,6.95825952969191e-09,1.42422125476164e-08,8.41461396490263e-09,1.39971648997883e-08,7.29900578157963e-09,5.61994594549817e-09,5.74469291976433e-09,7.2974796604548e-09,6.78384050555647e-09,8.44868767528715e-09,4.74319314775419e-09,4.69315678644081e-09,3.86556029242114e-09,5.49304976990156e-09,5.43199384340384e-09,5.74186318317679e-09,3.57907161043222e-09,3.12743323135843e-09,3.39016708417969e-09,4.3775800702765e-09,4.44419659780859e-09,5.62930988341895e-09
2.3388379030571e-08,5.04282101335416e-08,1.27026169706091e-07,4.52768849399255e-08,9.88760085502241e-08,8.86806403500214e-08,6.02383220588451e-08,1.57365386608523e-07,6.04980174904159e-08,1.15590539283843e-07,1.22072432502025e-07,8.75159661880082e-08,1.20066187341108e-07,4.62432895597806e-08,2.24762814304754e-08,9.61268290447768e-08,4.27488135226945e-08,8.89441500468923e-08,3.82481598183154e-08,1.78403869959042e-08,1.73882569497957e-08,3.44110470886739e-08,1.9174144082724e-08,3.39838741595195e-08,1.51690810070522e-08,1.44970524521793e-08,9.54244038518824e-09,1.61687829230322e-08,1.55955079094326e-08,1.65615734703542e-08,1.27348554835178e-08,8.11699943039943e-09,6.31691790093752e-09,1.36108731841117e-08,8.84983502099314e-09,1.43866024680297e-08,6.27187806622657e-09,5.0337221268179e-09,4.93450120719019e-09,7.1485551408729e-09,6.46427468074177e-09,8.69251373954148e-09,3.90183218508218e-09,3.87868423422942e-09,2.99487831692209e-09,5.03024611693197e-09,4.08243235431984e-09,5.33109103997782e-09,1.91017005940632e-08,4.22629508610724e-08,9.83846042018192e-08,3.70791393236978e-08,7.7258742329656e-08,6.88518016383516e-08,5.37981015711099e-08,1.22365606385066e-07,5.07513090952542e-08,9.52148681105796e-08,9.68896289032219e-08,7.57746746189558e-08,9.58031064380556e-08,3.91188626099137e-08,1.89829268648026e-08,7.60890519341405e-08,3.67062825008034e-08,6.98077347612293e-08,3.20234905588375e-08,1.53178355414757e-08,1.31724432470491e-08,2.90741386601775e-08,1.64409049307123e-08,2.91642198586893e-08,1.27117628466018e-08,1.18228540332447e-08,8.62436315370624e-09,1.3615844002506e-08,1.26879700410471e-08,1.33679934520054e-08,1.02294160780369e-08,7.22068985355621e-09,5.44849621762101e-09,1.10455919298464e-08,7.86522865217186e-09,1.15384847017719e-08,6.0549515825253e-09,4.50650380418678e-09,4.26642953798928e-09,6.52411232293984e-09,5.42219416763011e-09,7.13248313305e-09,3.36019803263858e-09,3.38163407464688e-09,2.3587094753989e-09,4.36012392734463e-09,3.80284178765129e-09,5.50446365498727e-09
2.44096778625201e-08,2.57344739666256e-08,5.05581954951202e-08,2.53084643051961e-08,4.67490920286139e-08,4.28717119848754e-08,3.04930540268185e-08,6.04980174904159e-08,1.51766309005498e-07,5.57486457009061e-08,1.16651208521535e-07,1.05305391134549e-07,4.62657693059713e-08,1.13949473264799e-07,4.45989620700439e-08,8.73522223785155e-08,8.75156548740494e-08,6.49578701824647e-08,9.33152559685837e-08,3.60732829795213e-08,1.76983458898412e-08,7.1430859750942e-08,3.38765986799887e-08,6.66459329686088e-08,3.04156914760841e-08,1.44379726018709e-08,1.41997616254298e-08,2.84622414204533e-08,1.50739094897437e-08,2.76805638371676e-08,1.24187764500928e-08,1.24126862829539e-08,6.85197680413077e-09,1.27713864197991e-08,1.29190192627439e-08,1.29858135577821e-08,1.0462080697329e-08,5.79992548960922e-09,5.34449272601325e-09,1.11611542987141e-08,6.93053914889039e-09,1.20024577398973e-08,4.6848546802122e-09,4.61795144732042e-09,3.66320517747982e-09,5.81615148095678e-09,5.22177723821394e-09,6.70372608566218e-09,1.60387543284167e-08,2.13343285868447e-08,4.18325659446313e-08,1.97868505831545e-08,3.79256050294478e-08,3.36869419948315e-08,2.70865881776027e-08,4.95801683595665e-08,1.1573205731262e-07,4.63221803162052e-08,9.06589511301857e-08,8.18440494019042e-08,3.89676574098143e-08,8.94169686685333e-08,3.7180434145723e-08,6.92693643817185e-08,7.3306392989922e-08,5.6272369921825e-08,7.36300971277722e-08,3.02724228310717e-08,1.5376024523541e-08,5.9015997096234e-08,2.75645169796424e-08,5.45949975291278e-08,2.46182069298341e-08,1.25487960503665e-08,1.12129471847609e-08,2.24271496762335e-08,1.27665246138859e-08,2.14948433604551e-08,1.08166070925063e-08,9.8201587330449e-09,5.91014051236046e-09,1.09776940294333e-08,9.93077283518046e-09,1.1623442838886e-08,8.30185511202806e-09,4.97953927491456e-09,4.26725869750275e-09,8.26278053941443e-09,5.88177728177938e-09,9.04777546789781e-09,3.96944878937883e-09,3.82435491849991e-09,3.32168340495016e-09,4.87766798738548e-09,4.67154529340415e-09,6.3583599727682e-09
4.04714546706203e-08,1.02054000957194e-07,9.88795722784458e-08,6.93262595784782e-08,1.65940378829399e-07,1.19443946143082e-07,1.31494220116921e-07,1.15590539283843e-07,5.57486457009061e-08,2.0655707276438e-07,8.76104760751164e-08,1.66881838708061e-07,8.56299669775532e-08,4.25531416091923e-08,2.34217315123527e-08,6.71575400061259e-08,3.97609243962739e-08,6.11483567951343e-08,3.54606399347716e-08,1.9136163851105e-08,1.93831306430947e-08,3.25643499473599e-08,2.02586073965127e-08,3.31992187345906e-08,1.62339027010328e-08,1.64308044627947e-08,1.06810668339614e-08,1.73024170827889e-08,1.78428296021015e-08,1.74620598642206e-08,1.46968590294818e-08,9.04109759114941e-09,7.71898066222756e-09,1.58092544760494e-08,1.00299326572472e-08,1.66550628301525e-08,7.16603231753229e-09,6.0649159118621e-09,5.52944235793386e-09,8.31237697964886e-09,7.17750002889588e-09,9.19974070157852e-09,4.47543090872462e-09,4.27261182516852e-09,3.60543086925770e-09,5.39459697377819e-09,5.15234485796719e-09,6.46716565605369e-09,3.70151981866579e-08,8.12049297745093e-08,7.68410088613314e-08,5.9883102889862e-08,1.25769498910664e-07,9.6937689448977e-08,1.08983008242184e-07,9.14633885254536e-08,4.80465380784077e-08,1.62014651949055e-07,7.43812364468687e-08,1.37136679990002e-07,7.05664124521356e-08,3.6414936496956e-08,2.06521135987545e-08,5.68015593241779e-08,3.50119598492271e-08,5.27103514455248e-08,3.03014260849931e-08,1.6748885120683e-08,1.52637557871426e-08,2.85049273733887e-08,1.74264796876378e-08,2.90687391820535e-08,1.38330790821164e-08,1.37243945931956e-08,8.75684047571969e-09,1.45456826922677e-08,1.41526555395707e-08,1.42102494841252e-08,1.21130937686673e-08,7.4821560479054e-09,7.14317251215896e-09,1.26708504191995e-08,8.83057483517486e-09,1.37204903379399e-08,6.11677341154483e-09,5.49872588512538e-09,4.70299834558165e-09,7.26940185409871e-09,6.44682754745307e-09,7.27932196463011e-09,4.22184775895201e-09,3.78424581024437e-09,3.34566685713478e-09,5.22752677599294e-09,4.45143171660262e-09,6.33392060016984e-09
2.48336701795667e-08,4.56660741476253e-08,9.68478085259329e-08,4.14604896281621e-08,7.3532844986111e-08,6.50828909713963e-08,5.562699060768e-08,1.22072432502025e-07,1.16651208521535e-07,8.76104760751164e-08,1.96874237036241e-07,1.47782634205505e-07,9.61465137016346e-08,8.73508798786371e-08,4.03758787375374e-08,1.5232332931188e-07,6.54692105886696e-08,1.2053263900761e-07,7.03796944004728e-08,3.20225411819413e-08,1.76184710360247e-08,5.25418380735617e-08,3.08253285839676e-08,4.97854228538742e-08,2.67234484504707e-08,1.44428907966137e-08,1.53410368682069e-08,2.55412816334079e-08,1.61333494953234e-08,2.57502508357945e-08,1.2400229394135e-08,1.35013793440679e-08,7.90286021783587e-09,1.36720013883069e-08,1.52627542243086e-08,1.40614524134663e-08,1.10919093756117e-08,6.66024590255264e-09,5.91356508333864e-09,1.29557692117358e-08,8.51388977816788e-09,1.46547549956652e-08,5.2561445415528e-09,4.92871841759817e-09,4.02014891448834e-09,7.02795621733562e-09,5.445892569749e-09,7.39108908025248e-09,1.9312962827746e-08,3.90365013331372e-08,7.76904741598535e-08,3.40937860077354e-08,6.09596265997829e-08,5.2968693418245e-08,5.0047449305458e-08,9.61811374967665e-08,9.04487483749195e-08,7.52160341931061e-08,1.49291158898293e-07,1.18930774584824e-07,7.74006789411551e-08,6.95948885760374e-08,3.29465534276756e-08,1.16303066803535e-07,5.65916243071079e-08,9.62221612484802e-08,5.65317362512292e-08,2.66974659938264e-08,1.57136670204141e-08,4.50721226570644e-08,2.61609255683249e-08,4.32409156389495e-08,2.16250716836298e-08,1.28868872890508e-08,1.19998016880378e-08,2.11564165282882e-08,1.36805989391592e-08,1.99790733229735e-08,1.09474726459083e-08,1.02994801580221e-08,6.99235422486384e-09,1.16781263315181e-08,1.1843464629037e-08,1.22357575775403e-08,8.6305395082301e-09,6.04362031908585e-09,4.90766935889265e-09,9.78865250664936e-09,7.65539473776508e-09,1.11792945830465e-08,4.66775154978452e-09,4.64175090091684e-09,3.13864428142954e-09,6.47415723109648e-09,5.09565604617744e-09,7.32597813898059e-09
3.99848941139215e-08,9.24368337686195e-08,7.34216984994215e-08,6.24180874613021e-08,1.31539325257885e-07,9.15991684499672e-08,1.20659405718829e-07,8.75159661880082e-08,1.05305391134549e-07,1.66881838708061e-07,1.47782634205505e-07,2.42634551589082e-07,6.7241663187881e-08,7.77509732124749e-08,3.76428578758323e-08,1.11098240845002e-07,5.8277498984744e-08,8.49794897790086e-08,6.30664009667295e-08,3.0232014890485e-08,1.73455922794965e-08,4.73203607599253e-08,2.95270419849924e-08,4.58884952683373e-08,2.53287034931082e-08,1.46073476335049e-08,1.66710059400984e-08,2.49756188518239e-08,1.63608800601854e-08,2.48724276037794e-08,1.2619049542482e-08,1.44148946618972e-08,8.72769490901863e-09,1.3929893661348e-08,1.61195627701615e-08,1.47396514369725e-08,1.19404923283609e-08,7.17486622491136e-09,5.62865529319488e-09,1.3821241871936e-08,8.43242301047658e-09,1.4616278888956e-08,5.43862750089105e-09,4.55232969130719e-09,4.24922471708173e-09,6.75462929942779e-09,6.00439463902641e-09,8.18309991873659e-09,3.61862386025774e-08,7.46963706300938e-08,6.10165262276268e-08,5.45403525458145e-08,1.04585400921272e-07,7.87409886037293e-08,1.00812331970756e-07,7.26284401991258e-08,8.29394734762764e-08,1.34486247243121e-07,1.19758293320197e-07,1.95265172700791e-07,5.76630572126121e-08,6.19927937235455e-08,3.07563926540272e-08,9.03250699210659e-08,5.13768705521379e-08,7.40226155274619e-08,5.06724001528337e-08,2.50726664154583e-08,1.62127016005555e-08,4.17613757067803e-08,2.48082232737876e-08,4.08072792722802e-08,2.08032903166448e-08,1.34523062695404e-08,1.22632773328266e-08,2.0498519582358e-08,1.36027210649945e-08,1.96118588245176e-08,1.1668056211852e-08,1.06153030063337e-08,7.984642065785e-09,1.18462251323758e-08,1.25566025838256e-08,1.31920163664867e-08,8.80510285834374e-09,6.60532087389116e-09,4.36542846258902e-09,1.06426216806227e-08,7.45742279235289e-09,1.06989729701245e-08,5.1259260018e-09,4.06898985416794e-09,3.87718417443784e-09,6.30285143724419e-09,5.2448073138241e-09,7.67785456333207e-09
1.86367205222371e-08,3.89564387794805e-08,9.64426966805071e-08,3.51136390465415e-08,7.30552786163303e-08,6.51830490302177e-08,4.6381817223052e-08,1.20066187341108e-07,4.62657693059713e-08,8.56299669775532e-08,9.61465137016346e-08,6.7241663187881e-08,1.52075677181552e-07,5.55374306874764e-08,2.65761833534305e-08,1.21582265809338e-07,5.07930417305345e-08,1.11211341265414e-07,4.57688016765394e-08,2.13412271546301e-08,2.05359122196275e-08,4.09302043768609e-08,2.24071047936565e-08,4.07678558529354e-08,1.80114214917962e-08,1.69503506711014e-08,1.12077926333693e-08,1.88032427648054e-08,1.85985013076183e-08,1.89899572959392e-08,1.50816776009576e-08,9.52519188157668e-09,7.94551779066719e-09,1.64290490194625e-08,1.10463485278109e-08,1.79118776559174e-08,7.38768728776073e-09,6.22502550154215e-09,6.09166358190558e-09,8.59768640953002e-09,7.53797361853784e-09,1.03339694792619e-08,4.86400312614929e-09,4.78564065948882e-09,3.48919127985442e-09,5.88415713349757e-09,4.88742032895337e-09,6.37492934028025e-09,1.47456261634672e-08,3.25304224425732e-08,7.81665353558845e-08,2.87283815064692e-08,5.89597503695237e-08,5.26687773796137e-08,4.09480247821428e-08,9.57927671745816e-08,3.91354031735558e-08,7.17132579185562e-08,7.60957282599704e-08,5.7120893374088e-08,1.2022605636933e-07,4.71255968492289e-08,2.22720222136267e-08,9.59923948500168e-08,4.31476432072647e-08,8.73209882180394e-08,3.8691549545312e-08,1.84962915228798e-08,1.51895365157295e-08,3.46851965384231e-08,1.89474017760841e-08,3.48259026642803e-08,1.5354983049092e-08,1.32819836286145e-08,9.80862893495787e-09,1.56856609679219e-08,1.45509013301882e-08,1.53564566949966e-08,1.16146015810008e-08,8.12112664707879e-09,6.88026146572644e-09,1.27852229660234e-08,9.14883790091736e-09,1.35996083592593e-08,6.62539893222257e-09,5.54740044906266e-09,5.13102029501197e-09,7.43798208983603e-09,6.20120120259964e-09,8.24150221543378e-09,4.16753122518071e-09,4.1256914960974e-09,2.60369898867675e-09,4.98664253527898e-09,4.14994726745836e-09,6.06226002189542e-09
1.94057821921764e-08,2.03726579238537e-08,3.89259717666088e-08,2.02417673088311e-08,3.5945864043573e-08,3.26153363042325e-08,2.37883786383497e-08,4.62432895597806e-08,1.13949473264799e-07,4.25531416091923e-08,8.73508798786371e-08,7.77509732124749e-08,5.55374306874764e-08,1.42741498426187e-07,5.31578217856382e-08,1.04482303164472e-07,1.10106844482618e-07,7.76726651745569e-08,1.16734453935817e-07,4.31957172887571e-08,2.08809027616067e-08,9.06401280123168e-08,4.0803456689827e-08,8.5233047891447e-08,3.57277029156972e-08,1.66022319245596e-08,1.73611108501743e-08,3.33165986606815e-08,1.74997062348036e-08,3.21503396184431e-08,1.41761956553755e-08,1.47881660341122e-08,8.51122826747306e-09,1.47522777659409e-08,1.60070679626788e-08,1.55992319803059e-08,1.24991891346935e-08,7.10106385361769e-09,6.42287287742288e-09,1.35466144479704e-08,8.35738648821963e-09,1.4249040970557e-08,5.76568879510526e-09,5.60028699519457e-09,4.80557986038805e-09,7.0838189243037e-09,6.47700299935111e-09,8.5828832605032e-09,1.37667521988969e-08,1.68846710610302e-08,3.33221601503244e-08,1.62787672499686e-08,2.97823507397477e-08,2.6198011872348e-08,2.08245726606125e-08,3.89413299458801e-08,8.94196699085817e-08,3.55735003249216e-08,6.92592491009923e-08,6.09329949771673e-08,4.72986891312862e-08,1.10303923525423e-07,4.49933715904267e-08,8.34832332534867e-08,9.07824013148044e-08,6.78138405324326e-08,9.0245871877401e-08,3.70125825629782e-08,1.75760832600517e-08,7.37134695172404e-08,3.3292090909239e-08,6.64122266477077e-08,2.970353538607e-08,1.41583163743811e-08,1.30211119014198e-08,2.64915620894909e-08,1.48375243129763e-08,2.53149929806211e-08,1.19562188857182e-08,1.1337706992755e-08,7.89516986477553e-09,1.26818807624166e-08,1.23626154294422e-08,1.42793263654696e-08,9.50425958640189e-09,6.60822271141891e-09,5.15719540044447e-09,1.01549500661758e-08,6.98356823530765e-09,1.02446479935128e-08,5.45197145313574e-09,4.6755197017613e-09,3.81603676469184e-09,5.99443610493642e-09,5.46569803180751e-09,7.680847157704e-09
9.51007992309564e-09,1.8928839672973e-08,1.97946497010362e-08,1.9152164935232e-08,2.00935821338325e-08,1.83111262813984e-08,2.28504812267964e-08,2.24762814304754e-08,4.45989620700439e-08,2.34217315123527e-08,4.03758787375374e-08,3.76428578758323e-08,2.65761833534305e-08,5.31578217856382e-08,1.43805794315468e-07,4.75642101436048e-08,1.10642159495379e-07,1.0072044733627e-07,4.32273075272231e-08,1.07057382141306e-07,4.4058027433236e-08,8.10033852896703e-08,8.38994487759139e-08,6.43379812597124e-08,8.80666061239448e-08,3.52254560268042e-08,1.90125963061491e-08,6.93047192425774e-08,3.37380371808853e-08,6.42093528547163e-08,3.00564020669481e-08,1.52546864849065e-08,1.21329304980067e-08,2.7975108871943e-08,1.49748968925118e-08,2.77622995970615e-08,1.15945115941499e-08,9.54591670160347e-09,6.8525641541664e-09,1.15119852040483e-08,1.07488021663935e-08,1.22099921044537e-08,8.12383981217201e-09,5.73616693286622e-09,4.11140158660034e-09,9.29399625134695e-09,6.15339930100379e-09,1.02199567800312e-08,7.62628768448082e-09,1.54784974880195e-08,1.58767049535194e-08,1.48268684581771e-08,1.58655919215117e-08,1.44687359457214e-08,1.91421120227041e-08,1.80396923780553e-08,3.82463312544988e-08,1.93097673089229e-08,3.39105856566822e-08,3.13885458441761e-08,2.08145447222445e-08,4.51162385653972e-08,1.12105394108511e-07,3.99818151620559e-08,8.76778828995668e-08,7.84847796016047e-08,3.6684910877508e-08,8.70718579279866e-08,3.78933233230628e-08,6.52328210430668e-08,7.14818575174822e-08,5.50994483025045e-08,7.22191496252285e-08,3.02352676883818e-08,1.58692889229653e-08,5.87111497730921e-08,2.76864297160047e-08,5.22866951080067e-08,2.55470745416298e-08,1.21510858480185e-08,1.03265478705158e-08,2.2743340569477e-08,1.20549909532399e-08,2.24315617028307e-08,9.45296457178825e-09,7.72796114572316e-09,5.41528785140905e-09,8.91546753449742e-09,8.61571126173194e-09,9.84253732363298e-09,6.53825527529587e-09,4.55498737516605e-09,3.10117351397052e-09,7.23616720579447e-09,4.83968809679365e-09,8.7204909863159e-09
1.98899082779326e-08,3.57788670037382e-08,7.62144335267154e-08,3.24202918534188e-08,5.69142030430886e-08,4.9919311232943e-08,4.3289040550706e-08,9.61268290447768e-08,8.73522223785155e-08,6.71575400061259e-08,1.5232332931188e-07,1.11098240845002e-07,1.21582265809338e-07,1.04482303164472e-07,4.75642101436048e-08,1.89286898928615e-07,7.78223606771333e-08,1.49443742359445e-07,8.37662939645622e-08,3.79349928183754e-08,2.1002949276281e-08,6.23763807573493e-08,3.64931002519947e-08,5.97169072501694e-08,3.12582348253396e-08,1.67084854826605e-08,1.85653955093543e-08,2.96320501957031e-08,1.86788363358163e-08,2.95532952951637e-08,1.43845407446404e-08,1.63374828614727e-08,9.81770637835156e-09,1.59238173693459e-08,1.9110825241147e-08,1.7242943697178e-08,1.35825974964358e-08,8.08740651609212e-09,7.09612232209008e-09,1.58084948651067e-08,9.73882416382026e-09,1.74909201791668e-08,6.50345905237954e-09,5.91105268574902e-09,4.80577914928647e-09,8.06655382187014e-09,6.44519998771217e-09,8.9428187685182e-09,1.6054663739527e-08,3.09986949812754e-08,6.35445851066087e-08,2.74293447422206e-08,4.86357864566252e-08,4.22837550946457e-08,3.91042381165816e-08,7.73770075193834e-08,6.95982417583845e-08,5.82467317241033e-08,1.1629460795076e-07,8.9253480016195e-08,9.66186140713314e-08,8.48084575165055e-08,3.93786044204289e-08,1.45909303171916e-07,6.74489404668829e-08,1.19595171025516e-07,6.8575560268633e-08,3.2432783871163e-08,1.79437328245815e-08,5.44076530218995e-08,3.07458154157919e-08,5.12712423470004e-08,2.60116326904629e-08,1.45102931064236e-08,1.43241075625616e-08,2.44271954813857e-08,1.5467834586278e-08,2.31890494623018e-08,1.22710225249316e-08,1.231996922791e-08,8.63677923985659e-09,1.32110312306331e-08,1.46949085374914e-08,1.44521211326307e-08,1.04069572198246e-08,7.28608543402765e-09,5.84620920263512e-09,1.1948396728137e-08,8.47900587947664e-09,1.33110394505691e-08,5.78858844974188e-09,5.51785217627597e-09,3.34052295912019e-09,7.27353545258277e-09,5.43735493449266e-09,8.18506099859012e-09
1.98809075646589e-08,2.01818004182601e-08,3.67185022415125e-08,2.01100491821975e-08,3.37286514300705e-08,3.12874180953279e-08,2.34485078098217e-08,4.27488135226945e-08,8.75156548740494e-08,3.97609243962739e-08,6.54692105886696e-08,5.8277498984744e-08,5.07930417305345e-08,1.10106844482618e-07,1.10642159495379e-07,7.78223606771333e-08,1.83897932445711e-07,1.40055549500371e-07,9.06729387392857e-08,8.1001696791792e-08,3.90895825502218e-08,1.41595431392833e-07,6.42241013137181e-08,1.15582464030776e-07,6.57917569483e-08,3.04111822417095e-08,1.80129059898724e-08,5.21305938497525e-08,2.96293041729037e-08,4.84759678383071e-08,2.54383507616065e-08,1.43370612992334e-08,1.3295794826161e-08,2.42619749065853e-08,1.44949897877315e-08,2.4299168673107e-08,1.12168918508682e-08,1.09085744777652e-08,7.52044135443715e-09,1.1247895005578e-08,1.2518675384957e-08,1.23022763024252e-08,9.25810874479067e-09,6.24284281885315e-09,4.71414421180042e-09,1.0688738400755e-08,6.64301006796885e-09,1.18482847317762e-08,1.38137960752385e-08,1.70556696873953e-08,3.04475300567789e-08,1.66862046162463e-08,2.76407828317151e-08,2.47562872435763e-08,2.14304835325539e-08,3.54379274105994e-08,7.06250410916667e-08,3.36377438665212e-08,5.4120255236477e-08,4.91456541946197e-08,4.2476892617916e-08,8.68484172643696e-08,8.70393839492114e-08,6.47701040597923e-08,1.44353887667219e-07,1.13588990295468e-07,7.10831794354971e-08,6.61659787903014e-08,3.37039596322705e-08,1.11534436997349e-07,5.49332198773561e-08,9.23284263844724e-08,5.38925382996107e-08,2.6055913343933e-08,1.50278413631123e-08,4.41640329261354e-08,2.43634369903589e-08,4.01541092197057e-08,2.1536649327887e-08,1.182431172397e-08,1.16267403726576e-08,2.00287320516928e-08,1.20143469985902e-08,2.03064773577472e-08,9.26679212441551e-09,9.39604062842097e-09,6.27789808819101e-09,9.10114108928112e-09,1.04639435868244e-08,1.00944646940408e-08,7.77244771049188e-09,5.24796451160085e-09,3.83427721754204e-09,8.6570760498032e-09,5.75120895701885e-09,1.0171551003071e-08
1.88833947170396e-08,3.36718255909552e-08,7.19643602378967e-08,3.09604574360842e-08,5.25576652876554e-08,4.62600426448691e-08,3.97952665461193e-08,8.89441500468923e-08,6.49578701824647e-08,6.11483567951343e-08,1.2053263900761e-07,8.49794897790086e-08,1.11211341265414e-07,7.76726651745569e-08,1.0072044733627e-07,1.49443742359445e-07,1.40055549500371e-07,2.3033815443353e-07,6.27005123948932e-08,7.17409514226798e-08,3.65569125314673e-08,1.03725850846309e-07,5.60091974674406e-08,8.30781519872467e-08,5.78738826119221e-08,2.8408922567623e-08,1.81803469037724e-08,4.514266696998e-08,2.89435388462748e-08,4.33143760475192e-08,2.39854468947267e-08,1.4821926113039e-08,1.42512169205818e-08,2.41787631098495e-08,1.57179666121434e-08,2.46600079424439e-08,1.13572444330991e-08,1.16536249911602e-08,8.16789978256959e-09,1.22659382221817e-08,1.41968172554412e-08,1.40712077819032e-08,9.77142301528584e-09,6.47473089606938e-09,4.59853592316413e-09,1.19017070463279e-08,6.38882933714978e-09,1.27765869852288e-08,1.49466454464548e-08,2.90994206780478e-08,5.9559342174282e-08,2.67699091626766e-08,4.4048720687512e-08,3.88056239617809e-08,3.60730839845541e-08,7.09827037985092e-08,5.38700974287342e-08,5.24928068285948e-08,9.5508615146888e-08,7.19249007093782e-08,8.89498812774766e-08,6.47762956089339e-08,7.70063891014563e-08,1.19487227591632e-07,1.12529105531966e-07,1.80480892391584e-07,5.26474271337964e-08,5.73945415352787e-08,3.20036329671962e-08,8.51345335078296e-08,4.81321304147707e-08,7.15581940233859e-08,4.65755984614718e-08,2.45145853189706e-08,1.53071258745734e-08,3.79753835484927e-08,2.38033806566117e-08,3.50054391675145e-08,2.05564073718172e-08,1.20791198059774e-08,1.24060384720871e-08,1.97868798661603e-08,1.30841620667033e-08,2.00990247066741e-08,9.5339266137216e-09,1.00854275475136e-08,6.75144760311143e-09,1.01340515860115e-08,1.22913863940475e-08,1.18176573335836e-08,8.18579648911307e-09,5.94878175825689e-09,3.54223961037183e-09,1.04282665536954e-08,5.70722087255238e-09,1.14619365281675e-08
1.62864600395841e-08,1.70651932327192e-08,3.23046957404401e-08,1.68273357063096e-08,3.01325176476442e-08,2.71608777627967e-08,1.97524676425854e-08,3.82481598183154e-08,9.33152559685837e-08,3.54606399347716e-08,7.03796944004728e-08,6.30664009667295e-08,4.57688016765394e-08,1.16734453935817e-07,4.32273075272231e-08,8.37662939645622e-08,9.06729387392857e-08,6.27005123948932e-08,1.44704902069305e-07,5.16055704885925e-08,2.52268556833579e-08,1.14327639448856e-07,4.8375041507161e-08,1.06341443412298e-07,4.25959228563948e-08,2.0045634865169e-08,2.08660841475156e-08,3.93270439919678e-08,2.03626342547206e-08,3.73821167711127e-08,1.69633705971038e-08,1.76773510393752e-08,1.08956616500025e-08,1.71733466240202e-08,1.92447052070952e-08,1.84725617425909e-08,1.48860343027556e-08,9.14491208696366e-09,8.03955133779195e-09,1.61795594300333e-08,1.06494306027446e-08,1.70194119583116e-08,7.6081151442509e-09,7.08564393952423e-09,5.55304657672395e-09,9.15334949670442e-09,7.6209056354442e-09,1.04122747212988e-08,1.12955864398154e-08,1.35381270625923e-08,2.80051083471913e-08,1.32494907368659e-08,2.46571193750235e-08,2.18241053346082e-08,1.63542080557431e-08,3.27434808823091e-08,7.36204550769114e-08,2.9426722745881e-08,5.71732973671037e-08,5.00750689445368e-08,3.91240975677674e-08,9.02438165955795e-08,3.70232933121027e-08,6.80652021483079e-08,7.37356782491813e-08,5.48904807512141e-08,1.14265227011711e-07,4.3982408793267e-08,2.1572574289001e-08,9.451657009534e-08,3.93661526885332e-08,8.56295467659651e-08,3.52605285685805e-08,1.7301256090714e-08,1.6307208661618e-08,3.14086737062205e-08,1.69623641338148e-08,2.93464449941277e-08,1.43625658010502e-08,1.38842767125368e-08,1.00843031804837e-08,1.44109316046053e-08,1.53305853092289e-08,1.61851373077506e-08,1.16700323393571e-08,8.7005988449646e-09,7.43639197274938e-09,1.27560208227778e-08,9.28487521059175e-09,1.32121813150424e-08,7.41273687799447e-09,6.97000491208579e-09,4.61427909316456e-09,8.24660737758653e-09,7.22114393671913e-09,9.61933012747732e-09
