3.93583421712854e-07,1.5994170389623e-07,8.49773175390545e-08,3.2063873257099e-07,1.37096828739256e-07,2.89474155479367e-07,1.21176825210402e-07,6.20862936195969e-08,4.29761907118585e-08,1.04420501818449e-07,5.9245339342197e-08,1.08820964663748e-07,4.92104534568851e-08,3.06231241120756e-08,2.14420238144952e-08,4.70114232130998e-08,3.21523725581937e-08,5.37705956865813e-08,2.64056913369213e-08,1.49826522026152e-08,8.17554539688137e-09,2.45209032197309e-08,1.71315960538373e-08,2.91716396233197e-08,8.82808232198677e-09,6.63894789404421e-09,5.9126946651587e-09,8.94097216603026e-09,7.60256698019466e-09,1.04466158424178e-08,4.80461598158478e-09,4.58131636050297e-09,6.84848569215162e-09,5.3097048886732e-09,8.73853521306201e-09,8.24752157042449e-09,1.97117205386153e-09,2.27238671628273e-09,1.35839912812632e-09,3.44020169853147e-09,9.38475059744644e-10,7.427551694071e-10,2.96380670165867e-09,1.74770502496633e-09,2.71067532187588e-09,2.00788692493884e-09,2.8608135315618e-09,2.09980217599112e-09,2.58578302180963e-07,9.40016086723848e-08,6.18073259027356e-08,2.15843825806748e-07,6.55658481592152e-08,1.89784760012273e-07,8.04827939174559e-08,4.89828719988e-08,1.8922921433789e-08,5.26392390727586e-08,3.98228124076684e-08,5.9915017237204e-08,3.40891433471329e-08,8.80138755558605e-09,1.4119037772706e-08,2.59642962125117e-08,1.13766865902799e-08,4.04958373664198e-08,5.79184679978671e-09,8.03176603000942e-09,7.73451432248959e-09,6.78475756211628e-09,5.87618806015256e-09,6.04222981456564e-09,5.18599851850199e-09,6.84692604863382e-09,1.73894872659601e-09,3.53592618649095e-09,7.74991911730793e-10,-2.12757417783107e-09,4.92250407643051e-09,-3.6829432927096e-10,5.67345195229486e-09,-2.94500570675774e-10,5.50623096676555e-09,5.65204406000974e-09,1.0591306797981e-09,6.08009407410469e-09,3.40949126896583e-09,6.47039354602419e-09,2.78497450397941e-09,4.71801161711385e-09,5.63646874863413e-09,1.836673418501e-09,-7.45269979383549e-10,2.39418297304033e-09,2.18041840393162e-09,2.07440346690507e-09
1.5994170389623e-07,4.43327056913952e-07,1.75098713923408e-07,3.37206802064625e-07,3.2453567575622e-07,2.35341779615647e-07,3.36114843636361e-07,1.25824462554599e-07,4.98311251204125e-08,2.41289328536893e-07,1.19295682534927e-07,2.3240172606284e-07,9.49579578263442e-08,3.23375699342783e-08,5.41939182265082e-08,8.64011926378332e-08,3.91070511586441e-08,8.74112570763088e-08,2.41724204788735e-08,4.17813766215508e-08,1.06989117702589e-08,2.86281622891246e-08,4.1939312835959e-08,3.00826124547371e-08,2.75154983444125e-08,9.35771236085662e-09,1.11624484976435e-08,2.89912942741819e-08,1.7408362201818e-08,3.04481080119207e-08,7.54526384740857e-09,3.63410880825409e-09,3.4432274071155e-09,7.95595601395247e-09,4.92545388748554e-09,8.12966894190492e-09,2.05569591897147e-09,2.48553223216447e-09,1.50290659726704e-09,2.31982672360813e-09,2.18835005657589e-09,2.0776878815642e-09,4.08102048412757e-09,1.96123945116734e-09,3.46560777907868e-09,3.57491674413837e-09,4.19027036408327e-09,5.76927569579597e-09,9.36482125269413e-08,2.39574088536619e-07,9.68456665541216e-08,1.86029223215562e-07,1.53938830526512e-07,1.20434106141525e-07,1.80738577437979e-07,7.88667465121061e-08,3.5936108879387e-08,1.16619041218039e-07,9.01850051466994e-08,1.3754753753856e-07,6.60920987446535e-08,2.03827163826629e-08,3.58658781615044e-08,7.01184354390472e-08,2.71946633699692e-08,6.90364833075337e-08,1.23153756187117e-08,2.81576082293393e-08,1.23375536519575e-09,2.20632006619953e-08,2.17423510623538e-08,1.31751539744893e-08,1.15363108146763e-08,1.44469561074239e-09,3.65224004263481e-09,9.91958818087826e-09,-5.27174164594781e-09,4.25887921533906e-09,2.088914775237e-09,3.04344001995635e-09,3.62506260742766e-09,-6.51897806451141e-10,6.49840917426278e-09,7.39286942431882e-10,1.97547967360991e-09,2.82379229683094e-09,2.33425015184636e-09,4.37730688938451e-09,3.01524029715291e-09,4.41848422504625e-09,2.95281154579509e-09,2.26783311787656e-09,-1.56095695144591e-09,3.09158333861547e-09,3.25707522587579e-09,3.22865189809519e-09
8.49773175390545e-08,1.75098713923408e-07,4.39065730946489e-07,1.49512980240184e-07,3.46732811074754e-07,3.10839524398803e-07,1.25872970208871e-07,2.99073622721833e-07,1.03430695311801e-07,2.27333780837217e-07,2.4763661030561e-07,1.80624420572759e-07,2.1989232136904e-07,6.81614608178799e-08,4.89040464482318e-08,1.8646965866282e-07,6.49024957437246e-08,1.79619685456693e-07,5.09783015732862e-08,3.68859022491116e-08,2.07557262646999e-08,4.98761104272029e-08,4.24493112276951e-08,5.45095389330366e-08,2.56107228711001e-08,1.57015133192176e-08,9.75080251885426e-09,2.91927219313195e-08,1.96252002459451e-08,2.67937090694989e-08,1.17466106531959e-08,5.23765058495791e-09,4.36275445717596e-09,1.16403287619225e-08,6.84145652946812e-09,1.2242246667873e-08,3.93457483715257e-09,3.7618565991754e-09,6.86685617067951e-10,4.79619977323726e-09,3.1365662235373e-09,4.12026099400939e-09,4.23702255190095e-09,1.03146147254401e-09,7.08497497173998e-10,3.38848278430373e-09,1.17035452328666e-09,3.81321838587087e-09,4.96829177165463e-08,8.33767666935709e-08,2.09720772434555e-07,8.09064445960583e-08,1.61611410410177e-07,1.73321636010956e-07,6.7301531554964e-08,1.69649110133919e-07,6.93458100975506e-08,1.25709406284814e-07,1.44923836590706e-07,1.09097214875859e-07,1.37443800828544e-07,4.34729384562593e-08,3.66693862993627e-08,1.15236982638989e-07,4.60916687892589e-08,1.12839651684441e-07,2.9605370537967e-08,2.88547469534585e-08,8.40331197596034e-09,3.29573794785773e-08,2.25737362290303e-08,2.82275654230683e-08,2.08847687982182e-08,7.7374462123304e-09,2.93979851478057e-09,1.6357753403082e-08,-1.71706274320675e-09,5.16918603246679e-09,6.4566347607106e-09,4.29062964039563e-09,4.62722943844666e-09,4.45959373232549e-09,6.90808880750646e-09,6.90765413088346e-09,3.41641745024204e-09,4.11434237768031e-09,-4.45830163891116e-10,4.71102003833891e-09,3.19701162365527e-09,2.60698438131669e-09,3.45529889255774e-09,-5.81405194117687e-10,-5.1668978069239e-10,2.12438694483574e-09,-1.21407298242932e-10,2.62611457137562e-09
3.2063873257099e-07,3.37206802064625e-07,1.49512980240184e-07,5.56052324440158e-07,2.26706803291263e-07,4.08811437963061e-07,2.56424850182377e-07,1.04967750023644e-07,5.51173123422842e-08,1.63843550194848e-07,1.0262764666705e-07,1.61399190473626e-07,7.72249044841006e-08,3.94663008287933e-08,4.0943319450305e-08,7.62898342203114e-08,3.74225986423894e-08,7.63050560426408e-08,2.97595318429014e-08,2.88336451206352e-08,1.06667242965431e-08,2.60205222668865e-08,3.49588343206664e-08,3.09031090210879e-08,1.68848031598481e-08,8.03330946859796e-09,6.3409989900699e-09,1.97647289322272e-08,8.76361756334081e-09,1.92714982962372e-08,6.15862896714392e-09,4.93959423165138e-09,6.00135627081382e-09,6.75885657871147e-09,7.5816037827848e-09,8.86628650408845e-09,2.59358152049409e-09,2.90774350628645e-09,2.71017634373019e-09,2.687024554698e-09,2.65847619051471e-09,2.40458268737157e-09,4.70610931177085e-09,2.24234041399526e-09,3.79193914396488e-09,3.40493943250009e-09,3.88418161553137e-09,5.05622937331846e-09,2.05496767477509e-07,1.97415937461631e-07,9.151698044067e-08,3.57353647929968e-07,1.28133853762937e-07,2.77647345591559e-07,1.47025139430995e-07,6.48460156377008e-08,3.74193263726872e-08,8.81251950725425e-08,6.73499249232868e-08,1.09646592574046e-07,4.89068807047048e-08,1.99411490385392e-08,2.7570585898233e-08,4.90524750053811e-08,2.31618884148297e-08,5.95468777463547e-08,1.29369737547583e-08,2.09740280301103e-08,8.5339359043783e-09,1.9037226323037e-08,1.69759271779328e-08,1.4944727356815e-08,7.90429397331133e-09,6.89060260515234e-09,1.57953722589134e-09,9.90002793102403e-09,1.2608674972521e-09,2.62933896703579e-09,5.48150083822529e-09,2.17473195762643e-10,4.12294433101262e-09,5.35235621491257e-10,4.51166625281138e-09,6.17041203871297e-09,9.66327415841784e-10,4.90199086910362e-09,3.34364190606453e-09,4.93033924522639e-09,1.96172382510024e-09,3.73097001695878e-09,4.90291804985337e-09,2.31421778947553e-09,-3.77910283388239e-10,1.10957710335435e-09,4.06353378148966e-09,2.57190246210798e-09
1.37096828739256e-07,3.2453567575622e-07,3.46732811074754e-07,2.26706803291263e-07,5.53996620993671e-07,4.13431455324176e-07,2.41343907564717e-07,2.27343967234479e-07,9.27900852748414e-08,3.86353927774625e-07,1.69712012718129e-07,3.11999674959557e-07,1.59713307786368e-07,6.25151171640956e-08,4.69416033580971e-08,1.26898201671556e-07,6.20008071304127e-08,1.25515327424623e-07,4.9957442476799e-08,3.4291870155988e-08,2.32883482839278e-08,4.88640719318564e-08,4.08185861111876e-08,5.49086567329318e-08,2.31876180613933e-08,1.87796089425501e-08,1.43472644947016e-08,2.76279611564793e-08,2.88349790908936e-08,3.03982199483107e-08,1.34980183598404e-08,5.42519804531349e-09,4.11026167868231e-09,1.35004351289889e-08,7.40304432433817e-09,1.44386539341129e-08,3.85058947294571e-09,3.5134301630968e-09,2.19579109661819e-09,4.57354375891363e-09,4.19233067762012e-09,5.60026903372713e-09,4.60984475796115e-09,2.33907085873074e-09,1.9428898713876e-09,5.44178874689203e-09,2.82407499388349e-09,6.06458430107791e-09,7.1482280755274e-08,1.52712303224291e-07,1.63359126280237e-07,1.18242790783175e-07,2.3700211660216e-07,1.8731654132055e-07,1.20883625143924e-07,1.2568419055562e-07,4.83648370107085e-08,1.77284610817847e-07,1.03982959689523e-07,1.45060344518087e-07,1.04465075983405e-07,3.48694188679229e-08,2.61900141340632e-08,9.41677545256533e-08,3.41793779654543e-08,9.10182341433645e-08,2.75479180410467e-08,1.91456739654816e-08,5.56784123297195e-09,2.80382930140426e-08,1.70500310098883e-08,2.40716044291463e-08,1.30456820301099e-08,6.84668423777758e-09,3.96684785341604e-09,1.17243717729698e-08,-3.57841329725319e-09,3.49623876274839e-09,4.60184733498332e-09,4.94311371683453e-09,5.58423491744174e-09,3.53698099196334e-09,9.45741229479928e-09,7.98521318650832e-09,3.11279031319245e-09,4.40287072354066e-09,1.47621541900419e-09,6.04141868604006e-09,3.8503544633729e-09,3.07425703665079e-09,4.29389502051713e-09,1.04583547172327e-09,-3.08261669421102e-09,4.3406271581707e-09,1.63827615860651e-10,2.83260806718453e-09
2.89474155479367e-07,2.35341779615647e-07,3.10839524398803e-07,4.08811437963061e-07,4.13431455324176e-07,6.29033651727004e-07,1.74322769619529e-07,2.05324851890888e-07,8.61686052301005e-08,2.81820039829833e-07,1.52248745159332e-07,2.20222359600312e-07,1.38180991624938e-07,5.69611858201744e-08,4.43647192305045e-08,1.12899902771201e-07,5.43714462326703e-08,1.07805088833212e-07,4.35640240592271e-08,3.13582681342384e-08,2.04066591860455e-08,4.12979092777834e-08,3.29917220100942e-08,4.34655839632008e-08,2.48200425657122e-08,1.77017765811055e-08,1.0022383288679e-08,2.64191323407989e-08,2.04880883811018e-08,2.66209259328402e-08,1.23863907410236e-08,6.9141077343008e-09,6.78427303423255e-09,1.28392659187085e-08,1.02620927163514e-08,1.64909256551066e-08,4.33249737400924e-09,3.46529154695168e-09,3.08050294285495e-09,4.57207010024253e-09,4.37890797110085e-09,5.73948995586669e-09,4.75434206773235e-09,2.51896318036099e-09,2.26832300256042e-09,5.10208892156121e-09,2.74699915156572e-09,4.86019256614031e-09,2.30598156560268e-07,1.31566994181722e-07,1.51089474985808e-07,3.13252582691609e-07,2.00743895073463e-07,4.20950972466475e-07,1.04357234096723e-07,1.09790559996104e-07,4.51317216101625e-08,1.44075790529897e-07,8.50423406850574e-08,1.15553674354737e-07,8.26094190165907e-08,2.88019866592788e-08,2.59560586338425e-08,6.74148109426077e-08,3.09304303663751e-08,7.40273497476646e-08,2.3939531578501e-08,2.10190119869137e-08,1.49508679974526e-08,2.8443618140118e-08,1.79700093382927e-08,2.76746201033278e-08,1.81888905162807e-08,1.47422164742529e-08,2.79883052527095e-09,1.53907112430241e-08,5.96894469955823e-09,6.03789485795846e-09,9.01327236409991e-09,2.40742798414738e-09,8.11788178696222e-09,7.4894336954197e-09,8.02600707743722e-09,1.54817879647971e-08,2.97916565636503e-09,7.63010280362047e-09,3.72328434841234e-09,6.99851095252189e-09,2.88372689486303e-09,1.68651361673652e-09,6.75436434608559e-09,1.51522009942536e-09,-8.84505012177807e-10,1.73594991878169e-09,1.46676371094181e-09,2.63654854849035e-09
1.21176825210402e-07,3.36114843636361e-07,1.25872970208871e-07,2.56424850182377e-07,2.41343907564717e-07,1.74322769619529e-07,4.40857594575069e-07,1.51707609694233e-07,6.00465921476923e-08,3.31227114896209e-07,1.44099306393186e-07,3.25377618795488e-07,1.15002722438977e-07,3.98492195461422e-08,5.85144152712308e-08,1.04342147020249e-07,4.66429806988793e-08,1.04724406876782e-07,3.00308572671646e-08,4.55746489171224e-08,1.33237570504718e-08,3.50597902652454e-08,4.76373897459495e-08,3.65533803071903e-08,2.98576887217273e-08,9.68928583609839e-09,1.21305560071114e-08,3.16838059319958e-08,1.90394108604116e-08,3.52481468230505e-08,8.3691896821789e-09,5.17749961733897e-09,5.71229076248169e-09,1.03923600277115e-08,6.63474354802897e-09,1.01013039718726e-08,3.6458869318364e-09,4.6862021977006e-09,3.35627031163209e-09,4.18106471439028e-09,5.32495007578434e-09,4.48030647600231e-09,5.17941585565191e-09,3.81531030780598e-09,2.87794330793118e-09,5.79414659631721e-09,4.61866686657909e-09,6.47791572074195e-09,7.23479239485897e-08,1.80800967579398e-07,7.88573842023635e-08,1.43311646281671e-07,1.16661689368171e-07,9.29496197753085e-08,2.13648129917169e-07,8.78701427253616e-08,3.937158949799e-08,1.36079189860607e-07,1.04311291378934e-07,1.62235975756615e-07,7.27887685008731e-08,2.33951879120714e-08,3.65048930621015e-08,8.01011162588347e-08,2.66783409206498e-08,7.47733169570904e-08,1.50087794616619e-08,2.82097838608547e-08,-6.85288615798884e-11,2.19091812036007e-08,2.39283774323816e-08,1.2743311553261e-08,1.25823596688827e-08,7.64163349979898e-10,4.14128907625126e-09,1.2451372537318e-08,-5.39256698843454e-09,7.78303553186783e-09,1.91401373015498e-09,3.54314907346499e-09,3.90020973518476e-09,-3.0112201031917e-10,7.57619473341395e-09,4.9279960448026e-10,2.55031803531504e-09,3.58870519529084e-09,3.49758005426501e-09,5.69023070124983e-09,3.55667948632069e-09,4.78844300582571e-09,3.6078597344007e-09,4.35460064361386e-09,-1.03629750598005e-09,4.64417593029549e-09,3.28475144621654e-09,2.99840377589657e-09
6.20862936195969e-08,1.25824462554599e-07,2.99073622721833e-07,1.04967750023644e-07,2.27343967234479e-07,2.05324851890888e-07,1.51707609694233e-07,3.8280112015908e-07,1.34898780547679e-07,2.79739548917671e-07,3.11989018607532e-07,2.20252082976384e-07,2.83549570194722e-07,9.48220956157074e-08,6.05474858423164e-08,2.33272175310694e-07,9.26641067468355e-08,2.24645637087383e-07,6.98902960799129e-08,4.42050694140761e-08,2.75630027309054e-08,6.78112951974081e-08,5.04556933652159e-08,7.27337330767797e-08,3.08668010919437e-08,1.84876259606779e-08,1.37560505654211e-08,3.38528869064755e-08,2.33903254548261e-08,3.15352431587354e-08,1.33155490800799e-08,7.43596206958705e-09,6.9600013954989e-09,1.46001657179396e-08,9.56358485158278e-09,1.54198894785327e-08,5.795306348418e-09,5.91859982338522e-09,1.48491747566716e-09,7.25600351024494e-09,4.41559060041287e-09,5.69892336829401e-09,5.66806406715e-09,2.0990188769348e-09,2.66792557207225e-10,4.42009983105479e-09,1.8471983565254e-09,4.9386017337401e-09,3.94570078345809e-08,6.741557214687e-08,1.69641553999935e-07,6.41524167778642e-08,1.25813576653585e-07,1.33921330831986e-07,8.29603143344239e-08,2.07742487635895e-07,8.95860517202929e-08,1.52312224195099e-07,1.94477159821193e-07,1.38117736810374e-07,1.64084635900676e-07,5.83446524270543e-08,3.82710281050713e-08,1.49208020915745e-07,5.11177865919212e-08,1.31330010574979e-07,4.26483993573011e-08,3.1784338928598e-08,1.55987775344335e-08,3.98246023812075e-08,2.69535492642759e-08,3.56269552015675e-08,2.30508317204438e-08,1.35007884277693e-08,3.51650932936697e-09,2.05015060806555e-08,-7.62074772940549e-10,7.56873646801717e-09,6.58405294202655e-09,4.08943122687976e-09,6.70968420357675e-09,4.30741680130195e-09,8.33053605457342e-09,7.87043231163536e-09,3.71299598647558e-09,5.70197061663557e-09,5.87797882857964e-10,6.61960986536745e-09,2.91085090362633e-09,2.87608486248285e-09,4.7491815000907e-09,1.12418943513717e-09,-1.72034454399885e-09,2.86119396079499e-09,1.09910162594663e-09,3.676963715572e-09
4.29761907118585e-08,4.98311251204125e-08,1.03430695311801e-07,5.51173123422842e-08,9.27900852748414e-08,8.61686052301005e-08,6.00465921476923e-08,1.34898780547679e-07,4.29643858798166e-07,1.1703348291723e-07,3.65047314743867e-07,3.42610861658377e-07,9.49428192821096e-08,2.64685086723936e-07,1.15414419768703e-07,2.21634563646473e-07,1.95223887681492e-07,1.54888304663697e-07,1.8269668474831e-07,7.92129544437637e-08,3.50237760352238e-08,1.36380277635009e-07,8.05398140348854e-08,1.34807031100188e-07,5.04366195294053e-08,2.15756382058977e-08,2.85058975122284e-08,4.8283394684879e-08,2.33739981983908e-08,4.75672725554704e-08,1.45887374621458e-08,1.87829970251079e-08,7.18207715308175e-09,1.61005856947485e-08,2.1494276983081e-08,1.40168224742439e-08,1.44072310801259e-08,4.42418530278997e-09,2.24143349989796e-09,1.56693420395296e-08,3.97434452599943e-09,1.37638463248328e-08,3.8598401022672e-09,2.61737814585492e-09,2.68554136947618e-09,4.10681700857408e-09,3.71517231853223e-09,5.5979257746096e-09,2.25463597038201e-09,2.57768449762858e-08,6.08965957054895e-08,-1.96493719036627e-09,5.24190021448675e-08,4.38415406523057e-08,2.88799147450891e-08,6.75728374060132e-08,2.28989466975111e-07,6.01571720930503e-08,1.72032110721761e-07,1.83720567299819e-07,5.15101588340879e-08,1.31575145823418e-07,8.03615975245554e-08,9.52766349111883e-08,1.13784656911165e-07,8.29943971299127e-08,8.89778804355768e-08,5.76141872559576e-08,2.27103852805145e-08,7.69531828314622e-08,5.61832743263979e-08,7.95715961672893e-08,3.41903115244746e-08,1.3227086154174e-08,1.58606049978672e-08,3.79482134405498e-08,4.45242041820923e-09,2.54593661195452e-08,5.01781794030704e-09,1.56293207725075e-08,1.05172890388307e-08,2.06791987441789e-09,1.87327534609149e-08,6.73029771463698e-09,1.15818435888631e-08,6.6282560206486e-09,4.57306802846844e-09,1.2490382821232e-08,4.6693373646817e-09,1.13366694051544e-08,5.37976434660643e-09,3.39789568050291e-09,-9.53401133444399e-10,4.49286082459723e-09,1.95193782749397e-09,2.93404231601005e-09
1.04420501818449e-07,2.41289328536893e-07,2.27333780837217e-07,1.63843550194848e-07,3.86353927774625e-07,2.81820039829833e-07,3.31227114896209e-07,2.79739548917671e-07,1.1703348291723e-07,5.05001441609075e-07,2.11536914178128e-07,4.24060481506162e-07,2.01239527053301e-07,8.24101385332055e-08,5.82137268019182e-08,1.58179477544481e-07,8.58200735181534e-08,1.58164372610465e-07,6.31397820715022e-08,4.30490883932287e-08,2.98344126214525e-08,6.44311884842878e-08,4.86801325862722e-08,6.89844697056819e-08,2.90377977997999e-08,2.08726404404741e-08,1.60056677511805e-08,3.21843474409878e-08,3.32813006192651e-08,3.5761454462718e-08,1.5749902588369e-08,6.71964867392828e-09,5.87677729454904e-09,1.82406412882648e-08,8.02464700398411e-09,1.84622820797869e-08,5.18226274690218e-09,5.23064439819185e-09,3.69828172637287e-09,5.41435389043616e-09,6.22250837633289e-09,6.67415468341476e-09,5.31796112761977e-09,4.06447707517232e-09,1.64373728454145e-09,6.74806511583673e-09,3.76247386496223e-09,6.9102503580785e-09,6.23865291657229e-08,1.20998837762566e-07,1.25677654716164e-07,9.23899645008643e-08,1.77392863557227e-07,1.34820625165707e-07,1.5232468257746e-07,1.49533828492624e-07,5.859899865367e-08,2.12909597945008e-07,1.34043987727546e-07,1.85456467248397e-07,1.20916447246811e-07,3.98561355013894e-08,2.6369732298358e-08,1.10771306753645e-07,3.369204321796e-08,9.89146644908808e-08,2.8985655200036e-08,2.09037611537781e-08,6.57615559528859e-09,2.8199306851523e-08,2.07352990310247e-08,2.66137336061045e-08,1.39168622463312e-08,6.89269427343947e-09,5.14552768294363e-09,1.51886359250657e-08,-2.06853669593131e-09,7.60933505662657e-09,4.55838351818553e-09,5.69472941269051e-09,5.3942104484956e-09,4.94290064021574e-09,9.6062715636696e-09,7.54651959438219e-09,4.3810081649598e-09,4.27527650336204e-09,2.9282502652986e-09,6.94325945151847e-09,4.93651090150024e-09,4.79285176614404e-09,4.04925764767517e-09,3.52879785561474e-09,-2.41753966260714e-09,5.85479777975506e-09,1.08839225897276e-09,2.84154999143972e-09
5.9245339342197e-08,1.19295682534927e-07,2.4763661030561e-07,1.0262764666705e-07,1.69712012718129e-07,1.52248745159332e-07,1.44099306393186e-07,3.11989018607532e-07,3.65047314743867e-07,2.11536914178128e-07,5.85830651520374e-07,4.61378774188335e-07,2.33354319034108e-07,2.21565198404e-07,1.1400350354018e-07,3.90484803321088e-07,1.57383912287242e-07,2.98833188675301e-07,1.52143930495808e-07,7.81759133254901e-08,3.53713876203443e-08,1.0781756203711e-07,8.24246698394309e-08,1.09714616081062e-07,5.08926570752092e-08,2.22304421832717e-08,2.9566047743972e-08,5.04052092665259e-08,2.86713120597605e-08,4.70734850446269e-08,1.56026035879749e-08,1.83932426738249e-08,8.49834010131314e-09,1.78865280245272e-08,2.12052925713447e-08,1.39386790307138e-08,1.40067997978359e-08,5.89303158969925e-09,2.18390617666517e-09,1.54221342994343e-08,4.01323696855684e-09,1.2626101091514e-08,5.55296716931169e-09,3.37398973604366e-09,2.73000135275774e-09,5.3439554575542e-09,3.97392907751808e-09,6.4446537138736e-09,3.20974929255387e-08,6.24584852616427e-08,1.52179156242061e-07,4.54687937264999e-08,9.96230683021726e-08,1.07971292112118e-07,7.24496676984976e-08,1.84735708730215e-07,2.11757491472936e-07,1.18260132369438e-07,3.14873641603675e-07,2.65850024307689e-07,1.46758087305284e-07,1.15148376407353e-07,9.16613066499878e-08,2.02743088064237e-07,1.07056082883846e-07,1.78888864989492e-07,7.99528285792013e-08,6.75140849217426e-08,2.11697827507659e-08,7.46735310103078e-08,6.30222972997016e-08,6.94540766526173e-08,4.15313707745389e-08,1.34463232823812e-08,1.62388266881695e-08,4.44731083939598e-08,-2.7773177635989e-09,2.50116575820354e-08,5.78496236796774e-09,1.45895859592965e-08,1.16294882001949e-08,7.91076487988367e-10,1.88224955868618e-08,5.37512076133508e-09,1.0949060107029e-08,8.67453707575821e-09,4.43863778173342e-09,1.304102844225e-08,5.40109065634592e-09,1.06656903878816e-08,7.16274138892573e-09,4.10145227380603e-09,-1.77270190562066e-09,5.73955617399086e-09,1.78275933805136e-09,4.67021107701769e-09
1.08820964663748e-07,2.3240172606284e-07,1.80624420572759e-07,1.61399190473626e-07,3.11999674959557e-07,2.20222359600312e-07,3.25377618795488e-07,2.20252082976384e-07,3.42610861658377e-07,4.24060481506162e-07,4.61378774188335e-07,7.26181469061004e-07,1.65005866165687e-07,2.09295572605258e-07,1.1234075353128e-07,3.03110700105949e-07,1.49079171030965e-07,2.26734540256378e-07,1.44928725905015e-07,7.81050123107888e-08,3.76997984952199e-08,1.03656783072827e-07,8.0564429059774e-08,1.04793963325709e-07,5.07107583576109e-08,2.42320495683862e-08,3.46456673395629e-08,4.91493025925828e-08,3.55455144626909e-08,5.15195516294504e-08,1.73644082636402e-08,1.97411888841885e-08,9.00161495589681e-09,1.94821638850055e-08,2.24534353353396e-08,1.40216517700422e-08,1.5313078401932e-08,6.64645730216698e-09,3.62602754233059e-09,1.71831107706378e-08,5.32998098952123e-09,1.47245503128842e-08,6.72092846536806e-09,4.41174183646181e-09,3.13216420939949e-09,7.50809356958486e-09,4.3653543861148e-09,7.45410790596278e-09,7.15995956912626e-08,1.22585999425117e-07,1.09129469178997e-07,8.17946962609548e-08,1.48092569857808e-07,1.13377035781988e-07,1.50066979507964e-07,1.24952489118609e-07,1.72944090847198e-07,1.75560855393103e-07,2.45920541145439e-07,3.628338393004e-07,1.07914264985307e-07,9.21555821982008e-08,8.45088732549893e-08,1.57571872264036e-07,8.9932232032678e-08,1.4466047881993e-07,6.27804075809125e-08,5.57883447461245e-08,1.30968279297961e-08,6.15172502748564e-08,5.85289145523747e-08,5.63728140427321e-08,3.61398811018458e-08,7.20776086288735e-09,1.85653140826867e-08,3.95197622424538e-08,-7.01887314339788e-09,2.13782045738732e-08,3.27069996188163e-09,1.72295453098749e-08,1.18091853924857e-08,-2.03608048690539e-09,2.1223203842117e-08,2.4781038151134e-09,1.37254090577648e-08,7.61432215067762e-09,7.37555720984338e-09,1.59785045991488e-08,5.67067056226148e-09,1.38653061022888e-08,7.3353703229817e-09,6.9115284953734e-09,-1.19579073812965e-09,7.89479273498275e-09,3.12240801183013e-09,2.48005210215908e-09
4.92104534568851e-08,9.49579578263442e-08,2.1989232136904e-07,7.72249044841006e-08,1.59713307786368e-07,1.38180991624938e-07,1.15002722438977e-07,2.83549570194722e-07,9.49428192821096e-08,2.01239527053301e-07,2.33354319034108e-07,1.65005866165687e-07,3.71002700972091e-07,1.2152955316373e-07,7.37698694809218e-08,3.10602354230175e-07,1.15292006829067e-07,2.93965091681602e-07,8.66633875274441e-08,5.37060832087899e-08,3.99723562261634e-08,8.26487174534116e-08,5.90226492799891e-08,8.6223822473204e-08,3.69420430110406e-08,2.78424666717579e-08,1.84703735969953e-08,3.91947234760556e-08,3.29520653823558e-08,3.6245463003275e-08,2.06989223502936e-08,1.1142821609434e-08,6.6429788832192e-09,2.156721921946e-08,1.25066016905062e-08,2.18264194024245e-08,8.85801740724413e-09,5.83926469075595e-09,3.01854778530133e-09,9.504885354801e-09,5.20852852816499e-09,8.72653913631569e-09,4.8105895408336e-09,3.02641048663961e-09,1.7321106561906e-09,4.01701155428602e-09,2.6199081166539e-09,4.63855478023317e-09,2.58032815146422e-08,5.49317800397947e-08,1.37437756058914e-07,4.15565306476543e-08,1.00488630959111e-07,9.64756514165386e-08,6.90690368741019e-08,1.64097755493629e-07,5.83691110883996e-08,1.21285908905498e-07,1.4918571190794e-07,1.08062625640774e-07,2.12168778968031e-07,6.97885969914459e-08,4.44431545171783e-08,1.8322711626311e-07,7.09359515480025e-08,1.64777236465172e-07,5.27154637069161e-08,3.64587470061553e-08,1.8448616742023e-08,5.57149188796483e-08,2.88231392342137e-08,4.8677518889275e-08,2.60309191360763e-08,1.41391552931689e-08,3.95549290160233e-09,2.05965648569416e-08,3.2266566964691e-09,1.01385378343834e-08,7.30538137393439e-09,4.22761324649793e-09,6.07427461121748e-09,7.01703488689244e-09,8.82208668026242e-09,9.6740947876426e-09,3.39367817621621e-09,4.92189020063034e-09,7.57778084448962e-10,6.93228891320294e-09,2.70880084652371e-09,3.14142182337377e-09,4.22328401063328e-09,1.15382885981026e-09,-2.07021905094164e-09,2.77861847434713e-09,-4.14119866794554e-10,3.20938084515493e-09
3.06231241120756e-08,3.23375699342783e-08,6.81614608178799e-08,3.94663008287933e-08,6.25151171640956e-08,5.69611858201744e-08,3.98492195461422e-08,9.48220956157074e-08,2.64685086723936e-07,8.24101385332055e-08,2.21565198404e-07,2.09295572605258e-07,1.2152955316373e-07,3.58613127582793e-07,1.47697257333875e-07,2.8423203249069e-07,2.65507714734865e-07,2.00643841503112e-07,2.44378548575279e-07,1.00503986335031e-07,5.23772635609845e-08,1.84526658773148e-07,1.00909582407132e-07,1.77877111399777e-07,5.99890653378638e-08,3.09560781410914e-08,3.90658616151602e-08,5.81016023621042e-08,3.26807278616159e-08,5.66208987346946e-08,2.16713247665452e-08,2.5647393340121e-08,1.09691693114581e-08,2.30328736289946e-08,2.64496126224064e-08,1.9297769915152e-08,2.01276282013891e-08,5.91013269455611e-09,5.77086022428796e-09,1.96690104197001e-08,6.07632918772488e-09,1.88899266288076e-08,5.04447181818379e-09,5.69758596683869e-09,6.38232672853624e-09,5.44596236994919e-09,7.37984856871124e-09,7.03829162286227e-09,6.47197523961584e-10,1.63286807799168e-08,4.37608742098465e-08,-7.74011191372492e-10,4.06917863357933e-08,2.87677227797755e-08,1.84953367746711e-08,5.1490045969244e-08,1.31472098312977e-07,5.00690922269595e-08,9.51783060314432e-08,1.09504404230161e-07,5.57236034812796e-08,1.52967499021102e-07,1.03819855461101e-07,1.20897683567346e-07,1.48879889527212e-07,9.91724944617431e-08,1.06038735798515e-07,7.92225009980725e-08,2.95019921688272e-08,1.2065238731598e-07,7.70598078098104e-08,1.14311851662607e-07,4.19916978579289e-08,9.67213562189986e-09,1.40536975092043e-08,4.40273836281575e-08,2.94608058590334e-09,3.32110651222795e-08,4.38804857737324e-09,1.65762246863504e-08,1.11453960925553e-08,2.13569301367147e-09,1.9917758814213e-08,7.06349808403345e-09,1.19184361992384e-08,6.49634522750875e-09,6.88606965846897e-09,1.37986399065124e-08,4.71894330681599e-09,1.19984113773039e-08,5.25809524626562e-09,5.30545619228546e-09,-1.42221554558606e-10,4.0846009161267e-09,4.66547224640216e-09,1.98138931102367e-09
2.14420238144952e-08,5.41939182265082e-08,4.89040464482318e-08,4.0943319450305e-08,4.69416033580971e-08,4.43647192305045e-08,5.85144152712308e-08,6.05474858423164e-08,1.15414419768703e-07,5.82137268019182e-08,1.1400350354018e-07,1.1234075353128e-07,7.37698694809218e-08,1.47697257333875e-07,4.58647630442986e-07,1.48562521705619e-07,3.3812236570757e-07,3.27497335801143e-07,1.00663248325047e-07,2.94310677481944e-07,9.68279429703543e-08,2.12881890647264e-07,2.35840443934829e-07,1.67800884535032e-07,1.92952166256913e-07,5.84486127984286e-08,4.22412280315875e-08,1.50046774092578e-07,6.15234246430681e-08,1.43267049650683e-07,3.87150431310867e-08,2.45129504118071e-08,3.07443862089995e-08,3.95741499489717e-08,2.4891566513641e-08,3.70728200456797e-08,1.73158907662199e-08,2.1657341053769e-08,1.2974329754437e-08,1.7897249917711e-08,2.40827283854385e-08,2.14419303327214e-08,1.97161769451986e-08,9.68206247724417e-09,6.76435357297275e-09,2.10871718925948e-08,9.33584162658881e-09,2.32613303056429e-08,7.31886008567993e-09,2.11116518372845e-08,3.01973649428724e-08,3.23804849668682e-09,9.75520797431701e-09,3.33016786196498e-08,2.34118500865478e-08,2.7025549156083e-08,6.70655012069241e-08,1.05793586232645e-08,6.86623179106366e-08,5.38478315338809e-08,3.17717304958305e-08,8.79879615289515e-08,3.23217850439606e-07,8.60145325042144e-08,2.39391336000213e-07,2.20373465400866e-07,6.34822071925749e-08,2.14375326117804e-07,6.79824571114376e-08,1.64214940626041e-07,1.72681805797825e-07,1.2345530766011e-07,1.18513228255871e-07,3.1253457229309e-08,2.08932834344417e-08,9.46732181749676e-08,3.374708764833e-08,8.3879132741096e-08,1.41515047134033e-08,1.03823547309458e-08,1.80134613805267e-08,2.13377455340587e-08,1.46025580705165e-08,2.12902715344548e-08,5.72890894795059e-09,9.72275299930905e-09,1.05166571072058e-08,9.0694070172879e-09,1.00268014111603e-08,8.9516941497193e-09,1.27619226178857e-08,7.25623919783699e-09,1.63627446458157e-09,1.19850091495042e-08,4.33996556150008e-09,1.05922179528218e-08
4.70114232130998e-08,8.64011926378332e-08,1.8646965866282e-07,7.62898342203114e-08,1.26898201671556e-07,1.12899902771201e-07,1.04342147020249e-07,2.33272175310694e-07,2.21634563646473e-07,1.58179477544481e-07,3.90484803321088e-07,3.03110700105949e-07,3.10602354230175e-07,2.8423203249069e-07,1.48562521705619e-07,5.21908273992619e-07,2.03072186135883e-07,4.03936320388374e-07,1.87635513347076e-07,1.0100369279305e-07,5.16633924438598e-08,1.37432300046175e-07,1.03521577612627e-07,1.36529681799477e-07,5.9847869874429e-08,2.9608211837978e-08,3.90213504973781e-08,5.83953257452152e-08,3.59003991990478e-08,5.59922187727927e-08,2.09545545976347e-08,2.42080103348985e-08,1.03182543888152e-08,2.305147847516e-08,2.68524938445162e-08,1.77686107180944e-08,1.87649780744562e-08,7.8245976969898e-09,4.97641207144976e-09,1.98869390748845e-08,6.83965572948275e-09,1.8799018203633e-08,6.94373682207986e-09,6.09597475810593e-09,4.51929742607274e-09,7.57603221862682e-09,5.6523080010019e-09,8.75889707620046e-09,2.2077786169277e-08,4.75295878432565e-08,1.21998322099937e-07,3.57716231936155e-08,8.26051056882846e-08,8.08501163812273e-08,5.48236991259809e-08,1.46751940193596e-07,1.15092313454469e-07,9.7944041846905e-08,2.02663364093586e-07,1.68881393299638e-07,1.81064515120405e-07,1.60895551514888e-07,1.14495900533519e-07,2.65326199239576e-07,1.29901966615729e-07,2.18984567360668e-07,1.15566653507452e-07,9.12220040005158e-08,3.09359804111201e-08,1.06526997681058e-07,7.88156765555606e-08,9.33450688610982e-08,4.9694017155185e-08,1.50109774868757e-08,1.89006874772846e-08,4.84435042027719e-08,1.44812003310941e-09,3.17719872147417e-08,6.5997081648603e-09,1.5117436520226e-08,1.28747680266859e-08,2.82099850416206e-09,1.98898120660767e-08,4.43571777422515e-09,1.13332991486774e-08,1.02878015478764e-08,5.05088273932527e-09,1.4216746730706e-08,6.46189834193223e-09,1.17824980805061e-08,8.60986782531066e-09,4.698820792378e-09,-2.06261992863809e-09,6.64150224589835e-09,1.14205913858118e-09,3.77189363508423e-09
3.21523725581937e-08,3.91070511586441e-08,6.49024957437246e-08,3.74225986423894e-08,6.20008071304127e-08,5.43714462326703e-08,4.66429806988793e-08,9.26641067468355e-08,1.95223887681492e-07,8.58200735181534e-08,1.57383912287242e-07,1.49079171030965e-07,1.15292006829067e-07,2.65507714734865e-07,3.3812236570757e-07,2.03072186135883e-07,4.83197737158105e-07,3.89926274215878e-07,1.84643422990621e-07,2.12783702367531e-07,9.53620693675178e-08,3.21085292550065e-07,1.68718416865753e-07,2.63057381325738e-07,1.32365061000445e-07,5.52903560831108e-08,3.89910960543324e-08,9.98940955335679e-08,6.09784399920134e-08,9.9630229879739e-08,3.83257550040711e-08,2.44638299226899e-08,2.73148428759985e-08,3.98882803462707e-08,2.56731874010182e-08,3.68773874245096e-08,1.90807708983227e-08,2.08723251677649e-08,1.18775506926829e-08,1.92765256405312e-08,2.07854050976594e-08,2.06341987245262e-08,1.84452839314886e-08,8.13684970778658e-09,7.03669403476213e-09,1.76302729086109e-08,8.47057420240748e-09,2.03535378150055e-08,8.48148933991134e-09,2.4009557621837e-08,4.74859132269614e-08,1.1625724118748e-08,3.9653904697088e-08,3.28824242040061e-08,2.37334545196383e-08,5.12353829288753e-08,1.21694173498322e-07,4.92196046840053e-08,9.4880156682836e-08,8.71746650966786e-08,5.82937965255823e-08,1.23422731672529e-07,2.2898501169112e-07,1.08656544104959e-07,2.83973250558361e-07,2.13168734898107e-07,8.70068160210331e-08,1.55902541724174e-07,6.44069268001097e-08,2.1092242236068e-07,1.34786912832243e-07,1.78083333597794e-07,7.65894752063113e-08,2.66456114096918e-08,1.39447711142344e-08,6.78663012883127e-08,2.74670808509957e-08,5.77708977131693e-08,1.4744374619388e-08,7.65583746085774e-09,1.49220903648946e-08,1.85751332638064e-08,1.50422188656111e-08,2.34688027089942e-08,4.50572135241439e-09,8.32364246071891e-09,1.12856729389491e-08,9.1873519791255e-09,6.36832694947379e-09,7.99174767064189e-09,1.22136877405699e-08,5.89468467238478e-09,6.64368991049676e-10,8.42173813724077e-09,2.5385962396136e-09,7.4809337684656e-09
5.37705956865813e-08,8.74112570763088e-08,1.79619685456693e-07,7.63050560426408e-08,1.25515327424623e-07,1.07805088833212e-07,1.04724406876782e-07,2.24645637087383e-07,1.54888304663697e-07,1.58164372610465e-07,2.98833188675301e-07,2.26734540256378e-07,2.93965091681602e-07,2.00643841503112e-07,3.27497335801143e-07,4.03936320388374e-07,3.89926274215878e-07,6.3257767234543e-07,1.35389790971256e-07,2.02913652741114e-07,9.33825024305656e-08,2.50291047170033e-07,1.67722704118139e-07,2.05035879480886e-07,1.24946296873395e-07,5.16011442378469e-08,4.00242366347365e-08,9.57006837066038e-08,5.88426305514005e-08,9.72101681664018e-08,3.72008890562585e-08,2.4102851910779e-08,3.20506684860244e-08,3.7217863336118e-08,2.77283012613215e-08,3.46966501203693e-08,1.85687272766237e-08,2.41200329481628e-08,1.24969442422789e-08,2.08534651797873e-08,2.35812811616092e-08,2.10683594931165e-08,2.15551634031887e-08,9.8301251431714e-09,6.41092460495485e-09,2.14681774949889e-08,8.12941569107651e-09,2.37941151588746e-08,2.46451849159717e-08,4.51844299292049e-08,1.15030859650096e-07,4.02209599523564e-08,8.05537138180343e-08,8.03209097129486e-08,5.0127891643185e-08,1.36138429137993e-07,1.09790649202319e-07,9.27524329368091e-08,1.9115455616209e-07,1.39717491274802e-07,1.68407646561688e-07,1.3169343645369e-07,2.29025460524033e-07,2.37808308846794e-07,2.48803742483509e-07,3.65672477948467e-07,1.01661514058092e-07,1.56906568687439e-07,6.3572125337272e-08,1.84162061332005e-07,1.286295099931e-07,1.50302958107257e-07,7.84743491906285e-08,2.53755453918847e-08,1.35859363716247e-08,6.3344920591935e-08,2.62561484527206e-08,4.98906714964901e-08,1.32475926089909e-08,7.6766501572017e-09,1.76296242489459e-08,1.78017452122575e-08,1.63411596245637e-08,2.07409930596347e-08,3.76774431726436e-09,1.2834944878512e-08,1.0522728334828e-08,9.22254020506901e-09,8.23625911546154e-09,6.14734134986239e-09,1.55373213543417e-08,7.06906783202026e-09,-2.14913936312358e-09,1.08058683943722e-08,-8.54550283308093e-10,7.66620931917331e-09
2.64056913369213e-08,2.41724204788735e-08,5.09783015732862e-08,2.97595318429014e-08,4.9957442476799e-08,4.35640240592271e-08,3.00308572671646e-08,6.98902960799129e-08,1.8269668474831e-07,6.31397820715022e-08,1.52143930495808e-07,1.44928725905015e-07,8.66633875274441e-08,2.44378548575279e-07,1.00663248325047e-07,1.87635513347076e-07,1.84643422990621e-07,1.35389790971256e-07,3.55858251899411e-07,1.29283127511714e-07,7.25421756040591e-08,2.7371950476774e-07,1.28995380265512e-07,2.50009582976927e-07,8.04177851237079e-08,4.38419580024408e-08,5.55404368060922e-08,7.54656418922037e-08,4.32770383398155e-08,7.20821488102701e-08,2.70949696219192e-08,3.59482892000093e-08,1.80398443512147e-08,2.81036830869968e-08,4.05031754238122e-08,2.61663199709209e-08,2.6512943914811e-08,8.75763908115891e-09,9.87766659876896e-09,2.81763277231968e-08,1.25758143195341e-08,2.69580518762706e-08,7.69176668192489e-09,7.76546025656808e-09,7.43817534643682e-09,1.00310990807726e-08,8.50179559301442e-09,1.0486518257479e-08,-1.49986787382041e-09,1.31129258937973e-08,2.69010521758561e-08,-4.25842384682219e-09,2.87325828373125e-08,1.68118222705628e-08,1.53389794119628e-08,3.5866140608239e-08,8.89096003510622e-08,3.85135722843963e-08,7.48892088872334e-08,7.98555957464867e-08,4.24363861678073e-08,1.06056359268034e-07,7.933026937863e-08,9.95507826025512e-08,1.20654414463449e-07,9.21339835258898e-08,1.67482291482402e-07,9.34783281801427e-08,2.96036846296072e-08,1.7958836134262e-07,7.74010726581099e-08,1.52256916144796e-07,5.43301904153213e-08,1.01961706965998e-08,2.31397954208984e-08,4.47674928838383e-08,5.61751265959106e-09,4.1420497220284e-08,-1.53621307566172e-10,1.90178604438363e-08,1.56270027349688e-08,1.97890328278956e-09,2.004179398154e-08,7.19846449552143e-09,1.49549515777613e-08,8.49584292299259e-09,6.7450773207097e-09,1.51221751074076e-08,5.37983084059114e-09,9.4940096006067e-09,7.70246265515517e-09,5.63395450463784e-09,4.40766296935314e-10,5.11785806860417e-09,5.14510853036478e-09,3.57202560910606e-09
