1.93645910094516e-08,1.07896833388968e-08,5.24628642018469e-09,1.75410436716262e-08,1.0067455194211e-08,1.62704054293913e-08,8.93671760247615e-09,4.49737067160724e-09,3.53518054269239e-09,8.52091290846265e-09,4.80070857900086e-09,8.43758954312931e-09,3.84068112656741e-09,3.10378318946307e-09,2.57942140511141e-09,3.96852929479809e-09,3.49256703884571e-09,3.87753445398167e-09,2.61483826327524e-09,2.13602677298929e-09,1.5138898703472e-09,2.92839289400389e-09,2.31926903675195e-09,3.05378665281697e-09,1.83786786010603e-09,1.27520628344031e-09,1.1731952649744e-09,1.98297590475105e-09,1.4217780052079e-09,2.11064572897353e-09,1.17997672881893e-09,1.070923312879e-09,7.60176821578953e-10,1.30505940871677e-09,1.12560678002984e-09,1.51187931308768e-09,8.53973203418915e-10,6.58413566213343e-10,6.14858558717773e-10,9.08785627347121e-10,8.0885442830055e-10,1.00913594672778e-09,5.90019748919301e-10,5.27888432192077e-10,5.67064120930477e-10,6.85977980805235e-10,7.15103177062876e-10,8.24196181168916e-10,1.16713336296679e-08,6.65514275310118e-09,3.5087077777546e-09,1.14764407653375e-08,7.0044698855132e-09,1.04262337850163e-08,5.91036169307078e-09,2.68783380244124e-09,2.29571010271205e-09,6.11039381217547e-09,3.41910800397119e-09,5.81568320658026e-09,2.3160486296952e-09,1.90607207831595e-09,2.42341997158668e-09,2.78859825863215e-09,2.4370469973796e-09,3.22772286287562e-09,1.65429055221211e-09,1.85071816707645e-09,8.75875302493365e-10,2.05466083937685e-09,2.01822783781157e-09,2.04071688723898e-09,1.57774314892551e-09,7.96080919172114e-10,8.98069130550624e-10,1.74300013180685e-09,1.03426361478003e-09,1.78432933346909e-09,7.44077923512301e-10,8.20984674604163e-10,7.34873242886575e-10,9.60525652498604e-10,6.98411013322509e-10,8.90731005756448e-10,6.21358730894973e-10,5.88414310359834e-10,5.40379447788263e-10,5.32524841192104e-10,6.76836596784553e-10,5.12817931531247e-10,5.25568965379638e-10,4.24595865118004e-10,3.61233411391831e-10,5.90018956626075e-10,5.02929266272637e-10,6.54378215871453e-10
1.07896833388968e-08,2.45948162135181e-08,1.05357803649129e-08,1.86581722825869e-08,2.07712378302964e-08,1.55248161336845e-08,2.0770638910616e-08,9.05015737558486e-09,4.25121729011069e-09,1.80333100851393e-08,8.74333272822137e-09,1.74122581651188e-08,7.8059328864364e-09,3.77389360912571e-09,4.00079380905791e-09,7.53213016556955e-09,4.03130743766001e-09,6.62589334848126e-09,3.2261012236208e-09,3.46679013205929e-09,2.54074333446354e-09,3.45461359925378e-09,3.79428360732054e-09,3.70224924202536e-09,2.99960717354037e-09,2.18653280919559e-09,1.88759210036688e-09,3.28766763235283e-09,2.43427575900875e-09,3.49266292982784e-09,2.02248606158645e-09,1.70719901341436e-09,1.36236426746277e-09,2.23649177270103e-09,1.85949125257501e-09,2.48074366041635e-09,1.40467751775188e-09,1.19549714882497e-09,1.0082987144071e-09,1.52771131683329e-09,1.48883184050126e-09,1.73252094519764e-09,9.76580351456799e-10,8.18419435384613e-10,8.44165453750007e-10,1.18860364476836e-09,1.07082301412931e-09,1.34215866757956e-09,5.9038625009449e-09,1.08825927221647e-08,6.97659373958015e-09,1.00329938804214e-08,1.60073542252972e-08,1.02235503138141e-08,9.60933809124948e-09,5.79965114324461e-09,2.57487935129424e-09,1.42036251061361e-08,5.02216323270708e-09,1.1401916660439e-08,5.16857907619441e-09,2.2894172830723e-09,3.14900042827416e-09,4.25160908514353e-09,2.9663054082617e-09,4.78189751983711e-09,1.9277018571667e-09,2.89694837720785e-09,2.1267412129622e-09,2.57691107130697e-09,3.18752635446104e-09,2.48931445549744e-09,2.44868510996626e-09,1.8311857691003e-09,1.45813655361985e-09,2.75412918093224e-09,1.99631733376886e-09,2.7466579757387e-09,1.70678235632759e-09,1.32501039552772e-09,1.14539800510739e-09,1.81839052379898e-09,1.29932955279734e-09,1.9103059785191e-09,1.02855051047222e-09,9.19569188889152e-10,9.45391515040783e-10,9.6362852324704e-10,1.2001066366685e-09,1.01263779369888e-09,7.5599373206265e-10,7.03737310700897e-10,5.50378482603382e-10,1.0009333018006e-09,8.24578296389716e-10,1.09240761816201e-09
5.24628642018469e-09,1.05357803649129e-08,2.38384732768711e-08,9.8676964262525e-09,1.97942136571581e-08,1.83615909125477e-08,9.05080147575226e-09,1.96303317314435e-08,9.86793349308557e-09,1.60360284221317e-08,1.72755372052186e-08,1.43653980355622e-08,1.67374468852077e-08,8.31723508518389e-09,4.8439895014081e-09,1.45280465773132e-08,7.78320946088475e-09,1.31849293841921e-08,7.01982301376344e-09,4.0631424146973e-09,3.50739533005003e-09,6.4768516994888e-09,4.18218363627078e-09,6.10521556825509e-09,3.27911063364232e-09,2.9783959125451e-09,2.25635146195794e-09,3.50064136576829e-09,3.49135241687227e-09,3.44459811143752e-09,2.74895691724463e-09,2.01784363629155e-09,1.49235645500054e-09,3.1770485271846e-09,2.18370116038031e-09,3.3720876652957e-09,1.75248428312716e-09,1.28951798459973e-09,1.06478454257949e-09,1.84020445840017e-09,1.44632210806905e-09,1.8621859545948e-09,1.15607649593596e-09,9.05411722558117e-10,1.06826557410441e-09,1.3212403286126e-09,1.25602316538998e-09,1.60850060431864e-09,2.26920012431091e-09,6.90278818680776e-09,1.2615741169156e-08,5.92054329328588e-09,1.15888605606752e-08,8.68849107365308e-09,6.28243421647986e-09,1.17802364162584e-08,5.44194881196191e-09,1.08817089850066e-08,1.09304359607308e-08,9.08528036936185e-09,1.0230067459065e-08,4.48250973340246e-09,3.79893652376939e-09,9.10066807106331e-09,4.90974046146152e-09,9.39644022001391e-09,3.64476303022855e-09,2.88257743950604e-09,2.84319735016059e-09,4.13406922062905e-09,3.38308041473593e-09,3.68110067305312e-09,2.46626706483701e-09,2.38890292457341e-09,1.36700925243821e-09,2.82882391312315e-09,2.65716262633133e-09,2.55563037987906e-09,2.20640995118188e-09,1.26173161059734e-09,1.28532178476315e-09,2.39090767545809e-09,1.29986880027231e-09,2.53634206228441e-09,1.07747413301747e-09,1.08014801279048e-09,9.75875943018894e-10,1.02355386550596e-09,1.20270002091818e-09,1.05300822743709e-09,9.75638548704269e-10,7.96439772369677e-10,4.49188291567816e-10,1.13964618758809e-09,7.82543616815192e-10,1.2909430471204e-09
1.75410436716262e-08,1.86581722825869e-08,9.8676964262525e-09,2.77617586063145e-08,1.55719343033778e-08,2.33898251020972e-08,1.5510486741897e-08,8.4887562480339e-09,4.51369774691095e-09,1.32918419585111e-08,8.33414228956433e-09,1.2510874371072e-08,7.20831926196756e-09,3.99552490004543e-09,4.45804556679943e-09,7.06624326283202e-09,4.26602344448739e-09,6.55423290353048e-09,3.38287652622134e-09,3.83954881237837e-09,2.53720028878886e-09,3.62547994405115e-09,4.10005240172842e-09,3.73355733502591e-09,3.34690683736091e-09,2.18616503861398e-09,1.63760224477906e-09,3.58077744671179e-09,2.30499665047343e-09,3.64690338618804e-09,2.02370005047171e-09,1.48823545739034e-09,1.28526472215901e-09,2.13101589732594e-09,1.70306287909931e-09,2.44229155867932e-09,1.37761110038713e-09,1.15971164710547e-09,1.02571675814091e-09,1.52950309891464e-09,1.36472940245426e-09,1.62690354237437e-09,1.07712431206438e-09,8.55694160351966e-10,8.08438438164913e-10,1.17797845955375e-09,1.03906285717479e-09,1.26743085652388e-09,1.05382225081417e-08,1.24388040410329e-08,6.32410958517221e-09,1.75863892563868e-08,1.08541151464184e-08,1.48109927322074e-08,1.07947203330894e-08,5.18221817538319e-09,2.94817388939733e-09,9.58736080190994e-09,5.17878400828348e-09,8.24057081248479e-09,4.63537012409919e-09,2.60522985987686e-09,3.81452785606899e-09,4.40243363451346e-09,3.15012434266727e-09,4.90221395922086e-09,2.27959179416648e-09,3.1960163731469e-09,2.03088031518594e-09,2.61250701310891e-09,3.60648559000843e-09,2.51728010541801e-09,2.73356891650327e-09,1.79185016727182e-09,1.24267266174903e-09,3.15155016746604e-09,1.92773594092959e-09,3.12631378117676e-09,1.67878870544609e-09,1.1199796630203e-09,1.11752031327191e-09,1.79445560375076e-09,1.14988870458836e-09,1.87342569875541e-09,9.87527739314066e-10,9.8817245157792e-10,9.0720231433089e-10,9.43477780027041e-10,1.13245653857376e-09,8.6543030674839e-10,9.10206003069734e-10,6.85004897790823e-10,4.62884737754237e-10,1.00537287269708e-09,7.29946268355803e-10,9.9421474854572e-10
1.0067455194211e-08,2.07712378302964e-08,1.97942136571581e-08,1.55719343033778e-08,3.09516960208934e-08,2.45014897824712e-08,1.80338558287483e-08,1.60357222404255e-08,8.98328054454769e-09,2.59141030895704e-08,1.44403189624888e-08,2.3907016797013e-08,1.36760869266924e-08,7.54790500161506e-09,4.64242786203512e-09,1.21142720444771e-08,7.16384006839026e-09,1.07479754205344e-08,6.45848987039082e-09,3.8909076861187e-09,3.58242832732906e-09,6.07695912422732e-09,3.92520098035705e-09,5.77251573590275e-09,3.16301232329256e-09,3.04062762457169e-09,2.50586757809087e-09,3.28372437443635e-09,3.71697436450028e-09,3.39321141479253e-09,2.80638580518259e-09,2.26954420853672e-09,1.63142969006885e-09,3.41434916498204e-09,2.43231398988144e-09,3.69866868625236e-09,1.91475422179914e-09,1.43456184494304e-09,1.31063379266683e-09,2.04432176140927e-09,1.79010178715355e-09,2.28266501212332e-09,1.27175520418616e-09,1.04458346213764e-09,1.08062222881563e-09,1.52309050739169e-09,1.36418690511279e-09,1.78453363778477e-09,5.50404831291316e-09,8.63537389163828e-09,1.06094787949041e-08,8.20557729048196e-09,2.10971010321455e-08,1.380727782111e-08,7.89448658276865e-09,1.00327813029675e-08,4.69446413702336e-09,1.96049858145421e-08,8.67772131907148e-09,1.61183260890807e-08,8.65811884741204e-09,3.85974377256368e-09,3.49403745740883e-09,7.04772384843444e-09,4.50553982272683e-09,7.45514928176754e-09,3.1881358678839e-09,2.82552742822272e-09,2.71626719445721e-09,3.73545856550446e-09,2.86987938412916e-09,3.09756163057051e-09,2.33019103502844e-09,2.30580713018318e-09,1.54590146735124e-09,2.37254855427526e-09,2.86966294727137e-09,2.44968354461911e-09,2.16543752745849e-09,1.4304134208632e-09,1.26438594017901e-09,2.63605752342995e-09,1.38056143834076e-09,2.92576544500464e-09,1.12153831621027e-09,1.02868939941118e-09,1.198178064886e-09,1.04463754915385e-09,1.2495185727944e-09,1.12564768446045e-09,9.98551668497374e-10,8.63733050832714e-10,5.08397637861119e-10,1.22537023688959e-09,9.20152172846677e-10,1.37056664246858e-09
1.62704054293913e-08,1.55248161336845e-08,1.83615909125477e-08,2.33898251020972e-08,2.45014897824712e-08,3.40894082063169e-08,1.31685038933052e-08,1.48027141243529e-08,8.23771954932842e-09,2.00820746130107e-08,1.29946056882655e-08,1.77964983884525e-08,1.24727127213205e-08,6.93950324530819e-09,4.30928965069601e-09,1.08283291511123e-08,6.63216881877819e-09,9.76607859407797e-09,5.95041256772667e-09,3.68976409922883e-09,3.85990653424425e-09,5.6867816221831e-09,3.88215614593702e-09,5.48400488841310e-09,3.12064946716883e-09,3.27016507818746e-09,2.38926532293089e-09,3.30387184992738e-09,3.73970284699408e-09,3.30443969557402e-09,3.02827695177767e-09,2.18729490093545e-09,1.64767416805344e-09,3.45475470095222e-09,2.45016254911684e-09,3.84521723926786e-09,1.9713560256829e-09,1.48621978421769e-09,1.29084057053533e-09,2.16097582147872e-09,1.71766686720969e-09,2.28259787845834e-09,1.43388366952752e-09,1.0425563499529e-09,1.04170976828318e-09,1.52620371890099e-09,1.30857144983413e-09,1.7402243472026e-09,1.04764497877877e-08,9.91092798301523e-09,9.24197622353155e-09,1.49729661461179e-08,1.47802646662852e-08,1.92275521565649e-08,9.32660186734238e-09,8.83326216092258e-09,4.58916712775014e-09,1.40536573392068e-08,8.1156410731803e-09,1.20680887985883e-08,7.60929087933722e-09,3.82285459336558e-09,3.46461144823368e-09,6.64157399590215e-09,4.37167049145936e-09,6.81302323276093e-09,3.29282404350326e-09,2.73035750965059e-09,2.81334534648224e-09,3.64545624610351e-09,3.19324549302614e-09,3.24509530011973e-09,2.32303249986864e-09,2.46825723207036e-09,1.53312577583253e-09,2.70406603472389e-09,2.8766182279002e-09,2.64875719175733e-09,2.32198239689726e-09,1.44214067053812e-09,1.33996539781655e-09,2.67578946670102e-09,1.55567863298084e-09,3.00500549159038e-09,1.3106691806744e-09,1.20808066311532e-09,1.09725232756432e-09,1.34352360633283e-09,1.2859892538848e-09,1.34033177991171e-09,1.22081322074789e-09,8.04232888555215e-10,4.97647615384605e-10,1.30813546469911e-09,7.99195111792059e-10,1.35077416842094e-09
8.93671760247615e-09,2.0770638910616e-08,9.05080147575226e-09,1.5510486741897e-08,1.80338558287483e-08,1.31685038933052e-08,2.50836444253358e-08,1.06929657574916e-08,5.72368301822776e-09,2.13498527523749e-08,1.03570098975239e-08,2.06864348120862e-08,9.07108717303833e-09,5.02837766361978e-09,4.68741182405425e-09,8.88773568031428e-09,4.86735467990304e-09,7.80193442448814e-09,4.2420986420237e-09,4.02148275764113e-09,2.77311915462441e-09,4.14731394375389e-09,4.37186942189048e-09,4.39417911073798e-09,3.50247220836292e-09,2.39882859194712e-09,2.0314236863354e-09,3.81331579851566e-09,2.68141587291008e-09,4.05621478890437e-09,2.20815472057393e-09,1.83735621052127e-09,1.50404535683709e-09,2.45498136391748e-09,2.0787527124179e-09,2.76675845393832e-09,1.54275340631749e-09,1.34088846491077e-09,1.25269004899066e-09,1.75578018763966e-09,1.729140229701e-09,2.02136970338219e-09,1.0686226252503e-09,1.01130170731837e-09,1.05840391173897e-09,1.39045641367929e-09,1.31159879378898e-09,1.59687706235013e-09,5.30253920616842e-09,9.60702352019201e-09,5.79816552946787e-09,8.83589995204941e-09,1.42013594263936e-08,9.18060964059607e-09,1.25834112330037e-08,6.88608662911644e-09,3.07893655215238e-09,1.55730849616006e-08,6.53430263043513e-09,1.38697719461421e-08,6.08904907070192e-09,3.15826195024667e-09,3.44780494779043e-09,5.32901075026791e-09,3.34938349843701e-09,5.39693707204478e-09,2.58780473001316e-09,3.08213654381754e-09,2.20144947796956e-09,2.84782707063453e-09,3.50193640633715e-09,2.81602928807815e-09,2.60482199327937e-09,1.91047146619861e-09,1.58001159681854e-09,3.01755650652965e-09,2.01982399921919e-09,2.96100495461988e-09,1.78770617783374e-09,1.43205757279947e-09,1.17909108141741e-09,1.84397793287015e-09,1.37137317632878e-09,2.02446307529932e-09,1.15099827630269e-09,9.51070669416435e-10,1.13391354188765e-09,1.065997577506e-09,1.27969200645945e-09,1.17110521628452e-09,8.07887644461235e-10,8.84593431259083e-10,6.78079545430775e-10,1.09236670275274e-09,1.05916201035193e-09,1.28118740516693e-09
4.49737067160724e-09,9.05015737558486e-09,1.96303317314435e-08,8.4887562480339e-09,1.60357222404255e-08,1.48027141243529e-08,1.06929657574916e-08,2.35651922961323e-08,1.18371707053776e-08,1.92138134452155e-08,2.06855534306222e-08,1.716641912122e-08,1.98955596324629e-08,9.92647297137933e-09,5.98172488426014e-09,1.73216327229241e-08,9.55421508937043e-09,1.57892497356231e-08,8.36542060236504e-09,5.05844698380801e-09,4.12973975315886e-09,7.94006222680159e-09,5.04685197028637e-09,7.45729184172154e-09,4.13692405281132e-09,3.52178403956554e-09,2.57084878798965e-09,4.25263024692188e-09,4.01182339116037e-09,4.32848212822709e-09,3.21694434353309e-09,2.28727296010417e-09,1.63126254691652e-09,3.61180195317687e-09,2.44394414181805e-09,3.81604413252391e-09,2.03028786377427e-09,1.42877735678898e-09,1.25247602947024e-09,2.11560134904427e-09,1.7037684508684e-09,2.20626314637446e-09,1.2467260574398e-09,1.04501277347813e-09,1.34063874643713e-09,1.53625552217792e-09,1.44725047580398e-09,1.84671151934305e-09,1.91254664914318e-09,6.28027544071363e-09,1.17788451409992e-08,5.45397431408667e-09,1.08798103794215e-08,9.01282178773926e-09,7.49725340319196e-09,1.36561327754238e-08,6.22445005591182e-09,1.17073044971253e-08,1.28301816570357e-08,1.05410128722001e-08,1.1857352358658e-08,5.46031104795276e-09,4.18144613292516e-09,1.07339757391475e-08,5.59081375203823e-09,1.06347485239002e-08,4.4464327891762e-09,3.18530434776625e-09,2.86527571061501e-09,4.48038381846839e-09,3.68517003195762e-09,4.20959774129221e-09,2.70495025502405e-09,2.51371622711107e-09,1.72301732374204e-09,3.127087517892e-09,2.7425242219906e-09,3.14211339688474e-09,2.40396088252709e-09,1.52818402465115e-09,1.36463226050191e-09,2.46388608223372e-09,1.40310306414904e-09,2.68474653767537e-09,1.34274265068545e-09,1.15640047541036e-09,1.05391924426018e-09,1.14033743340527e-09,1.34018060195834e-09,1.08232660861916e-09,1.02746267343254e-09,8.64519525255365e-10,6.41595536754674e-10,1.2479578830497e-09,8.84645647835303e-10,1.43220341412104e-09
3.53518054269239e-09,4.25121729011069e-09,9.86793349308557e-09,4.51369774691095e-09,8.98328054454769e-09,8.23771954932842e-09,5.72368301822776e-09,1.18371707053776e-08,2.54987339260597e-08,1.11073645378683e-08,2.17398258029773e-08,2.03610161891189e-08,9.92812348500062e-09,2.13589403760372e-08,1.10473141418007e-08,1.82039575372221e-08,1.71448207654544e-08,1.47563973880865e-08,1.72611192769678e-08,8.66320430567139e-09,3.59586033961127e-09,1.37531321981887e-08,7.90235603063742e-09,1.26524412909883e-08,7.40465318722797e-09,3.00000406299279e-09,4.2202078683465e-09,6.72829342235628e-09,3.74350958307367e-09,6.48272150873144e-09,2.68937772886903e-09,3.74562372540105e-09,2.21919965189483e-09,3.29720617246597e-09,3.97563397676648e-09,3.36218435113553e-09,3.27639538543613e-09,2.00312697458011e-09,1.54138873604671e-09,3.47117033544537e-09,2.25987089012079e-09,3.6501289398059e-09,1.77940090195813e-09,1.30551366434806e-09,1.76636607612984e-09,1.95050002899652e-09,1.84658750278583e-09,2.36910549601923e-09,2.06719158729048e-09,2.8511779643012e-09,6.31445335538134e-09,3.04092679820632e-09,6.07030733044828e-09,5.249305122962e-09,4.48087302013821e-09,7.08220899809925e-09,1.36830406243008e-08,6.83113539260742e-09,1.25506610750682e-08,1.09636954633618e-08,5.9770153993193e-09,1.14940992220005e-08,7.16945074741156e-09,1.03643427665604e-08,1.05773080160369e-08,9.88097972375452e-09,9.04428759672356e-09,5.19201643883113e-09,1.92588062460366e-09,8.25540223182032e-09,5.0742467746369e-09,7.40253666585793e-09,4.41123863264219e-09,1.88254723012542e-09,2.07225742123347e-09,4.36439705591624e-09,2.18664219339405e-09,3.93162072632864e-09,1.78806251661723e-09,1.90668456778999e-09,1.63043123506763e-09,1.9318825148522e-09,1.46516561183307e-09,1.83857357704598e-09,1.5167749969521e-09,1.36652918470738e-09,1.2759493376867e-09,1.04864312298912e-09,1.44768858855465e-09,1.15808388511185e-09,1.2792291622442e-09,1.03842130865163e-09,1.04426336949823e-09,1.38461468382083e-09,1.17357205552603e-09,1.62740327056801e-09
8.52091290846265e-09,1.80333100851393e-08,1.60360284221317e-08,1.32918419585111e-08,2.59141030895704e-08,2.00820746130107e-08,2.13498527523749e-08,1.92138134452155e-08,1.11073645378683e-08,3.10803555588631e-08,1.73028457572216e-08,2.87729525526973e-08,1.60392329752872e-08,9.26828613100855e-09,5.6698516591717e-09,1.43324254965829e-08,8.86427495060475e-09,1.2762610881815e-08,7.90068816645008e-09,4.76738111601966e-09,4.01036362331566e-09,7.46974168135803e-09,4.70897868971001e-09,7.05453432254815e-09,3.91552422907935e-09,3.40163385962806e-09,2.71018116690108e-09,3.97027334307358e-09,4.06292855377858e-09,4.16694233419145e-09,3.13198244875404e-09,2.46086082931848e-09,1.74399479444783e-09,3.7266706441396e-09,2.6431808109669e-09,4.05097390983066e-09,2.11839502931778e-09,1.54851857885575e-09,1.48624789563008e-09,2.26643261583176e-09,2.00211889107211e-09,2.57344028406055e-09,1.32095433448043e-09,1.17501142237651e-09,1.29767719994123e-09,1.69458331736676e-09,1.54158921271981e-09,1.9761755245314e-09,4.93328279430852e-09,7.89155719773129e-09,1.00308962742046e-08,7.85470525744294e-09,1.9602300111851e-08,1.37435576388275e-08,1.02140990972067e-08,1.13739596378904e-08,5.47395780471539e-09,2.12045690764716e-08,1.07084463215388e-08,1.92229767327476e-08,9.77904116006349e-09,5.01631774447316e-09,3.81659196591003e-09,8.70321565531721e-09,5.2039721604729e-09,8.42650078082741e-09,4.21396925143943e-09,3.07681464993231e-09,2.70487183701894e-09,4.25395135590761e-09,3.27450900795572e-09,3.91834422075675e-09,2.4934945219492e-09,2.41460011865237e-09,1.73015091567933e-09,2.7406987489898e-09,2.86029808810938e-09,2.84966913471871e-09,2.26174710071649e-09,1.60826750154842e-09,1.28304840290803e-09,2.6391045954705e-09,1.50244922459054e-09,2.92195442570469e-09,1.310913158091e-09,1.04813756472191e-09,1.30745094186179e-09,1.19759411757381e-09,1.3643588222502e-09,1.24934343102712e-09,1.02575050858117e-09,9.74153258622675e-10,6.54943271429904e-10,1.28512240920075e-09,1.02279873716515e-09,1.48200392297087e-09
4.80070857900086e-09,8.74333272822137e-09,1.72755372052186e-08,8.33414228956433e-09,1.44403189624888e-08,1.29946056882655e-08,1.03570098975239e-08,2.06855534306222e-08,2.17398258029773e-08,1.73028457572216e-08,3.19976205262591e-08,2.74345806485446e-08,1.73233590030321e-08,1.82035572226207e-08,1.05800163467825e-08,2.65390015863246e-08,1.51877196543416e-08,2.22126412927651e-08,1.47280843814644e-08,8.51672752588191e-09,4.32461215466814e-09,1.2291019715735e-08,8.08099364127272e-09,1.13750046062554e-08,7.24767720167856e-09,3.627316297073e-09,4.58410964950984e-09,6.91041454941826e-09,4.181380640928e-09,6.55834607593193e-09,3.26140675090168e-09,4.11401866994467e-09,2.49765782728049e-09,3.71111274491239e-09,4.32050131271046e-09,3.69277865627808e-09,3.63439032149655e-09,2.25579667190813e-09,1.80245638638227e-09,3.78366861088072e-09,2.53304760863604e-09,3.88369831222123e-09,2.01782016886301e-09,1.50334693396355e-09,1.82641956405607e-09,2.26668891580289e-09,2.05228885078771e-09,2.63790915048083e-09,2.6854247900705e-09,5.75069065638203e-09,1.01230269273167e-08,4.87758338578579e-09,9.25876168909931e-09,7.45812901733147e-09,7.28402807155233e-09,1.16577741295591e-08,1.11525022306243e-08,1.0298047953616e-08,1.85347659832805e-08,1.54342083286266e-08,1.00370415445137e-08,9.30426000369098e-09,6.92657342824035e-09,1.51314738806729e-08,9.08947850144337e-09,1.4619786897324e-08,7.33776640513372e-09,4.96339640348364e-09,2.53222334204648e-09,6.93141183680846e-09,5.14174619426886e-09,6.52777570611676e-09,4.23305611739889e-09,2.43668562320187e-09,2.70007034832614e-09,4.4840674383964e-09,2.4569206108385e-09,4.25347450669502e-09,2.33298673382488e-09,2.38770850773815e-09,1.90432914206149e-09,2.14608178740662e-09,1.98981996084649e-09,2.18535819738434e-09,2.01458698507815e-09,1.64585451083976e-09,1.58052022816921e-09,1.5349827134314e-09,1.85178610134701e-09,1.49651901766206e-09,1.46351055954751e-09,1.27145042161472e-09,9.57172209724833e-10,1.69761688987474e-09,1.26822250877498e-09,1.79804659707745e-09
8.43758954312931e-09,1.74122581651188e-08,1.43653980355622e-08,1.2510874371072e-08,2.3907016797013e-08,1.77964983884525e-08,2.06864348120862e-08,1.716641912122e-08,2.03610161891189e-08,2.87729525526973e-08,2.74345806485446e-08,4.13936544223859e-08,1.43069985335138e-08,1.68403904324388e-08,9.7115529898042e-09,2.24754390663163e-08,1.3869066171538e-08,1.84623861759777e-08,1.38214202159499e-08,7.79550813563957e-09,4.26942215076176e-09,1.13700876686814e-08,7.3974629231602e-09,1.06148139403444e-08,6.62765203772396e-09,3.58748043351537e-09,4.80985236456759e-09,6.32485097611233e-09,4.18030888075637e-09,6.1225636511377e-09,3.27037681697402e-09,4.39959835823851e-09,2.70936644781866e-09,3.7956994228775e-09,4.63339357624267e-09,3.85579616464705e-09,3.81442176985443e-09,2.42962130632616e-09,2.03205205386013e-09,4.02665941498585e-09,2.87320816757491e-09,4.33937434671098e-09,2.12065232618608e-09,1.5762282726876e-09,1.67715759324011e-09,2.4091459965266e-09,2.04314209616886e-09,2.7330196079774e-09,4.85300670516634e-09,7.17171295836862e-09,8.93357805118616e-09,6.86128430934589e-09,1.81172764960565e-08,1.18343370441909e-08,9.98249615810779e-09,9.99920302409139e-09,9.31100306578758e-09,1.9878792627057e-08,1.55920157291913e-08,2.50399412707238e-08,8.5605283645134e-09,7.90456326758381e-09,6.07285410665833e-09,1.250743744629e-08,7.69765447373817e-09,1.17547512863973e-08,6.37766372137251e-09,4.65633734195945e-09,2.64493451969957e-09,6.25545824710222e-09,4.70972660462902e-09,5.78820917075496e-09,3.86469081593406e-09,2.56085165103166e-09,2.52273386281234e-09,4.07294636550961e-09,2.61443421175014e-09,3.78552453515136e-09,2.37530689010555e-09,2.35475381923959e-09,1.84564419997769e-09,2.36136289915447e-09,2.09812662331742e-09,2.40419073657747e-09,1.89596589689893e-09,1.54349878886558e-09,1.78693584752681e-09,1.58191917684322e-09,1.89212513865357e-09,1.6449314964558e-09,1.50448713078724e-09,1.26535016522077e-09,9.00377055215787e-10,1.77890703550063e-09,1.24559120432298e-09,1.90316849831873e-09
3.84068112656741e-09,7.8059328864364e-09,1.67374468852077e-08,7.20831926196756e-09,1.36760869266924e-08,1.24727127213205e-08,9.07108717303833e-09,1.98955596324629e-08,9.92812348500062e-09,1.60392329752872e-08,1.73233590030321e-08,1.43069985335138e-08,2.52538813711376e-08,1.25593992272376e-08,7.25595554902573e-09,2.16184859183322e-08,1.2092046288665e-08,1.98649924827005e-08,1.06974188859244e-08,6.14443235025912e-09,4.89092095497902e-09,1.01506297829383e-08,6.12729985792152e-09,9.48217588921981e-09,4.95224300893211e-09,4.03754170580128e-09,2.90449490945065e-09,5.08200522723784e-09,4.80580903412813e-09,5.29944132111742e-09,3.69898010543733e-09,2.5571877850795e-09,2.04332241400822e-09,4.30602529873088e-09,2.92174126850598e-09,4.66361859063882e-09,2.27014694120836e-09,1.78165133375382e-09,1.66607610449706e-09,2.52680333235585e-09,2.30685682012961e-09,2.7964248996843e-09,1.47492321126078e-09,1.38201990478399e-09,1.49273408838112e-09,1.99039686236122e-09,1.71932916948629e-09,2.25795414843248e-09,1.41675228348766e-09,5.91580783294247e-09,1.02229874002307e-08,5.02077214131026e-09,9.6577247691416e-09,7.71125088956577e-09,7.14977299483752e-09,1.18552930992218e-08,5.45939815245851e-09,1.07001924592057e-08,1.07341673473667e-08,9.17587295641428e-09,1.55156087576263e-08,7.45751735419966e-09,4.97961269218593e-09,1.37059152445433e-08,6.99956983500459e-09,1.30312892380782e-08,6.30763635688355e-09,3.81748998799734e-09,3.4068886976948e-09,5.72108363143739e-09,4.67052406173971e-09,6.13688216741449e-09,3.16286076545059e-09,2.90151142308937e-09,1.99864311432293e-09,3.79459542199854e-09,3.57260391716199e-09,4.26195557416099e-09,2.74860257833333e-09,1.72922902440486e-09,1.67203346981121e-09,3.10875814179821e-09,1.86111683276982e-09,3.51437702991447e-09,1.52227958118892e-09,1.40413177814798e-09,1.55906664144754e-09,1.60184672941136e-09,2.00965918017087e-09,1.80484981121263e-09,1.15556707464881e-09,1.12225894227683e-09,6.88563726989025e-10,1.59424847691057e-09,9.84230029806927e-10,1.59889594551435e-09
3.10378318946307e-09,3.77389360912571e-09,8.31723508518389e-09,3.99552490004543e-09,7.54790500161506e-09,6.93950324530819e-09,5.02837766361978e-09,9.92647297137933e-09,2.13589403760372e-08,9.26828613100855e-09,1.82035572226207e-08,1.68403904324388e-08,1.25593992272376e-08,2.63604407637118e-08,1.4012446046939e-08,2.24917425066155e-08,2.18650020681482e-08,1.86260140950812e-08,2.12119243852379e-08,1.0974667105856e-08,4.57811095193897e-09,1.76065249454582e-08,1.00528882448419e-08,1.61529666102634e-08,9.22394032579917e-09,3.74493103771995e-09,4.62481851580758e-09,8.40562885002449e-09,4.5347013903129e-09,8.15352154355526e-09,3.33340268274258e-09,4.04649211099654e-09,2.57563123906029e-09,3.95014361057061e-09,4.52119170654325e-09,4.10686089123515e-09,3.55919118582293e-09,2.30821233057543e-09,1.8620208056162e-09,3.95965211564034e-09,2.72443710098505e-09,4.27808297620643e-09,2.00675027872642e-09,1.57435000220994e-09,1.95399311819437e-09,2.31901845973152e-09,2.11006386527159e-09,2.67350547454308e-09,1.65030646221479e-09,2.59143395512199e-09,5.38685760755831e-09,2.82262520942201e-09,5.28846003853179e-09,4.68814065640755e-09,4.16275337378901e-09,5.9740606434393e-09,1.14926333619884e-08,6.0701960518741e-09,1.03631280339054e-08,9.48048492545668e-09,7.74360037138834e-09,1.54912481060793e-08,9.56777653323356e-09,1.39332957734357e-08,1.3775659943721e-08,1.26735148372172e-08,1.28381607880489e-08,6.79705975521984e-09,2.89098996717846e-09,1.10673158329072e-08,6.93595038953527e-09,1.0749699370385e-08,5.7019618026447e-09,2.65155619700933e-09,2.4334045413254e-09,5.80628545973273e-09,3.00033705322882e-09,5.44647485283567e-09,2.47367889029353e-09,2.16787837691096e-09,1.92778996200808e-09,2.53364678607208e-09,1.93902121038389e-09,2.62734866174683e-09,1.77642505339818e-09,1.61806243458486e-09,1.73323383088037e-09,1.56412948775853e-09,2.10780166697092e-09,1.89207560042437e-09,1.45805845546624e-09,1.23296921512506e-09,1.20898379837586e-09,1.69052739439418e-09,1.40184414145075e-09,1.82646020885943e-09
2.57942140511141e-09,4.00079380905791e-09,4.8439895014081e-09,4.45804556679943e-09,4.64242786203512e-09,4.30928965069601e-09,4.68741182405425e-09,5.98172488426014e-09,1.10473141418007e-08,5.6698516591717e-09,1.05800163467825e-08,9.7115529898042e-09,7.25595554902573e-09,1.4012446046939e-08,2.74773938502511e-08,1.32396764971506e-08,2.2681420300871e-08,2.10081289096373e-08,1.09756939118338e-08,2.23039457301939e-08,9.38446912450471e-09,1.82677094894814e-08,1.75897191605082e-08,1.45517801042242e-08,1.88426925696273e-08,7.81794954644755e-09,4.3099097065706e-09,1.48274915910148e-08,7.67973691758961e-09,1.40571301581587e-08,6.93032546878234e-09,3.66041420750995e-09,3.59010703820891e-09,6.69668214084579e-09,3.96023135663796e-09,6.6728729311912e-09,3.11241034531169e-09,3.29225124552351e-09,2.06932547015118e-09,3.38602740599565e-09,3.76019637282418e-09,3.52586261016963e-09,2.80474910018707e-09,1.75435486569917e-09,1.62029647213864e-09,3.18572141778875e-09,2.19616113514704e-09,3.70299628811655e-09,1.17988605542954e-09,2.80226112747574e-09,3.263332531293e-09,2.82988925720524e-09,3.6431664197634e-09,3.10421527928587e-09,3.19812497904489e-09,3.61008209144858e-09,6.53906167954659e-09,3.70857863092586e-09,6.27739488797953e-09,6.08323262751748e-09,4.31432052453343e-09,8.71700475708587e-09,1.73331686638001e-08,8.55494033227597e-09,1.37894052107988e-08,1.34919954915141e-08,7.13313485388872e-09,1.34533826457058e-08,6.73903765505653e-09,1.08886676466256e-08,1.1244980152778e-08,9.46681974988805e-09,1.12741541090158e-08,5.74718513193823e-09,2.65228952783188e-09,9.45679245025639e-09,5.22595938074921e-09,8.59901714052192e-09,5.27589062525899e-09,2.3277708433778e-09,2.73036484075485e-09,4.62026034506457e-09,2.65891127635849e-09,4.81082215091823e-09,1.85547490859982e-09,2.39593735198495e-09,1.73789837045612e-09,2.1117625440236e-09,2.73265038912734e-09,2.06265346000770e-09,1.92496175466486e-09,1.44922814066684e-09,1.01204337923599e-09,2.20535036505567e-09,1.70793768175542e-09,2.63195858276845e-09
3.96852929479809e-09,7.53213016556955e-09,1.45280465773132e-08,7.06624326283202e-09,1.21142720444771e-08,1.08283291511123e-08,8.88773568031428e-09,1.73216327229241e-08,1.82039575372221e-08,1.43324254965829e-08,2.65390015863246e-08,2.24754390663163e-08,2.16184859183322e-08,2.24917425066155e-08,1.32396764971506e-08,3.28007580622935e-08,1.89400965960476e-08,2.77443486764023e-08,1.81586676034062e-08,1.0525604657391e-08,5.22264191656123e-09,1.53244008948611e-08,1.00242605586992e-08,1.41972573749296e-08,8.78311254868196e-09,4.32425390925895e-09,5.00538936299661e-09,8.41598416845833e-09,4.91749728582969e-09,8.04797539061382e-09,3.88979573543164e-09,4.47135213561371e-09,2.87968373862185e-09,4.33781669506969e-09,4.94470847172695e-09,4.39061326690493e-09,3.97156223417373e-09,2.57774823730176e-09,2.15892024379327e-09,4.31599514509575e-09,3.04282385753149e-09,4.58889759825055e-09,2.25453206579076e-09,1.80860924640972e-09,2.04702468297179e-09,2.6712536583061e-09,2.32117092853694e-09,2.97538228726604e-09,1.81571783954892e-09,5.46002276875094e-09,8.67628978291783e-09,4.44959073973904e-09,8.19442656456507e-09,6.49651069103404e-09,6.89841345609171e-09,1.0033451699605e-08,9.30250544054253e-09,9.26174620277181e-09,1.51302498585109e-08,1.3204997116349e-08,1.25659494841976e-08,1.3091272585807e-08,9.09818042063484e-09,1.97419814715736e-08,1.19835358418943e-08,1.86530645952971e-08,1.08896914837927e-08,6.35435855345966e-09,3.51513648291531e-09,9.41600544469336e-09,6.90633975077948e-09,9.87676274974744e-09,5.30096295061216e-09,3.22278096660931e-09,3.01846178113426e-09,5.82358896817999e-09,3.36919468761683e-09,5.84616790788689e-09,3.02554170702665e-09,2.61852214410378e-09,2.24582786088182e-09,2.83313392648707e-09,2.3828100268959e-09,2.93555364265669e-09,2.25927932947998e-09,1.92604344681595e-09,2.02969709572949e-09,2.07919933237419e-09,2.49647329760739e-09,2.22023165168457e-09,1.65501562198558e-09,1.48788204940576e-09,1.08750697088876e-09,2.03100443158343e-09,1.47137388749194e-09,2.05938312531175e-09
3.49256703884571e-09,4.03130743766001e-09,7.78320946088475e-09,4.26602344448739e-09,7.16384006839026e-09,6.63216881877819e-09,4.86735467990304e-09,9.55421508937043e-09,1.71448207654544e-08,8.86427495060475e-09,1.51877196543416e-08,1.3869066171538e-08,1.2092046288665e-08,2.18650020681482e-08,2.2681420300871e-08,1.89400965960476e-08,3.20908624373747e-08,2.75746988052157e-08,1.76067977341338e-08,1.82667251174246e-08,7.89231356018239e-09,2.6045457206311e-08,1.4436771795283e-08,2.11411001554191e-08,1.52830262324393e-08,6.5769754858918e-09,4.217434114842e-09,1.20819906350147e-08,6.85531311008801e-09,1.17604067252506e-08,5.78050268540025e-09,3.60085006557474e-09,4.04545311761834e-09,5.98467664492826e-09,3.99758900299643e-09,6.11929679898284e-09,3.08647445864451e-09,3.73335479318470e-09,2.40305363657117e-09,3.42579722291546e-09,4.26824018763668e-09,3.74252497048547e-09,3.20932529371814e-09,1.99816714464086e-09,2.07537946218876e-09,3.6425508824363e-09,2.52810966353338e-09,4.18819467944944e-09,1.7308193695898e-09,3.03604102065998e-09,5.36951270802245e-09,3.19017530450249e-09,5.58975227856763e-09,4.99347574883982e-09,3.74282835611079e-09,6.15585709170852e-09,1.02867333834832e-08,6.2123578317433e-09,9.56346823965169e-09,9.25858213810336e-09,7.56260327799062e-09,1.3976800530101e-08,1.37486750005779e-08,1.28325010963102e-08,1.92051805726018e-08,1.75994754342049e-08,1.15126972873082e-08,1.02143655593223e-08,5.1175588462948e-09,1.5115551008579e-08,9.26517555413777e-09,1.31824535525599e-08,8.46721310107375e-09,4.34239009935661e-09,2.82210025636176e-09,7.68251083913639e-09,4.46415085774163e-09,7.24232915591072e-09,4.04062066347236e-09,2.37193116516343e-09,2.87557675720654e-09,3.83027647122589e-09,2.43155562436091e-09,4.15988034770993e-09,1.9745960151152e-09,2.53665433307805e-09,2.16408822648011e-09,1.96304370566014e-09,3.09919868778216e-09,2.36179374499185e-09,2.09381286498214e-09,1.63430660157762e-09,1.26492834384256e-09,2.50534654031697e-09,1.79661693958397e-09,2.67229504461523e-09
3.87753445398167e-09,6.62589334848126e-09,1.31849293841921e-08,6.55423290353048e-09,1.07479754205344e-08,9.76607859407797e-09,7.80193442448814e-09,1.57892497356231e-08,1.47563973880865e-08,1.2762610881815e-08,2.22126412927651e-08,1.84623861759777e-08,1.98649924827005e-08,1.86260140950812e-08,2.10081289096373e-08,2.77443486764023e-08,2.75746988052157e-08,3.85433997937861e-08,1.5010999923972e-08,1.69559546549347e-08,7.76668955661841e-09,2.23352720969486e-08,1.38334753095656e-08,1.84118113238608e-08,1.4047971186527e-08,6.47527277867971e-09,4.07817177077519e-09,1.15621785892969e-08,6.59314884182911e-09,1.10102783742224e-08,5.71251664640364e-09,3.52135432864945e-09,4.10250430496536e-09,5.74211570289336e-09,3.97094944934708e-09,5.81010177814763e-09,3.04918515602525e-09,3.76158484644288e-09,2.68632195165142e-09,3.3815980843735e-09,4.34802697281268e-09,3.68819956253873e-09,3.21630020658976e-09,2.18948964462462e-09,2.12406869653664e-09,3.74031861679381e-09,2.72796325160076e-09,4.38216112548909e-09,1.76123934022562e-09,5.06796086355327e-09,8.00622222711071e-09,4.46528589219531e-09,7.78786754839087e-09,6.32117056162456e-09,6.11635169765689e-09,9.29900614104389e-09,8.47341796180468e-09,8.74348078191598e-09,1.3413136098512e-08,1.1965352916519e-08,1.12741257644326e-08,1.16435806891869e-08,1.24984108352846e-08,1.75048293477357e-08,1.65949271543422e-08,2.47484295150947e-08,9.52103521938535e-09,9.03036410441216e-09,5.3062260164535e-09,1.26990010905979e-08,8.48973083593089e-09,1.14834653614861e-08,7.46076350069184e-09,4.49096495734345e-09,2.95067347126942e-09,7.02925367672891e-09,4.49057034260281e-09,6.98235348164718e-09,4.18699794154219e-09,2.42204868153993e-09,3.08695526158666e-09,3.80142445949938e-09,2.61739820902078e-09,4.18587010580951e-09,2.05045950663093e-09,2.72540394340799e-09,2.3402807100454e-09,2.16351767784348e-09,3.29835729431682e-09,2.47403025429603e-09,2.20144604558235e-09,1.72857751359705e-09,1.25617346409254e-09,2.6310791516389e-09,1.92095917384427e-09,2.97708700830866e-09
2.61483826327524e-09,3.2261012236208e-09,7.01982301376344e-09,3.38287652622134e-09,6.45848987039082e-09,5.95041256772667e-09,4.2420986420237e-09,8.36542060236504e-09,1.72611192769678e-08,7.90068816645008e-09,1.47280843814644e-08,1.38214202159499e-08,1.06974188859244e-08,2.12119243852379e-08,1.09756939118338e-08,1.81586676034062e-08,1.76067977341338e-08,1.5010999923972e-08,2.50740795267578e-08,1.2660757824707e-08,5.69373973401643e-09,2.05345925099294e-08,1.13023467875111e-08,1.8580536483263e-08,1.07402468056494e-08,4.75173579579693e-09,6.05192277215095e-09,9.52548218790453e-09,5.37666766315554e-09,9.10878347660073e-09,4.21245052514917e-09,5.27420407552388e-09,3.07876175809176e-09,4.66236101832762e-09,5.64535541546013e-09,4.9426404471935e-09,4.47315325166237e-09,2.64447719810181e-09,2.13865306551763e-09,4.69424372070976e-09,3.26054187984945e-09,5.24254122760084e-09,2.33407396142175e-09,1.85585433340685e-09,2.06093050941339e-09,2.85867151559384e-09,2.35074979376606e-09,3.14860316354631e-09,1.28923723319497e-09,2.21089106428429e-09,4.65880690394841e-09,2.29790397470156e-09,4.39953162389835e-09,3.89888123690202e-09,3.26028337892862e-09,5.05134237623866e-09,9.040850247669e-09,5.0776780659409e-09,8.37986049534375e-09,8.15371611619387e-09,6.67984055337374e-09,1.28373469796732e-08,6.79981032778342e-09,1.16108804184589e-08,1.10679462681565e-08,1.00848152581356e-08,1.49721623798369e-08,7.57560019249089e-09,3.54464084218921e-09,1.37188892782648e-08,7.13338922849582e-09,1.26532443814624e-08,6.41524731836339e-09,3.22038657724261e-09,2.17123203188304e-09,6.07033279848233e-09,3.03545588729959e-09,5.25750668757129e-09,2.94442613539285e-09,1.87990720431197e-09,2.19713507609332e-09,2.51584755779723e-09,1.84308100568581e-09,2.60220121008878e-09,1.57057640251529e-09,1.90477655269032e-09,2.03496575004712e-09,1.5425252474303e-09,2.61197639952939e-09,1.70722345692607e-09,1.74667389699265e-09,1.53871254485305e-09,1.30946392035204e-09,2.2401313696698e-09,1.74044863891563e-09,2.38268561958811e-09
