9.05891234870515e-09,4.75487929462252e-09,2.39817814300892e-09,7.84684787619128e-09,5.30762960664134e-09,8.21028623302117e-09,4.13016950843989e-09,2.08854278565617e-09,1.83746532080605e-09,4.64479754859917e-09,2.04725505076523e-09,3.91264420586722e-09,1.80090398863121e-09,1.60665775832477e-09,1.36458738649412e-09,1.75614772002052e-09,1.9838013198772e-09,1.9375074632761e-09,1.38233105027194e-09,1.04021955261785e-09,7.22221159052228e-10,1.56824083253132e-09,1.06499669404306e-09,1.53431384514358e-09,8.50625474421925e-10,6.43789725595698e-10,5.03633902347261e-10,9.02660300623192e-10,7.17888113839064e-10,1.00403262899841e-09,5.78705577379695e-10,4.54898569605682e-10,4.91008188188779e-10,6.30672937847865e-10,6.28946494292113e-10,8.50225512974247e-10,3.83929637880536e-10,3.88031433209062e-10,5.0068369252044e-10,5.04864693369202e-10,4.67168257599783e-10,7.24640344075053e-10,3.31270883679958e-10,4.35029169567473e-10,5.09234520929548e-10,3.98870918226371e-10,5.29434294612453e-10,4.6453033548477e-10,6.31553627352368e-09,2.66465592756111e-09,1.42384818064558e-09,5.18304121522653e-09,2.75153653350387e-09,5.55946228062065e-09,2.35995125552408e-09,1.20890854305003e-09,1.1606874706298e-09,2.37500291713587e-09,1.34165333352986e-09,2.69160647620353e-09,1.03255714409737e-09,1.00114571569208e-09,9.25842603125314e-10,1.17120339737534e-09,1.46690908812404e-09,1.45935378429804e-09,8.25905882332858e-10,6.22286747882822e-10,3.77866989763438e-10,1.02708052483641e-09,7.26358442470506e-10,9.92500367646391e-10,5.13215919502196e-10,2.91875321166193e-10,2.14343342532065e-10,6.10717777689437e-10,2.56541605119194e-10,7.75441994055811e-10,2.62309035992249e-10,1.84285022618245e-10,2.78816998908846e-10,2.01261973784715e-10,3.14149988282205e-10,5.83664873879326e-10,1.51284893123282e-10,1.93672017640805e-10,2.03491630148987e-10,2.34321550512815e-10,3.00015765551941e-10,3.7734035485255e-10,1.91654719505719e-10,2.11272773153919e-10,3.11709107535555e-10,2.60293858513169e-10,2.37707473774737e-10,2.37869861317328e-10
4.75487929462252e-09,1.15228627330434e-08,4.96841315695391e-09,8.47073248005351e-09,1.05122690596865e-08,7.76070657106865e-09,9.8812934080251e-09,4.15149645494147e-09,2.33245735589226e-09,9.07687108257105e-09,3.91621778213881e-09,8.12037548414676e-09,3.42430101754097e-09,1.90877416349686e-09,2.08583553310048e-09,3.24952011532698e-09,1.96453770824931e-09,3.17009281693019e-09,1.60277856334422e-09,1.73785717654759e-09,1.038877244226e-09,1.6094162727762e-09,1.79948160234141e-09,1.50297327589249e-09,1.52821949392926e-09,9.14943229198754e-10,7.27562770596154e-10,1.60299562117651e-09,1.1265317505932e-09,1.86299710974796e-09,8.29581892222929e-10,6.4463288342914e-10,6.12794774073843e-10,9.86135920138082e-10,8.06210940536853e-10,1.13470073921711e-09,5.42119065732041e-10,5.22865224705834e-10,5.60110006394335e-10,6.6723761471654e-10,5.77492091713886e-10,8.68093559320485e-10,4.83908634915255e-10,5.06250705856018e-10,4.89344969277586e-10,5.19680591452134e-10,6.07769367642547e-10,5.49066099203221e-10,3.34480673567308e-09,6.67638115797752e-09,2.402980737664e-09,5.01857760683624e-09,5.5968753477471e-09,4.64428520950956e-09,5.62158659803566e-09,1.78881759546083e-09,1.7471528019717e-09,4.66341310224658e-09,2.25995680659843e-09,4.54374288539205e-09,1.79460369859893e-09,1.44568162819323e-09,1.20735429746381e-09,2.00749967609919e-09,1.31525588101973e-09,2.04573899001733e-09,1.12994674829611e-09,9.68487721874312e-10,4.94946771170915e-10,1.03414594918346e-09,1.31194162821803e-09,9.81149365334872e-10,8.45015581129627e-10,4.16564412659749e-10,4.67331043866443e-10,1.14502861591043e-09,5.29531125970124e-10,1.35423436424124e-09,3.58939947913672e-10,3.89931433345006e-10,3.46537788211956e-10,3.99201365799099e-10,3.99335955661067e-10,6.46173916504671e-10,2.89215430007927e-10,2.92544085659467e-10,2.67697507783211e-10,3.564675864285e-10,3.24267587632807e-10,4.23055063798153e-10,2.80566747224049e-10,2.83711286186624e-10,2.67132294587372e-10,2.73455500408248e-10,3.14428173431431e-10,2.81064950508237e-10
2.39817814300892e-09,4.96841315695391e-09,1.14838373122041e-08,4.84226491736285e-09,9.59648710329299e-09,9.21099820707138e-09,4.1519650048045e-09,9.46322476335941e-09,4.65344102509453e-09,7.82230758150813e-09,7.83184963480373e-09,6.52519647129043e-09,7.86966713035445e-09,3.68748386368161e-09,2.230532522928e-09,6.4091681282365e-09,3.60578181051881e-09,5.74535346303899e-09,3.12122570721449e-09,1.82208693579947e-09,1.93352778533132e-09,2.96353974421818e-09,1.760775996674e-09,2.57555157012505e-09,1.58879874231698e-09,1.64081313245265e-09,1.06524927710182e-09,1.52802576079453e-09,1.85933985848359e-09,1.74338505605791e-09,1.4970429001198e-09,9.14337014387107e-10,7.55756279384041e-10,1.58438300247387e-09,1.12630297575992e-09,1.79434503405834e-09,7.50662768073354e-10,6.34793747154561e-10,5.36801690064585e-10,9.33015437178573e-10,6.83666368194003e-10,1.03430035750085e-09,6.24614335046601e-10,4.75068001323228e-10,3.84727822109935e-10,6.43101867124961e-10,5.75512245297931e-10,6.62806644629463e-10,1.22659817573254e-09,2.30631216658422e-09,5.3865722915755e-09,2.44981551889982e-09,3.74707935207251e-09,3.74140110981813e-09,1.9112125707383e-09,4.7316663236049e-09,3.09251877952453e-09,3.40646286948825e-09,4.78812398686003e-09,3.88008155906659e-09,4.64578715770246e-09,2.48797056719472e-09,9.43083850122252e-10,4.10552451409309e-09,2.02501418268067e-09,3.54044592528283e-09,2.03598676207342e-09,8.42641306763113e-10,1.07380923133018e-09,1.65372943015107e-09,9.26065925052819e-10,1.61370735256141e-09,6.97179033236296e-10,9.04584045075399e-10,8.64042025706737e-10,8.05863191637999e-10,1.04196405454554e-09,1.16017121282113e-09,8.03399181145335e-10,6.86372510674665e-10,4.82299614676575e-10,7.33918933150969e-10,8.81094184893456e-10,1.01845346812935e-09,5.42256332680986e-10,4.15886158539487e-10,3.79094277371209e-10,7.17940376435954e-10,4.63071288650492e-10,8.48606784326651e-10,4.08703615519614e-10,3.19894503697367e-10,2.254130334973e-10,3.80924092286491e-10,3.85755167330768e-10,4.20250576057424e-10
7.84684787619128e-09,8.47073248005351e-09,4.84226491736285e-09,1.23762337262866e-08,7.81641747899709e-09,1.13182263563665e-08,7.14495218767775e-09,4.02327589558678e-09,2.37881665212609e-09,6.64213468860219e-09,3.86698397254723e-09,5.82523800413137e-09,3.32446050086666e-09,1.96873402957647e-09,2.42846896811888e-09,3.20500260533187e-09,2.18899957506461e-09,3.17776529940535e-09,1.67121875069187e-09,1.9703005436367e-09,1.17393685800315e-09,1.71048421744977e-09,1.96923078134081e-09,1.60793569113225e-09,1.76701722596697e-09,1.07701362562064e-09,8.31342625254669e-10,1.79098471110847e-09,1.2750127191871e-09,2.05266156880043e-09,9.8256039256014e-10,7.48496751635717e-10,6.93689389449193e-10,1.12637312479531e-09,9.90504733826028e-10,1.4157399366906e-09,6.45146629391595e-10,6.14673843948266e-10,6.74385163361919e-10,8.62300455707526e-10,7.16028195764846e-10,1.11119403746842e-09,5.28107458847356e-10,5.80278407751759e-10,5.89585447577318e-10,6.06588846044761e-10,6.80904954331196e-10,6.44606962084061e-10,5.79370598739326e-09,4.8628076978508e-09,2.58979825187695e-09,7.88555959521291e-09,4.12385572167075e-09,7.25839985168541e-09,4.09798569758383e-09,2.00994957492476e-09,1.59517429922337e-09,3.40332946482628e-09,2.38547518642307e-09,3.67614957823528e-09,1.76505251714988e-09,1.36721848984976e-09,1.64876675840382e-09,1.98831985649372e-09,1.62400733786591e-09,2.07939339832246e-09,1.06400017756024e-09,1.24007226890482e-09,5.89757872230968e-10,1.12518998490427e-09,1.4981056934563e-09,1.07550412821197e-09,1.09416738353703e-09,5.45214602388818e-10,4.96863489458401e-10,1.33431651376156e-09,5.65460246165999e-10,1.45292300144382e-09,4.93278445314784e-10,4.22418767963817e-10,2.39971379017392e-10,4.38586987128288e-10,4.87063637590646e-10,7.56738562183057e-10,3.399578927138e-10,2.15862359203524e-10,3.24617236121649e-10,3.87356452674282e-10,4.00279411773101e-10,6.19468072561836e-10,2.70317427874934e-10,2.93665100250954e-10,3.27793751152716e-10,3.24938644069384e-10,3.55775043820697e-10,3.01858239126122e-10
5.30762960664134e-09,1.05122690596865e-08,9.59648710329299e-09,7.81641747899709e-09,1.69047115292336e-08,1.38518099873264e-08,9.07730957390286e-09,7.82212065813362e-09,4.30905643820832e-09,1.43420201467315e-08,6.44546819880796e-09,1.16992889630312e-08,6.39723558283534e-09,3.37588873730562e-09,2.17192834922639e-09,5.20075252260035e-09,3.27986070400447e-09,4.76372778001657e-09,2.85768672196825e-09,1.75888492603945e-09,2.04352195448646e-09,2.69066892489544e-09,1.73316906310485e-09,2.34133526038286e-09,1.45777118705993e-09,1.70225568742603e-09,1.15559759620717e-09,1.46136188977173e-09,1.89854054817746e-09,1.60922237962707e-09,1.55796739512391e-09,1.04538657265592e-09,9.14776115595126e-10,1.70257307365014e-09,1.32097413651427e-09,1.99661530208992e-09,9.09719007352911e-10,7.61626600414196e-10,8.21609864169242e-10,1.05929632149574e-09,8.24692275140284e-10,1.41287754212306e-09,7.52876248211562e-10,7.92222027620408e-10,8.63220761104637e-10,8.13238687488509e-10,1.00425400683763e-09,8.74203059994908e-10,3.36808167544826e-09,4.71512709915113e-09,3.77977161439953e-09,3.74249905124225e-09,7.52123188938314e-09,6.49809727875932e-09,4.1393804574943e-09,3.2440009372192e-09,2.9539872388965e-09,6.69109673873927e-09,3.88005022913622e-09,6.8870831340905e-09,3.43441725573219e-09,2.22171118086996e-09,7.6566200390761e-10,3.38911018868110e-09,1.86354055808623e-09,3.1398672385657e-09,1.78750543605452e-09,6.81685599215306e-10,9.69849603156698e-10,1.50684189099469e-09,1.078023152973e-09,1.47887262926251e-09,5.44646337906046e-10,8.03480941360528e-10,8.07312552206244e-10,9.27576333186713e-10,8.89765154807611e-10,1.33907225720857e-09,7.23983843063674e-10,7.15702710236132e-10,4.56617382171899e-10,7.31682106832896e-10,8.08651833600066e-10,1.16072825769158e-09,6.27154236502896e-10,3.92428589916098e-10,4.50314916669449e-10,7.83389587975724e-10,4.15952020083321e-10,9.73418022454454e-10,3.51849259438043e-10,4.53761066485873e-10,5.25552451620657e-10,3.6156327429024e-10,5.55388275331e-10,4.19823356332693e-10
8.21028623302117e-09,7.76070657106865e-09,9.21099820707138e-09,1.13182263563665e-08,1.38518099873264e-08,1.80813025115168e-08,6.58979273728691e-09,7.42295853656125e-09,4.29239743946644e-09,1.15839632277628e-08,6.26778797568421e-09,9.26980403357334e-09,6.07745785725065e-09,3.40305019119522e-09,2.32872494931949e-09,5.05702086368307e-09,3.34618743790105e-09,4.54994563507593e-09,2.92495835442761e-09,1.85352569580955e-09,2.23234383396764e-09,2.7007665703845e-09,1.82763354744812e-09,2.34885078447183e-09,1.58017787370855e-09,1.92450940545789e-09,1.31595497267004e-09,1.58661492553509e-09,2.08408150083101e-09,1.70328279630517e-09,1.7638873905723e-09,1.19707945642829e-09,9.38613450488905e-10,1.8736707686042e-09,1.51994816764753e-09,2.29986792044263e-09,1.02707012781595e-09,7.9565997402212e-10,8.97841897297317e-10,1.26499267675521e-09,9.01409436640722e-10,1.67138887439321e-09,7.45926117394563e-10,8.36685074666312e-10,9.59155339724923e-10,8.37434262423808e-10,1.06899697167847e-09,9.21652282890271e-10,5.8582042044157e-09,3.10123547485448e-09,3.72900417490688e-09,6.25795938939023e-09,5.82980494901877e-09,9.72221911117129e-09,2.64961270601481e-09,3.28201577438265e-09,2.77302930835146e-09,5.32630517467413e-09,3.85106136582036e-09,5.80284324868818e-09,3.21758369532075e-09,2.13371916196518e-09,1.13284953231674e-09,3.25499185561115e-09,2.06481784327013e-09,2.96423587743499e-09,1.71341674244466e-09,9.3151141930013e-10,1.08622566971546e-09,1.55127010782058e-09,1.28091600929662e-09,1.54362984842094e-09,8.021034242316e-10,9.6892636520995e-10,8.68135322348945e-10,1.14549858158787e-09,8.7173242052469e-10,1.47520963038156e-09,8.95304594704992e-10,7.80340564078835e-10,3.61363961293264e-10,7.34406257755953e-10,1.0260408450201e-09,1.39696844211034e-09,7.19138781929979e-10,3.65972493478459e-10,5.05822347176192e-10,9.25405627493679e-10,4.87812885033474e-10,1.17488627402592e-09,3.41221805049277e-10,4.57623763344695e-10,5.98813770332916e-10,3.88840959156121e-10,5.89972518612399e-10,4.08753138536462e-10
4.13016950843989e-09,9.8812934080251e-09,4.1519650048045e-09,7.14495218767775e-09,9.07730957390286e-09,6.58979273728691e-09,1.1304315845398e-08,4.63239908273534e-09,2.58979940556384e-09,1.00925165087023e-08,4.42277161650005e-09,9.10977314663024e-09,3.87231966497323e-09,2.15111772013301e-09,2.53280348088469e-09,3.71781212919787e-09,2.34762549412633e-09,3.73144237994756e-09,1.71663261263488e-09,2.01745562338147e-09,1.23656394343367e-09,1.79903931747779e-09,2.13360222201639e-09,1.72795723360716e-09,1.71120358105448e-09,1.00534942234696e-09,7.87159976341772e-10,1.79668259599158e-09,1.22963077630044e-09,2.04622220830296e-09,9.0991113750233e-10,7.03673207966659e-10,6.94523282380421e-10,1.08664139023992e-09,8.73522978214134e-10,1.23042114975148e-09,5.99154075774853e-10,5.97613597241823e-10,5.90216690634712e-10,7.30225512875004e-10,6.51154021564819e-10,9.29866968068412e-10,5.53227287674976e-10,5.32769926545911e-10,4.7519667844762e-10,5.88480225805375e-10,6.03655694214996e-10,5.77179578451741e-10,2.99675216143117e-09,5.62170285303931e-09,1.78834862808447e-09,4.31192034344316e-09,4.66312822810409e-09,3.98843151345352e-09,6.6962961557819e-09,2.20176749753375e-09,2.06705007593459e-09,5.5308928403921e-09,2.78890362150147e-09,5.43548840768746e-09,2.15997961849575e-09,1.74660039563379e-09,1.51900312165988e-09,2.48501538090761e-09,1.53105267326913e-09,2.45714596183714e-09,1.27149275976358e-09,1.2121255256439e-09,5.69015265882648e-10,1.21684747406263e-09,1.62172207025796e-09,1.18205686980688e-09,9.50947077563239e-10,4.799937998942e-10,4.33423432797571e-10,1.32760108023977e-09,5.65172566524852e-10,1.50357653244718e-09,4.06281837861548e-10,3.57269727565303e-10,3.90072604568579e-10,4.3343589509729e-10,3.91593218928156e-10,6.57175600907182e-10,2.60849166516016e-10,3.29144020802129e-10,3.29398869233724e-10,3.41473892727748e-10,3.80050767408422e-10,4.19045383429297e-10,3.21972304998554e-10,3.46415963148006e-10,2.69364410914894e-10,3.42700664445294e-10,3.29715468414425e-10,3.47449432432317e-10
2.08854278565617e-09,4.15149645494147e-09,9.46322476335941e-09,4.02327589558678e-09,7.82212065813362e-09,7.42295853656125e-09,4.63239908273534e-09,1.09155507420519e-08,5.14353896687384e-09,8.89185409081339e-09,8.9828262194372e-09,7.34279402624311e-09,8.7700031639206e-09,4.04232806678454e-09,2.53080929763402e-09,7.265444415541e-09,3.96133656010232e-09,6.56397993968142e-09,3.38551555659493e-09,2.04965071200569e-09,2.04261822689062e-09,3.21074429947302e-09,1.98569443623974e-09,2.83880552336969e-09,1.74698404814471e-09,1.69629210330728e-09,1.1202289222965e-09,1.68602411825968e-09,1.94480587943324e-09,1.87130512506809e-09,1.54565639209115e-09,9.69047102540602e-10,8.01903299492644e-10,1.66862814682874e-09,1.19691924248872e-09,1.88853181420416e-09,8.08770856466233e-10,6.83314110863231e-10,5.88162989982143e-10,1.00839347153512e-09,7.53341481086759e-10,1.11982405858652e-09,6.30623802690012e-10,5.14379344107011e-10,3.85949696358679e-10,6.671570802892e-10,6.01493162728944e-10,7.06938359127795e-10,1.0648647552024e-09,1.91089632547965e-09,4.73096502340757e-09,2.06944067552766e-09,3.40590964116407e-09,3.39621219658067e-09,2.37934776210326e-09,4.51765604108933e-09,4.03757539110402e-09,2.97258123270583e-09,5.63098160712566e-09,4.5638023352497e-09,5.27875020398206e-09,2.98734050003663e-09,1.18758522998002e-09,4.68042245788437e-09,2.46211114726651e-09,4.14106966684015e-09,2.39140498373379e-09,9.72480605697175e-10,1.14536234389963e-09,1.92775918302583e-09,1.07879400860736e-09,1.95077024114779e-09,7.70392108164366e-10,9.84884094382468e-10,8.55836593594086e-10,9.52466891837028e-10,1.06973714611045e-09,1.24951839614599e-09,8.66296253839745e-10,6.71320378693177e-10,4.90968517129478e-10,7.7682956368568e-10,8.72307513802629e-10,1.06216345202422e-09,5.31362489300427e-10,4.24284005568195e-10,4.53181011281727e-10,7.11840207126495e-10,5.38693669512663e-10,8.9977933170009e-10,4.027871609733e-10,3.69787832630338e-10,2.23273750252415e-10,4.50404868865401e-10,3.76027718405331e-10,4.63394348525529e-10
1.83746532080605e-09,2.33245735589226e-09,4.65344102509453e-09,2.37881665212609e-09,4.30905643820832e-09,4.29239743946644e-09,2.58979940556384e-09,5.14353896687384e-09,1.08207549102783e-08,4.84636476808950e-09,9.09568719723366e-09,8.49228044242705e-09,4.04318140020579e-09,8.82335006428804e-09,4.18224660582931e-09,7.26732823074636e-09,7.24561555410682e-09,5.94637805392781e-09,7.27583747408596e-09,3.4734325426417e-09,1.92881687171585e-09,5.98339906900145e-09,3.25665163981207e-09,5.47004408369662e-09,2.96074951964233e-09,1.65057164719053e-09,1.82185799068269e-09,2.79300315094995e-09,1.69499881839147e-09,2.67247350019914e-09,1.47093703552853e-09,1.66727661664382e-09,9.54308145648064e-10,1.50441017860089e-09,1.97255009738407e-09,1.63530196791877e-09,1.49772746371513e-09,8.08988371033097e-10,6.6970877536688e-10,1.71246606745148e-09,8.98345690101101e-10,1.79751695765356e-09,6.93526682768894e-10,5.69985574338471e-10,4.64451415101514e-10,7.59621687125294e-10,6.5989904499847e-10,7.84804259930546e-10,9.17930206892076e-10,7.44156878687489e-10,2.25480543393967e-09,6.22456755088489e-10,2.00276249605966e-09,2.2865258190923e-09,9.70395082032762e-10,2.2952972010135e-09,6.2391486356546e-09,2.11652940719206e-09,4.80483184826265e-09,4.5199823333139e-09,2.55042940447512e-09,5.38127790637615e-09,2.55310566273466e-09,3.999115479702e-09,4.51912998263416e-09,3.34852117666229e-09,4.28982712052029e-09,2.19211981369109e-09,1.24038187092158e-09,3.6575552209454e-09,2.16992765041919e-09,3.36658075349279e-09,1.81363891356885e-09,9.66406622140852e-10,1.03726935528787e-09,1.80660729590309e-09,8.7153656982345e-10,1.63750846034968e-09,8.54321023712965e-10,9.4007127034726e-10,7.43876024349415e-10,7.17084046474471e-10,1.21567880365779e-09,9.74608739423217e-10,7.69030885565226e-10,6.58016219062092e-10,6.0737637812591e-10,1.10360732118813e-09,7.64831848691407e-10,1.09157853593689e-09,5.66096952026784e-10,5.15572685265499e-10,3.89021818794472e-10,6.32408393927708e-10,5.82615464152552e-10,6.91758932777304e-10
4.64479754859917e-09,9.07687108257105e-09,7.82230758150813e-09,6.64213468860219e-09,1.43420201467315e-08,1.15839632277628e-08,1.00925165087023e-08,8.89185409081339e-09,4.84636476808950e-09,1.58874835669399e-08,7.33736290399397e-09,1.29693340343646e-08,7.07414245573182e-09,3.80212357569809e-09,2.54590792373444e-09,5.88323883235501e-09,3.73695327829353e-09,5.48179140077786e-09,3.15103276776927e-09,2.0320238327571e-09,2.20237600025367e-09,2.99813253038494e-09,2.02210494268783e-09,2.66400285881414e-09,1.65222687593419e-09,1.78650310122465e-09,1.22313472824489e-09,1.65395676648046e-09,2.00977358709524e-09,1.77343655107661e-09,1.62494259910563e-09,1.10826874086e-09,9.84776054473173e-10,1.80099931453743e-09,1.40327762042689e-09,2.11195947665554e-09,9.73925494385394e-10,8.32777206902937e-10,8.78216484144435e-10,1.14652271843086e-09,9.03917120340138e-10,1.49082272954868e-09,7.85648323272077e-10,8.28223888291641e-10,8.32599484204378e-10,8.43141111253479e-10,1.01668983042849e-09,9.15598886821921e-10,3.13584287677099e-09,4.13913087887675e-09,3.24315753707494e-09,3.38361781880714e-09,6.69046535351429e-09,5.91857647995001e-09,4.9063897291501e-09,3.07640099560999e-09,3.82883562572423e-09,6.72805771560777e-09,4.67137199686215e-09,7.87625780426986e-09,3.91602467396025e-09,2.74203234139748e-09,1.03588013474656e-09,3.93776519100633e-09,2.36102855131761e-09,3.58296773229452e-09,2.16853042230133e-09,8.21410854046826e-10,1.06246052718351e-09,1.83855853287373e-09,1.28689967260109e-09,1.88666471097893e-09,6.06975084812456e-10,8.93406514328701e-10,7.93992964722263e-10,1.08686887787115e-09,9.0444272996779e-10,1.44659713164659e-09,7.84347193482243e-10,6.9462304760032e-10,4.90728831893186e-10,7.57549973131394e-10,7.88796573381276e-10,1.15987190571484e-09,6.08453167660384e-10,4.20533390464869e-10,5.20161630196487e-10,7.53937552304297e-10,5.21763085991885e-10,1.00833020846528e-09,3.81619748134298e-10,4.98540003175311e-10,5.0368532225489e-10,4.61549071996698e-10,5.22438264672303e-10,4.86404507176087e-10
2.04725505076523e-09,3.91621778213881e-09,7.83184963480373e-09,3.86698397254723e-09,6.44546819880796e-09,6.26778797568421e-09,4.42277161650005e-09,8.9828262194372e-09,9.09568719723366e-09,7.33736290399397e-09,1.37640675147426e-08,1.15604668492114e-08,7.266040476498e-09,7.26679927455455e-09,3.89057961709796e-09,1.12254182320345e-08,6.06288524055466e-09,9.50860743682488e-09,6.00012077002053e-09,3.13160411904215e-09,1.93235601205005e-09,4.90872166437283e-09,2.87872431101794e-09,4.41893168685465e-09,2.63767681306915e-09,1.63230964092151e-09,1.92248567276911e-09,2.42882586673611e-09,1.77553312918033e-09,2.40810264173353e-09,1.45945696663353e-09,1.72490825369881e-09,1.03787272041736e-09,1.54106066584815e-09,2.05432760436244e-09,1.74557456493501e-09,1.54636287106025e-09,9.16066985067071e-10,8.12393097750886e-10,1.81686553107031e-09,1.06479224350809e-09,1.96487619679581e-09,8.28260917729434e-10,6.8889329266511e-10,5.03325924882979e-10,8.89725514987201e-10,8.06637570797801e-10,9.475811600821e-10,1.04995672275788e-09,1.48824826857884e-09,4.06508048751323e-09,1.65903751172831e-09,3.16723170196216e-09,3.38957639466843e-09,1.86575265703581e-09,4.1606177580379e-09,5.9685789452894e-09,3.20814123803375e-09,7.91369287606748e-09,6.65937225006093e-09,4.49900826546236e-09,5.01299816293606e-09,2.4001277398111e-09,6.59332466827012e-09,4.35195866962162e-09,5.83441698079813e-09,4.06375072020239e-09,1.86874608098078e-09,1.30702637499863e-09,3.44657299766083e-09,1.87655873214843e-09,3.12271893768495e-09,1.4786522176121e-09,1.02001229963245e-09,1.15005259127645e-09,1.50450489879984e-09,9.69982296435593e-10,1.50620484800611e-09,8.97938753564459e-10,9.79113081432918e-10,7.36102892203981e-10,7.41080780811388e-10,1.16399152382108e-09,1.00803144408741e-09,7.72868998974561e-10,6.67014924992321e-10,7.71461640354706e-10,1.0144600137514e-09,8.89042647222043e-10,1.19710422280742e-09,6.11578120118998e-10,6.34515728085412e-10,3.70481380367816e-10,7.06069690321231e-10,6.03863678149004e-10,7.0128106401014e-10
3.91264420586722e-09,8.12037548414676e-09,6.52519647129043e-09,5.82523800413137e-09,1.16992889630312e-08,9.26980403357334e-09,9.10977314663024e-09,7.34279402624311e-09,8.49228044242705e-09,1.29693340343646e-08,1.15604668492114e-08,1.74563357287093e-08,5.89357226052983e-09,6.80079397179082e-09,3.88313451748385e-09,9.4163705385292e-09,5.65684828275617e-09,8.00697951881976e-09,5.60730329273658e-09,3.10333399499116e-09,2.12662177811422e-09,4.5260542657721e-09,2.9276826634942e-09,4.10950071303742e-09,2.54665326550409e-09,1.75733944766449e-09,2.12266492871618e-09,2.41294680544926e-09,1.91977974286196e-09,2.36703491760865e-09,1.60153398840701e-09,1.93361329642169e-09,1.16368739942999e-09,1.74318201451782e-09,2.20257890658879e-09,1.97898149989178e-09,1.74300908326034e-09,1.03984574654785e-09,1.04313614994102e-09,1.98607345141515e-09,1.22905271095242e-09,2.33217337761652e-09,9.52088646026454e-10,9.17741328651091e-10,7.70086740235569e-10,1.04199157558812e-09,1.103432110025e-09,1.12742483048656e-09,2.65094990788221e-09,3.61506498248908e-09,2.71319050871577e-09,2.85165996310659e-09,5.75166087116875e-09,5.12034379184624e-09,4.26182773167643e-09,2.83750616119562e-09,5.73829372055443e-09,6.29853655226363e-09,6.6243435797575e-09,1.02134021957911e-08,3.27424747238388e-09,4.68245799677882e-09,2.28396046068837e-09,5.58890531957865e-09,3.87075028760117e-09,4.7895099268199e-09,3.78101396550039e-09,1.79442479959027e-09,1.29065025814159e-09,3.06118798408835e-09,2.0185990574916e-09,2.83741690322889e-09,1.35634999343132e-09,1.02446224705311e-09,1.20713471564275e-09,1.57528082215344e-09,9.53763598244678e-10,1.62052923486408e-09,9.18293450048077e-10,1.07259957807639e-09,7.8848946779995e-10,8.19387210691123e-10,1.33183531464645e-09,1.21247186536859e-09,8.87622800719867e-10,7.45382909221649e-10,8.89156640139023e-10,1.15857856954091e-09,9.90265741055744e-10,1.39606208047493e-09,6.62107304421301e-10,7.39079535160857e-10,5.34128458320844e-10,7.67259894107404e-10,7.6034683843881e-10,8.15812797575134e-10
1.80090398863121e-09,3.42430101754097e-09,7.86966713035445e-09,3.32446050086666e-09,6.39723558283534e-09,6.07745785725065e-09,3.87231966497323e-09,8.7700031639206e-09,4.04318140020579e-09,7.07414245573182e-09,7.266040476498e-09,5.89357226052983e-09,1.13086583091287e-08,5.2976154341998e-09,3.16852978338996e-09,9.41108466915536e-09,5.02780044526873e-09,8.31287539623905e-09,4.4520749639696e-09,2.57791579871101e-09,2.55997268773471e-09,4.10416374391683e-09,2.52333203149706e-09,3.68140172624161e-09,2.17288811763429e-09,2.10335132909645e-09,1.46552421830336e-09,2.12674509432229e-09,2.40292420828771e-09,2.32847950924952e-09,1.90495282640799e-09,1.28366542619284e-09,9.77506955884941e-10,2.07586804964276e-09,1.544512831877e-09,2.33849926277043e-09,1.08665766927079e-09,8.42168567346221e-10,6.90799993831653e-10,1.32257346618501e-09,9.56808196481638e-10,1.50871153741756e-09,7.79011193892354e-10,5.89295805850104e-10,4.42353079245496e-10,8.36476113803423e-10,6.95554712362087e-10,8.9501248531426e-10,1.01837172821283e-09,1.97339924921096e-09,4.64218683759034e-09,1.98646642355687e-09,3.59103638080988e-09,3.33298176527501e-09,2.33905833966328e-09,5.27698954858609e-09,2.98724627990224e-09,4.20109242873833e-09,4.67974396561276e-09,4.07069426838607e-09,6.41628528982178e-09,3.82029877845584e-09,1.46943079441581e-09,5.7965577137686e-09,3.20737494192567e-09,4.8203577734122e-09,3.07895731785228e-09,1.17699319470524e-09,1.30661686758257e-09,2.48441976660693e-09,1.38586285893437e-09,2.48940823614948e-09,9.26221520556379e-10,1.11434150084518e-09,1.14412372639194e-09,1.22033223915992e-09,1.36309568491136e-09,1.64287126171884e-09,9.6991120198656e-10,9.4698718681566e-10,5.33743467197873e-10,1.06072529698448e-09,1.05740973979018e-09,1.23972215771564e-09,7.86852544223639e-10,4.80798443412377e-10,4.89730994471631e-10,8.9490818629713e-10,5.88423540835154e-10,1.13071622401696e-09,4.7382497309583e-10,3.97807041185147e-10,2.95927448738211e-10,4.96395967121777e-10,4.53258030171226e-10,5.58457899410174e-10
1.60665775832477e-09,1.90877416349686e-09,3.68748386368161e-09,1.96873402957647e-09,3.37588873730562e-09,3.40305019119522e-09,2.15111772013301e-09,4.04232806678454e-09,8.82335006428804e-09,3.80212357569809e-09,7.26679927455455e-09,6.80079397179082e-09,5.2976154341998e-09,1.10592914946466e-08,5.13261794309145e-09,9.21748603548346e-09,8.95445234596376e-09,7.47822111404716e-09,9.15674256629216e-09,4.18333996982414e-09,2.3755186118348e-09,7.34705921088725e-09,3.97617367742507e-09,6.7362369064236e-09,3.5230911744686e-09,2.0140311362666e-09,2.30280988017099e-09,3.3630782442528e-09,2.09659438366066e-09,3.26411097038061e-09,1.78916040197209e-09,2.09222104828118e-09,1.24647108209446e-09,1.83996413607567e-09,2.35051192344841e-09,2.00971205347142e-09,1.78081987803796e-09,1.05407260519088e-09,7.8136219653125e-10,1.98426993237031e-09,1.07329506992156e-09,2.17073684938838e-09,9.27638161606341e-10,6.68084394342206e-10,5.64156101032299e-10,9.2112280523528e-10,7.83000890526069e-10,9.41133394695835e-10,8.89742552808388e-10,7.30502576980522e-10,2.31215680477467e-09,5.79285202283893e-10,2.21801611477915e-09,2.24941004839274e-09,9.05634306269047e-10,2.54850102873222e-09,5.38062199015207e-09,2.52483488187926e-09,3.99783954172155e-09,4.11730051562627e-09,3.24258919726037e-09,6.74845585626777e-09,2.97657041265244e-09,4.91888325701841e-09,5.78483362965447e-09,4.06563332555331e-09,5.4031901343081e-09,2.48293919690015e-09,1.26500406953609e-09,4.56302702098411e-09,2.36316976810352e-09,4.0442101707211e-09,2.02157238558679e-09,1.06755641170709e-09,1.11442295003164e-09,1.98659604443601e-09,1.00373138432238e-09,2.00515847178781e-09,9.11580511305077e-10,9.94822013826572e-10,8.67353855548257e-10,8.48167897639558e-10,1.55040303713158e-09,1.20596694003693e-09,9.23810162345969e-10,6.86207193054794e-10,5.98898250167064e-10,1.28260366672516e-09,8.06738621938117e-10,1.29173914233217e-09,6.34540795934154e-10,5.22777383806936e-10,4.30070100294484e-10,6.45938086815853e-10,6.44128361273246e-10,6.93299747256637e-10
1.36458738649412e-09,2.08583553310048e-09,2.230532522928e-09,2.42846896811888e-09,2.17192834922639e-09,2.32872494931949e-09,2.53280348088469e-09,2.53080929763402e-09,4.18224660582931e-09,2.54590792373444e-09,3.89057961709796e-09,3.88313451748385e-09,3.16852978338996e-09,5.13261794309145e-09,1.11126244622955e-08,4.83326166003083e-09,8.66336175519584e-09,7.45296914653096e-09,4.18396880678942e-09,8.81668778593317e-09,4.12109373990234e-09,6.69831871425347e-09,7.45326702797412e-09,5.53412170329972e-09,7.34240505337691e-09,3.36407969635098e-09,1.78830228548564e-09,6.13503925651884e-09,3.28897193275381e-09,5.91218825390941e-09,2.98958755577769e-09,1.55448580080925e-09,1.63576869534996e-09,2.83367730370985e-09,1.80310380912234e-09,3.00088110791321e-09,1.39249622988861e-09,1.49466975330249e-09,8.06243265253385e-10,1.60648709302976e-09,1.54722081481296e-09,1.79320002072272e-09,1.35290990668271e-09,6.49155242364286e-10,5.48633209335395e-10,1.29832237898222e-09,7.61869984050898e-10,1.33589379088994e-09,1.00011895735726e-09,1.24963101460197e-09,1.02479881887274e-09,1.5237660341986e-09,1.13808417656524e-09,1.1329698919557e-09,1.42372773513586e-09,1.26266526308861e-09,2.49125950920111e-09,1.35049457624697e-09,2.33335046594198e-09,2.56666556912167e-09,1.63229107569038e-09,3.17957041634381e-09,6.36132915967208e-09,2.74026816481458e-09,5.44440860453466e-09,4.20215054609288e-09,2.48985615757456e-09,5.02801483763154e-09,2.32163050048464e-09,3.78416852986156e-09,4.60150368969842e-09,3.18627096290942e-09,4.10362978312665e-09,1.96952378550139e-09,1.10907410938363e-09,3.78742811408545e-09,2.13600958822386e-09,3.76704136962648e-09,1.73478861060682e-09,9.48907963004846e-10,1.00701030844469e-09,1.75114265828963e-09,1.18435875811863e-09,1.86411587245214e-09,8.43146074384088e-10,8.80084314254676e-10,7.15701306046011e-10,1.0081622506503e-09,9.74934012982779e-10,1.09802718166091e-09,7.80645927558284e-10,5.64431485900268e-10,4.4403912216986e-10,7.82884532431708e-10,6.93863911505973e-10,8.92016138233197e-10
1.75614772002052e-09,3.24952011532698e-09,6.4091681282365e-09,3.20500260533187e-09,5.20075252260035e-09,5.05702086368307e-09,3.71781212919787e-09,7.265444415541e-09,7.26732823074636e-09,5.88323883235501e-09,1.12254182320345e-08,9.4163705385292e-09,9.41108466915536e-09,9.21748603548346e-09,4.83326166003083e-09,1.43450366715329e-08,7.67590925503129e-09,1.19086963528667e-08,7.59394998722264e-09,3.82971196246512e-09,2.42808689516626e-09,6.13423998919709e-09,3.59738773573832e-09,5.55598069413312e-09,3.19950221793592e-09,2.0365918364947e-09,2.44696551359267e-09,3.01150179834979e-09,2.23575776248575e-09,3.02019042817697e-09,1.82371301726892e-09,2.19376547348859e-09,1.34194624187128e-09,1.94431113064985e-09,2.49370767933969e-09,2.16513283688901e-09,1.84550134746541e-09,1.17955680247918e-09,9.38314832038765e-10,2.13253696577188e-09,1.32046934798466e-09,2.37778098007387e-09,1.0725979811354e-09,7.87016489327266e-10,5.85885809668359e-10,1.11939251859809e-09,9.18553221565364e-10,1.15976972500241e-09,1.03836695767685e-09,1.38967748898012e-09,3.97960558594123e-09,1.55114713529445e-09,3.27860644281466e-09,3.30965601800162e-09,1.68063696782451e-09,4.49656989962315e-09,5.01248159536149e-09,3.76511911112193e-09,6.59201283695799e-09,5.96592564501886e-09,5.47691578481251e-09,6.12965181071427e-09,2.92050434209773e-09,8.17953152500497e-09,5.546857656914e-09,7.07530578845134e-09,4.91397972699061e-09,2.22201454307696e-09,1.36325349439599e-09,4.18735988149515e-09,2.19725154989508e-09,3.76906959947946e-09,1.77185700648416e-09,1.11392272781007e-09,1.17669361169327e-09,1.79070506601632e-09,1.15505249096094e-09,1.95705882521353e-09,9.79905553053673e-10,1.01307689021188e-09,9.25740046120833e-10,9.43394666508424e-10,1.49035933991086e-09,1.32525239086334e-09,9.48214544714634e-10,7.16429857831304e-10,7.89581101444643e-10,1.14785843160459e-09,9.61767039711316e-10,1.37646217923366e-09,6.85467603997798e-10,6.65337705276345e-10,4.0928611257971e-10,7.64269334579257e-10,6.72977687009118e-10,7.52810845372109e-10
1.9838013198772e-09,1.96453770824931e-09,3.60578181051881e-09,2.18899957506461e-09,3.27986070400447e-09,3.34618743790105e-09,2.34762549412633e-09,3.96133656010232e-09,7.24561555410682e-09,3.73695327829353e-09,6.06288524055466e-09,5.65684828275617e-09,5.02780044526873e-09,8.95445234596376e-09,8.66336175519584e-09,7.67590925503129e-09,1.35877753338066e-08,1.11023818013628e-08,7.34770850572268e-09,6.69811245103051e-09,3.45675225813934e-09,1.06736300799005e-08,5.54706843942186e-09,8.88852176321045e-09,5.63374363936945e-09,2.84165601733944e-09,1.54783710329304e-09,4.63959798868775e-09,2.68081624263067e-09,4.33523005358811e-09,2.48210099517324e-09,1.3386641842796e-09,1.86627070616621e-09,2.2857985351446e-09,1.71408066536665e-09,2.52638301327503e-09,1.14147659112886e-09,1.64032498768773e-09,8.79652667907524e-10,1.48141401550578e-09,1.72262969187625e-09,1.58353106432499e-09,1.45507836686817e-09,7.13693500005695e-10,6.20952675076079e-10,1.47131044512931e-09,8.23520416352205e-10,1.5197803270224e-09,1.65206462402735e-09,9.70031114766707e-10,2.15725923685529e-09,1.180806435402e-09,1.96149559382285e-09,2.15575767458524e-09,1.04973909302819e-09,2.29665213455843e-09,4.62969711497119e-09,2.19313491832388e-09,3.60611768416572e-09,3.65272100505945e-09,3.04698290746568e-09,5.69313581934671e-09,5.47267258786721e-09,4.38902869664685e-09,8.28770196862459e-09,5.85609942253877e-09,4.47511475541974e-09,4.21976757656072e-09,1.8663715100339e-09,6.0898571469847e-09,3.6048712057818e-09,5.27072829367855e-09,3.38522890011906e-09,1.59002646122285e-09,9.46404240445798e-10,2.96605480847544e-09,1.50668569489673e-09,2.8246841677549e-09,1.35422620955635e-09,8.15781643924897e-10,1.11324867662693e-09,1.2216104762726e-09,1.10016029522264e-09,1.46032941029102e-09,6.63620787219902e-10,9.72906752383482e-10,7.79136504106144e-10,8.95431192201314e-10,1.10751813522504e-09,9.55564691622955e-10,8.83422370298697e-10,6.28191916698857e-10,5.56712732554879e-10,9.32198507760371e-10,7.21580244242086e-10,1.01939554366188e-09
1.9375074632761e-09,3.17009281693019e-09,5.74535346303899e-09,3.17776529940535e-09,4.76372778001657e-09,4.54994563507593e-09,3.73144237994756e-09,6.56397993968142e-09,5.94637805392781e-09,5.48179140077786e-09,9.50860743682488e-09,8.00697951881976e-09,8.31287539623905e-09,7.47822111404716e-09,7.45296914653096e-09,1.19086963528667e-08,1.11023818013628e-08,1.61656710046564e-08,6.03582380669133e-09,5.79363861567425e-09,3.10378319159726e-09,8.68393327582011e-09,4.73682989247326e-09,7.21083052101657e-09,4.79624445072751e-09,2.49660130879396e-09,1.52701257301078e-09,3.87028673241347e-09,2.47491253979289e-09,3.65210274453175e-09,2.17995225948151e-09,1.32640998121655e-09,1.84459414729363e-09,2.14986316257934e-09,1.665413679998e-09,2.40889219507284e-09,1.13722492341942e-09,1.66456948297978e-09,1.0374350390249e-09,1.45343831140216e-09,1.81304200853437e-09,1.6608350464997e-09,1.50510557458441e-09,8.66983172923744e-10,7.07658772441889e-10,1.5495587840237e-09,1.00168893459711e-09,1.60491753148843e-09,1.29603874578628e-09,1.51889657261389e-09,3.68873575109092e-09,1.63117571694633e-09,2.99871474305566e-09,3.03858853413304e-09,1.55593885654609e-09,3.98849292881318e-09,4.48610623827937e-09,3.32164722973899e-09,5.97057163633636e-09,5.37584627654484e-09,4.78859535242156e-09,5.392750694998e-09,4.83317151642471e-09,7.00501785686175e-09,7.35014772491516e-09,9.26256804011797e-09,4.16741851061101e-09,3.71574488532232e-09,1.58696008443969e-09,5.36510504696293e-09,3.20523806792357e-09,4.50035842497139e-09,2.88803939037892e-09,1.29232969618074e-09,9.15134158375045e-10,2.48628394777199e-09,1.28625125246562e-09,2.41409603912231e-09,1.10400594757475e-09,8.4451862125318e-10,9.2418029472381e-10,1.10135408709625e-09,1.02778218726763e-09,1.2613542939674e-09,7.18119488013857e-10,7.72891091146062e-10,9.50864112765054e-10,8.36983790512521e-10,1.06389150934607e-09,1.08035002126746e-09,7.01168909878516e-10,7.75389616967446e-10,5.83832289654226e-10,8.604428990798e-10,7.74315251934289e-10,9.05566262566329e-10
1.38233105027194e-09,1.60277856334422e-09,3.12122570721449e-09,1.67121875069187e-09,2.85768672196825e-09,2.92495835442761e-09,1.71663261263488e-09,3.38551555659493e-09,7.27583747408596e-09,3.15103276776927e-09,6.00012077002053e-09,5.60730329273658e-09,4.4520749639696e-09,9.15674256629216e-09,4.18396880678942e-09,7.59394998722264e-09,7.34770850572268e-09,6.03582380669133e-09,1.16048881934388e-08,5.49593169118411e-09,2.97112844189179e-09,9.61181804341726e-09,5.25238556765741e-09,8.8461004031493e-09,4.5221381268705e-09,2.49488507386204e-09,2.65169041757116e-09,4.3330477856665e-09,2.61779102398686e-09,4.25040919004008e-09,2.23197650774573e-09,2.38139154356125e-09,1.36832934091332e-09,2.29548322160278e-09,2.70115368015376e-09,2.4475371422659e-09,2.04413810581167e-09,1.16048554093504e-09,8.7841846235192e-10,2.30622203820897e-09,1.22966174212008e-09,2.51959796100827e-09,1.02365844528083e-09,7.45970889065059e-10,6.44780506403274e-10,1.04716544502382e-09,8.47250370697232e-10,1.07037194182207e-09,7.70439743642201e-10,6.40910181834882e-10,1.90193684477477e-09,5.09300323118527e-10,1.89133452707277e-09,1.94993152980922e-09,7.30973441180097e-10,2.09553246861405e-09,4.28893007936001e-09,2.10564826634748e-09,3.27796222970634e-09,3.28987908957258e-09,2.71301459292721e-09,5.40348479070221e-09,2.48378846416731e-09,4.11407893149228e-09,4.56422511509271e-09,3.35319877647961e-09,5.6843116582951e-09,2.40775678098869e-09,1.74507015294117e-09,4.61989621903906e-09,2.64633831639375e-09,4.3857495394541e-09,2.15498467221179e-09,1.44026449027486e-09,1.4427515175244e-09,2.24677633953686e-09,1.55520571208328e-09,2.47997670669706e-09,1.23279628286632e-09,1.15010040356268e-09,9.35628360941695e-10,1.18274924145309e-09,1.67438173823584e-09,1.38127608241531e-09,1.05213791984788e-09,7.27603403920464e-10,7.41188500913683e-10,1.3564223656077e-09,1.03787244050142e-09,1.5978488156341e-09,6.61128888044761e-10,5.70410943534889e-10,4.66273277317703e-10,7.69338188779711e-10,6.65092381622478e-10,7.7840371545301e-10
